2016-04-08
2014-09-29,节能风电,sh601016,电力,未知位置,3.12,2.6,2.6,3.12,2.17,397360,1237059.0,0.0022,1.9903,28.4275,0.99834216,5.546736E8,5.5466736E9,0.2396,0.2
2014-09-30,节能风电,sh601016,电力,未知位置,3.43,3.43,3.43,3.43,3.12,182200,624946.0,0.001,1.9654,36.3415,0.99834216,6.097854E8,6.0977854E9,0.0,0.0
2014-10-08,节能风电,sh601016,电力,未知位置,3.77,3.77,3.77,3.77,3.43,142200,536094.0,8.0E-4,2.1602,39.9439,0.99834216,6.702306E8,6.7022306E9,0.0,0.0
2014-10-09,节能风电,sh601016,电力,未知位置,4.15,4.15,4.15,4.15,3.77,203149,843068.0,0.0011,2.378,43.97,0.99834216,7.37787E8,7.377787E9,0.0,0.0
2014-10-10,节能风电,sh601016,电力,未知位置,4.57,4.57,4.57,4.57,4.15,622300,2843911.0,0.0035,2.6186,48.42,0.99834216,8.124546E8,8.1244546E9,0.0,0.0
2014-10-13,节能风电,sh601016,电力,未知位置,5.03,5.03,5.03,5.03,4.57,1068920,5376668.0,0.006,2.8822,53.2938,0.99834216,8.942334E8,8.9422334E9,0.0,0.0
2014-10-14,节能风电,sh601016,电力,未知位置,5.53,5.53,5.53,5.53,5.03,1291380,7141331.0,0.0073,3.1687,58.5914,0.99834216,9.831234E8,9.8311234E9,0.0,0.0
2014-10-15,节能风电,sh601016,电力,未知位置,6.08,6.08,6.08,6.08,5.53,1222961,7435603.0,0.0069,3.4839,64.4188,0.99834216,1.0809024E9,1.08089024E10,0.0,0.0
2014-10-16,节能风电,sh601016,电力,未知位置,6.69,6.69,6.69,6.69,6.08,1904350,1.2740102E7,0.0107,3.8334,70.8818,0.99834216,1.1893482E9,1.18933482E10,0.0,0.0
2014-10-17,节能风电,sh601016,电力,未知位置,7.36,7.36,7.36,7.36,6.69,6072032,4.4690156E7,0.0342,4.2173,77.9806,0.99834216,1.3084608E9,1.30844608E10,0.0,0.0
2014-10-20,节能风电,sh601016,电力,未知位置,8.1,7.6,7.95,8.1,7.36,94484976,7.43551758E8,0.5315,4.6414,85.821,0.99834216,1.440018E9,1.4400018E10,0.0679,0.0188
2014-10-21,节能风电,sh601016,电力,未知位置,8.88,7.82,8.07,8.71,8.1,118473985,9.84521608E8,0.6664,4.9909,92.2841,0.99834216,1.5484638E9,1.54844638E10,0.1308,0.0793
2014-10-22,节能风电,sh601016,电力,未知位置,8.79,8.29,8.32,8.52,8.71,66894743,5.68886095E8,0.3763,4.882,90.271,0.99834216,1.5146856E9,1.51466856E10,0.0574,0.024
2014-10-23,节能风电,sh601016,电力,未知位置,9.27,8.37,8.41,8.82,8.52,74465572,6.63163988E8,0.4189,5.0539,93.4496,0.99834216,1.5680196E9,1.56800196E10,0.1056,0.0487
2014-10-24,节能风电,sh601016,电力,未知位置,8.87,8.42,8.65,8.57,8.82,45345455,3.89510641E8,0.2551,4.9107,90.8008,0.99834216,1.5235746E9,1.52355746E10,0.051,-0.0092
2014-10-27,节能风电,sh601016,电力,未知位置,8.56,7.83,8.56,8.01,8.57,34402210,2.76933515E8,0.1935,4.5898,84.8675,0.99834216,1.4240178E9,1.42400178E10,0.0851,-0.0642
2014-10-28,节能风电,sh601016,电力,未知位置,8.36,8.02,8.02,8.19,8.01,31177849,2.55364845E8,0.1754,4.6929,86.7746,0.99834216,1.4560182E9,1.45600182E10,0.0424,0.0211
2014-10-29,节能风电,sh601016,电力,未知位置,9.01,8.2,8.29,9.01,8.19,51197294,4.39278121E8,0.288,5.1628,95.4627,0.99834216,1.6017978E9,1.60177978E10,0.0989,0.0868
2014-10-30,节能风电,sh601016,电力,未知位置,9.35,8.8,9.01,8.9,9.01,70230507,6.3574091E8,0.395,5.0998,94.2972,0.99834216,1.582242E9,1.5822242E10,0.061,-0.0122
2014-10-31,节能风电,sh601016,电力,未知位置,9.14,8.6,8.66,8.93,8.9,40677406,3.61426701E8,0.2288,5.117,94.6151,0.99834216,1.5875754E9,1.58755754E10,0.0606,0.0311
2014-11-03,节能风电,sh601016,电力,未知位置,9.18,8.71,8.89,8.98,8.93,36953733,3.32500452E8,0.2079,5.1456,95.1448,0.99834216,1.5964644E9,1.59644644E10,0.0526,0.0101
2014-11-04,节能风电,sh601016,电力,未知位置,8.98,8.68,8.98,8.73,8.98,32349455,2.84053077E8,0.182,5.0024,92.496,0.99834216,1.5520194E9,1.55200194E10,0.0334,-0.0278
2014-11-05,节能风电,sh601016,电力,未知位置,9.59,8.51,8.77,9.09,8.73,57465618,5.22661438E8,0.3232,5.2086,96.3103,0.99834216,1.6160202E9,1.61600202E10,0.1237,0.0364
2014-11-06,节能风电,sh601016,电力,未知位置,10.0,8.87,8.9,10.0,9.09,67459848,6.34756879E8,0.3795,5.7301,105.9519,0.99834216,1.7778E9,1.77778E10,0.1243,0.1235
2014-11-07,节能风电,sh601016,电力,未知位置,11.0,10.59,10.59,11.0,10.0,26168804,2.84308741E8,0.1472,6.3031,116.5471,0.99834216,1.95558E9,1.955558E10,0.041,0.0387
2014-11-10,节能风电,sh601016,电力,未知位置,12.1,11.51,12.1,12.1,11.0,78924095,9.43384538E8,0.4439,6.9334,128.2018,0.99834216,2.151138E9,2.1511138E10,0.0536,0.0
2014-11-11,节能风电,sh601016,电力,未知位置,13.31,12.55,12.7,13.31,12.1,56988883,7.50060916E8,0.3206,7.6267,141.022,0.99834216,2.3662518E9,2.36622518E10,0.0628,0.048
2014-11-12,节能风电,sh601016,电力,未知位置,14.56,11.98,13.75,13.75,13.31,101741741,1.375540386E9,0.5723,7.8789,145.6839,0.99834216,2.444475E9,2.4444475E10,0.1938,0.0
2014-11-13,节能风电,sh601016,电力,未知位置,14.1,12.5,12.85,12.82,13.75,64543405,8.53414234E8,0.3631,7.346,135.8304,0.99834216,2.2791396E9,2.27911396E10,0.1163,-0.0023
2014-11-14,节能风电,sh601016,电力,未知位置,12.52,11.54,12.29,11.56,12.82,48750389,5.75804335E8,0.2742,6.624,122.4804,0.99834216,2.0551368E9,2.05511368E10,0.0764,-0.0593
2014-11-17,节能风电,sh601016,电力,未知位置,12.3,10.89,11.39,11.99,11.56,38834996,4.60726159E8,0.2184,6.8704,127.0363,0.99834216,2.1315822E9,2.13155822E10,0.1219,0.0526
2014-11-18,节能风电,sh601016,电力,未知位置,11.9,11.41,11.9,11.77,11.99,23563550,2.75083569E8,0.1325,6.7443,124.7054,0.99834216,2.0924706E9,2.09244706E10,0.0408,-0.0109
2014-11-19,节能风电,sh601016,电力,未知位置,11.88,11.39,11.63,11.62,11.77,21246278,2.45124318E8,0.1195,6.6584,123.1161,0.99834216,2.0658036E9,2.06578036E10,0.0416,-8.0E-4
2014-11-20,节能风电,sh601016,电力,未知位置,12.67,11.38,11.38,12.43,11.62,42771771,5.18194427E8,0.2406,7.1225,131.6982,0.99834216,2.2098054E9,2.20978054E10,0.111,0.0922
2014-11-21,节能风电,sh601016,电力,未知位置,13.6,12.09,12.2,13.14,12.43,52538988,6.83178941E8,0.2955,7.5293,139.2208,0.99834216,2.3360292E9,2.33600292E10,0.1214,0.077
2014-11-24,节能风电,sh601016,电力,未知位置,13.75,12.99,13.13,13.25,13.14,47566690,6.33672255E8,0.2676,7.5924,140.3863,0.99834216,2.355585E9,2.3555585E10,0.0578,0.0091
2014-11-25,节能风电,sh601016,电力,未知位置,13.18,12.65,12.87,12.95,13.25,32404021,4.17955697E8,0.1823,7.4205,137.2077,0.99834216,2.302251E9,2.3022251E10,0.0399,0.0062
2014-11-26,节能风电,sh601016,电力,未知位置,13.6,12.72,12.88,13.31,12.95,37546196,4.98658984E8,0.2112,7.6267,141.022,0.99834216,2.3662518E9,2.36622518E10,0.0679,0.0333
2014-11-27,节能风电,sh601016,电力,未知位置,13.42,12.87,13.27,13.06,13.31,26615192,3.48728995E8,0.1497,7.4835,138.3732,0.99834216,2.3218068E9,2.32178068E10,0.0413,-0.0158
2014-11-28,节能风电,sh601016,电力,未知位置,13.14,12.7,13.06,12.98,13.06,22732186,2.92214695E8,0.1279,7.4376,137.5256,0.99834216,2.3075844E9,2.30755844E10,0.0336,-0.0061
2014-12-01,节能风电,sh601016,电力,未知位置,13.1,12.67,12.81,12.85,12.98,17488198,2.25437923E8,0.0984,7.3632,136.1482,0.99834216,2.284473E9,2.2844473E10,0.0331,0.0031
2014-12-02,节能风电,sh601016,电力,未知位置,13.85,12.61,12.7,13.44,12.85,49395131,6.62781974E8,0.2778,7.7012,142.3994,0.99834216,2.3893632E9,2.38933632E10,0.0964,0.0582
2014-12-03,节能风电,sh601016,电力,未知位置,13.55,12.9,13.35,13.17,13.44,30891638,4.06039879E8,0.1738,7.5465,139.5387,0.99834216,2.3413626E9,2.34133626E10,0.0483,-0.0134
2014-12-04,节能风电,sh601016,电力,未知位置,13.1,12.91,13.0,13.03,13.17,22178535,2.88194796E8,0.1248,7.4663,138.0553,0.99834216,2.3164734E9,2.31644734E10,0.0144,0.0023
2014-12-05,节能风电,sh601016,电力,未知位置,12.99,12.13,12.92,12.4,13.03,24323094,3.06170274E8,0.1368,7.1053,131.3804,0.99834216,2.204472E9,2.2044472E10,0.066,-0.0402
2014-12-08,节能风电,sh601016,电力,未知位置,12.64,11.68,12.32,12.32,12.4,24737763,2.99675391E8,0.1391,7.0595,130.5328,0.99834216,2.1902496E9,2.19022496E10,0.0774,0.0
2014-12-09,节能风电,sh601016,电力,未知位置,12.2,11.47,12.2,11.48,12.32,21367051,2.53447562E8,0.1202,6.5781,121.6328,0.99834216,2.0409144E9,2.04089144E10,0.0592,-0.059
2014-12-10,节能风电,sh601016,电力,未知位置,11.83,11.13,11.22,11.72,11.48,10942258,1.271703E8,0.0615,6.7157,124.1756,0.99834216,2.0835816E9,2.08355816E10,0.0609,0.0445
2014-12-11,节能风电,sh601016,电力,未知位置,12.47,11.72,11.9,12.37,11.72,20011442,2.44275186E8,0.1126,7.0881,131.0625,0.99834216,2.1991386E9,2.19911386E10,0.0639,0.0394
2014-12-12,节能风电,sh601016,电力,未知位置,12.35,12.01,12.21,12.14,12.37,11195942,1.35537899E8,0.063,6.9563,128.6256,0.99834216,2.1582492E9,2.15822492E10,0.0274,-0.0057
2014-12-15,节能风电,sh601016,电力,未知位置,12.11,11.81,12.11,11.99,12.14,9826586,1.17246698E8,0.0553,6.8704,127.0363,0.99834216,2.1315822E9,2.13155822E10,0.0247,-0.0099
2014-12-16,节能风电,sh601016,电力,未知位置,12.11,11.86,11.89,12.0,11.99,8686887,1.03859966E8,0.0489,6.8761,127.1423,0.99834216,2.13336E9,2.133336E10,0.0208,0.0092
2014-12-17,节能风电,sh601016,电力,未知位置,11.99,11.58,11.99,11.69,12.0,11084771,1.30022352E8,0.0624,6.6985,123.8578,0.99834216,2.0782482E9,2.07822482E10,0.0341,-0.025
2014-12-18,节能风电,sh601016,电力,未知位置,11.91,11.46,11.6,11.57,11.69,7798772,9.0962486E7,0.0439,6.6297,122.5864,0.99834216,2.0569146E9,2.05689146E10,0.0384,-0.0025
2014-12-19,节能风电,sh601016,电力,未知位置,11.54,11.01,11.54,11.11,11.57,11964828,1.34134033E8,0.0673,6.3661,117.7126,0.99834216,1.9751358E9,1.97511358E10,0.0458,-0.0372
2014-12-22,节能风电,sh601016,电力,未知位置,11.05,10.0,11.05,10.19,11.11,12303743,1.270155E8,0.0692,5.839,107.965,0.99834216,1.8115782E9,1.81155782E10,0.0945,-0.0778
2014-12-23,节能风电,sh601016,电力,未知位置,10.68,9.68,10.13,10.3,10.19,8364331,8.6571746E7,0.047,5.902,109.1305,0.99834216,1.831134E9,1.8311134E10,0.0981,0.0167
2014-12-24,节能风电,sh601016,电力,未知位置,10.68,10.26,10.31,10.64,10.3,7224069,7.5774818E7,0.0406,6.0968,112.7328,0.99834216,1.8915792E9,1.89155792E10,0.0407,0.032
2014-12-25,节能风电,sh601016,电力,未知位置,10.8,10.43,10.72,10.62,10.64,6831007,7.2257092E7,0.0384,6.0853,112.5209,0.99834216,1.8880236E9,1.88800236E10,0.0347,-0.0093
2014-12-26,节能风电,sh601016,电力,未知位置,10.64,10.45,10.62,10.62,10.62,6677478,7.0174909E7,0.0376,6.0853,112.5209,0.99834216,1.8880236E9,1.88800236E10,0.0178,0.0
2014-12-29,节能风电,sh601016,电力,未知位置,11.51,10.52,11.35,10.59,10.62,10112547,1.10085551E8,0.0569,6.0682,112.2031,0.99834216,1.8826902E9,1.88266902E10,0.0932,-0.0669
2014-12-30,节能风电,sh601016,电力,未知位置,10.58,10.18,10.49,10.19,10.59,5017889,5.1822717E7,0.0282,5.839,107.965,0.99834216,1.8115782E9,1.81155782E10,0.0377,-0.0285
2014-12-31,节能风电,sh601016,电力,未知位置,10.34,10.0,10.19,10.25,10.19,4336576,4.4252828E7,0.0244,5.7075,100.099,0.99834216,1.822245E9,1.8222245E10,0.0333,0.0058
2015-01-05,节能风电,sh601016,电力,未知位置,10.79,10.1,10.27,10.62,10.25,8152514,8.4897352E7,0.0459,5.9135,103.7123,0.99834216,1.8880236E9,1.88800236E10,0.0673,0.034
2015-01-06,节能风电,sh601016,电力,未知位置,10.75,10.31,10.59,10.69,10.62,9770689,1.03651522E8,0.055,5.9525,104.3959,0.99834216,1.9004682E9,1.90044682E10,0.0414,0.0094
2015-01-07,节能风电,sh601016,电力,未知位置,10.7,10.49,10.55,10.6,10.69,7076847,7.4834604E7,0.0398,5.9024,103.517,0.99834216,1.884468E9,1.8844468E10,0.0196,0.0047
2015-01-08,节能风电,sh601016,电力,未知位置,11.66,10.43,10.55,11.66,10.6,38265042,4.40772385E8,0.2152,6.4926,113.8687,0.99834216,2.0729148E9,2.07289148E10,0.116,0.1052
2015-01-09,节能风电,sh601016,电力,未知位置,11.8,11.11,11.75,11.29,11.66,35075835,4.02736858E8,0.1973,6.2866,110.2554,0.99834216,2.0071362E9,2.00711362E10,0.0591,-0.0391
2015-01-12,节能风电,sh601016,电力,未知位置,10.83,10.19,10.83,10.42,11.29,15851596,1.66201856E8,0.0892,5.8021,101.7592,0.99834216,1.8524676E9,1.85244676E10,0.0566,-0.0378
2015-01-13,节能风电,sh601016,电力,未知位置,10.53,10.2,10.34,10.35,10.42,7975081,8.2576798E7,0.0449,5.7632,101.0756,0.99834216,1.840023E9,1.8400023E10,0.0316,9.0E-4
2015-01-14,节能风电,sh601016,电力,未知位置,10.45,10.23,10.29,10.29,10.35,5760180,5.945729E7,0.0324,5.7298,100.4896,0.99834216,1.8293562E9,1.82933562E10,0.0212,0.0
2015-01-15,节能风电,sh601016,电力,未知位置,10.38,10.18,10.28,10.33,10.29,6038887,6.2096198E7,0.034,5.752,100.8803,0.99834216,1.8364674E9,1.83644674E10,0.0194,0.0048
2015-01-16,节能风电,sh601016,电力,未知位置,10.63,10.3,10.32,10.51,10.33,8124414,8.545469E7,0.0457,5.8523,102.6381,0.99834216,1.8684678E9,1.86844678E10,0.0319,0.0184
2015-01-19,节能风电,sh601016,电力,未知位置,10.99,10.02,10.4,10.5,10.51,12397570,1.31103988E8,0.0697,5.8467,102.5404,0.99834216,1.86669E9,1.866669E10,0.0922,0.0096
2015-01-20,节能风电,sh601016,电力,未知位置,11.25,10.41,10.46,10.98,10.5,15251341,1.6569142E8,0.0858,6.114,107.228,0.99834216,1.9520244E9,1.95200244E10,0.0799,0.0497
2015-01-21,节能风电,sh601016,电力,未知位置,11.25,10.89,10.98,11.09,10.98,15328877,1.69182891E8,0.0862,6.1752,108.3022,0.99834216,1.9715802E9,1.97155802E10,0.0327,0.01
2015-01-22,节能风电,sh601016,电力,未知位置,11.11,10.91,11.11,11.08,11.09,9912853,1.09217456E8,0.0558,6.1697,108.2046,0.99834216,1.9698024E9,1.96978024E10,0.018,-0.0027
2015-01-23,节能风电,sh601016,电力,未知位置,11.08,10.87,11.06,10.9,11.08,8304612,9.0818098E7,0.0467,6.0694,106.4467,0.99834216,1.937802E9,1.9377802E10,0.0189,-0.0144
2015-01-26,节能风电,sh601016,电力,未知位置,11.07,10.9,10.95,10.99,10.9,6109459,6.6987784E7,0.0344,6.1195,107.3257,0.99834216,1.9538022E9,1.95378022E10,0.0155,0.0036
2015-01-27,节能风电,sh601016,电力,未知位置,11.11,10.8,11.05,10.88,10.99,7399619,8.0773372E7,0.0416,6.0583,106.2514,0.99834216,1.9342464E9,1.93422464E10,0.0282,-0.0153
2015-01-28,节能风电,sh601016,电力,未知位置,10.88,10.74,10.88,10.79,10.88,4742046,5.1227968E7,0.0267,6.0082,105.3725,0.99834216,1.9182462E9,1.91822462E10,0.0128,-0.0082
2015-01-29,节能风电,sh601016,电力,未知位置,10.79,10.61,10.74,10.62,10.79,4515870,4.8205433E7,0.0254,5.9135,103.7123,0.99834216,1.8880236E9,1.88800236E10,0.0166,-0.0111
2015-01-30,节能风电,sh601016,电力,未知位置,10.7,10.45,10.59,10.46,10.62,4376000,4.6291268E7,0.0246,5.8244,102.1498,0.99834216,1.8595788E9,1.85955788E10,0.0235,-0.0122
2015-02-02,节能风电,sh601016,电力,未知位置,10.43,10.25,10.38,10.34,10.46,3346670,3.4599009E7,0.0188,5.7576,100.9779,0.99834216,1.8382452E9,1.83822452E10,0.0172,-0.0038
2015-02-03,节能风电,sh601016,电力,未知位置,10.54,10.37,10.38,10.54,10.34,2927345,3.0713249E7,0.0165,5.869,102.9311,0.99834216,1.8738012E9,1.87378012E10,0.0164,0.0154
2015-02-04,节能风电,sh601016,电力,未知位置,10.62,10.37,10.55,10.39,10.54,3174611,3.3303419E7,0.0179,5.7854,101.4662,0.99834216,1.8471342E9,1.84711342E10,0.0237,-0.0151
2015-02-05,节能风电,sh601016,电力,未知位置,10.51,10.3,10.5,10.31,10.39,3397149,3.5153179E7,0.0191,5.7409,100.685,0.99834216,1.8329118E9,1.83289118E10,0.0202,-0.018
2015-02-06,节能风电,sh601016,电力,未知位置,10.3,10.1,10.3,10.12,10.31,3972183,4.035594E7,0.0223,5.6351,98.8295,0.99834216,1.7991336E9,1.79911336E10,0.0193,-0.0174
2015-02-09,节能风电,sh601016,电力,未知位置,10.12,10.02,10.11,10.03,10.12,2595900,2.6098164E7,0.0146,5.585,97.9505,0.99834216,1.7831334E9,1.78311334E10,0.0098,-0.0079
2015-02-10,节能风电,sh601016,电力,未知位置,10.11,9.98,9.98,10.08,10.03,2906169,2.9156078E7,0.0163,5.6128,98.4388,0.99834216,1.7920224E9,1.79200224E10,0.0129,0.01
2015-02-11,节能风电,sh601016,电力,未知位置,10.15,10.02,10.08,10.06,10.08,2408413,2.422648E7,0.0135,5.6017,98.2435,0.99834216,1.7884668E9,1.78844668E10,0.0128,-0.0019
2015-02-12,节能风电,sh601016,电力,未知位置,10.8,10.05,10.09,10.66,10.06,10148439,1.0715475E8,0.0571,5.9358,104.103,0.99834216,1.8951348E9,1.89511348E10,0.0745,0.0564
2015-02-13,节能风电,sh601016,电力,未知位置,10.74,10.45,10.65,10.54,10.66,7224642,7.6178399E7,0.0406,5.869,102.9311,0.99834216,1.8738012E9,1.87378012E10,0.0272,-0.0103
2015-02-16,节能风电,sh601016,电力,未知位置,10.57,10.42,10.54,10.53,10.54,3961451,4.1613328E7,0.0223,5.8634,102.8334,0.99834216,1.8720234E9,1.87200234E10,0.0142,-9.0E-4
2015-02-17,节能风电,sh601016,电力,未知位置,10.61,10.49,10.5,10.55,10.53,3362197,3.5451024E7,0.0189,5.8745,103.0287,0.99834216,1.875579E9,1.8755579E10,0.0113,0.0047
2015-02-25,节能风电,sh601016,电力,未知位置,10.59,10.46,10.59,10.53,10.55,3057524,3.2188805E7,0.0172,5.8634,102.8334,0.99834216,1.8720234E9,1.87200234E10,0.0123,-0.0056
2015-02-26,节能风电,sh601016,电力,未知位置,10.58,10.43,10.49,10.56,10.53,3960101,4.167835E7,0.0223,5.8801,103.1264,0.99834216,1.8773568E9,1.87733568E10,0.0142,0.0066
2015-02-27,节能风电,sh601016,电力,未知位置,10.84,10.5,10.56,10.7,10.56,7113844,7.620559E7,0.04,5.9581,104.4936,0.99834216,1.902246E9,1.9022246E10,0.0321,0.0132
2015-03-02,节能风电,sh601016,电力,未知位置,0.0,0.0,0.0,10.7,10.7,0,0.0,0.0,5.9581,104.4936,0.99834216,1.902246E9,1.9022246E10,0.0,0.0
2015-03-03,节能风电,sh601016,电力,未知位置,0.0,0.0,0.0,10.7,10.7,0,0.0,0.0,5.9581,104.4936,0.99834216,1.902246E9,1.9022246E10,0.0,0.0
2015-03-04,节能风电,sh601016,电力,未知位置,0.0,0.0,0.0,10.7,10.7,0,0.0,0.0,5.9581,104.4936,0.99834216,1.902246E9,1.9022246E10,0.0,0.0
2015-03-05,节能风电,sh601016,电力,未知位置,0.0,0.0,0.0,10.7,10.7,0,0.0,0.0,5.9581,104.4936,0.99834216,1.902246E9,1.9022246E10,0.0,0.0
2015-03-06,节能风电,sh601016,电力,未知位置,0.0,0.0,0.0,10.7,10.7,0,0.0,0.0,5.9581,104.4936,0.99834216,1.902246E9,1.9022246E10,0.0,0.0
2015-03-09,节能风电,sh601016,电力,未知位置,0.0,0.0,0.0,10.7,10.7,0,0.0,0.0,5.9581,104.4936,0.99834216,1.902246E9,1.9022246E10,0.0,0.0
2015-03-10,节能风电,sh601016,电力,未知位置,0.0,0.0,0.0,10.7,10.7,0,0.0,0.0,5.9581,104.4936,0.99834216,1.902246E9,1.9022246E10,0.0,0.0
2015-03-11,节能风电,sh601016,电力,未知位置,11.77,11.77,11.77,11.77,10.7,4287812,5.0467547E7,0.0241,6.5539,114.943,0.99834216,2.0924706E9,2.09244706E10,0.0,0.0
2015-03-12,节能风电,sh601016,电力,未知位置,12.95,11.94,12.95,12.02,11.77,42918028,5.33648577E8,0.2414,6.6931,117.3844,0.99834216,2.1369156E9,2.13689156E10,0.0858,-0.0718
2015-03-13,节能风电,sh601016,电力,未知位置,12.02,11.4,11.56,11.8,12.02,16176383,1.89208572E8,0.091,6.5706,115.2359,0.99834216,2.097804E9,2.0977804E10,0.0515,0.0207
2015-03-16,节能风电,sh601016,电力,未知位置,12.05,11.51,11.8,11.9,11.8,18488595,2.18073432E8,0.104,6.6263,116.2125,0.99834216,2.115582E9,2.1155582E10,0.0457,0.0084
2015-03-17,节能风电,sh601016,电力,未知位置,12.0,11.8,11.95,11.9,11.9,15018637,1.78556427E8,0.0845,6.6263,116.2125,0.99834216,2.115582E9,2.1155582E10,0.0168,-0.0041
2015-03-18,节能风电,sh601016,电力,未知位置,11.96,11.8,11.9,11.95,11.9,14634294,1.74049898E8,0.0823,6.6541,116.7008,0.99834216,2.124471E9,2.1244471E10,0.0134,0.0042
2015-03-19,节能风电,sh601016,电力,未知位置,12.94,12.0,12.0,12.52,11.95,30375805,3.80451906E8,0.1709,6.9715,122.2673,0.99834216,2.2258056E9,2.22578056E10,0.0786,0.0433
2015-03-20,节能风电,sh601016,电力,未知位置,12.67,12.35,12.55,12.45,12.52,17070379,2.12395818E8,0.096,6.9325,121.5837,0.99834216,2.213361E9,2.2133361E10,0.0255,-0.0079
2015-03-23,节能风电,sh601016,电力,未知位置,12.55,12.28,12.48,12.49,12.45,15325980,1.9010059E8,0.0862,6.9548,121.9743,0.99834216,2.2204722E9,2.22044722E10,0.0216,8.0E-4
2015-03-24,节能风电,sh601016,电力,未知位置,12.48,11.98,12.48,12.22,12.49,15399851,1.88505796E8,0.0866,6.8044,119.3375,0.99834216,2.1724716E9,2.17244716E10,0.04,-0.0208
2015-03-25,节能风电,sh601016,电力,未知位置,12.78,12.01,12.22,12.65,12.22,25124018,3.13848465E8,0.1413,7.0439,123.5368,0.99834216,2.248917E9,2.2488917E10,0.063,0.0351
2015-03-26,节能风电,sh601016,电力,未知位置,12.63,12.31,12.63,12.43,12.65,14801269,1.84398297E8,0.0833,6.9214,121.3884,0.99834216,2.2098054E9,2.20978054E10,0.0252,-0.0158
2015-03-27,节能风电,sh601016,电力,未知位置,12.5,12.37,12.38,12.44,12.43,9253707,1.15101737E8,0.0521,6.9269,121.486,0.99834216,2.2115832E9,2.21155832E10,0.0104,0.0048
2015-03-30,节能风电,sh601016,电力,未知位置,12.67,12.39,12.58,12.63,12.44,18809089,2.36038605E8,0.1058,7.0327,123.3415,0.99834216,2.2453614E9,2.24533614E10,0.0225,0.0039
2015-03-31,节能风电,sh601016,电力,未知位置,12.88,12.61,12.65,12.79,12.63,20295883,2.58219996E8,0.1142,6.9824,105.9146,0.99834216,2.2738062E9,2.27378062E10,0.0213,0.011
2015-04-01,节能风电,sh601016,电力,未知位置,12.88,12.47,12.6,12.64,12.79,20943628,2.6669037E8,0.1178,6.9006,104.6724,0.99834216,2.2471392E9,2.24711392E10,0.032,0.0031
2015-04-02,节能风电,sh601016,电力,未知位置,13.59,12.56,12.66,13.44,12.64,37389265,4.91540425E8,0.2103,7.3373,111.2973,0.99834216,2.3893632E9,2.38933632E10,0.0814,0.0616
2015-04-03,节能风电,sh601016,电力,未知位置,14.78,13.17,13.26,14.78,13.44,42743026,6.12646341E8,0.2404,8.0688,122.3939,0.99834216,2.6275884E9,2.62755884E10,0.1197,0.1146
2015-04-07,节能风电,sh601016,电力,未知位置,15.68,14.66,15.52,14.81,14.78,46250618,6.92377828E8,0.2602,8.0852,122.6423,0.99834216,2.6329218E9,2.63289218E10,0.069,-0.0457
2015-04-08,节能风电,sh601016,电力,未知位置,15.25,14.58,14.92,15.02,14.81,28144865,4.20897311E8,0.1583,8.1999,124.3813,0.99834216,2.6702556E9,2.67022556E10,0.0452,0.0067
2015-04-09,节能风电,sh601016,电力,未知位置,14.95,13.58,14.95,14.23,15.02,19093383,2.74299357E8,0.1074,7.7686,117.8393,0.99834216,2.5298094E9,2.52978094E10,0.0912,-0.0481
2015-04-10,节能风电,sh601016,电力,未知位置,15.21,14.25,14.25,14.57,14.23,18294874,2.69347175E8,0.1029,7.9542,120.6548,0.99834216,2.5902546E9,2.59022546E10,0.0674,0.0224
2015-04-13,节能风电,sh601016,电力,未知位置,14.78,14.4,14.7,14.6,14.57,14161079,2.06422458E8,0.0797,7.9706,120.9033,0.99834216,2.595588E9,2.5955588E10,0.026,-0.0068
2015-04-14,节能风电,sh601016,电力,未知位置,14.92,14.38,14.6,14.6,14.6,23964511,3.52265275E8,0.1348,7.9706,120.9033,0.99834216,2.595588E9,2.5955588E10,0.0369,0.0
2015-04-15,节能风电,sh601016,电力,未知位置,14.86,14.16,14.4,14.2,14.6,19690420,2.83558877E8,0.1108,7.7522,117.5908,0.99834216,2.524476E9,2.5244476E10,0.0479,-0.0138
2015-04-16,节能风电,sh601016,电力,未知位置,15.35,13.36,14.01,14.97,14.2,33021490,4.903698E8,0.1857,8.1726,123.9673,0.99834216,2.6613666E9,2.66133666E10,0.1401,0.0685
2015-04-17,节能风电,sh601016,电力,未知位置,15.07,14.76,15.01,14.86,14.97,24467801,3.65361025E8,0.1376,8.1125,123.0563,0.99834216,2.6418108E9,2.64178108E10,0.0207,-0.0099
2015-04-20,节能风电,sh601016,电力,未知位置,15.56,14.42,14.69,15.5,14.86,36574040,5.51391601E8,0.2057,8.4619,128.3562,0.99834216,2.75559E9,2.755559E10,0.0767,0.0551
2015-04-21,节能风电,sh601016,电力,未知位置,16.27,15.36,15.58,15.99,15.5,28512141,4.51496352E8,0.1604,8.7294,132.4139,0.99834216,2.8427022E9,2.84267022E10,0.0587,0.0263
2015-04-22,节能风电,sh601016,电力,未知位置,16.96,15.68,15.8,16.14,15.99,24662830,4.01004028E8,0.1387,8.8113,133.6561,0.99834216,2.8693692E9,2.86933692E10,0.08,0.0215
2015-04-23,节能风电,sh601016,电力,未知位置,16.25,15.6,15.96,15.7,16.14,18720776,2.96204242E8,0.1053,8.5711,130.0124,0.99834216,2.791146E9,2.7911146E10,0.0402,-0.0162
2015-04-24,节能风电,sh601016,电力,未知位置,16.5,15.25,15.48,16.48,15.7,19658340,3.13573918E8,0.1106,8.9969,136.4716,0.99834216,2.9298144E9,2.92978144E10,0.0796,0.0645
2015-04-27,节能风电,sh601016,电力,未知位置,16.75,16.13,16.48,16.27,16.48,15059664,2.46599E8,0.0847,8.8823,134.7326,0.99834216,2.8924806E9,2.89244806E10,0.0376,-0.0127
2015-04-28,节能风电,sh601016,电力,未知位置,16.2,15.28,16.2,15.41,16.27,13938739,2.19267245E8,0.0784,8.4128,127.6109,0.99834216,2.7395898E9,2.73955898E10,0.0565,-0.0487
2015-04-29,节能风电,sh601016,电力,未知位置,15.9,15.06,15.06,15.85,15.41,7808311,1.22346762E8,0.0439,8.653,131.2546,0.99834216,2.817813E9,2.8177813E10,0.0545,0.0524
2015-04-30,节能风电,sh601016,电力,未知位置,16.45,15.7,15.83,16.28,15.85,14838807,2.39582671E8,0.0835,8.8877,134.8154,0.99834216,2.8942584E9,2.89422584E10,0.0473,0.0284
2015-05-04,节能风电,sh601016,电力,未知位置,16.85,16.06,16.36,16.69,16.28,14806651,2.45436612E8,0.0833,9.1116,138.2106,0.99834216,2.9671482E9,2.96711482E10,0.0485,0.0201
2015-05-05,节能风电,sh601016,电力,未知位置,16.7,15.65,16.69,16.13,16.69,14842690,2.39312799E8,0.0835,8.8059,133.5733,0.99834216,2.8675914E9,2.86755914E10,0.0629,-0.0335
2015-05-06,节能风电,sh601016,电力,未知位置,16.69,15.7,16.08,16.21,16.13,12842692,2.08274193E8,0.0722,8.8495,134.2357,0.99834216,2.8818138E9,2.88178138E10,0.0613,0.008
2015-05-07,节能风电,sh601016,电力,未知位置,16.35,15.12,16.1,16.28,16.21,9158188,1.44796421E8,0.0515,8.8877,134.8154,0.99834216,2.8942584E9,2.89422584E10,0.0758,0.0111
2015-05-08,节能风电,sh601016,电力,未知位置,17.91,16.19,16.33,17.79,16.28,22053436,3.7338999E8,0.124,9.7121,147.3198,0.99834216,3.1627062E9,3.16267062E10,0.1056,0.0894
2015-05-11,节能风电,sh601016,电力,未知位置,18.39,17.45,17.89,18.04,17.79,19559188,3.51115741E8,0.11,9.8486,149.3901,0.99834216,3.2071512E9,3.20711512E10,0.0528,0.0083
2015-05-12,节能风电,sh601016,电力,未知位置,18.43,17.72,17.86,18.18,18.04,14239209,2.5744735E8,0.0801,9.925,150.5494,0.99834216,3.2320404E9,3.23200404E10,0.0393,0.0179
2015-05-13,节能风电,sh601016,电力,未知位置,18.57,17.79,18.08,18.5,18.18,11673603,2.11374825E8,0.0657,10.0997,153.1993,0.99834216,3.28893E9,3.288893E10,0.0429,0.0232
2015-05-14,节能风电,sh601016,电力,未知位置,18.96,18.1,18.55,18.46,18.5,11269734,2.07625853E8,0.0634,10.0779,152.8681,0.99834216,3.2818188E9,3.28178188E10,0.0464,-0.0048
2015-05-15,节能风电,sh601016,电力,未知位置,18.49,17.39,18.4,18.3,18.46,10258513,1.84149546E8,0.0577,9.9905,151.5431,0.99834216,3.253374E9,3.2533374E10,0.0595,-0.0054
2015-05-18,节能风电,sh601016,电力,未知位置,18.88,17.86,18.2,18.68,18.3,10735975,1.98334933E8,0.0604,10.198,154.6899,0.99834216,3.3209304E9,3.32089304E10,0.0557,0.0263
2015-05-19,节能风电,sh601016,电力,未知位置,18.65,18.08,18.65,18.38,18.68,8743748,1.60364596E8,0.0492,10.0342,152.2056,0.99834216,3.2675964E9,3.26755964E10,0.0305,-0.0144
2015-05-20,节能风电,sh601016,电力,未知位置,19.44,18.15,18.39,19.13,18.38,15722003,2.94458853E8,0.0884,10.4436,158.4164,0.99834216,3.4009314E9,3.40089314E10,0.0701,0.0402
2015-05-21,节能风电,sh601016,电力,未知位置,20.2,18.81,19.15,20.18,19.13,13594316,2.68419046E8,0.0765,11.0169,167.1115,0.99834216,3.5876004E9,3.58756004E10,0.0726,0.0537
2015-05-22,节能风电,sh601016,电力,未知位置,21.6,19.88,20.18,21.13,20.18,13442210,2.79953902E8,0.0756,11.5355,174.9785,0.99834216,3.7564914E9,3.75644914E10,0.0852,0.047
2015-05-25,节能风电,sh601016,电力,未知位置,23.24,20.83,21.15,23.24,21.13,15908769,3.5407665E8,0.0895,12.6874,192.4515,0.99834216,4.1316072E9,4.13156072E10,0.114,0.0988
2015-05-26,节能风电,sh601016,电力,未知位置,25.56,23.8,23.81,25.56,23.24,16209105,4.06521831E8,0.0912,13.954,211.6635,0.99834216,4.5440568E9,4.54400568E10,0.0757,0.0734
2015-05-27,节能风电,sh601016,电力,未知位置,28.12,26.0,26.18,28.12,25.56,31120287,8.63184635E8,0.175,15.3516,232.863,0.99834216,4.9991736E9,4.99911736E10,0.0829,0.0741
2015-05-28,节能风电,sh601016,电力,未知位置,30.93,28.51,29.77,30.16,28.12,40863389,1.233825603E9,0.2299,16.4652,249.7563,0.99834216,5.3618448E9,5.36178448E10,0.086,0.0131
2015-05-29,节能风电,sh601016,电力,未知位置,30.19,27.1,28.03,28.97,30.11,26150068,7.52654468E8,0.1471,15.8156,239.9019,1.0,5.1502866E9,5.15022866E10,0.1026,0.0335
2015-06-01,节能风电,sh601016,电力,未知位置,30.09,26.96,28.5,29.52,28.97,19660917,5.60676351E8,0.1106,16.1159,244.4565,1.0,5.2480656E9,5.24800656E10,0.108,0.0357
2015-06-02,节能风电,sh601016,电力,未知位置,31.76,28.2,29.9,29.32,29.52,21785059,6.35150917E8,0.1225,16.0067,242.8003,1.0,5.2125096E9,5.21245096E10,0.1205,-0.0193
2015-06-03,节能风电,sh601016,电力,未知位置,30.5,26.92,29.2,30.26,29.32,19490855,5.66623289E8,0.1096,16.5198,250.5844,1.0,5.3796228E9,5.37956228E10,0.1221,0.0363
2015-06-04,节能风电,sh601016,电力,未知位置,32.9,28.5,30.0,31.99,30.26,23208986,7.2362148E8,0.1305,17.4643,264.9106,1.0,5.6871822E9,5.68711822E10,0.1454,0.0663
2015-06-05,节能风电,sh601016,电力,未知位置,33.05,30.4,32.51,31.92,31.99,17927051,5.61143961E8,0.1008,17.4261,264.331,1.0,5.6747376E9,5.67467376E10,0.0828,-0.0181
2015-06-08,节能风电,sh601016,电力,未知位置,31.84,29.7,31.84,31.0,31.92,12468958,3.79609522E8,0.0701,16.9238,256.7124,1.0,5.51118E9,5.511118E10,0.067,-0.0263
2015-06-09,节能风电,sh601016,电力,未知位置,31.18,30.13,31.18,30.45,31.0,6473031,1.97196106E8,0.0364,16.6236,252.1578,1.0,5.413401E9,5.4133401E10,0.0338,-0.0234
2015-06-10,节能风电,sh601016,电力,未知位置,30.5,28.5,30.15,30.41,30.45,9968946,2.97691975E8,0.0561,16.6017,251.8266,1.0,5.4062898E9,5.40622898E10,0.0656,0.0086
2015-06-11,节能风电,sh601016,电力,未知位置,30.48,29.0,30.48,29.73,30.41,8478844,2.51113445E8,0.0477,16.2305,246.1955,1.0,5.2853994E9,5.28533994E10,0.0486,-0.0246
2015-06-12,节能风电,sh601016,电力,未知位置,30.9,28.77,29.39,30.34,29.73,12959709,3.84287414E8,0.0729,16.5635,251.2469,1.0,5.3938452E9,5.39378452E10,0.0716,0.0323
2015-06-15,节能风电,sh601016,电力,未知位置,30.05,28.92,30.05,29.17,30.34,5781525,1.69827621E8,0.0325,15.9248,241.5581,1.0,5.1858426E9,5.18578426E10,0.0372,-0.0292
2015-06-16,节能风电,sh601016,电力,未知位置,30.03,27.51,28.09,29.73,29.17,10105939,2.93445487E8,0.0568,16.2305,246.1955,1.0,5.2853994E9,5.28533994E10,0.0863,0.0583
2015-06-17,节能风电,sh601016,电力,未知位置,30.45,28.5,29.5,30.06,29.73,7608514,2.25291436E8,0.0428,16.4107,248.9282,1.0,5.3440668E9,5.34400668E10,0.0655,0.0189
2015-06-18,节能风电,sh601016,电力,未知位置,30.97,29.35,30.19,30.31,30.06,10477609,3.17068111E8,0.0589,16.5471,250.9985,1.0,5.3885118E9,5.38845118E10,0.0538,0.0039
2015-06-19,节能风电,sh601016,电力,未知位置,30.5,28.5,30.17,30.37,30.31,10025585,2.97720827E8,0.0564,16.5799,251.4954,1.0,5.3991786E9,5.39911786E10,0.0659,0.0066
2015-06-23,节能风电,sh601016,电力,未知位置,31.08,29.02,30.15,30.98,30.37,13858166,4.19568064E8,0.078,16.9129,256.5468,1.0,5.5076244E9,5.50756244E10,0.0678,0.0275
2015-06-24,节能风电,sh601016,电力,未知位置,33.99,31.22,31.22,33.06,30.98,33814321,1.101817693E9,0.1902,18.0484,273.7714,1.0,5.8774068E9,5.87734068E10,0.0894,0.0589
2015-06-25,节能风电,sh601016,电力,未知位置,32.9,29.75,32.9,30.78,33.06,23484416,7.30536643E8,0.1321,16.8037,254.8906,1.0,5.4720684E9,5.47200684E10,0.0952,-0.0644
2015-06-26,节能风电,sh601016,电力,未知位置,33.86,27.7,28.5,33.77,30.78,16185643,4.67394181E8,0.091,18.4361,279.6509,1.0,6.0036306E9,6.00356306E10,0.2001,0.1849
2015-06-29,节能风电,sh601016,电力,未知位置,33.75,30.39,33.75,30.39,33.77,31646178,9.96443444E8,0.178,16.5908,251.661,1.0,5.4027342E9,5.40267342E10,0.0994,-0.0995
2015-06-30,节能风电,sh601016,电力,未知位置,30.45,27.35,27.35,28.86,30.39,26785081,7.68567958E8,0.1507,15.7431,227.485,1.0,5.1307308E9,5.13067308E10,0.102,0.0552
2015-07-01,节能风电,sh601016,电力,未知位置,29.55,25.97,27.9,27.14,28.86,25422738,7.05569011E8,0.143,14.8048,213.9273,1.0,4.8249492E9,4.82489492E10,0.124,-0.0272
2015-07-02,节能风电,sh601016,电力,未知位置,27.98,24.43,27.14,24.43,27.14,14177837,3.53407348E8,0.0797,13.3265,192.5661,1.0,4.3431654E9,4.34311654E10,0.1308,-0.0998
2015-07-03,节能风电,sh601016,电力,未知位置,22.8,21.99,21.99,21.99,24.43,11377953,2.50499106E8,0.064,11.9955,173.3332,1.0,3.9093822E9,3.90933822E10,0.0331,0.0
2015-07-06,节能风电,sh601016,电力,未知位置,23.6,19.79,23.6,21.43,21.99,28290105,5.80522651E8,0.1591,11.69,168.919,1.0,3.8098254E9,3.80978254E10,0.1732,-0.0919
2015-07-07,节能风电,sh601016,电力,未知位置,20.0,19.29,19.8,19.29,21.43,11028894,2.13889644E8,0.062,10.5227,152.0508,1.0,3.4293762E9,3.42933762E10,0.0331,-0.0257
2015-07-08,节能风电,sh601016,电力,未知位置,17.37,17.36,17.36,17.36,19.29,15874500,2.75583732E8,0.0893,9.4699,136.8378,1.0,3.0862608E9,3.08622608E10,5.0E-4,0.0
2015-07-09,节能风电,sh601016,电力,未知位置,0.0,0.0,0.0,17.36,17.36,0,0.0,0.0,9.4699,136.8378,1.0,3.0862608E9,3.08622608E10,0.0,0.0
2015-07-10,节能风电,sh601016,电力,未知位置,0.0,0.0,0.0,17.36,17.36,0,0.0,0.0,9.4699,136.8378,1.0,3.0862608E9,3.08622608E10,0.0,0.0
2015-07-13,节能风电,sh601016,电力,未知位置,19.1,19.1,19.1,19.1,17.36,3139126,5.9957307E7,0.0177,10.419,150.5531,1.0,3.395598E9,3.3955598E10,0.0,0.0
2015-07-14,节能风电,sh601016,电力,未知位置,21.01,21.01,21.01,21.01,19.1,592001,1.2437941E7,0.0033,11.4609,165.6085,1.0,3.7351578E9,3.73511578E10,0.0,0.0
2015-07-15,节能风电,sh601016,电力,未知位置,23.11,19.5,23.11,21.03,21.01,26415750,5.61803942E8,0.1486,11.4718,165.7661,1.0,3.7387134E9,3.73867134E10,0.1718,-0.09
2015-07-16,节能风电,sh601016,电力,未知位置,21.99,19.13,19.77,21.66,21.03,16858775,3.54911757E8,0.0948,11.8155,170.732,1.0,3.8507148E9,3.85067148E10,0.1359,0.0955
2015-07-17,节能风电,sh601016,电力,未知位置,23.8,21.3,21.87,23.46,21.66,16993283,3.84653301E8,0.0956,12.7974,184.9202,1.0,4.1707188E9,4.17067188E10,0.1154,0.0727
2015-07-20,节能风电,sh601016,电力,未知位置,24.5,22.72,23.18,23.23,23.46,14832453,3.48695313E8,0.0834,12.6719,183.1073,1.0,4.1298294E9,4.12978294E10,0.0758,0.0021
2015-07-21,节能风电,sh601016,电力,未知位置,23.89,22.2,22.9,23.46,23.23,12333648,2.86605172E8,0.0694,12.7974,184.9202,1.0,4.1707188E9,4.17067188E10,0.0727,0.0244
2015-07-22,节能风电,sh601016,电力,未知位置,23.89,22.5,23.45,23.46,23.46,10747254,2.48583879E8,0.0605,12.7974,184.9202,1.0,4.1707188E9,4.17067188E10,0.0592,4.0E-4
2015-07-23,节能风电,sh601016,电力,未知位置,24.22,22.0,23.12,23.98,23.46,16336671,3.8367409E8,0.0919,13.0811,189.0191,1.0,4.2631644E9,4.26311644E10,0.0946,0.0371
2015-07-24,节能风电,sh601016,电力,未知位置,25.0,23.48,23.75,23.82,23.98,14690923,3.57358857E8,0.0826,12.9938,187.7579,1.0,4.2347196E9,4.23467196E10,0.0633,0.0029
2015-07-27,节能风电,sh601016,电力,未知位置,23.99,21.5,23.1,22.04,23.82,18786066,4.29768865E8,0.1057,12.0228,173.7273,1.0,3.9182712E9,3.91822712E10,0.1045,-0.0458
2015-07-28,节能风电,sh601016,电力,未知位置,22.8,19.84,21.0,22.25,22.04,14879587,3.19878887E8,0.0837,12.1373,175.3826,1.0,3.955605E9,3.9555605E10,0.1343,0.0595
2015-07-29,节能风电,sh601016,电力,未知位置,23.78,21.8,22.5,23.57,22.25,7691890,1.73672569E8,0.0433,12.8574,185.7873,1.0,4.1902746E9,4.19022746E10,0.0889,0.0475
2015-07-30,节能风电,sh601016,电力,未知位置,23.9,21.91,23.81,22.14,23.57,19868173,4.52245039E8,0.1118,12.0773,174.5155,1.0,3.9360492E9,3.93600492E10,0.0844,-0.0701
2015-07-31,节能风电,sh601016,电力,未知位置,22.14,21.06,21.21,21.95,22.14,11034784,2.37507584E8,0.0621,11.9737,173.0179,1.0,3.902271E9,3.9022271E10,0.0487,0.0348
2015-08-03,节能风电,sh601016,电力,未知位置,22.29,21.07,21.41,22.02,21.95,8698889,1.88250082E8,0.0489,12.0119,173.5696,1.0,3.9147156E9,3.91467156E10,0.0555,0.0284
2015-08-04,节能风电,sh601016,电力,未知位置,22.88,20.06,22.25,22.52,22.02,10372763,2.30050651E8,0.0583,12.2846,177.5108,1.0,4.0036056E9,4.00356056E10,0.128,0.0121
2015-08-05,节能风电,sh601016,电力,未知位置,22.52,21.55,22.52,21.66,22.52,6733474,1.48346252E8,0.0379,11.8155,170.732,1.0,3.8507148E9,3.85067148E10,0.043,-0.0381
2015-08-06,节能风电,sh601016,电力,未知位置,23.83,21.01,21.25,22.22,21.66,6078815,1.34120761E8,0.0342,12.121,175.1461,1.0,3.9502716E9,3.95022716E10,0.1301,0.0456
2015-08-07,节能风电,sh601016,电力,未知位置,23.97,21.71,22.23,23.86,22.22,11915763,2.74419126E8,0.067,13.0156,188.0732,1.0,4.2418308E9,4.24178308E10,0.1017,0.0733
2015-08-10,节能风电,sh601016,电力,未知位置,26.25,23.89,23.89,26.25,23.86,20263074,5.26136761E8,0.114,14.3193,206.912,1.0,4.666725E9,4.6666725E10,0.0989,0.0987
2015-08-11,节能风电,sh601016,电力,未知位置,27.33,26.0,27.33,26.24,26.25,15134724,4.03395939E8,0.0851,14.3139,206.8332,1.0,4.6649472E9,4.66489472E10,0.0506,-0.0398
2015-08-12,节能风电,sh601016,电力,未知位置,28.86,25.1,25.6,28.86,26.24,18435611,5.13618077E8,0.1037,15.7431,227.485,1.0,5.1307308E9,5.13067308E10,0.1432,0.1273
2015-08-13,节能风电,sh601016,电力,未知位置,31.75,28.05,28.6,30.91,28.86,20033664,5.93244442E8,0.1127,16.8614,243.6438,1.0,5.4951798E9,5.49511798E10,0.1282,0.0807
2015-08-14,节能风电,sh601016,电力,未知位置,32.45,30.7,31.28,31.84,30.91,13154727,4.13638393E8,0.074,17.3687,250.9744,1.0,5.6605152E9,5.66045152E10,0.0566,0.0179
2015-08-17,节能风电,sh601016,电力,未知位置,34.3,31.2,32.15,33.88,31.84,15797587,5.24092172E8,0.0889,18.4815,267.0545,1.0,6.0231864E9,6.02311864E10,0.0973,0.0538
2015-08-18,节能风电,sh601016,电力,未知位置,34.88,32.2,34.0,33.38,33.88,16825991,5.57956822E8,0.0946,18.2087,263.1133,1.0,5.9342964E9,5.93422964E10,0.0791,-0.0182
2015-08-19,节能风电,sh601016,电力,未知位置,36.3,31.0,33.0,34.38,33.38,14217426,4.78565994E8,0.08,18.7542,270.9957,1.0,6.1120764E9,6.11200764E10,0.1587,0.0418
2015-08-20,节能风电,sh601016,电力,未知位置,35.77,32.36,35.77,33.51,34.38,10808429,3.67952595E8,0.0608,18.2797,264.138,1.0,5.9574078E9,5.95734078E10,0.0991,-0.0631
2015-08-21,节能风电,sh601016,电力,未知位置,33.51,30.17,33.51,32.85,33.51,9599727,3.0735108E8,0.054,17.9196,258.9356,1.0,5.840073E9,5.8400073E10,0.0996,-0.0196
2015-08-24,节能风电,sh601016,电力,未知位置,31.8,29.57,30.0,29.57,32.85,3949901,1.17660114E8,0.0222,16.1304,233.0815,1.0,5.2569546E9,5.25689546E10,0.0678,-0.0143
2015-08-25,节能风电,sh601016,电力,未知位置,27.44,26.61,26.61,26.61,29.57,7961004,2.12650197E8,0.0448,14.5157,209.7497,1.0,4.7307258E9,4.73067258E10,0.028,0.0
2015-08-26,节能风电,sh601016,电力,未知位置,29.26,23.95,23.95,26.07,26.61,21055485,5.42830139E8,0.1184,14.2212,205.4932,1.0,4.6347246E9,4.63467246E10,0.1995,0.0885
2015-08-27,节能风电,sh601016,电力,未知位置,26.69,23.46,25.4,26.14,26.07,13443942,3.3252782E8,0.0756,14.2593,206.045,1.0,4.6471692E9,4.64711692E10,0.1238,0.0291
2015-08-28,节能风电,sh601016,电力,未知位置,27.4,25.43,25.6,27.27,26.14,31180746,8.2859778E8,0.1754,14.8758,214.952,1.0,4.8480606E9,4.84800606E10,0.0753,0.0652
2015-08-31,节能风电,sh601016,电力,未知位置,26.7,24.54,26.7,24.54,27.27,17513032,4.34893216E8,0.0985,13.3865,193.4332,1.0,4.3627212E9,4.36267212E10,0.0792,-0.0808
2015-09-01,节能风电,sh601016,电力,未知位置,24.5,22.09,23.47,23.19,24.54,18356281,4.08659744E8,0.1033,12.6501,182.792,1.0,4.1227182E9,4.12267182E10,0.0982,-0.0119
2015-09-02,节能风电,sh601016,电力,未知位置,22.75,20.87,20.87,21.49,23.19,19822024,4.20818216E8,0.1115,11.7228,169.392,1.0,3.8204922E9,3.82044922E10,0.081,0.0297
2015-09-07,节能风电,sh601016,电力,未知位置,22.0,19.34,20.33,19.89,21.49,16584248,3.39226869E8,0.0933,10.85,156.7802,1.0,3.5360442E9,3.53600442E10,0.1237,-0.0216
2015-09-08,节能风电,sh601016,电力,未知位置,18.88,17.9,17.9,18.26,19.89,35516817,6.38385311E8,0.1998,9.9608,143.932,1.0,3.2462628E9,3.24622628E10,0.0492,0.0201
2015-09-09,节能风电,sh601016,电力,未知位置,20.09,17.34,18.01,20.09,18.26,67002218,1.240058003E9,0.3769,10.9591,158.3567,1.0,3.5716002E9,3.57156002E10,0.1506,0.1154
2015-09-10,节能风电,sh601016,电力,未知位置,19.84,18.4,18.49,18.56,20.09,40942645,7.83413398E8,0.2303,10.1245,146.2967,1.0,3.2995968E9,3.29955968E10,0.0716,0.0037
2015-09-11,节能风电,sh601016,电力,未知位置,19.47,18.25,18.47,18.8,18.56,26030003,4.91602723E8,0.1464,10.2554,148.1884,1.0,3.342264E9,3.3422264E10,0.0657,0.0178
2015-09-14,节能风电,sh601016,电力,未知位置,19.28,16.92,18.97,16.92,18.8,22831524,4.06020063E8,0.1284,9.2298,133.3696,1.0,3.0080376E9,3.00800376E10,0.1255,-0.108
2015-09-15,节能风电,sh601016,电力,未知位置,15.68,15.23,15.25,15.23,16.92,15432039,2.36089034E8,0.0868,8.3079,120.0484,1.0,2.7075894E9,2.70755894E10,0.0265,-0.0013
2015-09-16,节能风电,sh601016,电力,未知位置,16.69,13.86,13.86,16.01,15.23,34549843,5.23424691E8,0.1943,8.7334,126.1966,1.0,2.8462578E9,2.84622578E10,0.1858,0.1551
2015-09-17,节能风电,sh601016,电力,未知位置,15.9,14.41,15.61,14.41,16.01,32804192,4.97881892E8,0.1845,7.8606,113.5849,1.0,2.5618098E9,2.56178098E10,0.093,-0.0768
2015-09-18,节能风电,sh601016,电力,未知位置,14.34,13.01,14.34,13.19,14.41,35228770,4.73842175E8,0.1982,7.1951,103.9684,1.0,2.3449182E9,2.34489182E10,0.0922,-0.0801
2015-09-21,节能风电,sh601016,电力,未知位置,14.06,12.17,12.84,13.85,13.19,35807287,4.71617094E8,0.2014,7.5552,109.1707,1.0,2.462253E9,2.4622253E10,0.1432,0.0786
2015-09-22,节能风电,sh601016,电力,未知位置,14.2,13.44,13.55,13.95,13.85,33987313,4.71713154E8,0.1912,7.6097,109.959,1.0,2.480031E9,2.4800031E10,0.0548,0.0295
2015-09-23,节能风电,sh601016,电力,未知位置,15.35,13.45,13.75,15.35,13.95,49175924,7.35097493E8,0.2766,8.3734,120.9943,1.0,2.728923E9,2.7288923E10,0.1362,0.1163
2015-09-24,节能风电,sh601016,电力,未知位置,16.89,15.6,15.98,16.89,15.35,51923011,8.56471475E8,0.2921,9.2135,133.1331,1.0,3.0027042E9,3.00267042E10,0.084,0.0569
2015-09-25,节能风电,sh601016,电力,未知位置,17.65,15.22,17.4,15.62,16.89,57783002,9.57688072E8,0.325,8.5207,123.1225,1.0,2.7769236E9,2.77689236E10,0.1438,-0.1022
2015-09-28,节能风电,sh601016,电力,未知位置,15.48,14.69,15.1,15.34,15.62,33258528,5.0159079E8,0.1871,8.368,120.9155,1.0,2.7271452E9,2.72711452E10,0.0505,0.0158
2015-09-29,节能风电,sh601016,电力,未知位置,14.87,14.2,14.73,14.25,15.34,26499980,3.84222027E8,0.0324,7.7734,112.3237,1.0,1.1653365E10,2.5333365E10,0.0436,-0.0325
2015-09-30,节能风电,sh601016,电力,未知位置,14.88,14.26,14.26,14.44,14.25,21755298,3.18410626E8,0.0266,7.8834,108.8842,1.0,1.18087432E10,2.56711432E10,0.0435,0.0126
2015-10-08,节能风电,sh601016,电力,未知位置,15.88,14.9,15.18,15.88,14.44,28051258,4.29794119E8,0.0343,8.6696,119.7425,1.0,1.29863464E10,2.82311464E10,0.0678,0.0461
2015-10-09,节能风电,sh601016,电力,未知位置,16.88,15.45,15.95,16.38,15.88,33199138,5.29728599E8,0.0406,8.9425,123.5127,1.0,1.33952364E10,2.91200364E10,0.09,0.0269
2015-10-12,节能风电,sh601016,电力,未知位置,17.5,16.1,16.37,16.95,16.38,34092527,5.78261239E8,0.0417,9.2537,127.8108,1.0,1.3861371E10,3.0133371E10,0.0854,0.0354
2015-10-13,节能风电,sh601016,电力,未知位置,17.38,16.44,16.65,16.94,16.95,27285019,4.59214243E8,0.0334,9.2483,127.7353,1.0,1.38531932E10,3.01155932E10,0.0554,0.0174
2015-10-14,节能风电,sh601016,电力,未知位置,17.8,16.3,16.72,17.23,16.94,41294176,7.04318779E8,0.0505,9.4066,129.9221,1.0,1.40903494E10,3.06311494E10,0.0885,0.0305
2015-10-15,节能风电,sh601016,电力,未知位置,18.78,16.9,17.19,18.16,17.23,38924390,6.85482302E8,0.0476,9.9143,136.9347,1.0,1.48508848E10,3.22844848E10,0.1091,0.0564
2015-10-16,节能风电,sh601016,电力,未知位置,18.49,17.6,18.16,18.02,18.16,35233366,6.37200241E8,0.0431,9.8379,135.879,1.0,1.47363956E10,3.20355956E10,0.049,-0.0077
2015-10-19,节能风电,sh601016,电力,未知位置,18.48,17.5,17.8,17.87,18.02,29844588,5.33443465E8,0.0365,9.756,134.748,1.0,1.46137286E10,3.17689286E10,0.0543,0.0039
2015-10-20,节能风电,sh601016,电力,未知位置,17.98,17.44,17.82,17.85,17.87,22683342,4.01477591E8,0.0277,9.7451,134.5972,1.0,1.4597373E10,3.1733373E10,0.0302,0.0016
2015-10-21,节能风电,sh601016,电力,未知位置,17.88,16.07,17.81,16.07,17.85,25709014,4.36116258E8,0.0314,8.7733,121.1752,1.0,1.31417246E10,2.85689246E10,0.1014,-0.0976
2015-10-22,节能风电,sh601016,电力,未知位置,16.7,15.0,15.58,16.4,16.07,29238025,4.6792068E8,0.0358,8.9535,123.6635,1.0,1.3411592E10,2.9155592E10,0.1057,0.0526
2015-10-23,节能风电,sh601016,电力,未知位置,16.67,15.97,16.43,16.39,16.4,25427308,4.13990406E8,0.0311,8.948,123.5881,1.0,1.34034142E10,2.91378142E10,0.0426,-0.0024
2015-10-26,节能风电,sh601016,电力,未知位置,18.03,16.55,16.81,18.03,16.39,39517099,6.90405137E8,0.0483,9.8434,135.9544,1.0,1.47445734E10,3.20533734E10,0.0902,0.0725
2015-10-27,节能风电,sh601016,电力,未知位置,18.92,17.45,18.2,18.63,18.03,51081954,9.40478703E8,0.0625,10.1709,140.4787,1.0,1.52352414E10,3.31200414E10,0.0815,0.0236
2015-10-28,节能风电,sh601016,电力,未知位置,20.18,17.91,18.3,19.16,18.63,49396930,9.47711758E8,0.0604,10.4603,144.4752,1.0,1.56686648E10,3.40622648E10,0.1218,0.0469
2015-10-29,节能风电,sh601016,电力,未知位置,19.33,18.16,19.16,18.45,19.16,33135583,6.14673738E8,0.0405,10.0726,139.1214,1.0,1.5088041E10,3.2800041E10,0.061,-0.037
2015-10-30,节能风电,sh601016,电力,未知位置,18.4,17.5,18.4,17.69,18.45,24527318,4.37496835E8,0.03,9.6577,133.3907,1.0,1.44665282E10,3.14489282E10,0.0487,-0.0385
2015-11-02,节能风电,sh601016,电力,未知位置,18.27,17.0,17.3,17.41,17.69,18276159,3.25450911E8,0.0223,9.5049,131.2794,1.0,1.42375498E10,3.09511498E10,0.0717,0.0063
2015-11-03,节能风电,sh601016,电力,未知位置,17.85,17.03,17.55,17.53,17.41,15215526,2.64123453E8,0.0186,9.5704,132.1842,1.0,1.43356834E10,3.11644834E10,0.047,-0.0011
2015-11-04,节能风电,sh601016,电力,未知位置,18.49,17.65,17.69,18.34,17.53,24818769,4.49852473E8,0.0303,10.0126,138.292,1.0,1.49980852E10,3.26044852E10,0.0479,0.0367
2015-11-05,节能风电,sh601016,电力,未知位置,18.55,18.01,18.35,18.19,18.34,26633884,4.85522241E8,0.0326,9.9307,137.1609,1.0,1.48754182E10,3.23378182E10,0.0294,-0.0087
2015-11-06,节能风电,sh601016,电力,未知位置,18.8,18.25,18.25,18.44,18.19,25653673,4.75141706E8,0.0314,10.0672,139.046,1.0,1.50798632E10,3.27822632E10,0.0302,0.0104
2015-11-09,节能风电,sh601016,电力,未知位置,18.96,17.68,18.2,18.63,18.44,32179393,5.89725406E8,0.0393,10.1709,140.4787,1.0,1.52352414E10,3.31200414E10,0.0694,0.0236
2015-11-10,节能风电,sh601016,电力,未知位置,18.94,18.2,18.4,18.49,18.63,25055324,4.64367312E8,0.0306,10.0945,139.4231,1.0,1.51207522E10,3.28711522E10,0.0397,0.0048
2015-11-11,节能风电,sh601016,电力,未知位置,18.74,18.18,18.49,18.69,18.49,25438945,4.69180036E8,0.0311,10.2037,140.9312,1.0,1.52843082E10,3.32267082E10,0.0302,0.0108
2015-11-12,节能风电,sh601016,电力,未知位置,19.66,18.75,19.44,19.14,18.69,35859382,6.87802278E8,0.0438,10.4493,144.3244,1.0,1.56523092E10,3.40267092E10,0.0486,-0.0154
2015-11-13,节能风电,sh601016,电力,未知位置,18.99,18.06,18.99,18.17,19.14,23351896,4.30801542E8,0.0286,9.9198,137.0101,1.0,1.48590626E10,3.23022626E10,0.0485,-0.0431
2015-11-16,节能风电,sh601016,电力,未知位置,18.27,17.51,17.74,18.26,18.17,18111389,3.23304817E8,0.0221,9.9689,137.6888,1.0,1.49326628E10,3.24622628E10,0.0418,0.0293
2015-11-17,节能风电,sh601016,电力,未知位置,18.54,17.84,18.5,17.91,18.26,19643377,3.57759251E8,0.024,9.7778,135.0496,1.0,1.46464398E10,3.18400398E10,0.0383,-0.0318
2015-11-18,节能风电,sh601016,电力,未知位置,18.67,17.93,17.93,18.39,17.91,25721851,4.73466029E8,0.0315,10.0399,138.669,1.0,1.50389742E10,3.26933742E10,0.0413,0.0256
2015-11-19,节能风电,sh601016,电力,未知位置,18.59,18.02,18.51,18.49,18.39,18670786,3.40983719E8,0.0228,10.0945,139.4231,1.0,1.51207522E10,3.28711522E10,0.0309,-0.001
2015-11-20,节能风电,sh601016,电力,未知位置,19.43,18.29,18.47,19.18,18.49,34646261,6.56593928E8,0.0424,10.4712,144.626,1.0,1.56850204E10,3.40978204E10,0.0616,0.0384
2015-11-23,节能风电,sh601016,电力,未知位置,19.98,18.8,19.19,18.85,19.18,29709439,5.77862059E8,0.0363,10.291,142.1376,1.0,1.5415153E10,3.3511153E10,0.0615,-0.0177
2015-11-24,节能风电,sh601016,电力,未知位置,18.85,18.17,18.85,18.68,18.85,16258962,3.005002E8,0.0199,10.1982,140.8557,1.0,1.52761304E10,3.32089304E10,0.036,-0.009
2015-11-25,节能风电,sh601016,电力,未知位置,19.19,18.45,18.57,18.82,18.68,17047203,3.20269525E8,0.0208,10.2746,141.9114,1.0,1.53906196E10,3.34578196E10,0.0396,0.0134
2015-11-26,节能风电,sh601016,电力,未知位置,18.97,18.36,18.85,18.42,18.82,16353398,3.03316288E8,0.02,10.0563,138.8952,1.0,1.50635076E10,3.27467076E10,0.0324,-0.0228
2015-11-27,节能风电,sh601016,电力,未知位置,18.4,16.58,18.3,16.59,18.42,20418952,3.56719531E8,0.025,9.0572,125.0962,1.0,1.35669702E10,2.94933702E10,0.0988,-0.0934
2015-11-30,节能风电,sh601016,电力,未知位置,17.18,15.1,16.61,16.74,16.59,17953007,2.95030753E8,0.022,9.1391,126.2273,1.0,1.36896372E10,2.97600372E10,0.1253,0.0078
2015-12-01,节能风电,sh601016,电力,未知位置,16.89,16.15,16.8,16.45,16.74,12224953,2.01450074E8,0.0149,8.9808,124.0405,1.0,1.3452481E10,2.9244481E10,0.0442,-0.0208
2015-12-02,节能风电,sh601016,电力,未知位置,16.48,15.5,16.43,16.34,16.45,10461045,1.68311996E8,0.0128,8.9207,123.2111,1.0,1.33625252E10,2.90489252E10,0.0595,-0.0054
2015-12-03,节能风电,sh601016,电力,未知位置,16.83,16.3,16.48,16.75,16.34,13126506,2.16949733E8,0.0161,9.1445,126.3027,1.0,1.3697815E10,2.9777815E10,0.0324,0.0163
2015-12-04,节能风电,sh601016,电力,未知位置,16.69,16.25,16.69,16.43,16.75,10900737,1.79459147E8,0.0133,8.9698,123.8897,1.0,1.34361254E10,2.92089254E10,0.0262,-0.0155
2015-12-07,节能风电,sh601016,电力,未知位置,16.74,16.16,16.4,16.57,16.43,9605298,1.57917256E8,0.0117,9.0463,124.9454,1.0,1.35506146E10,2.94578146E10,0.0353,0.0103
2015-12-08,节能风电,sh601016,电力,未知位置,16.47,15.93,16.47,16.01,16.57,9714825,1.56752717E8,0.0119,8.7405,120.7227,1.0,1.30926578E10,2.84622578E10,0.0325,-0.0279
2015-12-09,节能风电,sh601016,电力,未知位置,17.0,16.1,16.25,16.42,16.01,16150643,2.68288609E8,0.0197,8.9644,123.8143,1.0,1.34279476E10,2.91911476E10,0.0562,0.0104
2015-12-10,节能风电,sh601016,电力,未知位置,16.29,16.0,16.15,16.08,16.42,9765201,1.57276602E8,0.0119,8.7788,121.2506,1.0,1.31499024E10,2.85867024E10,0.0176,-0.0043
2015-12-11,节能风电,sh601016,电力,未知位置,16.2,15.65,16.08,15.71,16.08,9415494,1.491932E8,0.0115,8.5768,118.4606,1.0,1.28473238E10,2.79289238E10,0.0342,-0.023
2015-12-14,节能风电,sh601016,电力,未知位置,16.0,15.33,15.48,15.93,15.71,8809184,1.3791496E8,0.0108,8.6969,120.1195,1.0,1.30272354E10,2.83200354E10,0.0426,0.029
2015-12-15,节能风电,sh601016,电力,未知位置,16.38,15.83,15.83,16.11,15.93,7889688,1.27356769E8,0.0096,8.7951,121.4768,1.0,1.31744358E10,2.86400358E10,0.0345,0.0176
2015-12-16,节能风电,sh601016,电力,未知位置,16.35,16.05,16.1,16.11,16.11,7861979,1.27201276E8,0.0096,8.7951,121.4768,1.0,1.31744358E10,2.86400358E10,0.0186,6.0E-4
2015-12-17,节能风电,sh601016,电力,未知位置,16.99,16.08,16.1,16.73,16.11,14659097,2.44537663E8,0.0179,9.1336,126.1519,1.0,1.36814594E10,2.97422594E10,0.0564,0.0391
2015-12-18,节能风电,sh601016,电力,未知位置,16.73,16.33,16.73,16.45,16.73,9741890,1.60546275E8,0.0119,8.9808,124.0405,1.0,1.3452481E10,2.9244481E10,0.0239,-0.0167
2015-12-21,节能风电,sh601016,电力,未知位置,16.78,16.33,16.46,16.65,16.45,9947384,1.64822399E8,0.0122,9.09,125.5486,1.0,1.3616037E10,2.9600037E10,0.0273,0.0115
2015-12-22,节能风电,sh601016,电力,未知位置,17.45,16.56,16.75,17.23,16.65,20967617,3.57312984E8,0.0256,9.4066,129.9221,1.0,1.40903494E10,3.06311494E10,0.0534,0.0286
2015-12-23,节能风电,sh601016,电力,未知位置,17.29,16.59,17.01,16.62,17.23,13793179,2.33525269E8,0.0169,9.0736,125.3224,1.0,1.35915036E10,2.95467036E10,0.0406,-0.0229
2015-12-24,节能风电,sh601016,电力,未知位置,16.6,16.08,16.4,16.42,16.62,7968032,1.30198045E8,0.0097,8.9644,123.8143,1.0,1.34279476E10,2.91911476E10,0.0312,0.0012
2015-12-25,节能风电,sh601016,电力,未知位置,16.6,16.36,16.47,16.45,16.42,6069606,9.9922261E7,0.0074,8.9808,124.0405,1.0,1.3452481E10,2.9244481E10,0.0146,-0.0012
2015-12-28,节能风电,sh601016,电力,未知位置,16.62,15.98,16.5,15.99,16.45,9931971,1.61337064E8,0.0121,8.7296,120.5719,1.0,1.30763022E10,2.84267022E10,0.0389,-0.0309
2015-12-29,节能风电,sh601016,电力,未知位置,16.12,15.55,15.97,15.96,15.99,10166081,1.60250071E8,0.0124,8.7133,120.3457,1.0,1.30517688E10,2.83733688E10,0.0356,-6.0E-4
2015-12-30,节能风电,sh601016,电力,未知位置,16.05,15.78,15.96,15.98,15.96,6587076,1.0490451E8,0.0081,10.1964,140.8303,1.0,1.30681244E10,3.32029244E10,0.0169,0.0012
2015-12-31,节能风电,sh601016,电力,未知位置,16.14,15.75,16.1,15.78,15.98,5666489,8.9968122E7,0.0069,5.2374,139.0677,1.0,1.29045684E10,3.27873684E10,0.0244,-0.0198
2016-01-04,节能风电,sh601016,电力,未知位置,15.81,14.2,15.78,14.2,15.78,7365424,1.10120802E8,0.009,4.713,125.1433,1.0,1.1612476E10,2.9504476E10,0.102,-0.1001
2016-01-05,节能风电,sh601016,电力,未知位置,14.35,13.0,13.5,13.64,14.2,10653556,1.45944296E8,0.013,4.5272,120.2081,1.0,1.11545192E10,2.83409192E10,0.095,0.0103
2016-01-06,节能风电,sh601016,电力,未知位置,14.1,13.7,13.72,14.07,13.64,7792005,1.08299733E8,0.0095,4.6699,123.9976,1.0,1.15061646E10,2.92343646E10,0.0293,0.0255
2016-01-07,节能风电,sh601016,电力,未知位置,13.93,12.67,13.93,12.77,14.07,1999415,2.6748562E7,0.0024,4.2384,112.5408,1.0,1.04430506E10,2.65332506E10,0.0895,-0.0832
2016-01-08,节能风电,sh601016,电力,未知位置,13.6,12.0,13.2,13.16,12.77,9034324,1.18136364E8,0.011,4.3679,115.9779,1.0,1.07619848E10,2.73435848E10,0.1252,-0.003
2016-01-11,节能风电,sh601016,电力,未知位置,13.16,12.15,13.05,12.28,13.16,8464687,1.07917883E8,0.0104,4.0758,108.2225,1.0,1.00423384E10,2.55151384E10,0.0767,-0.059
2016-01-12,节能风电,sh601016,电力,未知位置,12.52,12.01,12.2,12.3,12.28,6081915,7.4517956E7,0.0074,4.0824,108.3988,1.0,1.0058694E10,2.5556694E10,0.0415,0.0081
2016-01-13,节能风电,sh601016,电力,未知位置,12.53,11.8,12.35,11.92,12.3,6529846,7.9532974E7,0.008,3.9563,105.0499,1.0,9.7479376E9,2.47671376E10,0.0593,-0.0348
2016-01-14,节能风电,sh601016,电力,未知位置,12.2,11.35,11.5,12.18,11.92,7292212,8.6072082E7,0.0089,4.0426,107.3412,1.0,9.9605604E9,2.53073604E10,0.0713,0.0591
2016-01-15,节能风电,sh601016,电力,未知位置,12.1,11.41,12.0,11.55,12.18,6266276,7.3484409E7,0.0077,3.8335,101.7891,1.0,9.445359E9,2.3998359E10,0.0566,-0.0374
2016-01-18,节能风电,sh601016,电力,未知位置,11.57,10.75,10.8,11.41,11.55,10258196,1.14956202E8,0.0125,3.787,100.5553,1.0,9.3308698E9,2.37074698E10,0.0709,0.0564
2016-01-19,节能风电,sh601016,电力,未知位置,11.81,11.12,11.25,11.77,11.41,10344106,1.188086E8,0.0126,3.9065,103.7279,1.0,9.6252706E9,2.44554706E10,0.0604,0.0462
2016-01-20,节能风电,sh601016,电力,未知位置,12.58,11.3,11.74,12.0,11.77,13499247,1.60459014E8,0.0165,3.9828,105.7549,1.0,9.81336E9,2.493336E10,0.1087,0.0221
2016-01-21,节能风电,sh601016,电力,未知位置,11.92,11.2,11.71,11.22,12.0,8131931,9.4452739E7,0.0099,3.724,98.8808,1.0,9.1754916E9,2.33126916E10,0.06,-0.0418
2016-01-22,节能风电,sh601016,电力,未知位置,11.49,11.04,11.33,11.29,11.22,5204992,5.8677362E7,0.0064,3.7472,99.4977,1.0,9.2327362E9,2.34581362E10,0.0401,-0.0035
2016-01-25,节能风电,sh601016,电力,未知位置,12.0,11.3,11.42,11.83,11.29,9360615,1.09403265E8,0.0114,3.9264,104.2567,1.0,9.6743374E9,2.45801374E10,0.062,0.0359
2016-01-26,节能风电,sh601016,电力,未知位置,11.65,10.65,11.6,10.65,11.83,7901286,8.8396609E7,0.0097,3.5348,93.8575,1.0,8.709357E9,2.2128357E10,0.0845,-0.0818
2016-01-27,节能风电,sh601016,电力,未知位置,10.85,9.8,10.78,10.14,10.65,7235491,7.4040196E7,0.0088,3.3655,89.3629,1.0,8.2922892E9,2.10686892E10,0.0985,-0.0593
2016-01-28,节能风电,sh601016,电力,未知位置,10.46,9.95,10.18,9.98,10.14,7435128,7.6149315E7,0.0091,3.3124,87.9528,1.0,8.1614444E9,2.07362444E10,0.0502,-0.0196
2016-01-29,节能风电,sh601016,电力,未知位置,10.4,9.89,10.0,10.28,9.98,7031169,7.1646839E7,0.0086,3.412,90.5967,1.0,8.4067784E9,2.13595784E10,0.0511,0.0279
2016-02-01,节能风电,sh601016,电力,未知位置,10.45,9.95,10.2,10.09,10.28,4195501,4.2579885E7,0.0051,3.3489,88.9222,1.0,8.2514002E9,2.09648002E10,0.0486,-0.0107
2016-02-02,节能风电,sh601016,电力,未知位置,10.47,10.15,10.15,10.4,10.09,5546765,5.7470456E7,0.0068,3.4518,91.6542,1.0,8.504912E9,2.1608912E10,0.0317,0.0246
2016-02-03,节能风电,sh601016,电力,未知位置,10.42,10.11,10.3,10.36,10.4,4065700,4.1628275E7,0.005,3.4385,91.3017,1.0,8.4722008E9,2.15258008E10,0.0298,0.0058
2016-02-04,节能风电,sh601016,电力,未知位置,10.64,10.4,10.63,10.56,10.36,6058850,6.3843601E7,0.0074,3.5049,93.0643,1.0,8.6357568E9,2.19413568E10,0.0231,-0.0065
2016-02-05,节能风电,sh601016,电力,未知位置,10.63,10.35,10.6,10.39,10.56,4315899,4.5180412E7,0.0053,3.4485,91.5661,1.0,8.4967342E9,2.15881342E10,0.0265,-0.0198
2016-02-15,节能风电,sh601016,电力,未知位置,10.33,9.9,10.0,10.18,10.39,3585492,3.6257542E7,0.0044,3.3788,89.7154,1.0,8.3250004E9,2.11518004E10,0.0413,0.0179
2016-02-16,节能风电,sh601016,电力,未知位置,10.68,10.22,10.22,10.64,10.18,7380799,7.7961009E7,0.009,3.5315,93.7693,1.0,8.7011792E9,2.21075792E10,0.0451,0.041
2016-02-17,节能风电,sh601016,电力,未知位置,11.1,10.53,10.64,10.93,10.64,9036567,9.8245815E7,0.0111,3.6277,96.3251,1.0,8.9383354E9,2.27101354E10,0.0535,0.0272
2016-02-18,节能风电,sh601016,电力,未知位置,12.02,10.89,11.0,12.02,10.93,12135627,1.41119532E8,0.0148,3.9895,105.9312,1.0,9.8297156E9,2.49749156E10,0.1033,0.0927
2016-02-19,节能风电,sh601016,电力,未知位置,12.98,12.0,12.2,12.53,12.02,26489252,3.30996038E8,0.0324,4.1588,110.4257,1.0,1.02467834E10,2.60345834E10,0.0815,0.027
2016-02-22,节能风电,sh601016,电力,未知位置,12.8,12.22,12.69,12.63,12.53,17180540,2.13456152E8,0.021,4.1919,111.307,1.0,1.03285614E10,2.62423614E10,0.0462,-0.0047
2016-02-23,节能风电,sh601016,电力,未知位置,12.59,12.08,12.58,12.21,12.63,11484952,1.41137116E8,0.014,4.0525,107.6056,1.0,9.9850938E9,2.53696938E10,0.0403,-0.0294
2016-02-24,节能风电,sh601016,电力,未知位置,12.79,12.03,12.03,12.34,12.21,10102513,1.25306781E8,0.0124,4.0957,108.7513,1.0,1.00914052E10,2.56398052E10,0.0622,0.0257
2016-02-25,节能风电,sh601016,电力,未知位置,12.29,11.11,12.29,11.11,12.34,15723278,1.81871155E8,0.0192,3.6875,97.9114,1.0,9.0855358E9,2.30841358E10,0.0956,-0.096
2016-02-26,节能风电,sh601016,电力,未知位置,11.33,10.51,11.14,10.86,11.11,9035208,9.7885948E7,0.011,3.6045,95.7082,1.0,8.8810908E9,2.25646908E10,0.0738,-0.0251
2016-02-29,节能风电,sh601016,电力,未知位置,10.83,9.88,10.53,10.19,10.86,8045455,8.1923338E7,0.0098,3.3821,89.8035,1.0,8.3331782E9,2.11725782E10,0.0874,-0.0322
2016-03-01,节能风电,sh601016,电力,未知位置,10.45,10.08,10.19,10.42,10.19,5851415,6.0227195E7,0.0072,3.4584,91.8305,1.0,8.5212676E9,2.16504676E10,0.0363,0.0225
2016-03-02,节能风电,sh601016,电力,未知位置,10.98,10.35,10.37,10.93,10.42,9250029,9.893582E7,0.0113,3.6277,96.3251,1.0,8.9383354E9,2.27101354E10,0.0604,0.054
2016-03-03,节能风电,sh601016,电力,未知位置,11.28,10.9,11.0,10.94,10.93,9385975,1.04216094E8,0.0115,3.631,96.4132,1.0,8.9465132E9,2.27309132E10,0.0347,-0.0054
2016-03-04,节能风电,sh601016,电力,未知位置,11.23,10.28,11.1,10.55,10.94,8748291,9.4245217E7,0.0107,3.5016,92.9762,1.0,8.627579E9,2.1920579E10,0.0868,-0.0495
2016-03-07,节能风电,sh601016,电力,未知位置,10.98,10.61,10.7,10.83,10.55,6047964,6.5505154E7,0.0074,3.5945,95.4438,1.0,8.8565574E9,2.25023574E10,0.035,0.0121
2016-03-08,节能风电,sh601016,电力,未知位置,10.87,10.31,10.76,10.84,10.83,5873392,6.1981816E7,0.0072,3.5978,95.5319,1.0,8.8647352E9,2.25231352E10,0.0517,0.0074
2016-03-09,节能风电,sh601016,电力,未知位置,10.94,10.43,10.68,10.7,10.84,5881151,6.3140551E7,0.0072,3.5514,94.2981,1.0,8.750246E9,2.2232246E10,0.047,0.0018
2016-03-10,节能风电,sh601016,电力,未知位置,10.86,10.35,10.59,10.41,10.7,5384570,5.6934587E7,0.0066,3.4551,91.7424,1.0,8.5130898E9,2.16296898E10,0.0476,-0.0169
2016-03-11,节能风电,sh601016,电力,未知位置,10.44,10.16,10.29,10.35,10.41,4021038,4.1497434E7,0.0049,3.4352,91.2136,1.0,8.464023E9,2.1505023E10,0.0268,0.0058
2016-03-14,节能风电,sh601016,电力,未知位置,10.8,10.53,10.6,10.74,10.35,6415600,6.8718857E7,0.0078,3.5647,94.6506,1.0,8.7829572E9,2.23153572E10,0.026,0.0132
2016-03-15,节能风电,sh601016,电力,未知位置,10.79,10.58,10.79,10.62,10.74,4115423,4.3828145E7,0.005,3.5248,93.5931,1.0,8.6848236E9,2.20660236E10,0.0195,-0.0157
2016-03-16,节能风电,sh601016,电力,未知位置,10.78,10.44,10.7,10.45,10.62,3998759,4.2143388E7,0.0049,3.4684,92.0949,1.0,8.545801E9,2.1712801E10,0.032,-0.0233
2016-03-17,节能风电,sh601016,电力,未知位置,10.85,10.44,10.56,10.73,10.45,6860542,7.3084589E7,0.0084,3.5613,94.5625,1.0,8.7747794E9,2.22945794E10,0.0392,0.016
2016-03-18,节能风电,sh601016,电力,未知位置,11.23,10.75,10.8,11.18,10.73,11894260,1.3129431E8,0.0145,3.7107,98.5283,1.0,9.1427804E9,2.32295804E10,0.0447,0.0351
2016-03-21,节能风电,sh601016,电力,未知位置,11.57,11.18,11.29,11.54,11.18,13385379,1.52680003E8,0.0164,3.8302,101.701,1.0,9.4371812E9,2.39775812E10,0.0348,0.0221
2016-03-22,节能风电,sh601016,电力,未知位置,11.95,11.31,11.54,11.44,11.54,13343583,1.54689311E8,0.0163,3.797,100.8197,1.0,9.3554032E9,2.37698032E10,0.0554,-0.0086
2016-03-23,节能风电,sh601016,电力,未知位置,11.48,11.26,11.3,11.43,11.44,9131727,1.03833436E8,0.0112,3.7937,100.7315,1.0,9.3472254E9,2.37490254E10,0.0192,0.0115
2016-03-24,节能风电,sh601016,电力,未知位置,11.43,11.16,11.36,11.18,11.43,8199122,9.2492279E7,0.01,3.7107,98.5283,1.0,9.1427804E9,2.32295804E10,0.0236,-0.0158
2016-03-25,节能风电,sh601016,电力,未知位置,11.35,11.1,11.17,11.29,11.18,5743879,6.4459264E7,0.007,3.7472,99.4977,1.0,9.2327362E9,2.34581362E10,0.0223,0.0107
2016-03-28,节能风电,sh601016,电力,未知位置,11.55,11.3,11.37,11.34,11.29,8010554,9.1539366E7,0.0098,3.7638,99.9384,1.0,9.2736252E9,2.35620252E10,0.0221,-0.0026
2016-03-29,节能风电,sh601016,电力,未知位置,11.45,11.0,11.45,11.08,11.34,5806740,6.4765044E7,0.0071,3.6775,97.647,1.0,9.0610024E9,2.30218024E10,0.0396,-0.0323
2016-03-30,节能风电,sh601016,电力,未知位置,11.49,11.12,11.14,11.44,11.08,6732069,7.615204E7,0.0082,3.797,100.8197,1.0,9.3554032E9,2.37698032E10,0.0333,0.0269
2016-03-31,节能风电,sh601016,电力,未知位置,11.65,11.24,11.58,11.37,11.44,7795456,8.8967813E7,0.0095,3.7738,100.2028,1.0,9.2981586E9,2.36243586E10,0.0358,-0.0181
2016-04-01,节能风电,sh601016,电力,未知位置,11.34,11.11,11.29,11.33,11.37,6447594,7.2280581E7,0.0079,3.7605,99.8502,1.0,9.2654474E9,2.35412474E10,0.0202,0.0035
2016-04-05,节能风电,sh601016,电力,未知位置,11.66,11.28,11.36,11.63,11.33,10755798,1.23944268E8,0.0132,3.86,102.4941,1.0,9.5107814E9,2.41645814E10,0.0335,0.0237
2016-04-06,节能风电,sh601016,电力,未知位置,11.66,11.5,11.61,11.6,11.63,8815850,1.02060364E8,0.0108,3.8501,102.2297,1.0,9.486248E9,2.4102248E10,0.0137,-8.0E-4
2016-04-07,节能风电,sh601016,电力,未知位置,12.3,11.61,11.69,11.63,11.6,16769173,1.99943062E8,0.0205,3.86,102.4941,1.0,9.5107814E9,2.41645814E10,0.0594,-0.0051
2016-04-08,节能风电,sh601016,电力,未知位置,11.58,11.25,11.38,11.36,11.63,8433647,9.5651237E7,0.0103,3.7704,100.1146,1.0,9.2899808E9,2.36035808E10,0.0283,-0.0017
