2016-04-08
2013-12-19,浙能电力,sh600023,电力,浙江省,9.39,8.36,8.5,8.88,5.53,277465920,2.43918054E9,0.4562,2.9091,23.1187,0.7278274,5.4006118E9,8.0856244E10,0.1862,0.0447
2013-12-20,浙能电力,sh600023,电力,浙江省,8.17,7.99,8.0,7.99,8.88,33114584,2.654108E8,0.0544,2.6176,20.8016,0.7278274,4.8593341E9,7.2752407E10,0.0202,-0.0012
2013-12-23,浙能电力,sh600023,电力,浙江省,7.82,7.19,7.19,7.4,7.99,151465264,1.11578458E9,0.249,2.4243,19.2656,0.7278274,4.500509911E9,6.7380201277E10,0.0788,0.0292
2013-12-24,浙能电力,sh600023,电力,浙江省,7.59,7.12,7.29,7.53,7.4,120782280,8.8855219E8,0.1986,2.4669,19.604,0.7278274,4.5795727E9,6.8563907E10,0.0635,0.0329
2013-12-25,浙能电力,sh600023,电力,浙江省,7.56,7.28,7.37,7.34,7.53,84249832,6.21184E8,0.1385,2.4046,19.1094,0.7278274,4.4640195E9,6.6833875E10,0.0371,-0.004
2013-12-26,浙能电力,sh600023,电力,浙江省,7.48,7.11,7.25,7.21,7.34,70219360,5.1182896E8,0.1155,2.362,18.7709,0.7278274,4.3849564E9,6.5650168E10,0.0504,-0.0055
2013-12-27,浙能电力,sh600023,电力,浙江省,7.43,7.11,7.14,7.28,7.21,66838696,4.87258464E8,0.1099,2.385,18.9532,0.7278274,4.4275287E9,6.628755E10,0.0443,0.0196
2013-12-30,浙能电力,sh600023,电力,浙江省,7.35,6.88,7.31,6.92,7.28,85897672,6.1004781E8,0.1412,2.267,18.0159,0.7278274,4.20858496E9,6.3009595E10,0.0645,-0.0533
2013-12-31,浙能电力,sh600023,电力,浙江省,6.88,6.65,6.8,6.76,6.92,61696744,4.17556704E8,0.1014,1.7031,10.6913,0.7278274,4.11122688E9,6.1552726E10,0.0332,-0.0058
2014-01-02,浙能电力,sh600023,电力,浙江省,6.9,6.74,6.75,6.82,6.76,44545196,3.03900512E8,0.0732,1.7182,10.7861,0.7278274,4.14771712E9,6.209905E10,0.0236,0.0103
2014-01-03,浙能电力,sh600023,电力,浙江省,6.82,6.54,6.78,6.73,6.82,60690352,4.0448608E8,0.0998,1.6955,10.6438,0.7278274,4.09298176E9,6.127956E10,0.041,-0.0073
2014-01-06,浙能电力,sh600023,电力,浙江省,6.96,6.66,6.69,6.77,6.73,56959660,3.88626464E8,0.0937,1.7056,10.7071,0.7278274,4.11730867E9,6.164378E10,0.0445,0.0119
2014-01-07,浙能电力,sh600023,电力,浙江省,6.76,6.58,6.73,6.68,6.77,31335026,2.08980864E8,0.0515,1.6829,10.5647,0.7278274,4.06257331E9,6.0824289E10,0.0265,-0.0074
2014-01-08,浙能电力,sh600023,电力,浙江省,6.91,6.62,6.65,6.74,6.68,46937432,3.18113664E8,0.0772,1.6981,10.6596,0.7278274,4.09906355E9,6.1370614E10,0.0434,0.0135
2014-01-09,浙能电力,sh600023,电力,浙江省,6.76,6.48,6.68,6.53,6.74,43098092,2.86285056E8,0.0709,1.6452,10.3275,0.7278274,3.97134797E9,5.9458474E10,0.0415,-0.0224
2014-01-10,浙能电力,sh600023,电力,浙江省,6.58,6.33,6.49,6.4,6.53,39336364,2.5338648E8,0.0647,1.6124,10.1219,0.7278274,3.89228595E9,5.8274768672E10,0.0382,-0.0138
2014-01-13,浙能电力,sh600023,电力,浙江省,6.46,6.07,6.41,6.11,6.4,42398792,2.64653376E8,0.0697,1.5393,9.6632,0.7278274,3.71591654E9,5.5634194E10,0.0609,-0.0468
2014-01-14,浙能电力,sh600023,电力,浙江省,6.17,6.01,6.09,6.14,6.11,33816200,2.06293888E8,0.0556,1.5469,9.7107,0.7278274,3.73416166E9,5.5907357E10,0.0261,0.0082
2014-01-15,浙能电力,sh600023,电力,浙江省,6.15,6.01,6.15,6.05,6.14,29126896,1.76566112E8,0.0479,1.5242,9.5684,0.7278274,3.67942656E9,5.5087866E10,0.0228,-0.0162
2014-01-16,浙能电力,sh600023,电力,浙江省,6.66,6.04,6.06,6.46,6.05,93288080,6.023159E8,0.1534,1.6275,10.2168,0.7278274,3.92877594E9,5.8821095E10,0.1024,0.066
2014-01-17,浙能电力,sh600023,电力,浙江省,6.41,6.12,6.33,6.15,6.46,52563516,3.28968992E8,0.0864,1.5494,9.7265,0.7278274,3.74024346E9,5.5998411E10,0.0448,-0.0284
2014-01-20,浙能电力,sh600023,电力,浙江省,6.24,6.06,6.09,6.14,6.15,23158026,1.4231232E8,0.0381,1.5469,9.7107,0.7278274,3.73416166E9,5.5907357E10,0.0292,0.0082
2014-01-21,浙能电力,sh600023,电力,浙江省,6.39,6.11,6.11,6.26,6.14,36766176,2.29930176E8,0.0605,1.5771,9.9005,0.7278274,3.80714214E9,5.700001E10,0.0456,0.0245
2014-01-22,浙能电力,sh600023,电力,浙江省,6.47,6.18,6.2,6.4,6.26,47070952,2.99584704E8,0.0774,1.6124,10.1219,0.7278274,3.89228595E9,5.8274768672E10,0.0463,0.0322
2014-01-23,浙能电力,sh600023,电力,浙江省,6.38,6.25,6.37,6.29,6.4,37107904,2.33897296E8,0.061,1.5847,9.9479,0.7278274,3.82538726E9,5.7273172E10,0.0203,-0.0125
2014-01-24,浙能电力,sh600023,电力,浙江省,6.44,6.24,6.27,6.37,6.29,40057668,2.5466376E8,0.0659,1.6048,10.0745,0.7278274,3.87404083E9,5.8001605E10,0.0317,0.0159
2014-01-27,浙能电力,sh600023,电力,浙江省,6.34,6.13,6.31,6.16,6.37,35813152,2.22293808E8,0.0589,1.5519,9.7423,0.7278274,3.74632499E9,5.6089465E10,0.0329,-0.0237
2014-01-28,浙能电力,sh600023,电力,浙江省,6.57,6.19,6.24,6.38,6.16,59511012,3.81004E8,0.0979,1.6074,10.0903,0.7278274,3.88012237E9,5.8092659E10,0.0616,0.0224
2014-01-29,浙能电力,sh600023,电力,浙江省,6.4,6.24,6.33,6.31,6.38,33505642,2.10961072E8,0.0551,1.5897,9.9796,0.7278274,3.83755059E9,5.745528E10,0.025,-0.0031
2014-01-30,浙能电力,sh600023,电力,浙江省,6.29,6.16,6.29,6.2,6.31,17136556,1.06500128E8,0.0282,1.562,9.8056,0.7278274,3.7706519E9,5.6453682151E10,0.0206,-0.0143
2014-02-07,浙能电力,sh600023,电力,浙江省,6.2,6.06,6.15,6.2,6.2,17430812,1.07062464E8,0.0287,1.562,9.8056,0.7278274,3.7706519E9,5.6453682151E10,0.0225,0.0081
2014-02-10,浙能电力,sh600023,电力,浙江省,6.37,6.18,6.23,6.35,6.2,34701536,2.18850992E8,0.0571,1.5998,10.0428,0.7278274,3.86187725E9,5.7819496E10,0.0306,0.0192
2014-02-11,浙能电力,sh600023,电力,浙江省,6.44,6.25,6.34,6.37,6.35,47089328,2.98304544E8,0.0774,1.6048,10.0745,0.7278274,3.87404083E9,5.8001605E10,0.0299,0.0047
2014-02-12,浙能电力,sh600023,电力,浙江省,6.57,6.31,6.37,6.49,6.37,55137212,3.55374688E8,0.0907,1.6351,10.2642,0.7278274,3.94702106E9,5.9094258E10,0.0408,0.0188
2014-02-13,浙能电力,sh600023,电力,浙江省,6.48,6.28,6.42,6.29,6.49,39224576,2.50329072E8,0.0645,1.5847,9.9479,0.7278274,3.82538726E9,5.7273172E10,0.0308,-0.0202
2014-02-14,浙能电力,sh600023,电力,浙江省,6.39,6.26,6.29,6.37,6.29,23735626,1.5059464E8,0.039,1.6048,10.0745,0.7278274,3.87404083E9,5.8001605E10,0.0206,0.0127
2014-02-17,浙能电力,sh600023,电力,浙江省,6.65,6.41,6.43,6.61,6.37,55163792,3.60441824E8,0.0907,1.6653,10.454,0.7278274,4.02000154E9,6.0186911E10,0.0376,0.0279
2014-02-18,浙能电力,sh600023,电力,浙江省,6.96,6.49,6.6,6.78,6.61,88834152,6.0085261E8,0.1461,1.7081,10.7229,0.7278274,4.12339021E9,6.1734834E10,0.0711,0.0272
2014-02-19,浙能电力,sh600023,电力,浙江省,6.87,6.6,6.7,6.7,6.78,49107024,3.31159648E8,0.0807,1.688,10.5964,0.7278274,4.07473664E9,6.1006397E10,0.0398,0.0
2014-02-20,浙能电力,sh600023,电力,浙江省,6.95,6.68,6.69,6.74,6.7,50919040,3.47240384E8,0.0837,1.6981,10.6596,0.7278274,4.09906355E9,6.1370614E10,0.0402,0.0074
2014-02-21,浙能电力,sh600023,电力,浙江省,6.72,6.5,6.72,6.57,6.74,36988196,2.43527376E8,0.0608,1.6552,10.3908,0.7278274,3.99567462E9,5.982269E10,0.0326,-0.0223
2014-02-24,浙能电力,sh600023,电力,浙江省,6.56,6.37,6.53,6.45,6.57,23048144,1.48419504E8,0.0379,1.625,10.201,0.7278274,3.9226944E9,5.8730041E10,0.0289,-0.0122
2014-02-25,浙能电力,sh600023,电力,浙江省,6.55,6.11,6.47,6.21,6.45,30086238,1.91814864E8,0.0495,1.5645,9.8214,0.7278274,3.7767337E9,5.6544735E10,0.0682,-0.0401
2014-02-26,浙能电力,sh600023,电力,浙江省,6.24,6.1,6.2,6.23,6.21,19446652,1.20024336E8,0.032,1.5696,9.853,0.7278274,3.78889702E9,5.6726843E10,0.0225,0.0048
2014-02-27,浙能电力,sh600023,电力,浙江省,6.57,6.16,6.23,6.48,6.23,43377244,2.77191424E8,0.0713,1.6326,10.2484,0.7278274,3.94093952E9,5.9003204E10,0.0658,0.0401
2014-02-28,浙能电力,sh600023,电力,浙江省,6.56,6.38,6.41,6.54,6.48,31918320,2.06698768E8,0.0525,1.6477,10.3433,0.7278274,3.9774295E9,5.9549528E10,0.0277,0.0202
2014-03-03,浙能电力,sh600023,电力,浙江省,6.74,6.48,6.51,6.57,6.54,33758040,2.229936E8,0.0555,1.6552,10.3908,0.7278274,3.99567462E9,5.982269E10,0.0397,0.0092
2014-03-04,浙能电力,sh600023,电力,浙江省,6.63,6.41,6.52,6.53,6.57,24688024,1.60800272E8,0.0406,1.6452,10.3275,0.7278274,3.97134797E9,5.9458474E10,0.0334,0.0015
2014-03-05,浙能电力,sh600023,电力,浙江省,6.69,6.44,6.55,6.59,6.53,32369364,2.12516048E8,0.0532,1.6603,10.4224,0.7278274,4.00783795E9,6.0004803E10,0.0382,0.0061
2014-03-06,浙能电力,sh600023,电力,浙江省,6.58,6.46,6.54,6.52,6.59,20295722,1.32294328E8,0.0334,1.6426,10.3117,0.7278274,3.96526618E9,5.936742E10,0.0182,-0.003
2014-03-07,浙能电力,sh600023,电力,浙江省,6.59,6.3,6.52,6.33,6.52,22742980,1.466136E8,0.0374,1.5948,10.0112,0.7278274,3.84971392E9,5.7637388E10,0.0444,-0.0291
2014-03-10,浙能电力,sh600023,电力,浙江省,6.25,6.09,6.25,6.1,6.33,20940918,1.29136592E8,0.0344,1.5368,9.6474,0.7278274,3.70983501E9,5.554314E10,0.0252,-0.024
2014-03-11,浙能电力,sh600023,电力,浙江省,6.17,6.01,6.05,6.14,6.1,13893554,8.4728488E7,0.0228,1.5469,9.7107,0.7278274,3.73416166E9,5.5907357E10,0.0262,0.0148
2014-03-12,浙能电力,sh600023,电力,浙江省,6.17,6.04,6.17,6.12,6.14,11603616,7.0773992E7,0.0191,1.5419,9.6791,0.7278274,3.72199834E9,5.5725249E10,0.0211,-0.0081
2014-03-13,浙能电力,sh600023,电力,浙江省,6.27,6.13,6.13,6.22,6.12,16649636,1.0343664E8,0.0274,1.5671,9.8372,0.7278274,3.78281523E9,5.6635789E10,0.0228,0.0146
2014-03-14,浙能电力,sh600023,电力,浙江省,6.18,6.1,6.16,6.13,6.22,9865921,6.051788E7,0.0162,1.5444,9.6949,0.7278274,3.72808013E9,5.5816303E10,0.0128,-0.0048
2014-03-17,浙能电力,sh600023,电力,浙江省,6.18,6.11,6.13,6.18,6.13,9543364,5.8707532E7,0.0157,1.557,9.774,0.7278274,3.75848858E9,5.6271573E10,0.0114,0.0081
2014-03-18,浙能电力,sh600023,电力,浙江省,6.3,6.16,6.18,6.24,6.18,16265209,1.01359216E8,0.0267,1.5721,9.8688,0.7278274,3.79497856E9,5.6817897E10,0.0226,0.0097
2014-03-19,浙能电力,sh600023,电力,浙江省,6.24,6.13,6.23,6.19,6.24,11722143,7.2457192E7,0.0193,1.5595,9.7898,0.7278274,3.76457011E9,5.6362627E10,0.0176,-0.0064
2014-03-20,浙能电力,sh600023,电力,浙江省,6.21,6.03,6.19,6.04,6.19,15186249,9.2927848E7,0.025,1.5217,9.5525,0.7278274,3.67334477E9,5.4996812E10,0.029,-0.0242
2014-03-21,浙能电力,sh600023,电力,浙江省,6.21,6.0,6.02,6.19,6.04,15585277,9.5519232E7,0.0256,1.5595,9.7898,0.7278274,3.76457011E9,5.6362627E10,0.0347,0.0282
2014-03-24,浙能电力,sh600023,电力,浙江省,6.29,6.18,6.26,6.23,6.19,16749069,1.04247216E8,0.0275,1.5696,9.853,0.7278274,3.78889702E9,5.6726843E10,0.0177,-0.0047
2014-03-25,浙能电力,sh600023,电力,浙江省,6.43,6.19,6.24,6.31,6.23,29101600,1.84306976E8,0.0479,1.5897,9.9796,0.7278274,3.83755059E9,5.745528E10,0.0385,0.0112
2014-03-26,浙能电力,sh600023,电力,浙江省,6.33,6.21,6.28,6.24,6.31,14585043,9.1104744E7,0.024,1.5721,9.8688,0.7278274,3.79497856E9,5.6817897E10,0.019,-0.0063
2014-03-27,浙能电力,sh600023,电力,浙江省,6.23,6.13,6.23,6.15,6.24,13038990,8.0531736E7,0.0214,1.5494,9.7265,0.7278274,3.74024346E9,5.5998411E10,0.016,-0.0128
2014-03-28,浙能电力,sh600023,电力,浙江省,6.21,6.12,6.17,6.16,6.15,9807180,6.0292752E7,0.0161,1.5519,9.7423,0.7278274,3.74632499E9,5.6089465E10,0.0146,-0.0016
2014-03-31,浙能电力,sh600023,电力,浙江省,6.32,6.2,6.21,6.22,6.16,18158024,1.13571736E8,0.0299,1.5221,9.5001,0.7278274,3.78281523E9,5.6635789E10,0.0194,0.0016
2014-04-01,浙能电力,sh600023,电力,浙江省,6.29,6.18,6.21,6.25,6.22,10630983,6.639702E7,0.0175,1.5295,9.546,0.7278274,3.80106035E9,5.6908956E10,0.0176,0.0064
2014-04-02,浙能电力,sh600023,电力,浙江省,6.28,6.22,6.27,6.25,6.25,11751760,7.3382432E7,0.0193,1.5295,9.546,0.7278274,3.80106035E9,5.6908956E10,0.0096,-0.0031
2014-04-03,浙能电力,sh600023,电力,浙江省,6.26,6.18,6.25,6.2,6.25,10537275,6.5538984E7,0.0173,1.5172,9.4696,0.7278274,3.7706519E9,5.6453682151E10,0.0128,-0.0079
2014-04-04,浙能电力,sh600023,电力,浙江省,6.24,6.17,6.18,6.24,6.2,8052124,4.9995064E7,0.0132,1.527,9.5307,0.7278274,3.79497856E9,5.6817897E10,0.0112,0.0097
2014-04-08,浙能电力,sh600023,电力,浙江省,6.32,6.21,6.22,6.32,6.24,18258310,1.14787496E8,0.03,1.5466,9.6529,0.7278274,3.84363238E9,5.7546334E10,0.0176,0.016
2014-04-09,浙能电力,sh600023,电力,浙江省,6.33,6.26,6.32,6.3,6.32,13986160,8.7973776E7,0.023,1.5417,9.6223,0.7278274,3.8314688E9,5.7364226E10,0.011,-0.0031
2014-04-10,浙能电力,sh600023,电力,浙江省,6.37,6.26,6.29,6.36,6.3,21010806,1.32721144E8,0.0345,1.5564,9.714,0.7278274,3.86795904E9,5.7910551E10,0.0174,0.0111
2014-04-11,浙能电力,sh600023,电力,浙江省,6.5,6.32,6.34,6.38,6.36,27570440,1.77093504E8,0.0453,1.5613,9.7445,0.7278274,3.88012237E9,5.8092659E10,0.0283,0.0063
2014-04-14,浙能电力,sh600023,电力,浙江省,6.49,6.37,6.38,6.46,6.38,18317328,1.17962504E8,0.0301,1.5809,9.8667,0.7278274,3.92877594E9,5.8821095E10,0.0188,0.0125
2014-04-15,浙能电力,sh600023,电力,浙江省,6.47,6.33,6.47,6.35,6.46,15969891,1.01904224E8,0.0263,1.554,9.6987,0.7278274,3.86187725E9,5.7819496E10,0.0216,-0.0185
2014-04-16,浙能电力,sh600023,电力,浙江省,6.38,6.3,6.33,6.35,6.35,11348405,7.1965216E7,0.0187,1.554,9.6987,0.7278274,3.86187725E9,5.7819496E10,0.0125,0.0031
2014-04-17,浙能电力,sh600023,电力,浙江省,6.4,6.29,6.36,6.3,6.35,9971252,6.322328E7,0.0164,1.5417,9.6223,0.7278274,3.8314688E9,5.7364226E10,0.0173,-0.0094
2014-04-18,浙能电力,sh600023,电力,浙江省,6.31,6.24,6.29,6.27,6.3,11387286,7.1422096E7,0.0187,1.5344,9.5765,0.7278274,3.81322368E9,5.7091064E10,0.0111,-0.0031
2014-04-21,浙能电力,sh600023,电力,浙江省,6.35,6.23,6.28,6.25,6.27,11335624,7.14712E7,0.0186,1.5295,9.546,0.7278274,3.80106035E9,5.6908956E10,0.0191,-0.0047
2014-04-22,浙能电力,sh600023,电力,浙江省,6.27,6.17,6.24,6.25,6.25,9167576,5.6986848E7,0.0151,1.5295,9.546,0.7278274,3.80106035E9,5.6908956E10,0.0159,0.0016
2014-04-23,浙能电力,sh600023,电力,浙江省,6.28,6.22,6.24,6.24,6.25,4835370,3.0191688E7,0.008,1.527,9.5307,0.7278274,3.79497856E9,5.6817897E10,0.0096,0.0
2014-04-24,浙能电力,sh600023,电力,浙江省,6.26,6.19,6.22,6.21,6.24,5437743,3.3772504E7,0.0089,1.5197,9.4849,0.7278274,3.7767337E9,5.6544735E10,0.0112,-0.0016
2014-04-25,浙能电力,sh600023,电力,浙江省,6.24,6.09,6.23,6.1,6.21,8365965,5.1507484E7,0.0138,1.4928,9.3169,0.7278274,3.70983501E9,5.554314E10,0.0241,-0.0208
2014-04-28,浙能电力,sh600023,电力,浙江省,6.11,6.01,6.1,6.03,6.1,10244094,6.1821268E7,0.0168,1.4756,9.2099,0.7278274,3.66726298E9,5.4905758E10,0.0163,-0.0114
2014-04-29,浙能电力,sh600023,电力,浙江省,6.08,6.01,6.02,6.07,6.03,5969247,3.6098376E7,0.0098,1.4854,9.271,0.7278274,3.69158989E9,5.5269974E10,0.0116,0.0083
2014-04-30,浙能电力,sh600023,电力,浙江省,6.09,6.05,6.06,6.08,6.07,6472960,3.9296476E7,0.0106,1.4879,9.2863,0.7278274,3.69767142E9,5.5361032E10,0.0065,0.0033
2014-05-05,浙能电力,sh600023,电力,浙江省,6.12,6.05,6.09,6.11,6.08,5536225,3.3689268E7,0.0091,1.4952,9.3321,0.7278274,3.71591654E9,5.5634194E10,0.0115,0.0032
2014-05-06,浙能电力,sh600023,电力,浙江省,6.14,6.09,6.12,6.14,6.11,5454621,3.3350326E7,0.009,1.5026,9.378,0.7278274,3.73416166E9,5.5907357E10,0.0081,0.0032
2014-05-07,浙能电力,sh600023,电力,浙江省,6.13,6.05,6.12,6.06,6.14,6466742,3.9295292E7,0.0106,1.483,9.2558,0.7278274,3.6855081E9,5.517892E10,0.013,-0.0098
2014-05-08,浙能电力,sh600023,电力,浙江省,6.11,6.02,6.06,6.05,6.06,5545143,3.3687484E7,0.0091,1.4805,9.2405,0.7278274,3.67942656E9,5.5087866E10,0.0148,-0.0016
2014-05-09,浙能电力,sh600023,电力,浙江省,6.08,6.02,6.05,6.05,6.05,6003394,3.6281932E7,0.0099,1.4805,9.2405,0.7278274,3.67942656E9,5.5087866E10,0.0099,0.0
2014-05-12,浙能电力,sh600023,电力,浙江省,6.23,6.05,6.07,6.21,6.05,16010649,9.872852E7,0.0263,1.5197,9.4849,0.7278274,3.7767337E9,5.6544735E10,0.0297,0.023
2014-05-13,浙能电力,sh600023,电力,浙江省,6.23,6.14,6.2,6.17,6.21,9321991,5.7569916E7,0.0153,1.5099,9.4238,0.7278274,3.75240678E9,5.6180519E10,0.0144,-0.0048
2014-05-14,浙能电力,sh600023,电力,浙江省,6.18,6.13,6.16,6.15,6.17,5671205,3.488614E7,0.0093,1.505,9.3932,0.7278274,3.74024346E9,5.5998411E10,0.0081,-0.0016
2014-05-15,浙能电力,sh600023,电力,浙江省,6.18,6.07,6.15,6.08,6.15,8104372,4.968956E7,0.0133,1.4879,9.2863,0.7278274,3.69767142E9,5.5361032E10,0.0178,-0.0113
2014-05-16,浙能电力,sh600023,电力,浙江省,6.13,6.05,6.07,6.11,6.08,5540878,3.37329E7,0.0091,1.4952,9.3321,0.7278274,3.71591654E9,5.5634194E10,0.0131,0.0065
2014-05-19,浙能电力,sh600023,电力,浙江省,6.11,6.03,6.11,6.07,6.11,5180514,3.1400384E7,0.0085,1.4854,9.271,0.7278274,3.69158989E9,5.5269974E10,0.013,-0.0065
2014-05-20,浙能电力,sh600023,电力,浙江省,6.15,6.08,6.09,6.1,6.07,5846166,3.5729632E7,0.0096,1.4928,9.3169,0.7278274,3.70983501E9,5.554314E10,0.0115,0.0016
2014-05-21,浙能电力,sh600023,电力,浙江省,6.12,6.04,6.08,6.12,6.1,5595927,3.4062408E7,0.0092,1.4977,9.3474,0.7278274,3.72199834E9,5.5725249E10,0.0131,0.0065
2014-05-22,浙能电力,sh600023,电力,浙江省,6.15,6.07,6.12,6.08,6.12,7923977,4.8461252E7,0.013,1.4879,9.2863,0.7278274,3.69767142E9,5.5361032E10,0.013,-0.0065
2014-05-23,浙能电力,sh600023,电力,浙江省,6.11,6.07,6.1,6.1,6.08,4174406,2.5401068E7,0.0069,1.4928,9.3169,0.7278274,3.70983501E9,5.554314E10,0.0065,0.0
2014-05-26,浙能电力,sh600023,电力,浙江省,6.14,6.09,6.11,6.12,6.1,5543163,3.3858616E7,0.0091,1.4977,9.3474,0.7278274,3.72199834E9,5.5725249E10,0.0081,0.0016
2014-05-27,浙能电力,sh600023,电力,浙江省,6.13,6.09,6.12,6.1,6.12,4690507,2.866617E7,0.0077,1.4928,9.3169,0.7278274,3.70983501E9,5.554314E10,0.0065,-0.0032
2014-05-28,浙能电力,sh600023,电力,浙江省,6.14,6.09,6.11,6.13,6.1,5889397,3.6006992E7,0.0097,1.5001,9.3627,0.7278274,3.72808013E9,5.5816303E10,0.0081,0.0032
2014-05-29,浙能电力,sh600023,电力,浙江省,6.15,6.09,6.15,6.09,6.13,5406384,3.3016828E7,0.0089,1.4903,9.3016,0.7278274,3.70375322E9,5.5452086E10,0.0097,-0.0097
2014-05-30,浙能电力,sh600023,电力,浙江省,6.13,6.07,6.09,6.11,6.09,5493619,3.3505784E7,0.009,1.4952,9.3321,0.7278274,3.71591654E9,5.5634194E10,0.0098,0.0032
2014-06-03,浙能电力,sh600023,电力,浙江省,6.14,6.1,6.12,6.13,6.11,5473467,3.3517016E7,0.009,1.5001,9.3627,0.7278274,3.72808013E9,5.5816303E10,0.0065,0.0016
2014-06-04,浙能电力,sh600023,电力,浙江省,6.15,6.08,6.14,6.14,6.13,6412252,3.917352E7,0.0105,1.5026,9.378,0.7278274,3.73416166E9,5.5907357E10,0.0114,0.0
2014-06-05,浙能电力,sh600023,电力,浙江省,6.18,6.1,6.12,6.17,6.14,8443063,5.1923732E7,0.0139,1.5099,9.4238,0.7278274,3.75240678E9,5.6180519E10,0.013,0.0081
2014-06-06,浙能电力,sh600023,电力,浙江省,6.24,6.14,6.17,6.2,6.17,12428301,7.7051264E7,0.0204,1.5172,9.4696,0.7278274,3.7706519E9,5.6453682151E10,0.0162,0.0048
2014-06-09,浙能电力,sh600023,电力,浙江省,6.2,6.14,6.18,6.15,6.2,6893755,4.25217E7,0.0113,1.505,9.3932,0.7278274,3.74024346E9,5.5998411E10,0.0096,-0.0048
2014-06-10,浙能电力,sh600023,电力,浙江省,6.17,6.1,6.15,6.17,6.15,6415641,3.9384056E7,0.0105,1.5099,9.4238,0.7278274,3.75240678E9,5.6180519E10,0.0113,0.0032
2014-06-11,浙能电力,sh600023,电力,浙江省,6.2,6.13,6.14,6.19,6.17,7002505,4.3216656E7,0.0115,1.5148,9.4543,0.7278274,3.76457011E9,5.6362627E10,0.0113,0.0081
2014-06-12,浙能电力,sh600023,电力,浙江省,6.23,6.15,6.17,6.2,6.19,10246883,6.3579952E7,0.0168,1.5172,9.4696,0.7278274,3.7706519E9,5.6453682151E10,0.0129,0.0048
2014-06-13,浙能电力,sh600023,电力,浙江省,6.32,6.2,6.23,6.3,6.2,22106204,1.38807536E8,0.0363,1.5417,9.6223,0.7278274,3.8314688E9,5.7364226E10,0.0193,0.0112
2014-06-16,浙能电力,sh600023,电力,浙江省,6.5,6.35,6.36,6.37,6.3,21235184,1.35811312E8,0.0349,1.5588,9.7292,0.7278274,3.87404083E9,5.8001605E10,0.0238,0.0015
2014-06-17,浙能电力,sh600023,电力,浙江省,6.45,6.32,6.41,6.39,6.37,17979608,1.14789568E8,0.0296,1.5637,9.7598,0.7278274,3.88620416E9,5.8183713E10,0.0204,-0.0031
2014-06-18,浙能电力,sh600023,电力,浙江省,6.42,6.27,6.38,6.28,6.39,13955456,8.8225912E7,0.0229,1.5368,9.5918,0.7278274,3.81930547E9,5.7182118E10,0.0234,-0.0156
2014-06-19,浙能电力,sh600023,电力,浙江省,4.69,4.54,4.67,4.59,4.68,9174952,4.2335208E7,0.0116,1.4602,9.1137,0.97665733,3.62899226E9,5.4332117E10,0.032,-0.0171
2014-06-20,浙能电力,sh600023,电力,浙江省,4.56,4.49,4.55,4.54,4.59,10130941,4.5908908E7,0.0128,1.4443,9.0144,0.97665733,3.58946074E9,5.3740261E10,0.0152,-0.0021
2014-06-23,浙能电力,sh600023,电力,浙江省,4.56,4.51,4.52,4.52,4.54,8263108,3.7386676E7,0.0105,1.438,8.9747,0.97665733,3.57364813E9,5.3503521E10,0.011,0.0
2014-06-24,浙能电力,sh600023,电力,浙江省,4.54,4.48,4.52,4.54,4.52,9210888,4.1572608E7,0.0117,1.4443,9.0144,0.97665733,3.58946074E9,5.3740261E10,0.0132,0.0044
2014-06-25,浙能电力,sh600023,电力,浙江省,4.53,4.46,4.53,4.48,4.54,8953899,4.0208524E7,0.0113,1.4252,8.8953,0.97665733,3.54202291E9,5.303004E10,0.0154,-0.011
2014-06-26,浙能电力,sh600023,电力,浙江省,4.58,4.48,4.49,4.55,4.48,14138033,6.417894E7,0.0179,1.4475,9.0343,0.97665733,3.597367046E9,5.3858636E10,0.0223,0.0133
2014-06-27,浙能电力,sh600023,电力,浙江省,4.61,4.53,4.53,4.54,4.55,12034582,5.4915496E7,0.0152,1.4443,9.0144,0.97665733,3.58946074E9,5.3740261E10,0.0175,0.0022
2014-06-30,浙能电力,sh600023,电力,浙江省,4.57,4.51,4.54,4.52,4.54,10711498,4.8526472E7,0.0135,1.4406,9.1815,0.97665733,3.57364813E9,5.3503521E10,0.0132,-0.0044
2014-07-01,浙能电力,sh600023,电力,浙江省,4.54,4.51,4.52,4.54,4.52,8965446,4.0533648E7,0.0113,1.4469,9.2221,0.97665733,3.58946074E9,5.3740261E10,0.0066,0.0044
2014-07-02,浙能电力,sh600023,电力,浙江省,4.54,4.5,4.53,4.54,4.54,11547131,5.216032E7,0.0146,1.4469,9.2221,0.97665733,3.58946074E9,5.3740261E10,0.0088,0.0022
2014-07-03,浙能电力,sh600023,电力,浙江省,4.55,4.51,4.54,4.53,4.54,10895864,4.934982E7,0.0138,1.4438,9.2018,0.97665733,3.58155443E9,5.3621891E10,0.0088,-0.0022
2014-07-04,浙能电力,sh600023,电力,浙江省,4.55,4.51,4.53,4.53,4.53,11015084,4.9922884E7,0.0139,1.4438,9.2018,0.97665733,3.58155443E9,5.3621891E10,0.0088,0.0
2014-07-07,浙能电力,sh600023,电力,浙江省,4.53,4.49,4.53,4.51,4.53,11290664,5.0915292E7,0.0143,1.4374,9.1612,0.97665733,3.56574182E9,5.338515E10,0.0088,-0.0044
2014-07-08,浙能电力,sh600023,电力,浙江省,4.54,4.49,4.51,4.54,4.51,10853137,4.9058376E7,0.0137,1.4469,9.2221,0.97665733,3.58946074E9,5.3740261E10,0.011,0.0066
2014-07-09,浙能电力,sh600023,电力,浙江省,4.54,4.47,4.53,4.47,4.54,11943455,5.3723092E7,0.0151,1.4246,9.08,0.97665733,3.53411661E9,5.2911669E10,0.0154,-0.0132
2014-07-10,浙能电力,sh600023,电力,浙江省,4.55,4.47,4.48,4.53,4.47,15385427,6.9582768E7,0.0195,1.4438,9.2018,0.97665733,3.58155443E9,5.3621891E10,0.0178,0.0111
2014-07-11,浙能电力,sh600023,电力,浙江省,4.55,4.52,4.54,4.53,4.53,12990065,5.8874032E7,0.0164,1.4438,9.2018,0.97665733,3.58155443E9,5.3621891E10,0.0066,-0.0022
2014-07-14,浙能电力,sh600023,电力,浙江省,4.55,4.51,4.53,4.55,4.53,14701945,6.6548428E7,0.0186,1.4501,9.2425,0.97665733,3.597367046E9,5.3858636E10,0.0088,0.0044
2014-07-15,浙能电力,sh600023,电力,浙江省,4.56,4.53,4.54,4.54,4.55,13439962,6.1024433E7,0.017,1.4469,9.2221,0.97665733,3.58946074E9,5.3740261E10,0.0065,0.0
2014-07-16,浙能电力,sh600023,电力,浙江省,4.65,4.53,4.55,4.64,4.54,33319068,1.53364067E8,0.0421,1.4788,9.4253,0.97665733,3.66852378E9,5.4923969E10,0.0264,0.0197
2014-07-17,浙能电力,sh600023,电力,浙江省,4.63,4.54,4.63,4.57,4.64,16533703,7.5646777E7,0.0209,1.4565,9.2831,0.97665733,3.61317965E9,5.4095376E10,0.0193,-0.0129
2014-07-18,浙能电力,sh600023,电力,浙江省,4.6,4.55,4.55,4.56,4.57,11634548,5.3163641E7,0.0147,1.4533,9.2628,0.97665733,3.60527334E9,5.3977006E10,0.0109,0.0021
2014-07-21,浙能电力,sh600023,电力,浙江省,4.57,4.51,4.56,4.52,4.56,9976869,4.5199916E7,0.0126,1.4406,9.1815,0.97665733,3.57364813E9,5.3503521E10,0.0131,-0.0087
2014-07-22,浙能电力,sh600023,电力,浙江省,4.55,4.5,4.5,4.54,4.52,10255027,4.6484429E7,0.013,1.4469,9.2221,0.97665733,3.58946074E9,5.3740261E10,0.011,0.0088
2014-07-23,浙能电力,sh600023,电力,浙江省,4.55,4.51,4.54,4.51,4.54,11467905,5.1855175E7,0.0145,1.4374,9.1612,0.97665733,3.56574182E9,5.338515E10,0.0088,-0.0066
2014-07-24,浙能电力,sh600023,电力,浙江省,4.67,4.51,4.52,4.59,4.51,32756247,1.50586513E8,0.0414,1.4629,9.3237,0.97665733,3.62899226E9,5.4332117E10,0.0354,0.0154
2014-07-25,浙能电力,sh600023,电力,浙江省,4.64,4.58,4.59,4.63,4.59,22551508,1.03895872E8,0.0285,1.4756,9.405,0.97665733,3.66061747E9,5.4805598E10,0.013,0.0087
2014-07-28,浙能电力,sh600023,电力,浙江省,4.82,4.63,4.64,4.76,4.63,43994914,2.08174506E8,0.0556,1.5171,9.669,0.97665733,3.76339942E9,5.6344416E10,0.041,0.0258
2014-07-29,浙能电力,sh600023,电力,浙江省,4.77,4.71,4.75,4.74,4.76,27347226,1.29587862E8,0.0346,1.5107,9.6284,0.97665733,3.74758682E9,5.6107676E10,0.0126,-0.0021
2014-07-30,浙能电力,sh600023,电力,浙江省,4.75,4.7,4.73,4.73,4.74,22512633,1.06385477E8,0.0285,1.5075,9.6081,0.97665733,3.73968051E9,5.5989305E10,0.0105,0.0
2014-07-31,浙能电力,sh600023,电力,浙江省,4.78,4.72,4.72,4.78,4.73,20755343,9.8661125E7,0.0263,1.5234,9.7097,0.97665733,3.77921203E9,5.6581157E10,0.0126,0.0127
2014-08-01,浙能电力,sh600023,电力,浙江省,4.85,4.71,4.78,4.72,4.78,30259965,1.44850737E8,0.0383,1.5043,9.5878,0.97665733,3.73177421E9,5.5870935E10,0.0292,-0.0125
2014-08-04,浙能电力,sh600023,电力,浙江省,4.78,4.7,4.71,4.77,4.72,23136636,1.09685688E8,0.0293,1.5202,9.6893,0.97665733,3.77130573E9,5.6462787E10,0.0169,0.0127
2014-08-05,浙能电力,sh600023,电力,浙江省,4.8,4.74,4.77,4.8,4.77,20529709,9.790075E7,0.026,1.5298,9.7503,0.97665733,3.795024576E9,5.6817897E10,0.0125,0.0062
2014-08-06,浙能电力,sh600023,电力,浙江省,4.81,4.74,4.8,4.78,4.8,17380537,8.2985534E7,0.022,1.5234,9.7097,0.97665733,3.77921203E9,5.6581157E10,0.0145,-0.0041
2014-08-07,浙能电力,sh600023,电力,浙江省,4.87,4.76,4.77,4.79,4.78,30831324,1.48380134E8,0.039,1.5266,9.73,0.97665733,3.78711834E9,5.6699527E10,0.023,0.0041
2014-08-08,浙能电力,sh600023,电力,浙江省,4.8,4.73,4.78,4.75,4.79,17759492,8.448408E7,0.0225,1.5139,9.6487,0.97665733,3.75549307E9,5.6226046E10,0.0146,-0.0062
2014-08-11,浙能电力,sh600023,电力,浙江省,4.79,4.73,4.76,4.79,4.75,17793716,8.4819805E7,0.0225,1.5266,9.73,0.97665733,3.78711834E9,5.6699527E10,0.0126,0.0063
2014-08-12,浙能电力,sh600023,电力,浙江省,4.79,4.75,4.78,4.77,4.79,13591601,6.4806025E7,0.0172,1.5202,9.6893,0.97665733,3.77130573E9,5.6462787E10,0.0083,-0.002
2014-08-13,浙能电力,sh600023,电力,浙江省,4.88,4.76,4.77,4.84,4.77,30848397,1.4891868E8,0.039,1.5426,9.8315,0.97665733,3.82664986E9,5.7291383E10,0.0251,0.0146
2014-08-14,浙能电力,sh600023,电力,浙江省,4.84,4.75,4.82,4.77,4.84,19406325,9.3117956E7,0.0245,1.5202,9.6893,0.97665733,3.77130573E9,5.6462787E10,0.0185,-0.0103
2014-08-15,浙能电力,sh600023,电力,浙江省,4.79,4.73,4.79,4.78,4.77,16248144,7.7370659E7,0.0206,1.5234,9.7097,0.97665733,3.77921203E9,5.6581157E10,0.0125,-0.002
2014-08-18,浙能电力,sh600023,电力,浙江省,4.82,4.77,4.78,4.81,4.78,19657769,9.4305594E7,0.0249,1.533,9.7706,0.97665733,3.80293094E9,5.6936272E10,0.0104,0.0062
2014-08-19,浙能电力,sh600023,电力,浙江省,4.82,4.76,4.81,4.8,4.81,17247349,8.2581131E7,0.0218,1.5298,9.7503,0.97665733,3.795024576E9,5.6817897E10,0.0124,-0.002
2014-08-20,浙能电力,sh600023,电力,浙江省,4.95,4.77,4.8,4.9,4.8,45766750,2.22686856E8,0.0579,1.5617,9.9534,0.97665733,3.874087588E9,5.8001605E10,0.0375,0.0208
2014-08-21,浙能电力,sh600023,电力,浙江省,4.91,4.82,4.89,4.86,4.9,22845386,1.10877396E8,0.0289,1.5489,9.8722,0.97665733,3.84246246E9,5.7528123E10,0.0183,-0.0061
2014-08-22,浙能电力,sh600023,电力,浙江省,5.35,4.84,4.85,5.35,4.86,88477460,4.57439775E8,0.1119,1.7051,10.8675,0.97665733,4.229871142E9,6.3328285E10,0.1049,0.103
2014-08-25,浙能电力,sh600023,电力,浙江省,5.89,5.38,5.45,5.65,5.35,194904260,1.095278535E9,0.2465,1.8007,11.4769,0.97665733,4.467060178E9,6.6879402E10,0.0953,0.0366
2014-08-26,浙能电力,sh600023,电力,浙江省,5.59,5.36,5.5,5.42,5.65,88590949,4.8401407E8,0.1121,1.7274,11.0097,0.97665733,4.28521523E9,6.4156877E10,0.0407,-0.0145
2014-08-27,浙能电力,sh600023,电力,浙江省,5.51,5.25,5.36,5.29,5.42,57496777,3.08444963E8,0.0727,1.686,10.7456,0.97665733,4.18243328E9,6.2618059E10,0.0479,-0.013
2014-08-28,浙能电力,sh600023,电力,浙江省,5.32,5.18,5.29,5.28,5.29,36957125,1.93247036E8,0.0467,1.6828,10.7253,0.97665733,4.17452698E9,6.2499688E10,0.0264,-0.0018
2014-08-29,浙能电力,sh600023,电力,浙江省,5.44,5.2,5.26,5.42,5.28,42049725,2.22982446E8,0.0532,1.7274,11.0097,0.97665733,4.28521523E9,6.4156877E10,0.0454,0.0304
2014-09-01,浙能电力,sh600023,电力,浙江省,5.5,5.36,5.41,5.39,5.42,33854025,1.83081901E8,0.0428,1.7178,10.9488,0.97665733,4.26149632E9,6.3801766E10,0.0258,-0.0036
2014-09-02,浙能电力,sh600023,电力,浙江省,5.48,5.34,5.4,5.43,5.39,40626953,2.1992411E8,0.0514,1.7306,11.03,0.97665733,4.29312154E9,6.4275247E10,0.0259,0.0055
2014-09-03,浙能电力,sh600023,电力,浙江省,5.72,5.38,5.43,5.62,5.43,70866459,3.92322591E8,0.0896,1.7912,11.416,0.97665733,4.4433413E9,6.6524291E10,0.0626,0.0349
2014-09-04,浙能电力,sh600023,电力,浙江省,5.62,5.53,5.55,5.56,5.62,38946450,2.16937349E8,0.0493,1.772,11.2941,0.97665733,4.3959035E9,6.5814065E10,0.016,0.0018
2014-09-05,浙能电力,sh600023,电力,浙江省,5.63,5.51,5.56,5.56,5.56,33359230,1.85427071E8,0.0422,1.772,11.2941,0.97665733,4.3959035E9,6.5814065E10,0.0215,0.0
2014-09-09,浙能电力,sh600023,电力,浙江省,5.56,5.42,5.56,5.45,5.56,37200461,2.03540888E8,0.0471,1.737,11.0706,0.97665733,4.308934154E9,6.4511992E10,0.0251,-0.0197
2014-09-10,浙能电力,sh600023,电力,浙江省,5.49,5.36,5.42,5.47,5.45,27769436,1.50558544E8,0.0351,1.7433,11.1113,0.97665733,4.3247468E9,6.4748732E10,0.0238,0.0092
2014-09-11,浙能电力,sh600023,电力,浙江省,5.53,5.38,5.44,5.4,5.47,39376753,2.14576267E8,0.0498,1.721,10.9691,0.97665733,4.269402648E9,6.3920136E10,0.0274,-0.0073
2014-09-12,浙能电力,sh600023,电力,浙江省,5.49,5.3,5.39,5.47,5.4,31934693,1.7367157E8,0.0404,1.7433,11.1113,0.97665733,4.3247468E9,6.4748732E10,0.0351,0.0148
2014-09-15,浙能电力,sh600023,电力,浙江省,5.5,5.42,5.48,5.47,5.47,27797745,1.51646476E8,0.0352,1.7433,11.1113,0.97665733,4.3247468E9,6.4748732E10,0.0146,-0.0018
2014-09-16,浙能电力,sh600023,电力,浙江省,5.77,5.41,5.48,5.41,5.47,66691826,3.69898248E8,0.0844,1.7242,10.9894,0.97665733,4.27730893E9,6.4038506E10,0.0658,-0.0127
2014-09-17,浙能电力,sh600023,电力,浙江省,5.44,5.26,5.4,5.35,5.41,37004012,1.97733077E8,0.0468,1.7051,10.8675,0.97665733,4.229871142E9,6.3328285E10,0.0332,-0.0092
2014-09-18,浙能电力,sh600023,电力,浙江省,5.39,5.3,5.34,5.36,5.35,18352713,9.8187946E7,0.0232,1.7083,10.8878,0.97665733,4.23777741E9,6.3446655E10,0.0168,0.0037
2014-09-19,浙能电力,sh600023,电力,浙江省,5.4,5.32,5.36,5.38,5.36,17646065,9.4629913E7,0.0223,1.7147,10.9284,0.97665733,4.25359002E9,6.3683396E10,0.0149,0.0037
2014-09-22,浙能电力,sh600023,电力,浙江省,5.47,5.33,5.38,5.36,5.38,23679038,1.27829043E8,0.0299,1.7083,10.8878,0.97665733,4.23777741E9,6.3446655E10,0.026,-0.0037
2014-09-23,浙能电力,sh600023,电力,浙江省,5.44,5.32,5.37,5.4,5.36,20006558,1.07667648E8,0.0253,1.721,10.9691,0.97665733,4.269402648E9,6.3920136E10,0.0223,0.0055
2014-09-24,浙能电力,sh600023,电力,浙江省,5.55,5.37,5.39,5.52,5.4,38182053,2.08947137E8,0.0483,1.7593,11.2128,0.97665733,4.3642783E9,6.5340584E10,0.0333,0.0241
2014-09-25,浙能电力,sh600023,电力,浙江省,5.82,5.52,5.55,5.63,5.52,81576181,4.62925225E8,0.1032,1.7943,11.4363,0.97665733,4.4512476E9,6.6642661E10,0.0543,0.0144
2014-09-26,浙能电力,sh600023,电力,浙江省,5.68,5.57,5.65,5.64,5.63,31094729,1.75122276E8,0.0393,1.7975,11.4566,0.97665733,4.4591539E9,6.6761032E10,0.0195,-0.0017
2014-09-29,浙能电力,sh600023,电力,浙江省,5.75,5.6,5.66,5.67,5.64,34078799,1.92993808E8,0.0431,1.8071,11.5175,0.97665733,4.4828728E9,6.7116143E10,0.0265,0.0017
2014-09-30,浙能电力,sh600023,电力,浙江省,5.74,5.62,5.69,5.65,5.67,24864807,1.40623119E8,0.0314,1.7368,12.9907,0.97665733,4.467060178E9,6.6879402E10,0.0211,-0.007
2014-10-08,浙能电力,sh600023,电力,浙江省,5.68,5.55,5.66,5.63,5.65,29968350,1.68031009E8,0.0379,1.7307,12.9447,0.97665733,4.4512476E9,6.6642661E10,0.023,-0.0053
2014-10-09,浙能电力,sh600023,电力,浙江省,5.78,5.61,5.7,5.74,5.63,49201746,2.80027068E8,0.0622,1.7645,13.1976,0.97665733,4.538217E9,6.7944739E10,0.0301,0.007
2014-10-10,浙能电力,sh600023,电力,浙江省,5.72,5.6,5.71,5.64,5.74,30632000,1.73299067E8,0.0387,1.7338,12.9677,0.97665733,4.4591539E9,6.6761032E10,0.0209,-0.0122
2014-10-13,浙能电力,sh600023,电力,浙江省,5.64,5.48,5.64,5.56,5.64,27093906,1.49939133E8,0.0343,1.7092,12.7838,0.97665733,4.3959035E9,6.5814065E10,0.0283,-0.0141
2014-10-14,浙能电力,sh600023,电力,浙江省,5.6,5.5,5.55,5.54,5.56,19979901,1.1085005E8,0.0253,1.703,12.7378,0.97665733,4.3800909E9,6.5577325E10,0.0179,-0.0018
2014-10-15,浙能电力,sh600023,电力,浙江省,5.57,5.47,5.55,5.56,5.54,21700654,1.19830406E8,0.0274,1.7092,12.7838,0.97665733,4.3959035E9,6.5814065E10,0.018,0.0018
2014-10-16,浙能电力,sh600023,电力,浙江省,5.68,5.49,5.52,5.55,5.56,33507718,1.8800525E8,0.0424,1.7061,12.7608,0.97665733,4.387997166E9,6.5695695E10,0.0341,0.0054
2014-10-17,浙能电力,sh600023,电力,浙江省,5.58,5.33,5.54,5.39,5.55,34517063,1.87936762E8,0.0437,1.6569,12.3929,0.97665733,4.26149632E9,6.3801766E10,0.045,-0.027
2014-10-20,浙能电力,sh600023,电力,浙江省,5.46,5.38,5.41,5.44,5.39,14911390,8.0909901E7,0.0189,1.6723,12.5079,0.97665733,4.3010278E9,6.4393617E10,0.0148,0.0055
2014-10-21,浙能电力,sh600023,电力,浙江省,5.98,5.49,5.49,5.98,5.44,117472602,6.92831828E8,0.1486,1.8383,13.7495,0.97665733,4.7279683E9,7.078563E10,0.09,0.0892
2014-10-22,浙能电力,sh600023,电力,浙江省,6.09,5.74,6.0,5.81,5.98,131462379,7.74054401E8,0.1663,1.786,13.3586,0.97665733,4.5935611E9,6.8773331E10,0.0585,-0.0316
2014-10-23,浙能电力,sh600023,电力,浙江省,5.81,5.66,5.68,5.74,5.81,57402218,3.28302137E8,0.0726,1.7645,13.1976,0.97665733,4.538217E9,6.7944739E10,0.0258,0.0105
2014-10-24,浙能电力,sh600023,电力,浙江省,5.82,5.58,5.78,5.6,5.74,49078010,2.78888554E8,0.0621,1.7215,12.8757,0.97665733,4.427528672E9,6.628755E10,0.0418,-0.0311
2014-10-27,浙能电力,sh600023,电力,浙江省,5.72,5.52,5.55,5.63,5.6,31669870,1.7820782E8,0.0401,1.7307,12.9447,0.97665733,4.4512476E9,6.6642661E10,0.0357,0.0144
2014-10-28,浙能电力,sh600023,电力,浙江省,5.78,5.64,5.65,5.77,5.63,53874797,3.08457818E8,0.0681,1.7737,13.2666,0.97665733,4.5619359E9,6.829985E10,0.0248,0.0212
2014-10-29,浙能电力,sh600023,电力,浙江省,6.15,5.75,5.81,6.02,5.77,119818842,7.14434268E8,0.1515,1.8506,13.8414,0.97665733,4.7595935E9,7.125912E10,0.0693,0.0361
2014-10-30,浙能电力,sh600023,电力,浙江省,6.34,5.88,5.93,6.14,6.02,117781486,7.16395908E8,0.149,1.8875,14.1173,0.97665733,4.8544691E9,7.2679563E10,0.0764,0.0354
2014-10-31,浙能电力,sh600023,电力,浙江省,6.17,5.98,6.1,6.08,6.14,74016892,4.48536937E8,0.0936,1.869,13.9794,0.97665733,4.8070313E9,7.1969341E10,0.0309,-0.0032
2014-11-03,浙能电力,sh600023,电力,浙江省,6.15,6.04,6.09,6.1,6.08,51794961,3.15432409E8,0.0655,1.8752,14.0254,0.97665733,4.822843732E9,7.2206082E10,0.018,0.0016
2014-11-04,浙能电力,sh600023,电力,浙江省,6.1,5.94,6.08,6.04,6.1,50393771,3.03290614E8,0.0637,1.8567,13.8874,0.97665733,4.7754061E9,7.149586E10,0.0262,-0.0065
2014-11-05,浙能电力,sh600023,电力,浙江省,6.31,6.04,6.07,6.05,6.04,64862185,3.98268212E8,0.082,1.8598,13.9104,0.97665733,4.783312226E9,7.1614226E10,0.0447,-0.0032
2014-11-06,浙能电力,sh600023,电力,浙江省,6.3,5.96,6.0,6.21,6.05,63239140,3.88105989E8,0.08,1.909,14.2783,0.97665733,4.9098132E9,7.3508159E10,0.0561,0.0349
2014-11-07,浙能电力,sh600023,电力,浙江省,6.35,6.09,6.23,6.11,6.21,72676229,4.53221597E8,0.0919,1.8782,14.0484,0.97665733,4.8307502E9,7.2324448E10,0.0418,-0.0192
2014-11-10,浙能电力,sh600023,电力,浙江省,6.37,6.07,6.1,6.34,6.11,67352701,4.199122E8,0.0852,1.9489,14.5772,0.97665733,5.0125952E9,7.5046978E10,0.049,0.0393
2014-11-11,浙能电力,sh600023,电力,浙江省,6.37,5.97,6.34,6.02,6.34,71435356,4.39266984E8,0.0904,1.8506,13.8414,0.97665733,4.7595935E9,7.125912E10,0.063,-0.0504
2014-11-12,浙能电力,sh600023,电力,浙江省,6.13,5.95,6.0,6.12,6.02,35478319,2.15563165E8,0.0449,1.8813,14.0714,0.97665733,4.8386565E9,7.2442823E10,0.0299,0.02
2014-11-13,浙能电力,sh600023,电力,浙江省,6.12,5.95,6.12,5.99,6.12,34136761,2.05292347E8,0.0432,1.8414,13.7724,0.97665733,4.7358746E9,7.0904005E10,0.0277,-0.0212
2014-11-14,浙能电力,sh600023,电力,浙江省,5.96,5.8,5.96,5.86,5.99,34108720,1.99751403E8,0.0431,1.8014,13.4735,0.97665733,4.6330926E9,6.9365187E10,0.0267,-0.0167
2014-11-17,浙能电力,sh600023,电力,浙江省,5.94,5.81,5.88,5.89,5.86,23899089,1.40732191E8,0.0302,1.8106,13.5425,0.97665733,4.6568115E9,6.9720293E10,0.0221,0.0017
2014-11-18,浙能电力,sh600023,电力,浙江省,5.91,5.81,5.91,5.84,5.89,20013518,1.17136E8,0.0253,1.7952,13.4276,0.97665733,4.61728E9,6.9128446E10,0.0169,-0.0118
2014-11-19,浙能电力,sh600023,电力,浙江省,5.96,5.82,5.85,5.92,5.84,21877478,1.28753265E8,0.0277,1.8198,13.6115,0.97665733,4.6805304E9,7.0075408E10,0.0239,0.0119
2014-11-20,浙能电力,sh600023,电力,浙江省,5.98,5.86,5.9,5.92,5.92,18059571,1.07144008E8,0.0228,1.8198,13.6115,0.97665733,4.6805304E9,7.0075408E10,0.0202,0.0033
2014-11-21,浙能电力,sh600023,电力,浙江省,5.99,5.86,5.92,5.97,5.92,24962337,1.48082619E8,0.0316,1.8352,13.7265,0.97665733,4.720062E9,7.0667264E10,0.0219,0.0084
2014-11-24,浙能电力,sh600023,电力,浙江省,6.16,5.97,6.03,6.11,5.97,46594762,2.82517256E8,0.0589,1.8782,14.0484,0.97665733,4.8307502E9,7.2324448E10,0.0318,0.0132
2014-11-25,浙能电力,sh600023,电力,浙江省,6.21,6.08,6.11,6.13,6.11,45112184,2.76976009E8,0.0571,1.8844,14.0943,0.97665733,4.8465628E9,7.2561189E10,0.0212,0.0032
2014-11-26,浙能电力,sh600023,电力,浙江省,6.25,6.02,6.16,6.15,6.13,46716854,2.87008556E8,0.0591,1.8905,14.1403,0.97665733,4.862375238E9,7.2797938E10,0.0375,-0.0016
2014-11-27,浙能电力,sh600023,电力,浙江省,6.16,6.05,6.15,6.11,6.15,36810313,2.2407702E8,0.0466,1.8782,14.0484,0.97665733,4.8307502E9,7.2324448E10,0.0178,-0.0065
2014-11-28,浙能电力,sh600023,电力,浙江省,6.1,6.0,6.1,6.06,6.11,36810027,2.22450295E8,0.0466,1.8629,13.9334,0.97665733,4.7912187E9,7.1732601E10,0.0163,-0.0065
2014-12-01,浙能电力,sh600023,电力,浙江省,6.18,6.02,6.06,6.08,6.06,35982735,2.19444124E8,0.0455,1.869,13.9794,0.97665733,4.8070313E9,7.1969341E10,0.0264,0.0033
2014-12-02,浙能电力,sh600023,电力,浙江省,6.25,6.07,6.08,6.21,6.08,54985202,3.40180772E8,0.0695,1.909,14.2783,0.97665733,4.9098132E9,7.3508159E10,0.0296,0.0213
2014-12-03,浙能电力,sh600023,电力,浙江省,6.5,6.18,6.21,6.31,6.21,80553226,5.08344131E8,0.1019,1.9397,14.5082,0.97665733,4.9888763E9,7.4691863E10,0.0515,0.0161
2014-12-04,浙能电力,sh600023,电力,浙江省,6.49,6.28,6.38,6.44,6.31,72097824,4.59398211E8,0.0912,1.9797,14.8071,0.97665733,5.0916577E9,7.6230681E10,0.0332,0.0094
2014-12-05,浙能电力,sh600023,电力,浙江省,6.66,6.1,6.56,6.2,6.44,77368872,4.93372683E8,0.0979,1.9059,14.2553,0.97665733,4.901906744E9,7.3389785E10,0.0869,-0.0548
2014-12-08,浙能电力,sh600023,电力,浙江省,6.65,6.06,6.14,6.55,6.2,98360646,6.3229576E8,0.1244,2.0135,15.06,0.97665733,5.178627286E9,7.7532758E10,0.0951,0.0667
2014-12-09,浙能电力,sh600023,电力,浙江省,6.94,6.26,6.47,6.32,6.55,115581691,7.66555473E8,0.1462,1.9428,14.5312,0.97665733,4.9967826E9,7.4810237E10,0.1038,-0.0231
2014-12-10,浙能电力,sh600023,电力,浙江省,6.56,6.22,6.31,6.53,6.32,52694976,3.3779505E8,0.0666,2.0074,15.014,0.97665733,5.1628145E9,7.7296017E10,0.0537,0.0348
2014-12-11,浙能电力,sh600023,电力,浙江省,6.73,6.44,6.5,6.67,6.53,57960129,3.82545543E8,0.0733,2.0504,15.3359,0.97665733,5.2735027E9,7.895321E10,0.0444,0.0261
2014-12-12,浙能电力,sh600023,电力,浙江省,6.75,6.54,6.67,6.72,6.67,48273029,3.21871724E8,0.0611,2.0658,15.4509,0.97665733,5.3130342E9,7.9545057E10,0.0314,0.0074
2014-12-15,浙能电力,sh600023,电力,浙江省,6.75,6.56,6.72,6.71,6.72,40082324,2.67011616E8,0.0507,2.0627,15.4279,0.97665733,5.3051279E9,7.9426691E10,0.0282,-0.0014
2014-12-16,浙能电力,sh600023,电力,浙江省,6.75,6.5,6.71,6.68,6.71,57920393,3.82483435E8,0.0733,2.0535,15.3589,0.97665733,5.281409E9,7.9071576E10,0.0372,-0.0044
2014-12-17,浙能电力,sh600023,电力,浙江省,6.71,6.53,6.64,6.69,6.68,53515195,3.54750021E8,0.0677,2.0565,15.3819,0.97665733,5.2893153E9,7.918995E10,0.0269,0.0075
2014-12-18,浙能电力,sh600023,电力,浙江省,6.95,6.64,6.68,6.81,6.69,67595682,4.61173548E8,0.0855,2.0934,15.6578,0.97665733,5.384191E9,8.0610394E10,0.0463,0.0194
2014-12-19,浙能电力,sh600023,电力,浙江省,7.2,6.54,6.76,7.07,6.81,95524162,6.58749663E8,0.1208,2.1734,16.2556,0.97665733,5.5897549E9,8.368803E10,0.0969,0.0458
2014-12-22,浙能电力,sh600023,电力,浙江省,7.77,7.11,7.11,7.47,7.07,117378397,8.74208315E8,0.1485,2.2963,17.1753,0.97665733,5.906007E9,8.8422859E10,0.0933,0.0506
2014-12-23,浙能电力,sh600023,电力,浙江省,7.5,6.82,7.5,6.91,7.47,70017278,4.97919627E8,0.0886,2.1242,15.8877,0.97665733,5.463254E9,8.1794097E10,0.091,-0.0786
2014-12-24,浙能电力,sh600023,电力,浙江省,7.19,6.76,6.87,6.83,6.91,61835226,4.30873157E8,0.0782,2.0996,15.7038,0.97665733,5.4000036E9,8.0847135E10,0.0622,-0.0058
2014-12-25,浙能电力,sh600023,电力,浙江省,7.15,6.73,6.86,7.14,6.83,50530942,3.51166424E8,0.0639,2.1949,16.4166,0.97665733,5.645099E9,8.4516626E10,0.0614,0.0408
2014-12-26,浙能电力,sh600023,电力,浙江省,7.28,7.02,7.1,7.19,7.14,56527224,4.05178884E8,0.0715,2.2102,16.5315,0.97665733,5.6846305E9,8.5108482E10,0.0364,0.0126
2014-12-29,浙能电力,sh600023,电力,浙江省,7.41,7.07,7.24,7.14,7.19,57538271,4.17209955E8,0.0728,2.1949,16.4166,0.97665733,5.645099E9,8.4516626E10,0.0472,-0.0138
2014-12-30,浙能电力,sh600023,电力,浙江省,7.16,6.83,7.09,6.94,7.14,45372773,3.15422698E8,0.0574,2.1334,15.9567,0.97665733,5.4869729E9,8.2149212E10,0.0462,-0.0211
2014-12-31,浙能电力,sh600023,电力,浙江省,7.25,6.88,6.9,7.17,6.94,44343965,3.14489893E8,0.0561,1.9523,14.2298,0.97665733,5.6688179E9,8.4871733E10,0.0533,0.0391
2015-01-05,浙能电力,sh600023,电力,浙江省,7.46,7.11,7.17,7.37,7.17,69838529,5.09613514E8,0.0883,2.0068,14.6267,0.97665733,5.826944E9,8.7239148E10,0.0488,0.0278
2015-01-06,浙能电力,sh600023,电力,浙江省,7.32,7.15,7.29,7.26,7.37,41493957,3.00026114E8,0.0525,1.9768,14.4084,0.97665733,5.7399747E9,8.593707E10,0.023,-0.0041
2015-01-07,浙能电力,sh600023,电力,浙江省,7.52,7.17,7.21,7.48,7.26,65052352,4.80822173E8,0.0823,2.0367,14.8451,0.97665733,5.9139133E9,8.8541225E10,0.0482,0.0374
2015-01-08,浙能电力,sh600023,电力,浙江省,7.54,7.26,7.44,7.29,7.48,44316192,3.2669523E8,0.0561,1.985,14.468,0.97665733,5.7636936E9,8.6292185E10,0.0374,-0.0201
2015-01-09,浙能电力,sh600023,电力,浙江省,7.36,7.09,7.25,7.11,7.29,43741101,3.16299058E8,0.0553,1.936,14.1107,0.97665733,5.6213801E9,8.4161511E10,0.037,-0.0193
2015-01-12,浙能电力,sh600023,电力,浙江省,7.06,6.56,7.05,6.59,7.11,56683128,3.8418736E8,0.0717,1.7944,13.0787,0.97665733,5.2102523E9,7.8006239E10,0.0703,-0.0652
2015-01-13,浙能电力,sh600023,电力,浙江省,6.79,6.55,6.57,6.67,6.59,29743740,1.98722276E8,0.0376,1.8162,13.2375,0.97665733,5.2735027E9,7.895321E10,0.0364,0.0152
2015-01-14,浙能电力,sh600023,电力,浙江省,6.83,6.61,6.76,6.72,6.67,26766848,1.79476614E8,0.0339,1.8298,13.3367,0.97665733,5.3130342E9,7.9545057E10,0.0329,-0.0059
2015-01-15,浙能电力,sh600023,电力,浙江省,6.82,6.69,6.75,6.82,6.72,28405181,1.9173885E8,0.0359,1.857,13.5352,0.97665733,5.3920973E9,8.0728769E10,0.0193,0.0103
2015-01-16,浙能电力,sh600023,电力,浙江省,7.05,6.82,6.95,6.85,6.82,35383969,2.4473419E8,0.0448,1.8652,13.5947,0.97665733,5.415816322E9,8.1083875E10,0.0337,-0.0143
2015-01-19,浙能电力,sh600023,电力,浙江省,6.69,6.17,6.55,6.29,6.85,45827277,2.97366902E8,0.058,1.7127,12.4833,0.97665733,4.9730637E9,7.4455122E10,0.0759,-0.0396
2015-01-20,浙能电力,sh600023,电力,浙江省,6.45,6.29,6.31,6.4,6.29,26640841,1.6990242E8,0.0337,1.7427,12.7017,0.97665733,5.060032768E9,7.5757199E10,0.0254,0.0142
2015-01-21,浙能电力,sh600023,电力,浙江省,6.63,6.37,6.43,6.6,6.4,35323097,2.30286469E8,0.0447,1.7971,13.0986,0.97665733,5.218158792E9,7.8124614E10,0.0406,0.0264
2015-01-22,浙能电力,sh600023,电力,浙江省,6.66,6.56,6.64,6.63,6.6,25130795,1.66054295E8,0.0318,1.8053,13.1581,0.97665733,5.2418775E9,7.847972E10,0.0151,-0.0015
2015-01-23,浙能电力,sh600023,电力,浙江省,6.77,6.6,6.64,6.63,6.63,38836304,2.59301127E8,0.0491,1.8053,13.1581,0.97665733,5.2418775E9,7.847972E10,0.0256,-0.0015
2015-01-26,浙能电力,sh600023,电力,浙江省,6.75,6.57,6.63,6.75,6.63,27143363,1.81029666E8,0.0343,1.838,13.3963,0.97665733,5.33675331E9,7.9900172E10,0.0271,0.018
2015-01-27,浙能电力,sh600023,电力,浙江省,6.78,6.56,6.75,6.67,6.75,34097867,2.27340051E8,0.0431,1.8162,13.2375,0.97665733,5.2735027E9,7.895321E10,0.0325,-0.0118
2015-01-28,浙能电力,sh600023,电力,浙江省,6.73,6.57,6.66,6.66,6.67,21933410,1.46380472E8,0.0277,1.8135,13.2177,0.97665733,5.2655964E9,7.8834835E10,0.0239,0.0
2015-01-29,浙能电力,sh600023,电力,浙江省,6.89,6.61,6.66,6.86,6.66,56870015,3.86848596E8,0.0719,1.8679,13.6146,0.97665733,5.4237225E9,8.120225E10,0.042,0.03
2015-01-30,浙能电力,sh600023,电力,浙江省,7.08,6.81,6.92,6.84,6.86,57131827,3.95966723E8,0.0723,1.8625,13.5749,0.97665733,5.4079099E9,8.0965509E10,0.0393,-0.0115
2015-02-02,浙能电力,sh600023,电力,浙江省,6.71,6.53,6.7,6.58,6.84,25819039,1.70538199E8,0.0327,1.7917,13.0589,0.97665733,5.202346E9,7.7887873E10,0.0263,-0.0179
2015-02-03,浙能电力,sh600023,电力,浙江省,6.66,6.55,6.61,6.65,6.58,20499287,1.3536431E8,0.0259,1.8107,13.1978,0.97665733,5.257690298E9,7.8716461E10,0.0167,0.006
2015-02-04,浙能电力,sh600023,电力,浙江省,6.72,6.62,6.7,6.63,6.65,22351932,1.48978003E8,0.0283,1.8053,13.1581,0.97665733,5.2418775E9,7.847972E10,0.015,-0.0104
2015-02-05,浙能电力,sh600023,电力,浙江省,6.72,6.43,6.71,6.44,6.63,24631255,1.62130441E8,0.0312,1.7535,12.781,0.97665733,5.0916577E9,7.6230681E10,0.0437,-0.0402
2015-02-06,浙能电力,sh600023,电力,浙江省,6.43,6.18,6.43,6.22,6.44,24018503,1.50568071E8,0.0304,1.6936,12.3444,0.97665733,4.9177196E9,7.3626526E10,0.0388,-0.0326
2015-02-09,浙能电力,sh600023,电力,浙江省,6.28,6.18,6.25,6.2,6.22,11605602,7.242935E7,0.0147,1.6882,12.3047,0.97665733,4.901906744E9,7.3389785E10,0.016,-0.0079
2015-02-10,浙能电力,sh600023,电力,浙江省,6.28,6.2,6.21,6.28,6.2,11886672,7.428519E7,0.015,1.71,12.4635,0.97665733,4.9651574E9,7.4336756E10,0.0129,0.0112
2015-02-11,浙能电力,sh600023,电力,浙江省,6.33,6.26,6.28,6.29,6.28,9058754,5.6978684E7,0.0115,1.7127,12.4833,0.97665733,4.9730637E9,7.4455122E10,0.0111,0.0015
2015-02-12,浙能电力,sh600023,电力,浙江省,6.36,6.27,6.3,6.32,6.29,10943576,6.9147439E7,0.0138,1.7209,12.5429,0.97665733,4.9967826E9,7.4810237E10,0.0143,0.0031
2015-02-13,浙能电力,sh600023,电力,浙江省,6.45,6.36,6.36,6.39,6.32,15903705,1.0184256E8,0.0201,1.7399,12.6818,0.97665733,5.0521267E9,7.5638825E10,0.0142,0.0047
2015-02-16,浙能电力,sh600023,电力,浙江省,6.45,6.38,6.39,6.44,6.39,13066505,8.3887563E7,0.0165,1.7535,12.781,0.97665733,5.0916577E9,7.6230681E10,0.0109,0.0078
2015-02-17,浙能电力,sh600023,电力,浙江省,6.55,6.42,6.47,6.47,6.44,19183165,1.2420569E8,0.0243,1.7617,12.8406,0.97665733,5.1153766E9,7.6585796E10,0.0201,0.0
2015-02-25,浙能电力,sh600023,电力,浙江省,6.55,6.42,6.47,6.48,6.47,16050387,1.04015534E8,0.0203,1.7644,12.8604,0.97665733,5.1232829E9,7.6704162E10,0.02,0.0015
2015-02-26,浙能电力,sh600023,电力,浙江省,6.58,6.44,6.46,6.58,6.48,21430548,1.39626315E8,0.0271,1.7917,13.0589,0.97665733,5.202346E9,7.7887873E10,0.0216,0.0185
2015-02-27,浙能电力,sh600023,电力,浙江省,6.65,6.54,6.57,6.6,6.58,20017350,1.32037886E8,0.0253,1.7971,13.0986,0.97665733,5.218158792E9,7.8124614E10,0.0167,0.0045
2015-03-02,浙能电力,sh600023,电力,浙江省,6.77,6.6,6.63,6.73,6.6,30973490,2.07262866E8,0.0392,1.8325,13.3566,0.97665733,5.3209405E9,7.9663432E10,0.0257,0.015
2015-03-03,浙能电力,sh600023,电力,浙江省,6.77,6.63,6.68,6.64,6.73,29754098,1.99313171E8,0.0376,1.808,13.178,0.97665733,5.2497838E9,7.8598095E10,0.0208,-0.0059
2015-03-04,浙能电力,sh600023,电力,浙江省,6.7,6.58,6.6,6.69,6.64,22235305,1.47944542E8,0.0281,1.8216,13.2772,0.97665733,5.2893153E9,7.918995E10,0.018,0.0136
2015-03-05,浙能电力,sh600023,电力,浙江省,6.71,6.52,6.67,6.58,6.69,20591474,1.35460259E8,0.026,1.7917,13.0589,0.97665733,5.202346E9,7.7887873E10,0.0284,-0.0134
2015-03-06,浙能电力,sh600023,电力,浙江省,6.62,6.51,6.57,6.56,6.58,14232221,9.3468338E7,0.018,1.7862,13.0192,0.97665733,5.1865334E9,7.7651132E10,0.0167,-0.0015
2015-03-09,浙能电力,sh600023,电力,浙江省,6.6,6.4,6.52,6.6,6.56,24016113,1.55916428E8,0.0304,1.7971,13.0986,0.97665733,5.218158792E9,7.8124614E10,0.0304,0.0122
2015-03-10,浙能电力,sh600023,电力,浙江省,6.68,6.55,6.59,6.64,6.6,20228140,1.34199262E8,0.0256,1.808,13.178,0.97665733,5.2497838E9,7.8598095E10,0.0196,0.0075
2015-03-11,浙能电力,sh600023,电力,浙江省,6.7,6.57,6.65,6.6,6.64,18013765,1.19564857E8,0.0228,1.7971,13.0986,0.97665733,5.218158792E9,7.8124614E10,0.0195,-0.0075
2015-03-12,浙能电力,sh600023,电力,浙江省,6.7,6.57,6.64,6.7,6.6,27568531,1.83218978E8,0.0349,1.8243,13.297,0.97665733,5.297221804E9,7.9308317E10,0.0196,0.009
2015-03-13,浙能电力,sh600023,电力,浙江省,6.75,6.66,6.75,6.72,6.7,24037989,1.61151944E8,0.0304,1.8298,13.3367,0.97665733,5.3130342E9,7.9545057E10,0.0134,-0.0044
2015-03-16,浙能电力,sh600023,电力,浙江省,6.93,6.71,6.73,6.88,6.72,37184797,2.5407521E8,0.047,1.8734,13.6543,0.97665733,5.4395351E9,8.143899E10,0.0327,0.0222
2015-03-17,浙能电力,sh600023,电力,浙江省,7.05,6.87,6.9,6.96,6.88,42832432,2.97653945E8,0.0542,1.8951,13.813,0.97665733,5.5027855E9,8.2385953E10,0.0261,0.0086
2015-03-18,浙能电力,sh600023,电力,浙江省,7.12,6.96,6.96,7.1,6.96,43637052,3.08194921E8,0.0552,1.9333,14.0909,0.97665733,5.613473852E9,8.4043145E10,0.0229,0.0201
2015-03-19,浙能电力,sh600023,电力,浙江省,7.2,7.0,7.05,7.2,7.1,51985120,3.70478895E8,0.0658,1.9605,14.2894,0.97665733,5.692536864E9,8.5226848E10,0.0281,0.0212
2015-03-20,浙能电力,sh600023,电力,浙江省,7.33,7.13,7.2,7.17,7.2,43489750,3.13555874E8,0.055,1.9523,14.2298,0.97665733,5.6688179E9,8.4871733E10,0.0277,-0.0041
2015-03-23,浙能电力,sh600023,电力,浙江省,7.36,7.23,7.24,7.32,7.17,45363228,3.30357945E8,0.0574,1.9932,14.5275,0.97665733,5.7874125E9,8.66473E10,0.0181,0.011
2015-03-24,浙能电力,sh600023,电力,浙江省,7.47,7.1,7.32,7.29,7.32,58751834,4.2924906E8,0.0743,1.985,14.468,0.97665733,5.7636936E9,8.6292185E10,0.0505,-0.004
2015-03-25,浙能电力,sh600023,电力,浙江省,7.26,7.1,7.26,7.12,7.29,41649807,2.97986156E8,0.0527,1.9387,14.1306,0.97665733,5.6292864E9,8.4279886E10,0.0219,-0.0192
2015-03-26,浙能电力,sh600023,电力,浙江省,7.21,7.06,7.09,7.13,7.12,36426616,2.60059923E8,0.0461,1.9414,14.1504,0.97665733,5.6371927E9,8.4398252E10,0.021,0.0056
2015-03-27,浙能电力,sh600023,电力,浙江省,7.27,7.12,7.13,7.21,7.13,31847248,2.28890783E8,0.0403,1.9632,14.3092,0.97665733,5.7004431E9,8.5345223E10,0.021,0.0112
2015-03-30,浙能电力,sh600023,电力,浙江省,7.5,7.26,7.27,7.48,7.21,59676236,4.42071243E8,0.0755,2.0367,14.8451,0.97665733,5.9139133E9,8.8541225E10,0.0332,0.0288
2015-03-31,浙能电力,sh600023,电力,浙江省,7.64,7.29,7.56,7.31,7.48,50897898,3.78608578E8,0.0644,1.9329,14.3554,0.97665733,5.7795062E9,8.6528926E10,0.0467,-0.033
2015-04-01,浙能电力,sh600023,电力,浙江省,8.04,7.31,7.31,8.04,7.31,86290038,6.76249114E8,0.1091,2.1259,15.7889,0.97665733,6.3566664E9,9.5169978E10,0.0998,0.0998
2015-04-02,浙能电力,sh600023,电力,浙江省,8.08,7.83,8.08,7.99,8.04,100769043,8.00220667E8,0.1275,2.1127,15.6908,0.97665733,6.3171348E9,9.4578131E10,0.031,-0.0111
2015-04-03,浙能电力,sh600023,电力,浙江省,8.46,7.86,7.9,8.28,7.99,93355938,7.64701677E8,0.1181,2.1893,16.2603,0.97665733,6.5464172E9,9.8010874E10,0.075,0.0481
2015-04-07,浙能电力,sh600023,电力,浙江省,8.68,8.27,8.29,8.38,8.28,73798134,6.20888138E8,0.0933,2.2158,16.4566,0.97665733,6.6254802E9,9.9194585E10,0.0495,0.0108
2015-04-08,浙能电力,sh600023,电力,浙江省,8.43,8.01,8.4,8.2,8.38,56565517,4.64301524E8,0.0715,2.1682,16.1032,0.97665733,6.483166984E9,9.7063911E10,0.0501,-0.0238
2015-04-09,浙能电力,sh600023,电力,浙江省,8.24,7.8,8.24,7.99,8.2,58956647,4.6916364E8,0.0746,2.1127,15.6908,0.97665733,6.3171348E9,9.4578131E10,0.0536,-0.0303
2015-04-10,浙能电力,sh600023,电力,浙江省,8.16,7.88,7.97,8.15,7.99,46940690,3.7924748E8,0.0594,2.155,16.005,0.97665733,6.443635478E9,9.6472056E10,0.035,0.0225
2015-04-13,浙能电力,sh600023,电力,浙江省,8.35,8.15,8.22,8.27,8.15,55167826,4.55020952E8,0.0698,2.1867,16.2406,0.97665733,6.5385108E9,9.7892508E10,0.0245,0.006
2015-04-14,浙能电力,sh600023,电力,浙江省,8.9,8.13,8.16,8.55,8.27,128239883,1.079438498E9,0.1622,2.2607,16.7905,0.97665733,6.759887526E9,1.01206884E11,0.0931,0.0477
2015-04-15,浙能电力,sh600023,电力,浙江省,8.42,8.0,8.38,8.01,8.55,99293220,8.14583176E8,0.1256,2.118,15.73,0.97665733,6.3329475E9,9.4814872E10,0.0491,-0.0441
2015-04-16,浙能电力,sh600023,电力,浙江省,8.38,7.86,7.96,8.21,8.01,97920354,8.0113139E8,0.1239,2.1708,16.1228,0.97665733,6.4910735E9,9.7182286E10,0.0649,0.0314
2015-04-17,浙能电力,sh600023,电力,浙江省,8.54,8.24,8.28,8.38,8.21,224170692,1.878110414E9,0.2835,2.2158,16.4566,0.97665733,6.6254802E9,9.9194585E10,0.0365,0.012
2015-04-20,浙能电力,sh600023,电力,浙江省,8.43,8.05,8.2,8.1,8.38,155418895,1.27460199E9,0.1966,2.1418,15.9068,0.97665733,6.404103972E9,9.5880208E10,0.0453,-0.0121
2015-04-21,浙能电力,sh600023,电力,浙江省,8.34,8.08,8.15,8.33,8.1,97129967,7.98001786E8,0.1229,2.2026,16.3584,0.97665733,6.5859487E9,9.8602729E10,0.032,0.022
2015-04-22,浙能电力,sh600023,电力,浙江省,9.16,8.54,8.54,9.16,8.33,191953625,1.718471381E9,0.2428,2.422,17.9884,0.97665733,7.2421719E9,1.08427493E11,0.0744,0.0725
2015-04-23,浙能电力,sh600023,电力,浙江省,9.7,9.21,9.39,9.63,9.16,431053566,4.069470464E9,0.5452,2.5463,18.9114,0.97665733,7.6137682E9,1.1399091E11,0.0534,0.0255
2015-04-24,浙能电力,sh600023,电力,浙江省,9.51,9.08,9.4,9.25,9.63,205842783,1.916442992E9,0.2604,2.4458,18.1651,0.97665733,7.31332861E9,1.0949283E11,0.0446,-0.0159
2015-04-27,浙能电力,sh600023,电力,浙江省,9.45,9.16,9.26,9.37,9.25,180115263,1.677025432E9,0.2278,2.4776,18.4008,0.97665733,7.4082043E9,1.10913274E11,0.0313,0.0118
2015-04-28,浙能电力,sh600023,电力,浙江省,9.42,8.76,9.41,8.84,9.37,172376148,1.556715309E9,0.218,2.3374,17.36,0.97665733,6.9891702E9,1.04639635E11,0.0704,-0.0605
2015-04-29,浙能电力,sh600023,电力,浙江省,9.03,8.57,8.78,8.92,8.84,104944757,9.24386342E8,0.1327,2.3586,17.5171,0.97665733,7.0524206E9,1.05586598E11,0.052,0.0159
2015-04-30,浙能电力,sh600023,电力,浙江省,9.35,8.95,9.05,8.98,8.92,123132884,1.124557418E9,0.1557,2.3744,17.6349,0.97665733,7.0998584E9,1.0629682E11,0.0448,-0.0077
2015-05-04,浙能电力,sh600023,电力,浙江省,9.45,8.74,8.99,9.44,8.98,228284169,2.10536839E9,0.2887,2.4961,18.5383,0.97665733,7.4635484E9,1.1174187E11,0.079,0.05
2015-05-05,浙能电力,sh600023,电力,浙江省,9.38,8.65,9.34,8.74,9.44,174461918,1.573532046E9,0.2207,2.311,17.1636,0.97665733,6.9101071E9,1.03455924E11,0.0773,-0.0642
2015-05-06,浙能电力,sh600023,电力,浙江省,8.81,8.1,8.7,8.3,8.74,153134560,1.301176153E9,0.1937,2.1946,16.2995,0.97665733,6.562229996E9,9.8247614E10,0.0812,-0.0459
2015-05-07,浙能电力,sh600023,电力,浙江省,8.24,7.73,8.19,7.75,8.3,106701565,8.4574834E8,0.135,2.0492,15.2194,0.97665733,6.12738343E9,9.1737235E10,0.0614,-0.0537
2015-05-08,浙能电力,sh600023,电力,浙江省,7.96,7.71,7.82,7.94,7.75,85993183,6.75443178E8,0.1088,2.0994,15.5926,0.97665733,6.2776033E9,9.3986275E10,0.0322,0.0153
2015-05-11,浙能电力,sh600023,电力,浙江省,8.19,7.93,8.1,8.18,7.94,127423141,1.026773571E9,0.1612,2.1629,16.0639,0.97665733,6.4673546E9,9.6827171E10,0.0327,0.0098
2015-05-12,浙能电力,sh600023,电力,浙江省,8.4,8.1,8.17,8.36,8.18,170449241,1.411582214E9,0.2156,2.2105,16.4174,0.97665733,6.6096676E9,9.8957844E10,0.0366,0.0232
2015-05-13,浙能电力,sh600023,电力,浙江省,8.29,8.1,8.29,8.14,8.36,124906248,1.020548649E9,0.158,2.1523,15.9853,0.97665733,6.4357294E9,9.635369E10,0.0227,-0.018
2015-05-14,浙能电力,sh600023,电力,浙江省,8.44,8.12,8.18,8.28,8.14,137592261,1.136866456E9,0.174,2.1893,16.2603,0.97665733,6.5464172E9,9.8010874E10,0.0393,0.0122
2015-05-15,浙能电力,sh600023,电力,浙江省,8.25,7.9,8.25,8.0,8.28,116518782,9.3598009E8,0.1474,2.1153,15.7104,0.97665733,6.32504096E9,9.4696499096E10,0.0422,-0.0303
2015-05-18,浙能电力,sh600023,电力,浙江省,8.05,7.9,7.94,7.93,8.0,84518899,6.72519472E8,0.1069,2.0968,15.5729,0.97665733,6.269697E9,9.3867901E10,0.0187,-0.0012
2015-05-19,浙能电力,sh600023,电力,浙江省,8.18,7.88,7.9,8.17,7.93,129574418,1.042258155E9,0.1639,2.1603,16.0442,0.97665733,6.4594483E9,9.6708796E10,0.0378,0.0341
2015-05-20,浙能电力,sh600023,电力,浙江省,8.34,8.1,8.2,8.21,8.17,199722576,1.642601214E9,0.1009,2.3888,17.7417,0.97665733,1.6249262377E10,1.0694047156E11,0.0293,0.0012
2015-05-21,浙能电力,sh600023,电力,浙江省,8.23,8.0,8.12,8.22,8.21,174533723,1.415712009E9,0.0882,2.3917,17.7633,0.97665733,1.6269054414E10,1.0707072792E11,0.028,0.0123
2015-05-22,浙能电力,sh600023,电力,浙江省,8.49,8.21,8.32,8.48,8.22,277176650,2.31447913E9,0.14,2.4674,18.3252,0.97665733,1.6783647376E10,1.1045739328E11,0.034,0.0192
2015-05-25,浙能电力,sh600023,电力,浙江省,9.27,8.41,8.46,9.2,8.48,438664365,3.918227408E9,0.2216,2.6769,19.8811,0.97665733,1.820867404E10,1.198358512E11,0.1014,0.0874
2015-05-26,浙能电力,sh600023,电力,浙江省,9.45,9.01,9.28,9.4,9.2,398005298,3.690709974E9,0.1558,2.8558,21.2101,0.97665733,2.401002238E10,1.27846486E11,0.0478,0.0129
2015-05-27,浙能电力,sh600023,电力,浙江省,10.34,9.36,9.49,10.34,9.4,383928627,3.887985532E9,0.1503,3.1414,23.3311,0.97665733,2.6411024618E10,1.406311346E11,0.1042,0.0895
2015-05-28,浙能电力,sh600023,电力,浙江省,11.37,10.71,10.95,10.85,10.34,482398822,5.390364476E9,0.1889,3.2963,24.4818,0.97665733,2.7713696045E10,1.475674865E11,0.0638,-0.0091
2015-05-29,浙能电力,sh600023,电力,浙江省,11.94,10.2,11.37,11.94,10.85,707299945,8.041104399E9,0.2769,3.6275,26.9413,0.97665733,3.0497836938E10,1.623922386E11,0.1603,0.0501
2015-06-01,浙能电力,sh600023,电力,浙江省,13.13,12.2,12.5,13.13,11.94,178142225,2.300085016E9,0.0697,3.989,29.6264,0.97665733,3.3537403601E10,1.785770597E11,0.0778,0.0504
2015-06-02,浙能电力,sh600023,电力,浙江省,14.44,14.44,14.44,14.44,13.13,25008996,3.61129902E8,0.0098,4.387,32.5823,0.97665733,3.6883481188E10,1.963939636E11,0.0,0.0
2015-06-03,浙能电力,sh600023,电力,浙江省,15.38,13.11,15.0,13.49,14.44,822338957,1.1492693268E10,0.3219,4.0984,30.4387,0.97665733,3.4456936373E10,1.834733081E11,0.1572,-0.1006
2015-06-04,浙能电力,sh600023,电力,浙江省,13.81,12.15,13.5,13.11,13.49,466095699,6.055567088E9,0.1825,3.9829,29.5813,0.97665733,3.3486318447E10,1.783050459E11,0.123,-0.0288
2015-06-05,浙能电力,sh600023,电力,浙江省,13.82,12.75,13.3,13.29,13.11,411821356,5.492835633E9,0.1612,4.0376,29.9874,0.97665733,3.3946084833E10,1.807531701E11,0.0816,-7.0E-4
2015-06-08,浙能电力,sh600023,电力,浙江省,13.85,12.65,13.38,13.58,13.29,406201704,5.40071757E9,0.159,4.1257,30.6418,0.97665733,3.4686819566E10,1.846973702E11,0.0902,0.0149
2015-06-09,浙能电力,sh600023,电力,浙江省,14.94,13.18,13.66,14.94,13.58,545552303,7.609707647E9,0.2136,4.5389,33.7105,0.97665733,3.8160610038E10,2.031943086E11,0.1296,0.0937
2015-06-10,浙能电力,sh600023,电力,浙江省,14.49,13.55,13.96,13.82,14.94,476047338,6.679823589E9,0.1864,4.1986,31.1833,0.97665733,3.5299841414E10,1.879615358E11,0.0629,-0.01
2015-06-11,浙能电力,sh600023,电力,浙江省,13.65,13.05,13.6,13.22,13.82,314896548,4.16602176E9,0.1233,4.0164,29.8295,0.97665733,3.3767286794E10,1.798011218E11,0.0434,-0.0279
2015-06-12,浙能电力,sh600023,电力,浙江省,13.35,13.05,13.17,13.18,13.22,218765427,2.884203984E9,0.0856,4.0042,29.7392,0.97665733,3.3665116486E10,1.792570942E11,0.0226,7.0E-4
2015-06-15,浙能电力,sh600023,电力,浙江省,13.32,12.6,13.25,12.76,13.18,244721144,3.143091339E9,0.0958,3.8766,28.7915,0.97665733,3.2592328252E10,1.735448044E11,0.0546,-0.0369
2015-06-16,浙能电力,sh600023,电力,浙江省,13.19,12.3,12.85,12.48,12.76,210933504,2.704695146E9,0.0826,3.7915,28.1597,0.97665733,3.1877136096E10,1.697366112E11,0.0697,-0.0287
2015-06-17,浙能电力,sh600023,电力,浙江省,12.77,11.41,12.31,12.62,12.48,258324139,3.12635273E9,0.1011,3.8341,28.4756,0.97665733,3.2234732174E10,1.716407078E11,0.1089,0.0251
2015-06-18,浙能电力,sh600023,电力,浙江省,12.4,11.8,12.4,11.86,12.62,191242996,2.316996999E9,0.0749,3.6032,26.7608,0.97665733,3.0293496322E10,1.613041834E11,0.0475,-0.0435
2015-06-19,浙能电力,sh600023,电力,浙江省,11.84,10.67,11.53,10.71,11.86,170499283,1.912198819E9,0.0668,3.2538,24.1659,0.97665733,2.7356099967E10,1.456633899E11,0.0986,-0.0711
2015-06-23,浙能电力,sh600023,电力,浙江省,10.86,9.86,10.61,10.82,10.46,175988684,1.852520075E9,0.0689,3.2872,24.4141,1.0,2.7637068314E10,1.471594658E11,0.0956,0.0197
2015-06-24,浙能电力,sh600023,电力,浙江省,11.85,10.82,10.99,11.47,10.82,272988013,3.105356454E9,0.1069,3.4847,25.8808,1.0,2.9297335819E10,1.559999143E11,0.0951,0.0436
2015-06-25,浙能电力,sh600023,电力,浙江省,11.48,10.51,11.47,10.71,11.47,205785274,2.295760558E9,0.0806,3.2538,24.1659,1.0,2.7356099967E10,1.456633899E11,0.0845,-0.0662
2015-06-26,浙能电力,sh600023,电力,浙江省,10.41,9.64,10.35,9.69,10.71,215789622,2.154413808E9,0.0845,2.9439,21.8644,1.0,2.4750757113E10,1.317906861E11,0.0718,-0.0637
2015-06-29,浙能电力,sh600023,电力,浙江省,10.08,8.72,10.05,9.32,9.69,247290593,2.361670157E9,0.0968,2.8315,21.0295,1.0,2.3805681764E10,1.267584308E11,0.1403,-0.0726
2015-06-30,浙能电力,sh600023,电力,浙江省,9.97,8.6,9.32,9.92,9.32,235355082,2.220712691E9,0.0921,2.5427,19.649,1.0,2.5338236384E10,1.349188448E11,0.1469,0.0643
2015-07-01,浙能电力,sh600023,电力,浙江省,10.6,9.5,9.8,9.6,9.92,266244589,2.677372897E9,0.1042,2.4607,19.0151,1.0,2.452087392E10,1.30566624E11,0.1108,-0.0204
2015-07-02,浙能电力,sh600023,电力,浙江省,9.75,8.64,9.65,8.65,9.6,214741663,1.962344722E9,0.0841,2.2172,17.1334,1.0,2.2094329105E10,1.176459685E11,0.1156,-0.1036
2015-07-03,浙能电力,sh600023,电力,浙江省,8.79,7.79,8.41,7.79,8.65,215574289,1.741775116E9,0.0844,1.9967,15.43,1.0,1.9897667483E10,1.059493751E11,0.1156,-0.0737
2015-07-06,浙能电力,sh600023,电力,浙江省,8.57,7.15,8.57,7.75,7.79,275334487,2.1685132E9,0.1078,1.9865,15.3508,1.0,1.9795497175E10,1.054053475E11,0.1822,-0.0956
2015-07-07,浙能电力,sh600023,电力,浙江省,8.09,7.0,7.3,7.96,7.75,361153544,2.744999626E9,0.1414,2.0403,15.7667,1.0,2.0331891292E10,1.082614924E11,0.1406,0.0904
2015-07-08,浙能电力,sh600023,电力,浙江省,7.5,7.16,7.21,7.16,7.96,194866818,1.410037516E9,0.0763,1.8353,14.1821,1.0,1.8288485132E10,9.73809404E10,0.0427,-0.0069
2015-07-09,浙能电力,sh600023,电力,浙江省,7.88,6.51,7.16,7.88,7.16,269252526,2.026978128E9,0.1054,2.0198,15.6083,1.0,2.0127550676E10,1.071734372E11,0.1913,0.1005
2015-07-10,浙能电力,sh600023,电力,浙江省,8.67,7.98,8.17,8.67,7.88,247588876,2.114900624E9,0.0969,2.2223,17.173,1.0,2.2145414259E10,1.179179823E11,0.0875,0.0611
2015-07-13,浙能电力,sh600023,电力,浙江省,9.54,8.68,9.0,9.54,8.67,349678263,3.21273784E9,0.1369,2.4453,18.8963,1.0,2.4367618458E10,1.297505826E11,0.0991,0.0599
2015-07-14,浙能电力,sh600023,电力,浙江省,9.85,8.93,9.3,9.02,9.54,338867674,3.157311003E9,0.1327,2.312,17.8663,1.0,2.3039404454E10,1.226782238E11,0.0964,-0.0301
2015-07-15,浙能电力,sh600023,电力,浙江省,8.81,8.12,8.8,8.12,9.02,168525620,1.413622147E9,0.066,2.0813,16.0836,1.0,2.0740572524E10,1.104376028E11,0.0764,-0.0772
2015-07-16,浙能电力,sh600023,电力,浙江省,8.57,7.5,8.12,8.21,8.12,174687181,1.421057488E9,0.0684,2.1044,16.2619,1.0,2.0970455717E10,1.116616649E11,0.1317,0.011
2015-07-17,浙能电力,sh600023,电力,浙江省,8.85,8.15,8.24,8.65,8.21,180396226,1.533457284E9,0.0706,2.2172,17.1334,1.0,2.2094329105E10,1.176459685E11,0.0852,0.0497
2015-07-20,浙能电力,sh600023,电力,浙江省,8.95,8.44,8.67,8.81,8.65,206057066,1.799288458E9,0.0807,2.2582,17.4503,1.0,2.2503010337E10,1.198220789E11,0.0589,0.0161
2015-07-21,浙能电力,sh600023,电力,浙江省,9.16,8.46,8.6,8.91,8.81,213321126,1.897622099E9,0.0835,2.2838,17.6484,1.0,2.2758436107E10,1.211821479E11,0.0794,0.036
2015-07-22,浙能电力,sh600023,电力,浙江省,9.1,8.5,8.83,8.93,8.91,211209788,1.863374132E9,0.0827,2.289,17.688,1.0,2.2809521261E10,1.214541617E11,0.0673,0.0113
2015-07-23,浙能电力,sh600023,电力,浙江省,9.35,8.82,8.9,9.25,8.93,251640941,2.298200311E9,0.0985,2.371,18.3219,1.0,2.3626883725E10,1.258063825E11,0.0593,0.0393
2015-07-24,浙能电力,sh600023,电力,浙江省,9.88,9.06,9.26,9.25,9.25,324821837,3.05768368E9,0.1272,2.371,18.3219,1.0,2.3626883725E10,1.258063825E11,0.0886,-0.001
2015-07-27,浙能电力,sh600023,电力,浙江省,9.17,8.33,8.97,8.33,9.25,209758462,1.848825275E9,0.0821,2.1352,16.4996,1.0,2.1276966641E10,1.132937477E11,0.0908,-0.0713
2015-07-28,浙能电力,sh600023,电力,浙江省,8.33,7.5,7.65,7.92,8.33,195370002,1.534015277E9,0.0765,2.0301,15.6875,1.0,2.0229720984E10,1.077174648E11,0.0996,0.0352
2015-07-29,浙能电力,sh600023,电力,浙江省,8.45,7.84,8.05,8.38,7.92,134684535,1.091470362E9,0.0527,2.148,16.5986,1.0,2.1404679526E10,1.139737822E11,0.077,0.0409
2015-07-30,浙能电力,sh600023,电力,浙江省,8.75,8.15,8.36,8.2,8.38,163052577,1.378092805E9,0.0638,2.1018,16.2421,1.0,2.094491314E10,1.11525658E11,0.0715,-0.0191
2015-07-31,浙能电力,sh600023,电力,浙江省,8.28,8.03,8.04,8.25,8.2,122517291,9.95516667E8,0.048,2.1147,16.3411,1.0,2.1072626025E10,1.122056925E11,0.0304,0.0261
2015-08-03,浙能电力,sh600023,电力,浙江省,8.53,8.08,8.1,8.51,8.25,133613934,1.098271964E9,0.0523,2.1813,16.8561,1.0,2.1736733027E10,1.157418719E11,0.0545,0.0506
2015-08-04,浙能电力,sh600023,电力,浙江省,8.96,8.46,8.52,8.88,8.51,133881585,1.164707826E9,0.0524,2.2761,17.589,1.0,2.2681808376E10,1.207741272E11,0.0587,0.0422
2015-08-05,浙能电力,sh600023,电力,浙江省,8.94,8.46,8.8,8.54,8.88,111125415,9.67030081E8,0.0435,2.189,16.9155,1.0,2.1813360758E10,1.161498926E11,0.054,-0.0295
2015-08-06,浙能电力,sh600023,电力,浙江省,8.68,8.18,8.32,8.42,8.54,77667664,6.55687256E8,0.0304,2.1582,16.6779,1.0,2.1506849834E10,1.145178098E11,0.0585,0.012
2015-08-07,浙能电力,sh600023,电力,浙江省,8.7,8.44,8.52,8.69,8.42,111485618,9.59931153E8,0.0436,2.2274,17.2127,1.0,2.2196499413E10,1.181899961E11,0.0308,0.0199
2015-08-10,浙能电力,sh600023,电力,浙江省,9.28,8.72,8.8,9.19,8.69,202108243,1.83505802E9,0.0791,2.3556,18.203,1.0,2.3473628263E10,1.249903411E11,0.0644,0.0443
2015-08-11,浙能电力,sh600023,电力,浙江省,9.2,8.95,9.1,9.04,9.19,185498937,1.684294895E9,0.0726,2.3172,17.9059,1.0,2.3090489608E10,1.229502376E11,0.0272,-0.0065
2015-08-12,浙能电力,sh600023,电力,浙江省,9.12,8.82,8.89,8.84,9.04,105795415,9.48588822E8,0.0414,2.2659,17.5098,1.0,2.2579638068E10,1.202300996E11,0.0331,-0.0056
2015-08-13,浙能电力,sh600023,电力,浙江省,9.72,8.95,8.95,9.72,8.84,409747019,3.932063524E9,0.1604,2.4915,19.2528,1.0,2.4827384844E10,1.321987068E11,0.0871,0.086
2015-08-14,浙能电力,sh600023,电力,浙江省,10.47,9.9,9.9,10.1,9.72,489597872,4.971853483E9,0.1917,2.5889,20.0055,1.0,2.579800277E10,1.37366969E11,0.0586,0.0202
2015-08-17,浙能电力,sh600023,电力,浙江省,10.73,9.7,9.92,10.38,10.1,349740858,3.554991242E9,0.1369,2.6606,20.5601,1.0,2.6513194926E10,1.411751622E11,0.1019,0.0463
2015-08-18,浙能电力,sh600023,电力,浙江省,10.34,9.34,10.21,9.34,10.38,252286099,2.470144659E9,0.0988,2.394,18.5001,1.0,2.3856766918E10,1.270304446E11,0.0963,-0.0852
2015-08-19,浙能电力,sh600023,电力,浙江省,9.62,8.44,8.88,9.47,9.34,203253388,1.837792035E9,0.0796,2.4274,18.7576,1.0,2.4188820419E10,1.287985343E11,0.1263,0.0664
2015-08-20,浙能电力,sh600023,电力,浙江省,10.2,9.01,9.24,9.55,9.47,230189789,2.219566495E9,0.0901,2.4479,18.9161,1.0,2.4393161035E10,1.298865895E11,0.1256,0.0335
2015-08-21,浙能电力,sh600023,电力,浙江省,9.8,8.88,9.5,9.1,9.55,198903383,1.870592005E9,0.0779,2.3325,18.0248,1.0,2.324374507E10,1.23766279E11,0.0963,-0.0421
2015-08-24,浙能电力,sh600023,电力,浙江省,8.75,8.19,8.58,8.19,9.1,144456818,1.191284757E9,0.0566,2.0993,16.2223,1.0,2.0919370563E10,1.113896511E11,0.0615,-0.0454
2015-08-25,浙能电力,sh600023,电力,浙江省,7.78,7.37,7.41,7.37,8.19,156453592,1.16568385E9,0.0613,1.8891,14.5981,1.0,1.8824879249E10,1.002370853E11,0.05,-0.0053
2015-08-26,浙能电力,sh600023,电力,浙江省,7.67,6.69,7.44,6.76,7.37,179001222,1.288390151E9,0.0701,1.7327,13.3898,1.0,1.7266782052E10,9.19406644E10,0.1329,-0.0913
2015-08-27,浙能电力,sh600023,电力,浙江省,7.2,6.53,7.06,7.2,6.76,137159361,9.56989044E8,0.0537,1.8455,14.2613,1.0,1.839065544E10,9.7924968E10,0.0991,0.0198
2015-08-28,浙能电力,sh600023,电力,浙江省,7.78,7.21,7.31,7.74,7.2,162502011,1.212940768E9,0.0636,1.9839,15.3309,1.0,1.9769954598E10,1.052693406E11,0.0791,0.0588
2015-08-31,浙能电力,sh600023,电力,浙江省,7.83,7.22,7.68,7.79,7.74,149973697,1.134288004E9,0.0587,1.9967,15.43,1.0,1.9897667483E10,1.059493751E11,0.0788,0.0143
2015-09-01,浙能电力,sh600023,电力,浙江省,8.07,7.28,7.6,7.93,7.79,212356443,1.643297105E9,0.0831,2.0326,15.7073,1.0,2.0255263561E10,1.078534717E11,0.1014,0.0434
2015-09-02,浙能电力,sh600023,电力,浙江省,8.66,7.5,7.55,8.41,7.93,238036383,1.950813747E9,0.0932,2.1557,16.658,1.0,2.1481307257E10,1.143818029E11,0.1462,0.1139
2015-09-07,浙能电力,sh600023,电力,浙江省,8.78,7.73,8.37,7.8,8.41,181971943,1.494410816E9,0.0712,1.9993,15.4498,1.0,1.992321006E10,1.06085382E11,0.1248,-0.0681
2015-09-08,浙能电力,sh600023,电力,浙江省,8.2,7.6,7.6,8.17,7.8,89995943,7.17734445E8,0.0352,2.0942,16.1827,1.0,2.0868285409E10,1.111176373E11,0.0769,0.075
2015-09-09,浙能电力,sh600023,电力,浙江省,8.41,8.07,8.16,8.24,8.17,126782467,1.044645418E9,0.0496,2.1121,16.3213,1.0,2.1047083448E10,1.120696856E11,0.0416,0.0098
2015-09-10,浙能电力,sh600023,电力,浙江省,8.37,8.0,8.06,8.08,8.24,85703337,7.00568831E8,0.0336,2.0711,16.0044,1.0,2.0638402216E10,1.098935752E11,0.0449,0.0024
2015-09-11,浙能电力,sh600023,电力,浙江省,8.21,7.94,8.03,8.02,8.08,54127276,4.36391237E8,0.0212,2.0557,15.8856,1.0,2.0485146754E10,1.090775338E11,0.0334,-0.0012
2015-09-14,浙能电力,sh600023,电力,浙江省,8.18,7.22,8.15,7.68,8.02,101927600,7.78622838E8,0.0399,1.9686,15.2121,1.0,1.9616699136E10,1.044532992E11,0.1197,-0.0576
2015-09-15,浙能电力,sh600023,电力,浙江省,7.6,7.03,7.42,7.14,7.68,58217782,4.24616921E8,0.0228,1.8301,14.1425,1.0,1.8237399978E10,9.71089266E10,0.0742,-0.0377
2015-09-16,浙能电力,sh600023,电力,浙江省,7.85,7.12,7.19,7.73,7.14,71323774,5.32635665E8,0.0279,1.9814,15.3111,1.0,1.9744412021E10,1.051333337E11,0.1022,0.0751
2015-09-17,浙能电力,sh600023,电力,浙江省,8.07,7.48,7.79,7.51,7.73,94352797,7.35277352E8,0.0369,1.925,14.8754,1.0,1.9182475327E10,1.021411819E11,0.0763,-0.0359
2015-09-18,浙能电力,sh600023,电力,浙江省,7.76,7.39,7.64,7.59,7.51,69776396,5.27586418E8,0.0273,1.9455,15.0338,1.0,1.9386815943E10,1.032292371E11,0.0492,-0.0065
2015-09-21,浙能电力,sh600023,电力,浙江省,7.85,7.41,7.47,7.8,7.59,53816423,4.15579491E8,0.0211,1.9993,15.4498,1.0,1.992321006E10,1.06085382E11,0.0579,0.0441
2015-09-22,浙能电力,sh600023,电力,浙江省,7.96,7.76,7.83,7.81,7.8,55153254,4.32056204E8,0.0216,2.0019,15.4696,1.0,1.9948752637E10,1.062213889E11,0.0256,-0.0025
2015-09-23,浙能电力,sh600023,电力,浙江省,7.77,7.49,7.7,7.5,7.81,48592935,3.70788821E8,0.019,1.9224,14.8556,1.0,1.915693275E10,1.02005175E11,0.0358,-0.0259
2015-09-24,浙能电力,sh600023,电力,浙江省,7.69,7.48,7.6,7.64,7.5,40686292,3.09000142E8,0.0159,1.9583,15.1329,1.0,1.9514528828E10,1.039092716E11,0.0279,0.0052
2015-09-25,浙能电力,sh600023,电力,浙江省,7.64,7.21,7.56,7.28,7.64,44092929,3.26158827E8,0.0173,1.866,14.4198,1.0,1.8594996056E10,9.90130232E10,0.0562,-0.037
2015-09-28,浙能电力,sh600023,电力,浙江省,7.45,7.3,7.3,7.39,7.28,21682643,1.60208842E8,0.0085,1.8942,14.6377,1.0,1.8875964403E10,1.005090991E11,0.0206,0.0123
2015-09-29,浙能电力,sh600023,电力,浙江省,7.28,7.1,7.22,7.18,7.39,31786114,2.28700812E8,0.0124,1.8404,14.2217,1.0,1.8339570286E10,9.76529542E10,0.0243,-0.0055
2015-09-30,浙能电力,sh600023,电力,浙江省,7.39,7.2,7.25,7.25,7.18,29061416,2.11635041E8,0.0114,1.8275,13.4255,1.0,1.8518368325E10,9.86050025E10,0.0264,0.0
2015-10-08,浙能电力,sh600023,电力,浙江省,7.69,7.45,7.54,7.54,7.25,54965928,4.16452771E8,0.0215,1.9006,13.9625,1.0,1.9259103058E10,1.025492026E11,0.0331,0.0
2015-10-09,浙能电力,sh600023,电力,浙江省,7.63,7.5,7.5,7.57,7.54,39356634,2.9839039E8,0.0154,1.9082,14.0181,1.0,1.9335730789E10,1.029572233E11,0.0172,0.0093
2015-10-12,浙能电力,sh600023,电力,浙江省,8.07,7.6,7.63,7.91,7.57,74365290,5.85835961E8,0.0291,1.9939,14.6477,1.0,2.0204178407E10,1.075814579E11,0.062,0.0366
2015-10-13,浙能电力,sh600023,电力,浙江省,8.05,7.81,7.85,7.96,7.91,66850626,5.30613025E8,0.0262,2.0065,14.7403,1.0,2.0331891292E10,1.082614924E11,0.0303,0.014
2015-10-14,浙能电力,sh600023,电力,浙江省,8.01,7.77,7.95,7.79,7.96,52762053,4.16589746E8,0.0207,1.9636,14.4255,1.0,1.9897667483E10,1.059493751E11,0.0301,-0.0201
2015-10-15,浙能电力,sh600023,电力,浙江省,8.05,7.72,7.75,8.01,7.79,69283021,5.51028862E8,0.0271,2.0191,14.8329,1.0,2.0459604177E10,1.089415269E11,0.0423,0.0335
2015-10-16,浙能电力,sh600023,电力,浙江省,8.14,7.98,8.11,8.11,8.01,82117252,6.62454691E8,0.0321,2.0443,15.0181,1.0,2.0715029947E10,1.103015959E11,0.0199,0.0
2015-10-19,浙能电力,sh600023,电力,浙江省,8.31,8.01,8.19,8.13,8.11,88825883,7.26443746E8,0.0348,2.0493,15.0551,1.0,2.0766115101E10,1.105736097E11,0.0369,-0.0073
2015-10-20,浙能电力,sh600023,电力,浙江省,8.23,8.03,8.12,8.22,8.13,67212839,5.45471439E8,0.0263,2.072,15.2218,1.0,2.0995998294E10,1.117976718E11,0.0246,0.0123
2015-10-21,浙能电力,sh600023,电力,浙江省,8.33,7.59,8.24,7.64,8.22,92271944,7.38742332E8,0.0361,1.9258,14.1477,1.0,1.9514528828E10,1.039092716E11,0.09,-0.0728
2015-10-22,浙能电力,sh600023,电力,浙江省,7.84,7.54,7.64,7.81,7.64,58374317,4.50736581E8,0.0229,1.9687,14.4625,1.0,1.9948752637E10,1.062213889E11,0.0392,0.0222
2015-10-23,浙能电力,sh600023,电力,浙江省,7.93,7.71,7.89,7.89,7.81,66647432,5.2131931E8,0.0261,1.9888,14.6107,1.0,2.0153093253E10,1.073094441E11,0.0281,0.0
2015-10-26,浙能电力,sh600023,电力,浙江省,8.05,7.87,8.02,7.92,7.89,64314122,5.11557077E8,0.0252,1.9964,14.6662,1.0,2.0229720984E10,1.077174648E11,0.0228,-0.0124
2015-10-27,浙能电力,sh600023,电力,浙江省,7.92,7.53,7.88,7.82,7.92,50949838,3.93789774E8,0.0199,1.9712,14.481,1.0,1.9974295214E10,1.063573958E11,0.0492,-0.0076
2015-10-28,浙能电力,sh600023,电力,浙江省,7.87,7.65,7.79,7.69,7.82,45424353,3.53054616E8,0.0178,1.9384,14.2403,1.0,1.9642241713E10,1.045893061E11,0.0281,-0.0128
2015-10-29,浙能电力,sh600023,电力,浙江省,7.86,7.69,7.82,7.77,7.69,47210541,3.67143855E8,0.0185,1.9586,14.3884,1.0,1.9846582329E10,1.056773613E11,0.0221,-0.0063
2015-10-30,浙能电力,sh600023,电力,浙江省,7.83,7.59,7.75,7.74,7.77,37841365,2.91785788E8,0.0148,1.951,14.3329,1.0,1.9769954598E10,1.052693406E11,0.0308,-0.0012
2015-11-02,浙能电力,sh600023,电力,浙江省,7.84,7.62,7.64,7.67,7.74,35510063,2.75194435E8,0.0139,1.9334,14.2033,1.0,1.9591156559E10,1.043172923E11,0.0284,0.0039
2015-11-03,浙能电力,sh600023,电力,浙江省,7.73,7.56,7.69,7.65,7.67,28127512,2.15165748E8,0.011,1.9283,14.1662,1.0,1.9540071405E10,1.040452785E11,0.0221,-0.0052
2015-11-04,浙能电力,sh600023,电力,浙江省,8.42,7.9,7.95,8.42,7.65,89336718,7.40272912E8,0.035,2.1224,15.5921,1.0,2.1506849834E10,1.145178098E11,0.0679,0.0591
2015-11-05,浙能电力,sh600023,电力,浙江省,8.85,8.51,8.8,8.55,8.42,239359207,2.074408672E9,0.0937,2.1552,15.8328,1.0,2.1838903335E10,1.162858995E11,0.0403,-0.0284
2015-11-06,浙能电力,sh600023,电力,浙江省,8.75,8.47,8.54,8.63,8.55,116771497,1.0013366E9,0.0457,2.1754,15.981,1.0,2.2043243951E10,1.173739547E11,0.0327,0.0105
2015-11-09,浙能电力,sh600023,电力,浙江省,8.88,8.53,8.6,8.72,8.63,127499993,1.108809777E9,0.0499,2.198,16.1477,1.0,2.2273127144E10,1.185980168E11,0.0405,0.0139
2015-11-10,浙能电力,sh600023,电力,浙江省,8.7,8.46,8.6,8.58,8.72,86092049,7.40089585E8,0.0337,2.1627,15.8884,1.0,2.1915531066E10,1.166939202E11,0.0275,-0.0023
2015-11-11,浙能电力,sh600023,电力,浙江省,8.63,8.51,8.6,8.6,8.58,65125680,5.57874655E8,0.0255,2.1678,15.9254,1.0,2.196661622E10,1.16965934E11,0.0139,0.0
2015-11-12,浙能电力,sh600023,电力,浙江省,9.08,8.55,8.63,8.94,8.6,158098382,1.388822562E9,0.0619,2.2535,16.555,1.0,2.2835063838E10,1.215901686E11,0.0616,0.0359
2015-11-13,浙能电力,sh600023,电力,浙江省,9.37,8.75,8.89,8.83,8.94,166702289,1.511310564E9,0.0653,2.2258,16.3513,1.0,2.2554095491E10,1.200940927E11,0.0693,-0.0067
2015-11-16,浙能电力,sh600023,电力,浙江省,8.75,8.5,8.58,8.74,8.83,74476508,6.44005907E8,0.0292,2.2031,16.1847,1.0,2.2324212298E10,1.188700306E11,0.0283,0.0186
2015-11-17,浙能电力,sh600023,电力,浙江省,8.9,8.58,8.85,8.61,8.74,87103758,7.62691267E8,0.0341,2.1703,15.944,1.0,2.1992158797E10,1.171019409E11,0.0366,-0.0271
2015-11-18,浙能电力,sh600023,电力,浙江省,8.72,8.51,8.68,8.52,8.61,51228527,4.41678022E8,0.0201,2.1476,15.7773,1.0,2.1762275604E10,1.158778788E11,0.0243,-0.0184
2015-11-19,浙能电力,sh600023,电力,浙江省,8.67,8.51,8.56,8.63,8.52,42671865,3.66481613E8,0.0167,2.1754,15.981,1.0,2.2043243951E10,1.173739547E11,0.0187,0.0081
2015-11-20,浙能电力,sh600023,电力,浙江省,8.66,8.53,8.63,8.61,8.63,55173512,4.73914331E8,0.0216,2.1703,15.944,1.0,2.1992158797E10,1.171019409E11,0.015,-0.0023
2015-11-23,浙能电力,sh600023,电力,浙江省,8.64,8.47,8.59,8.5,8.61,48964588,4.19498855E8,0.0192,2.1426,15.7403,1.0,2.171119045E10,1.15605865E11,0.0197,-0.0104
2015-11-24,浙能电力,sh600023,电力,浙江省,8.5,8.33,8.5,8.49,8.5,44537007,3.74844412E8,0.0174,2.1401,15.7217,1.0,2.1685647873E10,1.154698581E11,0.0199,-0.0011
2015-11-25,浙能电力,sh600023,电力,浙江省,8.67,8.43,8.49,8.6,8.49,46086856,3.95352856E8,0.018,2.1678,15.9254,1.0,2.196661622E10,1.16965934E11,0.0282,0.0129
2015-11-26,浙能电力,sh600023,电力,浙江省,8.66,8.48,8.62,8.53,8.6,49392681,4.2339581E8,0.0193,2.1501,15.7958,1.0,2.1787818181E10,1.160138857E11,0.0209,-0.0104
2015-11-27,浙能电力,sh600023,电力,浙江省,8.55,7.7,8.48,7.81,8.53,73754033,6.0079894E8,0.0289,1.9687,14.4625,1.0,1.9948752637E10,1.062213889E11,0.0996,-0.079
2015-11-30,浙能电力,sh600023,电力,浙江省,7.95,7.59,7.68,7.86,7.81,49812754,3.88205374E8,0.0195,1.9813,14.5551,1.0,2.0076465522E10,1.069014234E11,0.046,0.0234
2015-12-01,浙能电力,sh600023,电力,浙江省,7.94,7.77,7.8,7.87,7.86,34303748,2.68827599E8,0.0134,1.9838,14.5736,1.0,2.0102008099E10,1.070374303E11,0.0216,0.0089
2015-12-02,浙能电力,sh600023,电力,浙江省,8.06,7.79,7.87,8.05,7.87,45980176,3.63801607E8,0.018,2.0292,14.9069,1.0,2.0561774485E10,1.094855545E11,0.0343,0.0228
2015-12-03,浙能电力,sh600023,电力,浙江省,8.09,7.97,8.0,8.06,8.05,43134918,3.46408427E8,0.0169,2.0317,14.9255,1.0,2.0587317062E10,1.096215614E11,0.0149,0.0075
2015-12-04,浙能电力,sh600023,电力,浙江省,8.03,7.85,8.0,7.86,8.06,38487226,3.0476252E8,0.0151,1.9813,14.5551,1.0,2.0076465522E10,1.069014234E11,0.0223,-0.0174
2015-12-07,浙能电力,sh600023,电力,浙江省,7.92,7.8,7.9,7.85,7.86,26561554,2.08774188E8,0.0104,1.9787,14.5366,1.0,2.0050922945E10,1.067654165E11,0.0152,-0.0063
2015-12-08,浙能电力,sh600023,电力,浙江省,7.83,7.61,7.83,7.63,7.85,33630677,2.59203474E8,0.0132,1.9233,14.1292,1.0,1.9488986251E10,1.037732647E11,0.028,-0.0255
2015-12-09,浙能电力,sh600023,电力,浙江省,7.68,7.57,7.61,7.61,7.63,23639120,1.80292757E8,0.0093,1.9182,14.0922,1.0,1.9437901097E10,1.035012509E11,0.0144,0.0
2015-12-10,浙能电力,sh600023,电力,浙江省,7.66,7.51,7.63,7.52,7.61,27630867,2.09737589E8,0.0108,1.8956,13.9255,1.0,1.9208017904E10,1.022771888E11,0.0197,-0.0144
2015-12-11,浙能电力,sh600023,电力,浙江省,7.53,7.38,7.52,7.44,7.52,25121642,1.8678483E8,0.0098,1.8754,13.7774,1.0,1.9003677288E10,1.011891336E11,0.0199,-0.0106
2015-12-14,浙能电力,sh600023,电力,浙江省,7.68,7.34,7.38,7.67,7.44,31842127,2.41080118E8,0.0125,1.9334,14.2033,1.0,1.9591156559E10,1.043172923E11,0.0456,0.0392
2015-12-15,浙能电力,sh600023,电力,浙江省,7.75,7.6,7.67,7.63,7.67,24095297,1.84872999E8,0.0094,1.9233,14.1292,1.0,1.9488986251E10,1.037732647E11,0.0195,-0.0052
2015-12-16,浙能电力,sh600023,电力,浙江省,7.69,7.58,7.65,7.62,7.63,19411699,1.4813633E8,0.0076,1.9208,14.1107,1.0,1.9463443674E10,1.036372578E11,0.0144,-0.0039
2015-12-17,浙能电力,sh600023,电力,浙江省,7.85,7.68,7.69,7.79,7.62,37951577,2.95534143E8,0.0149,1.9636,14.4255,1.0,1.9897667483E10,1.059493751E11,0.0223,0.013
2015-12-18,浙能电力,sh600023,电力,浙江省,7.82,7.68,7.81,7.72,7.79,29380048,2.27238615E8,0.0115,1.946,14.2959,1.0,1.9718869444E10,1.049973268E11,0.0179,-0.0115
2015-12-21,浙能电力,sh600023,电力,浙江省,7.9,7.67,7.7,7.87,7.72,43517575,3.39739695E8,0.017,1.9838,14.5736,1.0,2.0102008099E10,1.070374303E11,0.0297,0.022
2015-12-22,浙能电力,sh600023,电力,浙江省,7.94,7.8,7.87,7.88,7.87,34902793,2.7416214E8,0.0137,1.9863,14.5921,1.0,2.0127550676E10,1.071734372E11,0.0177,0.0012
2015-12-23,浙能电力,sh600023,电力,浙江省,7.9,7.76,7.88,7.78,7.88,34241214,2.68105071E8,0.0134,1.9611,14.407,1.0,1.9872124906E10,1.058133682E11,0.0177,-0.0126
2015-12-24,浙能电力,sh600023,电力,浙江省,7.77,7.58,7.74,7.64,7.78,29378944,2.24881277E8,0.0115,1.9258,14.1477,1.0,1.9514528828E10,1.039092716E11,0.0244,-0.0129
2015-12-25,浙能电力,sh600023,电力,浙江省,7.7,7.61,7.64,7.67,7.64,17973969,1.37560376E8,0.007,1.9334,14.2033,1.0,1.9591156559E10,1.043172923E11,0.0117,0.0039
2015-12-28,浙能电力,sh600023,电力,浙江省,7.67,7.48,7.67,7.49,7.67,40356123,3.0574636E8,0.0158,1.888,13.8699,1.0,1.9131390173E10,1.018691681E11,0.0247,-0.0234
2015-12-29,浙能电力,sh600023,电力,浙江省,7.51,7.39,7.48,7.5,7.49,26646916,1.98296452E8,0.0104,1.8905,13.8885,1.0,1.915693275E10,1.02005175E11,0.016,0.0026
2015-12-30,浙能电力,sh600023,电力,浙江省,7.53,7.44,7.48,7.49,7.5,21510177,1.60894262E8,0.0084,1.888,13.8699,1.0,1.9131390173E10,1.018691681E11,0.0119,0.0013
2015-12-31,浙能电力,sh600023,电力,浙江省,7.54,7.45,7.48,7.49,7.49,17688486,1.32635321E8,0.0059,1.8316,14.6018,1.0,2.2377121753E10,1.018691681E11,0.012,0.0013
2016-01-04,浙能电力,sh600023,电力,浙江省,7.5,6.84,7.49,6.9,7.49,25410283,1.83394535E8,0.0085,1.6873,13.4516,1.0,2.061443793E10,9.3844761E10,0.0881,-0.0787
2016-01-05,浙能电力,sh600023,电力,浙江省,7.13,6.71,6.78,6.95,6.9,35667736,2.47610326E8,0.0119,1.6995,13.5491,1.0,2.0763817915E10,9.45247955E10,0.0608,0.025
2016-01-06,浙能电力,sh600023,电力,浙江省,7.11,6.97,6.97,7.1,6.95,44600375,3.14022376E8,0.0149,1.7362,13.8415,1.0,2.121195787E10,9.6564899E10,0.0201,0.0186
2016-01-07,浙能电力,sh600023,电力,浙江省,7.02,6.45,7.02,6.49,7.1,7940400,5.3566615E7,0.0027,1.587,12.6523,1.0,1.9389522053E10,8.82684781E10,0.0802,-0.0754
2016-01-08,浙能电力,sh600023,电力,浙江省,6.76,6.31,6.75,6.63,6.49,42068883,2.78247882E8,0.0141,1.6213,12.9252,1.0,1.9807786011E10,9.01725747E10,0.0693,-0.0177
2016-01-11,浙能电力,sh600023,电力,浙江省,6.61,6.25,6.47,6.26,6.63,37549781,2.41381661E8,0.0126,1.5308,12.2039,1.0,1.8702374122E10,8.51403194E10,0.0542,-0.0324
2016-01-12,浙能电力,sh600023,电力,浙江省,6.38,6.22,6.35,6.34,6.26,25643288,1.62233492E8,0.0086,1.5503,12.3599,1.0,1.8941382098E10,8.62283746E10,0.0255,-0.0015
2016-01-13,浙能电力,sh600023,电力,浙江省,6.47,6.18,6.4,6.19,6.34,24111378,1.53054506E8,0.0081,1.5137,12.0674,1.0,1.8493242143E10,8.41882711E10,0.0457,-0.0328
2016-01-14,浙能电力,sh600023,电力,浙江省,6.32,5.98,6.09,6.32,6.19,35096981,2.15663628E8,0.0117,1.5455,12.3209,1.0,1.8881630104E10,8.59563608E10,0.0549,0.0377
2016-01-15,浙能电力,sh600023,电力,浙江省,6.27,5.99,6.26,6.03,6.32,34469235,2.10184996E8,0.0115,1.4745,11.7555,1.0,1.8015226191E10,8.20121607E10,0.0443,-0.0367
2016-01-18,浙能电力,sh600023,电力,浙江省,6.11,5.89,5.93,6.01,6.03,22040559,1.32925078E8,0.0074,1.4696,11.7165,1.0,1.7955474197E10,8.17401469E10,0.0364,0.0134
2016-01-19,浙能电力,sh600023,电力,浙江省,6.24,5.97,5.97,6.18,6.01,29569799,1.81040766E8,0.0099,1.5112,12.048,1.0,1.8463366146E10,8.40522642E10,0.0449,0.0351
2016-01-20,浙能电力,sh600023,电力,浙江省,6.48,6.03,6.19,6.24,6.18,51805367,3.23586787E8,0.0173,1.5259,12.1649,1.0,1.8642622128E10,8.48683056E10,0.0728,0.008
2016-01-21,浙能电力,sh600023,电力,浙江省,6.19,6.0,6.12,6.01,6.24,30611525,1.86652826E8,0.0102,1.4696,11.7165,1.0,1.7955474197E10,8.17401469E10,0.0304,-0.0179
2016-01-22,浙能电力,sh600023,电力,浙江省,6.1,5.96,6.06,6.06,6.01,17774099,1.07415518E8,0.0059,1.4819,11.814,1.0,1.8104854182E10,8.24201814E10,0.0232,0.0
2016-01-25,浙能电力,sh600023,电力,浙江省,6.13,6.04,6.06,6.08,6.06,15784434,9.6063171E7,0.0053,1.4868,11.853,1.0,1.8164606176E10,8.26921952E10,0.0148,0.0033
2016-01-26,浙能电力,sh600023,电力,浙江省,6.03,5.5,6.02,5.53,6.08,33550865,1.93957087E8,0.0112,1.3523,10.7808,1.0,1.6521426341E10,7.52118157E10,0.0871,-0.0813
2016-01-27,浙能电力,sh600023,电力,浙江省,5.6,5.1,5.6,5.27,5.53,45818788,2.43238742E8,0.0153,1.2887,10.2739,1.0,1.5744650419E10,7.16756363E10,0.0904,-0.0589
2016-01-28,浙能电力,sh600023,电力,浙江省,5.34,5.0,5.2,5.03,5.27,28829588,1.48861974E8,0.0096,1.23,9.806,1.0,1.5027626491E10,6.84114707E10,0.0645,-0.0326
2016-01-29,浙能电力,sh600023,电力,浙江省,5.22,5.04,5.05,5.21,5.03,28409218,1.46312571E8,0.0095,1.274,10.1569,1.0,1.5565394437E10,7.08595949E10,0.0357,0.0316
2016-02-01,浙能电力,sh600023,电力,浙江省,5.25,5.03,5.19,5.09,5.21,21606522,1.1070284E8,0.0072,1.2447,9.923,1.0,1.5206882473E10,6.92275121E10,0.0422,-0.0192
2016-02-02,浙能电力,sh600023,电力,浙江省,5.27,5.09,5.1,5.22,5.09,24707225,1.28682154E8,0.0083,1.2765,10.1764,1.0,1.5595270434E10,7.09956018E10,0.0353,0.0235
2016-02-03,浙能电力,sh600023,电力,浙江省,5.23,5.11,5.16,5.22,5.22,20378092,1.05101557E8,0.0068,1.2765,10.1764,1.0,1.5595270434E10,7.09956018E10,0.0229,0.0116
2016-02-04,浙能电力,sh600023,电力,浙江省,5.34,5.22,5.23,5.33,5.22,29058274,1.53495021E8,0.0097,1.3034,10.3909,1.0,1.5923906401E10,7.24916777E10,0.0229,0.0191
2016-02-05,浙能电力,sh600023,电力,浙江省,5.36,5.25,5.34,5.26,5.33,20988316,1.11407563E8,0.007,1.2862,10.2544,1.0,1.5714774422E10,7.15396294E10,0.0206,-0.0149
2016-02-15,浙能电力,sh600023,电力,浙江省,5.25,5.08,5.1,5.21,5.26,16188722,8.3574988E7,0.0054,1.274,10.1569,1.0,1.5565394437E10,7.08595949E10,0.0323,0.0215
2016-02-16,浙能电力,sh600023,电力,浙江省,5.56,5.24,5.25,5.54,5.21,43359345,2.35526381E8,0.0145,1.3547,10.8003,1.0,1.6551302338E10,7.53478226E10,0.0614,0.0552
2016-02-17,浙能电力,sh600023,电力,浙江省,5.54,5.44,5.5,5.52,5.54,32235102,1.76979413E8,0.0108,1.3498,10.7613,1.0,1.6491550344E10,7.50758088E10,0.018,0.0036
2016-02-18,浙能电力,sh600023,电力,浙江省,5.65,5.5,5.55,5.54,5.52,38582833,2.14560187E8,0.0129,1.3547,10.8003,1.0,1.6551302338E10,7.53478226E10,0.0271,-0.0018
2016-02-19,浙能电力,sh600023,电力,浙江省,5.55,5.46,5.52,5.51,5.54,22460035,1.23494926E8,0.0075,1.3474,10.7418,1.0,1.6461674347E10,7.49398019E10,0.0162,-0.0018
2016-02-22,浙能电力,sh600023,电力,浙江省,5.65,5.53,5.57,5.62,5.51,36759190,2.05950431E8,0.0123,1.3743,10.9562,1.0,1.6790310314E10,7.64358778E10,0.0217,0.0089
2016-02-23,浙能电力,sh600023,电力,浙江省,5.65,5.5,5.63,5.57,5.62,28721555,1.60064093E8,0.0096,1.3621,10.8588,1.0,1.6640930329E10,7.57558433E10,0.0266,-0.0106
2016-02-24,浙能电力,sh600023,电力,浙江省,5.77,5.51,5.52,5.73,5.57,57245326,3.23512811E8,0.0192,1.4012,11.1707,1.0,1.7118946281E10,7.79319537E10,0.0466,0.038
2016-02-25,浙能电力,sh600023,电力,浙江省,5.69,5.16,5.68,5.2,5.73,56247269,3.05456666E8,0.0188,1.2716,10.1374,1.0,1.553551844E10,7.0723588E10,0.0924,-0.0845
2016-02-26,浙能电力,sh600023,电力,浙江省,5.34,5.18,5.29,5.29,5.2,27984350,1.47665862E8,0.0094,1.2936,10.3129,1.0,1.5804402413E10,7.19476501E10,0.0307,0.0
2016-02-29,浙能电力,sh600023,电力,浙江省,5.3,5.01,5.28,5.14,5.29,30188643,1.54153731E8,0.0101,1.2569,10.0205,1.0,1.5356262458E10,6.99075466E10,0.0548,-0.0265
2016-03-01,浙能电力,sh600023,电力,浙江省,5.24,5.09,5.16,5.23,5.14,23078362,1.1952283E8,0.0077,1.2789,10.1959,1.0,1.5625146431E10,7.11316087E10,0.0291,0.0135
2016-03-02,浙能电力,sh600023,电力,浙江省,5.54,5.22,5.23,5.47,5.23,45630540,2.4525502E8,0.0153,1.3376,10.6638,1.0,1.6342170359E10,7.43957743E10,0.0611,0.0458
2016-03-03,浙能电力,sh600023,电力,浙江省,5.56,5.44,5.49,5.5,5.47,43244837,2.37784314E8,0.0145,1.3449,10.7223,1.0,1.643179835E10,7.4803795E10,0.0219,0.0018
2016-03-04,浙能电力,sh600023,电力,浙江省,5.65,5.39,5.47,5.59,5.5,63059981,3.4935887E8,0.0211,1.3669,10.8977,1.0,1.6700682323E10,7.60278571E10,0.0472,0.0219
2016-03-07,浙能电力,sh600023,电力,浙江省,5.69,5.55,5.64,5.61,5.59,31154093,1.74531447E8,0.0104,1.3718,10.9367,1.0,1.6760434317E10,7.62998709E10,0.025,-0.0053
2016-03-08,浙能电力,sh600023,电力,浙江省,5.59,5.33,5.59,5.54,5.61,32222298,1.75629702E8,0.0108,1.3547,10.8003,1.0,1.6551302338E10,7.53478226E10,0.0463,-0.0089
2016-03-09,浙能电力,sh600023,电力,浙江省,5.47,5.34,5.41,5.46,5.54,25040019,1.35154339E8,0.0084,1.3352,10.6443,1.0,1.6312294362E10,7.42597674E10,0.0234,0.0092
2016-03-10,浙能电力,sh600023,电力,浙江省,5.45,5.31,5.42,5.32,5.46,16745207,9.0178196E7,0.0056,1.3009,10.3714,1.0,1.5894030404E10,7.23556708E10,0.0256,-0.0184
2016-03-11,浙能电力,sh600023,电力,浙江省,5.35,5.24,5.29,5.33,5.32,13300724,7.0459498E7,0.0045,1.3034,10.3909,1.0,1.5923906401E10,7.24916777E10,0.0206,0.0075
2016-03-14,浙能电力,sh600023,电力,浙江省,5.52,5.35,5.35,5.45,5.33,27024493,1.47608931E8,0.009,1.3327,10.6248,1.0,1.6282418365E10,7.41237605E10,0.0318,0.0186
2016-03-15,浙能电力,sh600023,电力,浙江省,5.48,5.36,5.45,5.44,5.45,19408792,1.05303786E8,0.0065,1.3303,10.6053,1.0,1.6252542368E10,7.39877536E10,0.022,-0.0018
2016-03-16,浙能电力,sh600023,电力,浙江省,5.54,5.42,5.44,5.48,5.44,39764062,2.1813263E8,0.0133,1.34,10.6833,1.0,1.6372046356E10,7.45317812E10,0.022,0.0073
2016-03-17,浙能电力,sh600023,电力,浙江省,5.57,5.44,5.51,5.53,5.48,35655817,1.96779588E8,0.0119,1.3523,10.7808,1.0,1.6521426341E10,7.52118157E10,0.0237,0.0036
2016-03-18,浙能电力,sh600023,电力,浙江省,5.66,5.53,5.58,5.61,5.53,104675172,5.87085304E8,0.035,1.3718,10.9367,1.0,1.6760434317E10,7.62998709E10,0.0235,0.0053
2016-03-21,浙能电力,sh600023,电力,浙江省,5.72,5.61,5.64,5.7,5.61,76709831,4.35012332E8,0.0257,1.3938,11.1122,1.0,1.702931829E10,7.7523933E10,0.0196,0.0106
2016-03-22,浙能电力,sh600023,电力,浙江省,5.7,5.62,5.68,5.64,5.7,49501239,2.80210874E8,0.0166,1.3792,10.9952,1.0,1.6850062308E10,7.67078916E10,0.014,-0.007
2016-03-23,浙能电力,sh600023,电力,浙江省,5.66,5.59,5.63,5.65,5.64,34031515,1.91431504E8,0.0114,1.3816,11.0147,1.0,1.6879938305E10,7.68438985E10,0.0124,0.0035
2016-03-24,浙能电力,sh600023,电力,浙江省,5.68,5.52,5.6,5.53,5.65,48566629,2.72329023E8,0.0163,1.3523,10.7808,1.0,1.6521426341E10,7.52118157E10,0.0283,-0.0124
2016-03-25,浙能电力,sh600023,电力,浙江省,5.58,5.5,5.51,5.56,5.53,30185430,1.67105455E8,0.0101,1.3596,10.8393,1.0,1.6611054332E10,7.56198364E10,0.0144,0.009
2016-03-28,浙能电力,sh600023,电力,浙江省,5.61,5.49,5.57,5.51,5.56,31247762,1.73771544E8,0.0105,1.3474,10.7418,1.0,1.6461674347E10,7.49398019E10,0.0215,-0.0107
2016-03-29,浙能电力,sh600023,电力,浙江省,5.53,5.37,5.52,5.39,5.51,28447981,1.5477397E8,0.0095,1.318,10.5078,1.0,1.6103162383E10,7.33077191E10,0.029,-0.0235
2016-03-30,浙能电力,sh600023,电力,浙江省,5.52,5.42,5.43,5.52,5.39,34083528,1.86834349E8,0.0114,1.3498,10.7613,1.0,1.6491550344E10,7.50758088E10,0.0185,0.0165
2016-03-31,浙能电力,sh600023,电力,浙江省,5.61,5.51,5.55,5.58,5.52,44190016,2.45668847E8,0.0148,1.3645,10.8783,1.0,1.6670806326E10,7.58918502E10,0.0181,0.0054
2016-04-01,浙能电力,sh600023,电力,浙江省,5.59,5.45,5.57,5.57,5.58,33583675,1.85532951E8,0.0112,1.3621,10.8588,1.0,1.6640930329E10,7.57558433E10,0.025,0.0
2016-04-05,浙能电力,sh600023,电力,浙江省,5.68,5.52,5.57,5.67,5.57,67340328,3.7856363E8,0.0225,1.3865,11.0537,1.0,1.6939690299E10,7.71159123E10,0.0287,0.0179
2016-04-06,浙能电力,sh600023,电力,浙江省,5.7,5.62,5.65,5.66,5.67,48050310,2.7194972E8,0.0161,1.3841,11.0342,1.0,1.6909814302E10,7.69799054E10,0.0141,0.0017
2016-04-07,浙能电力,sh600023,电力,浙江省,5.73,5.6,5.69,5.64,5.66,66552379,3.76968601E8,0.0223,1.3792,10.9952,1.0,1.6850062308E10,7.67078916E10,0.0229,-0.0087
2016-04-08,浙能电力,sh600023,电力,浙江省,5.61,5.51,5.6,5.58,5.64,37262669,2.07229053E8,0.0125,1.3645,10.8783,1.0,1.6670806326E10,7.58918502E10,0.0177,-0.0035
