2016-04-08
2014-01-24,贵人鸟,sh603555,服装家纺,福建省,15.26,12.6,12.72,15.26,10.6,72871600,1.00815776E9,0.8188,7.1096,22.1248,0.9593309,1.35814E9,9.36964E9,0.2509,0.1996
2014-01-27,贵人鸟,sh603555,服装家纺,福建省,14.77,13.73,14.5,13.76,15.26,47561240,6.7178323E8,0.5344,6.4108,19.95,0.9593309,1.22464E9,8.44864E9,0.0681,-0.051
2014-01-28,贵人鸟,sh603555,服装家纺,福建省,13.68,13.06,13.55,13.21,13.76,23744652,3.15271488E8,0.2668,6.1545,19.1526,0.9593309,1.17569E9,8.11094E9,0.045,-0.025
2014-01-29,贵人鸟,sh603555,服装家纺,福建省,13.19,12.53,13.08,12.66,13.21,21073286,2.6980672E8,0.2368,5.8983,18.3552,0.9593309,1.12674E9,7.77324E9,0.0499,-0.0321
2014-01-30,贵人鸟,sh603555,服装家纺,福建省,12.58,11.81,12.58,11.99,12.66,15127868,1.83448928E8,0.17,5.5861,17.3838,0.9593309,1.06711E9,7.36186E9,0.0608,-0.0468
2014-02-07,贵人鸟,sh603555,服装家纺,福建省,12.23,11.64,11.71,12.16,11.99,10408502,1.24677568E8,0.1169,5.6653,17.6303,0.9593309,1.08224E9,7.46624E9,0.0492,0.0384
2014-02-10,贵人鸟,sh603555,服装家纺,福建省,12.57,11.99,12.1,12.45,12.16,15886312,1.9577616E8,0.1785,5.8004,18.0507,0.9593309,1.10805E9,7.6443E9,0.0476,0.0289
2014-02-11,贵人鸟,sh603555,服装家纺,福建省,12.73,12.08,12.36,12.47,12.45,17558980,2.18018816E8,0.1973,5.8098,18.0797,0.9593309,1.10983E9,7.65658E9,0.0522,0.0088
2014-02-12,贵人鸟,sh603555,服装家纺,福建省,13.65,12.38,12.51,13.55,12.47,31775272,4.20029664E8,0.357,6.3129,19.6456,0.9593309,1.20595E9,8.3197E9,0.1018,0.0831
2014-02-13,贵人鸟,sh603555,服装家纺,福建省,13.84,12.96,13.4,12.99,13.55,19072364,2.5395232E8,0.2143,6.052,18.8336,0.9593309,1.15611E9,7.97586E9,0.0649,-0.0305
2014-02-14,贵人鸟,sh603555,服装家纺,福建省,13.75,12.85,12.85,13.63,12.99,21521476,2.903328E8,0.2418,6.3502,19.7616,0.9593309,1.21307E9,8.36882E9,0.0692,0.0607
2014-02-17,贵人鸟,sh603555,服装家纺,福建省,14.18,13.35,13.69,13.98,13.63,25004160,3.45083008E8,0.2809,6.5133,20.269,0.9593309,1.24422E9,8.58372E9,0.0608,0.0211
2014-02-18,贵人鸟,sh603555,服装家纺,福建省,15.38,13.75,14.0,15.38,13.98,29594140,4.40783552E8,0.3325,7.1655,22.2988,0.9593309,1.36882E9,9.44332E9,0.1165,0.0985
2014-02-19,贵人鸟,sh603555,服装家纺,福建省,16.53,14.81,15.7,15.64,15.38,50165464,7.9423923E8,0.5637,7.2867,22.6758,0.9593309,1.39196E9,9.60296E9,0.1118,-0.0038
2014-02-20,贵人鸟,sh603555,服装家纺,福建省,15.95,14.81,15.2,15.1,15.64,25310216,3.89200576E8,0.2844,7.0351,21.8928,0.9593309,1.3439E9,9.2714E9,0.0728,-0.0065
2014-02-21,贵人鸟,sh603555,服装家纺,福建省,15.01,14.05,14.76,14.29,15.1,19201988,2.77366944E8,0.2158,6.6577,20.7185,0.9593309,1.27181E9,8.77406E9,0.0635,-0.0318
2014-02-24,贵人鸟,sh603555,服装家纺,福建省,14.97,14.0,14.27,14.77,14.29,13825425,2.01342368E8,0.1553,6.8813,21.4144,0.9593309,1.31453E9,9.06878E9,0.0678,0.035
2014-02-25,贵人鸟,sh603555,服装家纺,福建省,14.85,13.29,14.8,13.48,14.77,19100408,2.6845328E8,0.2146,6.2803,19.5441,0.9593309,1.19972E9,8.27672E9,0.1056,-0.0891
2014-02-26,贵人鸟,sh603555,服装家纺,福建省,13.3,12.52,13.29,13.12,13.48,10717003,1.38678064E8,0.1204,6.1126,19.0221,0.9593309,1.16768E9,8.05568E9,0.0578,-0.0127
2014-02-27,贵人鸟,sh603555,服装家纺,福建省,13.55,12.82,13.0,12.89,13.12,9915012,1.30427712E8,0.1114,6.0054,18.6887,0.9593309,1.14721E9,7.91446E9,0.0556,-0.0084
2014-02-28,贵人鸟,sh603555,服装家纺,福建省,13.74,12.64,12.8,13.64,12.89,12908887,1.7165872E8,0.145,6.3549,19.7761,0.9593309,1.21396E9,8.37496E9,0.0853,0.0656
2014-03-03,贵人鸟,sh603555,服装家纺,福建省,14.88,13.5,13.61,14.73,13.64,18726520,2.68178976E8,0.2104,6.8627,21.3564,0.9593309,1.31097E9,9.04422E9,0.1011,0.0822
2014-03-04,贵人鸟,sh603555,服装家纺,福建省,15.98,14.33,14.5,14.89,14.73,26576682,4.01331104E8,0.2986,6.9372,21.5884,0.9593309,1.32521E9,9.14246E9,0.112,0.0268
2014-03-05,贵人鸟,sh603555,服装家纺,福建省,14.83,14.05,14.65,14.19,14.89,12847097,1.84533392E8,0.1443,6.6111,20.5735,0.9593309,1.26291E9,8.71266E9,0.0523,-0.0313
2014-03-06,贵人鸟,sh603555,服装家纺,福建省,15.52,14.07,14.16,15.18,14.19,20465798,3.0369408E8,0.23,7.0723,22.0088,0.9593309,1.35102E9,9.32052E9,0.1021,0.072
2014-03-07,贵人鸟,sh603555,服装家纺,福建省,15.1,14.2,15.04,14.6,15.18,15141390,2.2183816E8,0.1701,6.8021,21.1679,0.9593309,1.2994E9,8.9644E9,0.0592,-0.0292
2014-03-10,贵人鸟,sh603555,服装家纺,福建省,14.59,13.68,14.27,13.81,14.6,10126984,1.42847856E8,0.1138,6.4341,20.0225,0.9593309,1.22909E9,8.47934E9,0.0623,-0.0322
2014-03-11,贵人鸟,sh603555,服装家纺,福建省,14.47,13.74,13.81,14.14,13.81,9685842,1.37287728E8,0.1088,6.5878,20.501,0.9593309,1.25846E9,8.68196E9,0.0528,0.0238
2014-03-12,贵人鸟,sh603555,服装家纺,福建省,14.28,13.2,14.03,13.65,14.14,10228064,1.39656544E8,0.1149,6.3595,19.7906,0.9593309,1.21485E9,8.3811E9,0.0763,-0.027
2014-03-13,贵人鸟,sh603555,服装家纺,福建省,13.69,13.3,13.55,13.58,13.65,6072517,8.196704E7,0.0682,6.3269,19.6891,0.9593309,1.20862E9,8.33812E9,0.0285,0.0022
2014-03-14,贵人鸟,sh603555,服装家纺,福建省,13.8,13.35,13.43,13.47,13.58,4316119,5.8439116E7,0.0485,6.2757,19.5296,0.9593309,1.19883E9,8.27058E9,0.0331,0.0029
2014-03-17,贵人鸟,sh603555,服装家纺,福建省,13.69,13.31,13.38,13.64,13.47,4454961,6.0360584E7,0.0501,6.3549,19.7761,0.9593309,1.21396E9,8.37496E9,0.0282,0.0194
2014-03-18,贵人鸟,sh603555,服装家纺,福建省,13.95,13.6,13.66,13.63,13.64,5727521,7.884912E7,0.0644,6.3502,19.7616,0.9593309,1.21307E9,8.36882E9,0.0256,-0.0021
2014-03-19,贵人鸟,sh603555,服装家纺,福建省,13.6,13.08,13.6,13.2,13.63,6613787,8.74754E7,0.0743,6.1499,19.1381,0.9593309,1.1748E9,8.1048E9,0.0381,-0.0294
2014-03-20,贵人鸟,sh603555,服装家纺,福建省,13.26,12.75,13.22,12.76,13.2,5672705,7.3687408E7,0.0637,5.9449,18.5002,0.9593309,1.13564E9,7.83464E9,0.0386,-0.0347
2014-03-21,贵人鸟,sh603555,服装家纺,福建省,13.2,12.6,12.7,13.14,12.76,5181988,6.701852E7,0.0582,6.1219,19.0511,0.9593309,1.16946E9,8.06796E9,0.047,0.0346
2014-03-24,贵人鸟,sh603555,服装家纺,福建省,13.17,12.88,13.06,12.96,13.14,4946609,6.4222752E7,0.0556,6.038,18.7902,0.9593309,1.15344E9,7.95744E9,0.022,-0.0076
2014-03-25,贵人鸟,sh603555,服装家纺,福建省,12.97,12.68,12.83,12.8,12.96,3882250,4.9686244E7,0.0436,5.9635,18.5582,0.9593309,1.1392E9,7.8592E9,0.0223,-0.0023
2014-03-26,贵人鸟,sh603555,服装家纺,福建省,12.89,12.73,12.85,12.84,12.8,2955675,3.7862464E7,0.0332,5.9821,18.6162,0.9593309,1.14276E9,7.88376E9,0.0125,-7.0E-4
2014-03-27,贵人鸟,sh603555,服装家纺,福建省,12.87,12.29,12.8,12.34,12.84,5012312,6.28556E7,0.0563,5.7492,17.8912,0.9593309,1.09826E9,7.57676E9,0.0451,-0.0359
2014-03-28,贵人鸟,sh603555,服装家纺,福建省,12.67,12.16,12.28,12.37,12.34,4575508,5.6899872E7,0.0514,5.7632,17.9347,0.9593309,1.10093E9,7.59518E9,0.0413,0.0073
2014-03-31,贵人鸟,sh603555,服装家纺,福建省,12.43,11.89,12.35,12.01,12.37,3637487,4.3960584E7,0.0409,3.2401,17.8502,0.9593309,1.06889E9,7.37414E9,0.0436,-0.0275
2014-04-01,贵人鸟,sh603555,服装家纺,福建省,12.25,11.93,11.98,12.21,12.01,2561956,3.117352E7,0.0288,3.294,18.1474,0.9593309,1.08669E9,7.49694E9,0.0266,0.0191
2014-04-02,贵人鸟,sh603555,服装家纺,福建省,12.55,12.2,12.22,12.52,12.21,4281750,5.292536E7,0.0481,3.3777,18.6082,0.9593309,1.11428E9,7.68728E9,0.0286,0.0245
2014-04-03,贵人鸟,sh603555,服装家纺,福建省,12.79,12.35,12.56,12.5,12.52,4445824,5.5910204E7,0.05,3.3723,18.5784,0.9593309,1.1125E9,7.675E9,0.0351,-0.0047
2014-04-04,贵人鸟,sh603555,服装家纺,福建省,12.65,12.35,12.4,12.51,12.5,2678740,3.34191E7,0.0301,3.375,18.5933,0.9593309,1.11339E9,7.68114E9,0.024,0.0088
2014-04-08,贵人鸟,sh603555,服装家纺,福建省,12.8,12.36,12.44,12.65,12.51,3905819,4.9233028E7,0.0439,3.4127,18.8014,0.9593309,1.12585E9,7.7671E9,0.0351,0.0168
2014-04-09,贵人鸟,sh603555,服装家纺,福建省,12.76,12.53,12.66,12.68,12.65,3952070,4.9975144E7,0.0444,3.4208,18.846,0.9593309,1.12852E9,7.78552E9,0.0181,0.0015
2014-04-10,贵人鸟,sh603555,服装家纺,福建省,12.74,12.48,12.66,12.55,12.68,4409625,5.560498E7,0.0495,3.3858,18.6528,0.9593309,1.11695E9,7.7057E9,0.0205,-0.0086
2014-04-11,贵人鸟,sh603555,服装家纺,福建省,12.5,12.17,12.5,12.19,12.55,3984792,4.8848784E7,0.0448,3.2886,18.1177,0.9593309,1.08491E9,7.48466E9,0.0262,-0.0248
2014-04-14,贵人鸟,sh603555,服装家纺,福建省,12.3,11.99,12.07,12.23,12.19,2665994,3.2383112E7,0.03,3.2994,18.1771,0.9593309,1.08847E9,7.50922E9,0.0254,0.0132
2014-04-15,贵人鸟,sh603555,服装家纺,福建省,12.23,12.04,12.21,12.16,12.23,2609826,3.1658388E7,0.0293,3.2805,18.0731,0.9593309,1.08224E9,7.46624E9,0.0155,-0.004
2014-04-16,贵人鸟,sh603555,服装家纺,福建省,12.23,12.1,12.2,12.2,12.16,1750743,2.1313876E7,0.0197,3.2913,18.1326,0.9593309,1.0858E9,7.4908E9,0.0106,0.0
2014-04-17,贵人鸟,sh603555,服装家纺,福建省,12.43,12.21,12.25,12.3,12.2,3427246,4.231274E7,0.0385,3.3183,18.2812,0.9593309,1.0947E9,7.5522E9,0.018,0.004
2014-04-18,贵人鸟,sh603555,服装家纺,福建省,12.39,12.25,12.3,12.29,12.3,1857450,2.2846816E7,0.0209,3.3156,18.2663,0.9593309,1.09381E9,7.54606E9,0.0113,-8.0E-4
2014-04-21,贵人鸟,sh603555,服装家纺,福建省,12.46,12.1,12.24,12.17,12.29,3751345,4.6161968E7,0.0421,3.2832,18.088,0.9593309,1.08313E9,7.47238E9,0.0292,-0.0057
2014-04-22,贵人鸟,sh603555,服装家纺,福建省,12.19,11.7,12.1,11.95,12.17,4629667,5.4984872E7,0.052,3.2239,17.761,0.9593309,1.06355E9,7.3373E9,0.0402,-0.0123
2014-04-23,贵人鸟,sh603555,服装家纺,福建省,11.98,11.77,11.87,11.79,11.95,2215702,2.6278012E7,0.0249,3.1807,17.5232,0.9593309,1.04931E9,7.23906E9,0.0175,-0.0067
2014-04-24,贵人鸟,sh603555,服装家纺,福建省,11.84,11.64,11.75,11.68,11.79,2156727,2.5296504E7,0.0242,3.1511,17.3597,0.9593309,1.03952E9,7.17152E9,0.0169,-0.0059
2014-04-25,贵人鸟,sh603555,服装家纺,福建省,11.75,11.34,11.64,11.38,11.68,2472194,2.8609372E7,0.0278,3.0701,16.9138,0.9593309,1.01282E9,6.98732E9,0.0351,-0.0223
2014-04-28,贵人鸟,sh603555,服装家纺,福建省,11.36,10.51,11.35,10.6,11.38,4008123,4.3018848E7,0.045,2.8597,15.7545,0.9593309,9.434E8,6.5084E9,0.0746,-0.066
2014-04-29,贵人鸟,sh603555,服装家纺,福建省,10.89,10.61,10.62,10.86,10.6,2468937,2.6644068E7,0.0277,2.9298,16.141,0.9593309,9.6654E8,6.66804E9,0.0264,0.0225
2014-04-30,贵人鸟,sh603555,服装家纺,福建省,10.93,10.76,10.86,10.82,10.86,1392352,1.5080518E7,0.0156,2.919,16.0815,0.9593309,9.6298E8,6.64348E9,0.0156,-0.0036
2014-05-05,贵人鸟,sh603555,服装家纺,福建省,11.1,10.81,10.83,11.1,10.82,2242110,2.4583736E7,0.0252,2.9946,16.4977,0.9593309,9.879E8,6.8154E9,0.0268,0.0249
2014-05-06,贵人鸟,sh603555,服装家纺,福建省,11.48,11.0,11.08,11.35,11.1,3396746,3.8492752E7,0.0382,3.062,16.8692,0.9593309,1.01015E9,6.9689E9,0.0432,0.0243
2014-05-07,贵人鸟,sh603555,服装家纺,福建省,11.66,11.13,11.21,11.39,11.35,3948366,4.4961364E7,0.0444,3.0728,16.9287,0.9593309,1.01371E9,6.99346E9,0.0466,0.016
2014-05-08,贵人鸟,sh603555,服装家纺,福建省,11.4,11.08,11.35,11.1,11.39,2660219,2.9922708E7,0.0299,2.9946,16.4977,0.9593309,9.879E8,6.8154E9,0.028,-0.022
2014-05-09,贵人鸟,sh603555,服装家纺,福建省,11.16,10.75,11.06,10.82,11.1,2213434,2.4163396E7,0.0249,2.919,16.0815,0.9593309,9.6298E8,6.64348E9,0.0369,-0.0216
2014-05-12,贵人鸟,sh603555,服装家纺,福建省,11.31,10.91,11.03,11.25,10.82,2503625,2.7838572E7,0.0281,3.035,16.7206,0.9593309,1.00125E9,6.9075E9,0.0369,0.0199
2014-05-13,贵人鸟,sh603555,服装家纺,福建省,11.4,11.13,11.25,11.19,11.25,2063471,2.3207996E7,0.0232,3.0189,16.6314,0.9593309,9.9591E8,6.87066E9,0.0239,-0.0053
2014-05-14,贵人鸟,sh603555,服装家纺,福建省,11.27,11.1,11.2,11.17,11.19,1254968,1.3997318E7,0.0141,3.0135,16.6017,0.9593309,9.9413E8,6.85838E9,0.0151,-0.0026
2014-05-15,贵人鸟,sh603555,服装家纺,福建省,11.22,10.9,11.22,10.9,11.17,1856639,2.0546602E7,0.0209,2.9406,16.2004,0.9593309,9.701E8,6.6926E9,0.0286,-0.0285
2014-05-16,贵人鸟,sh603555,服装家纺,福建省,10.94,10.66,10.9,10.78,10.9,1717485,1.854528E7,0.0193,2.9083,16.022,0.9593309,9.5942E8,6.61892E9,0.0256,-0.011
2014-05-19,贵人鸟,sh603555,服装家纺,福建省,10.85,10.72,10.85,10.83,10.78,1200836,1.2961211E7,0.0135,2.9217,16.0964,0.9593309,9.6387E8,6.64962E9,0.012,-0.0018
2014-05-20,贵人鸟,sh603555,服装家纺,福建省,11.68,10.9,10.9,11.15,10.83,4983757,5.650716E7,0.056,3.0081,16.572,0.9593309,9.9235E8,6.8461E9,0.072,0.0229
2014-05-21,贵人鸟,sh603555,服装家纺,福建省,11.27,10.9,11.01,11.24,11.15,2265650,2.5139024E7,0.0255,3.0323,16.7057,0.9593309,1.00036E9,6.90136E9,0.0331,0.0208
2014-05-22,贵人鸟,sh603555,服装家纺,福建省,11.36,11.14,11.19,11.14,11.24,1898321,2.133238E7,0.0213,3.0054,16.5571,0.9593309,9.9146E8,6.83996E9,0.0195,-0.0044
2014-05-23,贵人鸟,sh603555,服装家纺,福建省,11.29,11.11,11.11,11.27,11.14,1472880,1.6512916E7,0.0165,3.0404,16.7503,0.9593309,1.00303E9,6.91978E9,0.0161,0.0144
2014-05-26,贵人鸟,sh603555,服装家纺,福建省,11.38,11.22,11.34,11.3,11.27,1791794,2.0216944E7,0.0201,3.0485,16.7949,0.9593309,1.0057E9,6.9382E9,0.0141,-0.0035
2014-05-27,贵人鸟,sh603555,服装家纺,福建省,11.32,11.19,11.32,11.2,11.3,1462177,1.6438175E7,0.0164,3.0216,16.6463,0.9593309,9.968E8,6.8768E9,0.0115,-0.0106
2014-05-28,贵人鸟,sh603555,服装家纺,福建省,11.29,11.09,11.2,11.25,11.2,2051006,2.2969656E7,0.023,3.035,16.7206,0.9593309,1.00125E9,6.9075E9,0.0178,0.0044
2014-05-29,贵人鸟,sh603555,服装家纺,福建省,11.28,11.1,11.25,11.11,11.25,1674992,1.8702308E7,0.0188,2.9973,16.5125,0.9593309,9.8879E8,6.82154E9,0.0159,-0.0124
2014-05-30,贵人鸟,sh603555,服装家纺,福建省,11.18,10.91,11.13,10.98,11.11,1886670,2.0786172E7,0.0212,2.9622,16.3193,0.9593309,9.7722E8,6.74172E9,0.0243,-0.0134
2014-06-03,贵人鸟,sh603555,服装家纺,福建省,11.11,10.98,11.02,10.99,10.98,1113297,1.2297184E7,0.0125,2.9649,16.3342,0.9593309,9.7811E8,6.74786E9,0.0118,-0.0027
2014-06-04,贵人鸟,sh603555,服装家纺,福建省,11.0,10.84,11.0,10.98,10.99,1165076,1.2697208E7,0.0131,2.9622,16.3193,0.9593309,9.7722E8,6.74172E9,0.0145,-0.0018
2014-06-05,贵人鸟,sh603555,服装家纺,福建省,11.1,10.91,10.91,11.08,10.98,1449965,1.597313E7,0.0163,2.9892,16.4679,0.9593309,9.8612E8,6.80312E9,0.0173,0.0155
2014-06-06,贵人鸟,sh603555,服装家纺,福建省,11.37,11.12,11.12,11.22,11.08,2983921,3.3473828E7,0.0335,3.027,16.676,0.9593309,9.9858E8,6.88908E9,0.0225,0.0089
2014-06-09,贵人鸟,sh603555,服装家纺,福建省,11.22,11.02,11.2,11.03,11.22,1648605,1.835214E7,0.0185,2.9757,16.3936,0.9593309,9.8167E8,6.77242E9,0.0178,-0.0151
2014-06-10,贵人鸟,sh603555,服装家纺,福建省,11.28,11.03,11.03,11.27,11.03,2667064,2.9815224E7,0.03,3.0404,16.7503,0.9593309,1.00303E9,6.91978E9,0.0226,0.0217
2014-06-11,贵人鸟,sh603555,服装家纺,福建省,11.32,11.15,11.25,11.25,11.27,1755778,1.9699928E7,0.0197,3.035,16.7206,0.9593309,1.00125E9,6.9075E9,0.015,0.0
2014-06-12,贵人鸟,sh603555,服装家纺,福建省,11.32,11.2,11.24,11.23,11.25,1939447,2.1815008E7,0.0218,3.0297,16.6909,0.9593309,9.9947E8,6.89522E9,0.0106,-8.0E-4
2014-06-13,贵人鸟,sh603555,服装家纺,福建省,11.35,11.15,11.22,11.32,11.23,3214806,3.6247028E7,0.0361,3.0539,16.8246,0.9593309,1.00748E9,6.95048E9,0.0178,0.0089
2014-06-16,贵人鸟,sh603555,服装家纺,福建省,12.22,11.27,11.32,11.91,11.32,10208158,1.19865784E8,0.1147,3.2131,17.7015,0.9593309,1.05999E9,7.31274E9,0.0839,0.0521
2014-06-17,贵人鸟,sh603555,服装家纺,福建省,11.86,11.6,11.8,11.62,11.91,4825426,5.6487316E7,0.0542,3.1349,17.2705,0.9593309,1.03418E9,7.13468E9,0.0218,-0.0152
2014-06-18,贵人鸟,sh603555,服装家纺,福建省,12.03,11.55,11.58,11.77,11.62,5396325,6.3802308E7,0.0606,3.1753,17.4935,0.9593309,1.04753E9,7.22678E9,0.0413,0.0164
2014-06-19,贵人鸟,sh603555,服装家纺,福建省,12.39,11.7,11.78,12.24,11.77,12978322,1.57858496E8,0.1458,3.3021,18.192,0.9593309,1.08936E9,7.51536E9,0.0586,0.039
2014-06-20,贵人鸟,sh603555,服装家纺,福建省,12.58,11.98,12.0,12.54,12.24,11883653,1.46978672E8,0.1335,3.3831,18.6379,0.9593309,1.11606E9,7.69956E9,0.049,0.0449
2014-06-23,贵人鸟,sh603555,服装家纺,福建省,12.18,11.78,12.17,11.99,12.09,10357574,1.2378624E8,0.1164,3.2347,17.8204,0.99503803,1.06711E9,7.36186E9,0.033,-0.0147
2014-06-24,贵人鸟,sh603555,服装家纺,福建省,11.98,11.58,11.95,11.76,11.99,7322734,8.606404E7,0.0823,3.1726,17.4786,0.99503803,1.04664E9,7.22064E9,0.0333,-0.0158
2014-06-25,贵人鸟,sh603555,服装家纺,福建省,12.17,11.75,11.75,12.07,11.76,8338787,1.0016344E8,0.0937,3.2563,17.9393,0.99503803,1.07423E9,7.41098E9,0.0357,0.0272
2014-06-26,贵人鸟,sh603555,服装家纺,福建省,12.84,12.01,12.12,12.57,12.07,15262010,1.91298352E8,0.1715,3.3912,18.6825,0.99503803,1.11873E9,7.71798E9,0.0687,0.0371
2014-06-27,贵人鸟,sh603555,服装家纺,福建省,13.54,12.39,12.63,13.2,12.57,19253800,2.48950256E8,0.2163,3.5611,19.6188,0.99503803,1.1748E9,8.1048E9,0.0914,0.0451
2014-06-30,贵人鸟,sh603555,服装家纺,福建省,13.2,12.66,13.2,12.73,13.2,12497709,1.60187376E8,0.1404,3.7444,18.9051,0.99503803,1.13297E9,7.81622E9,0.0409,-0.0356
2014-07-01,贵人鸟,sh603555,服装家纺,福建省,12.95,12.5,12.71,12.83,12.73,7989743,1.01505088E8,0.0898,3.7739,19.0536,0.99503803,1.14187E9,7.87762E9,0.0353,0.0094
2014-07-02,贵人鸟,sh603555,服装家纺,福建省,12.78,12.46,12.75,12.59,12.83,6007896,7.559E7,0.0675,3.7033,18.6972,0.99503803,1.12051E9,7.73026E9,0.0249,-0.0125
2014-07-03,贵人鸟,sh603555,服装家纺,福建省,12.6,12.41,12.55,12.47,12.59,5061990,6.3236784E7,0.0569,3.668,18.5189,0.99503803,1.10983E9,7.65658E9,0.015,-0.0063
2014-07-04,贵人鸟,sh603555,服装家纺,福建省,12.74,12.46,12.51,12.58,12.47,4839857,6.1082656E7,0.0544,3.7003,18.6823,0.99503803,1.11962E9,7.72412E9,0.0224,0.0055
2014-07-07,贵人鸟,sh603555,服装家纺,福建省,12.63,12.1,12.56,12.21,12.58,5823980,7.1320952E7,0.0654,3.5915,18.1328,0.99503803,1.08669E9,7.49694E9,0.0421,-0.0278
2014-07-08,贵人鸟,sh603555,服装家纺,福建省,12.25,11.88,12.23,12.19,12.21,4953872,5.9826336E7,0.0557,3.5856,18.1031,0.99503803,1.08491E9,7.48466E9,0.0303,-0.0032
2014-07-09,贵人鸟,sh603555,服装家纺,福建省,12.23,11.85,12.15,11.86,12.19,4785945,5.751436E7,0.0538,3.4885,17.613,0.99503803,1.05554E9,7.28204E9,0.0311,-0.0238
2014-07-10,贵人鸟,sh603555,服装家纺,福建省,12.03,11.8,11.82,11.86,11.86,3187906,3.7959032E7,0.0358,3.4885,17.613,0.99503803,1.05554E9,7.28204E9,0.0193,0.0033
2014-07-11,贵人鸟,sh603555,服装家纺,福建省,11.99,11.81,11.81,11.93,11.86,2470799,2.9436366E7,0.0278,3.5091,17.717,0.99503803,1.06177E9,7.32502E9,0.0151,0.0101
2014-07-14,贵人鸟,sh603555,服装家纺,福建省,12.27,11.95,11.95,12.25,11.93,4353635,5.2943928E7,0.0489,3.6033,18.1922,0.99503803,1.09025E9,7.5215E9,0.0268,0.0251
2014-07-15,贵人鸟,sh603555,服装家纺,福建省,12.34,12.0,12.22,12.06,12.25,3631067,4.4022541E7,0.0408,3.5474,17.9101,0.99503803,1.07334E9,7.40484E9,0.0277,-0.013
2014-07-16,贵人鸟,sh603555,服装家纺,福建省,12.1,11.66,12.0,11.69,12.06,4166108,4.9315492E7,0.0468,3.4385,17.3606,0.99503803,1.04041E9,7.17766E9,0.0364,-0.0258
2014-07-17,贵人鸟,sh603555,服装家纺,福建省,11.8,11.66,11.76,11.79,11.69,1869150,2.1909957E7,0.021,3.468,17.5091,0.99503803,1.04931E9,7.23906E9,0.0119,0.0025
2014-07-18,贵人鸟,sh603555,服装家纺,福建省,11.84,11.73,11.8,11.75,11.79,1732906,2.0401296E7,0.0195,3.4562,17.4497,0.99503803,1.04575E9,7.2145E9,0.0093,-0.0042
2014-07-21,贵人鸟,sh603555,服装家纺,福建省,11.73,11.46,11.72,11.49,11.75,2441740,2.8208781E7,0.0274,3.3797,17.0636,0.99503803,1.02261E9,7.05486E9,0.0229,-0.0196
2014-07-22,贵人鸟,sh603555,服装家纺,福建省,11.67,11.49,11.49,11.6,11.49,1870638,2.1716216E7,0.021,3.4121,17.2269,0.99503803,1.0324E9,7.1224E9,0.0156,0.0095
2014-07-23,贵人鸟,sh603555,服装家纺,福建省,11.78,11.52,11.64,11.55,11.6,2183830,2.5383879E7,0.0245,3.3974,17.1527,0.99503803,1.02795E9,7.0917E9,0.0224,-0.0077
2014-07-24,贵人鸟,sh603555,服装家纺,福建省,11.62,11.38,11.54,11.45,11.55,2839409,3.255098E7,0.0319,3.3679,17.0042,0.99503803,1.01905E9,7.0303E9,0.0207,-0.0077
2014-07-25,贵人鸟,sh603555,服装家纺,福建省,11.63,11.43,11.44,11.61,11.45,2157996,2.488598E7,0.0242,3.415,17.2418,0.99503803,1.03329E9,7.12854E9,0.0174,0.0148
2014-07-28,贵人鸟,sh603555,服装家纺,福建省,11.86,11.64,11.64,11.86,11.61,3901741,4.6016642E7,0.0438,3.4885,17.613,0.99503803,1.05554E9,7.28204E9,0.0189,0.0189
2014-07-29,贵人鸟,sh603555,服装家纺,福建省,11.93,11.78,11.88,11.85,11.86,3575679,4.2391057E7,0.0402,3.4856,17.5982,0.99503803,1.05465E9,7.2759E9,0.0126,-0.0025
2014-07-30,贵人鸟,sh603555,服装家纺,福建省,11.98,11.74,11.85,11.98,11.85,3642692,4.3233903E7,0.0409,3.5238,17.7913,0.99503803,1.06622E9,7.35572E9,0.0202,0.0109
2014-07-31,贵人鸟,sh603555,服装家纺,福建省,12.04,11.91,11.94,12.02,11.98,3011399,3.6102356E7,0.0338,3.5356,17.8507,0.99503803,1.06978E9,7.38028E9,0.0108,0.0067
2014-08-01,贵人鸟,sh603555,服装家纺,福建省,12.0,11.7,11.97,11.73,12.02,3699610,4.3899709E7,0.0416,3.4503,17.42,0.99503803,1.04397E9,7.20222E9,0.0249,-0.02
2014-08-04,贵人鸟,sh603555,服装家纺,福建省,11.95,11.71,11.71,11.93,11.73,2696602,3.1982113E7,0.0303,3.5091,17.717,0.99503803,1.06177E9,7.32502E9,0.0204,0.0187
2014-08-05,贵人鸟,sh603555,服装家纺,福建省,12.16,11.86,11.97,12.16,11.93,4835944,5.8072033E7,0.0543,3.5768,18.0586,0.99503803,1.08224E9,7.46624E9,0.0251,0.0158
2014-08-06,贵人鸟,sh603555,服装家纺,福建省,12.14,12.0,12.14,12.07,12.16,3377507,4.0671616E7,0.0379,3.5503,17.9249,0.99503803,1.07423E9,7.41098E9,0.0115,-0.0057
2014-08-07,贵人鸟,sh603555,服装家纺,福建省,12.11,11.85,12.01,11.85,12.07,2974992,3.5618425E7,0.0334,3.4856,17.5982,0.99503803,1.05465E9,7.2759E9,0.0215,-0.0133
2014-08-08,贵人鸟,sh603555,服装家纺,福建省,12.06,11.86,11.86,11.96,11.85,2945856,3.5309889E7,0.0331,3.518,17.7616,0.99503803,1.06444E9,7.34344E9,0.0168,0.0084
2014-08-11,贵人鸟,sh603555,服装家纺,福建省,12.19,11.96,11.96,12.14,11.96,5105920,6.1980982E7,0.0574,3.5709,18.0289,0.99503803,1.08046E9,7.45396E9,0.0192,0.015
2014-08-12,贵人鸟,sh603555,服装家纺,福建省,12.18,12.02,12.16,12.1,12.14,3085210,3.7241439E7,0.0347,3.5591,17.9695,0.99503803,1.0769E9,7.4294E9,0.0131,-0.0049
2014-08-13,贵人鸟,sh603555,服装家纺,福建省,12.18,11.96,12.14,12.09,12.1,3187997,3.8439224E7,0.0358,3.5562,17.9546,0.99503803,1.07601E9,7.42326E9,0.0181,-0.0041
2014-08-14,贵人鸟,sh603555,服装家纺,福建省,12.13,12.0,12.05,12.01,12.09,3267345,3.9450292E7,0.0367,3.5327,17.8358,0.99503803,1.06889E9,7.37414E9,0.0107,-0.0033
2014-08-15,贵人鸟,sh603555,服装家纺,福建省,12.04,11.94,12.01,12.01,12.01,3445685,4.1364039E7,0.0387,3.5327,17.8358,0.99503803,1.06889E9,7.37414E9,0.0083,0.0
2014-08-18,贵人鸟,sh603555,服装家纺,福建省,12.34,12.03,12.04,12.33,12.01,7027878,8.5819903E7,0.079,3.6268,18.311,0.99503803,1.09737E9,7.57062E9,0.0258,0.024
2014-08-19,贵人鸟,sh603555,服装家纺,福建省,12.53,12.15,12.53,12.25,12.33,6185177,7.5984653E7,0.0695,3.6033,18.1922,0.99503803,1.09025E9,7.5215E9,0.0308,-0.0223
2014-08-20,贵人鸟,sh603555,服装家纺,福建省,12.44,12.18,12.26,12.38,12.25,5943054,7.3340608E7,0.0668,3.6415,18.3853,0.99503803,1.10182E9,7.60132E9,0.0212,0.0097
2014-08-21,贵人鸟,sh603555,服装家纺,福建省,12.42,12.09,12.3,12.24,12.38,4128245,5.0509E7,0.0464,3.6003,18.1774,0.99503803,1.08936E9,7.51536E9,0.0266,-0.0048
2014-08-22,贵人鸟,sh603555,服装家纺,福建省,12.48,12.17,12.22,12.42,12.24,4620265,5.6878554E7,0.0519,3.6533,18.4447,0.99503803,1.10538E9,7.62588E9,0.0253,0.0163
2014-08-25,贵人鸟,sh603555,服装家纺,福建省,12.73,12.22,12.39,12.59,12.42,7629158,9.5577961E7,0.0857,3.7033,18.6972,0.99503803,1.12051E9,7.73026E9,0.041,0.0161
2014-08-26,贵人鸟,sh603555,服装家纺,福建省,12.57,12.07,12.53,12.12,12.59,5317955,6.5439485E7,0.0598,3.565,17.9992,0.99503803,1.07868E9,7.44168E9,0.0397,-0.0327
2014-08-27,贵人鸟,sh603555,服装家纺,福建省,12.17,12.03,12.12,12.1,12.12,3306479,4.0004242E7,0.0372,3.5591,17.9695,0.99503803,1.0769E9,7.4294E9,0.0115,-0.0016
2014-08-28,贵人鸟,sh603555,服装家纺,福建省,12.15,11.85,12.09,11.86,12.1,3490800,4.1770971E7,0.0392,3.4885,17.613,0.99503803,1.05554E9,7.28204E9,0.0247,-0.019
2014-08-29,贵人鸟,sh603555,服装家纺,福建省,12.03,11.81,11.85,11.99,11.86,2159597,2.573439E7,0.0243,3.5268,17.8061,0.99503803,1.06711E9,7.36186E9,0.0185,0.0118
2014-09-01,贵人鸟,sh603555,服装家纺,福建省,12.13,11.95,11.95,12.12,11.99,2656972,3.2030792E7,0.0299,3.565,17.9992,0.99503803,1.07868E9,7.44168E9,0.015,0.0142
2014-09-02,贵人鸟,sh603555,服装家纺,福建省,12.38,12.14,12.14,12.31,12.12,4200533,5.1452221E7,0.0472,3.6209,18.2813,0.99503803,1.09559E9,7.55834E9,0.0198,0.014
2014-09-03,贵人鸟,sh603555,服装家纺,福建省,12.39,12.2,12.31,12.32,12.31,4367182,5.3701984E7,0.0491,3.6239,18.2962,0.99503803,1.09648E9,7.56448E9,0.0154,8.0E-4
2014-09-04,贵人鸟,sh603555,服装家纺,福建省,13.38,12.62,13.0,12.85,12.32,17851682,2.29423419E8,0.2006,3.7797,19.0833,0.99503803,1.14365E9,7.8899E9,0.0616,-0.0115
2014-09-05,贵人鸟,sh603555,服装家纺,福建省,13.09,12.61,12.9,12.78,12.85,10205226,1.30628689E8,0.1147,3.7592,18.9793,0.99503803,1.13742E9,7.84692E9,0.0373,-0.0093
2014-09-09,贵人鸟,sh603555,服装家纺,福建省,12.94,12.63,12.78,12.89,12.78,7936147,1.01571464E8,0.0892,3.7915,19.1427,0.99503803,1.14721E9,7.91446E9,0.0242,0.0086
2014-09-10,贵人鸟,sh603555,服装家纺,福建省,12.84,12.68,12.78,12.79,12.89,5343326,6.8145729E7,0.06,3.7621,18.9942,0.99503803,1.13831E9,7.85306E9,0.0124,7.0E-4
2014-09-11,贵人鸟,sh603555,服装家纺,福建省,12.89,12.6,12.8,12.63,12.79,7083869,9.0340943E7,0.0796,3.715,18.7566,0.99503803,1.12407E9,7.75482E9,0.0226,-0.0132
2014-09-12,贵人鸟,sh603555,服装家纺,福建省,12.77,12.56,12.58,12.75,12.63,4358070,5.5263767E7,0.049,3.7503,18.9348,0.99503803,1.13475E9,7.8285E9,0.0166,0.0135
2014-09-15,贵人鸟,sh603555,服装家纺,福建省,12.85,12.64,12.75,12.84,12.75,6689074,8.5228704E7,0.0752,3.7768,19.0684,0.99503803,1.14276E9,7.88376E9,0.0164,0.007
2014-09-16,贵人鸟,sh603555,服装家纺,福建省,12.83,12.3,12.8,12.39,12.84,7291587,9.1851076E7,0.0819,3.6444,18.4001,0.99503803,1.10271E9,7.60746E9,0.0412,-0.032
2014-09-17,贵人鸟,sh603555,服装家纺,福建省,12.44,12.25,12.34,12.41,12.39,3656394,4.5137593E7,0.0411,3.6503,18.4298,0.99503803,1.10449E9,7.61974E9,0.0153,0.0056
2014-09-18,贵人鸟,sh603555,服装家纺,福建省,12.47,12.32,12.47,12.4,12.41,2630623,3.2567705E7,0.0296,3.6474,18.415,0.99503803,1.1036E9,7.6136E9,0.012,-0.0056
2014-09-19,贵人鸟,sh603555,服装家纺,福建省,12.49,12.39,12.4,12.46,12.4,3048630,3.7952782E7,0.0343,3.665,18.5041,0.99503803,1.10894E9,7.65044E9,0.008,0.0048
2014-09-22,贵人鸟,sh603555,服装家纺,福建省,12.47,12.19,12.43,12.21,12.46,3377445,4.1502645E7,0.0379,3.5915,18.1328,0.99503803,1.08669E9,7.49694E9,0.0224,-0.0176
2014-09-23,贵人鸟,sh603555,服装家纺,福建省,12.43,12.21,12.24,12.41,12.21,3058209,3.7755788E7,0.0344,3.6503,18.4298,0.99503803,1.10449E9,7.61974E9,0.018,0.0138
2014-09-24,贵人鸟,sh603555,服装家纺,福建省,12.61,12.33,12.41,12.6,12.41,4687555,5.8530199E7,0.0527,3.7062,18.712,0.99503803,1.1214E9,7.7364E9,0.0225,0.0153
2014-09-25,贵人鸟,sh603555,服装家纺,福建省,12.71,12.45,12.61,12.5,12.6,4374972,5.507372E7,0.0492,3.6768,18.5635,0.99503803,1.1125E9,7.675E9,0.0206,-0.0087
2014-09-26,贵人鸟,sh603555,服装家纺,福建省,12.64,12.43,12.47,12.63,12.5,3124043,3.9210298E7,0.0351,3.715,18.7566,0.99503803,1.12407E9,7.75482E9,0.0168,0.0128
2014-09-29,贵人鸟,sh603555,服装家纺,福建省,12.85,12.65,12.69,12.85,12.63,6074627,7.7504777E7,0.0683,3.7797,19.0833,0.99503803,1.14365E9,7.8899E9,0.0158,0.0126
2014-09-30,贵人鸟,sh603555,服装家纺,福建省,12.86,12.73,12.81,12.82,12.85,4206387,5.3814883E7,0.0473,3.7218,21.5008,0.99503803,1.14098E9,7.87148E9,0.0101,7.0E-4
2014-10-08,贵人鸟,sh603555,服装家纺,福建省,12.88,12.75,12.82,12.88,12.82,5053004,6.4770976E7,0.0568,3.7392,21.6014,0.99503803,1.14632E9,7.90832E9,0.0101,0.0046
2014-10-09,贵人鸟,sh603555,服装家纺,福建省,12.92,12.64,12.88,12.78,12.88,5130484,6.5573292E7,0.0576,3.7102,21.4337,0.99503803,1.13742E9,7.84692E9,0.0217,-0.0077
2014-10-10,贵人鸟,sh603555,服装家纺,福建省,12.79,12.58,12.71,12.64,12.78,4095616,5.1917152E7,0.046,3.6695,21.1989,0.99503803,1.12496E9,7.76096E9,0.0164,-0.0055
2014-10-13,贵人鸟,sh603555,服装家纺,福建省,12.77,12.55,12.58,12.76,12.64,3369745,4.2665874E7,0.0379,3.7044,21.4001,0.99503803,1.13564E9,7.83464E9,0.0174,0.0143
2014-10-14,贵人鸟,sh603555,服装家纺,福建省,12.84,12.6,12.74,12.64,12.76,3506928,4.463014E7,0.0394,3.6695,21.1989,0.99503803,1.12496E9,7.76096E9,0.0188,-0.0078
2014-10-15,贵人鸟,sh603555,服装家纺,福建省,12.69,12.5,12.61,12.66,12.64,2780968,3.5058717E7,0.0312,3.6754,21.2324,0.99503803,1.12674E9,7.77324E9,0.015,0.0039
2014-10-16,贵人鸟,sh603555,服装家纺,福建省,12.83,12.55,12.63,12.72,12.66,4915055,6.2590961E7,0.0552,3.6928,21.3331,0.99503803,1.13208E9,7.81008E9,0.0221,0.0071
2014-10-17,贵人鸟,sh603555,服装家纺,福建省,12.95,12.24,12.61,12.89,12.72,11455966,1.45554597E8,0.1287,3.7421,21.6182,0.99503803,1.14721E9,7.91446E9,0.0558,0.0222
2014-10-20,贵人鸟,sh603555,服装家纺,福建省,13.26,12.89,12.95,13.16,12.89,13493192,1.76665116E8,0.1516,3.8205,22.071,0.99503803,1.17124E9,8.08024E9,0.0287,0.0162
2014-10-21,贵人鸟,sh603555,服装家纺,福建省,13.94,13.3,13.32,13.41,13.16,18700130,2.53072273E8,0.2101,3.8931,22.4903,0.99503803,1.19349E9,8.23374E9,0.0486,0.0067
2014-10-22,贵人鸟,sh603555,服装家纺,福建省,13.89,13.15,13.42,13.82,13.41,20335807,2.76607071E8,0.2285,4.0121,23.1779,0.99503803,1.22998E9,8.48548E9,0.0551,0.0298
2014-10-23,贵人鸟,sh603555,服装家纺,福建省,13.75,13.11,13.56,13.12,13.82,12932666,1.73806419E8,0.1453,3.8089,22.0039,0.99503803,1.16768E9,8.05568E9,0.0463,-0.0324
2014-10-24,贵人鸟,sh603555,服装家纺,福建省,13.38,12.88,13.0,12.9,13.12,8087360,1.06461344E8,0.0909,3.745,21.6349,0.99503803,1.1481E9,7.9206E9,0.0381,-0.0076
2014-10-27,贵人鸟,sh603555,服装家纺,福建省,13.42,12.56,12.79,13.39,12.9,9111583,1.18474259E8,0.1024,3.8873,22.4567,0.99503803,1.19171E9,8.22146E9,0.0666,0.0469
2014-10-28,贵人鸟,sh603555,服装家纺,福建省,13.85,13.28,13.39,13.65,13.39,13114627,1.78905984E8,0.1474,3.9628,22.8928,0.99503803,1.21485E9,8.3811E9,0.0425,0.0194
2014-10-29,贵人鸟,sh603555,服装家纺,福建省,13.84,13.35,13.6,13.79,13.65,16188081,2.20773177E8,0.1819,4.0034,23.1276,0.99503803,1.22731E9,8.46706E9,0.0358,0.0139
2014-10-30,贵人鸟,sh603555,服装家纺,福建省,14.41,13.62,13.71,14.13,13.79,18080218,2.55758169E8,0.2031,4.1021,23.6978,0.99503803,1.25757E9,8.67582E9,0.0572,0.0306
2014-10-31,贵人鸟,sh603555,服装家纺,福建省,14.08,13.69,14.01,13.86,14.13,8881491,1.22925208E8,0.0998,4.0237,23.245,0.99503803,1.23354E9,8.51004E9,0.0276,-0.0107
2014-11-03,贵人鸟,sh603555,服装家纺,福建省,14.17,13.73,13.95,13.89,13.86,7675849,1.06815554E8,0.0862,4.0324,23.2953,0.99503803,1.23621E9,8.52846E9,0.0317,-0.0043
2014-11-04,贵人鸟,sh603555,服装家纺,福建省,13.85,13.56,13.85,13.65,13.89,5880335,8.0378539E7,0.0661,3.9628,22.8928,0.99503803,1.21485E9,8.3811E9,0.0208,-0.0144
2014-11-05,贵人鸟,sh603555,服装家纺,福建省,14.28,13.41,13.62,14.14,13.65,9760944,1.35568221E8,0.1097,4.105,23.7146,0.99503803,1.25846E9,8.68196E9,0.0637,0.0381
2014-11-06,贵人鸟,sh603555,服装家纺,福建省,14.44,14.0,14.0,14.33,14.14,9542202,1.35861246E8,0.1072,4.1602,24.0332,0.99503803,1.27537E9,8.79862E9,0.0311,0.0235
2014-11-07,贵人鸟,sh603555,服装家纺,福建省,14.58,13.82,14.33,13.89,14.33,9448766,1.34502348E8,0.1062,4.0324,23.2953,0.99503803,1.23621E9,8.52846E9,0.053,-0.0307
2014-11-10,贵人鸟,sh603555,服装家纺,福建省,14.16,13.61,13.9,14.14,13.89,9310886,1.28957997E8,0.1046,4.105,23.7146,0.99503803,1.25846E9,8.68196E9,0.0395,0.0172
2014-11-11,贵人鸟,sh603555,服装家纺,福建省,14.16,13.29,14.14,13.42,14.14,8700196,1.19112129E8,0.0978,3.896,22.507,0.99503803,1.19438E9,8.23988E9,0.0615,-0.0509
2014-11-12,贵人鸟,sh603555,服装家纺,福建省,13.88,13.28,13.3,13.84,13.42,5871122,8.0288607E7,0.066,4.0179,23.2114,0.99503803,1.23176E9,8.49776E9,0.0447,0.0406
2014-11-13,贵人鸟,sh603555,服装家纺,福建省,14.83,13.6,13.72,14.3,13.84,13308363,1.90699033E8,0.1495,4.1515,23.9829,0.99503803,1.2727E9,8.7802E9,0.0888,0.0422
2014-11-14,贵人鸟,sh603555,服装家纺,福建省,14.28,13.55,14.12,13.88,14.3,6917808,9.626289E7,0.0777,4.0295,23.2785,0.99503803,1.23532E9,8.52232E9,0.051,-0.0169
2014-11-17,贵人鸟,sh603555,服装家纺,福建省,14.12,13.6,13.88,13.85,13.88,4308378,5.9942403E7,0.0484,4.0208,23.2282,0.99503803,1.23265E9,8.5039E9,0.0374,-0.0021
2014-11-18,贵人鸟,sh603555,服装家纺,福建省,14.0,13.66,13.76,13.97,13.85,4732290,6.5338569E7,0.0532,4.0557,23.4295,0.99503803,1.24333E9,8.57758E9,0.0245,0.0152
2014-11-19,贵人鸟,sh603555,服装家纺,福建省,13.98,13.76,13.89,13.9,13.97,3898672,5.4085862E7,0.0438,4.0353,23.3121,0.99503803,1.2371E9,8.5346E9,0.0157,7.0E-4
2014-11-20,贵人鸟,sh603555,服装家纺,福建省,14.09,13.76,13.81,14.06,13.9,4917648,6.8390788E7,0.0553,4.0818,23.5804,0.99503803,1.25134E9,8.63284E9,0.0237,0.0181
2014-11-21,贵人鸟,sh603555,服装家纺,福建省,14.23,13.95,14.04,14.16,14.06,5929926,8.386348E7,0.0666,4.1108,23.7481,0.99503803,1.26024E9,8.69424E9,0.0199,0.0085
2014-11-24,贵人鸟,sh603555,服装家纺,福建省,14.26,14.03,14.26,14.21,14.16,6806174,9.6264202E7,0.0765,4.1253,23.832,0.99503803,1.26469E9,8.72494E9,0.0162,-0.0035
2014-11-25,贵人鸟,sh603555,服装家纺,福建省,14.23,13.99,14.14,14.17,14.21,6294509,8.8794526E7,0.0707,4.1137,23.7649,0.99503803,1.26113E9,8.70038E9,0.0168,0.0021
2014-11-26,贵人鸟,sh603555,服装家纺,福建省,14.47,14.13,14.15,14.27,14.17,6031946,8.6287813E7,0.0678,4.1428,23.9326,0.99503803,1.27003E9,8.76178E9,0.0239,0.0084
2014-11-27,贵人鸟,sh603555,服装家纺,福建省,14.44,14.05,14.27,14.15,14.27,6031472,8.5898136E7,0.0678,4.1079,23.7314,0.99503803,1.25935E9,8.6881E9,0.0273,-0.0084
2014-11-28,贵人鸟,sh603555,服装家纺,福建省,14.18,13.83,14.16,13.93,14.15,6065263,8.4519987E7,0.0681,4.044,23.3624,0.99503803,1.23977E9,8.55302E9,0.0247,-0.0162
2014-12-01,贵人鸟,sh603555,服装家纺,福建省,13.93,13.57,13.93,13.61,13.93,5637262,7.7175734E7,0.0633,3.9511,22.8257,0.99503803,1.21129E9,8.35654E9,0.0258,-0.0229
2014-12-02,贵人鸟,sh603555,服装家纺,福建省,13.88,13.61,13.61,13.83,13.61,4286603,5.9198729E7,0.0482,4.015,23.1947,0.99503803,1.23087E9,8.49162E9,0.0198,0.0161
2014-12-03,贵人鸟,sh603555,服装家纺,福建省,13.85,13.56,13.83,13.84,13.83,5868326,8.031572E7,0.0659,4.0179,23.2114,0.99503803,1.23176E9,8.49776E9,0.0209,7.0E-4
2014-12-04,贵人鸟,sh603555,服装家纺,福建省,13.98,13.74,13.8,13.92,13.84,5827672,8.0976846E7,0.0655,4.0411,23.3456,0.99503803,1.23888E9,8.54688E9,0.0173,0.0086
2014-12-05,贵人鸟,sh603555,服装家纺,福建省,13.85,13.17,13.85,13.42,13.92,7670259,1.03727094E8,0.0862,3.896,22.507,0.99503803,1.19438E9,8.23988E9,0.0488,-0.031
2014-12-08,贵人鸟,sh603555,服装家纺,福建省,13.68,13.2,13.4,13.57,13.42,4790210,6.4903815E7,0.0538,3.9395,22.7586,0.99503803,1.20773E9,8.33198E9,0.0357,0.0126
2014-12-09,贵人鸟,sh603555,服装家纺,福建省,14.33,13.36,13.4,13.86,13.57,13744547,1.91158938E8,0.1544,4.0237,23.245,0.99503803,1.23354E9,8.51004E9,0.0714,0.0343
2014-12-10,贵人鸟,sh603555,服装家纺,福建省,14.77,13.86,13.86,14.72,13.86,13906919,2.01021836E8,0.1563,4.2734,24.6873,0.99503803,1.31008E9,9.03808E9,0.0656,0.062
2014-12-11,贵人鸟,sh603555,服装家纺,福建省,16.19,14.5,14.8,15.8,14.72,19153213,2.95575241E8,0.2152,4.5869,26.4986,0.99503803,1.4062E9,9.7012E9,0.1148,0.0675
2014-12-12,贵人鸟,sh603555,服装家纺,福建省,16.68,15.45,15.5,15.93,15.8,13964769,2.24052062E8,0.1569,4.6247,26.7166,0.99503803,1.41777E9,9.78102E9,0.0778,0.0277
2014-12-15,贵人鸟,sh603555,服装家纺,福建省,16.6,15.85,15.91,16.2,15.93,9166284,1.48822E8,0.103,4.7031,27.1695,0.99503803,1.4418E9,9.9468E9,0.047,0.0182
2014-12-16,贵人鸟,sh603555,服装家纺,福建省,17.25,16.18,16.18,16.8,16.2,11086424,1.8652581E8,0.1246,4.8772,28.1757,0.99503803,1.4952E9,1.03152E10,0.066,0.0383
2014-12-17,贵人鸟,sh603555,服装家纺,福建省,18.48,16.56,16.82,18.48,16.8,13831606,2.47283484E8,0.1554,5.365,30.9933,0.99503803,1.64472E9,1.134672E10,0.1142,0.0986
2014-12-18,贵人鸟,sh603555,服装家纺,福建省,18.95,17.8,18.4,17.99,18.48,9008032,1.6370315E8,0.1012,5.2227,30.1715,0.99503803,1.60111E9,1.104586E10,0.0622,-0.0222
2014-12-19,贵人鸟,sh603555,服装家纺,福建省,18.19,16.93,17.74,17.71,17.99,7930276,1.3935684E8,0.0891,5.1414,29.7019,0.99503803,1.57619E9,1.087394E10,0.07,-0.0016
2014-12-22,贵人鸟,sh603555,服装家纺,福建省,17.68,16.26,17.67,16.86,17.71,9540333,1.60353667E8,0.1072,4.8947,28.2764,0.99503803,1.50054E9,1.035204E10,0.0801,-0.0458
2014-12-23,贵人鸟,sh603555,服装家纺,福建省,17.1,16.03,16.73,16.4,16.86,7730661,1.27072214E8,0.0869,4.7611,27.5049,0.99503803,1.4596E9,1.00696E10,0.0634,-0.0197
2014-12-24,贵人鸟,sh603555,服装家纺,福建省,17.34,16.36,16.4,17.24,16.4,5805796,9.757826E7,0.0652,5.005,28.9137,0.99503803,1.53436E9,1.058536E10,0.0597,0.0512
2014-12-25,贵人鸟,sh603555,服装家纺,福建省,18.12,17.19,17.21,17.86,17.24,6515261,1.1621927E8,0.0732,5.185,29.9535,0.99503803,1.58954E9,1.096604E10,0.0539,0.0377
2014-12-26,贵人鸟,sh603555,服装家纺,福建省,18.12,17.32,17.71,17.65,17.86,4250345,7.5124608E7,0.0478,5.124,29.6013,0.99503803,1.57085E9,1.08371E10,0.0447,-0.0033
2014-12-29,贵人鸟,sh603555,服装家纺,福建省,17.99,17.5,17.99,17.72,17.65,3409059,6.0315185E7,0.0383,5.1443,29.7187,0.99503803,1.57708E9,1.088008E10,0.0277,-0.015
2014-12-30,贵人鸟,sh603555,服装家纺,福建省,17.8,16.2,17.71,16.33,17.72,6069592,1.02437583E8,0.0682,4.7408,27.3875,0.99503803,1.45337E9,1.002662E10,0.0902,-0.0779
2014-12-31,贵人鸟,sh603555,服装家纺,福建省,17.12,16.03,16.32,16.76,16.33,3784737,6.2591016E7,0.0425,4.6028,32.9573,0.99503803,1.49164E9,1.029064E10,0.0667,0.0269
2015-01-05,贵人鸟,sh603555,服装家纺,福建省,17.14,16.51,16.72,16.7,16.76,4621315,7.7765683E7,0.0519,4.5863,32.8393,0.99503803,1.4863E9,1.02538E10,0.0375,-0.0011
2015-01-06,贵人鸟,sh603555,服装家纺,福建省,16.99,16.56,16.7,16.61,16.7,3632392,6.061591E7,0.0408,4.5616,32.6623,0.99503803,1.47829E9,1.019854E10,0.0257,-0.0053
2015-01-07,贵人鸟,sh603555,服装家纺,福建省,17.74,16.6,16.6,17.66,16.61,5166491,8.8886684E7,0.0581,4.85,34.7271,0.99503803,1.57174E9,1.084324E10,0.0686,0.0638
2015-01-08,贵人鸟,sh603555,服装家纺,福建省,18.59,17.28,17.3,17.93,17.66,5840416,1.05207495E8,0.0656,4.9241,35.258,0.99503803,1.59577E9,1.100902E10,0.0741,0.0364
2015-01-09,贵人鸟,sh603555,服装家纺,福建省,19.1,17.9,18.0,18.37,17.93,5896735,1.09567908E8,0.0663,5.045,36.1232,0.99503803,1.63493E9,1.127918E10,0.0669,0.0205
2015-01-12,贵人鸟,sh603555,服装家纺,福建省,0.0,0.0,0.0,18.37,18.37,0,0.0,0.0,5.045,36.1232,0.99503803,1.63493E9,1.127918E10,0.0,0.0
2015-01-13,贵人鸟,sh603555,服装家纺,福建省,0.0,0.0,0.0,18.37,18.37,0,0.0,0.0,5.045,36.1232,0.99503803,1.63493E9,1.127918E10,0.0,0.0
2015-01-14,贵人鸟,sh603555,服装家纺,福建省,0.0,0.0,0.0,18.37,18.37,0,0.0,0.0,5.045,36.1232,0.99503803,1.63493E9,1.127918E10,0.0,0.0
2015-01-15,贵人鸟,sh603555,服装家纺,福建省,0.0,0.0,0.0,18.37,18.37,0,0.0,0.0,5.045,36.1232,0.99503803,1.63493E9,1.127918E10,0.0,0.0
2015-01-16,贵人鸟,sh603555,服装家纺,福建省,0.0,0.0,0.0,18.37,18.37,0,0.0,0.0,5.045,36.1232,0.99503803,1.63493E9,1.127918E10,0.0,0.0
2015-01-19,贵人鸟,sh603555,服装家纺,福建省,0.0,0.0,0.0,18.37,18.37,0,0.0,0.0,5.045,36.1232,0.99503803,1.63493E9,1.127918E10,0.0,0.0
2015-01-20,贵人鸟,sh603555,服装家纺,福建省,20.21,20.0,20.21,20.21,18.37,15439622,3.11996334E8,0.1735,5.5503,39.7414,0.99503803,1.79869E9,1.240894E10,0.0114,0.0
2015-01-21,贵人鸟,sh603555,服装家纺,福建省,22.23,21.31,21.81,22.23,20.21,21495704,4.73671291E8,0.2415,6.1051,43.7136,0.99503803,1.97847E9,1.364922E10,0.0455,0.0192
2015-01-22,贵人鸟,sh603555,服装家纺,福建省,24.4,21.67,23.6,22.09,22.23,32142951,7.28615516E8,0.3612,6.0666,43.4383,0.99503803,1.96601E9,1.356326E10,0.1228,-0.0639
2015-01-23,贵人鸟,sh603555,服装家纺,福建省,23.9,21.15,22.0,22.41,22.09,26143759,5.84775259E8,0.2938,6.1545,44.0676,0.99503803,1.99449E9,1.375974E10,0.1244,0.0186
2015-01-26,贵人鸟,sh603555,服装家纺,福建省,24.65,22.5,23.3,24.65,22.41,13072338,3.11047432E8,0.1148,6.7697,48.4724,0.99503803,2.80726525E9,1.51351E10,0.0959,0.0579
2015-01-27,贵人鸟,sh603555,服装家纺,福建省,27.12,25.6,26.17,27.12,24.65,30918730,8.24800756E8,0.2715,7.448,53.3294,0.99503803,3.0885612E9,1.665168E10,0.0616,0.0363
2015-01-28,贵人鸟,sh603555,服装家纺,福建省,27.47,25.5,26.7,25.74,27.12,22750543,6.02517869E8,0.1998,7.069,50.6158,0.99503803,2.9313999E9,1.580436E10,0.0726,-0.0359
2015-01-29,贵人鸟,sh603555,服装家纺,福建省,26.21,24.7,25.42,24.84,25.74,13462358,3.40938821E8,0.1182,6.8218,48.846,0.99503803,2.8289034E9,1.525176E10,0.0586,-0.0228
2015-01-30,贵人鸟,sh603555,服装家纺,福建省,25.63,23.95,24.8,24.07,24.84,12724325,3.14960766E8,0.1117,6.6104,47.3318,0.99503803,2.74121195E9,1.477898E10,0.0676,-0.0294
2015-02-02,贵人鸟,sh603555,服装家纺,福建省,25.3,23.78,23.79,24.08,24.07,12919901,3.17306695E8,0.1134,6.6131,47.3515,0.99503803,2.7423508E9,1.478512E10,0.0631,0.0121
2015-02-03,贵人鸟,sh603555,服装家纺,福建省,25.49,23.95,24.3,24.86,24.08,11758564,2.91243948E8,0.1032,6.8273,48.8853,0.99503803,2.8311811E9,1.526404E10,0.0639,0.023
2015-02-04,贵人鸟,sh603555,服装家纺,福建省,25.57,24.3,24.5,25.45,24.86,13728233,3.44877159E8,0.1205,6.9894,50.0455,0.99503803,2.89837325E9,1.56263E10,0.051,0.0387
2015-02-05,贵人鸟,sh603555,服装家纺,福建省,25.13,24.12,24.9,24.4,25.45,9531057,2.35457832E8,0.0837,6.701,47.9808,0.99503803,2.778794E9,1.49816E10,0.0396,-0.02
2015-02-06,贵人鸟,sh603555,服装家纺,福建省,25.3,23.3,24.04,24.8,24.4,9500237,2.34226989E8,0.0834,6.8109,48.7673,0.99503803,2.824348E9,1.52272E10,0.0819,0.0316
2015-02-09,贵人鸟,sh603555,服装家纺,福建省,24.84,22.32,24.31,22.32,24.8,14403549,3.32663466E8,0.1265,6.1298,43.8906,0.99503803,2.5419132E9,1.370448E10,0.1016,-0.0818
2015-02-10,贵人鸟,sh603555,服装家纺,福建省,23.27,21.91,22.51,23.17,22.32,7233449,1.64930251E8,0.0635,6.3632,45.5621,0.99503803,2.63871545E9,1.422638E10,0.0609,0.0293
2015-02-11,贵人鸟,sh603555,服装家纺,福建省,24.0,22.5,22.97,23.82,23.17,7393874,1.72113595E8,0.0649,6.5417,46.8402,0.99503803,2.7127407E9,1.462548E10,0.0647,0.037
2015-02-12,贵人鸟,sh603555,服装家纺,福建省,24.7,23.5,23.5,24.19,23.82,5791230,1.40121771E8,0.0509,6.6433,47.5678,0.99503803,2.75487815E9,1.485266E10,0.0503,0.0293
2015-02-13,贵人鸟,sh603555,服装家纺,福建省,24.44,23.87,24.18,24.41,24.19,4007033,9.6914214E7,0.0352,6.7038,48.0004,0.99503803,2.77993285E9,1.498774E10,0.0235,0.0095
2015-02-16,贵人鸟,sh603555,服装家纺,福建省,24.9,23.8,24.45,24.73,24.41,5175810,1.26667313E8,0.0454,6.7916,48.6297,0.99503803,2.81637605E9,1.518422E10,0.045,0.0114
2015-02-17,贵人鸟,sh603555,服装家纺,福建省,25.6,24.42,24.42,25.21,24.73,5400674,1.3571674E8,0.0474,6.9235,49.5736,0.99503803,2.87104085E9,1.547894E10,0.0477,0.0323
2015-02-25,贵人鸟,sh603555,服装家纺,福建省,25.59,24.4,25.5,24.66,25.21,3130226,7.7696335E7,0.0275,6.7724,48.492,0.99503803,2.8084041E9,1.514124E10,0.0472,-0.0329
2015-02-26,贵人鸟,sh603555,服装家纺,福建省,24.59,23.61,24.56,24.47,24.66,4223232,1.01796864E8,0.0371,6.7202,48.1184,0.99503803,2.78676595E9,1.502458E10,0.0397,-0.0036
2015-02-27,贵人鸟,sh603555,服装家纺,福建省,24.71,23.74,24.38,24.54,24.47,4930005,1.19195871E8,0.0433,6.7395,48.2561,0.99503803,2.7947379E9,1.506756E10,0.0396,0.0065
2015-03-02,贵人鸟,sh603555,服装家纺,福建省,26.4,24.98,25.0,25.95,24.54,10952634,2.836022E8,0.0962,7.1267,51.0287,0.99503803,2.95531575E9,1.59333E10,0.0578,0.0379
2015-03-03,贵人鸟,sh603555,服装家纺,福建省,26.83,25.37,25.52,26.29,25.95,7937401,2.08775639E8,0.0697,7.2201,51.6973,0.99503803,2.99403665E9,1.614206E10,0.0562,0.0301
2015-03-04,贵人鸟,sh603555,服装家纺,福建省,28.92,25.73,25.73,28.92,26.29,6935159,1.89791582E8,0.0609,7.9423,56.869,0.99503803,3.2935542E9,1.775688E10,0.1213,0.1239
2015-03-05,贵人鸟,sh603555,服装家纺,福建省,31.5,28.1,29.61,29.3,28.92,9858857,2.92387959E8,0.0866,8.0467,57.6162,0.99503803,3.3368305E9,1.79902E10,0.1175,-0.0104
2015-03-06,贵人鸟,sh603555,服装家纺,福建省,30.27,27.69,28.85,27.83,29.3,7688166,2.22361966E8,0.0675,7.643,54.7256,0.99503803,3.16941955E9,1.708762E10,0.088,-0.0353
2015-03-09,贵人鸟,sh603555,服装家纺,福建省,29.0,27.0,27.02,28.56,27.83,5109342,1.44680951E8,0.0449,7.8435,56.1611,0.99503803,3.2525556E9,1.753584E10,0.0718,0.0569
2015-03-10,贵人鸟,sh603555,服装家纺,福建省,29.69,28.3,28.53,29.3,28.56,5311025,1.54706645E8,0.0466,8.0467,57.6162,0.99503803,3.3368305E9,1.79902E10,0.0486,0.0269
2015-03-11,贵人鸟,sh603555,服装家纺,福建省,30.22,28.68,29.35,29.42,29.3,5611899,1.66046847E8,0.0493,8.0797,57.8522,0.99503803,3.3504967E9,1.806388E10,0.0525,0.0023
2015-03-12,贵人鸟,sh603555,服装家纺,福建省,29.93,28.05,29.31,28.95,29.42,4808466,1.3920771E8,0.0422,7.9506,56.928,0.99503803,3.29697075E9,1.77753E10,0.0639,-0.0122
2015-03-13,贵人鸟,sh603555,服装家纺,福建省,30.99,28.99,29.0,30.63,28.95,4564155,1.37082279E8,0.0401,8.412,60.2316,0.99503803,3.48829755E9,1.880682E10,0.069,0.0562
2015-03-16,贵人鸟,sh603555,服装家纺,福建省,33.69,30.8,31.0,33.69,30.63,9352754,3.06422579E8,0.0821,9.2523,66.2488,0.99503803,3.83678565E9,2.068566E10,0.0943,0.0867
2015-03-17,贵人鸟,sh603555,服装家纺,福建省,35.0,32.0,34.2,33.75,33.69,7534404,2.56005816E8,0.0662,9.2688,66.3668,0.99503803,3.84361875E9,2.07225E10,0.089,-0.0131
2015-03-18,贵人鸟,sh603555,服装家纺,福建省,33.85,31.5,33.1,32.83,33.75,15128529,4.88195298E8,0.1328,9.0162,64.5577,0.99503803,3.73884455E9,2.015762E10,0.0696,-0.0081
2015-03-19,贵人鸟,sh603555,服装家纺,福建省,32.5,29.7,32.5,31.82,32.83,9941265,3.1477556E8,0.0873,8.7388,62.5716,0.99503803,3.6238207E9,1.953748E10,0.0852,-0.0209
2015-03-20,贵人鸟,sh603555,服装家纺,福建省,32.95,30.88,31.35,32.84,31.82,11505187,3.71741599E8,0.101,9.0189,64.5774,0.99503803,3.7399834E9,2.016376E10,0.065,0.0475
2015-03-23,贵人鸟,sh603555,服装家纺,福建省,34.5,32.8,34.45,33.01,32.84,9678216,3.23559975E8,0.085,9.0656,64.9117,0.99503803,3.75934385E9,2.026814E10,0.0517,-0.0417
2015-03-24,贵人鸟,sh603555,服装家纺,福建省,33.67,31.99,33.0,33.63,33.01,7830250,2.58345658E8,0.0688,9.2359,66.1309,0.99503803,3.82995255E9,2.064882E10,0.0508,0.019
2015-03-25,贵人鸟,sh603555,服装家纺,福建省,36.0,32.93,33.6,35.36,33.63,7820483,2.67505452E8,0.0687,9.711,69.5328,0.99503803,4.0269736E9,2.171104E10,0.0912,0.0523
2015-03-26,贵人鸟,sh603555,服装家纺,福建省,35.3,33.18,34.9,33.72,35.36,5077938,1.73864609E8,0.0446,9.2606,66.3078,0.99503803,3.8402022E9,2.070408E10,0.0599,-0.0338
2015-03-27,贵人鸟,sh603555,服装家纺,福建省,34.5,33.33,33.54,34.28,33.72,2869098,9.7664915E7,0.0252,9.4144,67.409,0.99503803,3.9039778E9,2.104792E10,0.0346,0.022
2015-03-30,贵人鸟,sh603555,服装家纺,福建省,35.56,33.52,33.9,34.68,34.28,5820970,2.01436764E8,0.0511,9.5242,68.1956,0.99503803,3.9495318E9,2.129352E10,0.0595,0.023
2015-03-31,贵人鸟,sh603555,服装家纺,福建省,34.8,33.46,34.01,34.17,34.68,4521260,1.5454853E8,0.0397,9.0733,67.0939,0.99503803,3.89145045E9,2.098038E10,0.0386,0.0047
2015-04-01,贵人鸟,sh603555,服装家纺,福建省,36.17,34.18,34.2,35.52,34.17,6012294,2.10890382E8,0.0528,9.4318,69.7446,0.99503803,4.0451952E9,2.180928E10,0.0582,0.0385
2015-04-02,贵人鸟,sh603555,服装家纺,福建省,38.0,35.0,35.6,36.18,35.52,6037761,2.20514764E8,0.053,9.6071,71.0406,0.99503803,4.1203593E9,2.221452E10,0.0844,0.0162
2015-04-03,贵人鸟,sh603555,服装家纺,福建省,37.0,35.71,36.6,36.53,36.18,3391881,1.23516924E8,0.0298,9.7,71.7278,0.99503803,4.16021905E9,2.242942E10,0.0356,-0.0019
2015-04-07,贵人鸟,sh603555,服装家纺,福建省,37.0,35.65,36.53,36.57,36.53,4345967,1.58412336E8,0.0382,9.7106,71.8063,0.99503803,4.16477445E9,2.245398E10,0.0369,0.001
2015-04-08,贵人鸟,sh603555,服装家纺,福建省,37.99,35.7,36.6,36.99,36.57,5381498,1.97892574E8,0.0473,9.8221,72.631,0.99503803,4.21260615E9,2.271186E10,0.0626,0.0106
2015-04-09,贵人鸟,sh603555,服装家纺,福建省,37.5,33.29,36.99,37.23,36.99,5990231,2.12414794E8,0.0526,9.8859,73.1023,0.99503803,4.23993855E9,2.285922E10,0.1138,0.0064
2015-04-10,贵人鸟,sh603555,服装家纺,福建省,38.4,36.12,37.3,37.62,37.23,4399153,1.65946152E8,0.0386,9.9894,73.868,0.99503803,4.2843537E9,2.309868E10,0.0612,0.0085
2015-04-13,贵人鸟,sh603555,服装家纺,福建省,41.35,37.78,37.78,41.29,37.62,5819748,2.33231878E8,0.0511,10.9639,81.0742,0.99503803,4.70231165E9,2.535206E10,0.0948,0.0929
2015-04-14,贵人鸟,sh603555,服装家纺,福建省,45.38,41.29,41.29,42.73,41.29,5644867,2.45649914E8,0.0496,11.3463,83.9017,0.99503803,4.86630605E9,2.623622E10,0.099,0.0348
2015-04-15,贵人鸟,sh603555,服装家纺,福建省,42.73,40.0,42.6,42.55,42.73,4176744,1.72562367E8,0.0367,11.2985,83.5483,0.99503803,4.84580675E9,2.61257E10,0.0638,-0.0011
2015-04-16,贵人鸟,sh603555,服装家纺,福建省,46.81,40.25,42.3,46.81,42.55,5166110,2.30498393E8,0.0454,12.4297,91.9129,0.99503803,5.33095685E9,2.874134E10,0.1541,0.1066
2015-04-17,贵人鸟,sh603555,服装家纺,福建省,48.91,45.55,47.0,46.22,46.81,5744336,2.68730464E8,0.0504,12.273,90.7544,0.99503803,5.2637647E9,2.837908E10,0.0717,-0.0165
2015-04-20,贵人鸟,sh603555,服装家纺,福建省,47.3,43.5,45.06,45.83,46.22,4753233,2.14197915E8,0.0417,12.1695,89.9886,0.99503803,5.21934955E9,2.813962E10,0.0822,0.017
2015-04-21,贵人鸟,sh603555,服装家纺,福建省,47.85,42.63,47.26,46.21,45.83,8753366,3.90592498E8,0.0769,12.2704,90.7348,0.99503803,5.26262585E9,2.837294E10,0.1138,-0.0222
2015-04-22,贵人鸟,sh603555,服装家纺,福建省,46.2,43.55,45.21,44.02,46.21,11127227,4.94970159E8,0.0977,11.6888,86.4346,0.99503803,5.0132177E9,2.702828E10,0.0573,-0.0263
2015-04-23,贵人鸟,sh603555,服装家纺,福建省,44.44,41.9,43.55,44.35,44.02,8218604,3.52537711E8,0.0722,11.7765,87.0826,0.99503803,5.05079975E9,2.72309E10,0.0577,0.0183
2015-04-24,贵人鸟,sh603555,服装家纺,福建省,45.03,42.2,43.51,44.32,44.35,9273432,4.07411192E8,0.0814,11.7685,87.0237,0.99503803,5.0473832E9,2.721248E10,0.0638,0.0186
2015-04-27,贵人鸟,sh603555,服装家纺,福建省,44.75,43.0,44.43,44.28,44.32,5177336,2.27848388E8,0.0455,11.7579,86.9452,0.99503803,5.0428278E9,2.718792E10,0.0394,-0.0033
2015-04-28,贵人鸟,sh603555,服装家纺,福建省,44.44,41.8,44.0,42.1,44.28,3774388,1.60833186E8,0.0331,11.179,82.6647,0.99503803,4.7945585E9,2.58494E10,0.0596,-0.0431
2015-04-29,贵人鸟,sh603555,服装家纺,福建省,44.03,41.61,42.19,43.75,42.1,3441177,1.48588273E8,0.0302,11.6172,85.9045,0.99503803,4.98246875E9,2.68625E10,0.0574,0.0369
2015-04-30,贵人鸟,sh603555,服装家纺,福建省,47.68,43.45,43.5,46.54,43.75,6378092,2.89970649E8,0.056,12.358,91.3827,0.99503803,5.3002079E9,2.857556E10,0.0966,0.0698
2015-05-04,贵人鸟,sh603555,服装家纺,福建省,47.51,45.14,46.25,47.23,46.54,3988655,1.85504779E8,0.035,12.5412,92.7376,0.99503803,5.37878855E9,2.899922E10,0.0509,0.0211
2015-05-05,贵人鸟,sh603555,服装家纺,福建省,47.82,45.65,46.8,46.44,47.23,3483682,1.62831849E8,0.0306,12.3314,91.1864,0.99503803,5.2888194E9,2.851416E10,0.0459,-0.0076
2015-05-06,贵人鸟,sh603555,服装家纺,福建省,47.65,45.17,46.3,46.39,46.44,3106050,1.45218832E8,0.0273,12.3182,91.0882,0.99503803,5.28312515E9,2.848346E10,0.0534,0.0019
2015-05-07,贵人鸟,sh603555,服装家纺,福建省,46.3,44.18,46.25,46.15,46.39,2933805,1.33741333E8,0.0258,12.2544,90.617,0.99503803,5.25579275E9,2.83361E10,0.0456,-0.0021
2015-05-08,贵人鸟,sh603555,服装家纺,福建省,46.77,45.0,46.0,46.34,46.15,4302978,1.98734746E8,0.0378,12.3049,90.99,0.99503803,5.2774309E9,2.845276E10,0.0383,0.0073
2015-05-11,贵人鸟,sh603555,服装家纺,福建省,48.85,46.36,46.36,48.46,46.34,5742445,2.74437289E8,0.0504,12.8678,95.1527,0.99503803,5.5188671E9,2.975444E10,0.0537,0.0452
2015-05-12,贵人鸟,sh603555,服装家纺,福建省,52.17,48.01,48.48,50.92,48.46,6461810,3.24576777E8,0.0567,13.521,99.983,0.99503803,5.7990242E9,3.126488E10,0.0858,0.0503
2015-05-13,贵人鸟,sh603555,服装家纺,福建省,52.85,49.0,50.75,49.73,50.92,6010809,3.03302694E8,0.0528,13.2051,97.6464,0.99503803,5.66350105E9,3.053422E10,0.0756,-0.02
2015-05-14,贵人鸟,sh603555,服装家纺,福建省,49.86,47.81,49.72,49.17,49.73,4070929,1.98283629E8,0.0357,13.0564,96.5468,0.99503803,5.59972545E9,3.019038E10,0.0412,-0.011
2015-05-15,贵人鸟,sh603555,服装家纺,福建省,51.18,47.5,48.05,50.68,49.17,5358821,2.67039885E8,0.0471,13.4573,99.5118,0.99503803,5.7716918E9,3.111752E10,0.0748,0.0547
2015-05-18,贵人鸟,sh603555,服装家纺,福建省,54.5,50.56,53.0,53.89,50.68,7464199,3.93312595E8,0.0655,14.3097,105.8147,0.99503803,6.13726265E9,3.308846E10,0.0777,0.0167
2015-05-19,贵人鸟,sh603555,服装家纺,福建省,0.0,0.0,0.0,53.89,53.89,0,0.0,0.0,14.3097,105.8147,0.99503803,6.13726265E9,3.308846E10,0.0,0.0
2015-05-20,贵人鸟,sh603555,服装家纺,福建省,0.0,0.0,0.0,53.89,53.89,0,0.0,0.0,14.3097,105.8147,0.99503803,6.13726265E9,3.308846E10,0.0,0.0
2015-05-21,贵人鸟,sh603555,服装家纺,福建省,0.0,0.0,0.0,53.89,53.89,0,0.0,0.0,14.3097,105.8147,0.99503803,6.13726265E9,3.308846E10,0.0,0.0
2015-05-22,贵人鸟,sh603555,服装家纺,福建省,59.28,57.01,59.28,59.28,53.89,2545231,1.50608956E8,0.0223,15.7409,116.3981,0.99503803,6.7511028E9,3.639792E10,0.0421,0.0
2015-05-25,贵人鸟,sh603555,服装家纺,福建省,65.1,57.8,65.0,58.66,59.28,8975044,5.35596198E8,0.0788,15.5763,115.1807,0.99503803,6.6804941E9,3.601724E10,0.1231,-0.0975
2015-05-26,贵人鸟,sh603555,服装家纺,福建省,63.5,58.0,58.88,63.06,58.66,7353327,4.41780139E8,0.0646,16.7446,123.8203,0.99503803,7.1815881E9,3.871884E10,0.0937,0.0709
2015-05-27,贵人鸟,sh603555,服装家纺,福建省,69.37,61.0,61.99,66.37,63.06,7742159,5.11479212E8,0.068,17.6236,130.3196,0.99503803,7.55854745E9,4.075118E10,0.1327,0.0706
2015-05-28,贵人鸟,sh603555,服装家纺,福建省,67.66,61.08,65.5,61.19,66.37,4744513,3.04422706E8,0.0417,16.2481,120.1485,0.99503803,6.96862315E9,3.757066E10,0.0991,-0.0658
2015-05-29,贵人鸟,sh603555,服装家纺,福建省,62.53,57.31,59.0,59.97,61.19,6314644,3.80587143E8,0.0554,15.9241,117.753,0.99503803,6.82968345E9,3.682158E10,0.0853,0.0164
2015-06-01,贵人鸟,sh603555,服装家纺,福建省,64.26,59.0,59.0,63.0,59.97,3716115,2.30843499E8,0.0326,16.7287,123.7025,0.99503803,7.174755E9,3.8682E10,0.0877,0.0677
2015-06-02,贵人鸟,sh603555,服装家纺,福建省,63.78,61.3,62.6,62.4,63.0,3607194,2.25442548E8,0.0317,16.5694,122.5244,0.99503803,7.106424E9,3.83136E10,0.0393,-0.0031
2015-06-03,贵人鸟,sh603555,服装家纺,福建省,67.0,58.65,62.03,60.51,62.4,6627895,4.03641876E8,0.0582,16.0675,118.8133,0.99503803,6.89118135E9,3.715314E10,0.1338,-0.0245
2015-06-04,贵人鸟,sh603555,服装家纺,福建省,60.58,54.46,60.47,56.48,60.51,7200077,4.16609016E8,0.0632,14.9974,110.9002,0.99503803,6.4322248E9,3.467872E10,0.1011,-0.0659
2015-06-05,贵人鸟,sh603555,服装家纺,福建省,60.98,56.8,57.55,59.59,56.48,7169058,4.23202615E8,0.0629,15.8232,117.0068,0.99503803,6.78640715E9,3.658826E10,0.074,0.0354
2015-06-08,贵人鸟,sh603555,服装家纺,福建省,63.0,56.97,59.5,59.58,59.59,9664078,5.78176146E8,0.0849,15.8206,116.9872,0.99503803,6.7852683E9,3.658212E10,0.1011,0.0013
2015-06-09,贵人鸟,sh603555,服装家纺,福建省,64.1,58.0,59.55,60.52,59.58,12368684,7.51728887E8,0.1086,16.0702,118.8329,0.99503803,6.8923202E9,3.715928E10,0.1023,0.0162
2015-06-10,贵人鸟,sh603555,服装家纺,福建省,62.88,59.0,59.63,59.97,60.52,9980357,6.0525219E8,0.0876,15.9241,117.753,0.99503803,6.82968345E9,3.682158E10,0.0641,0.0057
2015-06-11,贵人鸟,sh603555,服装家纺,福建省,60.3,57.0,59.8,58.88,59.97,6472869,3.78203292E8,0.0568,15.6347,115.6127,0.99503803,6.7055488E9,3.615232E10,0.055,-0.0153
2015-06-12,贵人鸟,sh603555,服装家纺,福建省,63.01,56.51,58.68,60.46,58.88,13003581,7.75920114E8,0.1142,16.0542,118.7151,0.99503803,6.8854871E9,3.712244E10,0.1103,0.0303
2015-06-15,贵人鸟,sh603555,服装家纺,福建省,61.18,58.6,60.26,58.62,60.16,3964132,2.35655181E8,0.0348,15.5657,115.1022,1.0,6.6759387E9,3.599268E10,0.0428,-0.0272
2015-06-16,贵人鸟,sh603555,服装家纺,福建省,57.75,52.8,57.58,54.25,58.62,5096493,2.82905005E8,0.0448,14.4053,106.5216,1.0,6.17826125E9,3.33095E10,0.0844,-0.0578
2015-06-17,贵人鸟,sh603555,服装家纺,福建省,56.5,49.63,54.25,54.65,54.25,11365783,6.03879101E8,0.0998,14.5115,107.307,1.0,6.22381525E9,3.35551E10,0.1266,0.0073
2015-06-18,贵人鸟,sh603555,服装家纺,福建省,55.86,51.92,53.99,52.69,54.65,4526094,2.42971809E8,0.0397,13.991,103.4585,1.0,6.00060065E9,3.235166E10,0.072,-0.024
2015-06-19,贵人鸟,sh603555,服装家纺,福建省,53.97,49.03,51.4,50.3,52.69,4918581,2.51444784E8,0.0432,13.3564,98.7656,1.0,5.7284155E9,3.08842E10,0.0937,-0.0214
2015-06-23,贵人鸟,sh603555,服装家纺,福建省,55.0,49.5,50.92,53.22,50.3,10489881,5.51502794E8,0.0921,14.1318,104.4991,1.0,6.0609597E9,3.267708E10,0.1093,0.0451
2015-06-24,贵人鸟,sh603555,服装家纺,福建省,56.0,53.2,53.25,54.29,53.22,10795305,5.88163212E8,0.0948,14.4159,106.6001,1.0,6.18281665E9,3.333406E10,0.0526,0.0195
2015-06-25,贵人鸟,sh603555,服装家纺,福建省,54.55,49.5,54.45,51.15,54.29,5090512,2.64516344E8,0.0447,13.5821,100.4346,1.0,5.82521775E9,3.14061E10,0.093,-0.0606
2015-06-26,贵人鸟,sh603555,服装家纺,福建省,49.5,46.04,49.18,46.04,51.15,3601906,1.69956491E8,0.0316,12.2252,90.401,1.0,5.2432654E9,2.826856E10,0.0676,-0.0638
2015-06-29,贵人鸟,sh603555,服装家纺,福建省,47.8,41.44,47.0,41.44,46.04,7524306,3.18395296E8,0.0661,11.0038,81.3687,1.0,4.7193944E9,2.544416E10,0.1381,-0.1182
2015-06-30,贵人鸟,sh603555,服装家纺,福建省,44.89,37.3,37.3,41.78,41.44,14027068,5.67608301E8,0.1232,11.5252,79.5183,1.0,4.7581153E9,2.565292E10,0.1831,0.1201
2015-07-01,贵人鸟,sh603555,服装家纺,福建省,44.99,38.5,41.78,39.61,41.78,15311213,6.58607658E8,0.1344,10.9266,75.3882,1.0,4.51098485E9,2.432054E10,0.1553,-0.0519
2015-07-02,贵人鸟,sh603555,服装家纺,福建省,40.9,35.65,38.52,35.65,39.61,9777137,3.59047773E8,0.0859,9.8342,67.8513,1.0,4.06000025E9,2.18891E10,0.1325,-0.0745
2015-07-03,贵人鸟,sh603555,服装家纺,福建省,37.2,32.09,35.48,32.14,35.65,14626451,4.94837995E8,0.1284,8.8659,61.1709,1.0,3.6602639E9,1.973396E10,0.1433,-0.0941
2015-07-06,贵人鸟,sh603555,服装家纺,福建省,0.0,0.0,0.0,32.14,32.14,0,0.0,0.0,8.8659,61.1709,1.0,3.6602639E9,1.973396E10,0.0,0.0
2015-07-07,贵人鸟,sh603555,服装家纺,福建省,0.0,0.0,0.0,32.14,32.14,0,0.0,0.0,8.8659,61.1709,1.0,3.6602639E9,1.973396E10,0.0,0.0
2015-07-08,贵人鸟,sh603555,服装家纺,福建省,0.0,0.0,0.0,32.14,32.14,0,0.0,0.0,8.8659,61.1709,1.0,3.6602639E9,1.973396E10,0.0,0.0
2015-07-09,贵人鸟,sh603555,服装家纺,福建省,0.0,0.0,0.0,32.14,32.14,0,0.0,0.0,8.8659,61.1709,1.0,3.6602639E9,1.973396E10,0.0,0.0
2015-07-10,贵人鸟,sh603555,服装家纺,福建省,0.0,0.0,0.0,32.14,32.14,0,0.0,0.0,8.8659,61.1709,1.0,3.6602639E9,1.973396E10,0.0,0.0
2015-07-13,贵人鸟,sh603555,服装家纺,福建省,35.35,35.35,35.35,35.35,32.14,1829438,6.4670633E7,0.0161,9.7514,67.2803,1.0,4.02583475E9,2.17049E10,0.0,0.0
2015-07-14,贵人鸟,sh603555,服装家纺,福建省,38.89,37.0,38.89,38.21,35.35,19249316,7.37508189E8,0.169,10.5404,72.7237,1.0,4.35154585E9,2.346094E10,0.0534,-0.0174
2015-07-15,贵人鸟,sh603555,服装家纺,福建省,37.0,34.39,35.7,34.39,38.21,6402930,2.24956648E8,0.0562,9.4866,65.4532,1.0,3.91650515E9,2.111546E10,0.0683,-0.0366
2015-07-16,贵人鸟,sh603555,服装家纺,福建省,36.0,30.95,34.39,35.02,34.39,14942255,5.0147119E8,0.1312,9.6604,66.6523,1.0,3.9882527E9,2.150228E10,0.1468,0.0183
2015-07-17,贵人鸟,sh603555,服装家纺,福建省,38.4,34.01,35.3,38.4,35.02,19967850,7.31394217E8,0.1753,10.5928,73.0853,1.0,4.373184E9,2.35776E10,0.1253,0.0878
2015-07-20,贵人鸟,sh603555,服装家纺,福建省,41.5,37.5,38.9,40.7,38.4,19317821,7.64861395E8,0.1696,11.2272,77.4628,1.0,4.6351195E9,2.49898E10,0.1041,0.0462
2015-07-21,贵人鸟,sh603555,服装家纺,福建省,43.48,39.21,39.38,41.37,40.7,15600120,6.46853483E8,0.137,11.4121,78.738,1.0,4.71142245E9,2.540118E10,0.1049,0.0505
2015-07-22,贵人鸟,sh603555,服装家纺,福建省,42.18,39.05,40.8,40.85,41.37,12792507,5.17236639E8,0.1123,11.2686,77.7483,1.0,4.65220225E9,2.50819E10,0.0756,0.0012
2015-07-23,贵人鸟,sh603555,服装家纺,福建省,44.0,39.81,40.78,43.79,40.85,16259197,6.87042998E8,0.1428,12.0796,83.3439,1.0,4.98702415E9,2.688706E10,0.1025,0.0738
2015-07-24,贵人鸟,sh603555,服装家纺,福建省,45.5,41.8,44.0,42.25,43.79,13324784,5.82564974E8,0.117,11.6548,80.4128,1.0,4.81164125E9,2.59415E10,0.0844,-0.0397
2015-07-27,贵人鸟,sh603555,服装家纺,福建省,42.19,38.03,40.68,38.03,42.25,8624787,3.44065949E8,0.0757,10.4907,72.3811,1.0,4.33104655E9,2.335042E10,0.0984,-0.0651
2015-07-28,贵人鸟,sh603555,服装家纺,福建省,38.5,34.23,34.5,34.54,38.03,12642058,4.46237262E8,0.111,9.528,65.7387,1.0,3.9335879E9,2.120756E10,0.1122,0.0011
2015-07-29,贵人鸟,sh603555,服装家纺,福建省,37.94,32.0,35.2,37.71,34.54,19624357,6.9274553E8,0.1723,10.4024,71.772,1.0,4.29460335E9,2.315394E10,0.1719,0.0713
2015-07-30,贵人鸟,sh603555,服装家纺,福建省,40.88,36.61,37.4,37.95,37.71,17519333,6.83421274E8,0.1538,10.4686,72.2288,1.0,4.32193575E9,2.33013E10,0.1132,0.0147
2015-07-31,贵人鸟,sh603555,服装家纺,福建省,39.5,37.19,37.19,38.98,37.95,14295349,5.48191433E8,0.1255,10.7528,74.1892,1.0,4.4392373E9,2.393372E10,0.0608,0.0481
2015-08-03,贵人鸟,sh603555,服装家纺,福建省,40.0,36.36,40.0,38.38,38.98,13690865,5.2036511E8,0.1202,10.5873,73.0472,1.0,4.3709063E9,2.356532E10,0.0933,-0.0404
2015-08-04,贵人鸟,sh603555,服装家纺,福建省,39.58,36.56,38.12,39.12,38.38,10102325,3.86518394E8,0.0887,10.7914,74.4556,1.0,4.4551812E9,2.401968E10,0.0786,0.0262
2015-08-05,贵人鸟,sh603555,服装家纺,福建省,39.31,36.36,38.5,36.65,39.12,6775962,2.55569136E8,0.0595,10.11,69.7546,1.0,4.17388525E9,2.25031E10,0.0754,-0.048
2015-08-06,贵人鸟,sh603555,服装家纺,福建省,35.98,33.98,35.0,34.33,36.65,6060095,2.11161162E8,0.0532,9.4701,65.339,1.0,3.90967205E9,2.107862E10,0.0545,-0.0191
2015-08-07,贵人鸟,sh603555,服装家纺,福建省,35.36,34.39,34.39,35.13,34.33,4977401,1.73713182E8,0.0437,9.6907,66.8616,1.0,4.00078005E9,2.156982E10,0.0282,0.0215
2015-08-10,贵人鸟,sh603555,服装家纺,福建省,38.64,35.35,35.98,38.19,35.13,8026945,2.95711418E8,0.0705,10.5348,72.6856,1.0,4.34926815E9,2.344866E10,0.0936,0.0614
2015-08-11,贵人鸟,sh603555,服装家纺,福建省,39.8,37.5,38.1,38.86,38.19,9093198,3.54102187E8,0.0798,10.7197,73.9608,1.0,4.4255711E9,2.386004E10,0.0602,0.0199
2015-08-12,贵人鸟,sh603555,服装家纺,福建省,39.5,37.01,38.1,37.3,38.86,6435684,2.47454661E8,0.0565,10.2893,70.9917,1.0,4.2479105E9,2.29022E10,0.064,-0.0209
2015-08-13,贵人鸟,sh603555,服装家纺,福建省,39.0,35.78,37.01,38.19,37.3,6245999,2.30954304E8,0.0548,10.5348,72.6856,1.0,4.34926815E9,2.344866E10,0.0863,0.0318
2015-08-14,贵人鸟,sh603555,服装家纺,福建省,38.84,37.63,38.84,37.71,38.19,5246537,2.00096204E8,0.0461,10.4024,71.772,1.0,4.29460335E9,2.315394E10,0.0316,-0.029
2015-08-17,贵人鸟,sh603555,服装家纺,福建省,41.35,37.21,37.66,41.02,37.71,9388176,3.66072932E8,0.0824,11.3155,78.0718,1.0,4.6715627E9,2.518628E10,0.1097,0.0892
2015-08-18,贵人鸟,sh603555,服装家纺,福建省,41.67,36.92,41.2,36.92,41.02,10152071,3.99600259E8,0.0891,10.1845,70.2684,1.0,4.2046342E9,2.266888E10,0.1157,-0.1038
2015-08-19,贵人鸟,sh603555,服装家纺,福建省,37.65,33.5,34.26,37.2,36.92,6551806,2.32920874E8,0.0575,10.2618,70.8014,1.0,4.236522E9,2.28408E10,0.1124,0.0858
2015-08-20,贵人鸟,sh603555,服装家纺,福建省,38.28,35.78,36.98,36.82,37.2,6455316,2.4013961E8,0.0567,10.1569,70.0781,1.0,4.1932457E9,2.260748E10,0.0672,-0.0043
2015-08-21,贵人鸟,sh603555,服装家纺,福建省,36.85,33.8,36.08,36.19,36.82,5178559,1.8337012E8,0.0455,9.9831,68.8791,1.0,4.12149815E9,2.222066E10,0.0828,0.003
2015-08-24,贵人鸟,sh603555,服装家纺,福建省,35.0,32.57,34.04,32.57,36.19,4097766,1.3441512E8,0.036,8.9846,61.9893,1.0,3.70923445E9,1.999798E10,0.0671,-0.0431
2015-08-25,贵人鸟,sh603555,服装家纺,福建省,30.65,29.31,29.31,29.31,32.57,4372454,1.29164413E8,0.0384,8.0853,55.7846,1.0,3.33796935E9,1.799634E10,0.0411,0.0
2015-08-26,贵人鸟,sh603555,服装家纺,福建省,29.8,26.38,29.46,26.38,29.31,6613047,1.81298716E8,0.0581,7.277,50.2081,1.0,3.0042863E9,1.619732E10,0.1166,-0.1045
2015-08-27,贵人鸟,sh603555,服装家纺,福建省,28.45,23.74,26.0,26.36,26.38,5834891,1.48337616E8,0.0512,7.2715,50.17,1.0,3.0020086E9,1.618504E10,0.1785,0.0138
2015-08-28,贵人鸟,sh603555,服装家纺,福建省,28.59,25.62,26.48,28.52,26.36,7295903,1.98555518E8,0.0641,7.8673,54.281,1.0,3.2480002E9,1.751128E10,0.1126,0.077
2015-08-31,贵人鸟,sh603555,服装家纺,福建省,27.99,26.0,27.99,26.38,28.52,4591815,1.24946862E8,0.0403,7.277,50.2081,1.0,3.0042863E9,1.619732E10,0.0697,-0.0575
2015-09-01,贵人鸟,sh603555,服装家纺,福建省,25.89,23.74,25.89,23.74,26.38,3334710,8.0505777E7,0.0293,6.5488,45.1835,1.0,2.7036299E9,1.457636E10,0.0815,-0.083
2015-09-02,贵人鸟,sh603555,服装家纺,福建省,23.57,21.37,21.38,22.65,23.74,6239920,1.37633756E8,0.0548,6.2481,43.1089,1.0,2.57949525E9,1.39071E10,0.0926,0.0594
2015-09-07,贵人鸟,sh603555,服装家纺,福建省,23.93,22.2,23.0,22.23,22.65,3664713,8.4806935E7,0.0322,6.1322,42.3095,1.0,2.53166355E9,1.364922E10,0.0763,-0.0334
2015-09-08,贵人鸟,sh603555,服装家纺,福建省,23.0,20.8,22.33,22.89,22.23,4057050,8.9018083E7,0.0356,6.3143,43.5657,1.0,2.60682765E9,1.405446E10,0.0989,0.025
2015-09-09,贵人鸟,sh603555,服装家纺,福建省,24.97,22.78,23.36,24.88,22.89,6579233,1.56508E8,0.0578,6.8632,47.3532,1.0,2.8334588E9,1.527632E10,0.0956,0.065
2015-09-10,贵人鸟,sh603555,服装家纺,福建省,25.5,23.8,24.0,24.6,24.88,5493518,1.36099047E8,0.0482,6.786,46.8203,1.0,2.801571E9,1.51044E10,0.0683,0.025
2015-09-11,贵人鸟,sh603555,服装家纺,福建省,24.56,23.58,24.29,24.35,24.6,3296008,7.9562698E7,0.0289,6.717,46.3444,1.0,2.77309975E9,1.49509E10,0.0398,0.0024
2015-09-14,贵人鸟,sh603555,服装家纺,福建省,24.83,21.92,24.6,22.15,24.35,4481671,1.01623867E8,0.0394,6.1102,42.1573,1.0,2.52255275E9,1.36001E10,0.1195,-0.0995
2015-09-15,贵人鸟,sh603555,服装家纺,福建省,21.48,19.94,21.1,19.94,22.15,3778769,7.6826119E7,0.0332,5.5005,37.9511,1.0,2.2708669E9,1.224316E10,0.0695,-0.0549
2015-09-16,贵人鸟,sh603555,服装家纺,福建省,21.93,19.62,19.98,21.93,19.94,4004390,8.3144901E7,0.0352,6.0495,41.7385,1.0,2.49749805E9,1.346502E10,0.1158,0.0975
2015-09-17,贵人鸟,sh603555,服装家纺,福建省,22.53,20.95,21.5,21.55,21.93,4373538,9.5156817E7,0.0384,5.9446,41.0153,1.0,2.45422175E9,1.32317E10,0.072,0.0023
2015-09-18,贵人鸟,sh603555,服装家纺,福建省,21.93,21.03,21.39,21.7,21.55,2516146,5.4223904E7,0.0221,5.986,41.3008,1.0,2.4713045E9,1.33238E10,0.0417,0.0144
2015-09-21,贵人鸟,sh603555,服装家纺,福建省,22.67,21.02,21.15,22.6,21.7,2968205,6.5704278E7,0.0261,6.2343,43.0137,1.0,2.573801E9,1.38764E10,0.076,0.0685
2015-09-22,贵人鸟,sh603555,服装家纺,福建省,24.86,23.15,23.15,24.86,22.6,4509384,1.09880395E8,0.0396,6.8577,47.3151,1.0,2.8311811E9,1.526404E10,0.0756,0.0738
2015-09-23,贵人鸟,sh603555,服装家纺,福建省,25.65,24.45,25.15,25.12,24.86,10672099,2.66894007E8,0.0937,6.9294,47.81,1.0,2.8607912E9,1.542368E10,0.0482,-0.0011
2015-09-24,贵人鸟,sh603555,服装家纺,福建省,26.43,24.98,26.11,25.51,25.12,5716031,1.46309485E8,0.0502,7.037,48.5522,1.0,2.90520635E9,1.566314E10,0.0577,-0.0229
2015-09-25,贵人鸟,sh603555,服装家纺,福建省,25.4,23.02,25.0,23.1,25.51,4321797,1.03688795E8,0.0379,6.3722,43.9654,1.0,2.6307435E9,1.41834E10,0.0932,-0.0759
2015-09-28,贵人鸟,sh603555,服装家纺,福建省,25.41,23.35,23.42,25.41,23.1,5551522,1.38676867E8,0.0487,7.0094,48.3619,1.0,2.89381785E9,1.560174E10,0.0891,0.0849
2015-09-29,贵人鸟,sh603555,服装家纺,福建省,26.26,24.75,25.55,25.41,25.41,7744690,1.98147147E8,0.068,7.0094,48.3619,1.0,2.89381785E9,1.560174E10,0.0594,-0.0054
2015-09-30,贵人鸟,sh603555,服装家纺,福建省,25.33,23.9,25.06,24.72,25.41,3882768,9.5646603E7,0.0341,6.7286,46.6614,1.0,2.8152372E9,1.517808E10,0.0562,-0.0135
2015-10-08,贵人鸟,sh603555,服装家纺,福建省,26.77,25.0,25.3,26.22,24.72,4787849,1.24562357E8,0.042,7.1369,49.4928,1.0,2.9860647E9,1.609908E10,0.0716,0.0363
2015-10-09,贵人鸟,sh603555,服装家纺,福建省,27.49,25.8,26.37,27.36,26.22,4635932,1.24731762E8,0.0407,7.4472,51.6447,1.0,3.1158936E9,1.679904E10,0.0644,0.0375
2015-10-12,贵人鸟,sh603555,服装家纺,福建省,29.4,26.78,26.88,28.36,27.36,4042346,1.15173573E8,0.0355,7.7194,53.5323,1.0,3.2297786E9,1.741304E10,0.0957,0.055
2015-10-13,贵人鸟,sh603555,服装家纺,福建省,29.25,28.0,28.2,28.51,28.36,3230486,9.2527958E7,0.0284,7.7602,53.8154,1.0,3.24686135E9,1.750514E10,0.044,0.0109
2015-10-14,贵人鸟,sh603555,服装家纺,福建省,30.18,28.01,28.1,29.95,28.51,5648435,1.65807076E8,0.0496,8.1522,56.5336,1.0,3.41085575E9,1.83893E10,0.0761,0.0658
2015-10-15,贵人鸟,sh603555,服装家纺,福建省,30.66,29.0,29.5,30.32,29.95,6659121,1.99029299E8,0.0585,8.2529,57.232,1.0,3.4529932E9,1.861648E10,0.0554,0.0277
2015-10-16,贵人鸟,sh603555,服装家纺,福建省,32.0,30.02,30.44,30.31,30.32,6098669,1.8864624E8,0.0536,8.2502,57.2131,1.0,3.45185435E9,1.861034E10,0.0653,-0.0042
2015-10-19,贵人鸟,sh603555,服装家纺,福建省,33.34,31.0,31.0,33.34,30.31,9616346,3.18074572E8,0.0844,9.0749,62.9325,1.0,3.7969259E9,2.047076E10,0.0772,0.0754
2015-10-20,贵人鸟,sh603555,服装家纺,福建省,33.4,31.61,32.59,32.94,33.34,6644336,2.15818442E8,0.0583,8.966,62.1775,1.0,3.7513719E9,2.022516E10,0.0536,0.0107
2015-10-21,贵人鸟,sh603555,服装家纺,福建省,33.49,29.65,32.9,29.65,32.94,5628899,1.76370294E8,0.0494,8.0705,55.9673,1.0,3.37669025E9,1.82051E10,0.1165,-0.0987
2015-10-22,贵人鸟,sh603555,服装家纺,福建省,30.7,28.56,28.56,30.38,29.65,5576744,1.65930784E8,0.049,8.2692,57.3452,1.0,3.4598263E9,1.865332E10,0.0721,0.0637
2015-10-23,贵人鸟,sh603555,服装家纺,福建省,32.5,30.11,30.11,31.9,30.38,4563030,1.42574573E8,0.0401,8.6829,60.2144,1.0,3.6329315E9,1.95866E10,0.0786,0.0594
2015-10-26,贵人鸟,sh603555,服装家纺,福建省,33.3,31.05,31.92,32.78,31.9,5303919,1.6984799E8,0.0466,8.9225,61.8755,1.0,3.7331503E9,2.012692E10,0.0705,0.0269
2015-10-27,贵人鸟,sh603555,服装家纺,福建省,32.66,30.7,32.2,32.08,32.78,3939986,1.2558893E8,0.0346,8.7319,60.5541,1.0,3.6534308E9,1.969712E10,0.0597,-0.0037
2015-10-28,贵人鸟,sh603555,服装家纺,福建省,32.49,30.16,32.1,30.47,32.08,2818359,8.8604952E7,0.0247,8.2937,57.5151,1.0,3.47007595E9,1.870858E10,0.0726,-0.0507
2015-10-29,贵人鸟,sh603555,服装家纺,福建省,31.95,29.61,30.51,30.98,30.47,3759312,1.16776104E8,0.033,8.4325,58.4778,1.0,3.5281573E9,1.902172E10,0.0767,0.0154
2015-10-30,贵人鸟,sh603555,服装家纺,福建省,31.79,29.8,30.92,30.92,30.98,3427541,1.06432957E8,0.0301,8.4162,58.3645,1.0,3.5213242E9,1.898488E10,0.0642,0.0
2015-11-02,贵人鸟,sh603555,服装家纺,福建省,31.78,29.28,30.0,30.52,30.92,2631633,8.1567948E7,0.0231,8.3073,57.6095,1.0,3.4757702E9,1.873928E10,0.0808,0.0173
2015-11-03,贵人鸟,sh603555,服装家纺,福建省,30.99,30.0,30.64,30.7,30.52,1542385,4.7159529E7,0.0135,8.3563,57.9493,1.0,3.4962695E9,1.88498E10,0.0324,0.0019
2015-11-04,贵人鸟,sh603555,服装家纺,福建省,32.95,30.69,30.7,32.91,30.7,4392091,1.41758356E8,0.0386,8.9579,62.1208,1.0,3.74795535E9,2.020674E10,0.0736,0.0719
2015-11-05,贵人鸟,sh603555,服装家纺,福建省,35.4,32.33,32.91,32.87,32.91,7763611,2.59543233E8,0.0682,8.947,62.0453,1.0,3.74339995E9,2.018218E10,0.0932,-0.0012
2015-11-06,贵人鸟,sh603555,服装家纺,福建省,34.8,32.46,32.87,34.79,32.87,5655025,1.93158062E8,0.0497,9.4696,65.6695,1.0,3.96205915E9,2.136106E10,0.0711,0.0584
2015-11-09,贵人鸟,sh603555,服装家纺,福建省,35.89,34.4,34.4,35.47,34.79,3847177,1.35569234E8,0.0338,9.6547,66.9531,1.0,4.03950095E9,2.177858E10,0.0428,0.0311
2015-11-10,贵人鸟,sh603555,服装家纺,福建省,39.02,34.8,35.4,39.02,35.47,6206906,2.33410662E8,0.0545,10.6209,73.6541,1.0,4.4437927E9,2.395828E10,0.1189,0.1022
2015-11-11,贵人鸟,sh603555,服装家纺,福建省,40.3,37.79,39.02,39.86,39.02,4704705,1.83187624E8,0.0413,10.8496,75.2397,1.0,4.5394561E9,2.447404E10,0.0643,0.0215
2015-11-12,贵人鸟,sh603555,服装家纺,福建省,40.69,39.12,39.9,39.73,39.86,3993911,1.59991199E8,0.0351,10.8142,74.9943,1.0,4.52465105E9,2.439422E10,0.0393,-0.0042
2015-11-13,贵人鸟,sh603555,服装家纺,福建省,39.6,36.5,39.4,37.73,39.73,3614004,1.37748159E8,0.0317,10.2698,71.2191,1.0,4.29688105E9,2.316622E10,0.078,-0.0423
2015-11-16,贵人鸟,sh603555,服装家纺,福建省,0.0,0.0,0.0,37.73,37.73,0,0.0,0.0,10.2698,71.2191,1.0,4.29688105E9,2.316622E10,0.0,0.0
2015-11-17,贵人鸟,sh603555,服装家纺,福建省,0.0,0.0,0.0,37.73,37.73,0,0.0,0.0,10.2698,71.2191,1.0,4.29688105E9,2.316622E10,0.0,0.0
2015-11-18,贵人鸟,sh603555,服装家纺,福建省,0.0,0.0,0.0,37.73,37.73,0,0.0,0.0,10.2698,71.2191,1.0,4.29688105E9,2.316622E10,0.0,0.0
2015-11-19,贵人鸟,sh603555,服装家纺,福建省,0.0,0.0,0.0,37.73,37.73,0,0.0,0.0,10.2698,71.2191,1.0,4.29688105E9,2.316622E10,0.0,0.0
2015-11-20,贵人鸟,sh603555,服装家纺,福建省,0.0,0.0,0.0,37.73,37.73,0,0.0,0.0,10.2698,71.2191,1.0,4.29688105E9,2.316622E10,0.0,0.0
2015-11-23,贵人鸟,sh603555,服装家纺,福建省,41.5,39.0,41.5,40.2,37.73,7935077,3.20607511E8,0.0697,10.9421,75.8814,1.0,4.578177E9,2.46828E10,0.0662,-0.0313
2015-11-24,贵人鸟,sh603555,服装家纺,福建省,39.7,37.2,39.7,38.49,40.2,4121449,1.56719355E8,0.0362,10.4767,72.6536,1.0,4.38343365E9,2.363286E10,0.0621,-0.0304
2015-11-25,贵人鸟,sh603555,服装家纺,福建省,39.55,38.0,38.25,39.05,38.49,2938602,1.13889227E8,0.0258,10.6291,73.7107,1.0,4.44720925E9,2.39767E10,0.0402,0.0209
2015-11-26,贵人鸟,sh603555,服装家纺,福建省,41.47,38.61,38.78,39.46,39.05,3075051,1.23340657E8,0.027,10.7407,74.4846,1.0,4.4939021E9,2.422844E10,0.0732,0.0175
2015-11-27,贵人鸟,sh603555,服装家纺,福建省,39.15,36.05,39.01,36.46,39.46,2414308,9.0978173E7,0.0212,9.9241,68.8218,1.0,4.1522471E9,2.238644E10,0.0785,-0.0653
2015-11-30,贵人鸟,sh603555,服装家纺,福建省,37.0,32.81,36.42,34.5,36.46,4647230,1.57538664E8,0.0408,9.3906,65.1221,1.0,3.9290325E9,2.1183E10,0.1149,-0.0527
2015-12-01,贵人鸟,sh603555,服装家纺,福建省,35.98,33.4,33.49,34.39,34.5,3395027,1.16650084E8,0.0298,9.3607,64.9145,1.0,3.91650515E9,2.111546E10,0.0747,0.0268
2015-12-02,贵人鸟,sh603555,服装家纺,福建省,34.36,31.45,34.36,32.19,34.39,2893402,9.4363476E7,0.0254,8.7619,60.7618,1.0,3.66595815E9,1.976466E10,0.0846,-0.0631
2015-12-03,贵人鸟,sh603555,服装家纺,福建省,34.28,32.2,32.2,33.66,32.19,2535553,8.4586246E7,0.0223,9.162,63.5365,1.0,3.8333691E9,2.066724E10,0.0646,0.0453
2015-12-04,贵人鸟,sh603555,服装家纺,福建省,34.0,32.5,33.62,33.29,33.66,2519403,8.4218109E7,0.0221,9.0613,62.8381,1.0,3.79123165E9,2.044006E10,0.0445,-0.0098
2015-12-07,贵人鸟,sh603555,服装家纺,福建省,35.49,33.33,33.53,35.05,33.29,3100504,1.07034919E8,0.0272,9.5403,66.1603,1.0,3.99166925E9,2.15207E10,0.0648,0.0453
2015-12-08,贵人鸟,sh603555,服装家纺,福建省,34.6,33.01,34.6,33.53,35.05,2674427,9.0480145E7,0.0235,9.1266,63.2912,1.0,3.81856405E9,2.058742E10,0.0453,-0.0309
2015-12-09,贵人鸟,sh603555,服装家纺,福建省,34.47,32.5,33.5,33.83,33.53,1985869,6.689614E7,0.0174,9.2083,63.8574,1.0,3.85272955E9,2.077162E10,0.0587,0.0098
2015-12-10,贵人鸟,sh603555,服装家纺,福建省,34.58,33.35,33.5,33.44,33.83,1699746,5.7955451E7,0.0149,9.1021,63.1213,1.0,3.8083144E9,2.053216E10,0.0363,-0.0017
2015-12-11,贵人鸟,sh603555,服装家纺,福建省,33.38,31.5,33.38,31.93,33.44,2645403,8.5203403E7,0.0232,8.6911,60.271,1.0,3.63634805E9,1.960502E10,0.0562,-0.0434
2015-12-14,贵人鸟,sh603555,服装家纺,福建省,32.7,31.24,31.8,32.65,31.93,1976291,6.3112313E7,0.0174,8.8871,61.6301,1.0,3.71834525E9,2.00471E10,0.0457,0.0267
2015-12-15,贵人鸟,sh603555,服装家纺,福建省,33.84,32.66,32.9,33.42,32.65,1916898,6.397966E7,0.0168,9.0967,63.0835,1.0,3.8060367E9,2.051988E10,0.0361,0.0158
2015-12-16,贵人鸟,sh603555,服装家纺,福建省,34.45,33.58,33.58,34.11,33.42,2544615,8.6609075E7,0.0223,9.2845,64.386,1.0,3.88461735E9,2.094354E10,0.026,0.0157
2015-12-17,贵人鸟,sh603555,服装家纺,福建省,37.25,34.05,34.05,36.13,34.11,4508075,1.61559704E8,0.0396,9.8343,68.1989,1.0,4.11466505E9,2.218382E10,0.0938,0.061
2015-12-18,贵人鸟,sh603555,服装家纺,福建省,36.48,35.0,35.8,35.57,36.13,2950104,1.04925666E8,0.0259,9.6819,67.1419,1.0,4.05088945E9,2.183998E10,0.0409,-0.0064
2015-12-21,贵人鸟,sh603555,服装家纺,福建省,35.86,34.34,35.22,35.57,35.57,1841542,6.4606987E7,0.0162,9.6819,67.1419,1.0,4.05088945E9,2.183998E10,0.0427,0.0099
2015-12-22,贵人鸟,sh603555,服装家纺,福建省,37.79,35.2,35.5,37.29,35.57,3605663,1.31896233E8,0.0317,10.1501,70.3885,1.0,4.24677165E9,2.289606E10,0.0728,0.0504
2015-12-23,贵人鸟,sh603555,服装家纺,福建省,39.01,37.3,37.4,37.69,37.29,5339170,2.04352496E8,0.0469,10.2589,71.1436,1.0,4.29232565E9,2.314166E10,0.0458,0.0077
2015-12-24,贵人鸟,sh603555,服装家纺,福建省,37.67,36.03,36.85,36.59,37.69,2282059,8.347936E7,0.02,9.9595,69.0672,1.0,4.16705215E9,2.246626E10,0.0435,-0.007
2015-12-25,贵人鸟,sh603555,服装家纺,福建省,37.98,36.61,36.81,37.0,36.59,1543526,5.7489282E7,0.0136,10.0711,69.8411,1.0,4.213745E9,2.2718E10,0.0374,0.0051
2015-12-28,贵人鸟,sh603555,服装家纺,福建省,37.8,35.65,37.5,35.81,37.0,1990781,7.3290501E7,0.0175,9.7472,67.5949,1.0,4.07822185E9,2.198734E10,0.0581,-0.045
2015-12-29,贵人鸟,sh603555,服装家纺,福建省,36.34,34.7,35.88,35.76,35.81,1812280,6.3830215E7,0.0159,9.7336,67.5005,1.0,4.0725276E9,2.195664E10,0.0457,-0.0033
2015-12-30,贵人鸟,sh603555,服装家纺,福建省,36.26,35.29,35.9,35.77,35.76,2022578,7.2310114E7,0.0178,9.7363,67.5194,1.0,4.07366645E9,2.196278E10,0.0271,-0.0036
2015-12-31,贵人鸟,sh603555,服装家纺,福建省,36.34,34.77,35.79,35.43,35.77,2157123,7.6732382E7,0.0189,9.6438,66.8776,1.0,4.03494555E9,2.175402E10,0.0438,-0.01
2016-01-04,贵人鸟,sh603555,服装家纺,福建省,35.68,31.95,34.96,32.01,35.43,1467975,4.9810039E7,0.0129,8.7129,60.422,1.0,3.64545885E9,1.965414E10,0.1052,-0.0843
2016-01-05,贵人鸟,sh603555,服装家纺,福建省,32.54,29.95,29.95,31.15,32.01,2471380,7.6880972E7,0.0217,8.4788,58.7987,1.0,3.54751775E9,1.91261E10,0.0809,0.04
2016-01-06,贵人鸟,sh603555,服装家纺,福建省,32.08,31.15,31.52,32.0,31.15,1423913,4.5204736E7,0.0125,8.7102,60.4031,1.0,3.64432E9,1.9648E10,0.0298,0.0152
2016-01-07,贵人鸟,sh603555,服装家纺,福建省,31.7,28.8,31.3,28.86,32.0,331112,9975957.0,0.0029,7.8555,54.4761,1.0,3.2867211E9,1.772004E10,0.0906,-0.0779
2016-01-08,贵人鸟,sh603555,服装家纺,福建省,30.93,26.01,29.11,29.12,28.86,2757286,7.997297E7,0.0242,7.9262,54.9669,1.0,3.3163312E9,1.787968E10,0.1704,3.0E-4
2016-01-11,贵人鸟,sh603555,服装家纺,福建省,28.5,26.21,28.41,26.21,29.12,2073185,5.6198661E7,0.0182,7.1342,49.4739,1.0,2.98492585E9,1.609294E10,0.0786,-0.0774
2016-01-12,贵人鸟,sh603555,服装家纺,福建省,26.8,24.64,26.21,26.0,26.21,2373286,6.1466494E7,0.0208,7.077,49.0775,1.0,2.96101E9,1.5964E10,0.0824,-0.008
2016-01-13,贵人鸟,sh603555,服装家纺,福建省,26.89,25.88,26.49,26.02,26.0,1932041,5.084212E7,0.017,7.0824,49.1153,1.0,2.9632877E9,1.597628E10,0.0388,-0.0177
2016-01-14,贵人鸟,sh603555,服装家纺,福建省,27.24,24.7,25.12,27.06,26.02,1783258,4.6553223E7,0.0157,7.3655,51.0784,1.0,3.0817281E9,1.661484E10,0.0976,0.0772
2016-01-15,贵人鸟,sh603555,服装家纺,福建省,27.97,25.2,27.0,26.26,27.06,2165874,5.7739443E7,0.019,7.1478,49.5683,1.0,2.9906201E9,1.612364E10,0.1023,-0.0274
2016-01-18,贵人鸟,sh603555,服装家纺,福建省,27.5,24.72,25.5,26.39,26.26,1627598,4.3288584E7,0.0143,7.1832,49.8137,1.0,3.00542515E9,1.620346E10,0.1058,0.0349
2016-01-19,贵人鸟,sh603555,服装家纺,福建省,27.6,26.33,26.33,27.58,26.39,1839416,4.9558006E7,0.0162,7.5071,52.06,1.0,3.1409483E9,1.693412E10,0.0481,0.0474
2016-01-20,贵人鸟,sh603555,服装家纺,福建省,27.9,26.87,27.18,27.16,27.58,1203571,3.2826244E7,0.0106,7.3927,51.2672,1.0,3.0931166E9,1.667624E10,0.0373,-7.0E-4
2016-01-21,贵人鸟,sh603555,服装家纺,福建省,27.48,25.66,26.55,26.58,27.16,1471657,3.9096729E7,0.0129,7.2349,50.1724,1.0,3.0270633E9,1.632012E10,0.067,0.0011
2016-01-22,贵人鸟,sh603555,服装家纺,福建省,26.87,25.32,26.5,26.29,26.58,1554761,4.0697883E7,0.0137,7.1559,49.625,1.0,2.99403665E9,1.614206E10,0.0583,-0.0079
2016-01-25,贵人鸟,sh603555,服装家纺,福建省,26.78,26.0,26.1,26.38,26.29,1644207,4.3336328E7,0.0144,7.1804,49.7948,1.0,3.0042863E9,1.619732E10,0.0296,0.0107
2016-01-26,贵人鸟,sh603555,服装家纺,福建省,25.97,23.74,25.76,23.85,26.38,2489661,6.1128192E7,0.0219,6.4918,45.0192,1.0,2.71615725E9,1.46439E10,0.0845,-0.0741
2016-01-27,贵人鸟,sh603555,服装家纺,福建省,23.98,21.47,23.77,23.58,23.85,2092374,4.6635098E7,0.0184,6.4183,44.5096,1.0,2.6854083E9,1.447812E10,0.1052,-0.0079
2016-01-28,贵人鸟,sh603555,服装家纺,福建省,22.8,21.23,22.5,21.28,23.58,1466563,3.2295794E7,0.0129,5.7923,40.1681,1.0,2.4234728E9,1.306592E10,0.0665,-0.0542
2016-01-29,贵人鸟,sh603555,服装家纺,福建省,22.25,20.64,20.64,21.89,21.28,1412854,3.0636594E7,0.0124,5.9583,41.3195,1.0,2.49294265E9,1.344046E10,0.0756,0.0605
2016-02-01,贵人鸟,sh603555,服装家纺,福建省,23.11,21.78,23.0,22.68,21.89,1982512,4.4197982E7,0.0174,6.1733,42.8107,1.0,2.5829118E9,1.392552E10,0.0607,-0.0139
2016-02-02,贵人鸟,sh603555,服装家纺,福建省,23.5,22.71,22.71,23.31,22.68,1039865,2.420551E7,0.0091,6.3448,43.9999,1.0,2.65465935E9,1.431234E10,0.0348,0.0264
2016-02-03,贵人鸟,sh603555,服装家纺,福建省,23.24,22.39,23.0,22.93,23.31,1126013,2.5798463E7,0.0099,6.2414,43.2826,1.0,2.61138305E9,1.407902E10,0.0364,-0.003
2016-02-04,贵人鸟,sh603555,服装家纺,福建省,25.15,23.01,23.43,24.42,22.93,1769091,4.3189512E7,0.0155,6.6469,46.0951,1.0,2.7810717E9,1.499388E10,0.0933,0.0422
2016-02-05,贵人鸟,sh603555,服装家纺,福建省,25.45,24.46,24.6,24.88,24.42,1648082,4.1204772E7,0.0145,6.7721,46.9634,1.0,2.8334588E9,1.527632E10,0.0405,0.0113
2016-02-15,贵人鸟,sh603555,服装家纺,福建省,24.99,23.4,23.4,24.55,24.88,2233093,5.3318237E7,0.0196,6.6823,46.3405,1.0,2.79587675E9,1.50737E10,0.0639,0.0491
2016-02-16,贵人鸟,sh603555,服装家纺,福建省,26.76,24.5,24.55,26.71,24.55,2211897,5.7209677E7,0.0194,7.2703,50.4177,1.0,3.04186835E9,1.639994E10,0.092,0.0879
2016-02-17,贵人鸟,sh603555,服装家纺,福建省,26.85,25.92,26.85,26.61,26.71,1392996,3.6582035E7,0.0122,7.243,50.229,1.0,3.03047985E9,1.633854E10,0.0348,-0.0089
2016-02-18,贵人鸟,sh603555,服装家纺,福建省,27.65,26.56,26.7,27.06,26.61,2744711,7.4265755E7,0.0241,7.3655,51.0784,1.0,3.0817281E9,1.661484E10,0.0409,0.0134
2016-02-19,贵人鸟,sh603555,服装家纺,福建省,28.03,26.69,26.69,27.58,27.06,1920393,5.273827E7,0.0169,7.5071,52.06,1.0,3.1409483E9,1.693412E10,0.0495,0.0333
2016-02-22,贵人鸟,sh603555,服装家纺,福建省,29.39,27.78,27.78,28.77,27.58,1542330,4.4233417E7,0.0135,7.831,54.3062,1.0,3.27647145E9,1.766478E10,0.0583,0.0356
2016-02-23,贵人鸟,sh603555,服装家纺,福建省,29.31,28.1,28.7,28.9,28.77,1226383,3.5340419E7,0.0108,7.8664,54.5516,1.0,3.2912765E9,1.77446E10,0.042,0.0069
2016-02-24,贵人鸟,sh603555,服装家纺,福建省,29.28,27.4,28.8,28.68,28.9,2282015,6.4314773E7,0.02,7.8065,54.1363,1.0,3.2662218E9,1.760952E10,0.065,-0.0041
2016-02-25,贵人鸟,sh603555,服装家纺,福建省,28.6,25.81,28.59,25.81,28.68,1838100,4.9906627E7,0.0161,7.0253,48.7189,1.0,2.93937185E9,1.584734E10,0.0972,-0.0972
2016-02-26,贵人鸟,sh603555,服装家纺,福建省,26.75,24.0,25.81,25.84,25.81,2487499,6.2506167E7,0.0218,7.0335,48.7755,1.0,2.9427884E9,1.586576E10,0.1065,0.0011
2016-02-29,贵人鸟,sh603555,服装家纺,福建省,24.84,23.26,24.84,23.27,25.84,2128967,5.0157011E7,0.0187,6.3339,43.9244,1.0,2.65010395E9,1.428778E10,0.0611,-0.0632
2016-03-01,贵人鸟,sh603555,服装家纺,福建省,24.27,22.58,23.2,23.92,23.27,1602514,3.7529367E7,0.0141,6.5108,45.1513,1.0,2.7241292E9,1.468688E10,0.0726,0.031
2016-03-02,贵人鸟,sh603555,服装家纺,福建省,25.45,23.5,23.8,25.44,23.92,2418768,5.9287274E7,0.0212,6.9246,48.0205,1.0,2.8972344E9,1.562016E10,0.0815,0.0689
2016-03-03,贵人鸟,sh603555,服装家纺,福建省,26.4,25.03,25.2,25.49,25.44,2459210,6.3693579E7,0.0216,6.9382,48.1149,1.0,2.90292865E9,1.565086E10,0.0538,0.0115
2016-03-04,贵人鸟,sh603555,服装家纺,福建省,25.9,23.2,25.68,23.85,25.49,1837285,4.4823867E7,0.0161,6.4918,45.0192,1.0,2.71615725E9,1.46439E10,0.1059,-0.0712
2016-03-07,贵人鸟,sh603555,服装家纺,福建省,24.95,23.85,23.85,24.23,23.85,1686537,4.1044196E7,0.0148,6.5952,45.7365,1.0,2.75943355E9,1.487722E10,0.0461,0.0159
2016-03-08,贵人鸟,sh603555,服装家纺,福建省,24.01,22.81,24.01,23.85,24.23,1858322,4.363495E7,0.0163,6.4918,45.0192,1.0,2.71615725E9,1.46439E10,0.0495,-0.0066
2016-03-09,贵人鸟,sh603555,服装家纺,福建省,24.3,22.56,23.5,23.86,23.85,1449346,3.4236494E7,0.0127,6.4945,45.0381,1.0,2.7172961E9,1.465004E10,0.0729,0.0153
2016-03-10,贵人鸟,sh603555,服装家纺,福建省,24.5,23.38,23.38,23.41,23.86,978017,2.3430701E7,0.0086,6.372,44.1887,1.0,2.66604785E9,1.437374E10,0.0469,0.0012
2016-03-11,贵人鸟,sh603555,服装家纺,福建省,23.6,22.85,23.14,23.39,23.41,759175,1.7625841E7,0.0067,6.3666,44.1509,1.0,2.66377015E9,1.436146E10,0.032,0.0108
2016-03-14,贵人鸟,sh603555,服装家纺,福建省,25.09,23.65,23.65,24.48,23.39,1792619,4.4108645E7,0.0157,6.6633,46.2084,1.0,2.7879048E9,1.503072E10,0.0615,0.035
2016-03-15,贵人鸟,sh603555,服装家纺,福建省,26.18,24.4,24.7,26.07,24.48,2345773,5.8823476E7,0.0206,7.0961,49.2097,1.0,2.96898195E9,1.600698E10,0.0727,0.0554
2016-03-16,贵人鸟,sh603555,服装家纺,福建省,26.0,25.02,25.83,25.31,26.07,1526627,3.8937602E7,0.0134,6.8892,47.7751,1.0,2.88242935E9,1.554034E10,0.0375,-0.0201
2016-03-17,贵人鸟,sh603555,服装家纺,福建省,26.6,25.05,25.65,26.4,25.31,2505494,6.5209234E7,0.022,7.1859,49.8326,1.0,3.006564E9,1.62096E10,0.0612,0.0292
2016-03-18,贵人鸟,sh603555,服装家纺,福建省,27.87,26.4,26.4,27.2,26.4,2301781,6.3052487E7,0.0202,7.4036,51.3427,1.0,3.097672E9,1.67008E10,0.0556,0.0303
2016-03-21,贵人鸟,sh603555,服装家纺,福建省,28.65,27.21,27.21,28.62,27.2,2625420,7.3458542E7,0.0231,7.7901,54.0231,1.0,3.2593887E9,1.757268E10,0.0529,0.0518
2016-03-22,贵人鸟,sh603555,服装家纺,福建省,28.62,27.51,28.42,28.02,28.62,2332843,6.5385663E7,0.0205,7.6268,52.8905,1.0,3.1910577E9,1.720428E10,0.0387,-0.014
2016-03-23,贵人鸟,sh603555,服装家纺,福建省,28.19,27.01,27.81,28.11,28.02,2231200,6.1399983E7,0.0196,7.6513,53.0604,1.0,3.20130735E9,1.725954E10,0.0421,0.0107
2016-03-24,贵人鸟,sh603555,服装家纺,福建省,28.11,27.07,27.87,27.1,28.11,1773406,4.8740981E7,0.0156,7.3764,51.1539,1.0,3.0862835E9,1.66394E10,0.0369,-0.0276
2016-03-25,贵人鸟,sh603555,服装家纺,福建省,27.85,26.83,27.05,27.34,27.1,1398003,3.8473902E7,0.0123,7.4417,51.6069,1.0,3.1136159E9,1.678676E10,0.0376,0.0107
2016-03-28,贵人鸟,sh603555,服装家纺,福建省,29.9,27.49,27.49,27.76,27.34,3111981,8.8261253E7,0.0273,7.5561,52.3997,1.0,3.1614476E9,1.704464E10,0.0881,0.0098
2016-03-29,贵人鸟,sh603555,服装家纺,福建省,27.76,26.28,27.0,26.56,27.76,2369352,6.3722788E7,0.0208,7.2294,50.1346,1.0,3.0247856E9,1.630784E10,0.0533,-0.0162
2016-03-30,贵人鸟,sh603555,服装家纺,福建省,27.64,26.67,27.02,27.54,26.56,2023779,5.503631E7,0.0178,7.4962,51.9844,1.0,3.1363929E9,1.690956E10,0.0365,0.0192
2016-03-31,贵人鸟,sh603555,服装家纺,福建省,28.67,27.5,27.5,27.72,27.54,2321952,6.511266E7,0.0204,7.5452,52.3242,1.0,3.1568922E9,1.702008E10,0.0424,0.0079
2016-04-01,贵人鸟,sh603555,服装家纺,福建省,27.95,26.83,27.54,27.17,27.72,1634358,4.4428099E7,0.0144,7.3955,51.286,1.0,3.09425545E9,1.668238E10,0.0404,-0.0134
2016-04-05,贵人鸟,sh603555,服装家纺,福建省,28.48,27.01,27.15,28.4,27.17,2382550,6.6711588E7,0.0209,7.7303,53.6078,1.0,3.234334E9,1.74376E10,0.0541,0.046
2016-04-06,贵人鸟,sh603555,服装家纺,福建省,28.94,28.15,28.43,28.91,28.4,2709200,7.7737578E7,0.0238,7.8691,54.5705,1.0,3.29241535E9,1.775074E10,0.0278,0.0168
2016-04-07,贵人鸟,sh603555,服装家纺,福建省,30.0,28.64,28.89,29.91,28.91,4216478,1.24445365E8,0.037,8.1413,56.4581,1.0,3.40630035E9,1.836474E10,0.047,0.0353
2016-04-08,贵人鸟,sh603555,服装家纺,福建省,29.92,28.61,29.92,28.83,29.91,4410547,1.2933428E8,0.0387,7.8473,54.4194,1.0,3.28330455E9,1.770162E10,0.0437,-0.0364
