2016-04-08
2014-12-11,华电重工,sh601226,专业工程,未知位置,14.4,12.0,12.0,14.4,10.0,125400,1798320.0,8.0E-4,5.4965,28.9959,0.6638084,2.16E9,1.1088E10,0.24,0.2
2014-12-12,华电重工,sh601226,专业工程,未知位置,15.84,15.84,15.84,15.84,14.4,59500,942480.0,4.0E-4,6.0462,31.8955,0.6638084,2.376E9,1.21968E10,0.0,0.0
2014-12-15,华电重工,sh601226,专业工程,未知位置,17.42,17.42,17.42,17.42,15.84,104400,1818648.0,7.0E-4,6.6493,35.077,0.6638084,2.613E9,1.34134E10,0.0,0.0
2014-12-16,华电重工,sh601226,专业工程,未知位置,19.16,19.16,19.16,19.16,17.42,166700,3193972.0,0.0011,7.3134,38.5807,0.6638084,2.874E9,1.47532E10,0.0,0.0
2014-12-17,华电重工,sh601226,专业工程,未知位置,21.08,20.02,21.08,21.08,19.16,67243710,1.390518953E9,0.4483,8.0463,42.4468,0.6638084,3.162E9,1.62316E10,0.0553,0.0
2014-12-18,华电重工,sh601226,专业工程,未知位置,23.19,20.51,20.94,23.19,21.08,45376414,1.01401288E9,0.3025,8.8517,46.6955,0.6638084,3.4785E9,1.78563E10,0.1271,0.1074
2014-12-19,华电重工,sh601226,专业工程,未知位置,25.51,23.36,24.0,24.26,23.19,82847626,2.053547416E9,0.5523,9.2601,48.85,0.6638084,3.639E9,1.86802E10,0.0927,0.0108
2014-12-22,华电重工,sh601226,专业工程,未知位置,22.4,21.83,22.4,21.83,24.26,11304411,2.49521858E8,0.0754,8.3326,43.957,0.6638084,3.2745E9,1.68091E10,0.0234,-0.0254
2014-12-23,华电重工,sh601226,专业工程,未知位置,22.49,19.65,19.65,19.98,21.83,57428014,1.167131732E9,0.3829,7.6264,40.2318,0.6638084,2.997E9,1.53846E10,0.13,0.0167
2014-12-24,华电重工,sh601226,专业工程,未知位置,20.73,19.3,19.8,20.3,19.98,35723840,7.17341623E8,0.2382,7.7486,40.8762,0.6638084,3.045E9,1.5631E10,0.0715,0.0252
2014-12-25,华电重工,sh601226,专业工程,未知位置,21.66,19.52,20.0,20.91,20.3,40216911,8.32595651E8,0.2681,7.9814,42.1045,0.6638084,3.1365E9,1.61007E10,0.1054,0.0455
2014-12-26,华电重工,sh601226,专业工程,未知位置,20.96,20.14,20.4,20.39,20.91,32001126,6.52936114E8,0.2133,7.7829,41.0574,0.6638084,3.0585E9,1.57003E10,0.0392,-4.0E-4
2014-12-29,华电重工,sh601226,专业工程,未知位置,20.19,18.89,20.19,19.29,20.39,29562487,5.74591486E8,0.1971,7.363,38.8424,0.6638084,2.8935E9,1.48533E10,0.0637,-0.0445
2014-12-30,华电重工,sh601226,专业工程,未知位置,19.78,18.39,19.51,18.48,19.29,21229760,4.02852996E8,0.1415,7.0539,37.2114,0.6638084,2.772E9,1.42296E10,0.072,-0.0527
2014-12-31,华电重工,sh601226,专业工程,未知位置,18.83,18.03,18.39,18.56,18.48,14036834,2.58675284E8,0.0936,4.0357,39.3022,0.6638084,2.784E9,1.42912E10,0.0432,0.0092
2015-01-05,华电重工,sh601226,专业工程,未知位置,18.5,18.01,18.43,18.21,18.56,15803542,2.87859639E8,0.1054,3.9596,38.5611,0.6638084,2.7315E9,1.40217E10,0.0264,-0.0119
2015-01-06,华电重工,sh601226,专业工程,未知位置,19.12,17.8,18.08,18.85,18.21,24014130,4.4711077E8,0.1601,4.0987,39.9163,0.6638084,2.8275E9,1.45145E10,0.0724,0.0425
2015-01-07,华电重工,sh601226,专业工程,未知位置,18.86,18.21,18.77,18.39,18.85,13904360,2.56332452E8,0.0927,3.9987,38.9422,0.6638084,2.7585E9,1.41603E10,0.0344,-0.0202
2015-01-08,华电重工,sh601226,专业工程,未知位置,18.88,18.11,18.22,18.26,18.39,14775864,2.73651148E8,0.0985,3.9704,38.667,0.6638084,2.739E9,1.40602E10,0.0418,0.0021
2015-01-09,华电重工,sh601226,专业工程,未知位置,18.83,18.1,18.15,18.57,18.26,18241694,3.37594027E8,0.1216,4.0378,39.3234,0.6638084,2.7855E9,1.42989E10,0.0399,0.0231
2015-01-12,华电重工,sh601226,专业工程,未知位置,18.55,17.25,18.55,17.3,18.57,17033584,3.03104768E8,0.1136,3.7617,36.6341,0.6638084,2.595E9,1.3321E10,0.07,-0.0673
2015-01-13,华电重工,sh601226,专业工程,未知位置,17.58,17.04,17.11,17.24,17.3,8543232,1.47495586E8,0.057,3.7486,36.507,0.6638084,2.586E9,1.32748E10,0.0312,0.0075
2015-01-14,华电重工,sh601226,专业工程,未知位置,17.67,17.2,17.24,17.53,17.24,9566389,1.67097239E8,0.0638,3.8117,37.1211,0.6638084,2.6295E9,1.34981E10,0.0272,0.0168
2015-01-15,华电重工,sh601226,专业工程,未知位置,18.06,17.18,17.54,17.61,17.53,11286778,1.99050648E8,0.0752,3.8291,37.2905,0.6638084,2.6415E9,1.35597E10,0.0501,0.0039
2015-01-16,华电重工,sh601226,专业工程,未知位置,18.25,17.4,17.5,17.89,17.61,13423886,2.4036111E8,0.0895,3.89,37.8835,0.6638084,2.6835E9,1.37753E10,0.0482,0.0222
2015-01-19,华电重工,sh601226,专业工程,未知位置,18.26,17.11,17.28,17.42,17.89,16014551,2.8409097E8,0.1068,3.7878,36.8882,0.6638084,2.613E9,1.34134E10,0.0642,0.0081
2015-01-20,华电重工,sh601226,专业工程,未知位置,18.68,17.47,17.47,18.62,17.42,23268974,4.24454553E8,0.1551,4.0487,39.4293,0.6638084,2.793E9,1.43374E10,0.0694,0.0658
2015-01-21,华电重工,sh601226,专业工程,未知位置,18.87,18.38,18.6,18.72,18.62,19752713,3.66863488E8,0.1317,4.0704,39.641,0.6638084,2.808E9,1.44144E10,0.0263,0.0064
2015-01-22,华电重工,sh601226,专业工程,未知位置,19.48,18.6,18.83,19.18,18.72,22094740,4.21073224E8,0.1473,4.1705,40.6151,0.6638084,2.877E9,1.47686E10,0.047,0.0185
2015-01-23,华电重工,sh601226,专业工程,未知位置,19.2,18.5,19.2,18.59,19.18,14690839,2.75752594E8,0.0979,4.0422,39.3658,0.6638084,2.7885E9,1.43143E10,0.0364,-0.0317
2015-01-26,华电重工,sh601226,专业工程,未知位置,18.75,18.4,18.45,18.62,18.59,7927349,1.4691736E8,0.0528,4.0487,39.4293,0.6638084,2.793E9,1.43374E10,0.0188,0.0092
2015-01-27,华电重工,sh601226,专业工程,未知位置,18.65,18.11,18.55,18.29,18.62,9312421,1.70902123E8,0.0621,3.9769,38.7305,0.6638084,2.7435E9,1.40833E10,0.029,-0.014
2015-01-28,华电重工,sh601226,专业工程,未知位置,18.48,17.93,18.19,18.14,18.29,6742366,1.22968525E8,0.0449,3.9443,38.4129,0.6638084,2.721E9,1.39678E10,0.03,-0.0027
2015-01-29,华电重工,sh601226,专业工程,未知位置,18.19,17.91,18.01,17.93,18.14,6037519,1.08693682E8,0.0403,3.8987,37.9682,0.6638084,2.6895E9,1.38061E10,0.0154,-0.0044
2015-01-30,华电重工,sh601226,专业工程,未知位置,19.72,17.94,18.06,19.72,17.93,18005306,3.46337089E8,0.12,4.2879,41.7586,0.6638084,2.958E9,1.51844E10,0.0992,0.0919
2015-02-02,华电重工,sh601226,专业工程,未知位置,20.78,19.4,20.09,19.76,19.72,40336280,8.08643942E8,0.2689,4.2966,41.8433,0.6638084,2.964E9,1.52152E10,0.0699,-0.0164
2015-02-03,华电重工,sh601226,专业工程,未知位置,19.49,18.88,19.11,19.2,19.76,19671050,3.75935563E8,0.1311,4.1748,40.6575,0.6638084,2.88E9,1.4784E10,0.0308,0.0047
2015-02-04,华电重工,sh601226,专业工程,未知位置,19.37,18.55,19.26,18.67,19.2,12761127,2.41951778E8,0.0851,4.0596,39.5352,0.6638084,2.8005E9,1.43759E10,0.0427,-0.0306
2015-02-05,华电重工,sh601226,专业工程,未知位置,18.97,18.42,18.8,18.45,18.67,8970050,1.67320424E8,0.0598,4.0117,39.0693,0.6638084,2.7675E9,1.42065E10,0.0294,-0.0186
2015-02-06,华电重工,sh601226,专业工程,未知位置,18.4,17.34,18.31,17.43,18.45,12834556,2.27343096E8,0.0856,3.7899,36.9094,0.6638084,2.6145E9,1.34211E10,0.0574,-0.048
2015-02-09,华电重工,sh601226,专业工程,未知位置,17.55,17.08,17.22,17.38,17.43,4907065,8.4797408E7,0.0327,3.7791,36.8035,0.6638084,2.607E9,1.33826E10,0.0269,0.0092
2015-02-10,华电重工,sh601226,专业工程,未知位置,17.5,17.22,17.38,17.47,17.38,4179490,7.2542235E7,0.0279,3.7986,36.9941,0.6638084,2.6205E9,1.34519E10,0.0161,0.0051
2015-02-11,华电重工,sh601226,专业工程,未知位置,17.89,17.42,17.42,17.69,17.47,5923094,1.04444753E8,0.0395,3.8465,37.4599,0.6638084,2.6535E9,1.36213E10,0.0269,0.0154
2015-02-12,华电重工,sh601226,专业工程,未知位置,17.86,17.5,17.7,17.67,17.69,4704373,8.3136563E7,0.0314,3.8421,37.4176,0.6638084,2.6505E9,1.36059E10,0.0203,-0.0016
2015-02-13,华电重工,sh601226,专业工程,未知位置,18.17,17.76,17.76,17.87,17.67,6128404,1.09956889E8,0.0409,3.8856,37.8411,0.6638084,2.6805E9,1.37599E10,0.0232,0.0061
2015-02-16,华电重工,sh601226,专业工程,未知位置,18.05,17.8,18.0,17.87,17.87,5608923,1.00288167E8,0.0374,3.8856,37.8411,0.6638084,2.6805E9,1.37599E10,0.0139,-0.0072
2015-02-17,华电重工,sh601226,专业工程,未知位置,18.26,17.88,17.88,18.08,17.87,6022196,1.08958726E8,0.0401,3.9313,38.2858,0.6638084,2.712E9,1.39216E10,0.0212,0.0111
2015-02-25,华电重工,sh601226,专业工程,未知位置,18.13,17.81,18.1,17.85,18.08,3752637,6.719851E7,0.025,3.8813,37.7988,0.6638084,2.6775E9,1.37445E10,0.0176,-0.0138
2015-02-26,华电重工,sh601226,专业工程,未知位置,18.49,17.81,17.83,18.48,17.85,10164718,1.85643303E8,0.0678,4.0183,39.1328,0.6638084,2.772E9,1.42296E10,0.038,0.0364
2015-02-27,华电重工,sh601226,专业工程,未知位置,18.55,18.33,18.5,18.5,18.48,8243617,1.51879966E8,0.055,4.0226,39.1752,0.6638084,2.775E9,1.4245E10,0.0119,0.0
2015-03-02,华电重工,sh601226,专业工程,未知位置,18.9,18.39,18.49,18.89,18.5,9738286,1.81887419E8,0.0649,4.1074,40.001,0.6638084,2.8335E9,1.45453E10,0.0275,0.0216
2015-03-03,华电重工,sh601226,专业工程,未知位置,18.93,18.61,18.8,18.89,18.89,10937617,2.05061083E8,0.0729,4.1074,40.001,0.6638084,2.8335E9,1.45453E10,0.0169,0.0047
2015-03-04,华电重工,sh601226,专业工程,未知位置,19.18,18.82,18.95,18.92,18.89,9484043,1.79693179E8,0.0632,4.1139,40.0646,0.6638084,2.838E9,1.45684E10,0.019,-0.0015
2015-03-05,华电重工,sh601226,专业工程,未知位置,19.17,18.6,18.92,19.08,18.92,25858577,4.90017712E8,0.1724,4.1487,40.4034,0.6638084,2.862E9,1.46916E10,0.0301,0.0084
2015-03-06,华电重工,sh601226,专业工程,未知位置,19.24,18.88,19.08,18.88,19.08,14160618,2.69903868E8,0.0944,4.1052,39.9799,0.6638084,2.832E9,1.45376E10,0.0188,-0.0104
2015-03-09,华电重工,sh601226,专业工程,未知位置,18.72,18.09,18.72,18.49,18.88,8281052,1.52100942E8,0.0552,4.0204,39.154,0.6638084,2.7735E9,1.42373E10,0.0333,-0.0122
2015-03-10,华电重工,sh601226,专业工程,未知位置,18.58,18.23,18.41,18.43,18.49,6537915,1.20557048E8,0.0436,4.0074,39.027,0.6638084,2.7645E9,1.41911E10,0.0189,0.001
2015-03-11,华电重工,sh601226,专业工程,未知位置,18.52,18.12,18.41,18.19,18.43,7165015,1.31250747E8,0.0478,3.9552,38.5187,0.6638084,2.7285E9,1.40063E10,0.0217,-0.0119
2015-03-12,华电重工,sh601226,专业工程,未知位置,18.25,18.01,18.18,18.06,18.19,6813174,1.23218084E8,0.0454,3.9269,38.2434,0.6638084,2.709E9,1.39062E10,0.0131,-0.0066
2015-03-13,华电重工,sh601226,专业工程,未知位置,18.52,18.12,18.12,18.38,18.06,5428427,9.9718538E7,0.0362,3.9965,38.9211,0.6638084,2.757E9,1.41526E10,0.0221,0.0143
2015-03-16,华电重工,sh601226,专业工程,未知位置,18.93,18.43,18.43,18.91,18.38,10282774,1.92587213E8,0.0686,4.1118,40.0434,0.6638084,2.8365E9,1.45607E10,0.0272,0.026
2015-03-17,华电重工,sh601226,专业工程,未知位置,19.14,18.71,18.93,18.97,18.91,13326314,2.52168471E8,0.0888,4.1248,40.1704,0.6638084,2.8455E9,1.46069E10,0.0227,0.0021
2015-03-18,华电重工,sh601226,专业工程,未知位置,19.48,18.9,18.98,19.42,18.97,17325724,3.32539814E8,0.1155,4.2227,41.1234,0.6638084,2.913E9,1.49534E10,0.0305,0.0231
2015-03-19,华电重工,sh601226,专业工程,未知位置,19.47,19.13,19.42,19.4,19.42,14441863,2.78530511E8,0.0963,4.2183,41.081,0.6638084,2.91E9,1.4938E10,0.0175,-0.001
2015-03-20,华电重工,sh601226,专业工程,未知位置,19.94,19.34,19.45,19.58,19.4,15467546,3.03329842E8,0.1031,4.2574,41.4622,0.6638084,2.937E9,1.50766E10,0.0309,0.0066
2015-03-23,华电重工,sh601226,专业工程,未知位置,19.87,19.42,19.8,19.6,19.58,15604756,3.0534519E8,0.104,4.2618,41.5045,0.6638084,2.94E9,1.5092E10,0.0229,-0.0101
2015-03-24,华电重工,sh601226,专业工程,未知位置,19.62,18.82,19.62,19.18,19.6,18015993,3.45905745E8,0.1201,4.1705,40.6151,0.6638084,2.877E9,1.47686E10,0.0408,-0.0224
2015-03-25,华电重工,sh601226,专业工程,未知位置,21.1,19.13,19.19,20.83,19.18,32781321,6.5629575E8,0.2185,4.5292,44.1091,0.6638084,3.1245E9,1.60391E10,0.1027,0.0854
2015-03-26,华电重工,sh601226,专业工程,未知位置,20.54,19.83,20.53,20.07,20.83,21196031,4.28631182E8,0.1413,4.364,42.4998,0.6638084,3.0105E9,1.54539E10,0.034,-0.0224
2015-03-27,华电重工,sh601226,专业工程,未知位置,20.31,19.9,20.16,20.14,20.07,10114284,2.03613296E8,0.0674,4.3792,42.648,0.6638084,3.021E9,1.55078E10,0.0204,-9.0E-4
2015-03-30,华电重工,sh601226,专业工程,未知位置,20.97,20.19,20.2,20.7,20.14,17139041,3.53903962E8,0.1143,4.501,43.8339,0.6638084,3.105E9,1.5939E10,0.0387,0.0247
2015-03-31,华电重工,sh601226,专业工程,未知位置,21.22,20.37,20.73,20.46,20.7,16668436,3.46311279E8,0.1111,4.4083,43.0544,0.6638084,3.069E9,1.57542E10,0.041,-0.013
2015-04-01,华电重工,sh601226,专业工程,未知位置,20.69,20.31,20.46,20.58,20.46,11794539,2.41989766E8,0.0786,4.4342,43.3069,0.6638084,3.087E9,1.58466E10,0.0185,0.0058
2015-04-02,华电重工,sh601226,专业工程,未知位置,21.6,20.47,20.49,21.54,20.58,23707013,4.99166213E8,0.158,4.641,45.327,0.6638084,3.231E9,1.65858E10,0.0549,0.0512
2015-04-03,华电重工,sh601226,专业工程,未知位置,22.25,21.13,21.26,22.0,21.54,18883694,4.12628253E8,0.1259,4.7402,46.295,0.6638084,3.3E9,1.694E10,0.0519,0.0348
2015-04-07,华电重工,sh601226,专业工程,未知位置,22.47,21.8,22.0,22.22,22.0,15988476,3.53276986E8,0.1066,4.7876,46.758,0.6638084,3.333E9,1.71094E10,0.0304,0.0099
2015-04-08,华电重工,sh601226,专业工程,未知位置,22.42,21.3,22.31,22.02,22.22,15156866,3.3162563E8,0.101,4.7445,46.3371,0.6638084,3.303E9,1.69554E10,0.0504,-0.0129
2015-04-09,华电重工,sh601226,专业工程,未知位置,24.1,22.1,22.5,23.62,22.02,28629957,6.60721155E8,0.1909,5.0892,49.704,0.6638084,3.543E9,1.81874E10,0.0908,0.0497
2015-04-10,华电重工,sh601226,专业工程,未知位置,23.98,23.11,23.25,23.68,23.62,15766838,3.72246023E8,0.1051,5.1021,49.8303,0.6638084,3.552E9,1.82336E10,0.0368,0.0184
2015-04-13,华电重工,sh601226,专业工程,未知位置,26.0,23.69,23.99,25.57,23.68,18810193,4.66010501E8,0.1254,5.5093,53.8074,0.6638084,3.8355E9,1.96889E10,0.0975,0.0658
2015-04-14,华电重工,sh601226,专业工程,未知位置,26.3,24.85,25.61,25.07,25.57,17481344,4.45999307E8,0.1165,5.4016,52.7553,0.6638084,3.7605E9,1.93039E10,0.0567,-0.021
2015-04-15,华电重工,sh601226,专业工程,未知位置,24.88,22.7,24.88,22.97,25.07,17841638,4.21928891E8,0.1189,4.9491,48.3362,0.6638084,3.4455E9,1.76869E10,0.0869,-0.0767
2015-04-16,华电重工,sh601226,专业工程,未知位置,24.6,21.6,22.55,23.8,22.97,16487690,3.84839958E8,0.1099,5.128,50.0828,0.6638084,3.57E9,1.8326E10,0.1306,0.0554
2015-04-17,华电重工,sh601226,专业工程,未知位置,25.17,23.99,23.99,24.47,23.8,16080412,3.95923388E8,0.1072,5.2723,51.4927,0.6638084,3.6705E9,1.88419E10,0.0495,0.02
2015-04-20,华电重工,sh601226,专业工程,未知位置,24.55,22.93,24.55,23.0,24.47,15164636,3.58551718E8,0.1011,4.9556,48.3993,0.6638084,3.45E9,1.771E10,0.0662,-0.0631
2015-04-21,华电重工,sh601226,专业工程,未知位置,23.62,23.0,23.02,23.51,23.0,9475481,2.21344408E8,0.0632,5.0655,49.4725,0.6638084,3.5265E9,1.81027E10,0.0269,0.0212
2015-04-22,华电重工,sh601226,专业工程,未知位置,25.06,23.54,23.54,24.62,23.51,14343198,3.51636065E8,0.0956,5.3047,51.8083,0.6638084,3.693E9,1.89574E10,0.0646,0.0458
2015-04-23,华电重工,sh601226,专业工程,未知位置,24.84,23.9,24.67,24.21,24.62,11940240,2.89939887E8,0.0796,5.2163,50.9455,0.6638084,3.6315E9,1.86417E10,0.0381,-0.0186
2015-04-24,华电重工,sh601226,专业工程,未知位置,23.88,23.21,23.81,23.53,24.21,9425900,2.22010009E8,0.0628,5.0698,49.5146,0.6638084,3.5295E9,1.81181E10,0.0276,-0.0117
2015-04-27,华电重工,sh601226,专业工程,未知位置,24.5,23.65,23.66,24.32,23.53,12456531,3.0007626E8,0.083,5.24,51.177,0.6638084,3.648E9,1.87264E10,0.0361,0.0278
2015-04-28,华电重工,sh601226,专业工程,未知位置,24.33,23.5,24.32,23.67,24.32,10517270,2.5003583E8,0.0701,5.1,49.8092,0.6638084,3.5505E9,1.82259E10,0.0341,-0.0267
2015-04-29,华电重工,sh601226,专业工程,未知位置,25.28,23.46,23.64,24.85,23.67,16699793,4.12414523E8,0.1113,5.3542,52.2923,0.6638084,3.7275E9,1.91345E10,0.0768,0.0511
2015-04-30,华电重工,sh601226,专业工程,未知位置,25.29,24.25,25.0,24.28,24.85,9665767,2.38344791E8,0.0644,5.2314,51.0929,0.6638084,3.642E9,1.86956E10,0.0418,-0.0287
2015-05-04,华电重工,sh601226,专业工程,未知位置,25.48,23.85,24.17,25.3,24.28,15244687,3.76617425E8,0.1016,5.4512,53.2393,0.6638084,3.795E9,1.9481E10,0.0671,0.0467
2015-05-05,华电重工,sh601226,专业工程,未知位置,25.5,24.1,25.5,24.26,25.3,10569025,2.61365139E8,0.0705,5.2271,51.0508,0.6638084,3.639E9,1.86802E10,0.0553,-0.0486
2015-05-06,华电重工,sh601226,专业工程,未知位置,24.43,22.81,24.11,22.97,24.26,10438159,2.45610992E8,0.0696,4.9491,48.3362,0.6638084,3.4455E9,1.76869E10,0.0667,-0.0472
2015-05-07,华电重工,sh601226,专业工程,未知位置,23.21,21.6,23.12,21.87,22.97,9031487,1.99394805E8,0.0602,4.7121,46.0214,0.6638084,3.2805E9,1.68399E10,0.07,-0.054
2015-05-08,华电重工,sh601226,专业工程,未知位置,22.66,21.81,22.22,22.34,21.87,7021936,1.56421619E8,0.0468,4.8134,47.0105,0.6638084,3.351E9,1.72018E10,0.0388,0.0054
2015-05-11,华电重工,sh601226,专业工程,未知位置,23.3,22.38,22.6,23.29,22.34,7565658,1.73245345E8,0.0504,5.0181,49.0096,0.6638084,3.4935E9,1.79333E10,0.0411,0.0305
2015-05-12,华电重工,sh601226,专业工程,未知位置,23.72,23.15,23.3,23.51,23.29,8883025,2.08323031E8,0.0592,5.0655,49.4725,0.6638084,3.5265E9,1.81027E10,0.0244,0.009
2015-05-13,华电重工,sh601226,专业工程,未知位置,23.66,23.0,23.45,23.45,23.51,8522271,1.98292291E8,0.0568,5.0526,49.3463,0.6638084,3.5175E9,1.80565E10,0.028,0.0
2015-05-14,华电重工,sh601226,专业工程,未知位置,25.42,23.2,23.4,24.88,23.45,16413136,4.03074375E8,0.1094,5.3607,52.3554,0.6638084,3.732E9,1.91576E10,0.0946,0.0632
2015-05-15,华电重工,sh601226,专业工程,未知位置,27.3,24.55,24.75,26.45,24.88,23573766,6.10681196E8,0.1572,5.699,55.6592,0.6638084,3.9675E9,2.03665E10,0.1105,0.0686
2015-05-18,华电重工,sh601226,专业工程,未知位置,28.66,26.57,26.8,28.13,26.45,22846522,6.30353696E8,0.1523,6.0609,59.1945,0.6638084,4.2195E9,2.16601E10,0.079,0.0496
2015-05-19,华电重工,sh601226,专业工程,未知位置,0.0,0.0,0.0,28.13,28.13,0,0.0,0.0,6.0609,59.1945,0.6638084,4.2195E9,2.16601E10,0.0,0.0
2015-05-20,华电重工,sh601226,专业工程,未知位置,28.59,26.46,28.1,27.13,28.13,20408586,5.62257651E8,0.1361,5.8455,57.0902,0.6638084,4.0695E9,2.08901E10,0.0757,-0.0345
2015-05-21,华电重工,sh601226,专业工程,未知位置,29.84,26.2,27.1,29.84,27.13,32595485,9.22135528E8,0.2173,6.4294,62.7929,0.6638084,4.476E9,2.29768E10,0.1341,0.1011
2015-05-22,华电重工,sh601226,专业工程,未知位置,30.7,28.71,29.7,29.91,29.84,20903563,6.22479634E8,0.1394,6.4444,62.9402,0.6638084,4.4865E9,2.30307E10,0.0666,0.007
2015-05-25,华电重工,sh601226,专业工程,未知位置,31.89,29.0,29.17,30.47,29.91,16937959,5.15495042E8,0.1129,6.5651,64.1186,0.6638084,4.5705E9,2.34619E10,0.0966,0.0445
2015-05-26,华电重工,sh601226,专业工程,未知位置,33.0,30.31,30.68,32.26,30.47,18965043,6.05748086E8,0.1264,6.9508,67.8853,0.6638084,4.839E9,2.48402E10,0.0882,0.0514
2015-05-27,华电重工,sh601226,专业工程,未知位置,34.5,31.19,32.8,34.15,32.26,25136783,8.34521811E8,0.1676,7.358,71.8625,0.6638084,5.1225E9,2.62955E10,0.1026,0.0411
2015-05-28,华电重工,sh601226,专业工程,未知位置,37.57,32.18,34.5,32.95,34.15,42256342,1.517249965E9,0.2817,7.0995,69.3373,0.6638084,4.9425E9,2.53715E10,0.1578,-0.0449
2015-05-29,华电重工,sh601226,专业工程,未知位置,33.77,29.66,32.1,31.27,32.95,27522298,8.69570721E8,0.1835,6.7375,65.802,0.6638084,4.6905E9,2.40779E10,0.1247,-0.0258
2015-06-01,华电重工,sh601226,专业工程,未知位置,32.85,31.02,31.28,32.51,31.27,19602949,6.2301043E8,0.1307,7.0046,68.4114,0.6638084,4.8765E9,2.50327E10,0.0585,0.0393
2015-06-02,华电重工,sh601226,专业工程,未知位置,32.49,31.22,32.4,31.91,32.51,15096267,4.80373078E8,0.1006,6.8754,67.1488,0.6638084,4.7865E9,2.45707E10,0.039,-0.0151
2015-06-03,华电重工,sh601226,专业工程,未知位置,33.82,31.24,31.92,33.79,31.91,21441227,6.97495804E8,0.1429,7.2804,71.1049,0.6638084,5.0685E9,2.60183E10,0.0808,0.0585
2015-06-04,华电重工,sh601226,专业工程,未知位置,34.28,30.41,34.28,31.87,33.79,15924050,5.1067885E8,0.1062,6.8668,67.0646,0.6638084,4.7805E9,2.45399E10,0.1145,-0.0703
2015-06-05,华电重工,sh601226,专业工程,未知位置,32.57,30.83,32.28,31.41,31.87,14142493,4.47587207E8,0.0943,6.7676,66.0966,0.6638084,4.7115E9,2.41857E10,0.0545,-0.0269
2015-06-08,华电重工,sh601226,专业工程,未知位置,33.76,31.95,32.55,32.34,31.41,17736299,5.77970451E8,0.1182,6.968,68.0537,0.6638084,4.851E9,2.49018E10,0.0576,-0.0064
2015-06-09,华电重工,sh601226,专业工程,未知位置,33.15,31.44,32.39,32.84,32.34,12185340,3.92283034E8,0.0812,7.0758,69.1058,0.6638084,4.926E9,2.52868E10,0.0528,0.0138
2015-06-10,华电重工,sh601226,专业工程,未知位置,34.0,32.11,32.68,33.82,32.84,18064102,6.03529102E8,0.1204,7.2869,71.168,0.6638084,5.073E9,2.60414E10,0.0575,0.0348
2015-06-11,华电重工,sh601226,专业工程,未知位置,24.56,22.65,22.66,23.86,22.45,18528907,4.35693893E8,0.0824,7.7114,75.3136,1.0,5.3685E9,2.75583E10,0.085,0.0529
2015-06-12,华电重工,sh601226,专业工程,未知位置,24.2,22.31,23.0,24.12,23.86,34724190,7.98426065E8,0.1543,7.7954,76.1342,1.0,5.427E9,2.78586E10,0.0792,0.0486
2015-06-15,华电重工,sh601226,专业工程,未知位置,23.98,22.51,23.49,22.9,24.12,24963136,5.82841231E8,0.1109,7.4011,72.2833,1.0,5.1525E9,2.64495E10,0.0609,-0.0251
2015-06-16,华电重工,sh601226,专业工程,未知位置,22.36,20.61,22.12,20.61,22.9,24738171,5.28114597E8,0.1099,6.661,65.055,1.0,4.63725E9,2.380455E10,0.0764,-0.0682
2015-06-17,华电重工,sh601226,专业工程,未知位置,20.78,18.72,20.21,20.52,20.61,21622181,4.29143685E8,0.0961,6.6319,64.7709,1.0,4.617E9,2.37006E10,0.0999,0.0153
2015-06-18,华电重工,sh601226,专业工程,未知位置,20.38,19.11,20.2,19.27,20.52,13917393,2.76526173E8,0.0619,6.2279,60.8253,1.0,4.33575E9,2.225685E10,0.0618,-0.046
2015-06-19,华电重工,sh601226,专业工程,未知位置,18.78,17.34,18.78,17.46,19.27,14452707,2.59891858E8,0.0642,5.6429,55.1121,1.0,3.9285E9,2.01663E10,0.0747,-0.0702
2015-06-23,华电重工,sh601226,专业工程,未知位置,17.95,16.03,17.4,17.55,17.46,14090769,2.42109481E8,0.0626,5.672,55.3962,1.0,3.94875E9,2.027025E10,0.1099,0.0086
2015-06-24,华电重工,sh601226,专业工程,未知位置,18.3,17.67,17.87,18.2,17.55,17504207,3.16015258E8,0.0778,5.8821,57.4479,1.0,4.095E9,2.1021E10,0.0358,0.0184
2015-06-25,华电重工,sh601226,专业工程,未知位置,19.74,17.95,18.35,18.26,18.2,21899265,4.11204513E8,0.0973,5.9015,57.6373,1.0,4.1085E9,2.10903E10,0.0983,-0.0049
2015-06-26,华电重工,sh601226,专业工程,未知位置,17.99,16.43,17.69,16.43,18.26,20057629,3.42307878E8,0.0891,5.31,51.8609,1.0,3.69675E9,1.897665E10,0.0854,-0.0712
2015-06-29,华电重工,sh601226,专业工程,未知位置,17.29,14.79,17.01,14.92,16.43,20334557,3.1933599E8,0.0904,4.822,47.0946,1.0,3.357E9,1.72326E10,0.1521,-0.1228
2015-06-30,华电重工,sh601226,专业工程,未知位置,16.05,13.45,14.86,15.91,14.92,18442204,2.74994018E8,0.082,5.1205,52.0358,1.0,3.57975E9,1.837605E10,0.1742,0.0706
2015-07-01,华电重工,sh601226,专业工程,未知位置,16.49,14.48,15.9,14.52,15.91,16540880,2.6103026E8,0.0735,4.6731,47.4896,1.0,3.267E9,1.67706E10,0.1263,-0.0867
2015-07-02,华电重工,sh601226,专业工程,未知位置,15.29,13.5,14.68,14.88,14.52,21093227,3.0806117E8,0.0937,4.789,48.6671,1.0,3.348E9,1.71864E10,0.1232,0.0136
2015-07-03,华电重工,sh601226,专业工程,未知位置,15.43,13.53,14.5,14.03,14.88,14549493,2.09028349E8,0.0647,4.5154,45.887,1.0,3.15675E9,1.620465E10,0.1276,-0.0324
2015-07-06,华电重工,sh601226,专业工程,未知位置,15.43,13.3,15.43,14.38,14.03,17914835,2.56601328E8,0.0796,4.6281,47.0318,1.0,3.2355E9,1.66089E10,0.1518,-0.068
2015-07-07,华电重工,sh601226,专业工程,未知位置,14.32,12.94,13.9,12.94,14.38,16166467,2.15416192E8,0.0719,4.1646,42.322,1.0,2.9115E9,1.49457E10,0.0959,-0.069
2015-07-08,华电重工,sh601226,专业工程,未知位置,12.8,11.65,11.65,12.44,12.94,33449143,4.11196944E8,0.1487,4.0037,40.6867,1.0,2.799E9,1.43682E10,0.0888,0.0678
2015-07-09,华电重工,sh601226,专业工程,未知位置,13.68,12.44,12.44,13.68,12.44,12954987,1.72941802E8,0.0576,4.4028,44.7423,1.0,3.078E9,1.58004E10,0.0996,0.0996
2015-07-10,华电重工,sh601226,专业工程,未知位置,15.05,13.82,14.48,15.05,13.68,17451889,2.60192654E8,0.0776,4.8437,49.2231,1.0,3.38625E9,1.738275E10,0.0899,0.0393
2015-07-13,华电重工,sh601226,专业工程,未知位置,16.56,15.09,15.57,16.56,15.05,24366949,3.90338656E8,0.1083,5.3297,54.1617,1.0,3.726E9,1.91268E10,0.0976,0.0635
2015-07-14,华电重工,sh601226,专业工程,未知位置,17.24,15.51,16.3,15.7,16.56,24966065,4.05466884E8,0.111,5.0529,51.349,1.0,3.5325E9,1.81335E10,0.1044,-0.0368
2015-07-15,华电重工,sh601226,专业工程,未知位置,15.45,14.13,15.25,14.13,15.7,13405287,1.96254227E8,0.0596,4.5476,46.2141,1.0,3.17925E9,1.632015E10,0.084,-0.0734
2015-07-16,华电重工,sh601226,专业工程,未知位置,14.78,12.97,14.13,14.16,14.13,10286944,1.44592536E8,0.0457,4.5573,46.3122,1.0,3.186E9,1.63548E10,0.128,0.0021
2015-07-17,华电重工,sh601226,专业工程,未知位置,15.3,14.16,14.35,15.06,14.16,10680385,1.57683811E8,0.0475,4.8469,49.2558,1.0,3.3885E9,1.73943E10,0.0805,0.0494
2015-07-20,华电重工,sh601226,专业工程,未知位置,15.68,14.8,15.17,15.19,15.06,11163399,1.69742258E8,0.0496,4.8887,49.681,1.0,3.41775E9,1.754445E10,0.0584,0.0013
2015-07-21,华电重工,sh601226,专业工程,未知位置,15.68,14.76,14.9,15.55,15.19,12677454,1.94304492E8,0.0563,5.0046,50.8584,1.0,3.49875E9,1.796025E10,0.0605,0.0436
2015-07-22,华电重工,sh601226,专业工程,未知位置,16.09,15.12,15.5,15.83,15.55,14603827,2.28847501E8,0.0649,5.0947,51.7742,1.0,3.56175E9,1.828365E10,0.0623,0.0212
2015-07-23,华电重工,sh601226,专业工程,未知位置,16.66,15.5,15.83,16.33,15.83,17822407,2.87474761E8,0.0792,5.2556,53.4095,1.0,3.67425E9,1.886115E10,0.0732,0.0315
2015-07-24,华电重工,sh601226,专业工程,未知位置,16.55,15.3,16.28,15.84,16.33,17805997,2.86370136E8,0.0791,5.0979,51.8069,1.0,3.564E9,1.82952E10,0.0765,-0.027
2015-07-27,华电重工,sh601226,专业工程,未知位置,15.79,14.26,15.3,14.26,15.84,11376764,1.71066564E8,0.0506,4.5894,46.6393,1.0,3.2085E9,1.64703E10,0.0965,-0.0679
2015-07-28,华电重工,sh601226,专业工程,未知位置,15.2,12.9,13.87,14.89,14.26,17195261,2.40501856E8,0.0764,4.7922,48.6998,1.0,3.35025E9,1.719795E10,0.1612,0.0735
2015-07-29,华电重工,sh601226,专业工程,未知位置,15.84,14.59,15.19,15.76,14.89,11260936,1.69843537E8,0.05,5.0722,51.5452,1.0,3.546E9,1.82028E10,0.0839,0.0375
2015-07-30,华电重工,sh601226,专业工程,未知位置,16.05,14.85,15.8,15.13,15.76,14099564,2.21334161E8,0.0627,4.8694,49.4847,1.0,3.40425E9,1.747515E10,0.0761,-0.0424
2015-07-31,华电重工,sh601226,专业工程,未知位置,15.4,14.82,14.83,15.3,15.13,10033615,1.50963359E8,0.0446,4.9241,50.0407,1.0,3.4425E9,1.76715E10,0.0383,0.0316
2015-08-03,华电重工,sh601226,专业工程,未知位置,15.99,14.71,15.19,15.88,15.3,8930780,1.36230013E8,0.0397,5.1108,51.9377,1.0,3.573E9,1.83414E10,0.0836,0.0454
2015-08-04,华电重工,sh601226,专业工程,未知位置,16.85,15.78,15.9,16.73,15.88,17560300,2.8605278E8,0.078,5.3844,54.7178,1.0,3.76425E9,1.932315E10,0.0673,0.0522
2015-08-05,华电重工,sh601226,专业工程,未知位置,16.79,15.92,16.55,16.01,16.73,14439539,2.35173518E8,0.0642,5.1527,52.3629,1.0,3.60225E9,1.849155E10,0.052,-0.0326
2015-08-06,华电重工,sh601226,专业工程,未知位置,15.75,15.18,15.64,15.33,16.01,8678525,1.34420609E8,0.0386,4.9338,50.1389,1.0,3.44925E9,1.770615E10,0.0356,-0.0198
2015-08-07,华电重工,sh601226,专业工程,未知位置,15.76,15.29,15.29,15.64,15.33,6850421,1.06869926E8,0.0304,5.0336,51.1528,1.0,3.519E9,1.80642E10,0.0306,0.0228
2015-08-10,华电重工,sh601226,专业工程,未知位置,16.82,15.65,15.71,16.7,15.64,17137703,2.7968131E8,0.0762,5.3747,54.6196,1.0,3.7575E9,1.92885E10,0.0748,0.063
2015-08-11,华电重工,sh601226,专业工程,未知位置,17.18,16.46,16.75,16.74,16.7,19104370,3.21646838E8,0.0849,5.3876,54.7505,1.0,3.7665E9,1.93347E10,0.0431,-5.0E-4
2015-08-12,华电重工,sh601226,专业工程,未知位置,16.7,16.11,16.5,16.13,16.74,9592458,1.57336165E8,0.0426,5.1913,52.7554,1.0,3.62925E9,1.863015E10,0.0352,-0.0224
2015-08-13,华电重工,sh601226,专业工程,未知位置,17.16,16.39,16.39,17.0,16.13,16134120,2.70639701E8,0.0717,5.4713,55.6008,1.0,3.825E9,1.9635E10,0.0477,0.0372
2015-08-14,华电重工,sh601226,专业工程,未知位置,17.35,16.75,17.0,17.28,17.0,18178680,3.10510913E8,0.0808,5.5614,56.5166,1.0,3.888E9,1.99584E10,0.0352,0.0164
2015-08-17,华电重工,sh601226,专业工程,未知位置,17.99,17.0,17.18,17.94,17.28,17623270,3.07659401E8,0.0783,5.7738,58.6752,1.0,4.0365E9,2.07207E10,0.0572,0.0442
2015-08-18,华电重工,sh601226,专业工程,未知位置,17.88,16.15,17.82,16.15,17.94,16525420,2.80177368E8,0.0734,5.1977,52.8208,1.0,3.63375E9,1.865325E10,0.0964,-0.0937
2015-08-19,华电重工,sh601226,专业工程,未知位置,16.44,14.54,15.43,16.03,16.15,15302816,2.34431315E8,0.068,5.1591,52.4283,1.0,3.60675E9,1.851465E10,0.1176,0.0388
2015-08-20,华电重工,sh601226,专业工程,未知位置,15.88,14.69,15.6,14.7,16.03,8807234,1.34846519E8,0.0391,4.731,48.0784,1.0,3.3075E9,1.69785E10,0.0742,-0.0576
2015-08-21,华电重工,sh601226,专业工程,未知位置,15.04,13.75,14.56,13.83,14.7,7600543,1.0935092E8,0.0338,4.451,45.2329,1.0,3.11175E9,1.597365E10,0.0877,-0.0501
2015-08-24,华电重工,sh601226,专业工程,未知位置,13.75,12.45,13.64,12.45,13.83,8723713,1.11623975E8,0.0388,4.0069,40.7194,1.0,2.80125E9,1.437975E10,0.0939,-0.0872
2015-08-25,华电重工,sh601226,专业工程,未知位置,11.83,11.21,11.36,11.21,12.45,6826955,7.8028732E7,0.0303,3.6078,36.6638,1.0,2.52225E9,1.294755E10,0.0497,-0.0132
2015-08-26,华电重工,sh601226,专业工程,未知位置,11.82,10.31,11.24,10.85,11.21,9785216,1.09860499E8,0.0435,3.492,35.4864,1.0,2.44125E9,1.253175E10,0.1347,-0.0346
2015-08-27,华电重工,sh601226,专业工程,未知位置,11.8,10.9,11.11,11.58,10.85,7706126,8.720924E7,0.0342,3.7269,37.874,1.0,2.6055E9,1.33749E10,0.0829,0.0423
2015-08-28,华电重工,sh601226,专业工程,未知位置,12.5,11.5,11.8,12.49,11.58,11177790,1.33423689E8,0.0497,4.0198,40.8503,1.0,2.81025E9,1.442595E10,0.0863,0.0584
2015-08-31,华电重工,sh601226,专业工程,未知位置,13.0,11.91,12.24,12.62,12.49,12693254,1.57361957E8,0.0564,4.0616,41.2754,1.0,2.8395E9,1.45761E10,0.0872,0.031
2015-09-01,华电重工,sh601226,专业工程,未知位置,12.48,11.7,12.45,12.13,12.62,9386166,1.13779631E8,0.0417,3.9039,39.6728,1.0,2.72925E9,1.401015E10,0.0618,-0.0257
2015-09-02,华电重工,sh601226,专业工程,未知位置,12.68,11.6,12.0,12.5,12.13,18172354,2.22979116E8,0.0808,4.023,40.883,1.0,2.8125E9,1.44375E10,0.089,0.0416
2015-09-07,华电重工,sh601226,专业工程,未知位置,12.98,12.35,12.35,12.64,12.5,9286402,1.17729304E8,0.0413,4.0681,41.3408,1.0,2.844E9,1.45992E10,0.0504,0.0234
2015-09-08,华电重工,sh601226,专业工程,未知位置,13.02,11.83,12.45,12.91,12.64,10690660,1.33207033E8,0.0475,4.155,42.2239,1.0,2.90475E9,1.491105E10,0.0941,0.0369
2015-09-09,华电重工,sh601226,专业工程,未知位置,13.35,12.73,12.78,13.1,12.91,12262682,1.59674885E8,0.0545,4.2161,42.8453,1.0,2.9475E9,1.51305E10,0.048,0.025
2015-09-10,华电重工,sh601226,专业工程,未知位置,12.9,12.19,12.8,12.23,13.1,7013710,8.8565206E7,0.0312,3.9361,39.9999,1.0,2.75175E9,1.412565E10,0.0541,-0.0445
2015-09-11,华电重工,sh601226,专业工程,未知位置,12.4,11.66,12.25,12.15,12.23,7108027,8.5477517E7,0.0316,3.9104,39.7382,1.0,2.73375E9,1.403325E10,0.0605,-0.0081
2015-09-14,华电重工,sh601226,专业工程,未知位置,12.29,10.94,12.24,10.94,12.15,8329190,9.5186119E7,0.037,3.5209,35.7808,1.0,2.4615E9,1.26357E10,0.1111,-0.1062
2015-09-15,华电重工,sh601226,专业工程,未知位置,10.67,9.85,10.42,9.86,10.94,6349927,6.489525E7,0.0282,3.1733,32.2485,1.0,2.2185E9,1.13883E10,0.0749,-0.0537
2015-09-16,华电重工,sh601226,专业工程,未知位置,10.85,10.0,10.0,10.79,9.86,6048810,6.2910043E7,0.0269,3.4727,35.2902,1.0,2.42775E9,1.246245E10,0.0862,0.0789
2015-09-17,华电重工,sh601226,专业工程,未知位置,10.98,10.2,10.71,10.24,10.79,6093209,6.5163866E7,0.0271,3.2956,33.4913,1.0,2.304E9,1.18272E10,0.0722,-0.0438
2015-09-18,华电重工,sh601226,专业工程,未知位置,10.45,10.05,10.34,10.3,10.24,3941752,4.035041E7,0.0175,3.315,33.6876,1.0,2.3175E9,1.18965E10,0.039,-0.0038
2015-09-21,华电重工,sh601226,专业工程,未知位置,10.75,10.1,10.2,10.67,10.3,5695924,5.9837129E7,0.0253,3.434,34.8977,1.0,2.40075E9,1.232385E10,0.0631,0.046
2015-09-22,华电重工,sh601226,专业工程,未知位置,10.93,10.6,10.7,10.78,10.67,5782239,6.2168149E7,0.0257,3.4694,35.2575,1.0,2.4255E9,1.24509E10,0.0309,0.0074
2015-09-23,华电重工,sh601226,专业工程,未知位置,10.68,10.37,10.58,10.47,10.78,4587157,4.8290538E7,0.0204,3.3697,34.2436,1.0,2.35575E9,1.209285E10,0.0287,-0.0103
2015-09-24,华电重工,sh601226,专业工程,未知位置,10.77,10.51,10.56,10.69,10.47,4132007,4.4035061E7,0.0184,3.4405,34.9631,1.0,2.40525E9,1.234695E10,0.0248,0.0123
2015-09-25,华电重工,sh601226,专业工程,未知位置,10.88,10.3,10.68,10.38,10.69,4828728,5.1077564E7,0.0215,3.3407,33.9492,1.0,2.3355E9,1.19889E10,0.0542,-0.028
2015-09-28,华电重工,sh601226,专业工程,未知位置,10.66,10.18,10.38,10.63,10.38,2787027,2.9143673E7,0.0124,3.4212,34.7669,1.0,2.39175E9,1.227765E10,0.0462,0.024
2015-09-29,华电重工,sh601226,专业工程,未知位置,10.86,10.23,10.32,10.77,10.63,5298909,5.6050504E7,0.0236,3.4662,35.2248,1.0,2.42325E9,1.243935E10,0.0592,0.0436
2015-09-30,华电重工,sh601226,专业工程,未知位置,11.1,10.58,10.79,10.78,10.77,5991118,6.4916211E7,0.0266,3.4171,42.5519,1.0,2.4255E9,1.24509E10,0.0482,-9.0E-4
2015-10-08,华电重工,sh601226,专业工程,未知位置,11.25,10.81,11.15,11.11,10.78,8742768,9.683069E7,0.0389,3.5218,43.8545,1.0,2.49975E9,1.283205E10,0.0408,-0.0035
2015-10-09,华电重工,sh601226,专业工程,未知位置,11.26,10.99,11.04,11.16,11.11,6769985,7.5110762E7,0.0301,3.5376,44.0519,1.0,2.511E9,1.28898E10,0.0243,0.0108
2015-10-12,华电重工,sh601226,专业工程,未知位置,12.04,11.15,11.19,11.84,11.16,11610821,1.3466235E8,0.0516,3.7532,46.7361,1.0,2.664E9,1.36752E10,0.0797,0.058
2015-10-13,华电重工,sh601226,专业工程,未知位置,12.15,11.6,11.67,11.97,11.84,10354508,1.23548934E8,0.046,3.7944,47.2492,1.0,2.69325E9,1.382535E10,0.0464,0.0257
2015-10-14,华电重工,sh601226,专业工程,未知位置,12.2,11.58,11.87,11.6,11.97,8874600,1.05385798E8,0.0394,3.6771,45.7887,1.0,2.61E9,1.3398E10,0.0517,-0.0227
2015-10-15,华电重工,sh601226,专业工程,未知位置,11.95,11.6,11.65,11.91,11.6,7059758,8.331509E7,0.0314,3.7753,47.0124,1.0,2.67975E9,1.375605E10,0.0301,0.0223
2015-10-16,华电重工,sh601226,专业工程,未知位置,12.13,11.72,12.05,12.03,11.91,9296319,1.11107998E8,0.0413,3.8134,47.4861,1.0,2.70675E9,1.389465E10,0.0344,-0.0016
2015-10-19,华电重工,sh601226,专业工程,未知位置,12.29,11.9,12.08,12.19,12.03,9073261,1.09817445E8,0.0403,3.8641,48.1176,1.0,2.74275E9,1.407945E10,0.0324,0.0091
2015-10-20,华电重工,sh601226,专业工程,未知位置,12.6,11.93,12.19,12.38,12.19,10819408,1.32309828E8,0.0481,3.9243,48.8676,1.0,2.7855E9,1.42989E10,0.0549,0.0155
2015-10-21,华电重工,sh601226,专业工程,未知位置,12.7,11.28,12.32,11.81,12.38,13736167,1.66495424E8,0.061,3.7436,46.6176,1.0,2.65725E9,1.364055E10,0.1147,-0.0413
2015-10-22,华电重工,sh601226,专业工程,未知位置,12.5,11.7,11.85,12.13,11.81,11921774,1.43563833E8,0.053,3.8451,47.8808,1.0,2.72925E9,1.401015E10,0.0677,0.0236
2015-10-23,华电重工,sh601226,专业工程,未知位置,12.3,11.9,12.16,12.2,12.13,12615145,1.53218053E8,0.0561,3.8673,48.1571,1.0,2.745E9,1.4091E10,0.0329,0.0032
2015-10-26,华电重工,sh601226,专业工程,未知位置,12.32,12.0,12.3,12.06,12.2,10501072,1.27860096E8,0.0467,3.8229,47.6045,1.0,2.7135E9,1.39293E10,0.0262,-0.0195
2015-10-27,华电重工,sh601226,专业工程,未知位置,11.97,11.36,11.97,11.84,12.06,9000416,1.04945362E8,0.04,3.7532,46.7361,1.0,2.664E9,1.36752E10,0.0505,-0.0108
2015-10-28,华电重工,sh601226,专业工程,未知位置,11.88,11.6,11.7,11.66,11.84,6562907,7.7112925E7,0.0292,3.6961,46.0256,1.0,2.6235E9,1.34673E10,0.0236,-0.0034
2015-10-29,华电重工,sh601226,专业工程,未知位置,12.11,11.68,11.68,11.95,11.66,9214675,1.10164952E8,0.041,3.788,47.1703,1.0,2.68875E9,1.380225E10,0.0368,0.0231
2015-10-30,华电重工,sh601226,专业工程,未知位置,12.4,11.9,12.12,12.17,11.95,15324931,1.86008151E8,0.0681,3.8578,48.0387,1.0,2.73825E9,1.405635E10,0.0418,0.0041
2015-11-02,华电重工,sh601226,专业工程,未知位置,12.45,11.81,12.0,11.93,12.17,9063418,1.09794595E8,0.0403,3.7817,47.0913,1.0,2.68425E9,1.377915E10,0.0525,-0.0058
2015-11-03,华电重工,sh601226,专业工程,未知位置,12.48,11.87,11.99,12.35,11.93,14812277,1.81471968E8,0.0658,3.9148,48.7492,1.0,2.77875E9,1.426425E10,0.0511,0.03
2015-11-04,华电重工,sh601226,专业工程,未知位置,13.0,12.28,12.52,12.97,12.35,22742007,2.86600228E8,0.1011,4.1114,51.1965,1.0,2.91825E9,1.498035E10,0.0582,0.0359
2015-11-05,华电重工,sh601226,专业工程,未知位置,13.72,12.78,12.9,13.1,12.97,26706949,3.51896596E8,0.1187,4.1526,51.7097,1.0,2.9475E9,1.51305E10,0.0724,0.0155
2015-11-06,华电重工,sh601226,专业工程,未知位置,13.73,13.01,13.1,13.45,13.1,21110448,2.83191753E8,0.0938,4.2635,53.0912,1.0,3.02625E9,1.553475E10,0.0549,0.0267
2015-11-09,华电重工,sh601226,专业工程,未知位置,13.8,13.05,13.45,13.61,13.45,24238204,3.27609108E8,0.1077,4.3142,53.7228,1.0,3.06225E9,1.571955E10,0.0557,0.0118
2015-11-10,华电重工,sh601226,专业工程,未知位置,13.59,13.16,13.48,13.36,13.61,16118798,2.15911961E8,0.0716,4.235,52.736,1.0,3.006E9,1.54308E10,0.0315,-0.0089
2015-11-11,华电重工,sh601226,专业工程,未知位置,13.76,13.19,13.39,13.72,13.36,16795868,2.26989204E8,0.0746,4.3491,54.157,1.0,3.087E9,1.58466E10,0.0426,0.0246
2015-11-12,华电重工,sh601226,专业工程,未知位置,14.5,13.6,13.69,14.33,13.72,21280656,2.98666546E8,0.0946,4.5425,56.5649,1.0,3.22425E9,1.655115E10,0.0655,0.0467
2015-11-13,华电重工,sh601226,专业工程,未知位置,14.11,13.38,14.08,13.46,14.33,16277678,2.23349142E8,0.0723,4.2667,53.1307,1.0,3.0285E9,1.55463E10,0.0509,-0.044
2015-11-16,华电重工,sh601226,专业工程,未知位置,13.58,13.0,13.01,13.57,13.46,7502148,1.00316107E8,0.0333,4.3015,53.5649,1.0,3.05325E9,1.567335E10,0.043,0.043
2015-11-17,华电重工,sh601226,专业工程,未知位置,14.09,13.6,13.69,13.8,13.57,13737819,1.89891559E8,0.0611,4.3745,54.4728,1.0,3.105E9,1.5939E10,0.0361,0.008
2015-11-18,华电重工,sh601226,专业工程,未知位置,13.83,13.13,13.75,13.24,13.8,8683548,1.16899853E8,0.0386,4.1969,52.2623,1.0,2.979E9,1.52922E10,0.0507,-0.037
2015-11-19,华电重工,sh601226,专业工程,未知位置,13.48,13.17,13.25,13.47,13.24,5995021,8.0078582E7,0.0266,4.2698,53.1702,1.0,3.03075E9,1.555785E10,0.0234,0.0166
2015-11-20,华电重工,sh601226,专业工程,未知位置,13.71,13.34,13.52,13.6,13.47,8180411,1.10565541E8,0.0364,4.3111,53.6833,1.0,3.06E9,1.5708E10,0.0274,0.0059
2015-11-23,华电重工,sh601226,专业工程,未知位置,13.77,13.29,13.77,13.37,13.6,7514875,1.02034808E8,0.0334,4.2381,52.7754,1.0,3.00825E9,1.544235E10,0.0352,-0.029
2015-11-24,华电重工,sh601226,专业工程,未知位置,13.6,13.15,13.35,13.59,13.37,6451061,8.6492269E7,0.0287,4.3079,53.6438,1.0,3.05775E9,1.569645E10,0.0336,0.0179
2015-11-25,华电重工,sh601226,专业工程,未知位置,13.9,13.48,13.48,13.83,13.59,10317772,1.42181472E8,0.0459,4.384,54.5912,1.0,3.11175E9,1.597365E10,0.0309,0.0259
2015-11-26,华电重工,sh601226,专业工程,未知位置,13.93,13.63,13.84,13.65,13.83,8365051,1.151409E8,0.0372,4.3269,53.8807,1.0,3.07125E9,1.576575E10,0.0216,-0.0137
2015-11-27,华电重工,sh601226,专业工程,未知位置,13.58,12.35,13.57,12.43,13.65,8973367,1.17628633E8,0.0399,3.9402,49.065,1.0,2.79675E9,1.435665E10,0.0901,-0.084
2015-11-30,华电重工,sh601226,专业工程,未知位置,12.63,11.5,12.48,12.33,12.43,7187010,8.7727648E7,0.0319,3.9085,48.6702,1.0,2.77425E9,1.424115E10,0.0909,-0.012
2015-12-01,华电重工,sh601226,专业工程,未知位置,12.59,12.11,12.25,12.47,12.33,4741270,5.8841068E7,0.0211,3.9529,49.2229,1.0,2.80575E9,1.440285E10,0.0389,0.0179
2015-12-02,华电重工,sh601226,专业工程,未知位置,12.48,11.91,12.48,12.34,12.47,5829690,7.1198595E7,0.0259,3.9117,48.7097,1.0,2.7765E9,1.42527E10,0.0457,-0.0112
2015-12-03,华电重工,sh601226,专业工程,未知位置,12.55,12.2,12.28,12.53,12.34,4465680,5.5606882E7,0.0198,3.9719,49.4597,1.0,2.81925E9,1.447215E10,0.0283,0.0203
2015-12-04,华电重工,sh601226,专业工程,未知位置,12.54,12.22,12.4,12.3,12.53,4979338,6.1683201E7,0.0221,3.899,48.5518,1.0,2.7675E9,1.42065E10,0.0255,-0.008
2015-12-07,华电重工,sh601226,专业工程,未知位置,12.45,12.18,12.36,12.44,12.3,4024094,4.971238E7,0.0179,3.9433,49.1045,1.0,2.799E9,1.43682E10,0.0219,0.0064
2015-12-08,华电重工,sh601226,专业工程,未知位置,12.48,12.07,12.48,12.1,12.44,4813195,5.881943E7,0.0214,3.8356,47.7624,1.0,2.7225E9,1.39755E10,0.0329,-0.0304
2015-12-09,华电重工,sh601226,专业工程,未知位置,12.18,11.81,12.09,12.03,12.1,4736856,5.6632621E7,0.0211,3.8134,47.4861,1.0,2.70675E9,1.389465E10,0.0305,-0.0049
2015-12-10,华电重工,sh601226,专业工程,未知位置,12.09,11.82,12.03,11.87,12.03,4132820,4.9361657E7,0.0184,3.7627,46.8545,1.0,2.67075E9,1.370985E10,0.0224,-0.0133
2015-12-11,华电重工,sh601226,专业工程,未知位置,11.97,11.8,11.85,11.89,11.87,2845631,3.3840286E7,0.0077,3.769,46.9334,1.0,4.369575E9,1.373295E10,0.0143,0.0033
2015-12-14,华电重工,sh601226,专业工程,未知位置,12.08,11.62,11.82,12.03,11.89,5191395,6.1506985E7,0.0141,3.8134,47.4861,1.0,4.421025E9,1.389465E10,0.0386,0.0177
2015-12-15,华电重工,sh601226,专业工程,未知位置,12.1,11.8,12.03,11.93,12.03,5598173,6.7056439E7,0.0152,3.7817,47.0913,1.0,4.384275E9,1.377915E10,0.0249,-0.0083
2015-12-16,华电重工,sh601226,专业工程,未知位置,12.48,12.0,12.0,12.34,11.93,9553339,1.17591069E8,0.026,3.9117,48.7097,1.0,4.53495E9,1.42527E10,0.0402,0.0283
2015-12-17,华电重工,sh601226,专业工程,未知位置,12.55,12.28,12.4,12.52,12.34,10851976,1.34939671E8,0.0295,3.9687,49.4202,1.0,4.6011E9,1.44606E10,0.0218,0.0096
2015-12-18,华电重工,sh601226,专业工程,未知位置,12.46,12.25,12.45,12.31,12.52,5857203,7.2220582E7,0.0159,3.9021,48.5913,1.0,4.523925E9,1.421805E10,0.0167,-0.0112
2015-12-21,华电重工,sh601226,专业工程,未知位置,12.48,12.26,12.34,12.44,12.31,6676239,8.2655386E7,0.0182,3.9433,49.1045,1.0,4.5717E9,1.43682E10,0.0178,0.0081
2015-12-22,华电重工,sh601226,专业工程,未知位置,12.57,12.37,12.4,12.56,12.44,5561797,6.9215673E7,0.0151,3.9814,49.5781,1.0,4.6158E9,1.45068E10,0.016,0.0129
2015-12-23,华电重工,sh601226,专业工程,未知位置,12.57,12.36,12.54,12.4,12.56,7710688,9.6143255E7,0.021,3.9307,48.9466,1.0,4.557E9,1.4322E10,0.0167,-0.0111
2015-12-24,华电重工,sh601226,专业工程,未知位置,12.5,12.28,12.38,12.48,12.4,5683255,7.0398283E7,0.0155,3.956,49.2623,1.0,4.5864E9,1.44144E10,0.0177,0.008
2015-12-25,华电重工,sh601226,专业工程,未知位置,12.8,12.42,12.54,12.78,12.48,8195351,1.03589612E8,0.0223,4.0511,50.4465,1.0,4.69665E9,1.47609E10,0.0304,0.0191
2015-12-28,华电重工,sh601226,专业工程,未知位置,12.98,12.4,12.88,12.42,12.78,10424891,1.3227786E8,0.0284,3.937,49.0255,1.0,4.56435E9,1.43451E10,0.0453,-0.0357
2015-12-29,华电重工,sh601226,专业工程,未知位置,12.68,12.36,12.43,12.64,12.42,6826814,8.5479731E7,0.0186,4.0067,49.8939,1.0,4.6452E9,1.45992E10,0.0257,0.0168
2015-12-30,华电重工,sh601226,专业工程,未知位置,12.78,12.57,12.58,12.7,12.64,5701376,7.2263529E7,0.0155,4.0258,50.1307,1.0,4.66725E9,1.46685E10,0.0166,0.0095
2015-12-31,华电重工,sh601226,专业工程,未知位置,12.86,12.55,12.7,12.65,12.7,6000617,7.5951723E7,0.0163,4.0099,49.9334,1.0,4.648875E9,1.461075E10,0.0244,-0.0039
2016-01-04,华电重工,sh601226,专业工程,未知位置,12.94,11.43,12.69,11.48,12.65,7453268,9.3184578E7,0.0203,3.639,45.315,1.0,4.2189E9,1.32594E10,0.1193,-0.0953
2016-01-05,华电重工,sh601226,专业工程,未知位置,12.2,10.8,11.0,11.84,11.48,9427337,1.09191406E8,0.0257,3.7532,46.7361,1.0,4.3512E9,1.36752E10,0.1219,0.0763
2016-01-06,华电重工,sh601226,专业工程,未知位置,12.15,11.66,11.76,12.11,11.84,5084673,6.0635889E7,0.0138,3.8387,47.8018,1.0,4.450425E9,1.398705E10,0.0413,0.0297
2016-01-07,华电重工,sh601226,专业工程,未知位置,11.89,10.9,11.82,10.92,12.11,1812186,2.0527277E7,0.0049,3.4615,43.1045,1.0,4.0131E9,1.26126E10,0.0817,-0.0761
2016-01-08,华电重工,sh601226,专业工程,未知位置,11.5,10.51,11.25,11.2,10.92,7547371,8.4088522E7,0.0205,3.5503,44.2098,1.0,4.116E9,1.2936E10,0.0906,-0.0044
2016-01-11,华电重工,sh601226,专业工程,未知位置,11.25,10.18,11.0,10.28,11.2,6423099,6.9069012E7,0.0175,3.2587,40.5783,1.0,3.7779E9,1.18734E10,0.0955,-0.0654
2016-01-12,华电重工,sh601226,专业工程,未知位置,10.53,10.16,10.28,10.35,10.28,4818108,4.9851237E7,0.0131,3.2808,40.8546,1.0,3.803625E9,1.195425E10,0.0359,0.0068
2016-01-13,华电重工,sh601226,专业工程,未知位置,10.48,9.8,10.43,10.11,10.35,4921152,5.0240485E7,0.0134,3.2048,39.9072,1.0,3.715425E9,1.167705E10,0.0657,-0.0306
2016-01-14,华电重工,sh601226,专业工程,未知位置,10.54,9.82,9.94,10.48,10.11,5725937,5.8813222E7,0.0156,3.3221,41.3677,1.0,3.8514E9,1.21044E10,0.0712,0.0543
2016-01-15,华电重工,sh601226,专业工程,未知位置,10.54,9.88,10.39,10.11,10.48,5414507,5.5242339E7,0.0147,3.2048,39.9072,1.0,3.715425E9,1.167705E10,0.0629,-0.0269
2016-01-18,华电重工,sh601226,专业工程,未知位置,11.1,9.78,9.86,10.36,10.11,5484127,5.6664521E7,0.0149,3.284,40.8941,1.0,3.8073E9,1.19658E10,0.1305,0.0507
2016-01-19,华电重工,sh601226,专业工程,未知位置,10.66,10.21,10.22,10.61,10.36,6260762,6.5653282E7,0.017,3.3633,41.8809,1.0,3.899175E9,1.225455E10,0.0434,0.0381
2016-01-20,华电重工,sh601226,专业工程,未知位置,10.71,10.4,10.62,10.46,10.61,5984285,6.3171096E7,0.0163,3.3157,41.2888,1.0,3.84405E9,1.20813E10,0.0292,-0.015
2016-01-21,华电重工,sh601226,专业工程,未知位置,10.67,10.2,10.54,10.21,10.46,6496286,6.7852057E7,0.0177,3.2365,40.302,1.0,3.752175E9,1.179255E10,0.0449,-0.0313
2016-01-22,华电重工,sh601226,专业工程,未知位置,10.38,10.02,10.29,10.32,10.21,4508613,4.6214846E7,0.0123,3.2713,40.7362,1.0,3.7926E9,1.19196E10,0.0352,0.0029
2016-01-25,华电重工,sh601226,专业工程,未知位置,10.46,10.22,10.33,10.38,10.32,3595961,3.7238419E7,0.0098,3.2904,40.973,1.0,3.81465E9,1.19889E10,0.0232,0.0048
2016-01-26,华电重工,sh601226,专业工程,未知位置,10.25,9.47,10.19,9.58,10.38,5193991,5.1601583E7,0.0141,3.0368,37.8152,1.0,3.52065E9,1.10649E10,0.0751,-0.0598
2016-01-27,华电重工,sh601226,专业工程,未知位置,10.3,9.0,9.68,9.55,9.58,5431441,5.2005979E7,0.0148,3.0272,37.6967,1.0,3.509625E9,1.103025E10,0.1356,-0.0134
2016-01-28,华电重工,sh601226,专业工程,未知位置,9.51,8.95,9.36,8.98,9.55,3536535,3.273263E7,0.0096,2.8466,35.4468,1.0,3.30015E9,1.03719E10,0.0586,-0.0405
2016-01-29,华电重工,sh601226,专业工程,未知位置,9.37,8.81,8.81,9.26,8.98,4591976,4.2166667E7,0.0125,2.9353,36.552,1.0,3.40305E9,1.06953E10,0.0623,0.051
2016-02-01,华电重工,sh601226,专业工程,未知位置,9.43,8.97,9.26,9.1,9.26,2328566,2.1304458E7,0.0063,2.8846,35.9205,1.0,3.34425E9,1.05105E10,0.0496,-0.0172
2016-02-02,华电重工,sh601226,专业工程,未知位置,9.36,9.1,9.15,9.34,9.1,3440782,3.1936067E7,0.0094,2.9607,36.8678,1.0,3.43245E9,1.07877E10,0.0285,0.0207
2016-02-03,华电重工,sh601226,专业工程,未知位置,9.29,9.03,9.2,9.26,9.34,3316053,3.0359788E7,0.009,2.9353,36.552,1.0,3.40305E9,1.06953E10,0.0278,0.0065
2016-02-04,华电重工,sh601226,专业工程,未知位置,9.43,9.19,9.19,9.38,9.26,4156903,3.8917763E7,0.0113,2.9734,37.0257,1.0,3.44715E9,1.08339E10,0.0259,0.0206
2016-02-05,华电重工,sh601226,专业工程,未知位置,9.48,9.3,9.35,9.32,9.38,3023848,2.8345252E7,0.0082,2.9543,36.7889,1.0,3.4251E9,1.07646E10,0.0191,-0.0032
2016-02-15,华电重工,sh601226,专业工程,未知位置,9.19,8.96,9.06,9.15,9.32,2520425,2.2901763E7,0.0069,2.9005,36.1178,1.0,3.362625E9,1.056825E10,0.0246,0.0099
2016-02-16,华电重工,sh601226,专业工程,未知位置,9.54,9.19,9.2,9.5,9.15,5040459,4.746222E7,0.0137,3.0114,37.4994,1.0,3.49125E9,1.09725E10,0.0382,0.0326
2016-02-17,华电重工,sh601226,专业工程,未知位置,9.57,9.38,9.48,9.55,9.5,5030801,4.7719569E7,0.0137,3.0272,37.6967,1.0,3.509625E9,1.103025E10,0.0199,0.0073
2016-02-18,华电重工,sh601226,专业工程,未知位置,9.67,9.54,9.59,9.62,9.55,5322815,5.1126814E7,0.0145,3.0494,37.9731,1.0,3.53535E9,1.11111E10,0.0136,0.0031
2016-02-19,华电重工,sh601226,专业工程,未知位置,9.65,9.48,9.56,9.59,9.62,3958688,3.7831757E7,0.0108,3.0399,37.8546,1.0,3.524325E9,1.107645E10,0.0176,0.0031
2016-02-22,华电重工,sh601226,专业工程,未知位置,9.93,9.62,9.64,9.8,9.59,5577171,5.435594E7,0.0152,3.1065,38.6836,1.0,3.6015E9,1.1319E10,0.0323,0.0165
2016-02-23,华电重工,sh601226,专业工程,未知位置,9.89,9.54,9.86,9.67,9.8,4460877,4.3250975E7,0.0121,3.0653,38.1704,1.0,3.553725E9,1.116885E10,0.0357,-0.0192
2016-02-24,华电重工,sh601226,专业工程,未知位置,9.83,9.51,9.61,9.81,9.67,5005006,4.8450015E7,0.0136,3.1097,38.723,1.0,3.605175E9,1.133055E10,0.033,0.0208
2016-02-25,华电重工,sh601226,专业工程,未知位置,9.8,8.9,9.8,9.0,9.81,6164570,5.77108E7,0.0168,2.8529,35.5257,1.0,3.3075E9,1.0395E10,0.0917,-0.0816
2016-02-26,华电重工,sh601226,专业工程,未知位置,9.44,8.92,9.06,9.35,9.0,6220531,5.7142062E7,0.0169,2.9639,36.9073,1.0,3.436125E9,1.079925E10,0.0577,0.032
2016-02-29,华电重工,sh601226,专业工程,未知位置,9.27,8.68,9.27,9.08,9.35,7421456,6.5989438E7,0.0202,2.8783,35.8415,1.0,3.3369E9,1.04874E10,0.0631,-0.0204
2016-03-01,华电重工,sh601226,专业工程,未知位置,9.29,8.83,9.08,9.15,9.08,6220379,5.6254024E7,0.0169,2.9005,36.1178,1.0,3.362625E9,1.056825E10,0.0506,0.0077
2016-03-02,华电重工,sh601226,专业工程,未知位置,9.61,9.08,9.2,9.59,9.15,9404961,8.840968E7,0.0256,3.0399,37.8546,1.0,3.524325E9,1.107645E10,0.0579,0.0423
2016-03-03,华电重工,sh601226,专业工程,未知位置,9.67,9.5,9.53,9.53,9.59,7280923,6.9825126E7,0.0198,3.0209,37.6178,1.0,3.502275E9,1.100715E10,0.0177,0.0
2016-03-04,华电重工,sh601226,专业工程,未知位置,9.85,9.3,9.5,9.48,9.53,7539365,7.1982669E7,0.0205,3.0051,37.4204,1.0,3.4839E9,1.09494E10,0.0577,-0.0021
2016-03-07,华电重工,sh601226,专业工程,未知位置,9.73,9.48,9.58,9.65,9.48,5318305,5.1097471E7,0.0145,3.0589,38.0915,1.0,3.546375E9,1.114575E10,0.0263,0.0073
2016-03-08,华电重工,sh601226,专业工程,未知位置,9.71,9.2,9.71,9.58,9.65,5154271,4.8597985E7,0.014,3.0368,37.8152,1.0,3.52065E9,1.10649E10,0.0528,-0.0133
2016-03-09,华电重工,sh601226,专业工程,未知位置,9.47,9.24,9.28,9.33,9.58,3295800,3.0775701E7,0.009,2.9575,36.8283,1.0,3.428775E9,1.077615E10,0.024,0.0053
2016-03-10,华电重工,sh601226,专业工程,未知位置,9.75,9.24,9.33,9.35,9.33,3811361,3.5944559E7,0.0104,2.9639,36.9073,1.0,3.436125E9,1.079925E10,0.0546,0.0021
2016-03-11,华电重工,sh601226,专业工程,未知位置,9.44,9.08,9.14,9.37,9.35,3519764,3.2648406E7,0.0096,2.9702,36.9862,1.0,3.443475E9,1.082235E10,0.0385,0.0251
2016-03-14,华电重工,sh601226,专业工程,未知位置,9.86,9.39,9.45,9.79,9.37,9191099,8.9116682E7,0.025,3.1033,38.6441,1.0,3.597825E9,1.130745E10,0.0501,0.0359
2016-03-15,华电重工,sh601226,专业工程,未知位置,10.0,9.64,9.7,9.8,9.79,8562882,8.3742293E7,0.0233,3.1065,38.6836,1.0,3.6015E9,1.1319E10,0.0367,0.0103
2016-03-16,华电重工,sh601226,专业工程,未知位置,10.3,9.72,9.81,9.98,9.8,16675833,1.66140986E8,0.0454,3.1636,39.3941,1.0,3.66765E9,1.15269E10,0.0591,0.0173
2016-03-17,华电重工,sh601226,专业工程,未知位置,10.25,9.76,9.91,10.05,9.98,16201589,1.61680622E8,0.0441,3.1857,39.6704,1.0,3.693375E9,1.160775E10,0.049,0.0141
2016-03-18,华电重工,sh601226,专业工程,未知位置,10.28,9.95,10.01,10.26,10.05,15313338,1.55177375E8,0.0417,3.2523,40.4993,1.0,3.77055E9,1.18503E10,0.0328,0.0249
2016-03-21,华电重工,sh601226,专业工程,未知位置,10.41,10.16,10.35,10.35,10.26,12181901,1.25000977E8,0.0331,3.2808,40.8546,1.0,3.803625E9,1.195425E10,0.0243,0.0
2016-03-22,华电重工,sh601226,专业工程,未知位置,10.31,10.03,10.26,10.1,10.35,9298665,9.4299562E7,0.0253,3.2016,39.8678,1.0,3.71175E9,1.16655E10,0.027,-0.0155
2016-03-23,华电重工,sh601226,专业工程,未知位置,10.16,10.01,10.01,10.15,10.1,5875250,5.9367094E7,0.016,3.2174,40.0651,1.0,3.730125E9,1.172325E10,0.0148,0.0139
2016-03-24,华电重工,sh601226,专业工程,未知位置,10.14,9.9,10.03,9.91,10.15,6845000,6.8694575E7,0.0186,3.1414,39.1178,1.0,3.641925E9,1.144605E10,0.0236,-0.0119
2016-03-25,华电重工,sh601226,专业工程,未知位置,10.02,9.87,9.88,10.0,9.91,4698041,4.6699369E7,0.0128,3.1699,39.473,1.0,3.675E9,1.155E10,0.0151,0.0121
2016-03-28,华电重工,sh601226,专业工程,未知位置,10.13,9.88,10.05,9.89,10.0,5461833,5.4823637E7,0.0149,3.135,39.0388,1.0,3.634575E9,1.142295E10,0.025,-0.0159
2016-03-29,华电重工,sh601226,专业工程,未知位置,9.95,9.7,9.9,9.74,9.89,4647041,4.5496768E7,0.0126,3.0875,38.4467,1.0,3.57945E9,1.12497E10,0.0252,-0.0161
2016-03-30,华电重工,sh601226,专业工程,未知位置,10.02,9.78,9.78,10.0,9.74,5770700,5.7158301E7,0.0157,3.1699,39.473,1.0,3.675E9,1.155E10,0.0246,0.0224
2016-03-31,华电重工,sh601226,专业工程,未知位置,10.15,9.96,10.05,10.08,10.0,5889552,5.9186577E7,0.016,3.1953,39.7888,1.0,3.7044E9,1.16424E10,0.0189,0.0029
2016-04-01,华电重工,sh601226,专业工程,未知位置,10.05,9.8,10.0,9.97,10.08,4924153,4.8858519E7,0.0134,3.1604,39.3546,1.0,3.663975E9,1.151535E10,0.0248,-0.0029
2016-04-05,华电重工,sh601226,专业工程,未知位置,10.24,9.96,10.0,10.22,9.97,7753740,7.8644126E7,0.0211,3.2396,40.3414,1.0,3.75585E9,1.18041E10,0.028,0.022
2016-04-06,华电重工,sh601226,专业工程,未知位置,10.2,10.03,10.17,10.17,10.22,8219767,8.3278905E7,0.0224,3.2238,40.1441,1.0,3.737475E9,1.174635E10,0.0166,0.0
2016-04-07,华电重工,sh601226,专业工程,未知位置,10.22,9.93,10.17,10.05,10.17,8610720,8.6312695E7,0.0234,3.1857,39.6704,1.0,3.693375E9,1.160775E10,0.0285,-0.0117
2016-04-08,华电重工,sh601226,专业工程,未知位置,10.59,9.98,10.15,10.56,10.05,19674073,2.01558396E8,0.0535,3.3474,41.6835,1.0,3.8808E9,1.21968E10,0.0606,0.0403
