2016-04-08
2014-02-11,海天味业,sh603288,食品加工,广东省,73.8,61.5,61.5,66.41,51.25,9391914,6.2227725E8,0.1255,12.6986,30.9433,0.27248195,4.9707885E9,4.9707885E10,0.2399,0.0798
2014-02-12,海天味业,sh603288,食品加工,广东省,73.05,68.76,71.44,73.05,66.41,25056720,1.77984768E9,0.3348,13.9683,34.0372,0.27248195,5.4677925E9,5.4677925E10,0.0645,0.0225
2014-02-13,海天味业,sh603288,食品加工,广东省,75.6,68.3,69.0,71.92,73.05,17223044,1.25207936E9,0.2301,13.7522,33.5106,0.27248195,5.383212E9,5.383212E10,0.0999,0.0423
2014-02-14,海天味业,sh603288,食品加工,广东省,75.0,72.0,72.0,73.58,71.92,9946406,7.3389248E8,0.1329,14.0696,34.2841,0.27248195,5.507463E9,5.507463E10,0.0417,0.0219
2014-02-17,海天味业,sh603288,食品加工,广东省,74.19,70.93,73.8,72.42,73.58,9846295,7.0957082E8,0.1315,13.8478,33.7436,0.27248195,5.420637E9,5.420637E10,0.0443,-0.0186
2014-02-18,海天味业,sh603288,食品加工,广东省,77.8,71.6,72.76,74.77,72.42,13524100,1.01005715E9,0.1807,14.2972,34.8386,0.27248195,5.5965345E9,5.5965345E10,0.0856,0.0276
2014-02-19,海天味业,sh603288,食品加工,广东省,74.5,71.3,73.51,71.82,74.77,8323140,6.0381082E8,0.1112,13.7331,33.464,0.27248195,5.375727E9,5.375727E10,0.0427,-0.0229
2014-02-20,海天味业,sh603288,食品加工,广东省,73.88,71.18,71.7,72.06,71.82,5854207,4.2380288E8,0.0782,13.779,33.5759,0.27248195,5.393691E9,5.393691E10,0.0375,0.005
2014-02-21,海天味业,sh603288,食品加工,广东省,72.98,69.87,72.2,70.85,72.06,5367438,3.82447264E8,0.0717,13.5476,33.0121,0.27248195,5.3031225E9,5.3031225E10,0.0431,-0.0186
2014-02-24,海天味业,sh603288,食品加工,广东省,72.8,69.91,70.05,72.65,70.85,5130727,3.69393216E8,0.0685,13.8918,33.8508,0.27248195,5.4378525E9,5.4378525E10,0.0407,0.0371
2014-02-25,海天味业,sh603288,食品加工,广东省,77.76,72.0,72.7,72.8,72.65,10440556,7.8453133E8,0.1395,13.9205,33.9207,0.27248195,5.44908E9,5.44908E10,0.0792,0.0013
2014-02-26,海天味业,sh603288,食品加工,广东省,73.77,67.5,72.83,69.99,72.8,6425508,4.51122592E8,0.0858,13.3831,32.6114,0.27248195,5.2387515E9,5.2387515E10,0.0861,-0.0389
2014-02-27,海天味业,sh603288,食品加工,广东省,70.53,67.5,69.9,67.72,69.99,4445610,3.0495328E8,0.0594,12.9491,31.5537,0.27248195,5.068842E9,5.068842E10,0.0432,-0.0311
2014-02-28,海天味业,sh603288,食品加工,广东省,70.79,65.03,67.6,70.25,67.72,4695139,3.22715648E8,0.0627,13.4329,32.7325,0.27248195,5.2582125E9,5.2582125E10,0.085,0.0392
2014-03-03,海天味业,sh603288,食品加工,广东省,71.55,69.46,69.88,70.89,70.25,2820850,1.99004016E8,0.0377,13.5552,33.0307,0.27248195,5.3061165E9,5.3061165E10,0.0297,0.0144
2014-03-04,海天味业,sh603288,食品加工,广东省,71.31,68.66,70.9,69.36,70.89,3767787,2.6306496E8,0.0503,13.2627,32.3178,0.27248195,5.191596E9,5.191596E10,0.0373,-0.0217
2014-03-05,海天味业,sh603288,食品加工,广东省,69.93,67.77,69.32,69.67,69.36,2760347,1.8917856E8,0.0369,13.322,32.4623,0.27248195,5.2147995E9,5.2147995E10,0.0311,0.005
2014-03-06,海天味业,sh603288,食品加工,广东省,70.58,67.63,69.28,70.01,69.67,2597426,1.8000984E8,0.0347,13.387,32.6207,0.27248195,5.2402485E9,5.2402485E10,0.0423,0.0105
2014-03-07,海天味业,sh603288,食品加工,广东省,69.79,67.76,69.79,67.8,70.01,2090429,1.428164E8,0.0279,12.9644,31.591,0.27248195,5.07483E9,5.07483E10,0.0289,-0.0285
2014-03-10,海天味业,sh603288,食品加工,广东省,69.49,66.0,66.97,67.91,67.8,2821192,1.91994128E8,0.0377,12.9854,31.6422,0.27248195,5.0830635E9,5.0830635E10,0.0514,0.014
2014-03-11,海天味业,sh603288,食品加工,广东省,70.0,67.15,67.97,69.32,67.91,3295849,2.27462656E8,0.044,13.255,32.2992,0.27248195,5.188602E9,5.188602E10,0.0419,0.0198
2014-03-12,海天味业,sh603288,食品加工,广东省,71.98,68.6,68.68,69.94,69.32,2706708,1.90879152E8,0.0362,13.3736,32.5881,0.27248195,5.235009E9,5.235009E10,0.0487,0.0183
2014-03-13,海天味业,sh603288,食品加工,广东省,71.5,69.48,69.96,69.84,69.94,2329125,1.64633248E8,0.0311,13.3545,32.5415,0.27248195,5.227524E9,5.227524E10,0.0288,-0.0017
2014-03-14,海天味业,sh603288,食品加工,广东省,70.16,68.5,69.5,68.87,69.84,1117006,7.7581208E7,0.0149,13.169,32.0895,0.27248195,5.1549195E9,5.1549195E10,0.0237,-0.009
2014-03-17,海天味业,sh603288,食品加工,广东省,70.3,68.44,68.5,69.78,68.87,1401282,9.7680912E7,0.0187,13.343,32.5135,0.27248195,5.223033E9,5.223033E10,0.027,0.0186
2014-03-18,海天味业,sh603288,食品加工,广东省,70.5,69.31,69.5,69.6,69.78,1088560,7.6023744E7,0.0145,13.3086,32.4297,0.27248195,5.20956E9,5.20956E10,0.017,0.0014
2014-03-19,海天味业,sh603288,食品加工,广东省,71.44,68.88,70.45,69.51,69.6,2068756,1.45001552E8,0.0276,13.2914,32.3877,0.27248195,5.2028235E9,5.2028235E10,0.0367,-0.0133
2014-03-20,海天味业,sh603288,食品加工,广东省,69.21,66.48,69.13,66.53,69.51,2832574,1.91086256E8,0.0378,12.7215,30.9992,0.27248195,4.9797705E9,4.9797705E10,0.0392,-0.0376
2014-03-21,海天味业,sh603288,食品加工,广东省,67.78,66.01,66.5,67.7,66.53,1324941,8.8750136E7,0.0177,12.9453,31.5444,0.27248195,5.067345E9,5.067345E10,0.0266,0.018
2014-03-24,海天味业,sh603288,食品加工,广东省,67.99,65.91,67.8,66.14,67.7,2042968,1.35640496E8,0.0273,12.647,30.8175,0.27248195,4.950579E9,4.950579E10,0.0307,-0.0244
2014-03-25,海天味业,sh603288,食品加工,广东省,69.2,67.03,68.5,67.91,66.14,2652042,1.80609472E8,0.0354,12.9854,31.6422,0.27248195,5.0830635E9,5.0830635E10,0.0328,-0.0086
2014-03-26,海天味业,sh603288,食品加工,广东省,68.6,67.56,67.85,67.89,67.91,1571071,1.0691596E8,0.021,12.9816,31.6329,0.27248195,5.0815665E9,5.0815665E10,0.0153,5.0E-4
2014-03-27,海天味业,sh603288,食品加工,广东省,68.25,66.88,68.25,66.89,67.89,1429487,9.6197824E7,0.0191,12.7904,31.1669,0.27248195,5.0067165E9,5.0067165E10,0.0201,-0.0199
2014-03-28,海天味业,sh603288,食品加工,广东省,67.61,66.32,66.98,66.39,66.89,1651813,1.10442904E8,0.0221,12.6948,30.934,0.27248195,4.9692915E9,4.9692915E10,0.0192,-0.0088
2014-03-31,海天味业,sh603288,食品加工,广东省,67.45,66.0,66.51,66.13,66.39,2107582,1.40343984E8,0.0282,7.7503,27.9383,0.27248195,4.9498305E9,4.9498305E10,0.0218,-0.0057
2014-04-01,海天味业,sh603288,食品加工,广东省,67.62,66.0,66.0,67.61,66.13,1119987,7.5184952E7,0.015,7.9238,28.5636,0.27248195,5.0606085E9,5.0606085E10,0.0244,0.0243
2014-04-02,海天味业,sh603288,食品加工,广东省,69.58,67.1,67.5,68.82,67.61,2102445,1.44637184E8,0.0281,8.0656,29.0747,0.27248195,5.151177E9,5.151177E10,0.0366,0.0195
2014-04-03,海天味业,sh603288,食品加工,广东省,70.0,68.18,68.61,68.22,68.82,1087284,7.5146488E7,0.0145,7.9953,28.8213,0.27248195,5.106267E9,5.106267E10,0.0264,-0.0056
2014-04-04,海天味业,sh603288,食品加工,广东省,69.12,67.99,68.26,68.64,68.22,649741,4.4703864E7,0.0087,8.0445,28.9987,0.27248195,5.137704E9,5.137704E10,0.0165,0.0055
2014-04-08,海天味业,sh603288,食品加工,广东省,71.33,68.26,68.58,71.27,68.64,2422767,1.70601184E8,0.0324,8.3527,30.1098,0.27248195,5.3345595E9,5.3345595E10,0.0447,0.0392
2014-04-09,海天味业,sh603288,食品加工,广东省,71.53,70.1,71.4,71.2,71.27,1506610,1.06543904E8,0.0201,8.3445,30.0802,0.27248195,5.32932E9,5.32932E10,0.02,-0.0028
2014-04-10,海天味业,sh603288,食品加工,广东省,71.58,70.8,70.89,70.88,71.2,1404835,1.00021352E8,0.0188,8.307,29.945,0.27248195,5.305368E9,5.305368E10,0.0109,-1.0E-4
2014-04-11,海天味业,sh603288,食品加工,广东省,73.5,70.25,70.25,72.53,70.88,2794073,2.03464672E8,0.0373,8.5004,30.6421,0.27248195,5.4288705E9,5.4288705E10,0.0458,0.0324
2014-04-14,海天味业,sh603288,食品加工,广东省,74.0,71.8,72.46,72.13,72.53,1131339,8.2250344E7,0.0151,8.4535,30.4731,0.27248195,5.3989305E9,5.3989305E10,0.0303,-0.0045
2014-04-15,海天味业,sh603288,食品加工,广东省,72.6,70.35,72.58,70.7,72.13,1475819,1.0480612E8,0.0197,8.2859,29.869,0.27248195,5.291895E9,5.291895E10,0.0311,-0.0259
2014-04-16,海天味业,sh603288,食品加工,广东省,71.89,70.23,70.7,71.84,70.7,835508,5.948984E7,0.0112,8.4195,30.3506,0.27248195,5.377224E9,5.377224E10,0.0234,0.0161
2014-04-17,海天味业,sh603288,食品加工,广东省,72.8,71.2,71.85,71.22,71.84,664538,4.7851432E7,0.0089,8.3469,30.0887,0.27248195,5.330817E9,5.330817E10,0.0222,-0.0087
2014-04-18,海天味业,sh603288,食品加工,广东省,72.2,70.13,71.0,70.61,71.22,654608,4.6274208E7,0.0087,8.2754,29.831,0.27248195,5.2851585E9,5.2851585E10,0.029,-0.0054
2014-04-21,海天味业,sh603288,食品加工,广东省,71.39,69.9,70.31,70.1,70.61,1189935,8.4022656E7,0.0159,8.2156,29.6155,0.27248195,5.246985E9,5.246985E10,0.0211,-0.0029
2014-04-22,海天味业,sh603288,食品加工,广东省,70.49,67.5,70.25,68.29,70.1,1515827,1.04174984E8,0.0203,8.0035,28.8508,0.27248195,5.1115065E9,5.1115065E10,0.0426,-0.0279
2014-04-23,海天味业,sh603288,食品加工,广东省,69.15,68.0,68.29,68.44,68.29,1042848,7.1449536E7,0.0139,8.0211,28.9142,0.27248195,5.122734E9,5.122734E10,0.0168,0.0021
2014-04-24,海天味业,sh603288,食品加工,广东省,69.06,68.01,68.01,68.74,68.44,507627,3.4849168E7,0.0068,8.0562,29.041,0.27248195,5.145189E9,5.145189E10,0.0153,0.0107
2014-04-25,海天味业,sh603288,食品加工,广东省,69.26,67.52,68.99,67.55,68.74,825814,5.6307296E7,0.011,7.9167,28.5382,0.27248195,5.0561175E9,5.0561175E10,0.0253,-0.0208
2014-04-28,海天味业,sh603288,食品加工,广东省,67.49,66.5,66.99,66.59,67.55,1136107,7.5948136E7,0.0152,7.8042,28.1326,0.27248195,4.9842615E9,4.9842615E10,0.0146,-0.0059
2014-04-29,海天味业,sh603288,食品加工,广东省,67.03,66.05,66.5,66.5,66.59,926277,6.1610076E7,0.0124,7.7937,28.0946,0.27248195,4.977525E9,4.977525E10,0.0147,0.0
2014-04-30,海天味业,sh603288,食品加工,广东省,70.11,67.88,67.88,69.48,66.5,1916183,1.32294392E8,0.0256,8.1429,29.3536,0.27248195,5.200578E9,5.200578E10,0.0335,0.0235
2014-05-05,海天味业,sh603288,食品加工,广东省,71.58,69.39,69.39,70.79,69.48,1806607,1.27548968E8,0.0241,8.2965,29.907,0.27248195,5.2986315E9,5.2986315E10,0.0315,0.0201
2014-05-06,海天味业,sh603288,食品加工,广东省,72.14,70.35,70.35,71.28,70.79,1537865,1.09963408E8,0.0205,8.3539,30.114,0.27248195,5.335308E9,5.335308E10,0.0252,0.0132
2014-05-07,海天味业,sh603288,食品加工,广东省,72.2,70.2,70.99,70.8,71.28,980654,6.9714696E7,0.0131,8.2976,29.9113,0.27248195,5.29938E9,5.29938E10,0.028,-0.0026
2014-05-08,海天味业,sh603288,食品加工,广东省,71.58,70.0,70.35,70.8,70.8,745995,5.2815524E7,0.01,8.2976,29.9113,0.27248195,5.29938E9,5.29938E10,0.0223,0.0063
2014-05-09,海天味业,sh603288,食品加工,广东省,71.15,69.7,71.06,70.17,70.8,661856,4.6668052E7,0.0088,8.2238,29.6451,0.27248195,5.2522245E9,5.2522245E10,0.0204,-0.0125
2014-05-12,海天味业,sh603288,食品加工,广东省,71.48,70.17,70.79,71.07,70.17,895566,6.3586872E7,0.012,8.3293,30.0253,0.27248195,5.3195895E9,5.3195895E10,0.0186,0.0039
2014-05-13,海天味业,sh603288,食品加工,广东省,73.19,71.02,71.5,72.55,71.07,1992797,1.44343824E8,0.0266,8.5027,30.6506,0.27248195,5.4303675E9,5.4303675E10,0.0305,0.0146
2014-05-14,海天味业,sh603288,食品加工,广东省,73.09,72.12,72.35,72.43,72.55,806453,5.8574864E7,0.0108,8.4887,30.5999,0.27248195,5.4213855E9,5.4213855E10,0.0133,0.0011
2014-05-15,海天味业,sh603288,食品加工,广东省,75.49,72.01,72.07,73.96,72.43,3060209,2.26638192E8,0.0409,8.668,31.2463,0.27248195,5.535906E9,5.535906E10,0.048,0.0262
2014-05-16,海天味业,sh603288,食品加工,广东省,75.3,71.52,73.7,72.16,73.96,2193672,1.60573072E8,0.0293,8.457,30.4858,0.27248195,5.401176E9,5.401176E10,0.0511,-0.0208
2014-05-19,海天味业,sh603288,食品加工,广东省,36.48,34.8,36.0,34.99,35.83,2172439,7.732248E7,0.0145,8.2015,29.5648,0.5487663,5.238003E9,5.238003E10,0.0468,-0.028
2014-05-20,海天味业,sh603288,食品加工,广东省,36.6,34.94,34.94,35.43,34.99,2878309,1.02709296E8,0.0192,8.3047,29.9366,0.5487663,5.303871E9,5.303871E10,0.0474,0.014
2014-05-21,海天味业,sh603288,食品加工,广东省,35.07,33.8,35.0,34.57,35.43,5211456,1.78598736E8,0.0348,8.1031,29.2099,0.5487663,5.175129E9,5.175129E10,0.0358,-0.0122
2014-05-22,海天味业,sh603288,食品加工,广东省,35.45,34.24,34.47,34.8,34.57,2220073,7.747212E7,0.0148,8.157,29.4043,0.5487663,5.20956E9,5.20956E10,0.035,0.0095
2014-05-23,海天味业,sh603288,食品加工,广东省,35.45,34.6,34.9,35.16,34.8,1400104,4.8969668E7,0.0094,8.2414,29.7085,0.5487663,5.263452E9,5.263452E10,0.0244,0.0074
2014-05-26,海天味业,sh603288,食品加工,广东省,35.81,34.86,35.2,35.47,35.16,2307409,8.2017232E7,0.0154,8.3141,29.9704,0.5487663,5.309859E9,5.309859E10,0.027,0.0076
2014-05-27,海天味业,sh603288,食品加工,广东省,35.47,34.75,35.3,34.82,35.47,2204755,7.7201672E7,0.0147,8.1617,29.4212,0.5487663,5.212554E9,5.212554E10,0.0202,-0.0135
2014-05-28,海天味业,sh603288,食品加工,广东省,35.3,34.4,34.91,35.2,34.82,1882196,6.5639936E7,0.0126,8.2508,29.7423,0.5487663,5.26944E9,5.26944E10,0.0258,0.0083
2014-05-29,海天味业,sh603288,食品加工,广东省,35.8,35.04,35.2,35.31,35.2,2099060,7.429568E7,0.014,8.2765,29.8352,0.5487663,5.285907E9,5.285907E10,0.0215,0.0031
2014-05-30,海天味业,sh603288,食品加工,广东省,35.42,34.7,35.24,34.79,35.31,2169527,7.577832E7,0.0145,8.1547,29.3958,0.5487663,5.208063E9,5.208063E10,0.0203,-0.0127
2014-06-03,海天味业,sh603288,食品加工,广东省,35.13,34.5,34.79,34.76,34.79,1263808,4.3863432E7,0.0084,8.1476,29.3705,0.5487663,5.203572E9,5.203572E10,0.0181,-8.0E-4
2014-06-04,海天味业,sh603288,食品加工,广东省,34.96,34.3,34.71,34.53,34.76,1417069,4.906736E7,0.0095,8.0937,29.1761,0.5487663,5.169141E9,5.169141E10,0.0189,-0.0051
2014-06-05,海天味业,sh603288,食品加工,广东省,34.74,34.2,34.45,34.5,34.53,1222677,4.216914E7,0.0082,8.0867,29.1508,0.5487663,5.16465E9,5.16465E10,0.0156,0.0014
2014-06-06,海天味业,sh603288,食品加工,广东省,34.8,34.46,34.59,34.79,34.5,1396483,4.8343548E7,0.0093,8.1547,29.3958,0.5487663,5.208063E9,5.208063E10,0.0098,0.0057
2014-06-09,海天味业,sh603288,食品加工,广东省,34.91,34.18,34.79,34.38,34.79,1328790,4.5833072E7,0.0089,8.0586,29.0494,0.5487663,5.146686E9,5.146686E10,0.0209,-0.0117
2014-06-10,海天味业,sh603288,食品加工,广东省,34.65,34.17,34.39,34.6,34.38,932087,3.2104106E7,0.0062,8.1101,29.2353,0.5487663,5.17962E9,5.17962E10,0.0139,0.0061
2014-06-11,海天味业,sh603288,食品加工,广东省,34.9,34.33,34.6,34.84,34.6,1609592,5.5610828E7,0.0108,8.1664,29.4381,0.5487663,5.215548E9,5.215548E10,0.0164,0.0069
2014-06-12,海天味业,sh603288,食品加工,广东省,34.91,34.45,34.9,34.49,34.84,1011571,3.49674E7,0.0068,8.0843,29.1423,0.5487663,5.163153E9,5.163153E10,0.0132,-0.0117
2014-06-13,海天味业,sh603288,食品加工,广东省,34.8,34.35,34.4,34.62,34.49,1694956,5.8672816E7,0.0113,8.1148,29.2522,0.5487663,5.182614E9,5.182614E10,0.013,0.0063
2014-06-16,海天味业,sh603288,食品加工,广东省,34.98,34.31,34.77,34.96,34.62,1935920,6.7155152E7,0.0129,8.1945,29.5395,0.5487663,5.233512E9,5.233512E10,0.0193,0.0054
2014-06-17,海天味业,sh603288,食品加工,广东省,35.1,34.5,34.8,34.52,34.96,1882990,6.5637896E7,0.0126,8.0914,29.1677,0.5487663,5.167644E9,5.167644E10,0.0171,-0.008
2014-06-18,海天味业,sh603288,食品加工,广东省,34.38,32.65,34.22,32.81,34.52,5846099,1.94694384E8,0.0391,7.6906,27.7228,0.5487663,4.911657E9,4.911657E10,0.0501,-0.0412
2014-06-19,海天味业,sh603288,食品加工,广东省,32.79,31.7,32.79,32.21,32.81,4367725,1.40490288E8,0.0292,7.5499,27.2159,0.5487663,4.821837E9,4.821837E10,0.0332,-0.0176
2014-06-20,海天味业,sh603288,食品加工,广东省,32.46,32.0,32.0,32.38,32.21,1012239,3.2657394E7,0.0068,7.5898,27.3595,0.5487663,4.847286E9,4.847286E10,0.0142,0.0118
2014-06-23,海天味业,sh603288,食品加工,广东省,33.65,32.41,32.41,33.09,32.38,2335405,7.731256E7,0.0156,7.7562,27.9594,0.5487663,4.953573E9,4.953573E10,0.0382,0.0209
2014-06-24,海天味业,sh603288,食品加工,广东省,33.18,32.5,32.95,32.99,33.09,1325946,4.3604368E7,0.0089,7.7327,27.8749,0.5487663,4.938603E9,4.938603E10,0.0205,0.0012
2014-06-25,海天味业,sh603288,食品加工,广东省,33.65,32.76,32.98,33.3,32.99,1255490,4.1813652E7,0.0084,7.8054,28.1369,0.5487663,4.98501E9,4.98501E10,0.0269,0.0097
2014-06-26,海天味业,sh603288,食品加工,广东省,34.84,33.03,33.03,34.82,33.3,5149211,1.77137776E8,0.0344,8.1617,29.4212,0.5487663,5.212554E9,5.212554E10,0.0543,0.0541
2014-06-27,海天味业,sh603288,食品加工,广东省,34.96,34.2,34.86,34.41,34.82,2680485,9.246172E7,0.0179,8.0656,29.0747,0.5487663,5.151177E9,5.151177E10,0.0218,-0.0129
2014-06-30,海天味业,sh603288,食品加工,广东省,34.6,33.68,34.6,33.84,34.41,3070075,1.0442088E8,0.0205,7.8254,27.562,0.5487663,5.065848E9,5.065848E10,0.0267,-0.0219
2014-07-01,海天味业,sh603288,食品加工,广东省,34.39,33.57,33.9,33.97,33.84,1894917,6.4256252E7,0.0127,7.8555,27.6679,0.5487663,5.085309E9,5.085309E10,0.0242,0.002
2014-07-02,海天味业,sh603288,食品加工,广东省,33.97,33.5,33.8,33.67,33.97,1860898,6.2607728E7,0.0124,7.7861,27.4235,0.5487663,5.040399E9,5.040399E10,0.0138,-0.0038
2014-07-03,海天味业,sh603288,食品加工,广东省,33.97,33.38,33.38,33.72,33.67,1589977,5.3696256E7,0.0106,7.7977,27.4642,0.5487663,5.047884E9,5.047884E10,0.0175,0.0101
2014-07-04,海天味业,sh603288,食品加工,广东省,34.17,33.71,33.75,34.07,33.72,1619534,5.5089776E7,0.0108,7.8786,27.7493,0.5487663,5.100279E9,5.100279E10,0.0136,0.0094
2014-07-07,海天味业,sh603288,食品加工,广东省,34.12,32.99,34.1,33.26,34.07,2406552,8.0256784E7,0.0161,7.6913,27.0896,0.5487663,4.979022E9,4.979022E10,0.0331,-0.0246
2014-07-08,海天味业,sh603288,食品加工,广东省,33.41,33.01,33.01,33.29,33.26,1271119,4.2167236E7,0.0085,7.6982,27.114,0.5487663,4.983513E9,4.983513E10,0.012,0.0084
2014-07-09,海天味业,sh603288,食品加工,广东省,33.37,32.53,33.29,32.6,33.29,2341421,7.6934408E7,0.0156,7.5387,26.552,0.5487663,4.88022E9,4.88022E10,0.0252,-0.0207
2014-07-10,海天味业,sh603288,食品加工,广东省,32.7,31.98,32.6,32.2,32.6,3300407,1.06032576E8,0.022,7.4462,26.2262,0.5487663,4.82034E9,4.82034E10,0.022,-0.0122
2014-07-11,海天味业,sh603288,食品加工,广东省,32.53,32.0,32.21,32.32,32.2,1691018,5.4551928E7,0.0113,7.4739,26.324,0.5487663,4.838304E9,4.838304E10,0.0164,0.0034
2014-07-14,海天味业,sh603288,食品加工,广东省,32.53,31.9,32.32,32.19,32.32,3537353,1.13548488E8,0.0236,7.4439,26.2181,0.5487663,4.818843E9,4.818843E10,0.0194,-0.004
2014-07-15,海天味业,sh603288,食品加工,广东省,33.33,32.15,32.18,33.03,32.19,4160439,1.36755266E8,0.0278,7.6381,26.9022,0.5487663,4.944591E9,4.944591E10,0.0366,0.0264
2014-07-16,海天味业,sh603288,食品加工,广东省,32.98,32.65,32.98,32.76,33.03,1754444,5.7521979E7,0.0117,7.5757,26.6823,0.5487663,4.904172E9,4.904172E10,0.0099,-0.0066
2014-07-17,海天味业,sh603288,食品加工,广东省,33.2,32.62,32.74,32.74,32.76,1943572,6.4065846E7,0.013,7.5711,26.666,0.5487663,4.901178E9,4.901178E10,0.0177,0.0
2014-07-18,海天味业,sh603288,食品加工,广东省,33.08,32.42,32.42,32.83,32.74,1273440,4.1811891E7,0.0085,7.5919,26.7393,0.5487663,4.914651E9,4.914651E10,0.0201,0.0126
2014-07-21,海天味业,sh603288,食品加工,广东省,32.83,32.02,32.66,32.63,32.83,1610163,5.2096703E7,0.0108,7.5456,26.5764,0.5487663,4.884711E9,4.884711E10,0.0246,-9.0E-4
2014-07-22,海天味业,sh603288,食品加工,广东省,33.0,32.18,32.5,32.86,32.63,2088397,6.830005E7,0.014,7.5988,26.7638,0.5487663,4.919142E9,4.919142E10,0.0251,0.011
2014-07-23,海天味业,sh603288,食品加工,广东省,32.82,32.5,32.66,32.58,32.86,1846234,6.0276621E7,0.0123,7.5341,26.5357,0.5487663,4.877226E9,4.877226E10,0.0097,-0.0024
2014-07-24,海天味业,sh603288,食品加工,广东省,33.05,32.42,32.55,32.75,32.58,1834314,6.0213943E7,0.0123,7.5734,26.6742,0.5487663,4.902675E9,4.902675E10,0.0193,0.0061
2014-07-25,海天味业,sh603288,食品加工,广东省,33.74,32.8,32.8,33.4,32.75,1920183,6.4231313E7,0.0128,7.7237,27.2036,0.5487663,4.99998E9,4.99998E10,0.0287,0.0182
2014-07-28,海天味业,sh603288,食品加工,广东省,34.0,33.45,33.45,33.85,33.4,3190353,1.07759889E8,0.0213,7.8277,27.5701,0.5487663,5.067345E9,5.067345E10,0.0164,0.0119
2014-07-29,海天味业,sh603288,食品加工,广东省,34.1,33.6,33.95,34.0,33.85,2769079,9.3864165E7,0.0185,7.8624,27.6923,0.5487663,5.0898E9,5.0898E10,0.0147,0.0014
2014-07-30,海天味业,sh603288,食品加工,广东省,34.21,33.7,34.0,33.93,34.0,2147305,7.2953909E7,0.0143,7.8462,27.6353,0.5487663,5.079321E9,5.079321E10,0.0149,-0.002
2014-07-31,海天味业,sh603288,食品加工,广东省,34.15,33.67,33.85,34.08,33.93,2429852,8.249062E7,0.0162,7.8809,27.7574,0.5487663,5.101776E9,5.101776E10,0.0141,0.0067
2014-08-01,海天味业,sh603288,食品加工,广东省,35.0,33.84,34.08,34.5,34.08,4817583,1.66829045E8,0.0322,7.978,28.0995,0.5487663,5.16465E9,5.16465E10,0.034,0.0123
2014-08-04,海天味业,sh603288,食品加工,广东省,34.78,34.33,34.59,34.54,34.5,2171414,7.4828873E7,0.0145,7.9873,28.1321,0.5487663,5.170638E9,5.170638E10,0.013,-0.0014
2014-08-05,海天味业,sh603288,食品加工,广东省,34.6,34.0,34.59,34.1,34.54,2106204,7.190652E7,0.0141,7.8856,27.7737,0.5487663,5.10477E9,5.10477E10,0.0173,-0.0141
2014-08-06,海天味业,sh603288,食品加工,广东省,34.3,33.88,34.2,34.26,34.1,1658124,5.6463464E7,0.0111,7.9226,27.9041,0.5487663,5.128722E9,5.128722E10,0.0123,0.0017
2014-08-07,海天味业,sh603288,食品加工,广东省,34.27,33.8,34.24,34.02,34.26,1755999,5.9715111E7,0.0117,7.8671,27.7086,0.5487663,5.092794E9,5.092794E10,0.0137,-0.0064
2014-08-08,海天味业,sh603288,食品加工,广东省,34.02,33.8,34.02,33.95,34.02,1142604,3.8736316E7,0.0076,7.8509,27.6516,0.5487663,5.082315E9,5.082315E10,0.0064,-0.002
2014-08-11,海天味业,sh603288,食品加工,广东省,34.6,33.8,34.0,34.41,33.95,2333190,8.0169302E7,0.0156,7.9572,28.0262,0.5487663,5.151177E9,5.151177E10,0.0235,0.012
2014-08-12,海天味业,sh603288,食品加工,广东省,34.45,33.88,34.45,34.43,34.41,1885695,6.4512715E7,0.0126,7.9619,28.0425,0.5487663,5.154171E9,5.154171E10,0.0165,-5.0E-4
2014-08-13,海天味业,sh603288,食品加工,广东省,34.56,34.25,34.4,34.49,34.43,2289527,7.8895185E7,0.0153,7.9757,28.0914,0.5487663,5.163153E9,5.163153E10,0.009,0.0026
2014-08-14,海天味业,sh603288,食品加工,广东省,34.44,33.65,34.44,33.79,34.49,3105953,1.05491379E8,0.0207,7.8139,27.5212,0.5487663,5.058363E9,5.058363E10,0.0229,-0.0188
2014-08-15,海天味业,sh603288,食品加工,广东省,34.96,33.63,33.63,34.68,33.79,3429204,1.18285633E8,0.0229,8.0197,28.2461,0.5487663,5.191596E9,5.191596E10,0.0393,0.0312
2014-08-18,海天味业,sh603288,食品加工,广东省,35.58,34.71,34.71,35.18,34.68,3874065,1.36743233E8,0.0259,8.1353,28.6534,0.5487663,5.266446E9,5.266446E10,0.025,0.0135
2014-08-19,海天味业,sh603288,食品加工,广东省,35.47,34.98,35.25,35.19,35.18,2404783,8.4717157E7,0.0161,8.1376,28.6615,0.5487663,5.267943E9,5.267943E10,0.0139,-0.0017
2014-08-20,海天味业,sh603288,食品加工,广东省,37.24,35.22,35.29,36.22,35.19,7454583,2.70818248E8,0.0498,8.3758,29.5004,0.5487663,5.422134E9,5.422134E10,0.0574,0.0263
2014-08-21,海天味业,sh603288,食品加工,广东省,36.33,35.55,36.23,36.07,36.22,2863540,1.02747103E8,0.0191,8.3411,29.3783,0.5487663,5.399679E9,5.399679E10,0.0215,-0.0044
2014-08-22,海天味业,sh603288,食品加工,广东省,37.14,36.11,36.12,36.54,36.07,3679961,1.34535314E8,0.0246,8.4498,29.7611,0.5487663,5.470038E9,5.470038E10,0.0285,0.0116
2014-08-25,海天味业,sh603288,食品加工,广东省,37.29,36.49,36.49,36.68,36.54,2687663,9.9043865E7,0.018,8.4822,29.8751,0.5487663,5.490996E9,5.490996E10,0.0218,0.0052
2014-08-26,海天味业,sh603288,食品加工,广东省,36.73,35.5,36.73,35.56,36.68,3130701,1.12517523E8,0.0209,8.2232,28.9629,0.5487663,5.323332E9,5.323332E10,0.0335,-0.0318
2014-08-27,海天味业,sh603288,食品加工,广东省,36.05,35.5,35.66,35.66,35.56,1428883,5.1022838E7,0.0095,8.2463,29.0443,0.5487663,5.338302E9,5.338302E10,0.0154,0.0
2014-08-28,海天味业,sh603288,食品加工,广东省,35.88,35.15,35.78,35.66,35.66,2190262,7.7757757E7,0.0146,8.2463,29.0443,0.5487663,5.338302E9,5.338302E10,0.0204,-0.0033
2014-08-29,海天味业,sh603288,食品加工,广东省,37.1,35.6,35.65,37.0,35.66,4216571,1.5420657E8,0.0282,8.5562,30.1357,0.5487663,5.5389E9,5.5389E10,0.042,0.0378
2014-09-01,海天味业,sh603288,食品加工,广东省,39.04,36.9,37.0,38.64,37.0,6233228,2.39899997E8,0.0416,8.9354,31.4715,0.5487663,5.784408E9,5.784408E10,0.0578,0.0443
2014-09-02,海天味业,sh603288,食品加工,广东省,39.07,38.2,39.03,38.78,38.64,4895108,1.88649461E8,0.0327,8.9678,31.5855,0.5487663,5.805366E9,5.805366E10,0.0225,-0.0064
2014-09-03,海天味业,sh603288,食品加工,广东省,38.83,38.09,38.81,38.66,38.78,3698070,1.42531378E8,0.0247,8.94,31.4878,0.5487663,5.787402E9,5.787402E10,0.019,-0.0038
2014-09-04,海天味业,sh603288,食品加工,广东省,38.89,38.17,38.6,38.87,38.66,3351923,1.29262141E8,0.0224,8.9886,31.6588,0.5487663,5.818839E9,5.818839E10,0.0186,0.0069
2014-09-05,海天味业,sh603288,食品加工,广东省,39.79,38.15,39.0,38.54,38.87,5351859,2.08464189E8,0.0358,8.9123,31.39,0.5487663,5.769438E9,5.769438E10,0.0421,-0.0117
2014-09-09,海天味业,sh603288,食品加工,广东省,38.77,37.92,38.64,38.27,38.54,2951001,1.12478256E8,0.0197,8.8499,31.1701,0.5487663,5.729019E9,5.729019E10,0.022,-0.0095
2014-09-10,海天味业,sh603288,食品加工,广东省,38.46,38.04,38.07,38.34,38.27,2364490,9.0464534E7,0.0158,8.866,31.2271,0.5487663,5.739498E9,5.739498E10,0.0109,0.007
2014-09-11,海天味业,sh603288,食品加工,广东省,39.25,38.11,38.37,38.48,38.34,4101757,1.58095228E8,0.0274,8.8984,31.3412,0.5487663,5.760456E9,5.760456E10,0.0297,0.0028
2014-09-12,海天味业,sh603288,食品加工,广东省,38.47,37.5,38.47,38.0,38.48,4120338,1.55913225E8,0.0275,8.7874,30.9502,0.5487663,5.6886E9,5.6886E10,0.0252,-0.0122
2014-09-15,海天味业,sh603288,食品加工,广东省,37.97,37.41,37.9,37.82,38.0,3685109,1.38872534E8,0.0246,8.7458,30.8036,0.5487663,5.661654E9,5.661654E10,0.0147,-0.0021
2014-09-16,海天味业,sh603288,食品加工,广东省,37.97,36.0,37.9,36.4,37.82,4127798,1.53650743E8,0.0276,8.4174,29.647,0.5487663,5.44908E9,5.44908E10,0.052,-0.0395
2014-09-17,海天味业,sh603288,食品加工,广东省,36.97,36.1,36.38,36.84,36.4,2540238,9.2713926E7,0.017,8.5192,30.0054,0.5487663,5.514948E9,5.514948E10,0.0239,0.0126
2014-09-18,海天味业,sh603288,食品加工,广东省,36.96,36.31,36.66,36.56,36.84,1764496,6.471918E7,0.0118,8.4544,29.7774,0.5487663,5.473032E9,5.473032E10,0.0176,-0.0027
2014-09-19,海天味业,sh603288,食品加工,广东省,37.25,36.38,36.6,37.14,36.56,2197130,8.0765879E7,0.0147,8.5885,30.2497,0.5487663,5.559858E9,5.559858E10,0.0237,0.0147
2014-09-22,海天味业,sh603288,食品加工,广东省,37.2,36.39,37.2,36.96,37.14,2659661,9.7564097E7,0.0178,8.5469,30.1031,0.5487663,5.532912E9,5.532912E10,0.0218,-0.0064
2014-09-23,海天味业,sh603288,食品加工,广东省,37.72,36.75,36.9,37.64,36.96,2467089,9.2253367E7,0.0165,8.7042,30.657,0.5487663,5.634708E9,5.634708E10,0.0262,0.02
2014-09-24,海天味业,sh603288,食品加工,广东省,37.9,37.35,37.63,37.72,37.64,2298283,8.6527713E7,0.0154,8.7227,30.7221,0.5487663,5.646684E9,5.646684E10,0.0146,0.0023
2014-09-25,海天味业,sh603288,食品加工,广东省,37.98,37.26,37.8,37.32,37.72,2284166,8.6060976E7,0.0153,8.6302,30.3964,0.5487663,5.586804E9,5.586804E10,0.019,-0.0126
2014-09-26,海天味业,sh603288,食品加工,广东省,37.65,36.71,37.39,37.34,37.32,2225516,8.2657731E7,0.0149,8.6348,30.4126,0.5487663,5.589798E9,5.589798E10,0.0251,-0.0013
2014-09-29,海天味业,sh603288,食品加工,广东省,37.86,37.16,37.42,37.55,37.34,2312363,8.6595811E7,0.0154,8.6834,30.5837,0.5487663,5.621235E9,5.621235E10,0.0187,0.0034
2014-09-30,海天味业,sh603288,食品加工,广东省,37.73,37.4,37.55,37.54,37.55,1758046,6.5922495E7,0.0117,8.1214,29.0585,0.5487663,5.619738E9,5.619738E10,0.0087,-2.0E-4
2014-10-08,海天味业,sh603288,食品加工,广东省,37.7,36.79,37.5,37.32,37.54,5048899,1.87778056E8,0.0337,8.0738,28.8882,0.5487663,5.586804E9,5.586804E10,0.0242,-0.0047
2014-10-09,海天味业,sh603288,食品加工,广东省,37.5,36.6,37.35,36.88,37.32,2981712,1.1039544E8,0.0199,7.9786,28.5476,0.5487663,5.520936E9,5.520936E10,0.0241,-0.0125
2014-10-10,海天味业,sh603288,食品加工,广东省,37.4,36.68,36.83,36.87,36.88,2523953,9.3588338E7,0.0169,7.9764,28.5399,0.5487663,5.519439E9,5.519439E10,0.0195,0.001
2014-10-13,海天味业,sh603288,食品加工,广东省,36.84,36.13,36.7,36.67,36.87,2636459,9.5991576E7,0.0176,7.9332,28.3851,0.5487663,5.489499E9,5.489499E10,0.0192,-8.0E-4
2014-10-14,海天味业,sh603288,食品加工,广东省,36.75,36.36,36.7,36.61,36.67,2136152,7.806943E7,0.0143,7.9202,28.3386,0.5487663,5.480517E9,5.480517E10,0.0106,-0.0024
2014-10-15,海天味业,sh603288,食品加工,广东省,36.86,36.3,36.68,36.85,36.61,2016287,7.3676448E7,0.0135,7.9721,28.5244,0.5487663,5.516445E9,5.516445E10,0.0152,0.0046
2014-10-16,海天味业,sh603288,食品加工,广东省,37.37,36.4,36.48,37.35,36.85,3251072,1.20453534E8,0.0217,8.0803,28.9114,0.5487663,5.591295E9,5.591295E10,0.0263,0.0238
2014-10-17,海天味业,sh603288,食品加工,广东省,38.97,37.48,37.5,38.42,37.35,8027741,3.07436542E8,0.0536,8.3117,29.7397,0.5487663,5.751474E9,5.751474E10,0.0398,0.0245
2014-10-20,海天味业,sh603288,食品加工,广东省,39.33,38.12,38.61,38.37,38.42,3929919,1.51219071E8,0.0263,8.3009,29.701,0.5487663,5.743989E9,5.743989E10,0.0314,-0.0062
2014-10-21,海天味业,sh603288,食品加工,广东省,38.9,37.29,38.9,37.46,38.37,4156188,1.57318534E8,0.0278,8.1041,28.9966,0.5487663,5.607762E9,5.607762E10,0.0419,-0.037
2014-10-22,海天味业,sh603288,食品加工,广东省,37.95,37.1,37.18,37.65,37.46,2757650,1.03582631E8,0.0184,8.1452,29.1436,0.5487663,5.636205E9,5.636205E10,0.0226,0.0126
2014-10-23,海天味业,sh603288,食品加工,广东省,37.56,36.48,37.51,36.73,37.65,2225052,8.2067026E7,0.0149,7.9461,28.4315,0.5487663,5.498481E9,5.498481E10,0.0286,-0.0207
2014-10-24,海天味业,sh603288,食品加工,广东省,36.86,36.44,36.73,36.53,36.73,1679730,6.1521011E7,0.0112,7.9029,28.2767,0.5487663,5.468541E9,5.468541E10,0.0114,-0.0054
2014-10-27,海天味业,sh603288,食品加工,广东省,36.69,36.08,36.55,36.41,36.53,1575585,5.7084854E7,0.0105,7.8769,28.1838,0.5487663,5.450577E9,5.450577E10,0.0166,-0.0038
2014-10-28,海天味业,sh603288,食品加工,广东省,37.64,36.5,36.51,37.58,36.41,2857878,1.06282336E8,0.0191,8.13,29.0895,0.5487663,5.625726E9,5.625726E10,0.0313,0.0293
2014-10-29,海天味业,sh603288,食品加工,广东省,38.09,37.3,37.78,37.53,37.58,2653780,9.9789697E7,0.0177,8.1192,29.0507,0.5487663,5.618241E9,5.618241E10,0.021,-0.0066
2014-10-30,海天味业,sh603288,食品加工,广东省,38.16,37.53,37.54,37.69,37.53,3141499,1.19059898E8,0.021,8.1538,29.1746,0.5487663,5.642193E9,5.642193E10,0.0167,0.0039
2014-10-31,海天味业,sh603288,食品加工,广东省,38.1,37.08,37.52,37.93,37.69,2790466,1.05074349E8,0.0186,8.2057,29.3604,0.5487663,5.678121E9,5.678121E10,0.027,0.0109
2014-11-03,海天味业,sh603288,食品加工,广东省,38.29,37.67,38.0,38.1,37.93,2343064,8.8884528E7,0.0157,8.2425,29.492,0.5487663,5.70357E9,5.70357E10,0.0163,0.0026
2014-11-04,海天味业,sh603288,食品加工,广东省,38.02,37.11,38.0,37.16,38.1,2762042,1.0332642E8,0.0185,8.0392,28.7643,0.5487663,5.562852E9,5.562852E10,0.0238,-0.0221
2014-11-05,海天味业,sh603288,食品加工,广东省,37.64,37.03,37.15,37.42,37.16,1629636,6.0802557E7,0.0109,8.0954,28.9656,0.5487663,5.601774E9,5.601774E10,0.0164,0.0072
2014-11-06,海天味业,sh603288,食品加工,广东省,37.64,37.2,37.36,37.38,37.42,1644225,6.1489531E7,0.011,8.0868,28.9346,0.5487663,5.595786E9,5.595786E10,0.0117,5.0E-4
2014-11-07,海天味业,sh603288,食品加工,广东省,38.28,37.21,37.38,37.69,37.38,3990250,1.51013179E8,0.0267,8.1538,29.1746,0.5487663,5.642193E9,5.642193E10,0.0286,0.0082
2014-11-10,海天味业,sh603288,食品加工,广东省,38.41,37.5,37.75,38.34,37.69,4155084,1.5835946E8,0.0278,8.2944,29.6777,0.5487663,5.739498E9,5.739498E10,0.0241,0.0156
2014-11-11,海天味业,sh603288,食品加工,广东省,38.49,37.17,38.39,37.4,38.34,3893507,1.46983203E8,0.026,8.0911,28.9501,0.5487663,5.59878E9,5.59878E10,0.0344,-0.0257
2014-11-12,海天味业,sh603288,食品加工,广东省,38.46,37.1,37.21,38.43,37.4,3485910,1.32521399E8,0.0233,8.3139,29.7474,0.5487663,5.752971E9,5.752971E10,0.0363,0.0327
2014-11-13,海天味业,sh603288,食品加工,广东省,38.44,37.5,38.43,38.02,38.43,3598121,1.3648237E8,0.024,8.2252,29.43,0.5487663,5.691594E9,5.691594E10,0.0244,-0.0106
2014-11-14,海天味业,sh603288,食品加工,广东省,37.85,37.26,37.75,37.35,38.02,2321220,8.7053548E7,0.0155,8.0803,28.9114,0.5487663,5.591295E9,5.591295E10,0.0155,-0.0105
2014-11-17,海天味业,sh603288,食品加工,广东省,37.7,37.21,37.36,37.58,37.35,2465141,9.2457813E7,0.0165,8.13,29.0895,0.5487663,5.625726E9,5.625726E10,0.0131,0.0058
2014-11-18,海天味业,sh603288,食品加工,广东省,38.25,37.35,37.58,38.19,37.58,3928523,1.49591452E8,0.0262,8.262,29.5616,0.5487663,5.717043E9,5.717043E10,0.0239,0.0162
2014-11-19,海天味业,sh603288,食品加工,广东省,38.36,37.57,38.17,38.04,38.19,2186205,8.2983786E7,0.0146,8.2295,29.4455,0.5487663,5.694588E9,5.694588E10,0.0206,-0.0034
2014-11-20,海天味业,sh603288,食品加工,广东省,38.0,37.53,37.71,37.93,38.04,1927772,7.2784677E7,0.0129,8.2057,29.3604,0.5487663,5.678121E9,5.678121E10,0.0123,0.0058
2014-11-21,海天味业,sh603288,食品加工,广东省,38.3,37.65,37.9,38.03,37.93,2948653,1.12017527E8,0.0197,8.2274,29.4378,0.5487663,5.693091E9,5.693091E10,0.0171,0.0034
2014-11-24,海天味业,sh603288,食品加工,广东省,38.3,37.58,38.15,37.84,38.03,4175173,1.57966032E8,0.0279,8.1863,29.2907,0.5487663,5.664648E9,5.664648E10,0.0189,-0.0081
2014-11-25,海天味业,sh603288,食品加工,广东省,37.95,37.35,37.84,37.94,37.84,3323294,1.25056614E8,0.0222,8.2079,29.3681,0.5487663,5.679618E9,5.679618E10,0.0158,0.0026
2014-11-26,海天味业,sh603288,食品加工,广东省,39.77,37.84,37.97,39.66,37.94,8869408,3.44053467E8,0.0592,8.58,30.6995,0.5487663,5.937102E9,5.937102E10,0.0508,0.0445
2014-11-27,海天味业,sh603288,食品加工,广东省,41.05,39.26,39.81,40.4,39.66,9247872,3.72116986E8,0.0618,8.7401,31.2723,0.5487663,6.04788E9,6.04788E10,0.0451,0.0148
2014-11-28,海天味业,sh603288,食品加工,广东省,41.24,39.66,40.35,39.94,40.4,7074114,2.84815574E8,0.0473,8.6406,30.9163,0.5487663,5.979018E9,5.979018E10,0.0391,-0.0101
2014-12-01,海天味业,sh603288,食品加工,广东省,40.85,39.61,39.94,40.38,39.94,5476926,2.20176702E8,0.0366,8.7358,31.2568,0.5487663,6.044886E9,6.044886E10,0.031,0.011
2014-12-02,海天味业,sh603288,食品加工,广东省,43.36,40.19,40.28,42.94,40.38,7398670,3.13898748E8,0.0494,9.2896,33.2385,0.5487663,6.428118E9,6.428118E10,0.0785,0.066
2014-12-03,海天味业,sh603288,食品加工,广东省,43.31,41.5,43.0,42.5,42.94,6557298,2.78028959E8,0.0438,9.1944,32.8979,0.5487663,6.36225E9,6.36225E10,0.0421,-0.0116
2014-12-04,海天味业,sh603288,食品加工,广东省,42.9,42.14,42.52,42.72,42.5,4722217,2.0059802E8,0.0315,9.242,33.0682,0.5487663,6.395184E9,6.395184E10,0.0178,0.0047
2014-12-05,海天味业,sh603288,食品加工,广东省,42.7,40.51,42.7,40.84,42.72,7899985,3.25662139E8,0.0528,8.8353,31.6129,0.5487663,6.113748E9,6.113748E10,0.0512,-0.0435
2014-12-08,海天味业,sh603288,食品加工,广东省,40.85,39.6,40.85,40.17,40.84,7097393,2.83715832E8,0.0474,8.6903,31.0943,0.5487663,6.013449E9,6.013449E10,0.0306,-0.0166
2014-12-09,海天味业,sh603288,食品加工,广东省,41.2,39.62,40.13,40.01,40.17,6598856,2.65144409E8,0.0441,8.6557,30.9704,0.5487663,5.989497E9,5.989497E10,0.0393,-0.0029
2014-12-10,海天味业,sh603288,食品加工,广东省,41.78,39.8,40.01,41.5,40.01,4512024,1.84949479E8,0.0301,8.9781,32.1238,0.5487663,6.21255E9,6.21255E10,0.0494,0.0372
2014-12-11,海天味业,sh603288,食品加工,广东省,41.75,40.5,41.5,41.01,41.5,4237914,1.73604118E8,0.0283,8.8721,31.7445,0.5487663,6.139197E9,6.139197E10,0.0301,-0.0118
2014-12-12,海天味业,sh603288,食品加工,广东省,41.8,40.8,40.81,41.72,41.01,4178998,1.72467755E8,0.0279,9.0257,32.2941,0.5487663,6.245484E9,6.245484E10,0.0243,0.0222
2014-12-15,海天味业,sh603288,食品加工,广东省,42.98,41.1,41.55,42.49,41.72,5151677,2.17896796E8,0.0344,9.1922,32.8901,0.5487663,6.360753E9,6.360753E10,0.045,0.0226
2014-12-16,海天味业,sh603288,食品加工,广东省,42.58,41.05,42.5,41.17,42.49,4471765,1.85708835E8,0.0299,8.9067,31.8684,0.5487663,6.163149E9,6.163149E10,0.036,-0.0312
2014-12-17,海天味业,sh603288,食品加工,广东省,41.06,39.72,41.04,40.19,41.17,5635672,2.26481736E8,0.0376,8.6947,31.1098,0.5487663,6.016443E9,6.016443E10,0.0325,-0.0207
2014-12-18,海天味业,sh603288,食品加工,广东省,41.0,40.03,40.17,40.41,40.19,2806161,1.13737179E8,0.0187,8.7423,31.2801,0.5487663,6.049377E9,6.049377E10,0.0241,0.0059
2014-12-19,海天味业,sh603288,食品加工,广东省,40.39,39.72,40.06,40.18,40.41,3368796,1.34681198E8,0.0225,8.6925,31.102,0.5487663,6.014946E9,6.014946E10,0.0165,0.0029
2014-12-22,海天味业,sh603288,食品加工,广东省,40.14,38.77,40.0,39.34,40.18,4405610,1.73096096E8,0.0294,8.5108,30.4518,0.5487663,5.889198E9,5.889198E10,0.034,-0.0164
2014-12-23,海天味业,sh603288,食品加工,广东省,40.49,39.05,39.1,39.73,39.34,2595980,1.0403274E8,0.0173,8.5952,30.7537,0.5487663,5.947581E9,5.947581E10,0.0366,0.0161
2014-12-24,海天味业,sh603288,食品加工,广东省,40.68,39.6,39.72,40.48,39.73,2106174,8.4644686E7,0.0141,8.7574,31.3342,0.5487663,6.059856E9,6.059856E10,0.0271,0.0191
2014-12-25,海天味业,sh603288,食品加工,广东省,40.98,40.0,40.48,40.39,40.48,2218471,8.9374231E7,0.0148,8.7763,31.402,0.5487663,6.046383E9,6.07295962E10,0.0242,-0.0022
2014-12-26,海天味业,sh603288,食品加工,广东省,40.5,39.88,40.32,40.31,40.39,2319373,9.3072477E7,0.0155,8.759,31.3398,0.5487663,6.034407E9,6.06093098E10,0.0153,-2.0E-4
2014-12-29,海天味业,sh603288,食品加工,广东省,41.0,39.85,40.28,39.9,40.31,4769062,1.92155827E8,0.0319,8.6699,31.021,0.5487663,5.97303E9,5.9992842E10,0.0285,-0.0094
2014-12-30,海天味业,sh603288,食品加工,广东省,40.1,39.22,39.7,39.24,39.9,2108084,8.3547959E7,0.0141,8.5265,30.5079,0.5487663,5.874228E9,5.90004792E10,0.022,-0.0115
2014-12-31,海天味业,sh603288,食品加工,广东省,40.1,39.0,39.2,39.95,39.24,1715431,6.7859335E7,0.0115,8.022,28.7369,0.5487663,5.980515E9,6.0068021E10,0.028,0.0191
2015-01-05,海天味业,sh603288,食品加工,广东省,40.8,39.85,39.95,40.55,39.95,3403055,1.37500977E8,0.0227,8.1425,29.1685,0.5487663,6.070335E9,6.0970169E10,0.0237,0.015
2015-01-06,海天味业,sh603288,食品加工,广东省,42.33,39.9,40.37,41.6,40.55,4418361,1.8215152E8,0.0295,8.3533,29.9238,0.5487663,6.22752E9,6.2548928E10,0.0599,0.0304
2015-01-07,海天味业,sh603288,食品加工,广东省,41.9,40.81,41.48,40.93,41.6,3629097,1.49673156E8,0.0242,8.2188,29.4418,0.5487663,6.127221E9,6.15415294E10,0.0262,-0.0132
2015-01-08,海天味业,sh603288,食品加工,广东省,41.98,40.72,40.95,41.72,40.93,3900401,1.61225675E8,0.0261,8.3774,30.0101,0.5487663,6.245484E9,6.27293576E10,0.0307,0.0188
2015-01-09,海天味业,sh603288,食品加工,广东省,41.89,40.44,41.57,40.71,41.72,3662214,1.51863295E8,0.0245,8.1746,29.2836,0.5487663,6.094287E9,6.12107418E10,0.0347,-0.0206
2015-01-12,海天味业,sh603288,食品加工,广东省,41.58,40.6,40.69,41.28,40.71,2307872,9.48374E7,0.0154,8.2891,29.6936,0.5487663,6.179616E9,6.20677824E10,0.024,0.0144
2015-01-13,海天味业,sh603288,食品加工,广东省,41.89,40.91,41.55,41.85,41.28,2271666,9.4332539E7,0.0152,8.4035,30.1036,0.5487663,6.264945E9,6.2924823E10,0.0237,0.0072
2015-01-14,海天味业,sh603288,食品加工,广东省,42.48,41.48,41.97,41.57,41.85,2905107,1.22181541E8,0.0194,8.3473,29.9022,0.5487663,6.223029E9,6.25038206E10,0.0238,-0.0095
2015-01-15,海天味业,sh603288,食品加工,广东省,41.85,40.91,41.58,41.61,41.57,2137489,8.8450286E7,0.0143,8.3553,29.931,0.5487663,6.229017E9,6.25639638E10,0.0226,7.0E-4
2015-01-16,海天味业,sh603288,食品加工,广东省,44.08,41.6,41.64,43.86,41.61,7356118,3.16884025E8,0.0491,8.8071,31.5494,0.5487663,6.565842E9,6.59470188E10,0.0596,0.0533
2015-01-19,海天味业,sh603288,食品加工,广东省,45.08,42.5,43.0,43.26,43.86,6267916,2.73833921E8,0.0419,8.6866,31.1178,0.5487663,6.476022E9,6.50448708E10,0.0588,0.006
2015-01-20,海天味业,sh603288,食品加工,广东省,46.98,43.35,43.77,46.75,43.26,8088074,3.67914737E8,0.054,9.3874,33.6283,0.5487663,6.998475E9,7.0292365E10,0.0839,0.068
2015-01-21,海天味业,sh603288,食品加工,广东省,47.5,46.01,46.95,47.19,46.75,6220597,2.89805846E8,0.0416,9.4758,33.9448,0.5487663,7.064343E9,7.09539402E10,0.0318,0.0051
2015-01-22,海天味业,sh603288,食品加工,广东省,46.94,45.8,46.94,46.4,47.19,3446197,1.59271525E8,0.023,9.3172,33.3765,0.5487663,6.94608E9,6.9766112E10,0.0241,-0.0115
2015-01-23,海天味业,sh603288,食品加工,广东省,46.51,45.39,45.99,46.49,46.4,3919614,1.79793645E8,0.0262,9.3352,33.4413,0.5487663,6.959553E9,6.99014342E10,0.0241,0.0108
2015-01-26,海天味业,sh603288,食品加工,广东省,47.6,45.81,46.31,47.14,46.49,2978890,1.39121311E8,0.0199,9.4658,33.9088,0.5487663,7.056858E9,7.08787612E10,0.0385,0.0179
2015-01-27,海天味业,sh603288,食品加工,广东省,47.99,46.3,46.99,46.59,47.14,3242226,1.51958709E8,0.0217,9.3553,33.5132,0.5487663,6.974523E9,7.00517922E10,0.0358,-0.0085
2015-01-28,海天味业,sh603288,食品加工,广东省,46.5,45.65,46.18,46.0,46.59,1938593,8.9107132E7,0.0129,9.2368,33.0888,0.5487663,6.8862E9,6.916468E10,0.0182,-0.0038
2015-01-29,海天味业,sh603288,食品加工,广东省,46.76,45.41,45.81,46.22,46.0,1857925,8.5492626E7,0.0124,9.281,33.247,0.5487663,6.919134E9,6.94954676E10,0.0293,0.0089
2015-01-30,海天味业,sh603288,食品加工,广东省,47.15,45.2,46.6,45.55,46.22,2599192,1.1967546E8,0.0174,9.1465,32.7651,0.5487663,6.818835E9,6.8488069E10,0.0421,-0.0225
2015-02-02,海天味业,sh603288,食品加工,广东省,45.04,44.1,45.04,44.65,45.55,3695966,1.65087991E8,0.0247,8.9658,32.1177,0.5487663,6.684105E9,6.7134847E10,0.0206,-0.0086
2015-02-03,海天味业,sh603288,食品加工,广东省,45.42,44.5,45.0,45.15,44.65,2460664,1.1062664E8,0.0164,9.0662,32.4774,0.5487663,6.758955E9,6.7886637E10,0.0206,0.0033
2015-02-04,海天味业,sh603288,食品加工,广东省,45.99,44.95,45.28,45.08,45.15,1765057,7.9915877E7,0.0118,9.0521,32.427,0.5487663,6.748476E9,6.77813864E10,0.023,-0.0044
2015-02-05,海天味业,sh603288,食品加工,广东省,47.15,45.15,45.52,46.0,45.08,3160792,1.45756859E8,0.0211,9.2368,33.0888,0.5487663,6.8862E9,6.916468E10,0.0443,0.0105
2015-02-06,海天味业,sh603288,食品加工,广东省,46.98,45.4,46.8,46.14,46.0,1588609,7.3303803E7,0.0106,9.265,33.1895,0.5487663,6.907158E9,6.93751812E10,0.0343,-0.0141
2015-02-09,海天味业,sh603288,食品加工,广东省,46.55,44.6,46.45,45.24,46.14,2158062,9.7694063E7,0.0144,9.0842,32.5421,0.5487663,6.772428E9,6.80219592E10,0.0422,-0.026
2015-02-10,海天味业,sh603288,食品加工,广东省,46.4,44.83,45.68,46.08,45.24,1317428,6.0175958E7,0.0088,9.2529,33.1463,0.5487663,6.898176E9,6.92849664E10,0.0347,0.0087
2015-02-11,海天味业,sh603288,食品加工,广东省,46.95,45.71,45.75,46.28,46.08,1377017,6.3878001E7,0.0092,9.2931,33.2902,0.5487663,6.928116E9,6.95856824E10,0.0269,0.0115
2015-02-12,海天味业,sh603288,食品加工,广东省,46.76,46.01,46.01,46.41,46.28,1070171,4.9605311E7,0.0071,9.3192,33.3837,0.5487663,6.947577E9,6.97811478E10,0.0162,0.0086
2015-02-13,海天味业,sh603288,食品加工,广东省,48.77,46.5,46.5,47.98,46.41,2606057,1.24610828E8,0.0174,9.6344,34.513,0.5487663,7.182606E9,7.21417684E10,0.0489,0.0318
2015-02-16,海天味业,sh603288,食品加工,广东省,48.97,47.91,48.26,48.55,47.98,1615490,7.821181E7,0.0108,9.7489,34.9231,0.5487663,7.267935E9,7.2998809E10,0.022,0.006
2015-02-17,海天味业,sh603288,食品加工,广东省,49.16,48.02,48.82,48.4,48.55,1157981,5.639146E7,0.0077,9.7188,34.8152,0.5487663,7.24548E9,7.2773272E10,0.0234,-0.0086
2015-02-25,海天味业,sh603288,食品加工,广东省,48.81,47.21,48.77,47.59,48.4,1843772,8.7766651E7,0.0123,9.5561,34.2325,0.5487663,7.124223E9,7.15553722E10,0.033,-0.0241
2015-02-26,海天味业,sh603288,食品加工,广东省,48.41,47.0,47.5,48.36,47.59,1451453,6.9240277E7,0.0097,9.7107,34.7864,0.5487663,7.239492E9,7.27131288E10,0.0296,0.0181
2015-02-27,海天味业,sh603288,食品加工,广东省,48.64,47.66,48.36,47.9,48.36,1156872,5.5508547E7,0.0077,9.6184,34.4555,0.5487663,7.17063E9,7.2021482E10,0.0202,-0.0095
2015-03-02,海天味业,sh603288,食品加工,广东省,47.8,46.01,47.62,47.55,47.9,3890157,1.81687209E8,0.026,9.5481,34.2037,0.5487663,7.118235E9,7.1495229E10,0.0373,-0.0014
2015-03-03,海天味业,sh603288,食品加工,广东省,47.0,45.4,46.99,45.7,47.55,4760655,2.19131013E8,0.0318,9.1766,32.873,0.5487663,6.84129E9,6.8713606E10,0.0336,-0.0274
2015-03-04,海天味业,sh603288,食品加工,广东省,46.8,45.26,46.0,46.79,45.7,3101215,1.4315681E8,0.0207,9.3955,33.657,0.5487663,7.004463E9,7.03525082E10,0.0336,0.0171
2015-03-05,海天味业,sh603288,食品加工,广东省,47.25,46.1,46.49,47.0,46.79,2166871,1.01373243E8,0.0145,9.4376,33.8081,0.5487663,7.0359E9,7.066826E10,0.0245,0.0109
2015-03-06,海天味业,sh603288,食品加工,广东省,47.5,46.49,47.09,46.64,47.0,3258024,1.53258942E8,0.0218,9.3654,33.5491,0.5487663,6.982008E9,7.01269712E10,0.0214,-0.0095
2015-03-09,海天味业,sh603288,食品加工,广东省,46.4,45.2,46.03,46.3,46.64,2514356,1.15063076E8,0.0168,9.2971,33.3046,0.5487663,6.93111E9,6.9615754E10,0.0257,0.0058
2015-03-10,海天味业,sh603288,食品加工,广东省,49.1,47.0,48.5,47.76,46.3,3833670,1.82994912E8,0.0256,9.5903,34.3548,0.5487663,7.149672E9,7.18109808E10,0.0453,-0.0152
2015-03-11,海天味业,sh603288,食品加工,广东省,50.93,48.47,48.47,49.8,47.76,5509156,2.74431306E8,0.0368,9.9999,35.8222,0.5487663,7.45506E9,7.4878284E10,0.0515,0.0274
2015-03-12,海天味业,sh603288,食品加工,广东省,52.0,49.2,50.29,50.75,49.8,4590382,2.330364E8,0.0307,10.1906,36.5056,0.5487663,7.597275E9,7.6306685E10,0.0562,0.0091
2015-03-13,海天味业,sh603288,食品加工,广东省,50.97,49.51,50.2,49.77,50.75,2651255,1.32371301E8,0.0177,9.9939,35.8006,0.5487663,7.450569E9,7.48331766E10,0.0287,-0.0085
2015-03-16,海天味业,sh603288,食品加工,广东省,50.9,49.56,50.17,50.5,49.77,3357557,1.68700863E8,0.0224,10.1404,36.3257,0.5487663,7.55985E9,7.593079E10,0.0269,0.0065
2015-03-17,海天味业,sh603288,食品加工,广东省,50.55,49.97,50.5,50.19,50.5,2953912,1.48293646E8,0.0197,10.0782,36.1027,0.5487663,7.513443E9,7.54646802E10,0.0114,-0.0061
2015-03-18,海天味业,sh603288,食品加工,广东省,50.48,49.71,50.19,50.47,50.19,3062830,1.53419411E8,0.0205,10.1344,36.3042,0.5487663,7.555359E9,7.58856826E10,0.0153,0.0055
2015-03-19,海天味业,sh603288,食品加工,广东省,50.51,49.62,50.19,50.03,50.47,2720447,1.36137778E8,0.0182,10.0461,35.9876,0.5487663,7.489491E9,7.52241074E10,0.0176,-0.0031
2015-03-20,海天味业,sh603288,食品加工,广东省,50.27,49.6,49.6,49.79,50.03,2808914,1.40148605E8,0.0188,9.9979,35.815,0.5487663,7.453563E9,7.48632482E10,0.0133,0.0038
2015-03-23,海天味业,sh603288,食品加工,广东省,52.3,49.93,50.1,51.98,49.79,4636372,2.3870726E8,0.031,10.4376,37.3903,0.5487663,7.781406E9,7.81560884E10,0.0475,0.0375
2015-03-24,海天味业,sh603288,食品加工,广东省,51.98,50.0,51.98,50.8,51.98,4691397,2.38064742E8,0.0313,10.2007,36.5415,0.5487663,7.60476E9,7.6381864E10,0.038,-0.0227
2015-03-25,海天味业,sh603288,食品加工,广东省,51.09,50.2,50.57,50.53,50.8,3608211,1.82398387E8,0.0241,10.1465,36.3473,0.5487663,7.564341E9,7.59758974E10,0.0175,-7.0E-4
2015-03-26,海天味业,sh603288,食品加工,广东省,50.89,50.0,50.8,50.72,50.53,2526446,1.27658953E8,0.0169,10.1846,36.484,0.5487663,7.592784E9,7.62615776E10,0.0176,-0.0015
2015-03-27,海天味业,sh603288,食品加工,广东省,51.99,50.59,50.59,51.93,50.72,3061908,1.57212627E8,0.0205,10.4276,37.3544,0.5487663,7.773921E9,7.80809094E10,0.0276,0.0264
2015-03-30,海天味业,sh603288,食品加工,广东省,52.92,51.79,52.0,52.51,51.93,3657517,1.91700067E8,0.0244,10.5441,37.7716,0.5487663,7.860747E9,7.89529858E10,0.0217,0.0098
2015-03-31,海天味业,sh603288,食品加工,广东省,52.97,50.81,52.97,51.45,52.51,3036396,1.58444345E8,0.0203,11.1155,35.33,0.5487663,7.702065E9,7.7359191E10,0.0411,-0.0286
2015-04-01,海天味业,sh603288,食品加工,广东省,54.0,51.27,51.88,53.51,51.45,3665278,1.93816571E8,0.0245,11.5606,36.7445,0.5487663,8.010447E9,8.04565658E10,0.053,0.0314
2015-04-02,海天味业,sh603288,食品加工,广东省,54.5,53.0,53.5,54.19,53.51,3354219,1.80496952E8,0.0224,11.7075,37.2115,0.5487663,8.112243E9,8.14790002E10,0.028,0.0128
2015-04-03,海天味业,sh603288,食品加工,广东省,56.12,52.08,53.97,56.05,54.19,3562113,1.95974372E8,0.0238,12.1093,38.4887,0.5487663,8.390685E9,8.4275659E10,0.0745,0.0385
2015-04-07,海天味业,sh603288,食品加工,广东省,61.23,56.8,56.95,60.17,56.05,5365590,3.20942431E8,0.0358,12.9994,41.3178,0.5487663,9.007449E9,9.04704086E10,0.079,0.0565
2015-04-08,海天味业,sh603288,食品加工,广东省,61.0,58.83,59.9,60.04,60.17,5337252,3.21124306E8,0.0357,12.9714,41.2286,0.5487663,8.987988E9,9.02749432E10,0.036,0.0023
2015-04-09,海天味业,sh603288,食品加工,广东省,66.0,61.16,62.0,65.78,60.04,9900789,6.30125715E8,0.0661,14.2115,45.1702,0.5487663,9.847266E9,9.89054924E10,0.0806,0.0609
2015-04-10,海天味业,sh603288,食品加工,广东省,71.5,64.51,65.68,70.13,65.78,9336831,6.45151803E8,0.0624,15.1513,48.1572,0.5487663,1.0498461E10,1.054460654E11,0.1062,0.0677
2015-04-13,海天味业,sh603288,食品加工,广东省,72.72,67.33,72.21,68.27,70.13,10259959,7.077597E8,0.0685,14.7494,46.88,0.5487663,1.0220019E10,1.026494066E11,0.0768,-0.0545
2015-04-14,海天味业,sh603288,食品加工,广东省,70.3,64.88,67.59,68.9,68.27,10454641,6.93507271E8,0.0698,14.8855,47.3126,0.5487663,1.031433E10,1.03596662E11,0.0793,0.0193
2015-04-15,海天味业,sh603288,食品加工,广东省,39.0,35.5,38.0,35.55,37.81,8859971,3.32303502E8,0.0329,13.8247,43.941,1.0,9.579303E9,9.62140842E10,0.0925,-0.0644
2015-04-16,海天味业,sh603288,食品加工,广东省,34.99,33.0,33.5,34.07,35.55,12897224,4.3863474E8,0.0479,13.2492,42.1117,1.0,9.1805022E9,9.220854708E10,0.0559,0.017
2015-04-17,海天味业,sh603288,食品加工,广东省,34.57,32.14,34.07,32.38,34.07,23717700,7.83144365E8,0.088,12.592,40.0228,1.0,8.7251148E9,8.763465672E10,0.0713,-0.0496
2015-04-20,海天味业,sh603288,食品加工,广东省,33.2,31.58,32.38,32.89,32.38,15863776,5.1651252E8,0.0589,12.7903,40.6531,1.0,8.8625394E9,8.901494316E10,0.05,0.0157
2015-04-21,海天味业,sh603288,食品加工,广东省,34.5,32.52,32.88,34.49,32.89,12712876,4.25593797E8,0.0472,13.4125,42.6308,1.0,9.2936754E9,9.334525356E10,0.0602,0.0489
2015-04-22,海天味业,sh603288,食品加工,广东省,35.49,34.44,34.5,34.62,34.49,12034806,4.20087753E8,0.0447,13.4631,42.7915,1.0,9.3287052E9,9.369709128E10,0.0304,0.0034
2015-04-23,海天味业,sh603288,食品加工,广东省,35.13,34.01,35.0,34.66,34.62,11228029,3.86853201E8,0.0417,13.4786,42.8409,1.0,9.3394836E9,9.380534904E10,0.0323,-0.0097
2015-04-24,海天味业,sh603288,食品加工,广东省,34.35,33.16,34.1,33.44,34.66,11649037,3.9253948E8,0.0432,13.0042,41.333,1.0,9.0107424E9,9.050348736E10,0.0343,-0.0193
2015-04-27,海天味业,sh603288,食品加工,广东省,33.99,33.2,33.78,33.39,33.44,9208001,3.08293497E8,0.0342,12.9848,41.2712,1.0,8.9972694E9,9.036816516E10,0.0236,-0.0115
2015-04-28,海天味业,sh603288,食品加工,广东省,34.02,32.79,33.4,33.97,33.39,11593854,3.8826402E8,0.043,13.2103,41.9881,1.0,9.1535562E9,9.193790268E10,0.0368,0.017
2015-04-29,海天味业,sh603288,食品加工,广东省,33.99,33.2,33.99,33.51,33.97,6832589,2.29425246E8,0.0254,13.0314,41.4195,1.0,9.0296046E9,9.069293844E10,0.0232,-0.0141
2015-04-30,海天味业,sh603288,食品加工,广东省,33.93,33.2,33.48,33.21,33.51,7274724,2.43424741E8,0.027,12.9148,41.0487,1.0,8.9487666E9,8.988100524E10,0.0217,-0.008
2015-05-04,海天味业,sh603288,食品加工,广东省,33.42,32.5,33.22,33.3,33.21,7270620,2.38719414E8,0.027,12.9498,41.1599,1.0,8.973018E9,9.01245852E10,0.0277,0.0024
2015-05-05,海天味业,sh603288,食品加工,广东省,33.14,31.87,33.1,32.08,33.3,6554981,2.1321325E8,0.0243,12.4753,39.6519,1.0,8.6442768E9,8.682272352E10,0.0381,-0.0308
2015-05-06,海天味业,sh603288,食品加工,广东省,32.7,31.49,32.68,31.63,32.08,6534114,2.09032613E8,0.0242,12.3003,39.0957,1.0,8.5230198E9,8.560482372E10,0.0377,-0.0321
2015-05-07,海天味业,sh603288,食品加工,广东省,31.97,31.4,31.61,31.71,31.63,5218508,1.65556558E8,0.0194,12.3314,39.1946,1.0,8.5445766E9,8.582133924E10,0.018,0.0031
2015-05-08,海天味业,sh603288,食品加工,广东省,32.51,31.8,32.11,32.5,31.71,5454598,1.75363021E8,0.0202,12.6386,40.1711,1.0,8.75745E9,8.795943E10,0.0223,0.0121
2015-05-11,海天味业,sh603288,食品加工,广东省,33.7,32.35,32.7,33.67,32.5,9188580,3.04526524E8,0.0341,13.0936,41.6172,1.0,9.0727182E9,9.112596948E10,0.0415,0.0296
2015-05-12,海天味业,sh603288,食品加工,广东省,36.36,33.72,33.72,35.63,33.67,18688558,6.60485904E8,0.0694,13.8558,44.0399,1.0,9.6008598E9,9.643059972E10,0.0784,0.0566
2015-05-13,海天味业,sh603288,食品加工,广东省,35.7,34.6,35.65,34.88,35.63,9026511,3.14781854E8,0.0335,13.5642,43.1128,1.0,9.3987648E9,9.440076672E10,0.0308,-0.0215
2015-05-14,海天味业,sh603288,食品加工,广东省,35.3,34.4,34.65,35.09,34.88,8505268,2.97301707E8,0.0316,13.6458,43.3724,1.0,9.4553514E9,9.496911996E10,0.0258,0.0126
2015-05-15,海天味业,sh603288,食品加工,广东省,35.0,33.71,35.0,33.91,35.09,7501599,2.56252464E8,0.0278,13.187,41.9139,1.0,9.1373886E9,9.177551604E10,0.0367,-0.0311
2015-05-18,海天味业,sh603288,食品加工,广东省,34.3,33.01,33.88,34.15,33.91,7621263,2.56604736E8,0.0283,13.2803,42.2105,1.0,9.202059E9,9.24250626E10,0.038,0.0079
2015-05-19,海天味业,sh603288,食品加工,广东省,34.85,33.93,34.47,34.68,34.15,8884758,3.05565148E8,0.033,13.4864,42.8656,1.0,9.3448728E9,9.385947792E10,0.0269,0.006
2015-05-20,海天味业,sh603288,食品加工,广东省,35.99,34.38,34.8,34.91,34.68,13203803,4.622146E8,0.049,13.5759,43.1499,1.0,9.4068486E9,9.448196004E10,0.0464,0.0031
2015-05-21,海天味业,sh603288,食品加工,广东省,36.65,34.71,34.92,36.53,34.91,15531485,5.54782613E8,0.0576,14.2058,45.1523,1.0,9.8433738E9,9.886639932E10,0.0555,0.0461
2015-05-22,海天味业,sh603288,食品加工,广东省,37.3,35.75,37.01,36.42,36.53,13669328,4.96786937E8,0.0507,14.1631,45.0163,1.0,9.8137332E9,9.856869048E10,0.0424,-0.0159
2015-05-25,海天味业,sh603288,食品加工,广东省,37.38,35.6,36.0,37.07,36.42,15151359,5.54391905E8,0.0562,14.4158,45.8198,1.0,9.9888822E9,1.0032787908E11,0.0488,0.0297
2015-05-26,海天味业,sh603288,食品加工,广东省,38.32,36.42,37.03,38.27,37.07,17953103,6.74205445E8,0.0666,14.8825,47.303,1.0,1.03122342E10,1.0357561188E11,0.0512,0.0334
2015-05-27,海天味业,sh603288,食品加工,广东省,38.27,36.81,38.27,37.71,38.27,13782287,5.17358146E8,0.0511,14.6647,46.6108,1.0,1.01613366E10,1.0206000324E11,0.0381,-0.0146
2015-05-28,海天味业,sh603288,食品加工,广东省,40.01,36.83,37.71,37.0,37.71,23204305,8.99555333E8,0.0861,14.3886,45.7332,1.0,9.97002E9,1.00138428E11,0.0843,-0.0188
2015-05-29,海天味业,sh603288,食品加工,广东省,37.69,33.9,36.7,35.86,37.0,13811741,4.95891846E8,0.0513,13.9453,44.3242,1.0,9.6628356E9,9.705308184E10,0.1024,-0.0228
2015-06-01,海天味业,sh603288,食品加工,广东省,37.0,35.56,35.6,36.99,35.86,9769661,3.56560718E8,0.0363,14.3847,45.7209,1.0,9.9673254E9,1.0011136356E11,0.0401,0.039
2015-06-02,海天味业,sh603288,食品加工,广东省,37.27,36.0,37.01,36.97,36.99,13205341,4.8488914E8,0.049,14.3769,45.6962,1.0,9.9619362E9,1.0005723468E11,0.0343,-0.001
2015-06-03,海天味业,sh603288,食品加工,广东省,38.55,36.97,37.0,37.96,36.97,14259716,5.40751711E8,0.0529,14.7619,46.9198,1.0,1.02287016E10,1.0273661424E11,0.0427,0.0259
2015-06-04,海天味业,sh603288,食品加工,广东省,38.16,34.16,37.98,36.59,37.96,11712983,4.24913517E8,0.0435,14.2292,45.2265,1.0,9.8595414E9,9.902878596E10,0.1053,-0.0365
2015-06-05,海天味业,sh603288,食品加工,广东省,37.28,36.0,37.26,36.67,36.59,10729987,3.93936197E8,0.0398,14.2603,45.3253,1.0,9.8810982E9,9.924530148E10,0.0349,-0.0158
2015-06-08,海天味业,sh603288,食品加工,广东省,36.99,35.38,36.67,36.06,36.67,11618732,4.17999621E8,0.0431,14.0231,44.5714,1.0,9.7167276E9,9.759437064E10,0.0439,-0.0166
2015-06-09,海天味业,sh603288,食品加工,广东省,36.7,35.8,36.05,36.2,36.06,9021118,3.2643048E8,0.0335,14.0775,44.7444,1.0,9.754452E9,9.79732728E10,0.0249,0.0041
2015-06-10,海天味业,sh603288,食品加工,广东省,36.58,35.5,36.0,36.2,36.2,9302949,3.36388403E8,0.0345,14.0775,44.7444,1.0,9.754452E9,9.79732728E10,0.0298,0.0055
2015-06-11,海天味业,sh603288,食品加工,广东省,38.35,36.3,36.3,38.22,36.2,21851984,8.23133082E8,0.0811,14.863,47.2412,1.0,1.02987612E10,1.0344028968E11,0.0566,0.0528
2015-06-12,海天味业,sh603288,食品加工,广东省,38.98,37.65,38.35,37.75,38.22,15176955,5.78719011E8,0.0563,14.6803,46.6603,1.0,1.0172115E10,1.02168261E11,0.0347,-0.0156
2015-06-15,海天味业,sh603288,食品加工,广东省,38.0,36.51,37.82,36.69,37.75,10671328,3.95712766E8,0.0396,14.2681,45.3501,1.0,9.8864874E9,9.929943036E10,0.0394,-0.0298
2015-06-16,海天味业,sh603288,食品加工,广东省,36.67,35.6,36.03,35.76,36.69,8628696,3.10399168E8,0.032,13.9064,44.2006,1.0,9.6358896E9,9.678243744E10,0.0291,-0.0074
2015-06-17,海天味业,sh603288,食品加工,广东省,36.19,34.13,35.99,35.81,35.76,8242759,2.90812971E8,0.0306,13.9258,44.2624,1.0,9.6493626E9,9.691775964E10,0.0576,-0.005
2015-06-18,海天味业,sh603288,食品加工,广东省,35.7,34.08,35.3,34.16,35.81,7540249,2.63261152E8,0.028,13.2842,42.2229,1.0,9.2047536E9,9.245212704E10,0.0452,-0.0322
2015-06-19,海天味业,sh603288,食品加工,广东省,34.11,31.0,34.11,31.51,34.16,7987028,2.61601664E8,0.0296,12.2537,38.9474,1.0,8.4906846E9,8.528005044E10,0.091,-0.0762
2015-06-23,海天味业,sh603288,食品加工,广东省,33.26,30.1,32.6,33.23,31.51,7737379,2.47376627E8,0.0287,12.9225,41.0734,1.0,8.9541558E9,8.993513412E10,0.1002,0.0193
2015-06-24,海天味业,sh603288,食品加工,广东省,34.08,32.69,33.26,33.51,33.23,7021163,2.35184774E8,0.0261,13.0314,41.4195,1.0,9.0296046E9,9.069293844E10,0.0418,0.0075
2015-06-25,海天味业,sh603288,食品加工,广东省,33.61,31.51,33.55,31.84,33.51,6297591,2.06055906E8,0.0234,12.382,39.3553,1.0,8.5796064E9,8.617317696E10,0.0626,-0.0509
2015-06-26,海天味业,sh603288,食品加工,广东省,31.49,28.66,31.0,29.41,31.84,12937697,3.85201559E8,0.048,11.437,36.3517,1.0,7.9248186E9,7.959651804E10,0.0888,-0.0512
2015-06-29,海天味业,sh603288,食品加工,广东省,30.5,26.92,30.31,29.32,29.41,11566769,3.37720942E8,0.0429,11.402,36.2405,1.0,7.9005672E9,7.935293808E10,0.1217,-0.0326
2015-06-30,海天味业,sh603288,食品加工,广东省,32.0,28.5,29.75,31.94,29.32,11256471,3.4275089E8,0.0418,11.444,37.0999,1.0,8.6065524E9,8.644382136E10,0.1193,0.0736
2015-07-01,海天味业,sh603288,食品加工,广东省,32.49,30.0,31.6,30.28,31.94,8442981,2.67160917E8,0.0313,10.8492,35.1717,1.0,8.1592488E9,8.195112432E10,0.0779,-0.0417
2015-07-02,海天味业,sh603288,食品加工,广东省,32.0,30.0,30.22,30.78,30.28,11088150,3.42192937E8,0.0411,11.0284,35.7525,1.0,8.2939788E9,8.330434632E10,0.066,0.0185
2015-07-03,海天味业,sh603288,食品加工,广东省,31.35,27.87,31.35,29.65,30.78,11707340,3.50620603E8,0.0434,10.6235,34.4399,1.0,7.989489E9,8.02460646E10,0.113,-0.0542
2015-07-06,海天味业,sh603288,食品加工,广东省,32.62,29.28,32.62,31.63,29.65,15004334,4.61786567E8,0.0557,11.3329,36.7398,1.0,8.5230198E9,8.560482372E10,0.1126,-0.0303
2015-07-07,海天味业,sh603288,食品加工,广东省,33.0,29.48,30.8,32.97,31.63,21195484,6.7260545E8,0.0787,11.813,38.2963,1.0,8.8840962E9,8.923145868E10,0.1112,0.0704
2015-07-08,海天味业,sh603288,食品加工,广东省,30.7,29.67,30.0,29.67,32.97,19896427,5.92561296E8,0.0738,10.6307,34.4632,1.0,7.9948782E9,8.030019348E10,0.0312,-0.0109
2015-07-09,海天味业,sh603288,食品加工,广东省,32.64,27.03,29.67,32.64,29.67,17648685,5.56782239E8,0.0655,11.6948,37.913,1.0,8.7951744E9,8.833833216E10,0.189,0.1001
2015-07-10,海天味业,sh603288,食品加工,广东省,35.9,32.64,33.5,35.9,32.64,25160484,8.87910407E8,0.0934,12.8629,41.6996,1.0,9.673614E9,9.71613396E10,0.0998,0.0716
2015-07-13,海天味业,sh603288,食品加工,广东省,38.36,34.6,35.0,36.76,35.9,29926556,1.092781052E9,0.1111,13.171,42.6985,1.0,9.9053496E9,9.948888144E10,0.1047,0.0502
2015-07-14,海天味业,sh603288,食品加工,广东省,36.09,34.03,35.19,34.41,36.76,18689206,6.56587062E8,0.0694,12.329,39.9689,1.0,9.2721186E9,9.312873804E10,0.056,-0.0221
2015-07-15,海天味业,sh603288,食品加工,广东省,33.88,31.3,33.85,31.68,34.41,11348182,3.72618021E8,0.0421,11.3508,36.7979,1.0,8.5364928E9,8.574014592E10,0.0749,-0.0641
2015-07-16,海天味业,sh603288,食品加工,广东省,33.76,31.68,32.0,32.75,31.68,9273293,3.04795075E8,0.0344,11.7342,38.0407,1.0,8.824815E9,8.8636041E10,0.0656,0.0234
2015-07-17,海天味业,sh603288,食品加工,广东省,35.0,32.9,32.9,34.67,32.75,8637383,2.93839659E8,0.0321,12.4221,40.2709,1.0,9.3421782E9,9.383241348E10,0.0641,0.0537
2015-07-20,海天味业,sh603288,食品加工,广东省,34.98,33.57,34.67,34.16,34.67,8816838,3.02541797E8,0.0327,12.2394,39.6785,1.0,9.2047536E9,9.245212704E10,0.0406,-0.0147
2015-07-21,海天味业,sh603288,食品加工,广东省,34.0,33.27,33.6,33.72,34.16,8358069,2.81342938E8,0.031,12.0818,39.1674,1.0,9.0861912E9,9.126129168E10,0.0213,0.0035
2015-07-22,海天味业,sh603288,食品加工,广东省,34.87,33.42,33.45,33.99,33.72,8003919,2.73646733E8,0.0297,12.1785,39.481,1.0,9.1589454E9,9.199203156E10,0.043,0.0161
2015-07-23,海天味业,sh603288,食品加工,广东省,34.82,33.51,33.85,34.5,33.99,9420853,3.22809681E8,0.035,12.3612,40.0734,1.0,9.29637E9,9.3372318E10,0.0385,0.0192
2015-07-24,海天味业,sh603288,食品加工,广东省,34.85,33.14,34.62,33.41,34.5,8918139,3.03900402E8,0.0331,11.9707,38.8074,1.0,9.0026586E9,9.042229404E10,0.0495,-0.0349
2015-07-27,海天味业,sh603288,食品加工,广东省,33.35,30.07,32.9,30.07,33.41,9903450,3.14536731E8,0.0368,10.774,34.9278,1.0,8.1026622E9,8.138277108E10,0.0981,-0.086
2015-07-28,海天味业,sh603288,食品加工,广东省,31.28,28.01,29.46,30.92,30.07,14232661,4.22458849E8,0.0528,11.0785,35.9151,1.0,8.3317032E9,8.368324848E10,0.1087,0.0495
2015-07-29,海天味业,sh603288,食品加工,广东省,32.2,30.6,30.6,32.16,30.92,8654284,2.69567629E8,0.0321,11.5228,37.3554,1.0,8.6658336E9,8.703923904E10,0.0517,0.0509
2015-07-30,海天味业,sh603288,食品加工,广东省,32.2,30.85,32.0,31.01,32.16,5468674,1.7346775E8,0.0203,11.1108,36.0196,1.0,8.3559546E9,8.392682844E10,0.0419,-0.0309
2015-07-31,海天味业,sh603288,食品加工,广东省,32.0,30.39,30.48,31.96,31.01,6128789,1.91405402E8,0.0227,11.4512,37.1231,1.0,8.6119416E9,8.649795024E10,0.0519,0.0485
2015-08-03,海天味业,sh603288,食品加工,广东省,34.35,31.2,31.3,34.32,31.96,12939953,4.26207049E8,0.048,12.2967,39.8644,1.0,9.2478672E9,9.288515808E10,0.0985,0.0964
2015-08-04,海天味业,sh603288,食品加工,广东省,34.65,33.01,34.01,34.61,34.32,11029585,3.75398097E8,0.0409,12.4006,40.2012,1.0,9.3260106E9,9.367002684E10,0.0477,0.0176
2015-08-05,海天味业,sh603288,食品加工,广东省,34.26,33.38,34.2,33.52,34.61,5573687,1.88383317E8,0.0207,12.0101,38.9351,1.0,9.0322992E9,9.072000288E10,0.0254,-0.0198
2015-08-06,海天味业,sh603288,食品加工,广东省,34.4,32.8,33.09,33.48,33.52,4673303,1.57763838E8,0.0173,11.9958,38.8887,1.0,9.0215208E9,9.061174512E10,0.0477,0.0117
2015-08-07,海天味业,sh603288,食品加工,广东省,34.0,33.53,33.6,33.92,33.48,4066679,1.37437987E8,0.0151,12.1534,39.3997,1.0,9.1400832E9,9.180258048E10,0.014,0.0095
2015-08-10,海天味业,sh603288,食品加工,广东省,35.22,33.71,33.92,34.78,33.92,8816359,3.03370829E8,0.0327,12.4616,40.3987,1.0,9.3718188E9,9.413012232E10,0.0445,0.0253
2015-08-11,海天味业,sh603288,食品加工,广东省,34.86,33.93,34.56,34.09,34.78,6782031,2.33096333E8,0.0252,12.2143,39.5972,1.0,9.1858914E9,9.226267596E10,0.0267,-0.0135
2015-08-12,海天味业,sh603288,食品加工,广东省,34.12,33.44,33.84,33.62,34.09,3895148,1.3150971E8,0.0145,12.0459,39.0513,1.0,9.0592452E9,9.099064728E10,0.0199,-0.0065
2015-08-13,海天味业,sh603288,食品加工,广东省,34.8,33.63,33.9,34.35,33.62,5481268,1.87660268E8,0.0203,12.3075,39.8992,1.0,9.255951E9,9.29663514E10,0.0348,0.0132
2015-08-14,海天味业,sh603288,食品加工,广东省,34.68,33.66,34.46,34.04,34.35,7568029,2.56900924E8,0.0281,12.1964,39.5391,1.0,9.1724184E9,9.212735376E10,0.0296,-0.0121
2015-08-17,海天味业,sh603288,食品加工,广东省,34.66,33.6,33.89,34.64,34.04,6277000,2.15440248E8,0.0233,12.4114,40.2361,1.0,9.3340944E9,9.375122016E10,0.0311,0.0221
2015-08-18,海天味业,sh603288,食品加工,广东省,34.8,31.2,34.74,31.84,34.64,7561556,2.51561429E8,0.0281,11.4082,36.9837,1.0,8.5796064E9,8.617317696E10,0.1039,-0.0834
2015-08-19,海天味业,sh603288,食品加工,广东省,32.77,31.17,31.6,32.6,31.84,5445902,1.74370818E8,0.0202,11.6805,37.8665,1.0,8.784396E9,8.82300744E10,0.0502,0.0316
2015-08-20,海天味业,sh603288,食品加工,广东省,32.87,31.5,32.25,31.61,32.6,4829404,1.55192799E8,0.0179,11.3258,36.7166,1.0,8.5176306E9,8.555069484E10,0.042,-0.0198
2015-08-21,海天味业,sh603288,食品加工,广东省,31.85,30.01,31.61,30.39,31.61,5469076,1.68136978E8,0.0203,10.8886,35.2995,1.0,8.1888894E9,8.224883316E10,0.0582,-0.0385
2015-08-24,海天味业,sh603288,食品加工,广东省,30.0,27.35,29.54,27.53,30.39,11503619,3.27073626E8,0.0427,9.8639,31.9774,1.0,7.4182338E9,7.450840332E10,0.0871,-0.068
2015-08-25,海天味业,sh603288,食品加工,广东省,28.03,25.88,27.0,26.89,27.53,9111837,2.46143821E8,0.0338,9.6346,31.2341,1.0,7.2457794E9,7.277627916E10,0.078,-0.004
2015-08-26,海天味业,sh603288,食品加工,广东省,29.31,26.9,27.9,28.37,26.89,7967894,2.24558287E8,0.0296,10.1649,32.9531,1.0,7.6445802E9,7.678181628E10,0.0896,0.0168
2015-08-27,海天味业,sh603288,食品加工,广东省,30.0,28.71,29.01,29.97,28.37,7837466,2.30898032E8,0.0291,10.7382,34.8116,1.0,8.0757162E9,8.111212668E10,0.0454,0.033
2015-08-28,海天味业,sh603288,食品加工,广东省,31.49,29.71,30.3,30.92,29.97,6026623,1.82647039E8,0.0224,11.0785,35.9151,1.0,8.3317032E9,8.368324848E10,0.0593,0.0204
2015-08-31,海天味业,sh603288,食品加工,广东省,30.68,29.68,30.4,30.06,30.92,4087978,1.2328312E8,0.0152,10.7704,34.9162,1.0,8.0999676E9,8.135570664E10,0.0323,-0.0111
2015-09-01,海天味业,sh603288,食品加工,广东省,29.87,28.95,29.87,29.0,30.06,2955154,8.6466104E7,0.011,10.3906,33.6849,1.0,7.81434E9,7.8486876E10,0.0306,-0.0291
2015-09-02,海天味业,sh603288,食品加工,广东省,31.9,28.53,29.0,31.9,29.0,13262072,4.11168751E8,0.0492,11.4297,37.0534,1.0,8.595774E9,8.63355636E10,0.1162,0.0999
2015-09-07,海天味业,sh603288,食品加工,广东省,33.06,30.11,31.68,30.15,31.9,8058070,2.56329038E8,0.0299,10.8026,35.0207,1.0,8.124219E9,8.15992866E10,0.0924,-0.0482
2015-09-08,海天味业,sh603288,食品加工,广东省,32.18,29.53,30.0,31.89,30.15,4053052,1.24988052E8,0.015,11.4261,37.0418,1.0,8.5930794E9,8.630849916E10,0.0878,0.063
2015-09-09,海天味业,sh603288,食品加工,广东省,32.3,31.49,31.89,32.05,31.89,5262228,1.68022397E8,0.0195,11.4834,37.2276,1.0,8.636193E9,8.67415302E10,0.0253,0.005
2015-09-10,海天味业,sh603288,食品加工,广东省,31.97,31.0,31.5,31.33,32.05,2675441,8.4334878E7,0.0099,11.2254,36.3913,1.0,8.4421818E9,8.479289052E10,0.0302,-0.0053
2015-09-11,海天味业,sh603288,食品加工,广东省,31.68,30.6,31.56,31.42,31.33,2315786,7.2014553E7,0.0086,11.2577,36.4959,1.0,8.4664332E9,8.503647048E10,0.0344,-0.0044
2015-09-14,海天味业,sh603288,食品加工,广东省,32.02,30.2,31.38,31.98,31.42,5243667,1.63442307E8,0.0195,11.4575,37.1436,1.0,8.6173308E9,8.654574708E10,0.0579,0.0191
2015-09-15,海天味业,sh603288,食品加工,广东省,32.22,30.81,31.56,31.89,31.98,4663087,1.47460746E8,0.0173,11.4252,37.0391,1.0,8.5930794E9,8.630218494E10,0.044,0.0104
2015-09-16,海天味业,sh603288,食品加工,广东省,34.92,31.5,31.7,33.71,31.89,6134847,2.02830577E8,0.0228,12.0773,39.153,1.0,9.0834966E9,9.122755266E10,0.1072,0.0634
2015-09-17,海天味业,sh603288,食品加工,广东省,33.4,31.8,33.2,31.86,33.71,4697438,1.53949156E8,0.0174,11.4145,37.0042,1.0,8.5849956E9,8.622099756E10,0.0474,-0.0403
2015-09-18,海天味业,sh603288,食品加工,广东省,32.24,30.9,31.75,31.55,31.86,3401958,1.06891366E8,0.0126,11.3034,36.6442,1.0,8.501463E9,8.53820613E10,0.042,-0.0062
2015-09-21,海天味业,sh603288,食品加工,广东省,32.16,31.0,31.29,31.96,31.55,2171772,6.9186993E7,0.0081,11.4503,37.1204,1.0,8.6119416E9,8.649162216E10,0.0367,0.0214
2015-09-22,海天味业,sh603288,食品加工,广东省,32.25,31.8,32.0,31.9,31.96,2131227,6.8195709E7,0.0079,11.4288,37.0507,1.0,8.595774E9,8.63292474E10,0.014,-0.0031
2015-09-23,海天味业,sh603288,食品加工,广东省,32.23,31.56,31.95,31.74,31.9,2067583,6.5942487E7,0.0077,11.3715,36.8649,1.0,8.5526604E9,8.589624804E10,0.021,-0.0065
2015-09-24,海天味业,sh603288,食品加工,广东省,31.94,31.5,31.76,31.86,31.74,1846443,5.8625601E7,0.0069,11.4145,37.0042,1.0,8.5849956E9,8.622099756E10,0.0138,0.0031
2015-09-25,海天味业,sh603288,食品加工,广东省,31.92,31.03,31.68,31.25,31.86,1671408,5.2538296E7,0.0062,11.196,36.2957,1.0,8.420625E9,8.45701875E10,0.0279,-0.0135
2015-09-28,海天味业,sh603288,食品加工,广东省,31.6,31.0,31.32,31.51,31.25,1102839,3.4638872E7,0.0041,11.2891,36.5977,1.0,8.4906846E9,8.527381146E10,0.0192,0.006
2015-09-29,海天味业,sh603288,食品加工,广东省,31.37,31.0,31.16,31.27,31.51,1057264,3.2988888E7,0.0039,11.2031,36.319,1.0,8.4260142E9,8.462431242E10,0.0117,0.0035
2015-09-30,海天味业,sh603288,食品加工,广东省,31.64,31.15,31.64,31.37,31.27,903366,2.832886E7,0.0034,10.5171,35.3928,1.0,8.4529602E9,8.489493702E10,0.0156,-0.0085
2015-10-08,海天味业,sh603288,食品加工,广东省,32.59,31.5,32.01,32.34,31.37,2812288,9.0568726E7,0.0104,10.8423,36.4872,1.0,8.7143364E9,8.751999564E10,0.0347,0.0103
2015-10-09,海天味业,sh603288,食品加工,广东省,32.5,31.88,32.5,32.15,32.34,1992912,6.4010525E7,0.0074,10.7786,36.2729,1.0,8.663139E9,8.70058089E10,0.0191,-0.0107
2015-10-12,海天味业,sh603288,食品加工,广东省,33.68,32.14,32.31,33.22,32.15,4537061,1.49299116E8,0.0168,11.1373,37.4801,1.0,8.9514612E9,8.990149212E10,0.0479,0.0281
2015-10-13,海天味业,sh603288,食品加工,广东省,33.16,32.5,33.05,32.8,33.22,2660999,8.7295927E7,0.0099,10.9965,37.0062,1.0,8.838288E9,8.87648688E10,0.0198,-0.0075
2015-10-14,海天味业,sh603288,食品加工,广东省,32.98,32.16,32.92,32.2,32.8,2275492,7.4162353E7,0.0084,10.7953,36.3293,1.0,8.676612E9,8.71411212E10,0.025,-0.0218
2015-10-15,海天味业,sh603288,食品加工,广东省,32.7,32.01,32.18,32.59,32.2,2283119,7.4131118E7,0.0085,10.9261,36.7693,1.0,8.7817014E9,8.819655714E10,0.0214,0.0127
2015-10-16,海天味业,sh603288,食品加工,广东省,35.8,32.58,32.8,34.55,32.59,8368449,2.85693081E8,0.0311,11.5832,38.9806,1.0,9.309843E9,9.35007993E10,0.0988,0.0533
2015-10-19,海天味业,sh603288,食品加工,广东省,35.0,34.16,34.65,34.81,34.55,5673670,1.96258938E8,0.0211,11.6704,39.274,1.0,9.3799026E9,9.420442326E10,0.0243,0.0046
2015-10-20,海天味业,sh603288,食品加工,广东省,35.5,34.38,34.69,35.13,34.81,4369682,1.53019118E8,0.0162,11.7777,39.635,1.0,9.4661298E9,9.507042198E10,0.0321,0.0126
2015-10-21,海天味业,sh603288,食品加工,广东省,35.37,33.01,35.27,33.62,35.13,5393629,1.8428858E8,0.02,11.2714,37.9314,1.0,9.0592452E9,9.098399052E10,0.0671,-0.0467
2015-10-22,海天味业,sh603288,食品加工,广东省,36.1,33.57,33.6,35.99,33.62,7877410,2.77065983E8,0.0292,12.066,40.6053,1.0,9.6978654E9,9.739779354E10,0.0752,0.0711
2015-10-23,海天味业,sh603288,食品加工,广东省,36.3,35.27,36.29,35.83,35.99,4804078,1.71718775E8,0.0178,12.0123,40.4248,1.0,9.6547518E9,9.696479418E10,0.0286,-0.0126
2015-10-26,海天味业,sh603288,食品加工,广东省,36.5,33.6,35.86,34.99,35.83,10061270,3.50110154E8,0.0373,11.7307,39.4771,1.0,9.4284054E9,9.469154754E10,0.0809,-0.0242
2015-10-27,海天味业,sh603288,食品加工,广东省,34.77,33.7,34.49,34.52,34.99,3265832,1.11640184E8,0.0121,11.5732,38.9468,1.0,9.3017592E9,9.341961192E10,0.0305,8.0E-4
2015-10-28,海天味业,sh603288,食品加工,广东省,34.82,33.85,34.48,34.1,34.52,2746702,9.4026663E7,0.0102,11.4323,38.4729,1.0,9.188586E9,9.22829886E10,0.028,-0.011
2015-10-29,海天味业,sh603288,食品加工,广东省,34.45,33.85,34.06,33.98,34.1,2397904,8.1821017E7,0.0089,11.3921,38.3375,1.0,9.1562508E9,9.195823908E10,0.0175,-0.0023
2015-10-30,海天味业,sh603288,食品加工,广东省,34.47,33.53,33.9,33.95,33.98,2342115,7.9588581E7,0.0087,11.3821,38.3037,1.0,9.148167E9,9.18770517E10,0.0276,0.0014
2015-11-02,海天味业,sh603288,食品加工,广东省,34.71,33.6,33.75,34.12,33.95,2833997,9.7245783E7,0.0105,11.439,38.4955,1.0,9.1939752E9,9.233711352E10,0.0326,0.0109
2015-11-03,海天味业,sh603288,食品加工,广东省,34.27,33.66,34.27,33.78,34.12,2235414,7.5742948E7,0.0083,11.3251,38.1119,1.0,9.1023588E9,9.141698988E10,0.0178,-0.0142
2015-11-04,海天味业,sh603288,食品加工,广东省,34.84,33.7,33.7,34.78,33.78,4130669,1.42397661E8,0.0153,11.6603,39.2401,1.0,9.3718188E9,9.412323588E10,0.0337,0.032
2015-11-05,海天味业,sh603288,食品加工,广东省,35.22,34.0,34.78,34.01,34.78,5849580,2.02570991E8,0.0217,11.4022,38.3714,1.0,9.1643346E9,9.203942646E10,0.035,-0.0221
2015-11-06,海天味业,sh603288,食品加工,广东省,34.79,34.1,34.12,34.73,34.01,3259516,1.12794023E8,0.0121,11.6436,39.1837,1.0,9.3583458E9,9.398792358E10,0.0202,0.0178
2015-11-09,海天味业,sh603288,食品加工,广东省,36.25,34.73,34.73,35.23,34.73,10865099,3.87152389E8,0.0403,11.8112,39.7478,1.0,9.4930758E9,9.534104658E10,0.0437,0.0143
2015-11-10,海天味业,sh603288,食品加工,广东省,35.58,34.9,35.2,35.15,35.23,4575236,1.60721895E8,0.017,11.7844,39.6576,1.0,9.471519E9,9.51245469E10,0.0193,-0.0014
2015-11-11,海天味业,sh603288,食品加工,广东省,35.42,34.8,35.15,35.34,35.15,2852428,9.9880154E7,0.0106,11.8481,39.872,1.0,9.5227164E9,9.563873364E10,0.0176,0.0054
2015-11-12,海天味业,sh603288,食品加工,广东省,35.34,34.51,35.26,34.8,35.34,3177436,1.10706403E8,0.0118,11.667,39.2627,1.0,9.377208E9,9.41773608E10,0.0234,-0.013
2015-11-13,海天味业,sh603288,食品加工,广东省,34.6,34.01,34.6,34.09,34.8,2587024,8.8588696E7,0.0096,11.429,38.4617,1.0,9.1858914E9,9.225592614E10,0.0169,-0.0147
2015-11-16,海天味业,sh603288,食品加工,广东省,34.39,33.72,34.0,34.26,34.09,2866231,9.7675053E7,0.0106,11.486,38.6535,1.0,9.2316996E9,9.271598796E10,0.0196,0.0076
2015-11-17,海天味业,sh603288,食品加工,广东省,34.7,34.08,34.44,34.15,34.26,2816146,9.6630572E7,0.0105,11.4491,38.5294,1.0,9.202059E9,9.24183009E10,0.018,-0.0084
2015-11-18,海天味业,sh603288,食品加工,广东省,34.13,33.8,34.1,33.97,34.15,2701029,9.183797E7,0.01,11.3888,38.3263,1.0,9.1535562E9,9.193117662E10,0.0096,-0.0038
2015-11-19,海天味业,sh603288,食品加工,广东省,34.55,34.0,34.0,34.4,33.97,2053405,7.0576449E7,0.0076,11.5329,38.8114,1.0,9.269424E9,9.30948624E10,0.0161,0.0117
2015-11-20,海天味业,sh603288,食品加工,广东省,34.59,34.15,34.41,34.37,34.4,1929130,6.6193034E7,0.0072,11.5229,38.7776,1.0,9.2613402E9,9.301367502E10,0.0127,-0.0011
2015-11-23,海天味业,sh603288,食品加工,广东省,34.98,34.24,34.37,34.68,34.37,3670937,1.2744879E8,0.0136,11.6268,39.1273,1.0,9.3448728E9,9.385261128E10,0.0215,0.009
2015-11-24,海天味业,sh603288,食品加工,广东省,34.8,34.16,34.7,34.44,34.68,1731742,5.9438942E7,0.0064,11.5463,38.8565,1.0,9.2802024E9,9.320311224E10,0.0184,-0.0074
2015-11-25,海天味业,sh603288,食品加工,广东省,34.55,34.01,34.43,34.51,34.44,1925219,6.6030615E7,0.0071,11.5698,38.9355,1.0,9.2990646E9,9.339254946E10,0.0156,0.0023
2015-11-26,海天味业,sh603288,食品加工,广东省,35.0,34.53,34.53,34.66,34.51,3133726,1.09014077E8,0.0116,11.6201,39.1048,1.0,9.3394836E9,9.379848636E10,0.0136,0.0037
2015-11-27,海天味业,sh603288,食品加工,广东省,34.55,33.82,34.2,33.91,34.66,3597415,1.22664628E8,0.0134,11.3686,38.2586,1.0,9.1373886E9,9.176880186E10,0.021,-0.0084
2015-11-30,海天味业,sh603288,食品加工,广东省,34.22,33.2,33.91,34.12,33.91,2759880,9.331053E7,0.0102,11.439,38.4955,1.0,9.1939752E9,9.233711352E10,0.03,0.0061
2015-12-01,海天味业,sh603288,食品加工,广东省,35.31,33.87,33.98,35.29,34.12,4245882,1.47141406E8,0.0158,11.8313,39.8155,1.0,9.5092434E9,9.550342134E10,0.0422,0.0385
2015-12-02,海天味业,sh603288,食品加工,广东省,35.36,34.67,35.26,35.17,35.29,3954892,1.38706796E8,0.0147,11.7911,39.6802,1.0,9.4769082E9,9.517867182E10,0.0195,-0.0025
2015-12-03,海天味业,sh603288,食品加工,广东省,35.6,34.93,35.1,35.58,35.17,4167455,1.46804479E8,0.0155,11.9285,40.1427,1.0,9.5873868E9,9.628823268E10,0.019,0.0136
2015-12-04,海天味业,sh603288,食品加工,广东省,36.77,35.63,35.63,36.06,35.58,8177767,2.96253664E8,0.0303,12.0894,40.6843,1.0,9.7167276E9,9.758723076E10,0.032,0.012
2015-12-07,海天味业,sh603288,食品加工,广东省,36.46,35.54,36.0,36.29,36.06,4061742,1.46489215E8,0.0151,12.1666,40.9438,1.0,9.7787034E9,9.820966734E10,0.0255,0.008
2015-12-08,海天味业,sh603288,食品加工,广东省,36.41,35.5,36.02,35.69,36.29,4418273,1.58158719E8,0.0164,11.9654,40.2668,1.0,9.6170274E9,9.658591974E10,0.025,-0.0091
2015-12-09,海天味业,sh603288,食品加工,广东省,35.8,35.2,35.68,35.32,35.69,2414480,8.5529163E7,0.009,11.8414,39.8494,1.0,9.5173272E9,9.558460872E10,0.0168,-0.01
2015-12-10,海天味业,sh603288,食品加工,广东省,35.93,35.25,35.31,35.6,35.32,2374649,8.4430033E7,0.0088,11.9352,40.1653,1.0,9.592776E9,9.63423576E10,0.0192,0.0082
2015-12-11,海天味业,sh603288,食品加工,广东省,35.58,34.85,35.58,34.92,35.6,1945668,6.8396774E7,0.0072,11.7073,39.3981,1.0,9.4095432E9,9.450211032E10,0.0205,-0.0185
2015-12-14,海天味业,sh603288,食品加工,广东省,35.15,34.2,34.75,34.8,34.92,2464319,8.5568416E7,0.0091,11.667,39.2627,1.0,9.377208E9,9.41773608E10,0.0272,0.0014
2015-12-15,海天味业,sh603288,食品加工,广东省,35.35,34.81,34.9,35.07,34.8,2060370,7.2269442E7,0.0076,11.7575,39.5673,1.0,9.4499622E9,9.490804722E10,0.0155,0.0048
2015-12-16,海天味业,sh603288,食品加工,广东省,35.34,34.86,35.28,34.89,35.07,1688692,5.9163235E7,0.0063,11.6972,39.3642,1.0,9.4014594E9,9.442092294E10,0.0136,-0.011
2015-12-17,海天味业,sh603288,食品加工,广东省,35.89,34.91,34.95,35.52,34.89,2265027,8.025771E7,0.0084,11.9084,40.075,1.0,9.5712192E9,9.612585792E10,0.028,0.0163
2015-12-18,海天味业,sh603288,食品加工,广东省,35.85,35.19,35.68,35.85,35.52,2504590,8.9061673E7,0.0093,12.019,40.4474,1.0,9.660141E9,9.70189191E10,0.0185,0.0047
2015-12-21,海天味业,sh603288,食品加工,广东省,37.03,35.41,35.59,36.92,35.85,5419578,1.98882276E8,0.0201,12.3778,41.6546,1.0,9.9484632E9,9.991460232E10,0.0451,0.0373
2015-12-22,海天味业,sh603288,食品加工,广东省,37.13,36.3,36.95,36.48,36.92,2967295,1.08464793E8,0.011,12.2303,41.1581,1.0,9.8299008E9,9.872385408E10,0.0224,-0.0127
2015-12-23,海天味业,sh603288,食品加工,广东省,36.7,35.95,36.49,35.99,36.48,2521358,9.1592364E7,0.0094,12.066,40.6053,1.0,9.6978654E9,9.739779354E10,0.0205,-0.0137
2015-12-24,海天味业,sh603288,食品加工,广东省,36.35,35.57,36.1,36.11,35.99,1770349,6.3561889E7,0.0066,12.1062,40.7407,1.0,9.7302006E9,9.772254306E10,0.0216,2.0E-4
2015-12-25,海天味业,sh603288,食品加工,广东省,36.25,35.61,36.13,35.81,36.11,1489420,5.3424786E7,0.0055,12.0056,40.4022,1.0,9.6493626E9,9.691066926E10,0.0177,-0.0088
2015-12-28,海天味业,sh603288,食品加工,广东省,36.45,35.21,35.85,35.24,35.81,2825424,1.01287103E8,0.0105,11.8145,39.7591,1.0,9.4957704E9,9.536810904E10,0.0346,-0.017
2015-12-29,海天味业,sh603288,食品加工,广东省,35.72,35.15,35.16,35.52,35.24,1650126,5.8412402E7,0.0061,11.9084,40.075,1.0,9.5712192E9,9.612585792E10,0.0161,0.0102
2015-12-30,海天味业,sh603288,食品加工,广东省,35.75,35.3,35.5,35.5,35.52,1295412,4.6008576E7,0.0048,11.9017,40.0525,1.0,9.56583E9,9.6071733E10,0.0126,0.0
2015-12-31,海天味业,sh603288,食品加工,广东省,36.2,35.28,35.57,35.35,35.5,2285608,8.1537698E7,0.0085,10.9318,38.1194,1.0,9.525411E9,9.56657961E10,0.0259,-0.0061
2016-01-04,海天味业,sh603288,食品加工,广东省,35.48,32.8,35.08,33.1,35.35,2297597,7.9335812E7,0.0085,10.236,35.6932,1.0,8.919126E9,8.95767426E10,0.0758,-0.0564
2016-01-05,海天味业,sh603288,食品加工,广东省,33.96,31.55,32.57,33.61,33.1,3001228,9.9845356E7,0.0111,10.3937,36.2431,1.0,9.0565506E9,9.095692806E10,0.0728,0.0319
2016-01-06,海天味业,sh603288,食品加工,广东省,33.94,32.9,33.65,33.54,33.61,3108381,1.03455612E8,0.0115,10.3721,36.1676,1.0,9.0376884E9,9.076749084E10,0.0309,-0.0032
2016-01-07,海天味业,sh603288,食品加工,广东省,33.28,30.83,33.28,31.02,33.54,675000,2.1517658E7,0.0025,9.5928,33.4502,1.0,8.3586492E9,8.394775092E10,0.073,-0.0679
2016-01-08,海天味业,sh603288,食品加工,广东省,32.15,30.21,31.61,31.33,31.02,3789587,1.1932596E8,0.0141,9.6887,33.7845,1.0,8.4421818E9,8.478668718E10,0.0625,-0.0088
2016-01-11,海天味业,sh603288,食品加工,广东省,31.24,30.0,30.98,30.08,31.33,2548851,7.7995586E7,0.0095,9.3021,32.4366,1.0,8.1053568E9,8.140387968E10,0.0395,-0.029
2016-01-12,海天味业,sh603288,食品加工,广东省,30.65,29.8,29.8,30.31,30.08,2704484,8.1874114E7,0.01,9.3732,32.6846,1.0,8.1673326E9,8.202631626E10,0.0282,0.0171
2016-01-13,海天味业,sh603288,食品加工,广东省,31.3,30.3,30.59,30.42,30.31,3406196,1.04882431E8,0.0126,9.4072,32.8032,1.0,8.1969732E9,8.232400332E10,0.0329,-0.0055
2016-01-14,海天味业,sh603288,食品加工,广东省,31.48,29.62,29.77,31.19,30.42,2916836,8.9672699E7,0.0108,9.6454,33.6335,1.0,8.4044574E9,8.440781274E10,0.0611,0.0476
2016-01-15,海天味业,sh603288,食品加工,广东省,31.2,30.3,30.77,30.47,31.19,1610714,4.9383722E7,0.006,9.4227,32.8571,1.0,8.2104462E9,8.245931562E10,0.0288,-0.0097
2016-01-18,海天味业,sh603288,食品加工,广东省,31.2,29.71,29.71,30.82,30.47,1826955,5.6161248E7,0.0068,9.5309,33.2345,1.0,8.3047572E9,8.340650172E10,0.0489,0.0373
2016-01-19,海天味业,sh603288,食品加工,广东省,31.55,30.41,30.8,31.44,30.82,2107708,6.5739342E7,0.0078,9.7227,33.9031,1.0,8.4718224E9,8.508437424E10,0.0369,0.0207
2016-01-20,海天味业,sh603288,食品加工,广东省,31.39,30.49,31.18,30.73,31.44,2255343,6.9514464E7,0.0084,9.5031,33.1375,1.0,8.2805058E9,8.316293958E10,0.0286,-0.0144
2016-01-21,海天味业,sh603288,食品加工,广东省,31.0,29.88,30.68,29.95,30.73,1509934,4.5773568E7,0.0056,9.2619,32.2964,1.0,8.070327E9,8.10520677E10,0.0364,-0.0237
2016-01-22,海天味业,sh603288,食品加工,广东省,30.45,29.05,29.96,29.39,29.95,2417450,7.1671241E7,0.009,9.0887,31.6925,1.0,7.9194294E9,7.953656994E10,0.0467,-0.019
2016-01-25,海天味业,sh603288,食品加工,广东省,29.8,29.23,29.6,29.39,29.39,1911317,5.6318004E7,0.0071,9.0887,31.6925,1.0,7.9194294E9,7.953656994E10,0.0193,-0.007
2016-01-26,海天味业,sh603288,食品加工,广东省,29.3,27.59,29.2,28.24,29.39,3416604,9.6457962E7,0.0127,8.7331,30.4524,1.0,7.6095504E9,7.642438704E10,0.0581,-0.0328
2016-01-27,海天味业,sh603288,食品加工,广东省,28.28,26.6,28.28,27.38,28.24,3910674,1.06207178E8,0.0145,8.4671,29.525,1.0,7.3778148E9,7.409701548E10,0.0594,-0.0318
2016-01-28,海天味业,sh603288,食品加工,广东省,27.6,26.79,27.16,26.91,27.38,1609355,4.3684235E7,0.006,8.3218,29.0182,1.0,7.2511686E9,7.282507986E10,0.0295,-0.0092
2016-01-29,海天味业,sh603288,食品加工,广东省,27.65,26.88,26.9,27.48,26.91,2213747,6.0557626E7,0.0082,8.4981,29.6329,1.0,7.4047608E9,7.436764008E10,0.0286,0.0215
2016-02-01,海天味业,sh603288,食品加工,广东省,27.93,27.32,27.39,27.72,27.48,2173997,6.0105587E7,0.0081,8.5723,29.8917,1.0,7.4694312E9,7.501713912E10,0.0221,0.012
2016-02-02,海天味业,sh603288,食品加工,广东省,28.63,27.7,28.0,28.46,27.72,1766687,5.0149445E7,0.0066,8.8011,30.6897,1.0,7.6688316E9,7.701976116E10,0.0335,0.0164
2016-02-03,海天味业,sh603288,食品加工,广东省,28.37,27.91,28.37,28.22,28.46,765710,2.1541907E7,0.0028,8.7269,30.4309,1.0,7.6041612E9,7.637026212E10,0.0161,-0.0052
2016-02-04,海天味业,sh603288,食品加工,广东省,28.91,28.2,28.4,28.53,28.22,1171097,3.3569776E7,0.0043,8.8228,30.7651,1.0,7.6876938E9,7.720919838E10,0.0251,0.0045
2016-02-05,海天味业,sh603288,食品加工,广东省,29.01,28.47,28.61,28.55,28.53,1378271,3.9668444E7,0.0051,8.829,30.7867,1.0,7.693083E9,7.72633233E10,0.0189,-0.002
2016-02-15,海天味业,sh603288,食品加工,广东省,28.15,27.8,28.15,28.02,28.55,1376884,3.8578431E7,0.0051,8.6651,30.2152,1.0,7.5502692E9,7.582901292E10,0.0122,-0.0046
2016-02-16,海天味业,sh603288,食品加工,广东省,28.7,28.1,28.26,28.53,28.02,2576030,7.3232262E7,0.0096,8.8228,30.7651,1.0,7.6876938E9,7.720919838E10,0.0214,0.0095
2016-02-17,海天味业,sh603288,食品加工,广东省,28.57,28.12,28.47,28.37,28.53,1739170,4.9336162E7,0.0065,8.7733,30.5926,1.0,7.6445802E9,7.677619902E10,0.0157,-0.0035
2016-02-18,海天味业,sh603288,食品加工,广东省,28.74,28.37,28.57,28.44,28.37,2337971,6.6671893E7,0.0087,8.7949,30.6681,1.0,7.6634424E9,7.696563624E10,0.013,-0.0045
2016-02-19,海天味业,sh603288,食品加工,广东省,29.24,28.33,28.6,29.06,28.44,4504487,1.30420497E8,0.0167,8.9867,31.3367,1.0,7.8305076E9,7.864350876E10,0.0319,0.016
2016-02-22,海天味业,sh603288,食品加工,广东省,29.93,29.34,29.34,29.49,29.06,2542070,7.52146E7,0.0094,9.1196,31.8004,1.0,7.9463754E9,7.980719454E10,0.0203,0.0051
2016-02-23,海天味业,sh603288,食品加工,广东省,29.79,28.97,29.61,29.56,29.49,2510544,7.3496532E7,0.0093,9.1413,31.8758,1.0,7.9652376E9,7.999663176E10,0.0278,-0.0016
2016-02-24,海天味业,sh603288,食品加工,广东省,29.68,28.7,29.48,29.02,29.56,2169272,6.321046E7,0.0081,8.9743,31.2935,1.0,7.8197292E9,7.853525892E10,0.0331,-0.0156
2016-02-25,海天味业,sh603288,食品加工,广东省,29.2,26.57,29.02,26.71,29.02,3831543,1.05928727E8,0.0142,8.2599,28.8026,1.0,7.1972766E9,7.228383066E10,0.0906,-0.0796
2016-02-26,海天味业,sh603288,食品加工,广东省,27.5,26.9,27.2,27.25,26.71,2259893,6.1396176E7,0.0084,8.4269,29.3849,1.0,7.342785E9,7.37452035E10,0.0224,0.0018
2016-02-29,海天味业,sh603288,食品加工,广东省,27.21,25.0,27.21,25.94,27.25,2536107,6.6470907E7,0.0094,8.0218,27.9722,1.0,6.9897924E9,7.020002124E10,0.0811,-0.0466
2016-03-01,海天味业,sh603288,食品加工,广东省,26.49,25.8,26.1,26.46,25.94,1780144,4.653897E7,0.0066,8.1826,28.533,1.0,7.1299116E9,7.160726916E10,0.0265,0.0137
2016-03-02,海天味业,sh603288,食品加工,广东省,27.49,26.36,26.55,27.42,26.46,2048378,5.5443499E7,0.0076,8.4795,29.5682,1.0,7.3885932E9,7.420526532E10,0.0427,0.0327
2016-03-03,海天味业,sh603288,食品加工,广东省,27.7,27.13,27.42,27.25,27.42,1946204,5.319531E7,0.0072,8.4269,29.3849,1.0,7.342785E9,7.37452035E10,0.0207,-0.0061
2016-03-04,海天味业,sh603288,食品加工,广东省,27.47,26.18,27.25,26.53,27.25,2087348,5.5779625E7,0.0077,8.2043,28.6085,1.0,7.1487738E9,7.179670638E10,0.0473,-0.0264
2016-03-07,海天味业,sh603288,食品加工,广东省,27.39,26.54,26.54,26.94,26.53,1964109,5.311665E7,0.0073,8.3311,29.0506,1.0,7.2592524E9,7.290626724E10,0.032,0.015
2016-03-08,海天味业,sh603288,食品加工,广东省,27.66,26.18,27.13,27.58,26.94,3686695,1.0051222E8,0.0137,8.529,29.7407,1.0,7.4317068E9,7.463826468E10,0.0549,0.0165
2016-03-09,海天味业,sh603288,食品加工,广东省,27.33,27.0,27.03,27.19,27.58,2430299,6.5968633E7,0.009,8.4084,29.3202,1.0,7.3266174E9,7.358282874E10,0.0119,0.0059
2016-03-10,海天味业,sh603288,食品加工,广东省,29.45,27.68,27.89,28.42,27.19,7295095,2.08556752E8,0.0271,8.7888,30.6465,1.0,7.6580532E9,7.691151132E10,0.065,0.019
2016-03-11,海天味业,sh603288,食品加工,广东省,28.13,27.21,27.95,27.65,28.42,2808069,7.7738957E7,0.0104,8.5506,29.8162,1.0,7.450569E9,7.48277019E10,0.0323,-0.0107
2016-03-14,海天味业,sh603288,食品加工,广东省,28.73,27.8,28.05,28.69,27.65,4400410,1.25255295E8,0.0163,8.8723,30.9377,1.0,7.7308074E9,7.764219774E10,0.0336,0.0228
2016-03-15,海天味业,sh603288,食品加工,广东省,30.89,28.13,28.5,30.82,28.69,7475111,2.18285978E8,0.0277,9.5309,33.2345,1.0,8.3047572E9,8.340650172E10,0.0962,0.0814
2016-03-16,海天味业,sh603288,食品加工,广东省,30.47,29.61,30.04,29.67,30.82,3080170,9.2313814E7,0.0114,9.1753,31.9945,1.0,7.9948782E9,8.029431882E10,0.0279,-0.0123
2016-03-17,海天味业,sh603288,食品加工,广东省,30.5,29.38,29.71,30.01,29.67,2688896,8.0498728E7,0.01,9.2805,32.3611,1.0,8.0864946E9,8.121444246E10,0.0377,0.01
2016-03-18,海天味业,sh603288,食品加工,广东省,30.75,29.92,30.01,30.43,30.01,3749131,1.14244734E8,0.0139,9.4103,32.814,1.0,8.1996678E9,8.235106578E10,0.0276,0.0139
2016-03-21,海天味业,sh603288,食品加工,广东省,31.04,30.18,31.04,30.55,30.43,2753990,8.3932019E7,0.0102,9.4474,32.9434,1.0,8.232003E9,8.26758153E10,0.0282,-0.0157
2016-03-22,海天味业,sh603288,食品加工,广东省,30.7,29.85,30.32,30.11,30.55,2790421,8.459469E7,0.0104,9.3114,32.4689,1.0,8.1134406E9,8.148506706E10,0.0278,-0.0069
2016-03-23,海天味业,sh603288,食品加工,广东省,30.95,29.86,30.0,30.73,30.11,2417159,7.4080203E7,0.009,9.5031,33.1375,1.0,8.2805058E9,8.316293958E10,0.0362,0.0243
2016-03-24,海天味业,sh603288,食品加工,广东省,30.85,30.18,30.74,30.23,30.73,1872990,5.7055164E7,0.007,9.3485,32.5983,1.0,8.1457758E9,8.180981658E10,0.0218,-0.0165
2016-03-25,海天味业,sh603288,食品加工,广东省,30.5,29.7,30.23,30.0,30.23,1693416,5.0848963E7,0.0063,9.2774,32.3503,1.0,8.0838E9,8.118738E10,0.0264,-0.0076
2016-03-28,海天味业,sh603288,食品加工,广东省,30.48,29.92,30.1,30.08,30.0,1683352,5.0751029E7,0.0062,9.3021,32.4366,1.0,8.1053568E9,8.140387968E10,0.0186,-6.0E-4
2016-03-29,海天味业,sh603288,食品加工,广东省,30.31,29.41,30.31,29.82,30.08,1267716,3.7739948E7,0.0047,9.2217,32.1562,1.0,8.0352972E9,8.070025572E10,0.0299,-0.0161
2016-03-30,海天味业,sh603288,食品加工,广东省,30.87,29.86,29.86,30.67,29.82,2674065,8.1520347E7,0.0099,9.4846,33.0728,1.0,8.2643382E9,8.300056482E10,0.0338,0.0271
2016-03-31,海天味业,sh603288,食品加工,广东省,30.95,30.47,30.55,30.7,30.67,1406929,4.313375E7,0.0052,9.4938,33.1051,1.0,8.272422E9,8.30817522E10,0.0156,0.0049
2016-04-01,海天味业,sh603288,食品加工,广东省,31.57,30.55,30.57,31.3,30.7,2818184,8.8017352E7,0.0105,9.6794,33.7522,1.0,8.434098E9,8.47054998E10,0.0332,0.0238
2016-04-05,海天味业,sh603288,食品加工,广东省,31.78,31.0,31.3,31.59,31.3,2041477,6.4181595E7,0.0076,9.7691,34.0649,1.0,8.5122414E9,8.549031114E10,0.0249,0.0092
2016-04-06,海天味业,sh603288,食品加工,广东省,31.42,30.81,31.42,30.97,31.59,2584993,8.0190747E7,0.0096,9.5773,33.3963,1.0,8.3451762E9,8.381243862E10,0.0193,-0.0143
2016-04-07,海天味业,sh603288,食品加工,广东省,31.34,30.63,31.34,30.82,30.97,1105132,3.4088497E7,0.0041,9.5309,33.2345,1.0,8.3047572E9,8.340650172E10,0.0229,-0.0165
2016-04-08,海天味业,sh603288,食品加工,广东省,30.81,30.31,30.62,30.67,30.82,940690,2.8720163E7,0.0035,9.4846,33.0728,1.0,8.2643382E9,8.300056482E10,0.0162,0.0016
