2016-04-08
2014-12-04,柳州医药,sh603368,医药商业,广西壮族自治区,37.76,31.46,31.46,37.76,26.22,18300,690378.0,8.0E-4,7.8292,28.4304,0.9959498,8.496E8,4.248E9,0.2402,0.2002
2014-12-05,柳州医药,sh603368,医药商业,广西壮族自治区,41.54,41.54,41.54,41.54,37.76,14000,581560.0,6.0E-4,8.613,31.2765,0.9959498,9.3465E8,4.67325E9,0.0,0.0
2014-12-08,柳州医药,sh603368,医药商业,广西壮族自治区,45.69,45.69,45.69,45.69,41.54,20900,954921.0,9.0E-4,9.4735,34.4011,0.9959498,1.028025E9,5.140125E9,0.0,0.0
2014-12-09,柳州医药,sh603368,医药商业,广西壮族自治区,50.26,50.26,50.26,50.26,45.69,59650,2998009.0,0.0027,10.421,37.842,0.9959498,1.13085E9,5.65425E9,0.0,0.0
2014-12-10,柳州医药,sh603368,医药商业,广西壮族自治区,55.29,55.29,55.29,55.29,50.26,98800,5462652.0,0.0044,11.4639,41.6292,0.9959498,1.244025E9,6.220125E9,0.0,0.0
2014-12-11,柳州医药,sh603368,医药商业,广西壮族自治区,60.82,56.01,60.7,60.82,55.29,10689097,6.28060071E8,0.4751,12.6105,45.7929,0.9959498,1.36845E9,6.84225E9,0.0869,0.0019
2014-12-12,柳州医药,sh603368,医药商业,广西壮族自治区,60.7,57.5,59.65,57.81,60.82,6518821,3.82169621E8,0.2897,11.9864,43.5266,0.9959498,1.300725E9,6.503625E9,0.0526,-0.0308
2014-12-15,柳州医药,sh603368,医药商业,广西壮族自治区,57.5,54.51,57.5,56.01,57.81,4854309,2.70057465E8,0.2157,11.6132,42.1713,0.9959498,1.260225E9,6.301125E9,0.0517,-0.0259
2014-12-16,柳州医药,sh603368,医药商业,广西壮族自治区,56.5,54.3,55.8,54.51,56.01,3279639,1.79817229E8,0.1458,11.3022,41.0419,0.9959498,1.226475E9,6.132375E9,0.0392,-0.0231
2014-12-17,柳州医药,sh603368,医药商业,广西壮族自治区,54.5,52.31,54.5,52.4,54.51,3543015,1.88401575E8,0.1575,10.8647,39.4532,0.9959498,1.179E9,5.895E9,0.0401,-0.0385
2014-12-18,柳州医药,sh603368,医药商业,广西壮族自治区,53.78,52.04,52.6,52.5,52.4,2675942,1.41366975E8,0.1189,10.8855,39.5285,0.9959498,1.18125E9,5.90625E9,0.0332,-0.0019
2014-12-19,柳州医药,sh603368,医药商业,广西壮族自治区,52.22,49.01,52.2,49.29,52.5,3483553,1.74178981E8,0.1548,10.2199,37.1116,0.9959498,1.109025E9,5.545125E9,0.0611,-0.0557
2014-12-22,柳州医药,sh603368,医药商业,广西壮族自治区,48.81,45.55,48.81,45.6,49.29,2906650,1.35343487E8,0.1292,9.4548,34.3334,0.9959498,1.026E9,5.13E9,0.0661,-0.0657
2014-12-23,柳州医药,sh603368,医药商业,广西壮族自治区,50.16,46.0,46.0,50.16,45.6,4955181,2.45037927E8,0.2202,10.4003,37.7667,0.9959498,1.1286E9,5.643E9,0.0912,0.0904
2014-12-24,柳州医药,sh603368,医药商业,广西壮族自治区,52.6,49.0,50.16,51.41,50.16,5022111,2.53752553E8,0.2232,10.6595,38.7078,0.9959498,1.156725E9,5.783625E9,0.0717,0.0249
2014-12-25,柳州医药,sh603368,医药商业,广西壮族自治区,50.99,48.67,50.52,49.47,51.41,2971723,1.4685873E8,0.1321,10.2572,37.2472,0.9959498,1.113075E9,5.565375E9,0.0451,-0.0207
2014-12-26,柳州医药,sh603368,医药商业,广西壮族自治区,49.99,48.7,49.0,49.2,49.47,1879993,9.2834795E7,0.0836,10.2012,37.0439,0.9959498,1.107E9,5.535E9,0.026,0.004
2014-12-29,柳州医药,sh603368,医药商业,广西壮族自治区,48.8,46.86,48.75,48.18,49.2,2556851,1.22075922E8,0.1136,9.9897,36.2759,0.9959498,1.08405E9,5.42025E9,0.0394,-0.0116
2014-12-30,柳州医药,sh603368,医药商业,广西壮族自治区,53.0,47.82,48.0,52.0,48.18,5129866,2.63215153E8,0.228,10.7818,39.1521,0.9959498,1.17E9,5.85E9,0.1075,0.0833
2014-12-31,柳州医药,sh603368,医药商业,广西壮族自治区,52.99,50.02,50.25,51.4,52.0,2200722,1.12775244E8,0.0978,5.0037,34.0553,0.9959498,1.1565E9,5.7825E9,0.0571,0.0228
2015-01-05,柳州医药,sh603368,医药商业,广西壮族自治区,51.66,49.46,51.1,49.96,51.4,1538993,7.7017184E7,0.0684,4.8635,33.1012,0.9959498,1.1241E9,5.6205E9,0.0428,-0.0223
2015-01-06,柳州医药,sh603368,医药商业,广西壮族自治区,51.23,48.5,49.38,50.6,49.96,2781209,1.38326729E8,0.1236,4.9258,33.5253,0.9959498,1.1385E9,5.6925E9,0.0546,0.0247
2015-01-07,柳州医药,sh603368,医药商业,广西壮族自治区,50.1,48.8,50.01,48.93,50.6,1627780,7.9960939E7,0.0723,4.7632,32.4188,0.9959498,1.100925E9,5.504625E9,0.0256,-0.0215
2015-01-08,柳州医药,sh603368,医药商业,广西壮族自治区,49.3,45.0,49.04,47.1,48.93,3130662,1.49655622E8,0.1391,4.5851,31.2063,0.9959498,1.05975E9,5.29875E9,0.0878,-0.0395
2015-01-09,柳州医药,sh603368,医药商业,广西壮族自治区,47.6,46.36,46.36,46.68,47.1,1099761,5.1553863E7,0.0489,4.5442,30.9281,0.9959498,1.0503E9,5.2515E9,0.0263,0.0069
2015-01-12,柳州医药,sh603368,医药商业,广西壮族自治区,46.6,45.63,46.6,45.81,46.68,1178485,5.4180152E7,0.0524,4.4595,30.3516,0.9959498,1.030725E9,5.153625E9,0.0207,-0.0169
2015-01-13,柳州医药,sh603368,医药商业,广西壮族自治区,46.99,45.6,45.72,46.98,45.81,1047243,4.8765577E7,0.0465,4.5734,31.1268,0.9959498,1.05705E9,5.28525E9,0.0303,0.0275
2015-01-14,柳州医药,sh603368,医药商业,广西壮族自治区,47.16,46.1,46.95,46.18,46.98,959547,4.4689192E7,0.0426,4.4955,30.5968,0.9959498,1.03905E9,5.19525E9,0.0225,-0.0164
2015-01-15,柳州医药,sh603368,医药商业,广西壮族自治区,47.18,46.0,46.24,46.14,46.18,1311569,6.088735E7,0.0583,4.4916,30.5703,0.9959498,1.03815E9,5.19075E9,0.0255,-0.0021
2015-01-16,柳州医药,sh603368,医药商业,广西壮族自治区,47.2,46.12,46.15,47.2,46.14,1387933,6.5073561E7,0.0617,4.5948,31.2726,0.9959498,1.062E9,5.31E9,0.0234,0.0227
2015-01-19,柳州医药,sh603368,医药商业,广西壮族自治区,48.98,46.81,47.1,47.33,47.2,2413234,1.15994998E8,0.1073,4.6075,31.3587,0.9959498,1.064925E9,5.324625E9,0.0459,0.0048
2015-01-20,柳州医药,sh603368,医药商业,广西壮族自治区,50.5,47.03,47.72,49.8,47.33,3066522,1.5044271E8,0.1363,4.8479,32.9952,0.9959498,1.1205E9,5.6025E9,0.0733,0.0435
2015-01-21,柳州医药,sh603368,医药商业,广西壮族自治区,52.97,50.22,50.94,51.68,49.8,5141994,2.67223162E8,0.2285,5.031,34.2408,0.9959498,1.1628E9,5.814E9,0.0552,0.0145
2015-01-22,柳州医药,sh603368,医药商业,广西壮族自治区,52.19,51.03,51.03,51.69,51.68,2029244,1.04709886E8,0.0902,5.0319,34.2475,0.9959498,1.163025E9,5.815125E9,0.0224,0.0129
2015-01-23,柳州医药,sh603368,医药商业,广西壮族自治区,52.43,50.33,51.52,50.6,51.69,1861342,9.571821E7,0.0827,4.9258,33.5253,0.9959498,1.1385E9,5.6925E9,0.0406,-0.0178
2015-01-26,柳州医药,sh603368,医药商业,广西壮族自治区,50.94,50.0,50.01,50.69,50.6,1231817,6.2243161E7,0.0547,4.9346,33.5849,0.9959498,1.140525E9,5.702625E9,0.0185,0.0135
2015-01-27,柳州医药,sh603368,医药商业,广西壮族自治区,50.9,49.53,50.89,49.89,50.69,1066470,5.3475381E7,0.0474,4.8567,33.0549,0.9959498,1.122525E9,5.612625E9,0.027,-0.0196
2015-01-28,柳州医药,sh603368,医药商业,广西壮族自治区,51.0,49.6,49.79,50.29,49.89,1121201,5.6151843E7,0.0498,4.8956,33.3199,0.9959498,1.131525E9,5.657625E9,0.028,0.01
2015-01-29,柳州医药,sh603368,医药商业,广西壮族自治区,50.25,49.54,49.99,49.62,50.29,806180,4.0151262E7,0.0358,4.8304,32.876,0.9959498,1.11645E9,5.58225E9,0.0141,-0.0074
2015-01-30,柳州医药,sh603368,医药商业,广西壮族自治区,50.14,49.61,49.84,49.84,49.62,714736,3.5616343E7,0.0318,4.8518,33.0217,0.9959498,1.1214E9,5.607E9,0.0106,0.0
2015-02-02,柳州医药,sh603368,医药商业,广西壮族自治区,54.75,49.19,49.82,53.55,49.84,4495011,2.37963132E8,0.1998,5.213,35.4798,0.9959498,1.204875E9,6.024375E9,0.1115,0.0748
2015-02-03,柳州医药,sh603368,医药商业,广西壮族自治区,58.91,53.02,53.05,57.56,53.55,7293637,4.14342901E8,0.3242,5.6034,38.1367,0.9959498,1.2951E9,6.4755E9,0.1099,0.085
2015-02-04,柳州医药,sh603368,医药商业,广西壮族自治区,60.97,56.7,58.98,57.53,57.56,4537835,2.6677496E8,0.2017,5.6004,38.1168,0.9959498,1.294425E9,6.472125E9,0.0741,-0.0245
2015-02-05,柳州医药,sh603368,医药商业,广西壮族自治区,57.58,55.83,57.58,56.27,57.53,2687031,1.52288271E8,0.1194,5.4778,37.282,0.9959498,1.266075E9,6.330375E9,0.0304,-0.0227
2015-02-06,柳州医药,sh603368,医药商业,广西壮族自治区,56.4,51.43,55.85,51.82,56.27,2985552,1.59946831E8,0.1327,5.0446,34.3336,0.9959498,1.16595E9,5.82975E9,0.0883,-0.0721
2015-02-09,柳州医药,sh603368,医药商业,广西壮族自治区,53.47,51.3,51.5,52.65,51.82,1719648,9.0070216E7,0.0764,5.1254,34.8835,0.9959498,1.184625E9,5.923125E9,0.0418,0.0223
2015-02-10,柳州医药,sh603368,医药商业,广西壮族自治区,56.19,51.75,51.75,55.18,52.65,3049578,1.67582776E8,0.1355,5.3717,36.5598,0.9959498,1.24155E9,6.20775E9,0.0843,0.0662
2015-02-11,柳州医药,sh603368,医药商业,广西壮族自治区,58.13,54.51,54.99,56.79,55.18,3293576,1.85843637E8,0.1464,5.5284,37.6265,0.9959498,1.277775E9,6.388875E9,0.0656,0.0327
2015-02-12,柳州医药,sh603368,医药商业,广西壮族自治区,59.19,55.5,56.5,57.39,56.79,2643123,1.51172109E8,0.1175,5.5868,38.024,0.9959498,1.291275E9,6.456375E9,0.0649,0.0157
2015-02-13,柳州医药,sh603368,医药商业,广西壮族自治区,59.28,56.31,57.76,56.41,57.39,2292161,1.32243227E8,0.1019,5.4914,37.3747,0.9959498,1.269225E9,6.346125E9,0.0517,-0.0233
2015-02-16,柳州医药,sh603368,医药商业,广西壮族自治区,57.39,55.67,56.38,56.91,56.41,1685961,9.5835691E7,0.0749,5.5401,37.706,0.9959498,1.280475E9,6.402375E9,0.0304,0.0094
2015-02-17,柳州医药,sh603368,医药商业,广西壮族自治区,56.8,55.66,56.5,55.81,56.91,1051403,5.885755E7,0.0467,5.433,36.9772,0.9959498,1.255725E9,6.278625E9,0.02,-0.0122
2015-02-25,柳州医药,sh603368,医药商业,广西壮族自治区,56.0,53.61,55.85,53.87,55.81,1340556,7.2812531E7,0.0596,5.2441,35.6918,0.9959498,1.212075E9,6.060375E9,0.0428,-0.0354
2015-02-26,柳州医药,sh603368,医药商业,广西壮族自治区,54.66,53.48,53.81,54.56,53.87,1490900,8.0443094E7,0.0663,5.3113,36.149,0.9959498,1.2276E9,6.138E9,0.0219,0.0139
2015-02-27,柳州医药,sh603368,医药商业,广西壮族自治区,55.55,53.4,54.4,55.18,54.56,1136810,6.1805636E7,0.0505,5.3717,36.5598,0.9959498,1.24155E9,6.20775E9,0.0394,0.0143
2015-03-02,柳州医药,sh603368,医药商业,广西壮族自治区,55.91,54.51,55.05,55.28,55.18,1386862,7.653569E7,0.0616,5.3814,36.626,0.9959498,1.2438E9,6.219E9,0.0253,0.0041
2015-03-03,柳州医药,sh603368,医药商业,广西壮族自治区,55.0,53.02,55.0,53.26,55.28,1768803,9.5451309E7,0.0786,5.1848,35.2877,0.9959498,1.19835E9,5.99175E9,0.0358,-0.0316
2015-03-04,柳州医药,sh603368,医药商业,广西壮族自治区,54.32,53.1,53.25,54.29,53.26,1234778,6.637403E7,0.0549,5.285,35.9701,0.9959498,1.221525E9,6.107625E9,0.0229,0.0195
2015-03-05,柳州医药,sh603368,医药商业,广西壮族自治区,56.98,53.9,54.2,56.87,54.29,3408779,1.90949416E8,0.1515,5.5362,37.6795,0.9959498,1.279575E9,6.397875E9,0.0567,0.0492
2015-03-06,柳州医药,sh603368,医药商业,广西壮族自治区,56.95,54.1,56.7,54.31,56.87,2251439,1.23802393E8,0.1001,5.287,35.9834,0.9959498,1.221975E9,6.109875E9,0.0501,-0.0421
2015-03-09,柳州医药,sh603368,医药商业,广西壮族自治区,54.44,53.3,54.44,54.01,54.31,1088024,5.8547189E7,0.0484,5.2578,35.7846,0.9959498,1.215225E9,6.076125E9,0.0209,-0.0078
2015-03-10,柳州医药,sh603368,医药商业,广西壮族自治区,54.38,53.6,54.0,53.86,54.01,1649227,8.8962647E7,0.0733,5.2432,35.6852,0.9959498,1.21185E9,6.05925E9,0.0144,-0.0025
2015-03-11,柳州医药,sh603368,医药商业,广西壮族自治区,53.99,52.4,53.9,52.53,53.86,2310743,1.22430327E8,0.1027,5.1137,34.804,0.9959498,1.181925E9,5.909625E9,0.0295,-0.0254
2015-03-12,柳州医药,sh603368,医药商业,广西壮族自治区,53.35,52.22,52.58,53.18,52.53,1229754,6.4832684E7,0.0547,5.177,35.2347,0.9959498,1.19655E9,5.98275E9,0.0215,0.0114
2015-03-13,柳州医药,sh603368,医药商业,广西壮族自治区,54.78,53.3,53.3,54.21,53.18,1474442,7.9924651E7,0.0655,5.2772,35.9171,0.9959498,1.219725E9,6.098625E9,0.0278,0.017
2015-03-16,柳州医药,sh603368,医药商业,广西壮族自治区,55.15,52.57,53.2,54.56,54.21,3303182,1.79275528E8,0.1468,5.3113,36.149,0.9959498,1.2276E9,6.138E9,0.0475,0.0255
2015-03-17,柳州医药,sh603368,医药商业,广西壮族自治区,56.24,54.08,54.61,55.63,54.56,3701428,2.03657709E8,0.1645,5.4155,36.8579,0.9959498,1.251675E9,6.258375E9,0.0395,0.0186
2015-03-18,柳州医药,sh603368,医药商业,广西壮族自治区,56.5,54.9,55.3,56.44,55.63,2717032,1.51665438E8,0.1208,5.4943,37.3946,0.9959498,1.2699E9,6.3495E9,0.0287,0.0206
2015-03-19,柳州医药,sh603368,医药商业,广西壮族自治区,56.32,55.28,56.27,55.47,56.44,2316561,1.29071798E8,0.103,5.3999,36.7519,0.9959498,1.248075E9,6.240375E9,0.0184,-0.0142
2015-03-20,柳州医药,sh603368,医药商业,广西壮族自治区,56.48,55.35,55.5,55.65,55.47,2072598,1.15856293E8,0.0921,5.4174,36.8712,0.9959498,1.252125E9,6.260625E9,0.0203,0.0027
2015-03-23,柳州医药,sh603368,医药商业,广西壮族自治区,58.16,55.6,55.66,58.07,55.65,3609973,2.06037685E8,0.1604,5.653,38.4746,0.9959498,1.306575E9,6.532875E9,0.046,0.0432
2015-03-24,柳州医药,sh603368,医药商业,广西壮族自治区,58.09,55.75,58.09,56.79,58.07,2998331,1.70196659E8,0.1333,5.5284,37.6265,0.9959498,1.277775E9,6.388875E9,0.0402,-0.0223
2015-03-25,柳州医药,sh603368,医药商业,广西壮族自治区,58.2,56.0,56.41,58.17,56.79,3127744,1.78422634E8,0.139,5.6627,38.5408,0.9959498,1.308825E9,6.544125E9,0.0387,0.0312
2015-03-26,柳州医药,sh603368,医药商业,广西壮族自治区,60.48,57.21,57.69,59.26,58.17,3650039,2.15240768E8,0.1622,5.7689,39.263,0.9959498,1.33335E9,6.66675E9,0.0562,0.0272
2015-03-27,柳州医药,sh603368,医药商业,广西壮族自治区,62.6,58.35,58.35,61.3,59.26,3888869,2.37147873E8,0.1728,5.9674,40.6146,0.9959498,1.37925E9,6.89625E9,0.0717,0.0505
2015-03-30,柳州医药,sh603368,医药商业,广西壮族自治区,61.31,59.32,61.3,60.15,61.3,2642314,1.58741261E8,0.1174,5.8555,39.8527,0.9959498,1.353375E9,6.766875E9,0.0324,-0.0187
2015-03-31,柳州医药,sh603368,医药商业,广西壮族自治区,60.19,58.83,59.8,58.9,60.15,1863076,1.10459131E8,0.0828,5.536,38.3442,0.9959498,1.32525E9,6.62625E9,0.0226,-0.015
2015-04-01,柳州医药,sh603368,医药商业,广西壮族自治区,60.1,58.73,58.73,59.92,58.9,1364228,8.1143324E7,0.0606,5.6319,39.0083,0.9959498,1.3482E9,6.741E9,0.0232,0.0202
2015-04-02,柳州医药,sh603368,医药商业,广西壮族自治区,60.8,59.08,60.28,59.95,59.92,1857912,1.11259121E8,0.0826,5.6347,39.0278,0.9959498,1.348875E9,6.744375E9,0.0287,-0.0054
2015-04-03,柳州医药,sh603368,医药商业,广西壮族自治区,60.36,59.03,59.3,60.16,59.95,2313260,1.38169133E8,0.1028,5.6544,39.1645,0.9959498,1.3536E9,6.768E9,0.0221,0.0145
2015-04-07,柳州医药,sh603368,医药商业,广西壮族自治区,64.08,60.2,60.2,63.22,60.16,3523653,2.20668863E8,0.1566,5.9421,41.1566,0.9959498,1.42245E9,7.11225E9,0.0644,0.0501
2015-04-08,柳州医药,sh603368,医药商业,广西壮族自治区,65.1,61.42,63.22,63.7,63.22,3712193,2.37004097E8,0.165,5.9872,41.4691,0.9959498,1.43325E9,7.16625E9,0.0582,0.0075
2015-04-09,柳州医药,sh603368,医药商业,广西壮族自治区,63.48,59.51,63.48,62.22,63.7,2528598,1.55358972E8,0.1124,5.8481,40.5056,0.9959498,1.39995E9,6.99975E9,0.0623,-0.0198
2015-04-10,柳州医药,sh603368,医药商业,广西壮族自治区,68.44,61.3,61.99,68.44,62.22,3617396,2.38293044E8,0.1608,6.4327,44.5548,0.9959498,1.5399E9,7.6995E9,0.1147,0.104
2015-04-13,柳州医药,sh603368,医药商业,广西壮族自治区,75.1,69.1,69.8,73.06,68.44,3715725,2.69915144E8,0.1651,6.8669,47.5625,0.9959498,1.64385E9,8.21925E9,0.0876,0.0467
2015-04-14,柳州医药,sh603368,医药商业,广西壮族自治区,77.5,70.89,72.7,73.3,73.06,3220953,2.41525528E8,0.1432,6.8895,47.7187,0.9959498,1.64925E9,8.24625E9,0.0904,0.0082
2015-04-15,柳州医药,sh603368,医药商业,广西壮族自治区,73.79,69.1,73.79,69.23,73.3,1677347,1.18262009E8,0.0745,6.5069,45.0691,0.9959498,1.557675E9,7.788375E9,0.0639,-0.0617
2015-04-16,柳州医药,sh603368,医药商业,广西壮族自治区,0.0,0.0,0.0,69.23,69.23,0,0.0,0.0,6.5069,45.0691,0.9959498,1.557675E9,7.788375E9,0.0,0.0
2015-04-17,柳州医药,sh603368,医药商业,广西壮族自治区,0.0,0.0,0.0,69.23,69.23,0,0.0,0.0,6.5069,45.0691,0.9959498,1.557675E9,7.788375E9,0.0,0.0
2015-04-20,柳州医药,sh603368,医药商业,广西壮族自治区,0.0,0.0,0.0,69.23,69.23,0,0.0,0.0,6.5069,45.0691,0.9959498,1.557675E9,7.788375E9,0.0,0.0
2015-04-21,柳州医药,sh603368,医药商业,广西壮族自治区,0.0,0.0,0.0,69.23,69.23,0,0.0,0.0,6.5069,45.0691,0.9959498,1.557675E9,7.788375E9,0.0,0.0
2015-04-22,柳州医药,sh603368,医药商业,广西壮族自治区,0.0,0.0,0.0,69.23,69.23,0,0.0,0.0,6.5069,45.0691,0.9959498,1.557675E9,7.788375E9,0.0,0.0
2015-04-23,柳州医药,sh603368,医药商业,广西壮族自治区,0.0,0.0,0.0,69.23,69.23,0,0.0,0.0,6.5069,45.0691,0.9959498,1.557675E9,7.788375E9,0.0,0.0
2015-04-24,柳州医药,sh603368,医药商业,广西壮族自治区,0.0,0.0,0.0,69.23,69.23,0,0.0,0.0,6.5069,45.0691,0.9959498,1.557675E9,7.788375E9,0.0,0.0
2015-04-27,柳州医药,sh603368,医药商业,广西壮族自治区,0.0,0.0,0.0,69.23,69.23,0,0.0,0.0,6.5069,45.0691,0.9959498,1.557675E9,7.788375E9,0.0,0.0
2015-04-28,柳州医药,sh603368,医药商业,广西壮族自治区,0.0,0.0,0.0,69.23,69.23,0,0.0,0.0,6.5069,45.0691,0.9959498,1.557675E9,7.788375E9,0.0,0.0
2015-04-29,柳州医药,sh603368,医药商业,广西壮族自治区,0.0,0.0,0.0,69.23,69.23,0,0.0,0.0,6.5069,45.0691,0.9959498,1.557675E9,7.788375E9,0.0,0.0
2015-04-30,柳州医药,sh603368,医药商业,广西壮族自治区,76.15,69.24,74.0,76.15,69.23,469411,3.5255672E7,0.0209,7.1574,49.5741,0.9959498,1.713375E9,8.566875E9,0.0998,0.029
2015-05-04,柳州医药,sh603368,医药商业,广西壮族自治区,83.77,74.01,83.2,77.52,76.15,3914292,3.09153242E8,0.174,7.2861,50.466,0.9959498,1.7442E9,8.721E9,0.1281,-0.0682
2015-05-05,柳州医药,sh603368,医药商业,广西壮族自治区,78.0,74.5,77.25,75.52,77.52,1940157,1.47045563E8,0.0862,7.0981,49.1639,0.9959498,1.6992E9,8.496E9,0.0451,-0.0223
2015-05-06,柳州医药,sh603368,医药商业,广西壮族自治区,82.1,75.46,75.46,77.99,75.52,2237843,1.78354054E8,0.0995,7.3303,50.7719,0.9959498,1.754775E9,8.773875E9,0.0879,0.0335
2015-05-07,柳州医药,sh603368,医药商业,广西壮族自治区,80.0,73.5,78.68,76.54,77.99,1268433,9.8233798E7,0.0564,7.194,49.828,0.9959498,1.72215E9,8.61075E9,0.0833,-0.0271
2015-05-08,柳州医药,sh603368,医药商业,广西壮族自治区,80.3,76.0,76.0,79.58,76.23,1217771,9.5319809E7,0.0541,7.4797,51.807,1.0,1.79055E9,8.95275E9,0.0564,0.0471
2015-05-11,柳州医药,sh603368,医药商业,广西壮族自治区,87.54,80.0,80.0,87.54,79.58,1332501,1.13770658E8,0.0592,8.2279,56.989,1.0,1.96965E9,9.84825E9,0.0947,0.0942
2015-05-12,柳州医药,sh603368,医药商业,广西壮族自治区,96.29,88.11,96.29,96.02,87.54,2512690,2.34883643E8,0.1117,9.0249,62.5096,1.0,2.16045E9,1.080225E10,0.0934,-0.0028
2015-05-13,柳州医药,sh603368,医药商业,广西壮族自治区,95.28,92.0,92.16,92.3,96.02,1032045,9.6324837E7,0.0459,8.6753,60.0878,1.0,2.07675E9,1.038375E10,0.0341,0.0015
2015-05-14,柳州医药,sh603368,医药商业,广西壮族自治区,98.98,92.04,93.0,96.3,92.3,1317735,1.26905461E8,0.0586,9.0513,62.6918,1.0,2.16675E9,1.083375E10,0.0751,0.0354
2015-05-15,柳州医药,sh603368,医药商业,广西壮族自治区,98.8,91.5,94.0,95.91,96.3,701628,6.6682416E7,0.0312,9.0146,62.4379,1.0,2.157975E9,1.0789875E10,0.0758,0.0203
2015-05-18,柳州医药,sh603368,医药商业,广西壮族自治区,105.5,94.1,95.95,105.5,95.91,1400692,1.44363383E8,0.0623,9.916,68.6811,1.0,2.37375E9,1.186875E10,0.1188,0.0995
2015-05-19,柳州医药,sh603368,医药商业,广西壮族自治区,115.28,103.0,105.73,113.89,105.5,1281148,1.39952514E8,0.0569,10.7045,74.143,1.0,2.562525E9,1.2812625E10,0.1163,0.0771
2015-05-20,柳州医药,sh603368,医药商业,广西壮族自治区,122.33,110.68,111.61,117.2,113.89,982932,1.16335111E8,0.0437,11.0156,76.2979,1.0,2.637E9,1.3185E10,0.1022,0.05
2015-05-21,柳州医药,sh603368,医药商业,广西壮族自治区,117.2,109.5,117.0,113.53,117.2,1306895,1.48200843E8,0.0581,10.6707,73.9087,1.0,2.554425E9,1.2772125E10,0.0656,-0.0296
2015-05-22,柳州医药,sh603368,医药商业,广西壮族自治区,120.79,105.0,114.0,119.76,113.53,1973942,2.17117024E8,0.0877,11.2563,77.9644,1.0,2.6946E9,1.3473E10,0.139,0.0505
2015-05-25,柳州医药,sh603368,医药商业,广西壮族自治区,117.0,110.0,112.8,113.0,119.76,1558701,1.77715951E8,0.0693,10.6209,73.5636,1.0,2.5425E9,1.27125E10,0.0584,0.0017
2015-05-26,柳州医药,sh603368,医药商业,广西壮族自治区,114.55,111.02,113.0,113.64,113.0,1702981,1.92687298E8,0.0757,10.681,73.9803,1.0,2.5569E9,1.27845E10,0.0312,0.0056
2015-05-27,柳州医药,sh603368,医药商业,广西壮族自治区,123.98,108.8,113.6,122.24,113.64,3310867,3.8279523E8,0.1471,11.4894,79.5789,1.0,2.7504E9,1.3752E10,0.1335,0.076
2015-05-28,柳州医药,sh603368,医药商业,广西壮族自治区,130.0,110.02,120.19,110.11,122.24,2836017,3.48113401E8,0.126,10.3493,71.6822,1.0,2.477475E9,1.2387375E10,0.1634,-0.0838
2015-05-29,柳州医药,sh603368,医药商业,广西壮族自治区,115.0,99.1,105.95,107.76,110.11,1843643,1.98302197E8,0.0819,10.1284,70.1524,1.0,2.4246E9,1.2123E10,0.1444,0.017
2015-06-01,柳州医药,sh603368,医药商业,广西壮族自治区,112.0,103.18,106.66,109.0,107.76,2704904,2.88117034E8,0.1202,10.2449,70.9596,1.0,2.4525E9,1.22625E10,0.0818,0.0219
2015-06-02,柳州医药,sh603368,医药商业,广西壮族自治区,112.0,106.6,108.5,111.03,109.0,1527607,1.67581651E8,0.0679,10.4357,72.2812,1.0,2.498175E9,1.2490875E10,0.0495,0.0233
2015-06-03,柳州医药,sh603368,医药商业,广西壮族自治区,114.98,104.4,112.3,108.61,111.03,1172335,1.28072198E8,0.0521,10.2083,70.7057,1.0,2.443725E9,1.2218625E10,0.0952,-0.0328
2015-06-04,柳州医药,sh603368,医药商业,广西壮族自治区,108.99,97.75,107.21,101.31,108.61,1819476,1.84468103E8,0.0809,9.5221,65.9534,1.0,2.279475E9,1.1397375E10,0.1034,-0.055
2015-06-05,柳州医药,sh603368,医药商业,广西壮族自治区,104.3,99.91,103.4,102.08,101.31,1113845,1.13770387E8,0.0495,9.5945,66.4547,1.0,2.2968E9,1.1484E10,0.0433,-0.0127
2015-06-08,柳州医药,sh603368,医药商业,广西壮族自治区,102.3,98.76,102.3,99.01,102.08,1118134,1.11388783E8,0.0497,9.306,64.4561,1.0,2.227725E9,1.1138625E10,0.0346,-0.0321
2015-06-09,柳州医药,sh603368,医药商业,广西壮族自治区,103.5,96.95,99.5,103.18,99.01,1349547,1.34143055E8,0.06,9.6979,67.1708,1.0,2.32155E9,1.160775E10,0.0661,0.0369
2015-06-10,柳州医药,sh603368,医药商业,广西壮族自治区,107.02,99.62,101.0,106.0,103.18,1599053,1.67666649E8,0.0711,9.963,69.0066,1.0,2.385E9,1.1925E10,0.0717,0.0495
2015-06-11,柳州医药,sh603368,医药商业,广西壮族自治区,113.04,104.02,105.34,109.45,106.0,1440569,1.56673275E8,0.064,10.2872,71.2526,1.0,2.462625E9,1.2313125E10,0.085,0.039
2015-06-12,柳州医药,sh603368,医药商业,广西壮族自治区,111.5,105.0,111.47,108.62,109.45,1400622,1.49982984E8,0.0622,10.2092,70.7122,1.0,2.44395E9,1.221975E10,0.0593,-0.0255
2015-06-15,柳州医药,sh603368,医药商业,广西壮族自治区,107.99,102.39,107.15,103.08,108.62,843345,8.8536454E7,0.0375,9.6885,67.1057,1.0,2.3193E9,1.15965E10,0.0515,-0.0379
2015-06-16,柳州医药,sh603368,医药商业,广西壮族自治区,101.8,94.0,100.1,94.68,103.08,1445143,1.392022E8,0.0642,8.899,61.6372,1.0,2.1303E9,1.06515E10,0.0756,-0.0541
2015-06-17,柳州医药,sh603368,医药商业,广西壮族自治区,98.75,90.0,95.01,97.08,94.68,1269796,1.19418379E8,0.0564,9.1246,63.1996,1.0,2.1843E9,1.09215E10,0.0924,0.0217
2015-06-18,柳州医药,sh603368,医药商业,广西壮族自治区,99.0,91.31,96.0,92.51,97.08,781379,7.5317715E7,0.0347,8.695,60.2245,1.0,2.081475E9,1.0407375E10,0.0792,-0.0363
2015-06-19,柳州医药,sh603368,医药商业,广西壮族自治区,95.91,89.21,89.21,94.87,92.51,1262937,1.17644207E8,0.0561,8.9168,61.7609,1.0,2.134575E9,1.0672875E10,0.0724,0.0634
2015-06-23,柳州医药,sh603368,医药商业,广西壮族自治区,100.99,93.0,96.0,100.94,94.87,1414096,1.38135557E8,0.0628,9.4874,65.7125,1.0,2.27115E9,1.135575E10,0.0842,0.0514
2015-06-24,柳州医药,sh603368,医药商业,广西壮族自治区,104.7,98.8,100.96,103.29,100.94,2169895,2.21738919E8,0.0964,9.7082,67.2424,1.0,2.324025E9,1.1620125E10,0.0584,0.023
2015-06-25,柳州医药,sh603368,医药商业,广西壮族自治区,102.96,98.0,101.79,98.48,103.29,1451511,1.44394577E8,0.0645,9.2562,64.111,1.0,2.2158E9,1.1079E10,0.048,-0.0325
2015-06-26,柳州医药,sh603368,医药商业,广西壮族自治区,96.0,88.63,96.0,88.63,98.48,1308358,1.17310676E8,0.0581,8.3303,57.6986,1.0,1.994175E9,9.970875E9,0.0748,-0.0767
2015-06-29,柳州医药,sh603368,医药商业,广西壮族自治区,90.0,79.77,90.0,79.77,88.63,1187447,9.792117E7,0.0528,7.4976,51.9307,1.0,1.794825E9,8.974125E9,0.1154,-0.1136
2015-06-30,柳州医药,sh603368,医药商业,广西壮族自治区,82.68,71.79,75.0,82.12,79.77,1504473,1.15941448E8,0.0669,7.5641,50.2609,1.0,1.8477E9,9.2385E9,0.1365,0.0949
2015-07-01,柳州医药,sh603368,医药商业,广西壮族自治区,84.99,73.91,80.0,74.61,82.12,1315878,1.06615358E8,0.0585,6.8724,45.6645,1.0,1.678725E9,8.393625E9,0.1349,-0.0673
2015-07-02,柳州医药,sh603368,医药商业,广西壮族自治区,77.0,67.15,76.01,67.15,74.61,1651188,1.1818905E8,0.0734,6.1852,41.0986,1.0,1.510875E9,7.554375E9,0.132,-0.1165
2015-07-03,柳州医药,sh603368,医药商业,广西壮族自治区,68.99,60.44,65.0,61.48,67.15,1342701,8.496809E7,0.0597,5.6629,37.6283,1.0,1.3833E9,6.9165E9,0.1273,-0.0541
2015-07-06,柳州医药,sh603368,医药商业,广西壮族自治区,67.63,56.01,67.63,61.09,61.48,1607518,9.92347E7,0.0714,5.627,37.3896,1.0,1.374525E9,6.872625E9,0.189,-0.0967
2015-07-07,柳州医药,sh603368,医药商业,广西壮族自治区,60.6,54.98,59.0,54.98,61.09,1789146,1.01228626E8,0.0795,5.0642,33.6501,1.0,1.23705E9,6.18525E9,0.0919,-0.0681
2015-07-08,柳州医药,sh603368,医药商业,广西壮族自治区,0.0,0.0,0.0,54.98,54.98,0,0.0,0.0,5.0642,33.6501,1.0,1.23705E9,6.18525E9,0.0,0.0
2015-07-09,柳州医药,sh603368,医药商业,广西壮族自治区,0.0,0.0,0.0,54.98,54.98,0,0.0,0.0,5.0642,33.6501,1.0,1.23705E9,6.18525E9,0.0,0.0
2015-07-10,柳州医药,sh603368,医药商业,广西壮族自治区,0.0,0.0,0.0,54.98,54.98,0,0.0,0.0,5.0642,33.6501,1.0,1.23705E9,6.18525E9,0.0,0.0
2015-07-13,柳州医药,sh603368,医药商业,广西壮族自治区,60.48,60.48,60.48,60.48,54.98,9330,564278.0,4.0E-4,5.5708,37.0163,1.0,1.3608E9,6.804E9,0.0,0.0
2015-07-14,柳州医药,sh603368,医药商业,广西壮族自治区,66.53,66.53,66.53,66.53,60.48,29000,1929370.0,0.0013,6.1281,40.7192,1.0,1.496925E9,7.484625E9,0.0,0.0
2015-07-15,柳州医药,sh603368,医药商业,广西壮族自治区,73.18,67.0,73.18,67.34,66.53,3436498,2.43820627E8,0.1527,6.2027,41.2149,1.0,1.51515E9,7.57575E9,0.0928,-0.0798
2015-07-16,柳州医药,sh603368,医药商业,广西壮族自治区,73.15,61.5,62.0,71.47,67.34,1722653,1.21076851E8,0.0766,6.5831,43.7426,1.0,1.608075E9,8.040375E9,0.173,0.1527
2015-07-17,柳州医药,sh603368,医药商业,广西壮族自治区,78.62,71.0,72.0,78.61,71.47,1543885,1.18514339E8,0.0686,7.2408,48.1126,1.0,1.768725E9,8.843625E9,0.1066,0.0918
2015-07-20,柳州医药,sh603368,医药商业,广西壮族自治区,81.48,74.66,78.88,78.44,78.61,1352802,1.05937677E8,0.0601,7.2251,48.0086,1.0,1.7649E9,8.8245E9,0.0867,-0.0055
2015-07-21,柳州医药,sh603368,医药商业,广西壮族自治区,82.0,75.8,78.0,80.69,78.44,1009308,8.0004713E7,0.0449,7.4324,49.3857,1.0,1.815525E9,9.077625E9,0.079,0.0344
2015-07-22,柳州医药,sh603368,医药商业,广西壮族自治区,81.99,78.25,80.11,81.32,80.69,895644,7.1954145E7,0.0398,7.4904,49.7713,1.0,1.8297E9,9.1485E9,0.0463,0.0151
2015-07-23,柳州医药,sh603368,医药商业,广西壮族自治区,87.5,80.0,80.99,85.46,81.32,1500663,1.25045751E8,0.0667,7.8717,52.3051,1.0,1.92285E9,9.61425E9,0.0922,0.0551
2015-07-24,柳州医药,sh603368,医药商业,广西壮族自治区,85.78,80.0,85.28,81.28,85.46,1169072,9.7899041E7,0.052,7.4867,49.7468,1.0,1.8288E9,9.144E9,0.0676,-0.0469
2015-07-27,柳州医药,sh603368,医药商业,广西壮族自治区,83.66,73.15,78.66,73.15,81.28,1411722,1.10996405E8,0.0627,6.7379,44.7709,1.0,1.645875E9,8.229375E9,0.1293,-0.07
2015-07-28,柳州医药,sh603368,医药商业,广西壮族自治区,77.78,65.85,69.51,71.82,73.15,970307,6.9109025E7,0.0431,6.6154,43.9569,1.0,1.61595E9,8.07975E9,0.163,0.0332
2015-07-29,柳州医药,sh603368,医药商业,广西壮族自治区,75.0,68.8,72.9,74.99,71.82,1146055,8.2369744E7,0.0509,6.9074,45.897,1.0,1.687275E9,8.436375E9,0.0863,0.0286
2015-07-30,柳州医药,sh603368,医药商业,广西壮族自治区,75.9,71.0,74.96,71.35,74.99,920275,6.7856062E7,0.0409,6.5721,43.6692,1.0,1.605375E9,8.026875E9,0.0653,-0.0481
2015-07-31,柳州医药,sh603368,医药商业,广西壮族自治区,72.0,69.0,69.51,70.15,71.35,648520,4.5530534E7,0.0288,6.4615,42.9347,1.0,1.578375E9,7.891875E9,0.042,0.0092
2015-08-03,柳州医药,sh603368,医药商业,广西壮族自治区,69.05,63.14,69.01,63.45,70.15,1955297,1.26906337E8,0.0869,5.8444,38.8341,1.0,1.427625E9,7.138125E9,0.0842,-0.0805
2015-08-04,柳州医药,sh603368,医药商业,广西壮族自治区,69.8,63.27,64.66,69.8,63.45,1842486,1.22879722E8,0.0819,6.4293,42.7205,1.0,1.5705E9,7.8525E9,0.1029,0.0794
2015-08-05,柳州医药,sh603368,医药商业,广西壮族自治区,73.99,68.03,69.5,72.62,69.8,2279946,1.62832316E8,0.1013,6.6891,44.4465,1.0,1.63395E9,8.16975E9,0.0853,0.0448
2015-08-06,柳州医药,sh603368,医药商业,广西壮族自治区,75.22,69.02,69.9,72.04,72.62,1343907,9.9012081E7,0.0597,6.6356,44.0915,1.0,1.6209E9,8.1045E9,0.0853,0.0306
2015-08-07,柳州医药,sh603368,医药商业,广西壮族自治区,75.69,72.2,72.93,74.04,72.04,965368,7.1358935E7,0.0429,6.8198,45.3156,1.0,1.6659E9,8.3295E9,0.0484,0.0152
2015-08-10,柳州医药,sh603368,医药商业,广西壮族自治区,78.98,74.1,75.5,77.98,74.04,1586306,1.21365789E8,0.0705,7.1828,47.727,1.0,1.75455E9,8.77275E9,0.0659,0.0328
2015-08-11,柳州医药,sh603368,医药商业,广西壮族自治区,82.2,77.01,77.78,79.63,77.98,1480417,1.18104557E8,0.0658,7.3347,48.7369,1.0,1.791675E9,8.958375E9,0.0665,0.0237
2015-08-12,柳州医药,sh603368,医药商业,广西壮族自治区,80.48,76.52,79.0,76.91,79.63,1048931,8.230891E7,0.0466,7.0842,47.0721,1.0,1.730475E9,8.652375E9,0.0497,-0.0264
2015-08-13,柳州医药,sh603368,医药商业,广西壮族自治区,78.65,74.6,76.88,78.35,76.91,884572,6.8221937E7,0.0393,7.2168,47.9535,1.0,1.762875E9,8.814375E9,0.0526,0.0191
2015-08-14,柳州医药,sh603368,医药商业,广西壮族自治区,79.49,77.5,78.78,77.84,78.35,854572,6.6984811E7,0.038,7.1699,47.6413,1.0,1.7514E9,8.757E9,0.0253,-0.0119
2015-08-17,柳州医药,sh603368,医药商业,广西壮族自治区,78.1,75.8,77.35,76.99,77.84,657074,5.0542686E7,0.0292,7.0916,47.1211,1.0,1.732275E9,8.661375E9,0.0295,-0.0046
2015-08-18,柳州医药,sh603368,医药商业,广西壮族自治区,78.47,70.0,77.35,70.55,76.99,1449466,1.09724572E8,0.0644,6.4984,43.1796,1.0,1.587375E9,7.936875E9,0.11,-0.0879
2015-08-19,柳州医药,sh603368,医药商业,广西壮族自治区,73.84,67.9,69.01,73.39,70.55,1088555,7.7006131E7,0.0484,6.76,44.9178,1.0,1.651275E9,8.256375E9,0.0841,0.0634
2015-08-20,柳州医药,sh603368,医药商业,广西壮族自治区,73.59,71.0,72.07,71.27,73.39,499658,3.6003686E7,0.0222,6.5647,43.6202,1.0,1.603575E9,8.017875E9,0.0352,-0.0111
2015-08-21,柳州医药,sh603368,医药商业,广西壮族自治区,71.59,66.66,70.02,66.87,71.27,942337,6.4762769E7,0.0419,6.1594,40.9272,1.0,1.504575E9,7.522875E9,0.0691,-0.0449
2015-08-24,柳州医药,sh603368,医药商业,广西壮族自治区,64.4,60.18,64.4,60.18,66.87,868618,5.3006784E7,0.0386,5.5432,36.8327,1.0,1.35405E9,6.77025E9,0.0631,-0.0655
2015-08-25,柳州医药,sh603368,医药商业,广西壮族自治区,58.18,54.16,55.13,54.16,60.18,1438493,8.0135319E7,0.0639,4.9887,33.1482,1.0,1.2186E9,6.093E9,0.0667,-0.0175
2015-08-26,柳州医药,sh603368,医药商业,广西壮族自治区,58.49,52.17,54.99,55.8,54.16,1625185,9.0394619E7,0.0722,5.1398,34.1519,1.0,1.2555E9,6.2775E9,0.1166,0.0147
2015-08-27,柳州医药,sh603368,医药商业,广西壮族自治区,59.3,56.54,56.77,59.16,55.8,1068184,6.1876555E7,0.0475,5.4492,36.2084,1.0,1.3311E9,6.6555E9,0.0494,0.042
2015-08-28,柳州医药,sh603368,医药商业,广西壮族自治区,62.26,58.8,60.0,61.88,59.16,1182064,7.1078057E7,0.0525,5.6998,37.8732,1.0,1.3923E9,6.9615E9,0.0584,0.0313
2015-08-31,柳州医药,sh603368,医药商业,广西壮族自治区,61.28,57.0,61.02,57.23,61.88,1037078,6.1480277E7,0.0461,5.2715,35.0272,1.0,1.287675E9,6.438375E9,0.0691,-0.0621
2015-09-01,柳州医药,sh603368,医药商业,广西壮族自治区,62.95,55.0,57.18,62.95,57.23,2098247,1.29030751E8,0.0933,5.7983,38.528,1.0,1.416375E9,7.081875E9,0.1389,0.1009
2015-09-02,柳州医药,sh603368,医药商业,广西壮族自治区,65.97,56.66,59.0,57.27,62.95,2393418,1.43184051E8,0.1064,5.2752,35.0516,1.0,1.288575E9,6.442875E9,0.1478,-0.0293
2015-09-07,柳州医药,sh603368,医药商业,广西壮族自治区,61.0,57.01,57.01,58.28,57.27,1031277,6.0822283E7,0.0458,5.3682,35.6698,1.0,1.3113E9,6.5565E9,0.0696,0.0222
2015-09-08,柳州医药,sh603368,医药商业,广西壮族自治区,61.94,56.55,57.7,61.8,58.28,929046,5.5620692E7,0.0413,5.6924,37.8242,1.0,1.3905E9,6.9525E9,0.0924,0.071
2015-09-09,柳州医药,sh603368,医药商业,广西壮族自治区,64.5,61.8,62.3,63.38,61.8,1429918,9.0143732E7,0.0636,5.838,38.7912,1.0,1.42605E9,7.13025E9,0.0436,0.0173
2015-09-10,柳州医药,sh603368,医药商业,广西壮族自治区,62.95,60.5,62.58,60.6,63.38,738143,4.5733963E7,0.0328,5.5819,37.0897,1.0,1.3635E9,6.8175E9,0.0386,-0.0316
2015-09-11,柳州医药,sh603368,医药商业,广西壮族自治区,62.85,60.2,60.2,62.81,60.6,949792,5.8679886E7,0.0422,5.7854,38.4424,1.0,1.413225E9,7.066125E9,0.0437,0.0433
2015-09-14,柳州医药,sh603368,医药商业,广西壮族自治区,63.66,56.88,63.28,57.34,62.81,1047845,6.3076013E7,0.0466,5.2816,35.0945,1.0,1.29015E9,6.45075E9,0.1079,-0.0938
2015-09-15,柳州医药,sh603368,医药商业,广西壮族自治区,60.9,56.31,56.31,59.13,57.34,906388,5.3586058E7,0.0403,5.4465,36.19,1.0,1.330425E9,6.652125E9,0.08,0.05
2015-09-16,柳州医药,sh603368,医药商业,广西壮族自治区,64.98,58.68,58.68,64.82,59.13,969504,5.9836227E7,0.0431,5.9706,39.6726,1.0,1.45845E9,7.29225E9,0.1065,0.1046
2015-09-17,柳州医药,sh603368,医药商业,广西壮族自治区,65.51,62.67,64.77,63.85,64.82,872971,5.6340839E7,0.0388,5.8812,39.0789,1.0,1.436625E9,7.183125E9,0.0438,-0.0142
2015-09-18,柳州医药,sh603368,医药商业,广西壮族自治区,65.2,62.68,64.08,65.04,63.85,518426,3.3121555E7,0.023,5.9909,39.8072,1.0,1.4634E9,7.317E9,0.0394,0.0149
2015-09-21,柳州医药,sh603368,医药商业,广西壮族自治区,67.9,63.89,65.06,67.15,65.04,562090,3.703206E7,0.025,6.1852,41.0986,1.0,1.510875E9,7.554375E9,0.0616,0.0321
2015-09-22,柳州医药,sh603368,医药商业,广西壮族自治区,69.08,66.88,67.21,68.05,67.15,678413,4.6139433E7,0.0302,6.2681,41.6495,1.0,1.531125E9,7.655625E9,0.0327,0.0124
2015-09-23,柳州医药,sh603368,医药商业,广西壮族自治区,67.5,65.2,66.88,65.94,68.05,469228,3.1162437E7,0.0209,6.0738,40.358,1.0,1.48365E9,7.41825E9,0.0337,-0.014
2015-09-24,柳州医药,sh603368,医药商业,广西壮族自治区,68.8,66.14,66.55,67.04,65.94,410255,2.7773695E7,0.0182,6.1751,41.0313,1.0,1.5084E9,7.542E9,0.0403,0.0073
2015-09-25,柳州医药,sh603368,医药商业,广西壮族自治区,66.89,63.93,66.88,64.35,67.04,341852,2.2223557E7,0.0152,5.9273,39.3849,1.0,1.447875E9,7.239375E9,0.0441,-0.0378
2015-09-28,柳州医药,sh603368,医药商业,广西壮族自治区,66.98,63.69,64.98,66.58,64.35,296033,1.9504831E7,0.0132,6.1327,40.7498,1.0,1.49805E9,7.49025E9,0.0511,0.0246
2015-09-29,柳州医药,sh603368,医药商业,广西壮族自治区,67.59,65.01,65.97,66.43,66.58,296300,1.9666714E7,0.0132,6.1189,40.6579,1.0,1.494675E9,7.473375E9,0.0387,0.0069
2015-09-30,柳州医药,sh603368,医药商业,广西壮族自治区,67.79,66.17,66.96,67.73,66.43,270564,1.8197229E7,0.012,5.9585,37.8164,1.0,1.523925E9,7.619625E9,0.0243,0.0114
2015-10-08,柳州医药,sh603368,医药商业,广西壮族自治区,72.96,69.83,70.05,71.19,67.73,523514,3.7230647E7,0.0233,6.2629,39.7483,1.0,1.601775E9,8.008875E9,0.0462,0.0162
2015-10-09,柳州医药,sh603368,医药商业,广西壮族自治区,71.49,70.01,71.0,70.56,71.19,298583,2.1060335E7,0.0133,6.2075,39.3965,1.0,1.5876E9,7.938E9,0.0207,-0.0061
2015-10-12,柳州医药,sh603368,医药商业,广西壮族自治区,75.2,70.48,70.48,72.65,70.56,727871,5.2669712E7,0.0323,6.3914,40.5635,1.0,1.634625E9,8.173125E9,0.0668,0.0307
2015-10-13,柳州医药,sh603368,医药商业,广西壮族自治区,72.9,71.3,71.79,72.79,72.65,492882,3.5480917E7,0.0219,6.4037,40.6416,1.0,1.637775E9,8.188875E9,0.022,0.0139
2015-10-14,柳州医药,sh603368,医药商业,广西壮族自治区,72.72,71.1,72.72,71.81,72.79,384282,2.7623778E7,0.0171,6.3175,40.0944,1.0,1.615725E9,8.078625E9,0.0222,-0.0125
2015-10-15,柳州医药,sh603368,医药商业,广西壮族自治区,73.5,71.5,71.5,73.5,71.81,770501,5.5989795E7,0.0342,6.4661,41.038,1.0,1.65375E9,8.26875E9,0.0278,0.0279
2015-10-16,柳州医药,sh603368,医药商业,广西壮族自治区,77.48,74.0,74.49,74.56,73.5,975099,7.3371742E7,0.0433,6.5594,41.6299,1.0,1.6776E9,8.388E9,0.0473,9.0E-4
2015-10-19,柳州医药,sh603368,医药商业,广西壮族自治区,75.63,71.48,74.99,72.61,74.56,803885,5.9293874E7,0.0357,6.3878,40.5411,1.0,1.633725E9,8.168625E9,0.0556,-0.0317
2015-10-20,柳州医药,sh603368,医药商业,广西壮族自治区,73.77,71.93,72.44,73.29,72.61,401150,2.9217643E7,0.0178,6.4477,40.9208,1.0,1.649025E9,8.245125E9,0.0253,0.0117
2015-10-21,柳州医药,sh603368,医药商业,广西壮族自治区,77.3,73.35,73.35,74.37,73.29,1630227,1.23485917E8,0.0725,6.5427,41.5238,1.0,1.673325E9,8.366625E9,0.0538,0.0139
2015-10-22,柳州医药,sh603368,医药商业,广西壮族自治区,78.0,73.1,73.68,77.67,74.37,1094972,8.3136064E7,0.0487,6.833,43.3663,1.0,1.747575E9,8.737875E9,0.0658,0.0541
2015-10-23,柳州医药,sh603368,医药商业,广西壮族自治区,80.5,76.5,78.01,79.33,77.67,1169991,9.1881553E7,0.052,6.979,44.2932,1.0,1.784925E9,8.924625E9,0.0514,0.0169
2015-10-26,柳州医药,sh603368,医药商业,广西壮族自治区,80.0,76.6,80.0,78.28,79.33,782016,6.084985E7,0.0348,6.8867,43.7069,1.0,1.7613E9,8.8065E9,0.0428,-0.0214
2015-10-27,柳州医药,sh603368,医药商业,广西壮族自治区,78.79,75.39,77.51,78.1,78.28,617997,4.7408811E7,0.0275,6.8708,43.6064,1.0,1.75725E9,8.78625E9,0.0434,0.0076
2015-10-28,柳州医药,sh603368,医药商业,广西壮族自治区,78.88,76.21,78.0,76.25,78.1,454586,3.5192377E7,0.0202,6.7081,42.5735,1.0,1.715625E9,8.578125E9,0.0341,-0.0224
2015-10-29,柳州医药,sh603368,医药商业,广西壮族自治区,80.8,76.93,76.93,80.22,76.25,880066,6.9770254E7,0.0391,7.0573,44.7901,1.0,1.80495E9,9.02475E9,0.0507,0.0427
2015-10-30,柳州医药,sh603368,医药商业,广西壮族自治区,83.8,78.1,79.05,81.93,80.22,743086,6.0361516E7,0.033,7.2078,45.7449,1.0,1.843425E9,9.217125E9,0.071,0.0364
2015-11-02,柳州医药,sh603368,医药商业,广西壮族自治区,88.76,79.9,80.8,84.99,81.93,1319165,1.13039643E8,0.0586,7.477,47.4534,1.0,1.912275E9,9.561375E9,0.1081,0.0518
2015-11-03,柳州医药,sh603368,医药商业,广西壮族自治区,88.2,83.3,84.66,87.19,84.99,917673,7.9044114E7,0.0408,7.6705,48.6817,1.0,1.961775E9,9.808875E9,0.0576,0.0298
2015-11-04,柳州医药,sh603368,医药商业,广西壮族自治区,92.0,86.8,87.96,90.92,87.19,1136292,1.01303547E8,0.0505,7.9987,50.7643,1.0,2.0457E9,1.02285E10,0.0596,0.0336
2015-11-05,柳州医药,sh603368,医药商业,广西壮族自治区,92.4,87.8,90.65,89.35,90.92,1157284,1.03806651E8,0.0514,7.8605,49.8877,1.0,2.010375E9,1.0051875E10,0.0505,-0.0143
2015-11-06,柳州医药,sh603368,医药商业,广西壮族自治区,91.5,88.36,89.31,91.15,89.35,920484,8.2600438E7,0.0409,8.0189,50.8928,1.0,2.050875E9,1.0254375E10,0.0351,0.0206
2015-11-09,柳州医药,sh603368,医药商业,广西壮族自治区,93.8,88.01,90.41,92.74,91.15,1523250,1.3876402E8,0.0677,8.1588,51.7805,1.0,2.08665E9,1.043325E10,0.0635,0.0257
2015-11-10,柳州医药,sh603368,医药商业,广西壮族自治区,92.47,88.11,91.5,90.47,92.74,918509,8.3036882E7,0.0408,7.9591,50.5131,1.0,2.035575E9,1.0177875E10,0.047,-0.0112
2015-11-11,柳州医药,sh603368,医药商业,广西壮族自治区,94.87,89.0,90.35,94.52,90.47,1260940,1.16409254E8,0.056,8.3154,52.7744,1.0,2.1267E9,1.06335E10,0.0648,0.0461
2015-11-12,柳州医药,sh603368,医药商业,广西壮族自治区,97.18,91.5,95.5,96.1,94.52,1382962,1.29589818E8,0.0615,8.4544,53.6565,1.0,2.16225E9,1.081125E10,0.06,0.0062
2015-11-13,柳州医药,sh603368,医药商业,广西壮族自治区,94.3,90.0,94.01,91.51,96.1,1190859,1.09569187E8,0.0529,8.0506,51.0938,1.0,2.058975E9,1.0294875E10,0.0447,-0.0265
2015-11-16,柳州医药,sh603368,医药商业,广西壮族自治区,91.51,86.87,87.1,90.91,91.51,823244,7.4077208E7,0.0366,7.9978,50.7588,1.0,2.045475E9,1.0227375E10,0.0507,0.0437
2015-11-17,柳州医药,sh603368,医药商业,广西壮族自治区,92.88,89.6,91.6,89.81,90.91,886772,8.1227514E7,0.0394,7.901,50.1446,1.0,2.020725E9,1.0103625E10,0.036,-0.0195
2015-11-18,柳州医药,sh603368,医药商业,广西壮族自治区,90.9,87.58,90.0,88.31,89.81,483415,4.3080277E7,0.0215,7.7691,49.3071,1.0,1.986975E9,9.934875E9,0.0369,-0.0187
2015-11-19,柳州医药,sh603368,医药商业,广西壮族自治区,91.88,88.01,88.01,91.19,88.31,528410,4.7470571E7,0.0235,8.0224,50.9151,1.0,2.051775E9,1.0258875E10,0.0438,0.0361
2015-11-20,柳州医药,sh603368,医药商业,广西壮族自治区,93.88,90.41,91.11,92.13,91.19,517458,4.7594001E7,0.023,8.1051,51.4399,1.0,2.072925E9,1.0364625E10,0.038,0.0111
2015-11-23,柳州医药,sh603368,医药商业,广西壮族自治区,95.89,90.58,92.2,94.55,92.13,1118033,1.03997054E8,0.0497,8.318,52.7911,1.0,2.127375E9,1.0636875E10,0.0576,0.0254
2015-11-24,柳州医药,sh603368,医药商业,广西壮族自治区,104.01,93.01,93.05,104.01,94.55,1950079,1.93831935E8,0.0867,9.1503,58.073,1.0,2.340225E9,1.1701125E10,0.1163,0.1177
2015-11-25,柳州医药,sh603368,医药商业,广西壮族自治区,105.28,100.03,105.21,102.86,104.01,1487759,1.52826039E8,0.0661,9.0491,57.4309,1.0,2.31435E9,1.157175E10,0.0504,-0.0223
2015-11-26,柳州医药,sh603368,医药商业,广西壮族自治区,104.82,98.45,100.99,100.73,102.86,1335112,1.35720258E8,0.0593,8.8617,56.2417,1.0,2.266425E9,1.1332125E10,0.0619,-0.0025
2015-11-27,柳州医药,sh603368,医药商业,广西壮族自治区,100.98,95.01,100.75,96.98,100.73,1118867,1.09789362E8,0.0497,8.5318,54.1479,1.0,2.18205E9,1.091025E10,0.0592,-0.0374
2015-11-30,柳州医药,sh603368,医药商业,广西壮族自治区,100.59,93.4,97.68,99.71,96.98,1535421,1.48237422E8,0.0682,8.772,55.6722,1.0,2.243475E9,1.1217375E10,0.0741,0.0207
2015-12-01,柳州医药,sh603368,医药商业,广西壮族自治区,98.96,94.5,98.72,96.1,99.71,1008696,9.7761515E7,0.0448,8.4544,53.6565,1.0,2.16225E9,1.081125E10,0.0447,-0.0265
2015-12-02,柳州医药,sh603368,医药商业,广西壮族自治区,95.5,87.01,95.0,91.22,96.1,927918,8.4657961E7,0.0412,8.0251,50.9318,1.0,2.05245E9,1.026225E10,0.0883,-0.0397
2015-12-03,柳州医药,sh603368,医药商业,广西壮族自治区,95.19,91.3,91.79,93.68,91.22,1154452,1.0737983E8,0.0513,8.2415,52.3054,1.0,2.1078E9,1.0539E10,0.0426,0.0205
2015-12-04,柳州医药,sh603368,医药商业,广西壮族自治区,93.59,89.8,93.55,90.43,93.68,1641193,1.50563162E8,0.0286,7.9556,50.4908,1.0,5.189226077E9,1.0173375E10,0.0404,-0.0333
2015-12-07,柳州医药,sh603368,医药商业,广西壮族自治区,90.99,88.0,90.43,89.46,90.43,1790851,1.5939531E8,0.0312,7.8702,49.9492,1.0,5.133563694E9,1.006425E10,0.033,-0.0107
2015-12-08,柳州医药,sh603368,医药商业,广西壮族自治区,90.89,88.51,89.4,89.46,89.46,1417137,1.2736684E8,0.0247,7.8702,49.9492,1.0,5.133563694E9,1.006425E10,0.0266,6.0E-4
2015-12-09,柳州医药,sh603368,医药商业,广西壮族自治区,89.46,86.48,89.46,86.95,89.46,1151925,1.01186844E8,0.0201,7.6494,48.5477,1.0,4.989530105E9,9.781875E9,0.0333,-0.028
2015-12-10,柳州医药,sh603368,医药商业,广西壮族自治区,89.44,86.95,87.2,88.06,86.95,1118284,9.9129286E7,0.0195,7.7471,49.1675,1.0,5.053226234E9,9.90675E9,0.0286,0.0098
2015-12-11,柳州医药,sh603368,医药商业,广西壮族自治区,89.32,87.2,88.06,88.87,88.06,736518,6.5220813E7,0.0128,7.8183,49.6197,1.0,5.099707193E9,9.997875E9,0.024,0.0091
2015-12-14,柳州医药,sh603368,医药商业,广西壮族自治区,90.98,88.0,88.7,90.94,88.87,1715730,1.52828867E8,0.0299,8.0004,50.7755,1.0,5.218491866E9,1.023075E10,0.0335,0.0252
2015-12-15,柳州医药,sh603368,医药商业,广西壮族自治区,91.65,90.0,90.44,90.15,90.94,903577,8.2024267E7,0.0157,7.9309,50.3344,1.0,5.173158585E9,1.0141875E10,0.0181,-0.0032
2015-12-16,柳州医药,sh603368,医药商业,广西壮族自治区,92.58,90.2,90.2,91.26,90.15,1106405,1.01267427E8,0.0193,8.0286,50.9542,1.0,5.236854714E9,1.026675E10,0.0264,0.0117
2015-12-17,柳州医药,sh603368,医药商业,广西壮族自治区,93.79,92.0,92.11,93.62,91.26,1554621,1.44607379E8,0.0271,8.2362,52.2719,1.0,5.372280718E9,1.053225E10,0.0196,0.0163
2015-12-18,柳州医药,sh603368,医药商业,广西壮族自治区,93.5,91.01,93.1,91.48,93.62,1063262,9.809408E7,0.0185,8.0479,51.077,1.0,5.249479172E9,1.02915E10,0.0265,-0.0174
2015-12-21,柳州医药,sh603368,医药商业,广西壮族自治区,91.98,90.1,90.98,90.5,91.48,1076959,9.7732829E7,0.0188,7.9617,50.5298,1.0,5.19324295E9,1.018125E10,0.0205,-0.0052
2015-12-22,柳州医药,sh603368,医药商业,广西壮族自治区,91.2,90.3,90.98,90.78,90.5,752133,6.8157056E7,0.0131,7.9864,50.6862,1.0,5.209310442E9,1.021275E10,0.0099,-0.0021
2015-12-23,柳州医药,sh603368,医药商业,广西壮族自治区,90.96,87.73,90.96,88.27,90.78,1744583,1.55865801E8,0.0304,7.7655,49.2847,1.0,5.065276853E9,9.930375E9,0.0355,-0.0295
2015-12-24,柳州医药,sh603368,医药商业,广西壮族自治区,89.37,87.0,87.91,89.08,88.27,1230410,1.08303713E8,0.0214,7.8368,49.737,1.0,5.111757812E9,1.00215E10,0.0268,0.0133
2015-12-25,柳州医药,sh603368,医药商业,广西壮族自治区,91.86,89.25,89.3,89.95,89.08,1395533,1.26386408E8,0.0243,7.9133,50.2228,1.0,5.161681805E9,1.0119375E10,0.0292,0.0072
2015-12-28,柳州医药,sh603368,医药商业,广西壮族自治区,90.78,87.52,90.0,87.75,89.95,1332619,1.188628E8,0.0232,7.7198,48.9944,1.0,5.035437225E9,9.871875E9,0.0362,-0.025
2015-12-29,柳州医药,sh603368,医药商业,广西壮族自治区,91.0,87.11,87.88,90.88,87.75,1363520,1.22285172E8,0.0238,7.9951,50.742,1.0,5.215048832E9,1.0224E10,0.0443,0.0341
2015-12-30,柳州医药,sh603368,医药商业,广西壮族自治区,92.5,90.25,91.0,92.22,90.88,1515092,1.39025201E8,0.0264,8.113,51.4902,1.0,5.291943258E9,1.037475E10,0.0247,0.0134
2015-12-31,柳州医药,sh603368,医药商业,广西壮族自治区,92.8,90.5,92.25,91.89,92.22,1426267,1.3090884E8,0.0249,7.7776,49.6099,1.0,5.273006571E9,1.0337625E10,0.0249,-0.0039
2016-01-04,柳州医药,sh603368,医药商业,广西壮族自治区,91.58,82.7,91.4,82.71,91.89,869538,7.5099709E7,0.0152,7.0006,44.6538,1.0,4.746222369E9,9.304875E9,0.0966,-0.095
2016-01-05,柳州医药,sh603368,医药商业,广西壮族自治区,84.87,78.38,79.9,81.63,82.71,1085855,8.8899319E7,0.0189,6.9092,44.0707,1.0,4.684247757E9,9.183375E9,0.0784,0.0216
2016-01-06,柳州医药,sh603368,医药商业,广西壮族自治区,83.0,79.81,82.28,82.38,81.63,984958,7.9908223E7,0.0172,6.9727,44.4756,1.0,4.727285682E9,9.26775E9,0.039,0.0012
2016-01-07,柳州医药,sh603368,医药商业,广西壮族自治区,80.75,74.5,80.22,74.94,82.38,235795,1.8201579E7,0.0041,6.343,40.4589,1.0,4.300349466E9,8.43075E9,0.0758,-0.0658
2016-01-08,柳州医药,sh603368,医药商业,广西壮族自治区,77.69,71.0,77.0,74.24,74.94,1292161,9.6764048E7,0.0225,6.2837,40.0809,1.0,4.260180736E9,8.352E9,0.0892,-0.0358
2016-01-11,柳州医药,sh603368,医药商业,广西壮族自治区,73.5,66.9,72.51,68.62,74.24,1114703,7.8671566E7,0.0194,5.808,37.0468,1.0,3.937683218E9,7.71975E9,0.0889,-0.0536
2016-01-12,柳州医药,sh603368,医药商业,广西壮族自治区,70.2,67.0,68.7,69.33,68.62,626853,4.3325056E7,0.0109,5.8681,37.4301,1.0,3.978425787E9,7.799625E9,0.0466,0.0091
2016-01-13,柳州医药,sh603368,医药商业,广西壮族自治区,72.6,67.36,70.96,67.46,69.33,728808,5.1327247E7,0.0127,5.7099,36.4205,1.0,3.871117894E9,7.58925E9,0.0755,-0.0493
2016-01-14,柳州医药,sh603368,医药商业,广西壮族自治区,70.48,65.18,66.99,70.05,67.46,906805,6.1359523E7,0.0158,5.9291,37.8188,1.0,4.019742195E9,7.880625E9,0.0785,0.0456
2016-01-15,柳州医药,sh603368,医药商业,广西壮族自治区,70.05,67.0,70.05,67.63,70.05,568765,3.9101534E7,0.0099,5.7242,36.5123,1.0,3.880873157E9,7.608375E9,0.0435,-0.0345
2016-01-18,柳州医药,sh603368,医药商业,广西壮族自治区,70.1,65.86,65.87,68.82,67.63,586681,4.0323529E7,0.0102,5.825,37.1548,1.0,3.949159998E9,7.74225E9,0.0626,0.0447
2016-01-19,柳州医药,sh603368,医药商业,广西壮族自治区,72.3,68.01,68.5,71.55,68.82,725406,5.1265844E7,0.0126,6.056,38.6287,1.0,4.105818045E9,8.049375E9,0.0623,0.0445
2016-01-20,柳州医药,sh603368,医药商业,广西壮族自治区,73.5,70.7,70.7,71.39,71.55,870131,6.2620665E7,0.0152,6.0425,38.5423,1.0,4.096636621E9,8.031375E9,0.0391,0.0097
2016-01-21,柳州医药,sh603368,医药商业,广西壮族自治区,72.7,69.0,70.99,69.01,71.39,814915,5.7766633E7,0.0142,5.841,37.2574,1.0,3.960062939E9,7.763625E9,0.0518,-0.0278
2016-01-22,柳州医药,sh603368,医药商业,广西壮族自治区,71.6,68.68,69.99,71.47,69.01,488720,3.4285782E7,0.0085,6.0493,38.5855,1.0,4.101227333E9,8.040375E9,0.0423,0.0211
2016-01-25,柳州医药,sh603368,医药商业,广西壮族自治区,72.75,70.6,72.01,71.5,71.47,596728,4.2948104E7,0.0104,6.0518,38.6017,1.0,4.10294885E9,8.04375E9,0.03,-0.007
2016-01-26,柳州医药,sh603368,医药商业,广西壮族自治区,71.0,64.9,70.01,66.61,71.5,653114,4.4407617E7,0.0114,5.6379,35.9616,1.0,3.822341579E9,7.493625E9,0.0853,-0.0485
2016-01-27,柳州医药,sh603368,医药商业,广西壮族自治区,67.49,63.0,65.28,66.62,66.61,584951,3.8251796E7,0.0102,5.6388,35.967,1.0,3.822915418E9,7.49475E9,0.0674,0.0205
2016-01-28,柳州医药,sh603368,医药商业,广西壮族自治区,68.4,64.02,65.8,64.92,66.62,645289,4.321806E7,0.0112,5.4949,35.0492,1.0,3.725362788E9,7.3035E9,0.0657,-0.0133
2016-01-29,柳州医药,sh603368,医药商业,广西壮族自治区,68.08,63.96,64.9,67.1,64.92,536625,3.574146E7,0.0094,5.6794,36.2262,1.0,3.85045969E9,7.54875E9,0.0634,0.0338
2016-02-01,柳州医药,sh603368,医药商业,广西壮族自治区,67.95,65.08,67.09,66.07,67.1,438524,2.9242494E7,0.0076,5.5922,35.6701,1.0,3.791354273E9,7.432875E9,0.0427,-0.0152
2016-02-02,柳州医药,sh603368,医药商业,广西壮族自治区,68.5,66.32,66.5,67.78,66.07,674410,4.5646729E7,0.0118,5.7369,36.5933,1.0,3.889480742E9,7.62525E9,0.0329,0.0192
2016-02-03,柳州医药,sh603368,医药商业,广西壮族自治区,67.5,66.01,67.5,66.99,67.78,547836,3.6496701E7,0.0095,5.6701,36.1668,1.0,3.844147461E9,7.536375E9,0.0219,-0.0075
2016-02-04,柳州医药,sh603368,医药商业,广西壮族自治区,69.5,66.95,66.95,69.42,66.99,909155,6.2296328E7,0.0158,5.8758,37.4787,1.0,3.983590338E9,7.80975E9,0.038,0.0368
2016-02-05,柳州医药,sh603368,医药商业,广西壮族自治区,69.94,68.5,69.45,68.69,69.42,686860,4.741069E7,0.012,5.814,37.0846,1.0,3.941700091E9,7.727625E9,0.0207,-0.0109
2016-02-15,柳州医药,sh603368,医药商业,广西壮族自治区,68.66,66.21,66.4,67.99,68.69,518198,3.4792257E7,0.009,5.7547,36.7067,1.0,3.901531361E9,7.648875E9,0.0356,0.0239
2016-02-16,柳州医药,sh603368,医药商业,广西壮族自治区,70.7,68.02,68.5,70.32,67.99,800273,5.5897731E7,0.0139,5.9519,37.9646,1.0,4.035235848E9,7.911E9,0.0394,0.0265
2016-02-17,柳州医药,sh603368,医药商业,广西壮族自治区,71.22,69.8,70.51,71.18,70.32,583105,4.1164608E7,0.0102,7.6232,48.6247,1.0,4.084586002E9,1.013233064E10,0.0201,0.0095
2016-02-18,柳州医药,sh603368,医药商业,广西壮族自治区,71.8,70.83,71.5,71.18,71.18,655821,4.6789964E7,0.0114,7.6232,48.6247,1.0,4.084586002E9,1.013233064E10,0.0136,-0.0044
2016-02-19,柳州医药,sh603368,医药商业,广西壮族自治区,72.18,70.2,71.4,71.62,71.18,548379,3.9204263E7,0.0096,7.6703,48.9253,1.0,4.109834918E9,1.019496376E10,0.0278,0.003
2016-02-22,柳州医药,sh603368,医药商业,广西壮族自治区,73.87,72.18,72.8,73.05,71.62,950690,6.9483077E7,0.0166,7.8234,49.9021,1.0,4.191893895E9,1.03985214E10,0.0235,0.0034
2016-02-23,柳州医药,sh603368,医药商业,广西壮族自治区,73.35,70.81,73.0,71.83,73.05,641804,4.6205908E7,0.0112,7.6928,49.0687,1.0,4.121885537E9,1.022485684E10,0.0347,-0.016
2016-02-24,柳州医药,sh603368,医药商业,广西壮族自治区,72.0,69.68,71.83,70.51,71.83,805234,5.6740938E7,0.014,7.5514,48.167,1.0,4.046138789E9,1.003695748E10,0.0322,-0.0183
2016-02-25,柳州医药,sh603368,医药商业,广西壮族自治区,70.51,63.48,70.51,63.65,70.51,1042286,6.9970525E7,0.0182,6.8167,43.4808,1.0,3.652485235E9,9.0604502E9,0.0997,-0.0972
2016-02-26,柳州医药,sh603368,医药商业,广西壮族自治区,65.5,63.7,64.19,64.4,63.65,493064,3.1910777E7,0.0086,6.8971,43.9931,1.0,3.69552316E9,9.1672112E9,0.0282,0.0032
2016-02-29,柳州医药,sh603368,医药商业,广西壮族自治区,65.13,57.96,64.37,59.23,64.4,1130965,6.7854392E7,0.0197,6.3434,40.4614,1.0,3.398848397E9,8.43127204E9,0.1113,-0.0798
2016-03-01,柳州医药,sh603368,医药商业,广西壮族自治区,60.99,58.28,59.27,60.51,59.23,544774,3.2477745E7,0.0095,6.4804,41.3358,1.0,3.472299789E9,8.61347748E9,0.0457,0.0209
2016-03-02,柳州医药,sh603368,医药商业,广西壮族自治区,62.88,59.52,60.51,62.83,60.51,987599,6.0551673E7,0.0172,6.7289,42.9206,1.0,3.605430437E9,8.94372484E9,0.0555,0.0383
2016-03-03,柳州医药,sh603368,医药商业,广西壮族自治区,63.95,62.12,62.8,62.36,62.83,740024,4.656758E7,0.0129,6.6786,42.5995,1.0,3.578460004E9,8.87682128E9,0.0291,-0.007
2016-03-04,柳州医药,sh603368,医药商业,广西壮族自治区,62.49,58.05,62.01,60.37,62.36,720378,4.3574189E7,0.0126,6.4655,41.2401,1.0,3.464266043E9,8.59354876E9,0.0711,-0.0264
2016-03-07,柳州医药,sh603368,医药商业,广西壮族自治区,62.48,60.53,61.21,60.88,60.37,571391,3.5136302E7,0.01,6.5201,41.5885,1.0,3.493531832E9,8.66614624E9,0.0323,-0.0053
2016-03-08,柳州医药,sh603368,医药商业,广西壮族自治区,61.09,58.46,60.51,61.04,60.88,618007,3.6815538E7,0.0108,6.5372,41.6978,1.0,3.502713256E9,8.68892192E9,0.0431,0.0087
2016-03-09,柳州医药,sh603368,医药商业,广西壮族自治区,60.6,59.0,59.89,60.21,61.04,465014,2.7853997E7,0.0081,6.4483,41.1308,1.0,3.455084619E9,8.57077308E9,0.0262,0.0053
2016-03-10,柳州医药,sh603368,医药商业,广西壮族自治区,60.38,59.23,60.19,59.94,60.21,525499,3.1399847E7,0.0092,6.4194,40.9464,1.0,3.439590966E9,8.53233912E9,0.019,-0.0041
2016-03-11,柳州医药,sh603368,医药商业,广西壮族自治区,59.98,59.1,59.6,59.81,59.94,376900,2.2443317E7,0.0066,6.4055,40.8576,1.0,3.432131059E9,8.51383388E9,0.0146,0.0035
2016-03-14,柳州医药,sh603368,医药商业,广西壮族自治区,62.44,60.01,60.88,62.2,59.81,1212177,7.4612536E7,0.0211,6.6614,42.4902,1.0,3.56927858E9,8.8540456E9,0.0406,0.0216
2016-03-15,柳州医药,sh603368,医药商业,广西壮族自治区,62.08,60.35,61.88,60.72,62.2,575829,3.5220258E7,0.01,6.5029,41.4792,1.0,3.484350408E9,8.64337056E9,0.0278,-0.0187
2016-03-16,柳州医药,sh603368,医药商业,广西壮族自治区,61.3,59.8,61.01,59.89,60.72,500491,3.0225205E7,0.0087,6.414,40.9122,1.0,3.436721771E9,8.52522172E9,0.0247,-0.0183
2016-03-17,柳州医药,sh603368,医药商业,广西壮族自治区,62.2,59.83,60.28,62.06,59.89,1009494,6.1858764E7,0.0176,6.6464,42.3946,1.0,3.561244834E9,8.83411688E9,0.0395,0.0295
2016-03-18,柳州医药,sh603368,医药商业,广西壮族自治区,64.99,62.04,62.06,64.73,62.06,1450356,9.2395842E7,0.0253,6.9324,44.2185,1.0,3.714459847E9,9.21418604E9,0.0475,0.043
2016-03-21,柳州医药,sh603368,医药商业,广西壮族自治区,66.47,64.81,65.01,65.77,64.73,1037318,6.8137155E7,0.0181,7.0438,44.929,1.0,3.774139103E9,9.36222796E9,0.0256,0.0116
2016-03-22,柳州医药,sh603368,医药商业,广西壮族自治区,67.63,64.28,65.0,66.5,65.77,1322605,8.6858895E7,0.023,7.122,45.4277,1.0,3.81602935E9,9.466142E9,0.0509,0.023
2016-03-23,柳州医药,sh603368,医药商业,广西壮族自治区,68.23,66.01,66.01,68.04,66.5,1050711,7.0575197E7,0.0183,7.2869,46.4797,1.0,3.904400556E9,9.68535792E9,0.0333,0.0307
2016-03-24,柳州医药,sh603368,医药商业,广西壮族自治区,70.78,67.08,67.87,68.7,68.04,1688447,1.16302173E8,0.0294,7.3576,46.9305,1.0,3.94227393E9,9.7793076E9,0.0543,0.0122
2016-03-25,柳州医药,sh603368,医药商业,广西壮族自治区,73.07,68.0,68.29,72.82,68.7,2138153,1.51387009E8,0.0373,7.7988,49.745,1.0,4.178695598E9,1.036578136E10,0.0737,0.0663
2016-03-28,柳州医药,sh603368,医药商业,广西壮族自治区,73.88,69.58,73.0,70.21,72.82,2153300,1.54298996E8,0.0375,7.5193,47.9621,1.0,4.028923619E9,9.99425308E9,0.059,-0.0382
2016-03-29,柳州医药,sh603368,医药商业,广西壮族自治区,67.0,63.4,66.66,63.91,70.21,3202115,2.08495145E8,0.0558,6.8446,43.6584,1.0,3.667405049E9,9.09746068E9,0.0512,-0.0412
2016-03-30,柳州医药,sh603368,医药商业,广西壮族自治区,65.53,63.6,63.97,65.29,63.91,2055699,1.32622932E8,0.0358,6.9924,44.6011,1.0,3.746594831E9,9.29390092E9,0.0301,0.0206
2016-03-31,柳州医药,sh603368,医药商业,广西壮族自治区,65.98,64.61,65.51,65.06,65.29,2073166,1.35170816E8,0.0361,6.9677,44.444,1.0,3.733396534E9,9.26116088E9,0.0209,-0.0068
2016-04-01,柳州医药,sh603368,医药商业,广西壮族自治区,65.0,63.51,65.0,64.15,65.06,1292841,8.293147E7,0.0225,6.8703,43.8223,1.0,3.681177185E9,9.1316242E9,0.0229,-0.013
2016-04-05,柳州医药,sh603368,医药商业,广西壮族自治区,66.5,64.3,64.38,66.3,64.15,1551743,1.0188644E8,0.027,7.1005,45.291,1.0,3.80455257E9,9.4376724E9,0.0342,0.0298
2016-04-06,柳州医药,sh603368,医药商业,广西壮族自治区,72.88,69.11,69.11,70.19,66.3,2655959,1.87351182E8,0.0463,7.5171,47.9484,1.0,4.027775941E9,9.99140612E9,0.0568,0.0156
2016-04-07,柳州医药,sh603368,医药商业,广西壮族自治区,71.99,69.78,69.88,70.64,70.19,2167694,1.53941972E8,0.0378,7.5653,48.2558,1.0,4.053598696E9,1.005546272E10,0.0314,0.0108
2016-04-08,柳州医药,sh603368,医药商业,广西壮族自治区,70.5,68.7,69.95,69.4,70.64,1292656,8.9848252E7,0.0225,7.4325,47.4087,1.0,3.98244266E9,9.8789512E9,0.0254,-0.0078
