2016-04-08
2014-09-30,重庆燃气,sh600917,燃气,未知位置,4.68,4.68,4.68,4.68,3.25,450350,2107638.0,0.0029,2.2572,22.0669,0.99255013,7.3008E8,7.28208E9,0.0,0.0
2014-10-08,重庆燃气,sh600917,燃气,未知位置,5.15,5.15,5.15,5.15,4.68,120050,618258.0,8.0E-4,2.4839,24.283,0.99255013,8.034E8,8.0134E9,0.0,0.0
2014-10-09,重庆燃气,sh600917,燃气,未知位置,5.67,5.67,5.67,5.67,5.15,145288,823783.0,9.0E-4,2.7347,26.7349,0.99255013,8.8452E8,8.82252E9,0.0,0.0
2014-10-10,重庆燃气,sh600917,燃气,未知位置,6.24,6.24,6.24,6.24,5.67,423500,2642640.0,0.0027,3.0096,29.4226,0.99255013,9.7344E8,9.70944E9,0.0,0.0
2014-10-13,重庆燃气,sh600917,燃气,未知位置,6.86,6.86,6.86,6.86,6.24,1363700,9354982.0,0.0087,3.3086,32.3459,0.99255013,1.07016E9,1.067416E10,0.0,0.0
2014-10-14,重庆燃气,sh600917,燃气,未知位置,7.55,7.55,7.55,7.55,6.86,1429898,1.079573E7,0.0092,3.6414,35.5994,0.99255013,1.1778E9,1.17478E10,0.0,0.0
2014-10-15,重庆燃气,sh600917,燃气,未知位置,8.31,8.31,8.31,8.31,7.55,1299732,1.0800773E7,0.0083,4.0079,39.1829,0.99255013,1.29636E9,1.293036E10,0.0,0.0
2014-10-16,重庆燃气,sh600917,燃气,未知位置,9.14,9.14,9.14,9.14,8.31,1389093,1.269631E7,0.0089,4.4082,43.0965,0.99255013,1.42584E9,1.422184E10,0.0,0.0
2014-10-17,重庆燃气,sh600917,燃气,未知位置,10.05,9.0,10.05,9.51,9.14,101019600,9.57065064E8,0.6476,4.5867,44.8411,0.99255013,1.48356E9,1.479756E10,0.1148,-0.0537
2014-10-20,重庆燃气,sh600917,燃气,未知位置,9.23,8.85,9.13,9.09,9.51,46523070,4.20925248E8,0.2982,4.3841,42.8607,0.99255013,1.41804E9,1.414404E10,0.0399,-0.0043
2014-10-21,重庆燃气,sh600917,燃气,未知位置,9.26,8.9,9.03,9.13,9.09,41225187,3.76111431E8,0.2643,4.4034,43.0493,0.99255013,1.42428E9,1.420628E10,0.0396,0.011
2014-10-22,重庆燃气,sh600917,燃气,未知位置,9.19,8.81,9.05,8.84,9.13,31264548,2.80442722E8,0.2004,4.2636,41.682,0.99255013,1.37904E9,1.375504E10,0.0416,-0.0232
2014-10-23,重庆燃气,sh600917,燃气,未知位置,9.16,8.76,8.76,8.94,8.84,26833118,2.40921138E8,0.172,4.3118,42.1535,0.99255013,1.39464E9,1.391064E10,0.0452,0.0205
2014-10-24,重庆燃气,sh600917,燃气,未知位置,8.92,8.52,8.81,8.55,8.94,24038221,2.0882306E8,0.1541,4.1237,40.3146,0.99255013,1.3338E9,1.33038E10,0.0447,-0.0295
2014-10-27,重庆燃气,sh600917,燃气,未知位置,8.52,8.04,8.5,8.14,8.55,18445693,1.50532431E8,0.1182,3.9259,38.3813,0.99255013,1.26984E9,1.266584E10,0.0561,-0.0423
2014-10-28,重庆燃气,sh600917,燃气,未知位置,8.36,8.19,8.19,8.33,8.14,14101932,1.16856748E8,0.0904,4.0176,39.2772,0.99255013,1.29948E9,1.296148E10,0.0208,0.017
2014-10-29,重庆燃气,sh600917,燃气,未知位置,9.16,8.32,8.38,9.07,8.33,41783417,3.67805489E8,0.2678,4.3745,42.7664,0.99255013,1.41492E9,1.411292E10,0.1008,0.0823
2014-10-30,重庆燃气,sh600917,燃气,未知位置,8.98,8.77,8.92,8.83,9.07,25910205,2.29347253E8,0.1661,4.2587,41.6348,0.99255013,1.37748E9,1.373948E10,0.0231,-0.01
2014-10-31,重庆燃气,sh600917,燃气,未知位置,8.92,8.7,8.85,8.83,8.83,20336214,1.79264576E8,0.1304,4.2587,41.6348,0.99255013,1.37748E9,1.373948E10,0.0249,-0.0022
2014-11-03,重庆燃气,sh600917,燃气,未知位置,9.01,8.82,8.82,8.92,8.83,19375658,1.72689111E8,0.1242,4.3021,42.0592,0.99255013,1.39152E9,1.387952E10,0.0215,0.0113
2014-11-04,重庆燃气,sh600917,燃气,未知位置,8.92,8.7,8.91,8.75,8.92,15534270,1.36348865E8,0.0996,4.2201,41.2576,0.99255013,1.365E9,1.3615E10,0.0246,-0.0179
2014-11-05,重庆燃气,sh600917,燃气,未知位置,9.28,8.65,8.72,9.0,8.75,31865328,2.87110584E8,0.2043,4.3407,42.4364,0.99255013,1.404E9,1.4004E10,0.0719,0.0321
2014-11-06,重庆燃气,sh600917,燃气,未知位置,9.9,8.86,8.9,9.9,9.0,56708456,5.36850588E8,0.3635,4.7748,46.68,0.99255013,1.5444E9,1.54044E10,0.1155,0.1123
2014-11-07,重庆燃气,sh600917,燃气,未知位置,10.89,10.05,10.06,10.89,9.9,76133186,8.16943246E8,0.488,5.2523,51.348,0.99255013,1.69884E9,1.694484E10,0.0848,0.0825
2014-11-10,重庆燃气,sh600917,燃气,未知位置,11.98,10.9,11.3,11.98,10.89,79114754,9.2202226E8,0.5071,5.778,56.4875,0.99255013,1.86888E9,1.864088E10,0.0991,0.0601
2014-11-11,重庆燃气,sh600917,燃气,未知位置,13.18,11.86,12.3,13.18,11.98,67988219,8.76958678E8,0.4358,6.3567,62.1457,0.99255013,2.05608E9,2.050808E10,0.1101,0.0715
2014-11-12,重庆燃气,sh600917,燃气,未知位置,14.25,11.86,13.5,12.95,13.18,86925192,1.143149984E9,0.5572,6.2458,61.0612,0.99255013,2.0202E9,2.01502E10,0.1813,-0.0407
2014-11-13,重庆燃气,sh600917,燃气,未知位置,13.08,12.0,12.04,12.04,12.95,48304348,5.98363307E8,0.3096,5.8069,56.7704,0.99255013,1.87824E9,1.873424E10,0.0833,0.0
2014-11-14,重庆燃气,sh600917,燃气,未知位置,11.84,10.84,11.8,10.97,12.04,36953486,4.12629778E8,0.2369,5.2909,51.7252,0.99255013,1.71132E9,1.706932E10,0.083,-0.0703
2014-11-17,重庆燃气,sh600917,燃气,未知位置,12.0,10.77,10.87,11.87,10.97,37656071,4.38888028E8,0.2414,5.7249,55.9689,0.99255013,1.85172E9,1.846972E10,0.1121,0.0919
2014-11-18,重庆燃气,sh600917,燃气,未知位置,11.9,11.4,11.58,11.65,11.87,22417371,2.6006735E8,0.1437,5.6188,54.9315,0.99255013,1.8174E9,1.81274E10,0.0421,0.006
2014-11-19,重庆燃气,sh600917,燃气,未知位置,11.65,11.1,11.48,11.43,11.65,18821025,2.13715737E8,0.1206,5.5127,53.8942,0.99255013,1.78308E9,1.778508E10,0.0472,-0.0043
2014-11-20,重庆燃气,sh600917,燃气,未知位置,12.35,11.21,11.28,12.1,11.43,35664096,4.21668621E8,0.2286,5.8359,57.0533,0.99255013,1.8876E9,1.88276E10,0.0997,0.0726
2014-11-21,重庆燃气,sh600917,燃气,未知位置,12.9,11.8,11.89,12.41,12.1,42365564,5.28585022E8,0.2716,5.9854,58.515,0.99255013,1.93596E9,1.930996E10,0.0909,0.0437
2014-11-24,重庆燃气,sh600917,燃气,未知位置,12.83,12.12,12.49,12.43,12.41,31248886,3.89313344E8,0.2003,5.995,58.6093,0.99255013,1.93908E9,1.934108E10,0.0572,-0.0048
2014-11-25,重庆燃气,sh600917,燃气,未知位置,12.42,12.0,12.2,12.28,12.43,24785862,3.01374233E8,0.1589,5.9227,57.9021,0.99255013,1.91568E9,1.910768E10,0.0337,0.0065
2014-11-26,重庆燃气,sh600917,燃气,未知位置,13.45,12.09,12.28,13.05,12.28,43647360,5.56538109E8,0.2798,6.2941,61.5327,0.99255013,2.0358E9,2.03058E10,0.1107,0.0627
2014-11-27,重庆燃气,sh600917,燃气,未知位置,13.25,12.6,12.79,12.75,13.05,30878955,3.96430733E8,0.1979,6.1494,60.1182,0.99255013,1.989E9,1.9839E10,0.0498,-0.0031
2014-11-28,重庆燃气,sh600917,燃气,未知位置,12.72,12.3,12.57,12.5,12.75,20884760,2.60190462E8,0.1339,6.0288,58.9394,0.99255013,1.95E9,1.945E10,0.0329,-0.0055
2014-12-01,重庆燃气,sh600917,燃气,未知位置,12.71,12.16,12.45,12.5,12.5,17895077,2.23044847E8,0.1147,6.0288,58.9394,0.99255013,1.95E9,1.945E10,0.044,0.004
2014-12-02,重庆燃气,sh600917,燃气,未知位置,13.22,12.29,12.44,12.84,12.5,33103192,4.2747971E8,0.2122,6.1928,60.5426,0.99255013,2.00304E9,1.997904E10,0.0744,0.0321
2014-12-03,重庆燃气,sh600917,燃气,未知位置,13.1,12.4,12.61,12.73,12.84,30684690,3.87320585E8,0.1967,6.1397,60.0239,0.99255013,1.98588E9,1.980788E10,0.0545,0.0095
2014-12-04,重庆燃气,sh600917,燃气,未知位置,12.78,12.51,12.62,12.61,12.73,22912662,2.88556425E8,0.1469,6.0818,59.4581,0.99255013,1.96716E9,1.962116E10,0.0212,-7.0E-4
2014-12-05,重庆燃气,sh600917,燃气,未知位置,12.58,11.69,12.58,11.93,12.61,24396102,2.9571846E8,0.1564,5.7539,56.2518,0.99255013,1.86108E9,1.856308E10,0.0705,-0.0516
2014-12-08,重庆燃气,sh600917,燃气,未知位置,12.18,11.5,11.8,11.86,11.93,15538745,1.8365155E8,0.0996,5.7201,55.9217,0.99255013,1.85016E9,1.845416E10,0.0569,0.005
2014-12-09,重庆燃气,sh600917,燃气,未知位置,11.97,11.14,11.86,11.16,11.86,18805791,2.18870933E8,0.1205,5.3825,52.6211,0.99255013,1.74096E9,1.736496E10,0.0699,-0.059
2014-12-10,重庆燃气,sh600917,燃气,未知位置,11.5,11.0,11.08,11.48,11.16,9454746,1.07070029E8,0.0606,5.5368,54.13,0.99255013,1.79088E9,1.786288E10,0.0448,0.0361
2014-12-11,重庆燃气,sh600917,燃气,未知位置,11.97,11.24,11.4,11.87,11.48,15439410,1.81705717E8,0.099,5.7249,55.9689,0.99255013,1.85172E9,1.846972E10,0.0635,0.0412
2014-12-12,重庆燃气,sh600917,燃气,未知位置,11.87,11.6,11.87,11.69,11.87,10406478,1.21467868E8,0.0667,5.6381,55.1201,0.99255013,1.82364E9,1.818964E10,0.0227,-0.0151
2014-12-15,重庆燃气,sh600917,燃气,未知位置,11.85,11.5,11.5,11.7,11.69,8047429,9.3723684E7,0.0516,5.6429,55.1673,0.99255013,1.8252E9,1.82052E10,0.0299,0.0173
2014-12-16,重庆燃气,sh600917,燃气,未知位置,11.89,11.69,11.7,11.79,11.7,9328753,1.09718403E8,0.0598,5.6863,55.5917,0.99255013,1.83924E9,1.834524E10,0.017,0.0076
2014-12-17,重庆燃气,sh600917,燃气,未知位置,11.78,11.39,11.78,11.45,11.79,10411200,1.19829162E8,0.0667,5.5224,53.9885,0.99255013,1.7862E9,1.78162E10,0.033,-0.028
2014-12-18,重庆燃气,sh600917,燃气,未知位置,11.56,11.31,11.41,11.34,11.45,6948575,7.9180941E7,0.0445,5.4693,53.4698,0.99255013,1.76904E9,1.764504E10,0.0218,-0.0061
2014-12-19,重庆燃气,sh600917,燃气,未知位置,11.38,10.6,11.35,10.88,11.34,11510808,1.25615154E8,0.0738,5.2475,51.3009,0.99255013,1.69728E9,1.692928E10,0.0687,-0.0414
2014-12-22,重庆燃气,sh600917,燃气,未知位置,10.69,9.87,10.61,9.99,10.88,10814374,1.08837144E8,0.0693,4.8182,47.1044,0.99255013,1.55844E9,1.554444E10,0.0753,-0.0584
2014-12-23,重庆燃气,sh600917,燃气,未知位置,10.45,9.72,9.9,10.05,9.99,7187535,7.3245559E7,0.0461,4.8471,47.3873,0.99255013,1.5678E9,1.56378E10,0.073,0.0151
2014-12-24,重庆燃气,sh600917,燃气,未知位置,10.3,10.1,10.18,10.28,10.05,5115883,5.2303078E7,0.0328,4.9581,48.4718,0.99255013,1.60368E9,1.599568E10,0.0199,0.0098
2014-12-25,重庆燃气,sh600917,燃气,未知位置,10.35,10.1,10.35,10.28,10.28,5364575,5.4744503E7,0.0344,4.9581,48.4718,0.99255013,1.60368E9,1.599568E10,0.0243,-0.0067
2014-12-26,重庆燃气,sh600917,燃气,未知位置,10.26,10.13,10.2,10.19,10.28,4665197,4.7521341E7,0.0299,4.9147,48.0474,0.99255013,1.58964E9,1.585564E10,0.0126,-9.0E-4
2014-12-29,重庆燃气,sh600917,燃气,未知位置,10.36,10.02,10.19,10.07,10.19,5647098,5.7179605E7,0.0362,4.8568,47.4816,0.99255013,1.57092E9,1.566892E10,0.0333,-0.0117
2014-12-30,重庆燃气,sh600917,燃气,未知位置,10.07,9.7,10.02,9.71,10.07,5915394,5.8241294E7,0.0379,4.6832,45.7841,0.99255013,1.51476E9,1.510876E10,0.0367,-0.0309
2014-12-31,重庆燃气,sh600917,燃气,未知位置,9.94,9.75,9.83,9.92,9.71,4287142,4.2265733E7,0.0275,4.6862,42.9264,0.99255013,1.54752E9,1.543552E10,0.0195,0.0091
2015-01-05,重庆燃气,sh600917,燃气,未知位置,10.3,9.92,9.92,10.28,9.92,8755020,8.9075151E7,0.0561,4.8562,44.4842,0.99255013,1.60368E9,1.599568E10,0.0383,0.0362
2015-01-06,重庆燃气,sh600917,燃气,未知位置,10.5,10.01,10.08,10.41,10.28,8490122,8.7322199E7,0.0544,4.9177,45.0467,0.99255013,1.62396E9,1.619796E10,0.0476,0.0327
2015-01-07,重庆燃气,sh600917,燃气,未知位置,10.41,10.19,10.41,10.22,10.41,4979156,5.0985803E7,0.0319,4.8279,44.2245,0.99255013,1.59432E9,1.590232E10,0.0211,-0.0182
2015-01-08,重庆燃气,sh600917,燃气,未知位置,11.23,10.18,10.2,10.96,10.22,22371592,2.45550377E8,0.1434,5.1775,47.4267,0.99255013,1.70976E9,1.705376E10,0.1027,0.0745
2015-01-09,重庆燃气,sh600917,燃气,未知位置,10.96,10.5,10.5,10.57,10.96,11796183,1.2560312E8,0.0756,4.9932,45.7391,0.99255013,1.64892E9,1.644692E10,0.0419,0.0066
2015-01-12,重庆燃气,sh600917,燃气,未知位置,10.4,9.95,10.4,10.06,10.57,6133411,6.197768E7,0.0393,4.7523,43.5322,0.99255013,1.56936E9,1.565336E10,0.0425,-0.0326
2015-01-13,重庆燃气,sh600917,燃气,未知位置,10.2,9.96,10.02,10.11,10.06,3907999,3.9361152E7,0.0251,4.7759,43.7485,0.99255013,1.57716E9,1.573116E10,0.0238,0.0089
2015-01-14,重庆燃气,sh600917,燃气,未知位置,10.18,9.99,10.1,10.06,10.11,3339624,3.3557211E7,0.0214,4.7523,43.5322,0.99255013,1.56936E9,1.565336E10,0.0187,-0.0039
2015-01-15,重庆燃气,sh600917,燃气,未知位置,10.12,10.0,10.06,10.07,10.06,4162185,4.1822502E7,0.0267,4.757,43.5754,0.99255013,1.57092E9,1.566892E10,0.0119,9.0E-4
2015-01-16,重庆燃气,sh600917,燃气,未知位置,10.25,9.99,10.07,10.19,10.07,5587784,5.6770011E7,0.0358,4.8137,44.0947,0.99255013,1.58964E9,1.585564E10,0.0258,0.0119
2015-01-19,重庆燃气,sh600917,燃气,未知位置,10.45,9.58,10.06,10.05,10.19,8890917,8.9912175E7,0.057,4.7476,43.4889,0.99255013,1.5678E9,1.56378E10,0.0853,-9.0E-4
2015-01-20,重庆燃气,sh600917,燃气,未知位置,10.59,10.02,10.02,10.48,10.05,11524828,1.19133927E8,0.0739,4.9507,45.3496,0.99255013,1.63488E9,1.630688E10,0.0567,0.0459
2015-01-21,重庆燃气,sh600917,燃气,未知位置,10.58,10.35,10.47,10.58,10.48,11756173,1.2334819E8,0.0754,4.998,45.7823,0.99255013,1.65048E9,1.646248E10,0.0219,0.0105
2015-01-22,重庆燃气,sh600917,燃气,未知位置,10.67,10.5,10.6,10.62,10.58,8236405,8.71475E7,0.0528,5.0169,45.9554,0.99255013,1.65672E9,1.652472E10,0.016,0.0018
2015-01-23,重庆燃气,sh600917,燃气,未知位置,10.72,10.41,10.67,10.46,10.62,7247084,7.6301334E7,0.0465,4.9413,45.2631,0.99255013,1.63176E9,1.627576E10,0.0291,-0.0196
2015-01-26,重庆燃气,sh600917,燃气,未知位置,10.6,10.36,10.42,10.6,10.46,6176650,6.4935365E7,0.0396,5.0074,45.8689,0.99255013,1.6536E9,1.64936E10,0.0229,0.0172
2015-01-27,重庆燃气,sh600917,燃气,未知位置,10.7,10.45,10.58,10.68,10.6,8056722,8.5331455E7,0.0516,5.0452,46.2151,0.99255013,1.66608E9,1.661808E10,0.0235,0.0094
2015-01-28,重庆燃气,sh600917,燃气,未知位置,10.75,10.58,10.7,10.66,10.68,6972534,7.4508431E7,0.0447,5.0358,46.1285,0.99255013,1.66296E9,1.658696E10,0.0159,-0.0037
2015-01-29,重庆燃气,sh600917,燃气,未知位置,10.61,10.35,10.6,10.36,10.66,5441364,5.6949527E7,0.0349,4.894,44.8304,0.99255013,1.61616E9,1.612016E10,0.0243,-0.0226
2015-01-30,重庆燃气,sh600917,燃气,未知位置,10.47,10.34,10.37,10.41,10.36,3828431,3.9877007E7,0.0245,4.9177,45.0467,0.99255013,1.62396E9,1.619796E10,0.0125,0.0038
2015-02-02,重庆燃气,sh600917,燃气,未知位置,10.29,10.06,10.29,10.13,10.41,4932136,5.0007717E7,0.0316,4.7854,43.8351,0.99255013,1.58028E9,1.576228E10,0.022,-0.0155
2015-02-03,重庆燃气,sh600917,燃气,未知位置,10.27,10.1,10.18,10.26,10.13,3410003,3.4756067E7,0.0219,4.8468,44.3976,0.99255013,1.60056E9,1.596456E10,0.0167,0.0078
2015-02-04,重庆燃气,sh600917,燃气,未知位置,10.34,10.17,10.22,10.19,10.26,3934300,4.0341863E7,0.0252,4.8137,44.0947,0.99255013,1.58964E9,1.585564E10,0.0165,-0.0029
2015-02-05,重庆燃气,sh600917,燃气,未知位置,10.41,10.1,10.38,10.14,10.19,4109423,4.1997519E7,0.0263,4.7901,43.8784,0.99255013,1.58184E9,1.577784E10,0.0304,-0.0231
2015-02-06,重庆燃气,sh600917,燃气,未知位置,10.55,10.0,10.04,10.22,10.14,8096771,8.3228116E7,0.0519,4.8279,44.2245,0.99255013,1.59432E9,1.590232E10,0.0542,0.0179
2015-02-09,重庆燃气,sh600917,燃气,未知位置,10.22,10.0,10.22,10.03,10.22,4217466,4.2348955E7,0.027,4.7381,43.4024,0.99255013,1.56468E9,1.560668E10,0.0215,-0.0185
2015-02-10,重庆燃气,sh600917,燃气,未知位置,10.12,9.9,10.03,10.0,10.03,3773093,3.778405E7,0.0242,4.724,43.2725,0.99255013,1.56E9,1.556E10,0.0219,-0.0029
2015-02-11,重庆燃气,sh600917,燃气,未知位置,10.12,9.96,10.0,10.0,10.0,2660868,2.6613742E7,0.0171,4.724,43.2725,0.99255013,1.56E9,1.556E10,0.0159,0.0
2015-02-12,重庆燃气,sh600917,燃气,未知位置,10.25,10.0,10.02,10.19,10.0,4522728,4.5881088E7,0.029,4.8137,44.0947,0.99255013,1.58964E9,1.585564E10,0.025,0.0169
2015-02-13,重庆燃气,sh600917,燃气,未知位置,10.3,10.17,10.22,10.25,10.19,4692341,4.8063154E7,0.0301,4.8421,44.3544,0.99255013,1.599E9,1.5949E10,0.0127,0.0029
2015-02-16,重庆燃气,sh600917,燃气,未知位置,10.43,10.2,10.2,10.38,10.25,4397901,4.5280456E7,0.0282,4.9035,44.9169,0.99255013,1.61928E9,1.615128E10,0.0224,0.0176
2015-02-17,重庆燃气,sh600917,燃气,未知位置,10.42,10.3,10.38,10.39,10.38,3490438,3.6152892E7,0.0224,4.9082,44.9602,0.99255013,1.62084E9,1.616684E10,0.0115,9.0E-4
2015-02-25,重庆燃气,sh600917,燃气,未知位置,10.75,10.35,10.41,10.65,10.39,10839168,1.15050171E8,0.0695,5.031,46.0853,0.99255013,1.6614E9,1.65714E10,0.0384,0.023
2015-02-26,重庆燃气,sh600917,燃气,未知位置,10.73,10.51,10.66,10.62,10.65,6776026,7.1892255E7,0.0434,5.0169,45.9554,0.99255013,1.65672E9,1.652472E10,0.0206,-0.0037
2015-02-27,重庆燃气,sh600917,燃气,未知位置,10.61,10.47,10.6,10.57,10.62,6036269,6.3614704E7,0.0387,4.9932,45.7391,0.99255013,1.64892E9,1.644692E10,0.0131,-0.0028
2015-03-02,重庆燃气,sh600917,燃气,未知位置,11.06,10.68,10.68,10.97,10.57,13606633,1.48661716E8,0.0872,5.1822,47.47,0.99255013,1.71132E9,1.706932E10,0.0359,0.0271
2015-03-03,重庆燃气,sh600917,燃气,未知位置,11.06,10.81,11.0,10.9,10.97,11812747,1.29407648E8,0.0757,5.1491,47.1671,0.99255013,1.7004E9,1.69604E10,0.0227,-0.009
2015-03-04,重庆燃气,sh600917,燃气,未知位置,10.95,10.79,10.84,10.88,10.9,6099514,6.6128068E7,0.0391,5.1397,47.0805,0.99255013,1.69728E9,1.692928E10,0.0146,0.0036
2015-03-05,重庆燃气,sh600917,燃气,未知位置,10.93,10.64,10.92,10.76,10.88,6018515,6.4705375E7,0.0386,5.083,46.5613,0.99255013,1.67856E9,1.674256E10,0.0266,-0.0146
2015-03-06,重庆燃气,sh600917,燃气,未知位置,10.77,10.53,10.76,10.6,10.76,4921588,5.2310429E7,0.0315,5.0074,45.8689,0.99255013,1.6536E9,1.64936E10,0.0223,-0.0148
2015-03-09,重庆燃气,sh600917,燃气,未知位置,10.78,10.48,10.57,10.77,10.6,4450439,4.7413543E7,0.0285,5.0877,46.6045,0.99255013,1.68012E9,1.675812E10,0.0283,0.0189
2015-03-10,重庆燃气,sh600917,燃气,未知位置,10.78,10.65,10.77,10.68,10.77,4379546,4.6944869E7,0.0281,5.0452,46.2151,0.99255013,1.66608E9,1.661808E10,0.012,-0.0083
2015-03-11,重庆燃气,sh600917,燃气,未知位置,10.78,10.56,10.72,10.62,10.68,4154076,4.4264116E7,0.0266,5.0169,45.9554,0.99255013,1.65672E9,1.652472E10,0.0205,-0.0093
2015-03-12,重庆燃气,sh600917,燃气,未知位置,10.68,10.57,10.63,10.61,10.62,4393078,4.657315E7,0.0282,5.0121,45.9122,0.99255013,1.65516E9,1.650916E10,0.0103,-0.0018
2015-03-13,重庆燃气,sh600917,燃气,未知位置,11.58,10.62,10.63,11.25,10.61,22078766,2.46643353E8,0.1415,5.3145,48.6816,0.99255013,1.755E9,1.7505E10,0.0904,0.0583
2015-03-16,重庆燃气,sh600917,燃气,未知位置,11.55,11.16,11.31,11.52,11.25,20324701,2.30608953E8,0.1303,5.442,49.85,0.99255013,1.79712E9,1.792512E10,0.0346,0.0185
2015-03-17,重庆燃气,sh600917,燃气,未知位置,11.55,11.4,11.52,11.48,11.52,14795755,1.69540801E8,0.0948,5.4231,49.6769,0.99255013,1.79088E9,1.786288E10,0.013,-0.0034
2015-03-18,重庆燃气,sh600917,燃气,未知位置,11.55,11.42,11.48,11.54,11.48,12406828,1.42809979E8,0.0795,5.4515,49.9365,0.99255013,1.80024E9,1.795624E10,0.0113,0.0052
2015-03-19,重庆燃气,sh600917,燃气,未知位置,11.98,11.54,11.55,11.71,11.54,15713533,1.84908719E8,0.1007,5.5318,50.6721,0.99255013,1.82676E9,1.822076E10,0.0381,0.0138
2015-03-20,重庆燃气,sh600917,燃气,未知位置,11.8,11.49,11.72,11.6,11.71,11766841,1.36100667E8,0.0754,5.4798,50.1961,0.99255013,1.8096E9,1.80496E10,0.0264,-0.0102
2015-03-23,重庆燃气,sh600917,燃气,未知位置,11.76,11.57,11.59,11.65,11.6,11284912,1.31309767E8,0.0723,5.5034,50.4125,0.99255013,1.8174E9,1.81274E10,0.0163,0.0051
2015-03-24,重庆燃气,sh600917,燃气,未知位置,11.72,11.11,11.67,11.42,11.65,13557915,1.5550431E8,0.0869,5.3948,49.4172,0.99255013,1.78152E9,1.776952E10,0.0523,-0.0214
2015-03-25,重庆燃气,sh600917,燃气,未知位置,12.56,11.25,11.42,12.56,11.42,39724437,4.82624747E8,0.2546,5.9333,54.3503,0.99255013,1.95936E9,1.954336E10,0.1147,0.0998
2015-03-26,重庆燃气,sh600917,燃气,未知位置,13.0,12.06,13.0,12.21,12.56,38226115,4.76942887E8,0.245,5.768,52.8358,0.99255013,1.90476E9,1.899876E10,0.0748,-0.0607
2015-03-27,重庆燃气,sh600917,燃气,未知位置,12.24,11.93,12.1,12.14,12.21,12249869,1.47713406E8,0.0785,5.7349,52.5329,0.99255013,1.89384E9,1.888984E10,0.0253,0.0033
2015-03-30,重庆燃气,sh600917,燃气,未知位置,12.28,12.08,12.14,12.25,12.14,13019966,1.58490158E8,0.0835,5.7869,53.0089,0.99255013,1.911E9,1.9061E10,0.0164,0.009
2015-03-31,重庆燃气,sh600917,燃气,未知位置,12.33,12.0,12.28,12.04,12.25,12016241,1.45715694E8,0.077,5.522,48.3079,0.99255013,1.87824E9,1.873424E10,0.0269,-0.0195
2015-04-01,重庆燃气,sh600917,燃气,未知位置,12.15,11.96,12.06,12.15,12.04,8865176,1.07156871E8,0.0568,5.5725,48.7493,0.99255013,1.8954E9,1.89054E10,0.0157,0.0074
2015-04-02,重庆燃气,sh600917,燃气,未知位置,12.39,12.15,12.17,12.35,12.15,14157853,1.73798308E8,0.0908,5.6642,49.5517,0.99255013,1.9266E9,1.92166E10,0.0197,0.0147
2015-04-03,重庆燃气,sh600917,燃气,未知位置,13.48,12.15,12.3,13.36,12.35,30202786,3.85286455E8,0.1936,6.1274,53.6041,0.99255013,2.08416E9,2.078816E10,0.1076,0.0861
2015-04-07,重庆燃气,sh600917,燃气,未知位置,13.6,13.15,13.28,13.5,13.36,33073288,4.43372703E8,0.212,6.1916,54.1659,0.99255013,2.106E9,2.1006E10,0.0336,0.0165
2015-04-08,重庆燃气,sh600917,燃气,未知位置,13.6,13.02,13.53,13.44,13.5,20861992,2.78024814E8,0.1337,6.1641,53.9251,0.99255013,2.09664E9,2.091264E10,0.0429,-0.0066
2015-04-09,重庆燃气,sh600917,燃气,未知位置,13.5,12.6,13.45,13.1,13.44,16410614,2.14189262E8,0.1052,6.0082,52.5609,0.99255013,2.0436E9,2.03836E10,0.0669,-0.026
2015-04-10,重庆燃气,sh600917,燃气,未知位置,13.76,12.79,12.89,13.63,13.1,19932877,2.63935941E8,0.1278,6.2512,54.6875,0.99255013,2.12628E9,2.120828E10,0.074,0.0574
2015-04-13,重庆燃气,sh600917,燃气,未知位置,14.2,13.51,13.69,13.86,13.63,25819394,3.59075954E8,0.1655,6.3567,55.6103,0.99255013,2.16216E9,2.156616E10,0.0506,0.0124
2015-04-14,重庆燃气,sh600917,燃气,未知位置,13.86,13.4,13.8,13.57,13.86,15654781,2.13808721E8,0.1004,6.2237,54.4467,0.99255013,2.11692E9,2.111492E10,0.0331,-0.0166
2015-04-15,重庆燃气,sh600917,燃气,未知位置,13.6,12.89,13.57,12.9,13.57,13622050,1.80172836E8,0.0873,5.9164,51.7585,0.99255013,2.0124E9,2.00724E10,0.0523,-0.0493
2015-04-16,重庆燃气,sh600917,燃气,未知位置,13.5,12.38,12.76,13.4,12.9,13811632,1.79406165E8,0.0885,6.1458,53.7646,0.99255013,2.0904E9,2.08504E10,0.0868,0.0501
2015-04-17,重庆燃气,sh600917,燃气,未知位置,13.65,13.23,13.32,13.48,13.4,16257612,2.18108999E8,0.1042,6.1825,54.0856,0.99255013,2.10288E9,2.097488E10,0.0313,0.012
2015-04-20,重庆燃气,sh600917,燃气,未知位置,14.45,13.53,13.53,13.96,13.48,37289797,5.23396962E8,0.239,6.4026,56.0115,0.99255013,2.17776E9,2.172176E10,0.0682,0.0317
2015-04-21,重庆燃气,sh600917,燃气,未知位置,14.21,13.6,13.96,14.18,13.96,22469358,3.14783206E8,0.144,6.5035,56.8942,0.99255013,2.21208E9,2.206408E10,0.0436,0.0157
2015-04-22,重庆燃气,sh600917,燃气,未知位置,14.48,14.06,14.21,14.13,14.18,22634627,3.21265528E8,0.1451,6.4806,56.6936,0.99255013,2.20428E9,2.198628E10,0.0296,-0.0056
2015-04-23,重庆燃气,sh600917,燃气,未知位置,14.0,13.66,14.0,13.85,14.13,23212561,3.20195809E8,0.1488,6.3521,55.5702,0.99255013,2.1606E9,2.15506E10,0.024,-0.0107
2015-04-24,重庆燃气,sh600917,燃气,未知位置,13.8,13.33,13.63,13.6,13.85,14269320,1.93665492E8,0.0915,6.2375,54.5671,0.99255013,2.1216E9,2.11616E10,0.0339,-0.0022
2015-04-27,重庆燃气,sh600917,燃气,未知位置,14.12,13.36,13.62,14.1,13.6,22171419,3.04414767E8,0.1421,6.4668,56.5732,0.99255013,2.1996E9,2.19396E10,0.0558,0.0352
2015-04-28,重庆燃气,sh600917,燃气,未知位置,14.1,13.47,14.03,13.64,14.1,14232654,1.95926551E8,0.0912,6.2558,54.7276,0.99255013,2.12784E9,2.122384E10,0.0446,-0.0277
2015-04-29,重庆燃气,sh600917,燃气,未知位置,14.05,13.4,13.45,13.99,13.64,14434750,1.99206072E8,0.0925,6.4164,56.1319,0.99255013,2.18244E9,2.176844E10,0.0476,0.0401
2015-04-30,重庆燃气,sh600917,燃气,未知位置,14.19,13.82,14.03,13.95,13.99,19566371,2.74243678E8,0.1254,6.398,55.9714,0.99255013,2.1762E9,2.17062E10,0.0264,-0.0057
2015-05-04,重庆燃气,sh600917,燃气,未知位置,14.1,13.69,13.98,14.09,13.95,14851420,2.07190094E8,0.0952,6.4622,56.5331,0.99255013,2.19804E9,2.192404E10,0.0293,0.0078
2015-05-05,重庆燃气,sh600917,燃气,未知位置,15.0,13.83,14.12,13.91,14.09,32351842,4.64947286E8,0.2074,6.3797,55.8109,0.99255013,2.16996E9,2.164396E10,0.083,-0.0148
2015-05-06,重庆燃气,sh600917,燃气,未知位置,13.91,12.65,13.71,12.74,13.91,20721378,2.76120686E8,0.1328,5.8431,51.1165,0.99255013,1.98744E9,1.982344E10,0.0905,-0.0707
2015-05-07,重庆燃气,sh600917,燃气,未知位置,12.84,11.9,12.6,11.97,12.74,14033060,1.71618523E8,0.09,5.4899,48.0271,0.99255013,1.86732E9,1.862532E10,0.0737,-0.0499
2015-05-08,重庆燃气,sh600917,燃气,未知位置,12.39,12.0,12.2,12.36,11.97,12121438,1.47978203E8,0.0777,5.6688,49.5919,0.99255013,1.92816E9,1.923216E10,0.0325,0.0131
2015-05-11,重庆燃气,sh600917,燃气,未知位置,12.94,12.29,12.46,12.87,12.36,12731730,1.60798163E8,0.0816,5.9027,51.6381,0.99255013,2.00772E9,2.002572E10,0.0525,0.0329
2015-05-12,重庆燃气,sh600917,燃气,未知位置,13.16,12.66,12.85,12.97,12.87,15737765,2.02528625E8,0.1009,5.9485,52.0394,0.99255013,2.02332E9,2.018132E10,0.0388,0.0093
2015-05-13,重庆燃气,sh600917,燃气,未知位置,12.95,12.63,12.84,12.69,12.97,11718689,1.4985315E8,0.0751,5.8201,50.9159,0.99255013,1.97964E9,1.974564E10,0.0246,-0.0116
2015-05-14,重庆燃气,sh600917,燃气,未知位置,13.23,12.7,12.71,13.18,12.69,16696386,2.17537398E8,0.107,6.0449,52.8819,0.99255013,2.05608E9,2.050808E10,0.0417,0.0369
2015-05-15,重庆燃气,sh600917,燃气,未知位置,13.18,12.61,13.18,12.75,13.18,11308983,1.45408916E8,0.0725,5.8476,51.1566,0.99255013,1.989E9,1.9839E10,0.0432,-0.0326
2015-05-18,重庆燃气,sh600917,燃气,未知位置,13.95,12.58,12.7,13.65,12.75,26671237,3.56272439E8,0.171,6.2604,54.7677,0.99255013,2.1294E9,2.12394E10,0.1074,0.0748
2015-05-19,重庆燃气,sh600917,燃气,未知位置,15.02,14.12,14.48,15.02,13.65,43905834,6.51788586E8,0.2814,6.8888,60.2645,0.99255013,2.34312E9,2.337112E10,0.0659,0.0372
2015-05-20,重庆燃气,sh600917,燃气,未知位置,15.8,14.7,15.38,14.77,15.02,70110184,1.075371743E9,0.4494,6.7741,59.2615,0.99255013,2.30412E9,2.298212E10,0.0732,-0.0396
2015-05-21,重庆燃气,sh600917,燃气,未知位置,15.2,14.19,14.19,14.98,14.77,32305831,4.73292147E8,0.2071,6.8704,60.104,0.99255013,2.33688E9,2.330888E10,0.0683,0.0556
2015-05-22,重庆燃气,sh600917,燃气,未知位置,16.48,14.47,14.8,16.48,14.98,48148165,7.36946905E8,0.3086,7.5584,66.1225,0.99255013,2.57088E9,2.564288E10,0.1341,0.1135
2015-05-25,重庆燃气,sh600917,燃气,未知位置,17.29,15.82,16.48,16.67,16.48,46873673,7.83752145E8,0.3005,7.6455,66.8848,0.99255013,2.60052E9,2.593852E10,0.0891,0.0115
2015-05-26,重庆燃气,sh600917,燃气,未知位置,17.67,16.35,16.58,17.35,16.67,37615673,6.39844252E8,0.2411,7.9574,69.6132,0.99255013,2.7066E9,2.69966E10,0.0791,0.0464
2015-05-27,重庆燃气,sh600917,燃气,未知位置,19.01,16.78,17.24,18.55,17.35,45336091,8.09606512E8,0.2906,8.5078,74.4279,0.99255013,2.8938E9,2.88638E10,0.1285,0.0759
2015-05-28,重庆燃气,sh600917,燃气,未知位置,20.19,17.13,18.25,17.42,18.55,55996733,1.076567505E9,0.359,7.9895,69.894,0.99255013,2.71752E9,2.710552E10,0.1649,-0.0454
2015-05-29,重庆燃气,sh600917,燃气,未知位置,18.0,15.7,17.15,16.86,17.42,35170798,5.97697414E8,0.2255,7.7327,67.6471,0.99255013,2.63016E9,2.623416E10,0.132,-0.0169
2015-06-01,重庆燃气,sh600917,燃气,未知位置,17.84,17.01,17.28,17.65,16.86,27638676,4.8059914E8,0.1772,8.095,70.8168,0.99255013,2.7534E9,2.74634E10,0.0492,0.0214
2015-06-02,重庆燃气,sh600917,燃气,未知位置,18.86,17.15,17.64,18.73,17.65,29560763,5.25170332E8,0.1895,8.5903,75.1501,0.99255013,2.92188E9,2.914388E10,0.0968,0.0617
2015-06-03,重庆燃气,sh600917,燃气,未知位置,18.99,17.68,18.5,18.11,18.73,22095707,4.05636964E8,0.1416,8.306,72.6625,0.99255013,2.82516E9,2.817916E10,0.0699,-0.021
2015-06-04,重庆燃气,sh600917,燃气,未知位置,18.08,16.32,18.0,17.45,18.11,17645419,3.05320512E8,0.1131,8.0032,70.0144,0.99255013,2.7222E9,2.71522E10,0.0971,-0.0305
2015-06-05,重庆燃气,sh600917,燃气,未知位置,18.05,17.17,17.52,17.49,17.32,17208692,3.02826363E8,0.1103,8.0216,70.1749,1.0,2.72844E9,2.721444E10,0.0508,-0.0017
2015-06-08,重庆燃气,sh600917,燃气,未知位置,17.49,16.58,17.2,17.21,17.49,20647314,3.51957802E8,0.1324,7.8932,69.0514,1.0,2.68476E9,2.677876E10,0.052,5.0E-4
2015-06-09,重庆燃气,sh600917,燃气,未知位置,17.45,16.7,17.09,17.17,17.21,12396471,2.11773025E8,0.0795,7.8748,68.891,1.0,2.67852E9,2.671652E10,0.0435,0.0046
2015-06-10,重庆燃气,sh600917,燃气,未知位置,17.85,16.98,17.01,17.63,17.17,19953424,3.49267148E8,0.1279,8.0858,70.7366,1.0,2.75028E9,2.743228E10,0.0506,0.0364
2015-06-11,重庆燃气,sh600917,燃气,未知位置,18.46,17.51,17.63,18.37,17.63,25293954,4.56236539E8,0.1621,8.4252,73.7057,1.0,2.86572E9,2.858372E10,0.0538,0.0419
2015-06-12,重庆燃气,sh600917,燃气,未知位置,18.65,17.9,18.27,18.15,18.37,21106448,3.83991721E8,0.1353,8.3243,72.823,1.0,2.8314E9,2.82414E10,0.0408,-0.0065
2015-06-15,重庆燃气,sh600917,燃气,未知位置,18.3,17.26,18.0,17.39,18.15,19633107,3.50144398E8,0.1259,7.9757,69.7737,1.0,2.71284E9,2.705884E10,0.0573,-0.0338
2015-06-16,重庆燃气,sh600917,燃气,未知位置,17.0,15.93,17.0,16.17,17.39,14897103,2.44885432E8,0.0955,7.4162,64.8787,1.0,2.52252E9,2.516052E10,0.0615,-0.0488
2015-06-17,重庆燃气,sh600917,燃气,未知位置,16.61,15.18,16.1,16.43,16.17,13255964,2.11923077E8,0.085,7.5354,65.9219,1.0,2.56308E9,2.556508E10,0.0884,0.0204
2015-06-18,重庆燃气,sh600917,燃气,未知位置,16.49,15.6,16.38,15.69,16.43,8937607,1.44072916E8,0.0573,7.196,62.9528,1.0,2.44764E9,2.441364E10,0.0541,-0.0421
2015-06-19,重庆燃气,sh600917,燃气,未知位置,15.5,14.12,15.21,14.12,15.69,10507118,1.55200837E8,0.0674,6.476,56.6535,1.0,2.20272E9,2.197072E10,0.0879,-0.0716
2015-06-23,重庆燃气,sh600917,燃气,未知位置,14.55,13.0,14.12,14.34,14.12,9973128,1.39472965E8,0.0639,6.5769,57.5362,1.0,2.23704E9,2.231304E10,0.1097,0.0155
2015-06-24,重庆燃气,sh600917,燃气,未知位置,15.05,14.33,14.45,15.01,14.34,12916643,1.89878352E8,0.0828,6.8842,60.2244,1.0,2.34156E9,2.335556E10,0.0502,0.0387
2015-06-25,重庆燃气,sh600917,燃气,未知位置,15.2,13.8,15.1,14.17,15.01,10482304,1.53483104E8,0.0672,6.4989,56.8541,1.0,2.21052E9,2.204852E10,0.0932,-0.0615
2015-06-26,重庆燃气,sh600917,燃气,未知位置,13.79,12.75,13.75,12.75,14.17,12001016,1.58196341E8,0.0769,5.8476,51.1566,1.0,1.989E9,1.9839E10,0.0733,-0.0727
2015-06-29,重庆燃气,sh600917,燃气,未知位置,13.45,11.48,13.3,11.68,12.75,14363277,1.75571242E8,0.0921,5.3569,46.8635,1.0,1.82208E9,1.817408E10,0.1545,-0.1218
2015-06-30,重庆燃气,sh600917,燃气,未知位置,12.78,10.6,11.67,12.64,11.68,15528158,1.81095528E8,0.0995,5.9277,51.0274,1.0,1.97184E9,1.966784E10,0.1866,0.0831
2015-07-01,重庆燃气,sh600917,燃气,未知位置,12.98,11.6,12.46,11.62,12.64,13508777,1.6957769E8,0.0866,5.4494,46.9096,1.0,1.81272E9,1.808072E10,0.1091,-0.0674
2015-07-02,重庆燃气,sh600917,燃气,未知位置,11.97,10.75,11.82,11.19,11.62,12190388,1.38927508E8,0.0781,5.2477,45.1737,1.0,1.74564E9,1.741164E10,0.1049,-0.0532
2015-07-03,重庆燃气,sh600917,燃气,未知位置,11.39,10.07,11.0,10.1,11.19,10819820,1.14122932E8,0.0694,4.7366,40.7734,1.0,1.5756E9,1.57156E10,0.1179,-0.0818
2015-07-06,重庆燃气,sh600917,燃气,未知位置,11.11,9.35,11.11,10.61,10.1,13725785,1.42888604E8,0.088,4.9757,42.8323,1.0,1.65516E9,1.650916E10,0.1742,-0.045
2015-07-07,重庆燃气,sh600917,燃气,未知位置,10.37,9.55,10.11,9.57,10.61,12626344,1.22588588E8,0.0809,4.488,38.6338,1.0,1.49292E9,1.489092E10,0.0772,-0.0534
2015-07-08,重庆燃气,sh600917,燃气,未知位置,9.78,8.61,8.61,9.57,9.57,23930765,2.20697974E8,0.1534,4.488,38.6338,1.0,1.49292E9,1.489092E10,0.1222,0.1114
2015-07-09,重庆燃气,sh600917,燃气,未知位置,10.53,9.57,9.57,10.53,9.57,11073955,1.13498953E8,0.071,4.9382,42.5093,1.0,1.64268E9,1.638468E10,0.1003,0.1003
2015-07-10,重庆燃气,sh600917,燃气,未知位置,11.58,10.76,11.05,11.58,10.53,10043304,1.14968673E8,0.0644,5.4306,46.7482,1.0,1.80648E9,1.801848E10,0.0778,0.0479
2015-07-13,重庆燃气,sh600917,燃气,未知位置,12.74,11.82,12.22,12.74,11.58,18123936,2.25392509E8,0.1162,5.9746,51.4311,1.0,1.98744E9,1.982344E10,0.0794,0.0425
2015-07-14,重庆燃气,sh600917,燃气,未知位置,13.23,11.91,12.6,12.18,12.74,18031981,2.25771851E8,0.1156,5.712,49.1704,1.0,1.90008E9,1.895208E10,0.1036,-0.0333
2015-07-15,重庆燃气,sh600917,燃气,未知位置,11.97,10.96,11.8,10.96,12.18,9641409,1.09075767E8,0.0618,5.1399,44.2452,1.0,1.70976E9,1.705376E10,0.0829,-0.0711
2015-07-16,重庆燃气,sh600917,燃气,未知位置,11.49,9.98,10.96,11.05,10.96,8319288,9.1337388E7,0.0533,5.1821,44.6086,1.0,1.7238E9,1.71938E10,0.1377,0.0082
2015-07-17,重庆燃气,sh600917,燃气,未知位置,12.13,11.08,11.21,12.03,11.05,9228387,1.07519084E8,0.0592,5.6417,48.5648,1.0,1.87668E9,1.871868E10,0.095,0.0731
2015-07-20,重庆燃气,sh600917,燃气,未知位置,12.35,11.68,12.05,11.93,12.03,10707210,1.28379583E8,0.0686,5.5948,48.1611,1.0,1.86108E9,1.856308E10,0.0556,-0.0099
2015-07-21,重庆燃气,sh600917,燃气,未知位置,12.19,11.57,11.89,12.18,11.93,9306643,1.11726389E8,0.0597,5.712,49.1704,1.0,1.90008E9,1.895208E10,0.0519,0.0243
2015-07-22,重庆燃气,sh600917,燃气,未知位置,12.34,11.7,12.14,12.06,12.18,8291419,9.9707419E7,0.0532,5.6557,48.6859,1.0,1.88136E9,1.876536E10,0.0525,-0.0065
2015-07-23,重庆燃气,sh600917,燃气,未知位置,12.78,11.9,12.05,12.49,12.06,13473091,1.66767414E8,0.0864,5.8574,50.4218,1.0,1.94844E9,1.943444E10,0.0729,0.0365
2015-07-24,重庆燃气,sh600917,燃气,未知位置,12.64,11.89,12.49,12.01,12.49,12337312,1.5268658E8,0.0791,5.6323,48.4841,1.0,1.87356E9,1.868756E10,0.06,-0.0384
2015-07-27,重庆燃气,sh600917,燃气,未知位置,12.01,10.81,11.72,10.81,12.01,9114936,1.04814496E8,0.0584,5.0695,43.6397,1.0,1.68636E9,1.682036E10,0.0999,-0.0776
2015-07-28,重庆燃气,sh600917,燃气,未知位置,11.23,9.82,10.55,11.04,10.81,12375974,1.31067078E8,0.0793,5.1774,44.5682,1.0,1.72224E9,1.717824E10,0.1304,0.0464
2015-07-29,重庆燃气,sh600917,燃气,未知位置,11.68,10.91,11.22,11.66,11.04,5872574,6.5837063E7,0.0376,5.4681,47.0711,1.0,1.81896E9,1.814296E10,0.0697,0.0392
2015-07-30,重庆燃气,sh600917,燃气,未知位置,11.95,11.2,11.6,11.31,11.66,7266988,8.4580736E7,0.0466,5.304,45.6582,1.0,1.76436E9,1.759836E10,0.0643,-0.0249
2015-07-31,重庆燃气,sh600917,燃气,未知位置,11.49,11.09,11.12,11.37,11.31,5123802,5.7773021E7,0.0328,5.3321,45.9004,1.0,1.77372E9,1.769172E10,0.0353,0.0224
2015-08-03,重庆燃气,sh600917,燃气,未知位置,12.51,11.14,11.28,12.51,11.37,13631055,1.62189791E8,0.0874,5.8668,50.5026,1.0,1.95156E9,1.946556E10,0.1204,0.109
2015-08-04,重庆燃气,sh600917,燃气,未知位置,13.49,12.3,13.31,13.05,12.51,19886427,2.56982456E8,0.1275,6.12,52.6825,1.0,2.0358E9,2.03058E10,0.0951,-0.0195
2015-08-05,重庆燃气,sh600917,燃气,未知位置,14.03,12.52,12.71,13.7,13.05,26604008,3.5499477E8,0.1705,6.4248,55.3066,1.0,2.1372E9,2.13172E10,0.1157,0.0778
2015-08-06,重庆燃气,sh600917,燃气,未知位置,13.42,12.81,13.04,13.08,13.7,17146956,2.24630751E8,0.1099,6.1341,52.8036,1.0,2.04048E9,2.035248E10,0.0445,0.003
2015-08-07,重庆燃气,sh600917,燃气,未知位置,13.52,13.0,13.08,13.29,13.08,13328039,1.76619651E8,0.0854,6.2326,53.6514,1.0,2.07324E9,2.067924E10,0.0397,0.016
2015-08-10,重庆燃气,sh600917,燃气,未知位置,13.99,13.02,13.29,13.65,13.29,18279218,2.46202666E8,0.1172,6.4014,55.1047,1.0,2.1294E9,2.12394E10,0.0729,0.027
2015-08-11,重庆燃气,sh600917,燃气,未知位置,14.4,13.39,13.7,13.71,13.65,18323772,2.54701801E8,0.1175,6.4295,55.3469,1.0,2.13876E9,2.133276E10,0.0739,7.0E-4
2015-08-12,重庆燃气,sh600917,燃气,未知位置,13.58,13.1,13.31,13.14,13.71,11634194,1.54781847E8,0.0746,6.1622,53.0458,1.0,2.04984E9,2.044584E10,0.035,-0.0127
2015-08-13,重庆燃气,sh600917,燃气,未知位置,13.92,12.91,13.05,13.91,13.14,14141391,1.91447619E8,0.0906,6.5233,56.1543,1.0,2.16996E9,2.164396E10,0.0768,0.0659
2015-08-14,重庆燃气,sh600917,燃气,未知位置,14.99,13.71,13.91,14.01,13.91,21107802,3.01056239E8,0.1353,6.5702,56.558,1.0,2.18556E9,2.179956E10,0.092,0.0071
2015-08-17,重庆燃气,sh600917,燃气,未知位置,15.27,13.62,13.87,14.97,14.01,27950861,4.08384694E8,0.1792,7.0204,60.4335,1.0,2.33532E9,2.329332E10,0.1177,0.0793
2015-08-18,重庆燃气,sh600917,燃气,未知位置,14.9,13.47,14.86,13.47,14.97,15914624,2.26592098E8,0.102,6.317,54.378,1.0,2.10132E9,2.095932E10,0.0955,-0.0935
2015-08-19,重庆燃气,sh600917,燃气,未知位置,14.48,12.12,12.95,13.79,13.47,21939369,2.9287144E8,0.1406,6.467,55.6699,1.0,2.15124E9,2.145724E10,0.1752,0.0648
2015-08-20,重庆燃气,sh600917,燃气,未知位置,14.2,13.3,13.53,13.5,13.79,12923842,1.78179769E8,0.0828,6.331,54.4992,1.0,2.106E9,2.1006E10,0.0652,-0.0022
2015-08-21,重庆燃气,sh600917,燃气,未知位置,13.44,12.22,13.05,12.33,13.5,8959874,1.14470065E8,0.0574,5.7824,49.7759,1.0,1.92348E9,1.918548E10,0.0903,-0.0551
2015-08-24,重庆燃气,sh600917,燃气,未知位置,11.91,11.1,11.5,11.1,12.33,7037297,7.9073782E7,0.0451,5.2055,44.8104,1.0,1.7316E9,1.72716E10,0.0656,-0.0347
2015-08-25,重庆燃气,sh600917,燃气,未知位置,11.16,9.99,10.03,9.99,11.1,8654152,8.8220118E7,0.0555,4.685,40.3294,1.0,1.55844E9,1.554444E10,0.1054,-0.0039
2015-08-26,重庆燃气,sh600917,燃气,未知位置,10.97,9.57,10.3,10.06,9.99,15709879,1.62428176E8,0.1007,4.7178,40.612,1.0,1.56936E9,1.565336E10,0.1401,-0.0233
2015-08-27,重庆燃气,sh600917,燃气,未知位置,10.8,10.08,10.3,10.63,10.06,10340072,1.07424994E8,0.0663,4.9851,42.913,1.0,1.65828E9,1.654028E10,0.0715,0.032
2015-08-28,重庆燃气,sh600917,燃气,未知位置,11.6,10.64,10.64,11.57,10.63,13434428,1.49719797E8,0.0861,5.4259,46.7078,1.0,1.80492E9,1.800292E10,0.0903,0.0874
2015-08-31,重庆燃气,sh600917,燃气,未知位置,12.18,10.88,11.5,11.5,11.57,12803121,1.45799874E8,0.0821,5.3931,46.4252,1.0,1.794E9,1.7894E10,0.1123,0.0
2015-09-01,重庆燃气,sh600917,燃气,未知位置,11.3,10.35,11.2,10.35,11.5,7561506,8.1964545E7,0.0485,4.8538,41.7827,1.0,1.6146E9,1.61046E10,0.0826,-0.0758
2015-09-02,重庆燃气,sh600917,燃气,未知位置,11.0,9.71,9.8,10.97,10.35,16675175,1.75775993E8,0.1069,5.1446,44.2856,1.0,1.71132E9,1.706932E10,0.1246,0.1193
2015-09-07,重庆燃气,sh600917,燃气,未知位置,11.49,10.9,10.92,11.04,10.97,5598610,6.2870559E7,0.0359,5.1774,44.5682,1.0,1.72224E9,1.717824E10,0.0537,0.0109
2015-09-08,重庆燃气,sh600917,燃气,未知位置,11.55,10.8,10.81,11.45,11.04,4305002,4.830232E7,0.0276,5.3697,46.2234,1.0,1.7862E9,1.78162E10,0.0679,0.0592
2015-09-09,重庆燃气,sh600917,燃气,未知位置,11.84,11.35,11.5,11.62,11.45,6915906,8.01628E7,0.0443,5.4494,46.9096,1.0,1.81272E9,1.808072E10,0.0427,0.0104
2015-09-10,重庆燃气,sh600917,燃气,未知位置,11.73,11.29,11.46,11.3,11.62,4490300,5.1655114E7,0.0288,5.2993,45.6178,1.0,1.7628E9,1.75828E10,0.0378,-0.0139
2015-09-11,重庆燃气,sh600917,燃气,未知位置,11.47,10.96,11.32,11.18,11.3,3196515,3.5869604E7,0.0205,5.243,45.1334,1.0,1.74408E9,1.739608E10,0.0451,-0.0123
2015-09-14,重庆燃气,sh600917,燃气,未知位置,11.34,10.06,11.23,10.09,11.18,4940818,5.214898E7,0.0317,4.7319,40.7331,1.0,1.57404E9,1.570004E10,0.1144,-0.1015
2015-09-15,重庆燃气,sh600917,燃气,未知位置,10.05,9.23,9.9,9.33,10.09,3984414,3.8685549E7,0.0255,4.3755,37.665,1.0,1.45548E9,1.451748E10,0.0812,-0.0575
2015-09-16,重庆燃气,sh600917,燃气,未知位置,10.26,9.45,9.49,10.14,9.33,3671660,3.6132223E7,0.0235,4.7553,40.9349,1.0,1.58184E9,1.577784E10,0.0868,0.0684
2015-09-17,重庆燃气,sh600917,燃气,未知位置,10.46,9.81,10.12,9.83,10.14,4295444,4.3654536E7,0.0275,4.6099,39.6835,1.0,1.53348E9,1.529548E10,0.0641,-0.0286
2015-09-18,重庆燃气,sh600917,燃气,未知位置,10.19,9.82,10.01,10.01,9.83,2484181,2.4776927E7,0.0159,4.6944,40.4101,1.0,1.56156E9,1.557556E10,0.0376,0.0
2015-09-21,重庆燃气,sh600917,燃气,未知位置,10.44,9.8,9.99,10.36,10.01,3440948,3.5216877E7,0.0221,4.8585,41.8231,1.0,1.61616E9,1.612016E10,0.0639,0.037
2015-09-22,重庆燃气,sh600917,燃气,未知位置,10.52,10.27,10.38,10.38,10.36,2900342,3.0120699E7,0.0186,4.8679,41.9038,1.0,1.61928E9,1.615128E10,0.0241,0.0
2015-09-23,重庆燃气,sh600917,燃气,未知位置,10.95,10.3,10.4,10.59,10.38,5591188,5.9753991E7,0.0358,4.9664,42.7516,1.0,1.65204E9,1.647804E10,0.0626,0.0182
2015-09-24,重庆燃气,sh600917,燃气,未知位置,10.7,10.45,10.55,10.63,10.59,2690687,2.845884E7,0.0172,4.9851,42.913,1.0,1.65828E9,1.654028E10,0.0236,0.0075
2015-09-25,重庆燃气,sh600917,燃气,未知位置,10.96,10.3,10.63,10.4,10.63,3943786,4.2022247E7,0.0253,4.8772,41.9845,1.0,1.6224E9,1.61824E10,0.062,-0.0216
2015-09-28,重庆燃气,sh600917,燃气,未知位置,10.61,10.18,10.4,10.43,10.4,2417090,2.506486E7,0.0155,4.8913,42.1056,1.0,1.62708E9,1.622908E10,0.0413,0.0028
2015-09-29,重庆燃气,sh600917,燃气,未知位置,10.39,9.85,10.19,10.09,10.43,2220141,2.2485581E7,0.0142,4.7319,40.7331,1.0,1.57404E9,1.570004E10,0.0517,-0.0098
2015-09-30,重庆燃气,sh600917,燃气,未知位置,10.25,10.02,10.15,10.17,10.09,1351931,1.3733994E7,0.0087,4.6675,43.3242,1.0,1.58652E9,1.582452E10,0.0227,0.0019
2015-10-08,重庆燃气,sh600917,燃气,未知位置,10.79,10.4,10.4,10.73,10.17,3858136,4.0871779E7,0.0247,4.9245,45.7098,1.0,1.67388E9,1.669588E10,0.0383,0.0317
2015-10-09,重庆燃气,sh600917,燃气,未知位置,11.14,10.63,10.74,11.01,10.73,5862890,6.4103375E7,0.0376,5.053,46.9026,1.0,1.71756E9,1.713156E10,0.0475,0.0251
2015-10-12,重庆燃气,sh600917,燃气,未知位置,12.07,11.0,11.18,11.01,11.01,23015284,2.60959797E8,0.1475,5.053,46.9026,1.0,1.71756E9,1.713156E10,0.0971,-0.0152
2015-10-13,重庆燃气,sh600917,燃气,未知位置,11.42,11.02,11.07,11.31,11.01,11825971,1.32801315E8,0.0758,5.1907,48.1806,1.0,1.76436E9,1.759836E10,0.0363,0.0216
2015-10-14,重庆燃气,sh600917,燃气,未知位置,11.3,11.02,11.23,11.07,11.31,6468849,7.2062122E7,0.0415,5.0805,47.1582,1.0,1.72692E9,1.722492E10,0.0247,-0.0142
2015-10-15,重庆燃气,sh600917,燃气,未知位置,12.18,10.9,10.98,12.18,11.07,15048913,1.74442836E8,0.0965,5.5899,51.8869,1.0,1.90008E9,1.895208E10,0.1156,0.1092
2015-10-16,重庆燃气,sh600917,燃气,未知位置,12.6,12.08,12.45,12.53,12.18,21647117,2.66758844E8,0.1388,5.7506,53.3779,1.0,1.95468E9,1.949668E10,0.0426,0.0064
2015-10-19,重庆燃气,sh600917,燃气,未知位置,12.56,12.0,12.55,12.15,12.53,12516461,1.51983265E8,0.0802,5.5762,51.7591,1.0,1.8954E9,1.89054E10,0.0446,-0.0318
2015-10-20,重庆燃气,sh600917,燃气,未知位置,12.2,11.94,12.07,12.16,12.15,7593134,9.175722E7,0.0487,5.5808,51.8017,1.0,1.89696E9,1.892096E10,0.0213,0.0074
2015-10-21,重庆燃气,sh600917,燃气,未知位置,12.22,11.09,12.16,11.13,12.16,10099185,1.18329098E8,0.0647,5.1081,47.4138,1.0,1.73628E9,1.731828E10,0.0929,-0.0847
2015-10-22,重庆燃气,sh600917,燃气,未知位置,12.24,11.13,11.22,12.09,11.13,12150005,1.4310764E8,0.0779,5.5486,51.5035,1.0,1.88604E9,1.881204E10,0.0997,0.0775
2015-10-23,重庆燃气,sh600917,燃气,未知位置,13.25,11.99,12.35,13.13,12.09,24274520,3.07979623E8,0.1556,6.0259,55.9339,1.0,2.04828E9,2.043028E10,0.1042,0.0631
2015-10-26,重庆燃气,sh600917,燃气,未知位置,13.78,12.67,13.25,13.19,13.13,16091234,2.09953121E8,0.1031,6.0535,56.1895,1.0,2.05764E9,2.052364E10,0.0845,-0.0045
2015-10-27,重庆燃气,sh600917,燃气,未知位置,12.96,12.25,12.9,12.87,13.19,11422459,1.4414679E8,0.0732,5.9066,54.8263,1.0,2.00772E9,2.002572E10,0.0538,-0.0023
2015-10-28,重庆燃气,sh600917,燃气,未知位置,13.59,12.58,12.88,12.73,12.87,14745906,1.93189124E8,0.0945,5.8424,54.2299,1.0,1.98588E9,1.980788E10,0.0784,-0.0116
2015-10-29,重庆燃气,sh600917,燃气,未知位置,12.88,12.37,12.5,12.67,12.73,8262102,1.04066203E8,0.053,5.8148,53.9743,1.0,1.97652E9,1.971452E10,0.04,0.0135
2015-10-30,重庆燃气,sh600917,燃气,未知位置,12.81,12.25,12.66,12.41,12.67,5294918,6.608698E7,0.0339,5.6955,52.8667,1.0,1.93596E9,1.930996E10,0.0441,-0.0197
2015-11-02,重庆燃气,sh600917,燃气,未知位置,12.46,12.11,12.43,12.18,12.41,6398645,7.8576168E7,0.041,5.5899,51.8869,1.0,1.90008E9,1.895208E10,0.0282,-0.0201
2015-11-03,重庆燃气,sh600917,燃气,未知位置,12.49,12.12,12.15,12.25,12.18,4925825,6.0443997E7,0.0316,5.6221,52.1851,1.0,1.911E9,1.9061E10,0.0303,0.0082
2015-11-04,重庆燃气,sh600917,燃气,未知位置,12.97,12.29,12.29,12.9,12.25,9721886,1.23017825E8,0.0623,5.9204,54.9541,1.0,2.0124E9,2.00724E10,0.0555,0.0496
2015-11-05,重庆燃气,sh600917,燃气,未知位置,13.17,12.74,13.06,12.82,12.9,11441386,1.48027543E8,0.0733,5.8837,54.6133,1.0,1.99992E9,1.994792E10,0.0333,-0.0183
2015-11-06,重庆燃气,sh600917,燃气,未知位置,13.16,12.81,12.81,13.13,12.82,11666594,1.51437222E8,0.0748,6.0259,55.9339,1.0,2.04828E9,2.043028E10,0.0273,0.0249
2015-11-09,重庆燃气,sh600917,燃气,未知位置,14.18,13.3,13.3,13.51,13.13,22528619,3.06892297E8,0.1444,6.2003,57.5527,1.0,2.10756E9,2.102156E10,0.067,0.0157
2015-11-10,重庆燃气,sh600917,燃气,未知位置,13.75,12.9,13.61,12.97,13.51,27200034,3.62221604E8,0.1744,5.9525,55.2523,1.0,2.02332E9,2.018132E10,0.0629,-0.047
2015-11-11,重庆燃气,sh600917,燃气,未知位置,13.28,12.96,13.1,13.22,12.97,12623333,1.65259635E8,0.0809,6.0672,56.3173,1.0,2.06232E9,2.057032E10,0.0246,0.0091
2015-11-12,重庆燃气,sh600917,燃气,未知位置,13.45,12.94,13.3,13.36,13.22,13140410,1.73194906E8,0.0842,6.1315,56.9137,1.0,2.08416E9,2.078816E10,0.0385,0.0045
2015-11-13,重庆燃气,sh600917,燃气,未知位置,13.59,13.0,13.22,13.39,13.36,12225125,1.62783019E8,0.0784,6.1453,57.0415,1.0,2.08884E9,2.083484E10,0.0441,0.0128
2015-11-16,重庆燃气,sh600917,燃气,未知位置,14.39,13.07,13.17,14.3,13.39,25825409,3.61851533E8,0.1655,6.5629,60.9181,1.0,2.2308E9,2.22508E10,0.0985,0.0858
2015-11-17,重庆燃气,sh600917,燃气,未知位置,14.69,14.03,14.5,14.26,14.3,20875799,2.99826104E8,0.1338,6.5446,60.7477,1.0,2.22456E9,2.218856E10,0.0461,-0.0165
2015-11-18,重庆燃气,sh600917,燃气,未知位置,14.35,13.86,14.16,13.96,14.26,10057394,1.42038243E8,0.0645,6.4069,59.4697,1.0,2.17776E9,2.172176E10,0.0343,-0.0141
2015-11-19,重庆燃气,sh600917,燃气,未知位置,14.44,13.75,14.26,14.21,13.96,10217699,1.43698245E8,0.0655,6.5216,60.5347,1.0,2.21676E9,2.211076E10,0.0494,-0.0035
2015-11-20,重庆燃气,sh600917,燃气,未知位置,14.28,13.94,14.28,14.16,14.21,8510665,1.19988027E8,0.0546,6.4987,60.3217,1.0,2.20896E9,2.203296E10,0.0239,-0.0084
2015-11-23,重庆燃气,sh600917,燃气,未知位置,14.96,14.16,14.2,14.65,14.16,12680943,1.84382171E8,0.0813,6.7235,62.4091,1.0,2.2854E9,2.27954E10,0.0564,0.0316
2015-11-24,重庆燃气,sh600917,燃气,未知位置,14.66,14.0,14.5,14.44,14.65,8147855,1.16783104E8,0.0522,6.6272,61.5145,1.0,2.25264E9,2.246864E10,0.045,-0.0041
2015-11-25,重庆燃气,sh600917,燃气,未知位置,14.54,14.3,14.4,14.48,14.44,5708121,8.2219322E7,0.0366,6.6455,61.6849,1.0,2.25888E9,2.253088E10,0.0166,0.0055
2015-11-26,重庆燃气,sh600917,燃气,未知位置,14.58,14.04,14.42,14.07,14.48,6927955,9.8769041E7,0.0444,6.4574,59.9383,1.0,2.19492E9,2.189292E10,0.0372,-0.0242
2015-11-27,重庆燃气,sh600917,燃气,未知位置,14.0,12.7,14.0,13.14,14.07,8975898,1.22504485E8,0.0575,6.0305,55.9765,1.0,2.04984E9,2.044584E10,0.0923,-0.0614
2015-11-30,重庆燃气,sh600917,燃气,未知位置,14.18,12.67,13.04,13.91,13.14,8335200,1.12191595E8,0.0534,6.3839,59.2567,1.0,2.16996E9,2.164396E10,0.1149,0.0667
2015-12-01,重庆燃气,sh600917,燃气,未知位置,14.14,13.6,13.97,13.77,13.91,5820525,8.1013397E7,0.0373,6.3197,58.6603,1.0,2.14812E9,2.142612E10,0.0388,-0.0143
2015-12-02,重庆燃气,sh600917,燃气,未知位置,13.96,13.25,13.95,13.56,13.77,3777321,5.1284918E7,0.0242,6.2233,57.7657,1.0,2.11536E9,2.109936E10,0.0515,-0.0279
2015-12-03,重庆燃气,sh600917,燃气,未知位置,13.8,13.46,13.58,13.78,13.56,3278157,4.4698402E7,0.021,6.3243,58.7029,1.0,2.14968E9,2.144168E10,0.025,0.0147
2015-12-04,重庆燃气,sh600917,燃气,未知位置,14.38,13.64,13.73,14.32,13.78,9543478,1.35311885E8,0.0612,6.5721,61.0033,1.0,2.23392E9,2.228192E10,0.0537,0.0429
2015-12-07,重庆燃气,sh600917,燃气,未知位置,14.65,14.11,14.29,14.58,14.32,7126076,1.02809503E8,0.0457,6.6914,62.1109,1.0,2.27448E9,2.268648E10,0.0377,0.0202
2015-12-08,重庆燃气,sh600917,燃气,未知位置,14.47,14.0,14.47,14.18,14.58,5791989,8.2245913E7,0.0371,6.5078,60.4069,1.0,2.21208E9,2.206408E10,0.0322,-0.02
2015-12-09,重庆燃气,sh600917,燃气,未知位置,14.34,13.91,14.0,13.98,14.18,3534904,4.9941089E7,0.0227,6.416,59.5549,1.0,2.18088E9,2.175288E10,0.0303,-0.0014
2015-12-10,重庆燃气,sh600917,燃气,未知位置,14.2,13.8,13.95,13.87,13.98,2677586,3.7465204E7,0.0172,6.3656,59.0863,1.0,2.16372E9,2.158172E10,0.0286,-0.0057
2015-12-11,重庆燃气,sh600917,燃气,未知位置,13.89,13.39,13.89,13.5,13.87,3147889,4.2795396E7,0.0202,6.1958,57.5101,1.0,2.106E9,2.1006E10,0.036,-0.028
2015-12-14,重庆燃气,sh600917,燃气,未知位置,13.85,13.21,13.4,13.81,13.5,3671880,4.9641351E7,0.0235,6.338,58.8307,1.0,2.15436E9,2.148836E10,0.0474,0.0305
2015-12-15,重庆燃气,sh600917,燃气,未知位置,13.95,13.63,13.81,13.69,13.81,3566462,4.9171839E7,0.0229,6.283,58.3195,1.0,2.13564E9,2.130164E10,0.0231,-0.0086
2015-12-16,重庆燃气,sh600917,燃气,未知位置,13.95,13.55,13.69,13.59,13.69,3358456,4.6054545E7,0.0215,6.2371,57.8935,1.0,2.12004E9,2.114604E10,0.0292,-0.0073
2015-12-17,重庆燃气,sh600917,燃气,未知位置,14.19,13.63,13.68,14.17,13.59,5511289,7.7126695E7,0.0353,6.5032,60.3643,1.0,2.21052E9,2.204852E10,0.0412,0.0358
2015-12-18,重庆燃气,sh600917,燃气,未知位置,14.27,13.79,13.96,13.97,14.17,5664610,7.9154347E7,0.0363,6.4115,59.5123,1.0,2.17932E9,2.173732E10,0.0338,7.0E-4
2015-12-21,重庆燃气,sh600917,燃气,未知位置,14.43,13.82,13.85,14.41,13.97,7926362,1.1245926E8,0.0508,6.6134,61.3867,1.0,2.24796E9,2.242196E10,0.0436,0.0404
2015-12-22,重庆燃气,sh600917,燃气,未知位置,14.55,14.16,14.5,14.35,14.41,5276916,7.5653246E7,0.0338,6.5859,61.1311,1.0,2.2386E9,2.23286E10,0.027,-0.0103
2015-12-23,重庆燃气,sh600917,燃气,未知位置,14.4,14.0,14.35,14.05,14.35,5269873,7.4912949E7,0.0338,6.4482,59.8531,1.0,2.1918E9,2.18618E10,0.0278,-0.0209
2015-12-24,重庆燃气,sh600917,燃气,未知位置,14.4,13.72,14.05,14.39,14.05,5667589,7.960354E7,0.0363,6.6042,61.3015,1.0,2.24484E9,2.239084E10,0.0483,0.0241
2015-12-25,重庆燃气,sh600917,燃气,未知位置,15.83,14.5,14.5,15.5,14.39,17543760,2.71091143E8,0.1125,7.1136,66.0301,1.0,2.418E9,2.4118E10,0.0924,0.0689
2015-12-28,重庆燃气,sh600917,燃气,未知位置,15.78,14.78,15.39,15.24,15.5,11327214,1.72584319E8,0.0726,6.9943,64.9225,1.0,2.37744E9,2.371344E10,0.0645,-0.0097
2015-12-29,重庆燃气,sh600917,燃气,未知位置,15.15,14.75,15.11,15.04,15.24,5700050,8.5187849E7,0.0365,6.9025,64.0705,1.0,2.34624E9,2.340224E10,0.0262,-0.0046
2015-12-30,重庆燃气,sh600917,燃气,未知位置,15.59,14.96,15.0,15.39,15.04,5872041,8.9335737E7,0.0376,7.0632,65.5615,1.0,2.40084E9,2.394684E10,0.0418,0.026
2015-12-31,重庆燃气,sh600917,燃气,未知位置,15.54,15.1,15.2,15.19,15.39,4186225,6.4089327E7,0.0268,6.7953,63.0449,1.0,2.36964E9,2.363564E10,0.0285,-6.0E-4
2016-01-04,重庆燃气,sh600917,燃气,未知位置,15.16,13.76,14.99,13.84,15.19,4151619,5.995213E7,0.0266,6.1913,57.4419,1.0,2.15904E9,2.153504E10,0.0921,-0.0767
2016-01-05,重庆燃气,sh600917,燃气,未知位置,13.8,12.75,12.75,13.33,13.84,5628908,7.4661519E7,0.0361,5.9632,55.3252,1.0,2.07948E9,2.074148E10,0.0758,0.0454
2016-01-06,重庆燃气,sh600917,燃气,未知位置,13.82,13.0,13.47,13.59,13.33,4739352,6.3632052E7,0.0304,6.0795,56.4043,1.0,2.12004E9,2.114604E10,0.0615,0.0089
2016-01-07,重庆燃气,sh600917,燃气,未知位置,13.35,12.23,13.35,12.23,13.59,1272200,1.6087038E7,0.0082,5.4711,50.7597,1.0,1.90788E9,1.902988E10,0.0824,-0.0838
2016-01-08,重庆燃气,sh600917,燃气,未知位置,12.8,11.22,12.52,12.43,12.23,6177785,7.5656751E7,0.0396,5.5606,51.5898,1.0,1.93908E9,1.934108E10,0.1291,-0.0071
2016-01-11,重庆燃气,sh600917,燃气,未知位置,12.42,11.19,11.95,11.19,12.43,5063266,5.8494542E7,0.0325,5.0059,46.4432,1.0,1.74564E9,1.741164E10,0.0989,-0.0635
2016-01-12,重庆燃气,sh600917,燃气,未知位置,11.48,10.5,11.24,11.3,11.19,4459652,4.9290228E7,0.0286,5.0551,46.8998,1.0,1.7628E9,1.75828E10,0.0875,0.0053
2016-01-13,重庆燃气,sh600917,燃气,未知位置,11.48,10.78,11.36,10.79,11.3,4110282,4.5870612E7,0.0263,4.8269,44.7831,1.0,1.68324E9,1.678924E10,0.0619,-0.0501
2016-01-14,重庆燃气,sh600917,燃气,未知位置,11.23,10.01,10.01,11.11,10.79,5192535,5.5689914E7,0.0333,4.9701,46.1112,1.0,1.73316E9,1.728716E10,0.113,0.1098
2016-01-15,重庆燃气,sh600917,燃气,未知位置,11.02,10.2,10.94,10.28,11.11,3755337,3.9905786E7,0.0241,4.5988,42.6664,1.0,1.60368E9,1.599568E10,0.0738,-0.0603
2016-01-18,重庆燃气,sh600917,燃气,未知位置,10.68,9.9,10.11,10.48,10.28,2755522,2.8628915E7,0.0177,4.6882,43.4964,1.0,1.63488E9,1.630688E10,0.0758,0.0365
2016-01-19,重庆燃气,sh600917,燃气,未知位置,10.97,10.45,10.45,10.91,10.48,3040870,3.2708771E7,0.0195,4.8806,45.2811,1.0,1.70196E9,1.697596E10,0.0496,0.044
2016-01-20,重庆燃气,sh600917,燃气,未知位置,11.2,10.78,10.78,10.98,10.91,3470733,3.8117213E7,0.0222,4.9119,45.5717,1.0,1.71288E9,1.708488E10,0.0384,0.0185
2016-01-21,重庆燃气,sh600917,燃气,未知位置,11.1,10.29,10.83,10.35,10.98,3767049,4.0450013E7,0.0241,4.6301,42.9569,1.0,1.6146E9,1.61046E10,0.0737,-0.0443
2016-01-22,重庆燃气,sh600917,燃气,未知位置,10.99,10.2,10.48,10.58,10.35,3919775,4.1228031E7,0.0251,4.733,43.9115,1.0,1.65048E9,1.646248E10,0.0763,0.0095
2016-01-25,重庆燃气,sh600917,燃气,未知位置,10.87,10.63,10.7,10.77,10.58,2401353,2.5862331E7,0.0154,4.818,44.7001,1.0,1.68012E9,1.675812E10,0.0226,0.0065
2016-01-26,重庆燃气,sh600917,燃气,未知位置,10.68,9.69,10.68,9.69,10.77,4785717,4.8504724E7,0.0307,4.3348,40.2176,1.0,1.51164E9,1.507764E10,0.0919,-0.0926
2016-01-27,重庆燃气,sh600917,燃气,未知位置,9.93,8.72,9.75,9.24,9.69,8159155,7.4115147E7,0.0523,4.1335,38.3499,1.0,1.44144E9,1.437744E10,0.1248,-0.0523
2016-01-28,重庆燃气,sh600917,燃气,未知位置,9.18,8.58,9.0,8.65,9.24,3972246,3.5194144E7,0.0255,3.8696,35.9012,1.0,1.3494E9,1.34594E10,0.0649,-0.0388
2016-01-29,重庆燃气,sh600917,燃气,未知位置,9.15,8.6,8.8,9.02,8.65,5946458,5.2897914E7,0.0381,4.0351,37.4368,1.0,1.40712E9,1.403512E10,0.0635,0.0249
2016-02-01,重庆燃气,sh600917,燃气,未知位置,9.07,8.73,9.0,8.9,9.02,2736004,2.4358225E7,0.0175,3.9814,36.9388,1.0,1.3884E9,1.38484E10,0.0376,-0.0111
2016-02-02,重庆燃气,sh600917,燃气,未知位置,9.24,8.9,8.97,9.17,8.9,3585082,3.2694216E7,0.023,4.1022,38.0594,1.0,1.43052E9,1.426852E10,0.0382,0.0222
2016-02-03,重庆燃气,sh600917,燃气,未知位置,9.2,8.93,9.04,9.2,9.17,2561600,2.3225821E7,0.0164,4.1156,38.1839,1.0,1.4352E9,1.43152E10,0.0294,0.0176
2016-02-04,重庆燃气,sh600917,燃气,未知位置,9.6,9.17,9.17,9.43,9.2,3550455,3.341066E7,0.0228,4.2185,39.1385,1.0,1.47108E9,1.467308E10,0.0467,0.0283
2016-02-05,重庆燃气,sh600917,燃气,未知位置,9.62,9.33,9.44,9.45,9.43,3360596,3.2004037E7,0.0215,4.2275,39.2215,1.0,1.4742E9,1.47042E10,0.0307,0.001
2016-02-15,重庆燃气,sh600917,燃气,未知位置,9.32,8.94,9.16,9.23,9.45,3239461,2.9466517E7,0.0208,4.129,38.3084,1.0,1.43988E9,1.436188E10,0.0402,0.0076
2016-02-16,重庆燃气,sh600917,燃气,未知位置,9.64,9.24,9.27,9.62,9.23,4065794,3.8801663E7,0.0261,4.3035,39.9271,1.0,1.50072E9,1.496872E10,0.0433,0.0377
2016-02-17,重庆燃气,sh600917,燃气,未知位置,9.75,9.48,9.65,9.72,9.62,3529347,3.3996925E7,0.0226,4.3482,40.3421,1.0,1.51632E9,1.512432E10,0.028,0.0072
2016-02-18,重庆燃气,sh600917,燃气,未知位置,9.89,9.55,9.89,9.61,9.72,4682686,4.5457286E7,0.03,4.299,39.8856,1.0,1.49916E9,1.495316E10,0.0349,-0.0283
2016-02-19,重庆燃气,sh600917,燃气,未知位置,9.65,9.51,9.52,9.62,9.61,3427018,3.2894324E7,0.022,4.3035,39.9271,1.0,1.50072E9,1.496872E10,0.0145,0.0105
2016-02-22,重庆燃气,sh600917,燃气,未知位置,9.87,9.66,9.69,9.83,9.62,4637149,4.5310947E7,0.0297,4.3975,40.7987,1.0,1.53348E9,1.529548E10,0.0218,0.0144
2016-02-23,重庆燃气,sh600917,燃气,未知位置,9.94,9.61,9.86,9.93,9.83,5005228,4.8835985E7,0.0321,4.4422,41.2137,1.0,1.54908E9,1.545108E10,0.0335,0.007
2016-02-24,重庆燃气,sh600917,燃气,未知位置,9.95,9.7,9.81,9.9,9.93,4436093,4.3708045E7,0.0284,4.4288,41.0892,1.0,1.5444E9,1.54044E10,0.0251,0.0091
2016-02-25,重庆燃气,sh600917,燃气,未知位置,10.1,9.0,9.88,9.15,9.9,9288989,9.0319387E7,0.0595,4.0933,37.9764,1.0,1.4274E9,1.42374E10,0.1111,-0.0738
2016-02-26,重庆燃气,sh600917,燃气,未知位置,9.48,8.98,9.26,9.29,9.15,5344424,4.9235662E7,0.0343,4.1559,38.5574,1.0,1.44924E9,1.445524E10,0.0546,0.0032
2016-02-29,重庆燃气,sh600917,燃气,未知位置,9.24,8.45,9.24,8.58,9.29,6408639,5.5211774E7,0.0411,3.8383,35.6106,1.0,1.33848E9,1.335048E10,0.085,-0.0714
2016-03-01,重庆燃气,sh600917,燃气,未知位置,8.78,8.39,8.58,8.71,8.58,4865953,4.1852547E7,0.0312,3.8964,36.1502,1.0,1.35876E9,1.355276E10,0.0454,0.0151
2016-03-02,重庆燃气,sh600917,燃气,未知位置,9.17,8.78,8.83,9.14,8.71,6071584,5.4471232E7,0.0389,4.0888,37.9349,1.0,1.42584E9,1.422184E10,0.0447,0.0351
2016-03-03,重庆燃气,sh600917,燃气,未知位置,9.28,9.03,9.14,9.14,9.14,5142289,4.7080233E7,0.033,4.0888,37.9349,1.0,1.42584E9,1.422184E10,0.0273,0.0
2016-03-04,重庆燃气,sh600917,燃气,未知位置,9.17,8.7,9.13,8.82,9.14,5132000,4.5924252E7,0.0329,3.9456,36.6067,1.0,1.37592E9,1.372392E10,0.0514,-0.0339
2016-03-07,重庆燃气,sh600917,燃气,未知位置,9.15,8.85,8.85,9.06,8.82,3665039,3.3134325E7,0.0235,4.053,37.6028,1.0,1.41336E9,1.409736E10,0.034,0.0237
2016-03-08,重庆燃气,sh600917,燃气,未知位置,9.21,8.75,9.1,9.2,9.06,5087882,4.5925924E7,0.0326,4.1156,38.1839,1.0,1.4352E9,1.43152E10,0.0507,0.0109
2016-03-09,重庆燃气,sh600917,燃气,未知位置,9.12,8.88,9.1,8.98,9.2,2833503,2.5504142E7,0.0182,4.0172,37.2708,1.0,1.40088E9,1.397288E10,0.026,-0.0131
2016-03-10,重庆燃气,sh600917,燃气,未知位置,9.09,8.87,9.01,8.89,8.98,2447925,2.1978827E7,0.0157,3.9769,36.8973,1.0,1.38684E9,1.383284E10,0.0244,-0.0133
2016-03-11,重庆燃气,sh600917,燃气,未知位置,8.98,8.73,8.82,8.9,8.89,2229222,1.9722319E7,0.0143,3.9814,36.9388,1.0,1.3884E9,1.38484E10,0.0281,0.009
2016-03-14,重庆燃气,sh600917,燃气,未知位置,9.26,8.95,8.95,9.14,8.9,5656001,5.1682122E7,0.0363,4.0888,37.9349,1.0,1.42584E9,1.422184E10,0.0348,0.0212
2016-03-15,重庆燃气,sh600917,燃气,未知位置,9.16,8.95,9.13,9.04,9.14,3683482,3.3389474E7,0.0236,4.044,37.5198,1.0,1.41024E9,1.406624E10,0.0229,-0.0098
2016-03-16,重庆燃气,sh600917,燃气,未知位置,9.12,8.85,9.11,8.9,9.04,3139157,2.8201111E7,0.0201,3.9814,36.9388,1.0,1.3884E9,1.38484E10,0.0298,-0.023
2016-03-17,重庆燃气,sh600917,燃气,未知位置,9.17,8.94,8.95,9.11,8.9,4298315,3.8987801E7,0.0276,4.0754,37.8104,1.0,1.42116E9,1.417516E10,0.0258,0.0178
2016-03-18,重庆燃气,sh600917,燃气,未知位置,9.45,9.11,9.13,9.41,9.11,7242974,6.7553043E7,0.0464,4.2096,39.0555,1.0,1.46796E9,1.464196E10,0.0373,0.0306
2016-03-21,重庆燃气,sh600917,燃气,未知位置,10.18,9.45,9.46,10.09,9.41,13498451,1.32555316E8,0.0865,4.5138,41.8778,1.0,1.57404E9,1.570004E10,0.0775,0.0665
2016-03-22,重庆燃气,sh600917,燃气,未知位置,11.1,9.92,10.09,11.1,10.09,22179838,2.36433453E8,0.1422,4.9656,46.0697,1.0,1.7316E9,1.72716E10,0.1169,0.1
2016-03-23,重庆燃气,sh600917,燃气,未知位置,11.27,10.79,11.03,11.03,11.1,18264712,2.01128064E8,0.1171,4.9343,45.7792,1.0,1.72068E9,1.716268E10,0.0432,0.0
2016-03-24,重庆燃气,sh600917,燃气,未知位置,11.89,10.95,11.13,11.56,11.03,24950686,2.83903584E8,0.1599,5.1714,47.9789,1.0,1.80336E9,1.798736E10,0.0852,0.0386
2016-03-25,重庆燃气,sh600917,燃气,未知位置,11.86,11.3,11.7,11.51,11.56,19350951,2.22655551E8,0.124,5.149,47.7714,1.0,1.79556E9,1.790956E10,0.0484,-0.0162
2016-03-28,重庆燃气,sh600917,燃气,未知位置,11.89,11.33,11.5,11.68,11.51,21795252,2.53839889E8,0.1397,5.2251,48.477,1.0,1.82208E9,1.817408E10,0.0486,0.0156
2016-03-29,重庆燃气,sh600917,燃气,未知位置,11.94,11.29,11.75,11.39,11.68,19374199,2.23862172E8,0.1242,5.0953,47.2733,1.0,1.77684E9,1.772284E10,0.0556,-0.0306
2016-03-30,重庆燃气,sh600917,燃气,未知位置,11.48,10.89,11.05,11.33,11.39,17142191,1.91249585E8,0.1099,5.0685,47.0243,1.0,1.76748E9,1.762948E10,0.0517,0.0253
2016-03-31,重庆燃气,sh600917,燃气,未知位置,11.31,11.03,11.31,11.1,11.33,10886698,1.21279763E8,0.0698,4.9656,46.0697,1.0,1.7316E9,1.72716E10,0.0247,-0.0185
2016-04-01,重庆燃气,sh600917,燃气,未知位置,11.02,10.6,11.0,10.76,11.1,9865477,1.05800976E8,0.0632,4.8135,44.6586,1.0,1.67856E9,1.674256E10,0.0378,-0.0218
2016-04-05,重庆燃气,sh600917,燃气,未知位置,11.08,10.7,10.85,11.03,10.76,8411694,9.2047999E7,0.0539,4.9343,45.7792,1.0,1.72068E9,1.716268E10,0.0353,0.0165
2016-04-06,重庆燃气,sh600917,燃气,未知位置,11.19,10.84,11.07,11.06,11.03,9202757,1.01615581E8,0.059,4.9477,45.9037,1.0,1.72536E9,1.720936E10,0.0317,-9.0E-4
2016-04-07,重庆燃气,sh600917,燃气,未知位置,11.18,10.66,11.15,10.69,11.06,7405769,8.0668519E7,0.0475,4.7822,44.368,1.0,1.66764E9,1.663364E10,0.047,-0.0412
2016-04-08,重庆燃气,sh600917,燃气,未知位置,10.95,10.49,10.65,10.9,10.69,6810423,7.2852065E7,0.0437,4.8761,45.2396,1.0,1.7004E9,1.69604E10,0.043,0.0234
