2016-04-08
2014-11-11,宁波精达,sh603088,通用机械,浙江省,12.34,10.28,10.28,12.34,8.57,21900,270040.0,0.0011,3.3974,27.0978,0.99664766,2.468E8,9.872E8,0.2403,0.2003
2014-11-12,宁波精达,sh603088,通用机械,浙江省,13.57,13.57,13.57,13.57,12.34,9000,122130.0,5.0E-4,3.736,29.7988,0.99664766,2.714E8,1.0856E9,0.0,0.0
2014-11-13,宁波精达,sh603088,通用机械,浙江省,14.93,14.93,14.93,14.93,13.57,5001,74665.0,3.0E-4,4.1104,32.7853,0.99664766,2.986E8,1.1944E9,0.0,0.0
2014-11-14,宁波精达,sh603088,通用机械,浙江省,16.42,16.42,16.42,16.42,14.93,8700,142854.0,4.0E-4,4.5207,36.0572,0.99664766,3.284E8,1.3136E9,0.0,0.0
2014-11-17,宁波精达,sh603088,通用机械,浙江省,18.06,18.06,18.06,18.06,16.42,20100,363006.0,0.001,4.9722,39.6585,0.99664766,3.612E8,1.4448E9,0.0,0.0
2014-11-18,宁波精达,sh603088,通用机械,浙江省,19.87,19.87,19.87,19.87,18.06,29200,580204.0,0.0015,5.4705,43.6332,0.99664766,3.974E8,1.5896E9,0.0,0.0
2014-11-19,宁波精达,sh603088,通用机械,浙江省,21.86,21.86,21.86,21.86,19.87,47432,1036864.0,0.0024,6.0184,48.0031,0.99664766,4.372E8,1.7488E9,0.0,0.0
2014-11-20,宁波精达,sh603088,通用机械,浙江省,24.05,24.05,24.05,24.05,21.86,44600,1072630.0,0.0022,6.6213,52.8122,0.99664766,4.81E8,1.924E9,0.0,0.0
2014-11-21,宁波精达,sh603088,通用机械,浙江省,26.46,26.46,26.46,26.46,24.05,59900,1584954.0,0.003,7.2848,58.1044,0.99664766,5.292E8,2.1168E9,0.0,0.0
2014-11-24,宁波精达,sh603088,通用机械,浙江省,29.11,29.11,29.11,29.11,26.46,209992,6112867.0,0.0105,8.0144,63.9236,0.99664766,5.822E8,2.3288E9,0.0,0.0
2014-11-25,宁波精达,sh603088,通用机械,浙江省,32.02,32.02,32.02,32.02,29.11,179700,5753994.0,0.009,8.8156,70.3138,0.99664766,6.404E8,2.5616E9,0.0,0.0
2014-11-26,宁波精达,sh603088,通用机械,浙江省,35.22,35.22,35.22,35.22,32.02,254944,8979128.0,0.0127,9.6966,77.3407,0.99664766,7.044E8,2.8176E9,0.0,0.0
2014-11-27,宁波精达,sh603088,通用机械,浙江省,38.74,38.74,38.74,38.74,35.22,225300,8728122.0,0.0113,10.6657,85.0704,0.99664766,7.748E8,3.0992E9,0.0,0.0
2014-11-28,宁波精达,sh603088,通用机械,浙江省,42.61,42.61,42.61,42.61,38.74,2473781,1.05407808E8,0.1237,11.7311,93.5687,0.99664766,8.522E8,3.4088E9,0.0,0.0
2014-12-01,宁波精达,sh603088,通用机械,浙江省,46.87,45.45,46.5,46.87,42.61,5766416,2.68570405E8,0.2883,12.904,102.9233,0.99664766,9.374E8,3.7496E9,0.0333,0.0079
2014-12-02,宁波精达,sh603088,通用机械,浙江省,51.56,49.7,51.0,51.56,46.87,4194817,2.13860816E8,0.2097,14.1952,113.2223,0.99664766,1.0312E9,4.1248E9,0.0396,0.0109
2014-12-03,宁波精达,sh603088,通用机械,浙江省,56.72,49.92,56.72,55.24,51.56,13521498,7.38769491E8,0.6761,15.2084,121.3033,0.99664766,1.1048E9,4.4192E9,0.1318,-0.026
2014-12-04,宁波精达,sh603088,通用机械,浙江省,54.77,52.0,53.0,52.96,55.24,7021445,3.72362356E8,0.3511,14.5806,116.2966,0.99664766,1.0592E9,4.2368E9,0.0501,-7.0E-4
2014-12-05,宁波精达,sh603088,通用机械,浙江省,53.68,47.7,53.58,47.9,52.96,6658603,3.30759088E8,0.3329,13.1875,105.1852,0.99664766,9.58E8,3.832E9,0.1129,-0.106
2014-12-08,宁波精达,sh603088,通用机械,浙江省,46.66,43.44,45.5,44.43,47.9,5458589,2.44398685E8,0.2729,12.2322,97.5653,0.99664766,8.886E8,3.5544E9,0.0672,-0.0235
2014-12-09,宁波精达,sh603088,通用机械,浙江省,43.87,39.99,43.34,39.99,44.43,4844963,2.03937087E8,0.2422,11.0098,87.8153,0.99664766,7.998E8,3.1992E9,0.0873,-0.0772
2014-12-10,宁波精达,sh603088,通用机械,浙江省,40.99,37.8,38.77,40.02,39.99,4170266,1.64321112E8,0.2085,11.0181,87.8812,0.99664766,8.004E8,3.2016E9,0.0797,0.0322
2014-12-11,宁波精达,sh603088,通用机械,浙江省,43.0,38.15,39.6,42.82,40.02,5230381,2.16735538E8,0.2615,11.789,94.0298,0.99664766,8.564E8,3.4256E9,0.1211,0.0813
2014-12-12,宁波精达,sh603088,通用机械,浙江省,42.45,40.28,42.0,40.65,42.82,3392731,1.39372307E8,0.1696,11.1915,89.2646,0.99664766,8.13E8,3.252E9,0.0506,-0.0321
2014-12-15,宁波精达,sh603088,通用机械,浙江省,41.13,38.88,40.59,40.61,40.65,2052384,8.2541599E7,0.1026,11.1805,89.1768,0.99664766,8.122E8,3.2488E9,0.0553,4.0E-4
2014-12-16,宁波精达,sh603088,通用机械,浙江省,41.1,39.69,40.19,40.48,40.61,2024775,8.183779E7,0.1012,11.1447,88.8913,0.99664766,8.096E8,3.2384E9,0.0347,0.0072
2014-12-17,宁波精达,sh603088,通用机械,浙江省,40.49,37.8,40.3,38.17,40.48,2867442,1.11755716E8,0.1434,10.5087,83.8187,0.99664766,7.634E8,3.0536E9,0.0664,-0.0528
2014-12-18,宁波精达,sh603088,通用机械,浙江省,38.54,36.51,37.99,36.53,38.17,2420410,9.0914991E7,0.121,10.0572,80.2174,0.99664766,7.306E8,2.9224E9,0.0531,-0.0384
2014-12-19,宁波精达,sh603088,通用机械,浙江省,36.02,33.04,36.0,33.21,36.53,3257357,1.1156925E8,0.1629,9.1432,72.9269,0.99664766,6.642E8,2.6568E9,0.0815,-0.0774
2014-12-22,宁波精达,sh603088,通用机械,浙江省,32.99,29.89,32.99,29.89,33.21,3134172,9.6362275E7,0.1567,8.2291,65.6364,0.99664766,5.978E8,2.3912E9,0.0933,-0.0939
2014-12-23,宁波精达,sh603088,通用机械,浙江省,32.57,29.0,29.39,31.52,29.89,2941721,9.1981975E7,0.1471,8.6779,69.2158,0.99664766,6.304E8,2.5216E9,0.1194,0.0724
2014-12-24,宁波精达,sh603088,通用机械,浙江省,33.05,31.01,31.3,32.87,31.52,2464616,7.9296747E7,0.1232,9.0496,72.1803,0.99664766,6.574E8,2.6296E9,0.0647,0.0501
2014-12-25,宁波精达,sh603088,通用机械,浙江省,34.58,31.34,32.42,32.64,32.87,3146926,1.02946758E8,0.1573,8.9863,71.6752,0.99664766,6.528E8,2.6112E9,0.0985,0.0067
2014-12-26,宁波精达,sh603088,通用机械,浙江省,32.6,31.88,31.89,32.02,32.64,1485735,4.7814848E7,0.0743,8.8156,70.3138,0.99664766,6.404E8,2.5616E9,0.022,0.004
2014-12-29,宁波精达,sh603088,通用机械,浙江省,32.0,30.58,32.0,31.22,32.02,1516159,4.6939599E7,0.0758,8.5953,68.557,0.99664766,6.244E8,2.4976E9,0.0443,-0.0243
2014-12-30,宁波精达,sh603088,通用机械,浙江省,32.3,31.03,31.05,31.46,31.22,1268852,4.0135912E7,0.0634,8.6614,69.084,0.99664766,6.292E8,2.5168E9,0.0406,0.0132
2014-12-31,宁波精达,sh603088,通用机械,浙江省,31.46,30.12,31.46,30.81,31.46,1157495,3.5670329E7,0.0579,5.4671,65.853,0.99664766,6.162E8,2.4648E9,0.0425,-0.0206
2015-01-05,宁波精达,sh603088,通用机械,浙江省,30.99,29.42,30.86,30.49,30.81,1245115,3.7581285E7,0.0623,5.4103,65.169,0.99664766,6.098E8,2.4392E9,0.0509,-0.0119
2015-01-06,宁波精达,sh603088,通用机械,浙江省,31.71,30.01,30.2,31.44,30.49,1609530,4.9999934E7,0.0805,5.5788,67.1995,0.99664766,6.288E8,2.5152E9,0.0557,0.041
2015-01-07,宁波精达,sh603088,通用机械,浙江省,31.38,30.52,31.06,30.88,31.44,1081546,3.3307132E7,0.0541,5.4795,66.0026,0.99664766,6.176E8,2.4704E9,0.0273,-0.0057
2015-01-08,宁波精达,sh603088,通用机械,浙江省,31.9,30.6,30.7,30.94,30.88,1492539,4.6780256E7,0.0746,5.4901,66.1309,0.99664766,6.188E8,2.4752E9,0.042,0.0078
2015-01-09,宁波精达,sh603088,通用机械,浙江省,32.38,30.32,30.58,31.25,30.94,1936300,6.1170594E7,0.0968,5.5451,66.7934,0.99664766,6.25E8,2.5E9,0.0665,0.0219
2015-01-12,宁波精达,sh603088,通用机械,浙江省,32.19,31.17,31.32,31.37,31.25,2174231,6.897772E7,0.1087,5.5664,67.0499,0.99664766,6.274E8,2.5096E9,0.0326,0.0015
2015-01-13,宁波精达,sh603088,通用机械,浙江省,31.47,29.83,30.85,31.13,31.37,2065888,6.3119572E7,0.1033,5.5238,66.537,0.99664766,6.226E8,2.4904E9,0.0522,0.009
2015-01-14,宁波精达,sh603088,通用机械,浙江省,31.3,30.6,30.9,30.71,31.13,1103346,3.4085127E7,0.0552,5.4493,65.6393,0.99664766,6.142E8,2.4568E9,0.0224,-0.0061
2015-01-15,宁波精达,sh603088,通用机械,浙江省,31.35,30.32,30.43,30.66,30.71,878340,2.7043685E7,0.0439,5.4404,65.5324,0.99664766,6.132E8,2.4528E9,0.0335,0.0075
2015-01-16,宁波精达,sh603088,通用机械,浙江省,31.5,30.5,30.63,31.16,30.66,1290054,4.0122778E7,0.0645,5.5292,66.6011,0.99664766,6.232E8,2.4928E9,0.0326,0.0173
2015-01-19,宁波精达,sh603088,通用机械,浙江省,34.13,30.1,30.5,32.76,31.16,4251203,1.38636306E8,0.2126,5.8131,70.0209,0.99664766,6.552E8,2.6208E9,0.1293,0.074
2015-01-20,宁波精达,sh603088,通用机械,浙江省,36.04,32.44,32.78,36.04,32.76,3972275,1.37541457E8,0.1986,6.3951,77.0315,0.99664766,7.208E8,2.8832E9,0.1098,0.0994
2015-01-21,宁波精达,sh603088,通用机械,浙江省,38.5,35.53,37.99,36.46,36.04,5792836,2.13983255E8,0.2896,6.4696,77.9292,0.99664766,7.292E8,2.9168E9,0.0824,-0.0402
2015-01-22,宁波精达,sh603088,通用机械,浙江省,39.89,35.58,35.66,39.38,36.46,5525738,2.1006718E8,0.2763,6.9877,84.1704,0.99664766,7.876E8,3.1504E9,0.1182,0.1043
2015-01-23,宁波精达,sh603088,通用机械,浙江省,38.97,37.68,38.97,37.7,39.38,3526367,1.34231275E8,0.1763,6.6896,80.5796,0.99664766,7.54E8,3.016E9,0.0327,-0.0325
2015-01-26,宁波精达,sh603088,通用机械,浙江省,37.98,36.51,37.2,36.98,37.7,2156603,7.9789898E7,0.1078,6.5619,79.0407,0.99664766,7.396E8,2.9584E9,0.0389,-0.0059
2015-01-27,宁波精达,sh603088,通用机械,浙江省,37.3,35.79,37.01,36.45,36.98,1814646,6.6006651E7,0.0907,6.4678,77.9079,0.99664766,7.29E8,2.916E9,0.0408,-0.0151
2015-01-28,宁波精达,sh603088,通用机械,浙江省,38.0,36.0,36.17,37.18,36.45,2476770,9.2291075E7,0.1238,6.5974,79.4682,0.99664766,7.436E8,2.9744E9,0.0548,0.0279
2015-01-29,宁波精达,sh603088,通用机械,浙江省,36.84,35.35,36.5,35.38,37.18,1733747,6.2487991E7,0.0867,6.278,75.6209,0.99664766,7.076E8,2.8304E9,0.04,-0.0306
2015-01-30,宁波精达,sh603088,通用机械,浙江省,35.58,34.0,35.15,34.07,35.38,1406529,4.8495453E7,0.0703,6.0455,72.8209,0.99664766,6.814E8,2.7256E9,0.0446,-0.0307
2015-02-02,宁波精达,sh603088,通用机械,浙江省,34.74,33.37,33.71,33.88,34.07,832949,2.8404005E7,0.0416,6.0118,72.4148,0.99664766,6.776E8,2.7104E9,0.0402,0.005
2015-02-03,宁波精达,sh603088,通用机械,浙江省,35.8,34.2,34.2,35.51,33.88,1547936,5.4526912E7,0.0774,6.301,75.8987,0.99664766,7.102E8,2.8408E9,0.0472,0.0383
2015-02-04,宁波精达,sh603088,通用机械,浙江省,35.3,34.6,35.11,34.64,35.51,1127513,3.9329991E7,0.0564,6.1467,74.0392,0.99664766,6.928E8,2.7712E9,0.0197,-0.0133
2015-02-05,宁波精达,sh603088,通用机械,浙江省,35.1,33.53,34.46,33.57,34.64,1202034,4.1062539E7,0.0601,5.9568,71.7522,0.99664766,6.714E8,2.6856E9,0.0453,-0.0258
2015-02-06,宁波精达,sh603088,通用机械,浙江省,33.57,31.51,33.57,31.69,33.57,1381399,4.4623621E7,0.0691,5.6232,67.7339,0.99664766,6.338E8,2.5352E9,0.0613,-0.056
2015-02-09,宁波精达,sh603088,通用机械,浙江省,31.99,31.31,31.99,31.41,31.69,555012,1.7558557E7,0.0278,5.5735,67.1354,0.99664766,6.282E8,2.5128E9,0.0214,-0.0181
2015-02-10,宁波精达,sh603088,通用机械,浙江省,31.79,31.03,31.03,31.77,31.41,459079,1.448369E7,0.023,5.6374,67.9049,0.99664766,6.354E8,2.5416E9,0.0241,0.0238
2015-02-11,宁波精达,sh603088,通用机械,浙江省,32.74,31.8,31.8,32.27,31.77,564722,1.8285058E7,0.0282,5.7261,68.9736,0.99664766,6.454E8,2.5816E9,0.0295,0.0147
2015-02-12,宁波精达,sh603088,通用机械,浙江省,32.87,31.85,32.48,32.67,32.27,600148,1.9463873E7,0.03,5.7971,69.8285,0.99664766,6.534E8,2.6136E9,0.0316,0.0058
2015-02-13,宁波精达,sh603088,通用机械,浙江省,32.99,32.6,32.7,32.74,32.67,767608,2.5212841E7,0.0384,5.8095,69.9782,0.99664766,6.548E8,2.6192E9,0.0119,0.0012
2015-02-16,宁波精达,sh603088,通用机械,浙江省,33.39,32.66,32.7,33.28,32.74,617059,2.0525584E7,0.0309,5.9053,71.1323,0.99664766,6.656E8,2.6624E9,0.0222,0.0177
2015-02-17,宁波精达,sh603088,通用机械,浙江省,33.5,32.78,33.29,32.87,33.28,632396,2.0832675E7,0.0316,5.8326,70.256,0.99664766,6.574E8,2.6296E9,0.0216,-0.0126
2015-02-25,宁波精达,sh603088,通用机械,浙江省,33.29,32.88,32.9,32.91,32.87,407061,1.3428926E7,0.0204,5.8397,70.3415,0.99664766,6.582E8,2.6328E9,0.0124,3.0E-4
2015-02-26,宁波精达,sh603088,通用机械,浙江省,32.92,32.35,32.92,32.66,32.91,720579,2.344587E7,0.036,5.7953,69.8072,0.99664766,6.532E8,2.6128E9,0.0173,-0.0078
2015-02-27,宁波精达,sh603088,通用机械,浙江省,33.14,32.6,32.68,33.12,32.66,795544,2.620912E7,0.0398,5.8769,70.7904,0.99664766,6.624E8,2.6496E9,0.0165,0.0134
2015-03-02,宁波精达,sh603088,通用机械,浙江省,34.6,32.98,33.31,34.59,33.12,1469686,4.9579952E7,0.0735,6.1378,73.9323,0.99664766,6.918E8,2.7672E9,0.0489,0.0384
2015-03-03,宁波精达,sh603088,通用机械,浙江省,34.57,33.78,34.57,33.88,34.59,1113741,3.7866993E7,0.0557,6.0118,72.4148,0.99664766,6.776E8,2.7104E9,0.0228,-0.0199
2015-03-04,宁波精达,sh603088,通用机械,浙江省,34.2,33.5,33.78,34.02,33.88,699746,2.377724E7,0.035,6.0366,72.714,0.99664766,6.804E8,2.7216E9,0.0206,0.0071
2015-03-05,宁波精达,sh603088,通用机械,浙江省,34.84,33.83,34.0,34.82,34.02,1544105,5.3140339E7,0.0772,6.1786,74.4239,0.99664766,6.964E8,2.7856E9,0.0296,0.0241
2015-03-06,宁波精达,sh603088,通用机械,浙江省,35.16,34.03,35.16,34.06,34.82,1084353,3.7332764E7,0.0542,6.0437,72.7995,0.99664766,6.812E8,2.7248E9,0.0324,-0.0312
2015-03-09,宁波精达,sh603088,通用机械,浙江省,33.97,32.81,33.75,33.48,34.06,755855,2.5070156E7,0.0378,5.9408,71.5598,0.99664766,6.696E8,2.6784E9,0.034,-0.008
2015-03-10,宁波精达,sh603088,通用机械,浙江省,33.72,33.32,33.48,33.6,33.48,560240,1.8794269E7,0.028,5.9621,71.8163,0.99664766,6.72E8,2.688E9,0.0119,0.0035
2015-03-11,宁波精达,sh603088,通用机械,浙江省,33.57,32.9,33.03,32.93,33.6,683311,2.2644693E7,0.0342,5.8432,70.3843,0.99664766,6.586E8,2.6344E9,0.0199,-0.003
2015-03-12,宁波精达,sh603088,通用机械,浙江省,33.18,32.05,33.16,32.21,32.93,749101,2.4368328E7,0.0375,5.7155,68.8453,0.99664766,6.442E8,2.5768E9,0.0343,-0.0286
2015-03-13,宁波精达,sh603088,通用机械,浙江省,33.0,32.28,32.54,32.89,32.21,557550,1.8200896E7,0.0279,5.8361,70.2988,0.99664766,6.578E8,2.6312E9,0.0223,0.0107
2015-03-16,宁波精达,sh603088,通用机械,浙江省,35.48,33.5,33.52,35.38,32.89,2286585,7.9579928E7,0.1143,6.278,75.6209,0.99664766,7.076E8,2.8304E9,0.0602,0.0554
2015-03-17,宁波精达,sh603088,通用机械,浙江省,36.25,35.0,35.49,35.38,35.38,2195251,7.799639E7,0.1098,6.278,75.6209,0.99664766,7.076E8,2.8304E9,0.0353,-0.003
2015-03-18,宁波精达,sh603088,通用机械,浙江省,36.49,35.02,35.41,36.43,35.38,2439962,8.7413301E7,0.122,6.4643,77.8651,0.99664766,7.286E8,2.9144E9,0.0415,0.0288
2015-03-19,宁波精达,sh603088,通用机械,浙江省,37.2,36.03,36.48,36.87,36.43,2671592,9.8164464E7,0.1336,6.5424,78.8056,0.99664766,7.374E8,2.9496E9,0.0321,0.0106
2015-03-20,宁波精达,sh603088,通用机械,浙江省,38.48,36.52,37.06,38.22,36.87,3603831,1.34892579E8,0.1802,6.7819,81.6911,0.99664766,7.644E8,3.0576E9,0.0531,0.0313
2015-03-23,宁波精达,sh603088,通用机械,浙江省,38.86,37.6,38.24,37.95,38.22,2630452,1.00048827E8,0.1315,6.734,81.114,0.99664766,7.59E8,3.036E9,0.0329,-0.0075
2015-03-24,宁波精达,sh603088,通用机械,浙江省,37.95,35.57,37.95,36.58,37.95,2961901,1.08541634E8,0.1481,6.4909,78.1857,0.99664766,7.316E8,2.9264E9,0.0627,-0.0361
2015-03-25,宁波精达,sh603088,通用机械,浙江省,38.9,35.81,36.5,38.3,36.58,3533471,1.33678761E8,0.1767,6.7961,81.862,0.99664766,7.66E8,3.064E9,0.0844,0.0493
2015-03-26,宁波精达,sh603088,通用机械,浙江省,38.76,36.78,38.76,37.35,38.3,1957515,7.3643787E7,0.0979,6.6275,79.8315,0.99664766,7.47E8,2.988E9,0.0516,-0.0363
2015-03-27,宁波精达,sh603088,通用机械,浙江省,37.6,36.99,37.35,37.31,37.35,1290781,4.8111799E7,0.0645,6.6204,79.746,0.99664766,7.462E8,2.9848E9,0.0163,-0.001
2015-03-30,宁波精达,sh603088,通用机械,浙江省,38.18,36.89,37.32,37.35,37.31,1812342,6.8040806E7,0.0906,6.6275,79.8315,0.99664766,7.47E8,2.988E9,0.0345,8.0E-4
2015-03-31,宁波精达,sh603088,通用机械,浙江省,37.58,36.88,37.38,36.9,37.35,1599826,5.9534148E7,0.08,6.437,71.4087,0.99664766,7.38E8,2.952E9,0.0187,-0.0128
2015-04-01,宁波精达,sh603088,通用机械,浙江省,37.95,36.72,36.88,37.57,36.9,1813397,6.7913345E7,0.0907,6.5539,72.7053,0.99664766,7.514E8,3.0056E9,0.0333,0.0187
2015-04-02,宁波精达,sh603088,通用机械,浙江省,38.23,37.59,37.59,38.06,37.57,2111493,8.0057903E7,0.1056,6.6394,73.6536,0.99664766,7.612E8,3.0448E9,0.017,0.0125
2015-04-03,宁波精达,sh603088,通用机械,浙江省,40.48,37.9,38.09,40.33,38.06,4180876,1.64566256E8,0.209,7.0354,78.0465,0.99664766,8.066E8,3.2264E9,0.0677,0.0588
2015-04-07,宁波精达,sh603088,通用机械,浙江省,42.51,40.5,40.5,41.48,40.33,3160141,1.31502E8,0.158,7.236,80.2719,0.99664766,8.296E8,3.3184E9,0.0498,0.0241
2015-04-08,宁波精达,sh603088,通用机械,浙江省,41.59,39.38,41.3,40.57,41.48,2927314,1.18336838E8,0.1464,7.0772,78.5109,0.99664766,8.114E8,3.2456E9,0.0532,-0.0176
2015-04-09,宁波精达,sh603088,通用机械,浙江省,39.48,37.0,38.94,38.36,40.57,3515466,1.34301496E8,0.1758,6.6917,74.2341,0.99664766,7.672E8,3.0688E9,0.0611,-0.0148
2015-04-10,宁波精达,sh603088,通用机械,浙江省,39.97,37.81,37.81,39.9,38.36,2598972,1.01749885E8,0.1299,6.9604,77.2143,0.99664766,7.98E8,3.192E9,0.0563,0.0552
2015-04-13,宁波精达,sh603088,通用机械,浙江省,43.89,40.1,40.1,43.89,39.9,6548537,2.8231798E8,0.3274,7.6564,84.9358,0.99664766,8.778E8,3.5112E9,0.0949,0.0945
2015-04-14,宁波精达,sh603088,通用机械,浙江省,48.28,43.44,44.0,45.04,43.89,7284440,3.28758794E8,0.3642,7.857,87.1612,0.99664766,9.008E8,3.6032E9,0.1102,0.0236
2015-04-15,宁波精达,sh603088,通用机械,浙江省,44.55,40.67,44.14,40.99,45.04,3428928,1.44644643E8,0.1714,7.1505,79.3237,0.99664766,8.198E8,3.2792E9,0.0861,-0.0713
2015-04-16,宁波精达,sh603088,通用机械,浙江省,42.6,39.01,40.0,42.38,40.99,2455363,1.01539958E8,0.1228,7.393,82.0136,0.99664766,8.476E8,3.3904E9,0.0875,0.0595
2015-04-17,宁波精达,sh603088,通用机械,浙江省,45.49,42.58,42.61,44.45,42.38,4040197,1.77892425E8,0.202,7.7541,86.0195,0.99664766,8.89E8,3.556E9,0.0686,0.0431
2015-04-20,宁波精达,sh603088,通用机械,浙江省,45.37,42.09,44.4,42.39,44.45,4401499,1.93696065E8,0.2201,7.3947,82.033,0.99664766,8.478E8,3.3912E9,0.0737,-0.0452
2015-04-21,宁波精达,sh603088,通用机械,浙江省,44.25,41.01,42.42,44.18,42.39,2277776,9.7985389E7,0.1139,7.707,85.497,0.99664766,8.836E8,3.5344E9,0.0764,0.0414
2015-04-22,宁波精达,sh603088,通用机械,浙江省,46.55,44.25,45.0,44.3,44.18,3071021,1.38586494E8,0.1536,7.7279,85.7292,0.99664766,8.86E8,3.544E9,0.052,-0.0155
2015-04-23,宁波精达,sh603088,通用机械,浙江省,45.39,43.35,44.0,45.29,44.3,3608300,1.59909176E8,0.1804,7.9006,87.645,0.99664766,9.058E8,3.6232E9,0.046,0.0293
2015-04-24,宁波精达,sh603088,通用机械,浙江省,47.47,44.28,45.0,46.96,45.29,4562766,2.10089881E8,0.2281,8.1919,90.8768,0.99664766,9.392E8,3.7568E9,0.0704,0.0435
2015-04-27,宁波精达,sh603088,通用机械,浙江省,47.6,45.75,47.0,46.05,46.96,2959666,1.3706522E8,0.148,8.0332,89.1158,0.99664766,9.21E8,3.684E9,0.0393,-0.0202
2015-04-28,宁波精达,sh603088,通用机械,浙江省,46.78,42.85,46.1,42.95,46.05,2490777,1.09764027E8,0.1245,7.4924,83.1167,0.99664766,8.59E8,3.436E9,0.0853,-0.0683
2015-04-29,宁波精达,sh603088,通用机械,浙江省,44.39,42.98,43.4,44.18,42.95,1292058,5.6639949E7,0.0646,7.707,85.497,0.99664766,8.836E8,3.5344E9,0.0328,0.0179
2015-04-30,宁波精达,sh603088,通用机械,浙江省,46.5,43.7,43.7,44.39,44.18,1532273,6.9155543E7,0.0766,7.7436,85.9033,0.99664766,8.878E8,3.5512E9,0.0633,0.0157
2015-05-04,宁波精达,sh603088,通用机械,浙江省,44.98,43.5,44.52,44.49,44.39,1430391,6.2945856E7,0.0715,7.7611,86.0969,0.99664766,8.898E8,3.5592E9,0.0333,-6.0E-4
2015-05-05,宁波精达,sh603088,通用机械,浙江省,44.42,42.08,44.42,42.12,44.49,1231701,5.3415586E7,0.0616,7.3476,81.5105,0.99664766,8.424E8,3.3696E9,0.0525,-0.0517
2015-05-06,宁波精达,sh603088,通用机械,浙江省,42.99,40.22,42.1,40.39,42.12,1276900,5.3344131E7,0.0638,7.0458,78.1626,0.99664766,8.078E8,3.2312E9,0.0657,-0.0406
2015-05-07,宁波精达,sh603088,通用机械,浙江省,41.0,39.0,40.45,39.01,40.39,925040,3.6726167E7,0.0463,6.8051,75.492,0.99664766,7.802E8,3.1208E9,0.0495,-0.0355
2015-05-08,宁波精达,sh603088,通用机械,浙江省,40.5,39.4,39.4,40.48,39.01,1061542,4.2307344E7,0.0531,7.0615,78.3367,0.99664766,8.096E8,3.2384E9,0.0281,0.0274
2015-05-11,宁波精达,sh603088,通用机械,浙江省,42.96,40.52,40.52,42.81,40.48,1496536,6.264648E7,0.0748,7.468,82.8457,0.99664766,8.562E8,3.4248E9,0.0602,0.0565
2015-05-12,宁波精达,sh603088,通用机械,浙江省,45.6,42.38,42.68,45.39,42.81,3287162,1.45136787E8,0.1644,7.9181,87.8385,0.99664766,9.078E8,3.6312E9,0.0752,0.0634
2015-05-13,宁波精达,sh603088,通用机械,浙江省,45.54,44.29,44.88,45.05,45.39,2027495,9.1336723E7,0.1014,7.8588,87.1806,0.99664766,9.01E8,3.604E9,0.0275,0.0037
2015-05-14,宁波精达,sh603088,通用机械,浙江省,48.5,44.88,45.07,48.48,45.05,4887635,2.29716631E8,0.2444,8.4571,93.8183,0.99664766,9.696E8,3.8784E9,0.0803,0.0756
2015-05-15,宁波精达,sh603088,通用机械,浙江省,52.0,47.0,49.0,50.87,48.48,5709608,2.83028163E8,0.2855,8.874,98.4434,0.99664766,1.0174E9,4.0696E9,0.1031,0.0381
2015-05-18,宁波精达,sh603088,通用机械,浙江省,55.3,50.0,50.0,54.45,50.87,5574529,2.97499588E8,0.2787,9.4985,105.3714,0.99664766,1.089E9,4.356E9,0.1041,0.089
2015-05-19,宁波精达,sh603088,通用机械,浙江省,54.45,50.5,54.38,52.42,54.45,3999559,2.08682863E8,0.2,9.1444,101.443,0.99664766,1.0484E9,4.1936E9,0.0725,-0.036
2015-05-20,宁波精达,sh603088,通用机械,浙江省,57.66,52.0,52.0,55.77,52.42,4260391,2.36860868E8,0.213,9.7288,107.9259,0.99664766,1.1154E9,4.4616E9,0.1079,0.0725
2015-05-21,宁波精达,sh603088,通用机械,浙江省,61.35,55.0,55.0,61.35,55.77,4988697,2.97628214E8,0.2494,10.7022,118.7243,0.99664766,1.227E9,4.908E9,0.1138,0.1154
2015-05-22,宁波精达,sh603088,通用机械,浙江省,65.0,58.66,65.0,59.66,61.35,3584883,2.17191477E8,0.1792,10.4074,115.4538,0.99664766,1.1932E9,4.7728E9,0.1033,-0.0821
2015-05-25,宁波精达,sh603088,通用机械,浙江省,62.96,56.51,58.02,60.98,59.46,2512469,1.51271227E8,0.1256,10.6377,118.0083,1.0,1.2196E9,4.8784E9,0.1084,0.051
2015-05-26,宁波精达,sh603088,通用机械,浙江省,66.99,59.78,60.8,64.41,60.98,4185743,2.66132229E8,0.2093,11.236,124.646,1.0,1.2882E9,5.1528E9,0.1182,0.0593
2015-05-27,宁波精达,sh603088,通用机械,浙江省,70.85,62.0,64.99,70.85,64.41,5269294,3.53963261E8,0.2635,12.3594,137.1086,1.0,1.417E9,5.668E9,0.1374,0.0901
2015-05-28,宁波精达,sh603088,通用机械,浙江省,76.88,64.0,72.0,65.52,70.85,6270806,4.55529019E8,0.3135,11.4296,126.794,1.0,1.3104E9,5.2416E9,0.1817,-0.09
2015-05-29,宁波精达,sh603088,通用机械,浙江省,66.79,58.97,62.0,61.66,65.52,4020259,2.49775057E8,0.201,10.7563,119.3242,1.0,1.2332E9,4.9328E9,0.1193,-0.0054
2015-06-01,宁波精达,sh603088,通用机械,浙江省,63.0,58.37,61.5,62.87,61.66,3201733,1.92763013E8,0.1601,10.9674,121.6658,1.0,1.2574E9,5.0296E9,0.075,0.0222
2015-06-02,宁波精达,sh603088,通用机械,浙江省,62.38,59.6,62.38,61.06,62.87,3119731,1.89909264E8,0.156,10.6516,118.1631,1.0,1.2212E9,4.8848E9,0.0442,-0.0211
2015-06-03,宁波精达,sh603088,通用机械,浙江省,65.5,60.0,60.9,62.97,61.06,3474606,2.20343488E8,0.1737,10.9848,121.8593,1.0,1.2594E9,5.0376E9,0.09,0.0339
2015-06-04,宁波精达,sh603088,通用机械,浙江省,62.98,56.67,62.94,58.63,62.97,2731309,1.59880729E8,0.1366,10.2277,113.4605,1.0,1.1726E9,4.6904E9,0.1002,-0.0684
2015-06-05,宁波精达,sh603088,通用机械,浙江省,64.49,61.01,61.01,64.49,58.63,3914825,2.50046068E8,0.1957,11.25,124.8008,1.0,1.2898E9,5.1592E9,0.0593,0.057
2015-06-08,宁波精达,sh603088,通用机械,浙江省,70.94,64.0,64.0,70.94,64.49,5516725,3.83580513E8,0.2758,12.3751,137.2828,1.0,1.4188E9,5.6752E9,0.1076,0.1084
2015-06-09,宁波精达,sh603088,通用机械,浙江省,74.99,68.88,72.0,69.53,70.94,3057475,2.18252479E8,0.1529,12.1292,134.5542,1.0,1.3906E9,5.5624E9,0.0861,-0.0343
2015-06-10,宁波精达,sh603088,通用机械,浙江省,72.0,67.02,67.53,68.92,69.53,2396511,1.68257514E8,0.1198,12.0228,133.3737,1.0,1.3784E9,5.5136E9,0.0716,0.0205
2015-06-11,宁波精达,sh603088,通用机械,浙江省,73.48,67.5,68.91,70.78,68.92,2008962,1.41591756E8,0.1004,12.3472,136.9732,1.0,1.4156E9,5.6624E9,0.0867,0.0271
2015-06-12,宁波精达,sh603088,通用机械,浙江省,71.75,68.97,70.3,69.19,70.78,1401696,9.8211193E7,0.0701,12.0699,133.8962,1.0,1.3838E9,5.5352E9,0.0392,-0.0157
2015-06-15,宁波精达,sh603088,通用机械,浙江省,70.8,63.0,68.1,68.13,69.19,2453298,1.64462992E8,0.1227,11.8849,131.8449,1.0,1.3626E9,5.4504E9,0.1127,4.0E-4
2015-06-16,宁波精达,sh603088,通用机械,浙江省,68.05,62.88,65.5,63.02,68.13,1373949,9.0417438E7,0.0687,10.9935,121.9561,1.0,1.2604E9,5.0416E9,0.0758,-0.0378
2015-06-17,宁波精达,sh603088,通用机械,浙江省,63.84,58.8,62.01,63.33,63.02,1475122,9.0468648E7,0.0738,11.0476,122.556,1.0,1.2666E9,5.0664E9,0.0799,0.0212
2015-06-18,宁波精达,sh603088,通用机械,浙江省,63.92,57.0,63.92,57.0,63.33,1583761,9.4943847E7,0.0792,9.9434,110.3062,1.0,1.14E9,4.56E9,0.1092,-0.1082
2015-06-19,宁波精达,sh603088,通用机械,浙江省,57.01,51.5,55.0,55.1,57.0,2026007,1.089106E8,0.1013,9.6119,106.6293,1.0,1.102E9,4.408E9,0.0966,0.0018
2015-06-23,宁波精达,sh603088,通用机械,浙江省,55.0,50.0,54.0,54.8,55.1,1297658,6.9172828E7,0.0649,9.5596,106.0487,1.0,1.096E9,4.384E9,0.0907,0.0148
2015-06-24,宁波精达,sh603088,通用机械,浙江省,56.47,53.0,55.38,55.09,54.8,1394669,7.6479485E7,0.0697,9.6102,106.6099,1.0,1.1018E9,4.4072E9,0.0633,-0.0052
2015-06-25,宁波精达,sh603088,通用机械,浙江省,55.48,51.2,54.1,51.36,55.09,986260,5.2761805E7,0.0493,8.9595,99.3917,1.0,1.0272E9,4.1088E9,0.0776,-0.0506
2015-06-26,宁波精达,sh603088,通用机械,浙江省,50.0,46.22,50.0,46.22,51.36,1031166,4.8544861E7,0.0516,8.0629,89.4448,1.0,9.244E8,3.6976E9,0.0735,-0.0756
2015-06-29,宁波精达,sh603088,通用机械,浙江省,46.8,41.6,46.22,41.65,46.22,1962729,8.3107977E7,0.0981,7.2656,80.6009,1.0,8.33E8,3.332E9,0.1125,-0.0988
2015-06-30,宁波精达,sh603088,通用机械,浙江省,44.59,37.49,40.3,44.11,41.65,2217851,8.8272155E7,0.1109,7.8448,108.9869,1.0,8.822E8,3.5288E9,0.1704,0.0945
2015-07-01,宁波精达,sh603088,通用机械,浙江省,46.29,41.0,42.25,41.95,44.11,2372351,1.05592538E8,0.1186,7.4606,103.6499,1.0,8.39E8,3.356E9,0.1199,-0.0071
2015-07-02,宁波精达,sh603088,通用机械,浙江省,44.0,37.76,40.98,42.85,41.95,2556125,1.04129441E8,0.1278,7.6207,105.8737,1.0,8.57E8,3.428E9,0.1487,0.0456
2015-07-03,宁波精达,sh603088,通用机械,浙江省,44.39,38.57,40.79,38.57,42.85,2183054,8.7869006E7,0.1092,6.8595,95.2986,1.0,7.714E8,3.0856E9,0.1358,-0.0544
2015-07-06,宁波精达,sh603088,通用机械,浙江省,42.38,34.71,42.38,34.71,38.57,2494469,9.2702183E7,0.1247,6.173,85.7614,1.0,6.942E8,2.7768E9,0.1988,-0.1809
2015-07-07,宁波精达,sh603088,通用机械,浙江省,32.1,31.24,32.1,31.24,34.71,389600,1.2227731E7,0.0195,5.5559,77.1877,1.0,6.248E8,2.4992E9,0.0247,-0.0267
2015-07-08,宁波精达,sh603088,通用机械,浙江省,28.12,28.12,28.12,28.12,31.24,56800,1597216.0,0.0028,5.001,69.4788,1.0,5.624E8,2.2496E9,0.0,0.0
2015-07-09,宁波精达,sh603088,通用机械,浙江省,30.93,25.31,25.31,30.93,28.12,5351317,1.50645901E8,0.2676,5.5008,76.4218,1.0,6.186E8,2.4744E9,0.1998,0.222
2015-07-10,宁波精达,sh603088,通用机械,浙江省,34.02,30.0,31.5,34.02,30.93,6291739,2.08503183E8,0.3146,6.0503,84.0565,1.0,6.804E8,2.7216E9,0.1299,0.08
2015-07-13,宁波精达,sh603088,通用机械,浙江省,37.42,34.8,34.95,37.42,34.02,4668142,1.6806164E8,0.2334,6.655,92.4572,1.0,7.484E8,2.9936E9,0.077,0.0706
2015-07-14,宁波精达,sh603088,通用机械,浙江省,40.99,35.7,37.0,38.72,37.42,5714461,2.1981765E8,0.2857,6.8862,95.6693,1.0,7.744E8,3.0976E9,0.1413,0.0464
2015-07-15,宁波精达,sh603088,通用机械,浙江省,37.9,34.85,37.18,34.85,38.72,2267879,8.1221066E7,0.1134,6.1979,86.1073,1.0,6.97E8,2.788E9,0.0787,-0.0626
2015-07-16,宁波精达,sh603088,通用机械,浙江省,35.94,31.37,31.45,34.72,34.85,2905455,9.8641243E7,0.1453,6.1748,85.7861,1.0,6.944E8,2.7776E9,0.1311,0.1039
2015-07-17,宁波精达,sh603088,通用机械,浙江省,37.7,34.02,34.2,36.87,34.72,2071624,7.5148376E7,0.1036,6.5572,91.0983,1.0,7.374E8,2.9496E9,0.1059,0.078
2015-07-20,宁波精达,sh603088,通用机械,浙江省,38.56,35.75,36.86,36.95,36.87,2521626,9.333028E7,0.1261,6.5714,91.296,1.0,7.39E8,2.956E9,0.0762,0.0024
2015-07-21,宁波精达,sh603088,通用机械,浙江省,38.49,35.25,36.37,37.92,36.95,2170732,8.1555044E7,0.1085,6.7439,93.6926,1.0,7.584E8,3.0336E9,0.0876,0.0426
2015-07-22,宁波精达,sh603088,通用机械,浙江省,38.8,36.7,37.6,37.97,37.92,2006325,7.6006823E7,0.1003,6.7528,93.8162,1.0,7.594E8,3.0376E9,0.0553,0.0098
2015-07-23,宁波精达,sh603088,通用机械,浙江省,41.77,37.96,37.96,41.38,37.97,3100282,1.24135401E8,0.155,7.3593,102.2416,1.0,8.276E8,3.3104E9,0.1003,0.09
2015-07-24,宁波精达,sh603088,通用机械,浙江省,42.96,39.68,41.35,40.15,41.38,3220037,1.3420249E8,0.161,7.1405,99.2025,1.0,8.03E8,3.212E9,0.0792,-0.029
2015-07-27,宁波精达,sh603088,通用机械,浙江省,44.12,36.14,39.5,36.14,40.15,2806558,1.12351321E8,0.1403,6.4274,89.2946,1.0,7.228E8,2.8912E9,0.1987,-0.085
2015-07-28,宁波精达,sh603088,通用机械,浙江省,38.68,32.61,33.5,36.98,36.14,2669701,9.5600612E7,0.1335,6.5767,91.3701,1.0,7.396E8,2.9584E9,0.1679,0.1038
2015-07-29,宁波精达,sh603088,通用机械,浙江省,40.68,36.05,37.98,40.68,36.98,5565222,2.17530275E8,0.2783,7.2348,100.512,1.0,8.136E8,3.2544E9,0.1252,0.071
2015-07-30,宁波精达,sh603088,通用机械,浙江省,43.75,38.65,40.2,41.8,40.68,7934285,3.32759449E8,0.3967,7.434,103.2793,1.0,8.36E8,3.344E9,0.1253,0.0398
2015-07-31,宁波精达,sh603088,通用机械,浙江省,41.5,38.67,40.0,39.62,41.8,3778311,1.50639751E8,0.1889,7.0463,97.893,1.0,7.924E8,3.1696E9,0.0677,-0.0095
2015-08-03,宁波精达,sh603088,通用机械,浙江省,39.63,35.66,39.63,35.71,39.62,3015701,1.11823138E8,0.1508,6.3509,88.2322,1.0,7.142E8,2.8568E9,0.1002,-0.0989
2015-08-04,宁波精达,sh603088,通用机械,浙江省,38.7,35.62,35.62,38.44,35.71,2544056,9.4385866E7,0.1272,6.8364,94.9774,1.0,7.688E8,3.0752E9,0.0862,0.0791
2015-08-05,宁波精达,sh603088,通用机械,浙江省,40.0,37.77,38.3,39.07,38.44,3150009,1.23038846E8,0.1575,6.9484,96.534,1.0,7.814E8,3.1256E9,0.058,0.0201
2015-08-06,宁波精达,sh603088,通用机械,浙江省,39.37,37.4,37.6,38.53,39.07,1854477,7.1464066E7,0.0927,6.8524,95.1998,1.0,7.706E8,3.0824E9,0.0504,0.0247
2015-08-07,宁波精达,sh603088,通用机械,浙江省,40.45,38.6,38.7,40.14,38.53,2907723,1.1551151E8,0.1454,7.1387,99.1778,1.0,8.028E8,3.2112E9,0.048,0.0372
2015-08-10,宁波精达,sh603088,通用机械,浙江省,43.5,40.12,40.85,42.51,40.14,4191003,1.74398221E8,0.2096,7.5602,105.0336,1.0,8.502E8,3.4008E9,0.0842,0.0406
2015-08-11,宁波精达,sh603088,通用机械,浙江省,43.36,41.71,42.8,42.76,42.51,3324481,1.41971243E8,0.1662,7.6047,105.6513,1.0,8.552E8,3.4208E9,0.0388,-9.0E-4
2015-08-12,宁波精达,sh603088,通用机械,浙江省,42.7,41.5,42.27,42.26,42.76,2737672,1.14972547E8,0.1369,7.5158,104.4159,1.0,8.452E8,3.3808E9,0.028,-2.0E-4
2015-08-13,宁波精达,sh603088,通用机械,浙江省,46.49,41.65,41.65,46.49,42.26,6481896,2.98102886E8,0.3241,8.2681,114.8674,1.0,9.298E8,3.7192E9,0.1145,0.1162
2015-08-14,宁波精达,sh603088,通用机械,浙江省,50.98,47.13,48.77,50.66,46.49,7574532,3.69845879E8,0.3787,9.0097,125.1706,1.0,1.0132E9,4.0528E9,0.0828,0.0387
2015-08-17,宁波精达,sh603088,通用机械,浙江省,49.98,47.02,49.0,48.09,50.66,3734294,1.81572655E8,0.1867,8.5526,118.8206,1.0,9.618E8,3.8472E9,0.0584,-0.0185
2015-08-18,宁波精达,sh603088,通用机械,浙江省,50.1,43.28,48.5,43.28,48.09,3820071,1.78739974E8,0.191,7.6972,106.9361,1.0,8.656E8,3.4624E9,0.1418,-0.1076
2015-08-19,宁波精达,sh603088,通用机械,浙江省,44.3,38.96,40.8,43.83,43.28,2714966,1.12880198E8,0.1357,7.795,108.295,1.0,8.766E8,3.5064E9,0.1233,0.0742
2015-08-20,宁波精达,sh603088,通用机械,浙江省,44.28,40.57,42.98,40.82,43.83,1573737,6.6930524E7,0.0787,7.2597,100.8579,1.0,8.164E8,3.2656E9,0.0846,-0.0502
2015-08-21,宁波精达,sh603088,通用机械,浙江省,41.3,36.88,40.22,37.21,40.82,2095401,8.0599406E7,0.1048,6.6177,91.9384,1.0,7.442E8,2.9768E9,0.1082,-0.0748
2015-08-24,宁波精达,sh603088,通用机械,浙江省,35.78,33.49,35.74,33.49,37.21,1282900,4.3331334E7,0.0641,5.9561,82.747,1.0,6.698E8,2.6792E9,0.0615,-0.0629
2015-08-25,宁波精达,sh603088,通用机械,浙江省,31.47,30.14,30.14,30.14,33.49,1632776,4.9521916E7,0.0816,5.3603,74.4698,1.0,6.028E8,2.4112E9,0.0397,0.0
2015-08-26,宁波精达,sh603088,通用机械,浙江省,32.85,28.0,30.8,30.92,30.14,3381431,1.06584811E8,0.1691,5.499,76.397,1.0,6.184E8,2.4736E9,0.1609,0.0038
2015-08-27,宁波精达,sh603088,通用机械,浙江省,34.01,31.01,31.01,34.01,30.92,4039754,1.36484968E8,0.202,6.0485,84.0318,1.0,6.802E8,2.7208E9,0.097,0.0967
2015-08-28,宁波精达,sh603088,通用机械,浙江省,37.41,34.6,35.23,37.41,34.01,3995507,1.46183995E8,0.1998,6.6532,92.4325,1.0,7.482E8,2.9928E9,0.0826,0.0618
2015-08-31,宁波精达,sh603088,通用机械,浙江省,41.1,36.4,37.61,38.56,37.41,3588245,1.35861156E8,0.1794,6.8577,95.2739,1.0,7.712E8,3.0848E9,0.1256,0.0252
2015-09-01,宁波精达,sh603088,通用机械,浙江省,39.73,35.87,37.53,37.4,38.56,2625007,9.8369354E7,0.1313,6.6514,92.4078,1.0,7.48E8,2.992E9,0.1001,-0.0034
2015-09-02,宁波精达,sh603088,通用机械,浙江省,38.15,33.76,33.85,36.84,37.4,1803009,6.5557921E7,0.0902,6.5518,91.0242,1.0,7.368E8,2.9472E9,0.1173,0.0883
2015-09-07,宁波精达,sh603088,通用机械,浙江省,38.05,35.7,37.55,37.01,36.84,2194026,8.1321461E7,0.1097,6.5821,91.4442,1.0,7.402E8,2.9608E9,0.0637,-0.0143
2015-09-08,宁波精达,sh603088,通用机械,浙江省,37.64,34.2,36.8,37.16,37.01,1768151,6.3964348E7,0.0884,6.6088,91.8148,1.0,7.432E8,2.9728E9,0.0929,0.0097
2015-09-09,宁波精达,sh603088,通用机械,浙江省,39.1,36.74,37.2,37.89,37.16,3234209,1.22223996E8,0.1617,6.7386,93.6185,1.0,7.578E8,3.0312E9,0.0635,0.0185
2015-09-10,宁波精达,sh603088,通用机械,浙江省,37.28,35.51,36.5,35.64,37.89,1484359,5.4249897E7,0.0742,6.3384,88.0592,1.0,7.128E8,2.8512E9,0.0467,-0.0235
2015-09-11,宁波精达,sh603088,通用机械,浙江省,36.54,35.01,35.3,35.8,35.64,1189431,4.2307844E7,0.0595,6.3669,88.4545,1.0,7.16E8,2.864E9,0.0429,0.0141
2015-09-14,宁波精达,sh603088,通用机械,浙江省,36.36,32.22,36.35,32.22,35.8,2049125,6.8343893E7,0.1025,5.7302,79.6091,1.0,6.444E8,2.5776E9,0.1156,-0.1136
2015-09-15,宁波精达,sh603088,通用机械,浙江省,32.21,29.0,30.28,30.18,32.22,1419227,4.3088684E7,0.071,5.3674,74.5687,1.0,6.036E8,2.4144E9,0.0996,-0.0033
2015-09-16,宁波精达,sh603088,通用机械,浙江省,33.2,30.01,30.18,33.2,30.18,1641921,5.1360815E7,0.0821,5.9045,82.0305,1.0,6.64E8,2.656E9,0.1056,0.1
2015-09-17,宁波精达,sh603088,通用机械,浙江省,34.33,32.2,33.0,33.07,33.2,1834505,6.0988295E7,0.0917,5.8814,81.7093,1.0,6.614E8,2.6456E9,0.0641,0.0021
2015-09-18,宁波精达,sh603088,通用机械,浙江省,33.53,31.67,33.07,33.04,33.07,956967,3.1437034E7,0.0478,5.876,81.6351,1.0,6.608E8,2.6432E9,0.0562,-9.0E-4
2015-09-21,宁波精达,sh603088,通用机械,浙江省,34.49,32.01,32.94,34.25,33.04,900830,3.034439E7,0.045,6.0912,84.6248,1.0,6.85E8,2.74E9,0.075,0.0397
2015-09-22,宁波精达,sh603088,通用机械,浙江省,34.99,33.85,34.96,34.43,34.25,948200,3.2707278E7,0.0474,6.1232,85.0695,1.0,6.886E8,2.7544E9,0.0332,-0.0151
2015-09-23,宁波精达,sh603088,通用机械,浙江省,34.68,33.37,34.0,34.35,34.43,728681,2.4965697E7,0.0364,6.109,84.8719,1.0,6.87E8,2.748E9,0.038,0.0102
2015-09-24,宁波精达,sh603088,通用机械,浙江省,37.06,34.38,34.38,36.84,34.35,2010924,7.2005648E7,0.1005,6.5518,91.0242,1.0,7.368E8,2.9472E9,0.078,0.0715
2015-09-25,宁波精达,sh603088,通用机械,浙江省,39.69,35.67,36.84,39.44,36.84,3706488,1.40142765E8,0.1853,7.0142,97.4482,1.0,7.888E8,3.1552E9,0.1091,0.0705
2015-09-28,宁波精达,sh603088,通用机械,浙江省,39.75,37.11,39.44,38.43,39.44,3118943,1.20610811E8,0.1559,6.8346,94.9527,1.0,7.686E8,3.0744E9,0.0669,-0.0256
2015-09-29,宁波精达,sh603088,通用机械,浙江省,37.45,35.63,37.45,35.99,38.43,1849888,6.7066408E7,0.0925,6.4007,88.924,1.0,7.198E8,2.8792E9,0.0473,-0.0389
2015-09-30,宁波精达,sh603088,通用机械,浙江省,36.5,34.23,35.83,35.15,35.99,1058964,3.7387358E7,0.0529,6.1827,86.0717,1.0,7.03E8,2.812E9,0.063,-0.0189
2015-10-08,宁波精达,sh603088,通用机械,浙江省,37.28,35.21,36.6,36.76,35.15,1469060,5.3725104E7,0.0735,6.4659,90.0142,1.0,7.352E8,2.9408E9,0.0588,0.0043
2015-10-09,宁波精达,sh603088,通用机械,浙江省,37.85,36.3,36.64,37.41,36.76,1483319,5.5097097E7,0.0742,6.5803,91.6058,1.0,7.482E8,2.9928E9,0.0421,0.021
2015-10-12,宁波精达,sh603088,通用机械,浙江省,41.15,37.31,37.37,41.1,37.41,3361979,1.34258521E8,0.1681,7.2293,100.6415,1.0,8.22E8,3.288E9,0.1026,0.0998
2015-10-13,宁波精达,sh603088,通用机械,浙江省,44.1,41.0,41.26,42.8,41.1,3248034,1.39594784E8,0.1624,7.5283,104.8043,1.0,8.56E8,3.424E9,0.0754,0.0373
2015-10-14,宁波精达,sh603088,通用机械,浙江省,42.96,41.73,42.2,42.15,42.8,1580614,6.6666659E7,0.079,7.414,103.2126,1.0,8.43E8,3.372E9,0.0287,-0.0011
2015-10-15,宁波精达,sh603088,通用机械,浙江省,44.6,41.91,42.18,43.95,42.15,1280426,5.5839999E7,0.064,7.7306,107.6203,1.0,8.79E8,3.516E9,0.0638,0.0419
2015-10-16,宁波精达,sh603088,通用机械,浙江省,44.89,43.06,44.0,44.13,43.95,1486522,6.5444636E7,0.0743,7.7623,108.0611,1.0,8.826E8,3.5304E9,0.0416,0.0029
2015-10-19,宁波精达,sh603088,通用机械,浙江省,48.49,44.15,44.6,48.45,44.13,3268284,1.53678E8,0.1634,8.5221,118.6394,1.0,9.69E8,3.876E9,0.0983,0.0863
2015-10-20,宁波精达,sh603088,通用机械,浙江省,53.3,47.8,47.8,53.3,48.45,2618237,1.33874415E8,0.1309,9.3752,130.5156,1.0,1.066E9,4.264E9,0.1135,0.115
2015-10-21,宁波精达,sh603088,通用机械,浙江省,53.8,50.0,53.8,50.39,53.3,1715749,8.8943123E7,0.0858,8.8634,123.3899,1.0,1.0078E9,4.0312E9,0.0712,-0.0633
2015-10-22,宁波精达,sh603088,通用机械,浙江省,55.43,50.08,50.3,55.43,50.39,2191856,1.19955301E8,0.1096,9.7499,135.7313,1.0,1.1086E9,4.4344E9,0.1061,0.1019
2015-10-23,宁波精达,sh603088,通用机械,浙江省,60.97,58.0,58.27,60.97,55.43,1654930,9.9078419E7,0.0827,10.7244,149.2971,1.0,1.2194E9,4.8776E9,0.0535,0.0463
2015-10-26,宁波精达,sh603088,通用机械,浙江省,67.07,54.87,65.95,66.9,60.97,3249180,2.09417852E8,0.1625,11.7674,163.8179,1.0,1.338E9,5.352E9,0.2,0.0144
2015-10-27,宁波精达,sh603088,通用机械,浙江省,67.7,61.0,66.9,65.94,66.9,1480047,9.4064051E7,0.074,11.5986,161.4672,1.0,1.3188E9,5.2752E9,0.1001,-0.0143
2015-10-28,宁波精达,sh603088,通用机械,浙江省,67.0,63.28,63.45,65.23,65.94,797510,5.1495622E7,0.0399,11.4737,159.7286,1.0,1.3046E9,5.2184E9,0.0564,0.028
2015-10-29,宁波精达,sh603088,通用机械,浙江省,65.1,62.41,65.0,64.25,65.23,715089,4.5802024E7,0.0358,11.3013,157.3289,1.0,1.285E9,5.14E9,0.0412,-0.0115
2015-10-30,宁波精达,sh603088,通用机械,浙江省,67.01,61.37,62.51,64.68,64.25,811835,5.2163284E7,0.0406,11.3769,158.3818,1.0,1.2936E9,5.1744E9,0.0877,0.0347
2015-11-02,宁波精达,sh603088,通用机械,浙江省,63.0,58.21,63.0,59.86,64.68,1784248,1.07074032E8,0.0892,10.5291,146.5791,1.0,1.1972E9,4.7888E9,0.074,-0.0498
2015-11-03,宁波精达,sh603088,通用机械,浙江省,61.24,57.52,59.4,59.85,59.86,969430,5.7058749E7,0.0485,10.5274,146.5546,1.0,1.197E9,4.788E9,0.0621,0.0075
2015-11-04,宁波精达,sh603088,通用机械,浙江省,63.5,58.4,60.99,60.9,59.85,6379317,3.81103683E8,0.319,10.7121,149.1257,1.0,1.218E9,4.872E9,0.0852,-0.0014
2015-11-05,宁波精达,sh603088,通用机械,浙江省,60.2,54.81,60.0,54.81,60.9,7460841,4.23171546E8,0.373,9.6408,134.2132,1.0,1.0962E9,4.3848E9,0.0885,-0.0864
2015-11-06,宁波精达,sh603088,通用机械,浙江省,56.0,52.51,53.0,55.55,54.81,4600637,2.48693287E8,0.23,9.771,136.0252,1.0,1.111E9,4.444E9,0.0636,0.0481
2015-11-09,宁波精达,sh603088,通用机械,浙江省,57.9,54.0,54.6,56.43,55.55,4380003,2.48130158E8,0.219,9.9258,138.18,1.0,1.1286E9,4.5144E9,0.0702,0.0335
2015-11-10,宁波精达,sh603088,通用机械,浙江省,56.5,54.48,55.4,54.53,56.43,2859490,1.57484412E8,0.143,9.5916,133.5275,1.0,1.0906E9,4.3624E9,0.0357,-0.0157
2015-11-11,宁波精达,sh603088,通用机械,浙江省,59.98,54.64,54.72,59.98,54.53,5446445,3.16363365E8,0.2179,10.5502,146.8729,1.0,1.4995E9,4.7984E9,0.0979,0.0961
2015-11-12,宁波精达,sh603088,通用机械,浙江省,63.94,58.7,62.1,61.33,59.98,5101134,3.11326288E8,0.204,10.7877,150.1787,1.0,1.53325E9,4.9064E9,0.0873,-0.0123
2015-11-13,宁波精达,sh603088,通用机械,浙江省,62.2,58.0,60.0,58.92,61.33,2766504,1.66531678E8,0.1107,10.3638,144.2773,1.0,1.473E9,4.7136E9,0.0684,-0.0179
2015-11-16,宁波精达,sh603088,通用机械,浙江省,57.68,54.7,56.1,56.76,58.92,2552367,1.43451343E8,0.1021,9.9838,138.9881,1.0,1.419E9,4.5408E9,0.0505,0.0117
2015-11-17,宁波精达,sh603088,通用机械,浙江省,62.44,57.08,57.08,61.11,56.76,5123559,3.10473976E8,0.2049,10.749,149.64,1.0,1.52775E9,4.8888E9,0.0944,0.0706
2015-11-18,宁波精达,sh603088,通用机械,浙江省,62.9,58.51,60.54,60.95,61.11,2630914,1.58662512E8,0.1052,10.7208,149.2482,1.0,1.52375E9,4.876E9,0.0718,0.0067
2015-11-19,宁波精达,sh603088,通用机械,浙江省,64.6,60.02,60.02,62.53,60.95,2837465,1.77582695E8,0.1135,10.9988,153.1171,1.0,1.56325E9,5.0024E9,0.0751,0.0418
2015-11-20,宁波精达,sh603088,通用机械,浙江省,67.0,61.17,62.42,66.35,62.53,2468635,1.6027309E8,0.0987,11.6707,162.4711,1.0,1.65875E9,5.308E9,0.0932,0.0629
2015-11-23,宁波精达,sh603088,通用机械,浙江省,66.2,60.8,66.17,61.05,66.35,2635458,1.67410745E8,0.1054,10.7384,149.493,1.0,1.52625E9,4.884E9,0.0813,-0.0773
2015-11-24,宁波精达,sh603088,通用机械,浙江省,62.74,58.0,59.9,61.84,61.05,1613180,9.653205E7,0.0645,10.8774,151.4275,1.0,1.546E9,4.9472E9,0.0776,0.0323
2015-11-25,宁波精达,sh603088,通用机械,浙江省,62.98,60.05,60.8,62.02,61.84,1393276,8.564533E7,0.0557,10.9091,151.8683,1.0,1.5505E9,4.9616E9,0.0473,0.02
2015-11-26,宁波精达,sh603088,通用机械,浙江省,63.6,60.09,62.3,60.39,62.02,990728,6.0994041E7,0.0396,10.6223,147.8769,1.0,1.50975E9,4.8312E9,0.0565,-0.0306
2015-11-27,宁波精达,sh603088,通用机械,浙江省,60.7,55.28,60.03,56.28,60.39,1505070,8.799576E7,0.0602,9.8994,137.8127,1.0,1.407E9,4.5024E9,0.0897,-0.0624
2015-11-30,宁波精达,sh603088,通用机械,浙江省,59.0,53.55,57.12,58.05,56.28,1606531,9.1910067E7,0.0643,10.2107,142.1469,1.0,1.45125E9,4.644E9,0.0968,0.0162
2015-12-01,宁波精达,sh603088,通用机械,浙江省,58.45,56.0,57.18,57.36,58.05,836766,4.7961558E7,0.0335,10.0894,140.4573,1.0,1.434E9,4.5888E9,0.0422,0.0031
2015-12-02,宁波精达,sh603088,通用机械,浙江省,58.5,54.44,57.0,55.75,57.36,693245,3.8675861E7,0.0277,9.8062,136.5149,1.0,1.39375E9,4.46E9,0.0707,-0.0219
2015-12-03,宁波精达,sh603088,通用机械,浙江省,58.46,55.0,57.25,57.63,55.75,1101838,6.3164173E7,0.0441,10.1369,141.1185,1.0,1.44075E9,4.6104E9,0.062,0.0066
2015-12-04,宁波精达,sh603088,通用机械,浙江省,60.0,56.01,58.0,56.84,57.63,1007573,5.7299051E7,0.0403,9.9979,139.184,1.0,1.421E9,4.5472E9,0.0692,-0.0199
2015-12-07,宁波精达,sh603088,通用机械,浙江省,57.92,54.94,56.31,55.85,56.84,1430920,8.0000665E7,0.0572,9.8238,136.7598,1.0,1.39625E9,4.468E9,0.0524,-0.0081
2015-12-08,宁波精达,sh603088,通用机械,浙江省,55.55,53.2,55.3,54.42,55.85,904395,4.9164849E7,0.0362,9.5722,133.2582,1.0,1.3605E9,4.3536E9,0.042,-0.0159
2015-12-09,宁波精达,sh603088,通用机械,浙江省,54.18,49.0,54.13,51.99,54.42,2354953,1.20768885E8,0.0942,9.1448,127.3078,1.0,1.29975E9,4.1592E9,0.0951,-0.0395
2015-12-10,宁波精达,sh603088,通用机械,浙江省,51.33,48.47,51.0,49.98,51.99,3249328,1.61504876E8,0.13,8.7913,122.3859,1.0,1.2495E9,3.9984E9,0.055,-0.02
2015-12-11,宁波精达,sh603088,通用机械,浙江省,50.05,48.89,49.45,49.72,49.98,1113179,5.5168749E7,0.0445,8.7455,121.7493,1.0,1.243E9,3.9776E9,0.0232,0.0054
2015-12-14,宁波精达,sh603088,通用机械,浙江省,52.0,49.03,49.72,51.44,49.72,1438086,7.2287494E7,0.0575,9.0481,125.961,1.0,1.286E9,4.1152E9,0.0597,0.0345
2015-12-15,宁波精达,sh603088,通用机械,浙江省,52.97,51.0,51.44,51.64,51.44,1362407,7.0964842E7,0.0545,9.0833,126.4508,1.0,1.291E9,4.1312E9,0.0382,0.0038
2015-12-16,宁波精达,sh603088,通用机械,浙江省,52.4,51.2,51.51,51.41,51.64,859034,4.4410034E7,0.0344,9.0428,125.8876,1.0,1.28525E9,4.1128E9,0.0232,-0.0019
2015-12-17,宁波精达,sh603088,通用机械,浙江省,52.6,51.55,51.68,52.45,51.41,1670108,8.7080646E7,0.0668,9.2257,128.4342,1.0,1.31125E9,4.196E9,0.0204,0.0148
2015-12-18,宁波精达,sh603088,通用机械,浙江省,52.88,51.68,52.36,51.83,52.45,1214968,6.3401048E7,0.0486,9.1167,126.916,1.0,1.29575E9,4.1464E9,0.0228,-0.0101
2015-12-21,宁波精达,sh603088,通用机械,浙江省,51.99,50.0,51.05,51.49,51.83,1412100,7.2467205E7,0.0565,9.0569,126.0835,1.0,1.28725E9,4.1192E9,0.0383,0.0086
2015-12-22,宁波精达,sh603088,通用机械,浙江省,51.97,50.85,51.97,51.51,51.49,979010,5.0062223E7,0.0392,9.0604,126.1325,1.0,1.28775E9,4.1208E9,0.0217,-0.0088
2015-12-23,宁波精达,sh603088,通用机械,浙江省,53.5,51.0,51.42,52.84,51.51,1787490,9.3892264E7,0.0715,9.2943,129.3892,1.0,1.321E9,4.2272E9,0.0485,0.0276
2015-12-24,宁波精达,sh603088,通用机械,浙江省,52.73,51.08,52.12,52.15,52.84,820960,4.2569607E7,0.0328,9.173,127.6996,1.0,1.30375E9,4.172E9,0.0312,5.0E-4
2015-12-25,宁波精达,sh603088,通用机械,浙江省,54.49,52.3,52.66,53.84,52.15,1376979,7.3706811E7,0.0551,9.4702,131.8379,1.0,1.346E9,4.3072E9,0.0419,0.0224
2015-12-28,宁波精达,sh603088,通用机械,浙江省,55.0,51.39,55.0,51.51,53.84,1206138,6.3687338E7,0.0482,9.0604,126.1325,1.0,1.28775E9,4.1208E9,0.067,-0.0634
2015-12-29,宁波精达,sh603088,通用机械,浙江省,51.67,49.5,51.04,50.16,51.51,1536981,7.7022647E7,0.0615,8.8229,122.8267,1.0,1.254E9,4.0128E9,0.0421,-0.0172
2015-12-30,宁波精达,sh603088,通用机械,浙江省,50.5,49.73,50.16,50.18,50.16,1083267,5.4393458E7,0.0433,8.8264,122.8757,1.0,1.2545E9,4.0144E9,0.0153,3.0E-4
2015-12-31,宁波精达,sh603088,通用机械,浙江省,50.95,49.47,50.17,49.5,50.18,1025280,5.1464239E7,0.041,8.7068,121.2106,1.0,1.2375E9,3.96E9,0.0294,-0.0133
2016-01-04,宁波精达,sh603088,通用机械,浙江省,49.95,44.7,49.49,44.75,49.5,754870,3.5029897E7,0.0302,7.8713,109.5793,1.0,1.11875E9,3.58E9,0.106,-0.0957
2016-01-05,宁波精达,sh603088,通用机械,浙江省,43.8,40.73,42.79,41.56,44.75,1440732,6.0838611E7,0.0576,7.3102,101.7679,1.0,1.039E9,3.3248E9,0.0686,-0.0287
2016-01-06,宁波精达,sh603088,通用机械,浙江省,43.46,41.69,41.8,43.27,41.56,822243,3.5049556E7,0.0329,7.611,105.9552,1.0,1.08175E9,3.4616E9,0.0425,0.0351
2016-01-07,宁波精达,sh603088,通用机械,浙江省,42.53,38.94,42.53,38.94,43.27,232200,9355835.0,0.0093,6.8494,95.3523,1.0,9.735E8,3.1152E9,0.0829,-0.0844
2016-01-08,宁波精达,sh603088,通用机械,浙江省,40.4,36.28,40.05,38.97,38.94,1830532,7.1091079E7,0.0732,6.8547,95.4258,1.0,9.7425E8,3.1176E9,0.1058,-0.0269
2016-01-11,宁波精达,sh603088,通用机械,浙江省,37.89,35.07,37.84,35.07,38.97,1436575,5.2688558E7,0.0575,6.1687,85.8759,1.0,8.7675E8,2.8056E9,0.0723,-0.0732
2016-01-12,宁波精达,sh603088,通用机械,浙江省,35.95,33.38,35.0,35.08,35.07,1370054,4.7501639E7,0.0548,6.1704,85.9003,1.0,8.77E8,2.8064E9,0.0732,0.0022
2016-01-13,宁波精达,sh603088,通用机械,浙江省,36.48,34.8,35.08,35.79,35.08,1404436,4.9942947E7,0.0562,6.2953,87.6389,1.0,8.9475E8,2.8632E9,0.0478,0.0202
2016-01-14,宁波精达,sh603088,通用机械,浙江省,37.68,33.04,34.0,37.37,35.79,2453398,8.7830895E7,0.0981,6.5732,91.5079,1.0,9.3425E8,2.9896E9,0.1296,0.0991
2016-01-15,宁波精达,sh603088,通用机械,浙江省,37.3,34.0,37.0,34.62,37.37,1729635,6.179639E7,0.0692,6.0895,84.7739,1.0,8.655E8,2.7696E9,0.0883,-0.0643
2016-01-18,宁波精达,sh603088,通用机械,浙江省,35.95,33.43,34.49,35.26,34.62,1329548,4.6768484E7,0.0532,6.2021,86.3411,1.0,8.815E8,2.8208E9,0.0727,0.0223
2016-01-19,宁波精达,sh603088,通用机械,浙江省,37.3,34.35,35.26,36.96,35.26,1613736,5.8185802E7,0.0645,6.5011,90.5039,1.0,9.24E8,2.9568E9,0.0836,0.0482
2016-01-20,宁波精达,sh603088,通用机械,浙江省,38.63,36.25,36.54,37.19,36.96,1923302,7.2112931E7,0.0769,6.5416,91.0671,1.0,9.2975E8,2.9752E9,0.0643,0.0177
2016-01-21,宁波精达,sh603088,通用机械,浙江省,37.99,35.0,36.5,35.01,37.19,1485355,5.4514942E7,0.0594,6.1581,85.7289,1.0,8.7525E8,2.8008E9,0.0803,-0.0408
2016-01-22,宁波精达,sh603088,通用机械,浙江省,36.12,34.12,35.9,35.62,35.01,1348700,4.7498184E7,0.0539,6.2654,87.2226,1.0,8.905E8,2.8496E9,0.0571,-0.0077
2016-01-25,宁波精达,sh603088,通用机械,浙江省,37.49,35.63,36.11,36.68,35.62,1221665,4.4718651E7,0.0489,6.4519,89.8183,1.0,9.17E8,2.9344E9,0.0522,0.0157
2016-01-26,宁波精达,sh603088,通用机械,浙江省,36.79,33.01,36.0,33.01,36.68,1991003,6.9041358E7,0.0796,5.8063,80.8315,1.0,8.2525E8,2.6408E9,0.103,-0.083
2016-01-27,宁波精达,sh603088,通用机械,浙江省,33.5,30.13,33.02,31.93,33.01,1341423,4.2566711E7,0.0537,5.6164,78.1869,1.0,7.9825E8,2.5544E9,0.102,-0.033
2016-01-28,宁波精达,sh603088,通用机械,浙江省,31.94,29.16,31.94,29.66,31.93,1018800,3.1547954E7,0.0408,5.2171,72.6284,1.0,7.415E8,2.3728E9,0.087,-0.0713
2016-01-29,宁波精达,sh603088,通用机械,浙江省,32.29,29.7,30.0,31.54,29.66,1268169,3.9560744E7,0.0507,5.5478,77.2319,1.0,7.885E8,2.5232E9,0.0873,0.0513
2016-02-01,宁波精达,sh603088,通用机械,浙江省,32.6,31.2,31.46,32.06,31.54,1403240,4.4993569E7,0.0561,5.6392,78.5053,1.0,8.015E8,2.5648E9,0.0443,0.019
2016-02-02,宁波精达,sh603088,通用机械,浙江省,33.6,32.08,32.48,33.25,32.06,1194529,3.9436317E7,0.0478,5.8485,81.4192,1.0,8.3125E8,2.66E9,0.0474,0.0237
2016-02-03,宁波精达,sh603088,通用机械,浙江省,33.3,32.35,32.5,33.19,33.25,982449,3.2304599E7,0.0393,5.838,81.2723,1.0,8.2975E8,2.6552E9,0.0285,0.0212
2016-02-04,宁波精达,sh603088,通用机械,浙江省,34.49,33.22,33.22,34.17,33.19,1138061,3.8787488E7,0.0455,6.0104,83.672,1.0,8.5425E8,2.7336E9,0.0382,0.0285
2016-02-05,宁波精达,sh603088,通用机械,浙江省,34.95,33.63,34.18,33.79,34.17,773436,2.6489745E7,0.0309,5.9435,82.7415,1.0,8.4475E8,2.7032E9,0.0386,-0.0114
2016-02-15,宁波精达,sh603088,通用机械,浙江省,33.44,31.35,31.35,33.21,33.79,753996,2.4564977E7,0.0302,5.8415,81.3213,1.0,8.3025E8,2.6568E9,0.0618,0.0593
2016-02-16,宁波精达,sh603088,通用机械,浙江省,35.14,33.4,33.94,34.98,33.21,1087213,3.7599911E7,0.0435,6.1528,85.6555,1.0,8.745E8,2.7984E9,0.0523,0.0306
2016-02-17,宁波精达,sh603088,通用机械,浙江省,35.96,34.34,34.98,35.51,34.98,1202836,4.2461972E7,0.0481,6.2461,86.9533,1.0,8.8775E8,2.8408E9,0.0463,0.0151
2016-02-18,宁波精达,sh603088,通用机械,浙江省,36.3,35.0,35.9,35.11,35.51,1443129,5.1209968E7,0.0577,6.1757,85.9738,1.0,8.7775E8,2.8088E9,0.0366,-0.022
2016-02-19,宁波精达,sh603088,通用机械,浙江省,36.5,34.8,35.12,35.54,35.11,1301891,4.6482204E7,0.0521,6.2513,87.0267,1.0,8.885E8,2.8432E9,0.0484,0.0119
2016-02-22,宁波精达,sh603088,通用机械,浙江省,39.09,35.88,35.88,39.09,35.54,2770104,1.04995619E8,0.1108,6.8758,95.7196,1.0,9.7725E8,3.1272E9,0.0903,0.0894
2016-02-23,宁波精达,sh603088,通用机械,浙江省,40.88,37.81,40.09,38.46,39.09,3482204,1.37405055E8,0.1393,6.765,94.1769,1.0,9.615E8,3.0768E9,0.0785,-0.0406
2016-02-24,宁波精达,sh603088,通用机械,浙江省,38.45,36.4,38.45,37.3,38.46,2320430,8.6689358E7,0.0928,6.5609,91.3364,1.0,9.325E8,2.984E9,0.0533,-0.0299
2016-02-25,宁波精达,sh603088,通用机械,浙江省,37.35,33.57,37.35,33.57,37.3,2056684,7.2662022E7,0.0823,5.9048,82.2028,1.0,8.3925E8,2.6856E9,0.1013,-0.1012
2016-02-26,宁波精达,sh603088,通用机械,浙江省,34.85,33.0,33.2,34.76,33.57,1950185,6.6079079E7,0.078,6.1141,85.1168,1.0,8.69E8,2.7808E9,0.0551,0.0469
2016-02-29,宁波精达,sh603088,通用机械,浙江省,34.38,31.3,34.0,32.16,34.76,1679633,5.4106818E7,0.0672,5.6568,78.7501,1.0,8.04E8,2.5728E9,0.0886,-0.0541
2016-03-01,宁波精达,sh603088,通用机械,浙江省,33.66,32.05,32.39,33.29,32.16,1651996,5.4216317E7,0.0661,5.8556,81.5172,1.0,8.3225E8,2.6632E9,0.05,0.0277
2016-03-02,宁波精达,sh603088,通用机械,浙江省,35.13,33.01,33.29,35.02,33.29,2480433,8.4323516E7,0.0992,6.1599,85.7534,1.0,8.755E8,2.8016E9,0.0636,0.0519
2016-03-03,宁波精达,sh603088,通用机械,浙江省,35.8,34.68,35.04,34.92,35.02,2460178,8.6813578E7,0.0984,6.1423,85.5085,1.0,8.73E8,2.7936E9,0.0319,-0.0034
2016-03-04,宁波精达,sh603088,通用机械,浙江省,34.49,31.45,34.13,31.91,34.92,2404647,7.9803832E7,0.0962,5.6128,78.138,1.0,7.9775E8,2.5528E9,0.087,-0.065
2016-03-07,宁波精达,sh603088,通用机械,浙江省,33.33,31.91,32.32,32.53,31.91,1241655,4.0514179E7,0.0497,5.7219,79.6562,1.0,8.1325E8,2.6024E9,0.0445,0.0064
2016-03-08,宁波精达,sh603088,通用机械,浙江省,32.59,30.28,32.17,32.56,32.53,1255011,3.9392441E7,0.0502,5.7272,79.7296,1.0,8.14E8,2.6048E9,0.071,0.0121
2016-03-09,宁波精达,sh603088,通用机械,浙江省,32.4,31.26,31.79,31.85,32.56,794601,2.5386412E7,0.0318,5.6023,77.991,1.0,7.9625E8,2.548E9,0.035,0.0018
2016-03-10,宁波精达,sh603088,通用机械,浙江省,32.34,31.4,31.87,31.51,31.85,583199,1.8558898E7,0.0233,5.5425,77.1585,1.0,7.8775E8,2.5208E9,0.0295,-0.0112
2016-03-11,宁波精达,sh603088,通用机械,浙江省,32.28,30.58,30.8,32.24,31.51,1101984,3.5083609E7,0.0441,5.6709,78.946,1.0,8.06E8,2.5792E9,0.0539,0.0467
2016-03-14,宁波精达,sh603088,通用机械,浙江省,35.03,32.25,32.6,34.18,32.24,2697799,9.1629642E7,0.1079,6.0121,83.6965,1.0,8.545E8,2.7344E9,0.0862,0.0484
2016-03-15,宁波精达,sh603088,通用机械,浙江省,34.43,33.62,34.01,34.13,34.18,1126531,3.8446923E7,0.0451,6.0033,83.5741,1.0,8.5325E8,2.7304E9,0.0236,0.0035
2016-03-16,宁波精达,sh603088,通用机械,浙江省,35.6,34.13,34.95,34.23,34.13,1649308,5.7370078E7,0.066,6.0209,83.8189,1.0,8.5575E8,2.7384E9,0.043,-0.0206
2016-03-17,宁波精达,sh603088,通用机械,浙江省,35.6,33.9,33.9,35.49,34.23,1646084,5.7533803E7,0.0658,6.2425,86.9043,1.0,8.8725E8,2.8392E9,0.0496,0.0469
2016-03-18,宁波精达,sh603088,通用机械,浙江省,37.23,36.07,36.07,36.5,35.49,2252669,8.2454449E7,0.0901,6.4202,89.3775,1.0,9.125E8,2.92E9,0.0326,0.0119
2016-03-21,宁波精达,sh603088,通用机械,浙江省,40.15,36.21,37.99,40.15,36.5,2527073,9.5193089E7,0.1011,7.0622,98.3152,1.0,1.00375E9,3.212E9,0.1079,0.0568
2016-03-22,宁波精达,sh603088,通用机械,浙江省,41.34,39.1,40.2,39.15,40.15,2839723,1.13726573E8,0.1136,6.8863,95.8665,1.0,9.7875E8,3.132E9,0.0557,-0.0261
2016-03-23,宁波精达,sh603088,通用机械,浙江省,39.98,37.75,38.35,39.67,39.15,2672101,1.02454211E8,0.1069,6.9778,97.1399,1.0,9.9175E8,3.1736E9,0.0569,0.0344
2016-03-24,宁波精达,sh603088,通用机械,浙江省,39.59,38.1,38.9,38.89,39.67,1804884,7.0228703E7,0.0722,6.8406,95.2299,1.0,9.7225E8,3.1112E9,0.0375,-2.0E-4
2016-03-25,宁波精达,sh603088,通用机械,浙江省,39.2,37.7,38.8,38.84,38.89,1444676,5.5370519E7,0.0578,6.8318,95.1074,1.0,9.71E8,3.1072E9,0.0385,0.001
2016-03-28,宁波精达,sh603088,通用机械,浙江省,40.0,37.76,39.51,38.21,38.84,2281345,8.9454078E7,0.0913,6.721,93.5648,1.0,9.5525E8,3.0568E9,0.0576,-0.0329
2016-03-29,宁波精达,sh603088,通用机械,浙江省,38.11,36.0,37.82,36.5,38.21,1380920,5.1098497E7,0.0552,6.4202,89.3775,1.0,9.125E8,2.92E9,0.0552,-0.0349
2016-03-30,宁波精达,sh603088,通用机械,浙江省,37.95,36.97,37.5,37.88,36.5,1141456,4.282649E7,0.0457,6.6629,92.7567,1.0,9.47E8,3.0304E9,0.0268,0.0101
2016-03-31,宁波精达,sh603088,通用机械,浙江省,38.84,38.1,38.1,38.44,37.88,1646800,6.3571335E7,0.0659,6.7614,94.128,1.0,9.61E8,3.0752E9,0.0195,0.0089
2016-04-01,宁波精达,sh603088,通用机械,浙江省,38.79,36.9,38.6,38.15,38.44,1264922,4.7780831E7,0.0506,6.7104,93.4178,1.0,9.5375E8,3.052E9,0.0491,-0.0116
2016-04-05,宁波精达,sh603088,通用机械,浙江省,39.46,37.12,37.12,39.27,38.15,1414104,5.5046772E7,0.0566,6.9074,96.1604,1.0,9.8175E8,3.1416E9,0.0613,0.0579
2016-04-06,宁波精达,sh603088,通用机械,浙江省,41.18,38.89,39.24,40.82,39.27,2650656,1.06943108E8,0.106,7.1801,99.9559,1.0,1.0205E9,3.2656E9,0.0583,0.0402
2016-04-07,宁波精达,sh603088,通用机械,浙江省,41.88,39.13,40.95,39.42,40.82,1963549,7.9107375E7,0.0785,6.9338,96.5277,1.0,9.855E8,3.1536E9,0.0673,-0.0373
2016-04-08,宁波精达,sh603088,通用机械,浙江省,39.38,38.5,38.5,39.31,39.42,1282806,4.9841773E7,0.0513,6.9145,96.2583,1.0,9.8275E8,3.1448E9,0.0223,0.021
