2016-04-08
2014-12-29,高能环境,sh603588,环保工程及服务,未知位置,26.25,21.88,21.88,26.25,18.23,75100,1957391.0,0.0019,4.4401,33.0051,0.99862313,1.0605E9,4.242E9,0.2397,0.1997
2014-12-30,高能环境,sh603588,环保工程及服务,未知位置,28.88,28.88,28.88,28.88,26.25,32500,938600.0,8.0E-4,4.885,36.3119,0.99862313,1.166752E9,4.667008E9,0.0,0.0
2014-12-31,高能环境,sh603588,环保工程及服务,未知位置,31.77,31.77,31.77,31.77,28.88,69200,2198484.0,0.0017,2.9762,44.4302,0.99862313,1.283508E9,5.134032E9,0.0,0.0
2015-01-05,高能环境,sh603588,环保工程及服务,未知位置,34.95,34.95,34.95,34.95,31.77,135200,4725240.0,0.0033,3.2741,48.8775,0.99862313,1.41198E9,5.64792E9,0.0,0.0
2015-01-06,高能环境,sh603588,环保工程及服务,未知位置,38.45,38.45,38.45,38.45,34.95,1364399,5.2461142E7,0.0338,3.602,53.7722,0.99862313,1.55338E9,6.21352E9,0.0,0.0
2015-01-07,高能环境,sh603588,环保工程及服务,未知位置,41.99,39.21,40.02,40.95,38.45,23761691,9.64246351E8,0.5882,3.8362,57.2684,0.99862313,1.65438E9,6.61752E9,0.0723,0.0232
2015-01-08,高能环境,sh603588,环保工程及服务,未知位置,40.74,38.52,39.79,39.68,40.95,12579751,4.97852547E8,0.3114,3.7172,55.4924,0.99862313,1.603072E9,6.412288E9,0.0542,-0.0027
2015-01-09,高能环境,sh603588,环保工程及服务,未知位置,40.98,37.5,40.12,37.54,39.68,11307763,4.40938603E8,0.2799,3.5167,52.4996,0.99862313,1.516616E9,6.066464E9,0.0877,-0.0643
2015-01-12,高能环境,sh603588,环保工程及服务,未知位置,36.1,33.81,36.05,34.2,37.54,9526727,3.33062688E8,0.2358,3.2038,47.8286,0.99862313,1.38168E9,5.52672E9,0.061,-0.0513
2015-01-13,高能环境,sh603588,环保工程及服务,未知位置,35.18,33.82,34.12,34.75,34.2,6068077,2.10575472E8,0.1502,3.2554,48.5978,0.99862313,1.4039E9,5.6156E9,0.0397,0.0184
2015-01-14,高能环境,sh603588,环保工程及服务,未知位置,38.23,35.25,35.25,38.23,34.75,13655482,5.11634449E8,0.338,3.5814,53.4645,0.99862313,1.544492E9,6.177968E9,0.0857,0.0845
2015-01-15,高能环境,sh603588,环保工程及服务,未知位置,42.05,39.1,39.19,40.04,38.23,16107111,6.55605496E8,0.3987,3.7509,55.9958,0.99862313,1.617616E9,6.470464E9,0.0771,0.0216
2015-01-16,高能环境,sh603588,环保工程及服务,未知位置,43.7,39.42,39.44,42.25,40.04,12441759,5.12317863E8,0.308,3.958,59.0865,0.99862313,1.7069E9,6.8276E9,0.1068,0.0712
2015-01-19,高能环境,sh603588,环保工程及服务,未知位置,43.87,39.15,40.99,39.94,42.25,11174099,4.63593778E8,0.2766,3.7416,55.856,0.99862313,1.613576E9,6.454304E9,0.1117,-0.0256
2015-01-20,高能环境,sh603588,环保工程及服务,未知位置,43.93,40.81,41.5,43.93,39.94,7508372,3.22914328E8,0.1859,4.1153,61.436,0.99862313,1.774772E9,7.099088E9,0.0781,0.0585
2015-01-21,高能环境,sh603588,环保工程及服务,未知位置,48.32,44.5,45.92,45.13,43.93,13172447,6.07859189E8,0.3261,4.2278,63.1142,0.99862313,1.823252E9,7.293008E9,0.0869,-0.0172
2015-01-22,高能环境,sh603588,环保工程及服务,未知位置,49.64,45.0,46.4,49.64,45.13,10508880,5.01011406E8,0.2601,4.6503,69.4214,0.99862313,2.005456E9,8.021824E9,0.1028,0.0698
2015-01-23,高能环境,sh603588,环保工程及服务,未知位置,48.58,46.21,47.88,47.2,49.64,7595113,3.59222692E8,0.188,4.4217,66.009,0.99862313,1.90688E9,7.62752E9,0.0477,-0.0142
2015-01-26,高能环境,sh603588,环保工程及服务,未知位置,48.0,46.5,47.21,47.3,47.2,4471917,2.10863588E8,0.1107,4.431,66.1489,0.99862313,1.91092E9,7.64368E9,0.0317,0.0019
2015-01-27,高能环境,sh603588,环保工程及服务,未知位置,47.3,45.32,47.3,46.57,47.3,4519454,2.08513383E8,0.1119,4.3627,65.128,0.99862313,1.881428E9,7.525712E9,0.0418,-0.0154
2015-01-28,高能环境,sh603588,环保工程及服务,未知位置,47.96,45.9,46.0,46.57,46.57,4577684,2.15200536E8,0.1133,4.3627,65.128,0.99862313,1.881428E9,7.525712E9,0.0442,0.0123
2015-01-29,高能环境,sh603588,环保工程及服务,未知位置,47.32,45.5,46.0,46.77,46.57,3018068,1.4052546E8,0.0747,4.3814,65.4077,0.99862313,1.889508E9,7.558032E9,0.039,0.0167
2015-01-30,高能环境,sh603588,环保工程及服务,未知位置,47.12,45.63,46.9,45.74,46.77,2821871,1.30562207E8,0.0698,4.2849,63.9672,0.99862313,1.847896E9,7.391584E9,0.0318,-0.0247
2015-02-02,高能环境,sh603588,环保工程及服务,未知位置,47.0,43.89,45.08,46.88,45.74,3908205,1.76369797E8,0.0967,4.3917,65.5615,0.99862313,1.893952E9,7.575808E9,0.0679,0.0399
2015-02-03,高能环境,sh603588,环保工程及服务,未知位置,50.19,46.35,46.35,48.77,46.88,5264092,2.57392393E8,0.1303,4.5688,68.2047,0.99862313,1.970308E9,7.881232E9,0.0819,0.0522
2015-02-04,高能环境,sh603588,环保工程及服务,未知位置,50.97,47.56,48.0,48.2,48.77,4862243,2.38612069E8,0.1204,4.5154,67.4075,0.99862313,1.94728E9,7.78912E9,0.0699,0.0041
2015-02-05,高能环境,sh603588,环保工程及服务,未知位置,48.2,45.6,47.93,45.69,48.2,3279993,1.53444812E8,0.0812,4.2802,63.8973,0.99862313,1.845876E9,7.383504E9,0.0539,-0.0467
2015-02-06,高能环境,sh603588,环保工程及服务,未知位置,45.72,43.44,45.7,44.04,45.69,2555567,1.13240551E8,0.0633,4.1257,61.5898,0.99862313,1.779216E9,7.116864E9,0.0499,-0.0363
2015-02-09,高能环境,sh603588,环保工程及服务,未知位置,43.96,42.32,43.51,42.73,44.04,1633823,7.0375593E7,0.0404,4.0029,59.7578,0.99862313,1.726292E9,6.905168E9,0.0372,-0.0179
2015-02-10,高能环境,sh603588,环保工程及服务,未知位置,43.88,42.38,42.74,43.73,42.73,1424820,6.141801E7,0.0353,4.0966,61.1563,0.99862313,1.766692E9,7.066768E9,0.0351,0.0231
2015-02-11,高能环境,sh603588,环保工程及服务,未知位置,45.7,43.43,43.79,44.59,43.73,1541785,6.9191147E7,0.0382,4.1772,62.359,0.99862313,1.801436E9,7.205744E9,0.0519,0.0182
2015-02-12,高能环境,sh603588,环保工程及服务,未知位置,45.59,44.17,44.4,44.96,44.59,1429378,6.3992197E7,0.0354,4.2118,62.8764,0.99862313,1.816384E9,7.265536E9,0.0318,0.0126
2015-02-13,高能环境,sh603588,环保工程及服务,未知位置,48.48,45.0,45.25,47.16,44.96,2874838,1.35722508E8,0.0712,4.4179,65.9531,0.99862313,1.905264E9,7.621056E9,0.0774,0.0422
2015-02-16,高能环境,sh603588,环保工程及服务,未知位置,51.88,46.83,47.2,51.88,47.16,4409485,2.23450918E8,0.1091,4.8601,72.554,0.99862313,2.095952E9,8.383808E9,0.107,0.0991
2015-02-17,高能环境,sh603588,环保工程及服务,未知位置,54.88,52.38,53.51,53.74,51.88,4089189,2.19022777E8,0.1012,5.0343,75.1552,0.99862313,2.171096E9,8.684384E9,0.0481,0.0042
2015-02-25,高能环境,sh603588,环保工程及服务,未知位置,57.36,53.08,53.08,55.23,53.74,3802797,2.12437749E8,0.0941,5.1739,77.239,0.99862313,2.231292E9,8.925168E9,0.0796,0.0405
2015-02-26,高能环境,sh603588,环保工程及服务,未知位置,57.68,53.6,54.49,57.3,55.23,3938651,2.22891145E8,0.0975,5.3678,80.1339,0.99862313,2.31492E9,9.25968E9,0.0738,0.0515
2015-02-27,高能环境,sh603588,环保工程及服务,未知位置,57.93,55.13,57.25,56.68,57.3,1949096,1.09913684E8,0.0482,5.3098,79.2668,0.99862313,2.289872E9,9.159488E9,0.0488,-0.0099
2015-03-02,高能环境,sh603588,环保工程及服务,未知位置,62.25,57.9,59.6,58.99,56.68,4538117,2.71644216E8,0.1123,5.5262,82.4973,0.99862313,2.383196E9,9.532784E9,0.0767,-0.0102
2015-03-03,高能环境,sh603588,环保工程及服务,未知位置,60.58,56.01,58.15,57.51,58.99,3320626,1.93605272E8,0.0822,5.3875,80.4276,0.99862313,2.323404E9,9.293616E9,0.0774,-0.011
2015-03-04,高能环境,sh603588,环保工程及服务,未知位置,57.5,54.3,57.1,56.12,57.51,4433800,2.46063264E8,0.1097,5.2573,78.4836,0.99862313,2.267248E9,9.068992E9,0.0556,-0.0171
2015-03-05,高能环境,sh603588,环保工程及服务,未知位置,56.47,53.58,56.0,55.06,56.12,3727391,2.03534315E8,0.0923,5.158,77.0012,0.99862313,2.224424E9,8.897696E9,0.0514,-0.0167
2015-03-06,高能环境,sh603588,环保工程及服务,未知位置,56.36,53.0,54.7,53.58,55.06,2774486,1.51764642E8,0.0687,5.0194,74.9315,0.99862313,2.164632E9,8.658528E9,0.061,-0.0204
2015-03-09,高能环境,sh603588,环保工程及服务,未知位置,56.2,51.9,53.11,56.13,53.58,2658042,1.44663388E8,0.0658,5.2582,78.4976,0.99862313,2.267652E9,9.070608E9,0.0802,0.0568
2015-03-10,高能环境,sh603588,环保工程及服务,未知位置,55.5,53.6,55.48,55.34,56.13,1703304,9.3073108E7,0.0422,5.1842,77.3928,0.99862313,2.235736E9,8.942944E9,0.0338,-0.0025
2015-03-11,高能环境,sh603588,环保工程及服务,未知位置,54.99,54.0,54.7,54.71,55.34,1426880,7.7753373E7,0.0353,5.1252,76.5118,0.99862313,2.210284E9,8.841136E9,0.0178,1.0E-4
2015-03-12,高能环境,sh603588,环保工程及服务,未知位置,55.2,53.2,54.6,54.09,54.71,1400044,7.5511337E7,0.0347,5.0671,75.6447,0.99862313,2.185236E9,8.740944E9,0.0365,-0.0093
2015-03-13,高能环境,sh603588,环保工程及服务,未知位置,56.2,54.56,54.58,55.12,54.09,1698647,9.4131576E7,0.042,5.1636,77.0851,0.99862313,2.226848E9,8.907392E9,0.0303,0.0098
2015-03-16,高能环境,sh603588,环保工程及服务,未知位置,57.8,55.0,55.51,57.4,55.12,2224264,1.26346845E8,0.0551,5.3772,80.2737,0.99862313,2.31896E9,9.27584E9,0.0507,0.034
2015-03-17,高能环境,sh603588,环保工程及服务,未知位置,59.1,56.8,59.0,57.95,57.4,2172405,1.25530856E8,0.0538,5.4287,81.0429,0.99862313,2.34118E9,9.36472E9,0.04,-0.0177
2015-03-18,高能环境,sh603588,环保工程及服务,未知位置,58.0,56.61,57.95,57.29,57.95,2336685,1.33366911E8,0.0578,5.3669,80.1199,0.99862313,2.314516E9,9.258064E9,0.0239,-0.0113
2015-03-19,高能环境,sh603588,环保工程及服务,未知位置,57.6,56.0,57.29,56.45,57.29,1743066,9.9051798E7,0.0431,5.2882,78.9451,0.99862313,2.28058E9,9.12232E9,0.0279,-0.0146
2015-03-20,高能环境,sh603588,环保工程及服务,未知位置,59.5,56.42,56.74,58.43,56.45,2900550,1.6860605E8,0.0718,5.4737,81.7142,0.99862313,2.360572E9,9.442288E9,0.0545,0.0297
2015-03-23,高能环境,sh603588,环保工程及服务,未知位置,59.1,57.2,58.5,58.04,58.43,2735723,1.57813332E8,0.0677,5.4372,81.1688,0.99862313,2.344816E9,9.379264E9,0.0325,-0.0078
2015-03-24,高能环境,sh603588,环保工程及服务,未知位置,58.0,55.21,58.0,56.6,58.04,2445274,1.38831002E8,0.0605,5.3023,79.1549,0.99862313,2.28664E9,9.14656E9,0.048,-0.0241
2015-03-25,高能环境,sh603588,环保工程及服务,未知位置,58.13,55.01,56.39,57.79,56.6,3063990,1.73509104E8,0.0758,5.4137,80.8191,0.99862313,2.334716E9,9.338864E9,0.0551,0.0248
2015-03-26,高能环境,sh603588,环保工程及服务,未知位置,57.68,56.03,56.61,56.18,57.79,1798767,1.01867026E8,0.0445,5.2629,78.5675,0.99862313,2.269672E9,9.078688E9,0.0285,-0.0075
2015-03-27,高能环境,sh603588,环保工程及服务,未知位置,58.57,55.8,56.5,57.85,56.18,1792686,1.02849477E8,0.0444,5.4194,80.903,0.99862313,2.33714E9,9.34856E9,0.0493,0.0238
2015-03-30,高能环境,sh603588,环保工程及服务,未知位置,62.0,58.64,58.64,59.54,57.85,3117993,1.87777271E8,0.0772,5.5777,83.2665,0.99862313,2.405416E9,9.621664E9,0.058,0.0153
2015-03-31,高能环境,sh603588,环保工程及服务,未知位置,61.5,58.6,58.6,60.85,59.54,1930796,1.16084997E8,0.0478,5.773,85.9065,0.99862313,2.45834E9,9.83336E9,0.0487,0.0383
2015-04-01,高能环境,sh603588,环保工程及服务,未知位置,63.7,60.99,61.0,61.63,60.85,2397919,1.49653765E8,0.0594,5.847,87.0077,0.99862313,2.489852E9,9.959408E9,0.0445,0.0103
2015-04-02,高能环境,sh603588,环保工程及服务,未知位置,62.8,59.0,61.56,62.46,61.63,3227658,1.9884303E8,0.0799,5.9257,88.1795,0.99862313,2.523384E9,1.0093536E10,0.0616,0.0146
2015-04-03,高能环境,sh603588,环保工程及服务,未知位置,63.9,61.62,62.46,62.9,62.46,2801760,1.76298473E8,0.0694,5.9675,88.8007,0.99862313,2.54116E9,1.016464E10,0.0365,0.007
2015-04-07,高能环境,sh603588,环保工程及服务,未知位置,69.0,62.95,63.0,67.29,62.9,2760483,1.82774711E8,0.0683,6.384,94.9984,0.99862313,2.718516E9,1.0874064E10,0.0961,0.068
2015-04-08,高能环境,sh603588,环保工程及服务,未知位置,72.5,69.5,69.95,70.08,67.29,2737165,1.94257553E8,0.0678,6.6487,98.9372,0.99862313,2.831232E9,1.1324928E10,0.0445,0.0018
2015-04-09,高能环境,sh603588,环保工程及服务,未知位置,72.97,65.0,69.56,72.12,70.08,2244584,1.54847338E8,0.0556,6.8422,101.8172,0.99862313,2.913648E9,1.1654592E10,0.1137,0.0368
2015-04-10,高能环境,sh603588,环保工程及服务,未知位置,73.0,68.51,70.7,72.5,72.12,1723151,1.24022239E8,0.0427,6.8783,102.3537,0.99862313,2.929E9,1.1716E10,0.0622,0.0254
2015-04-13,高能环境,sh603588,环保工程及服务,未知位置,76.66,71.98,71.98,72.72,72.5,1837500,1.35540718E8,0.0455,6.8991,102.6643,0.99862313,2.937888E9,1.1751552E10,0.0645,0.0102
2015-04-14,高能环境,sh603588,环保工程及服务,未知位置,73.0,69.01,72.66,69.44,72.72,2384007,1.68735157E8,0.059,6.588,98.0337,0.99862313,2.805376E9,1.1221504E10,0.0548,-0.0443
2015-04-15,高能环境,sh603588,环保工程及服务,未知位置,69.7,64.11,69.19,65.97,69.44,1734799,1.15691864E8,0.0429,6.2588,93.1348,0.99862313,2.665188E9,1.0660752E10,0.0805,-0.0465
2015-04-16,高能环境,sh603588,环保工程及服务,未知位置,69.65,62.9,64.0,69.49,65.97,1993726,1.3411273E8,0.0493,6.5927,98.1043,0.99862313,2.807396E9,1.1229584E10,0.1023,0.0857
2015-04-17,高能环境,sh603588,环保工程及服务,未知位置,72.0,68.39,69.55,68.56,69.49,1238238,8.6587242E7,0.0306,6.5045,96.7913,0.99862313,2.769824E9,1.1079296E10,0.0519,-0.0142
2015-04-20,高能环境,sh603588,环保工程及服务,未知位置,68.18,63.69,67.51,63.76,68.56,2513937,1.64186102E8,0.0622,6.0491,90.0148,0.99862313,2.575904E9,1.0303616E10,0.0654,-0.0555
2015-04-21,高能环境,sh603588,环保工程及服务,未知位置,66.7,63.2,63.7,65.9,63.76,1734337,1.12930671E8,0.0429,6.2521,93.036,0.99862313,2.66236E9,1.064944E10,0.0548,0.0345
2015-04-22,高能环境,sh603588,环保工程及服务,未知位置,72.39,65.88,65.88,71.62,65.9,2411667,1.6708588E8,0.0597,6.7948,101.1113,0.99862313,2.893448E9,1.1573792E10,0.0987,0.0871
2015-04-23,高能环境,sh603588,环保工程及服务,未知位置,73.6,68.91,71.7,72.39,71.62,2289824,1.61034635E8,0.0567,6.8678,102.1984,0.99862313,2.924556E9,1.1698224E10,0.0654,0.0096
2015-04-24,高能环境,sh603588,环保工程及服务,未知位置,73.2,70.0,70.0,70.11,72.39,1293026,9.1872976E7,0.032,6.6515,98.9796,0.99862313,2.832444E9,1.1329776E10,0.0442,0.0015
2015-04-27,高能环境,sh603588,环保工程及服务,未知位置,72.0,67.65,68.51,70.29,70.11,2207973,1.5338479E8,0.0547,6.6686,99.2337,0.99862313,2.839716E9,1.1358864E10,0.062,0.0259
2015-04-28,高能环境,sh603588,环保工程及服务,未知位置,70.02,66.5,70.02,66.87,70.29,1013762,6.8914474E7,0.0251,6.3441,94.4054,0.99862313,2.701548E9,1.0806192E10,0.05,-0.0449
2015-04-29,高能环境,sh603588,环保工程及服务,未知位置,70.28,67.39,67.5,69.9,66.87,1056453,7.3425405E7,0.0261,6.6316,98.6831,0.99862313,2.82396E9,1.129584E10,0.0432,0.0355
2015-04-30,高能环境,sh603588,环保工程及服务,未知位置,72.53,69.08,70.97,70.01,69.9,1342690,9.5078511E7,0.0332,6.642,98.8384,0.99862313,2.828404E9,1.1313616E10,0.0493,-0.0135
2015-05-04,高能环境,sh603588,环保工程及服务,未知位置,76.5,68.53,70.91,74.12,70.01,1939233,1.42378638E8,0.048,7.032,104.6408,0.99862313,2.994448E9,1.1977792E10,0.1138,0.0452
2015-05-05,高能环境,sh603588,环保工程及服务,未知位置,77.81,73.18,73.3,76.91,74.12,1515074,1.14011283E8,0.0375,7.2967,108.5796,0.99862313,3.107164E9,1.2428656E10,0.0624,0.0492
2015-05-06,高能环境,sh603588,环保工程及服务,未知位置,83.5,75.53,76.9,78.5,76.91,2080792,1.66285884E8,0.0515,7.4475,110.8244,0.99862313,3.1714E9,1.26856E10,0.1036,0.0208
2015-05-07,高能环境,sh603588,环保工程及服务,未知位置,79.87,75.02,78.5,75.61,78.5,1384196,1.06015614E8,0.0343,7.1733,106.7443,0.99862313,3.054644E9,1.2218576E10,0.0617,-0.0368
2015-05-08,高能环境,sh603588,环保工程及服务,未知位置,78.81,75.1,75.1,78.43,75.61,717141,5.5387395E7,0.0178,7.4409,110.7255,0.99862313,3.168572E9,1.2674288E10,0.049,0.0443
2015-05-11,高能环境,sh603588,环保工程及服务,未知位置,83.3,78.2,78.43,82.29,78.43,1420289,1.15401527E8,0.0352,7.8071,116.175,0.99862313,3.324516E9,1.3298064E10,0.065,0.0492
2015-05-12,高能环境,sh603588,环保工程及服务,未知位置,88.53,81.0,82.49,86.97,82.29,2045609,1.70464782E8,0.0506,8.2511,122.7821,0.99862313,3.513588E9,1.4054352E10,0.0915,0.0543
2015-05-13,高能环境,sh603588,环保工程及服务,未知位置,87.99,83.05,85.0,86.2,86.97,1107148,9.5895581E7,0.0274,8.178,121.695,0.99862313,3.48248E9,1.392992E10,0.0568,0.0141
2015-05-14,高能环境,sh603588,环保工程及服务,未知位置,88.48,84.45,86.16,86.68,86.2,900986,7.8025478E7,0.0223,8.2236,122.3727,0.99862313,3.501872E9,1.4007488E10,0.0467,0.006
2015-05-15,高能环境,sh603588,环保工程及服务,未知位置,87.0,81.11,85.99,82.56,86.68,1284080,1.07341362E8,0.0318,7.8327,116.5562,0.99862313,3.335424E9,1.3341696E10,0.0679,-0.0398
2015-05-18,高能环境,sh603588,环保工程及服务,未知位置,90.6,82.56,82.56,88.99,82.56,2233247,1.96653234E8,0.0553,8.4427,125.6339,0.99862313,3.595196E9,1.4380784E10,0.0973,0.0778
2015-05-19,高能环境,sh603588,环保工程及服务,未知位置,92.47,88.03,92.47,89.8,88.99,1563975,1.40308993E8,0.0387,8.5196,126.7774,0.99862313,3.62792E9,1.451168E10,0.0498,-0.0288
2015-05-20,高能环境,sh603588,环保工程及服务,未知位置,91.4,87.18,89.9,89.57,89.8,1863525,1.66671129E8,0.0461,8.4977,126.4527,0.99862313,3.618628E9,1.4474512E10,0.0469,-0.0036
2015-05-21,高能环境,sh603588,环保工程及服务,未知位置,92.0,88.0,88.0,91.92,89.57,1537060,1.38414679E8,0.038,8.7207,129.7704,0.99862313,3.713568E9,1.4854272E10,0.0446,0.0445
2015-05-22,高能环境,sh603588,环保工程及服务,未知位置,0.0,0.0,0.0,91.92,91.92,0,0.0,0.0,8.7207,129.7704,0.99862313,3.713568E9,1.4854272E10,0.0,0.0
2015-05-25,高能环境,sh603588,环保工程及服务,未知位置,0.0,0.0,0.0,91.92,91.92,0,0.0,0.0,8.7207,129.7704,0.99862313,3.713568E9,1.4854272E10,0.0,0.0
2015-05-26,高能环境,sh603588,环保工程及服务,未知位置,0.0,0.0,0.0,91.92,91.92,0,0.0,0.0,8.7207,129.7704,0.99862313,3.713568E9,1.4854272E10,0.0,0.0
2015-05-27,高能环境,sh603588,环保工程及服务,未知位置,0.0,0.0,0.0,91.92,91.92,0,0.0,0.0,8.7207,129.7704,0.99862313,3.713568E9,1.4854272E10,0.0,0.0
2015-05-28,高能环境,sh603588,环保工程及服务,未知位置,0.0,0.0,0.0,91.92,91.92,0,0.0,0.0,8.7207,129.7704,0.99862313,3.713568E9,1.4854272E10,0.0,0.0
2015-05-29,高能环境,sh603588,环保工程及服务,未知位置,0.0,0.0,0.0,91.92,91.92,0,0.0,0.0,8.7207,129.7704,0.99862313,3.713568E9,1.4854272E10,0.0,0.0
2015-06-01,高能环境,sh603588,环保工程及服务,未知位置,0.0,0.0,0.0,91.92,91.92,0,0.0,0.0,8.7207,129.7704,0.99862313,3.713568E9,1.4854272E10,0.0,0.0
2015-06-02,高能环境,sh603588,环保工程及服务,未知位置,101.11,93.11,101.11,97.6,91.92,3735990,3.7141402E8,0.0925,9.2596,137.7893,0.99862313,3.94304E9,1.577216E10,0.087,-0.0347
2015-06-03,高能环境,sh603588,环保工程及服务,未知位置,104.88,87.84,87.84,104.62,97.6,4685262,4.4846848E8,0.116,9.9256,147.6999,0.99862313,4.226648E9,1.6906592E10,0.1745,0.191
2015-06-04,高能环境,sh603588,环保工程及服务,未知位置,115.08,103.0,106.28,115.08,104.62,3379065,3.76448824E8,0.0836,10.918,162.4671,0.99862313,4.649232E9,1.8596928E10,0.1154,0.0828
2015-06-05,高能环境,sh603588,环保工程及服务,未知位置,123.58,111.11,118.0,112.27,115.08,2863276,3.40774457E8,0.0709,10.6514,158.5,0.99862313,4.535708E9,1.8142832E10,0.1083,-0.0485
2015-06-08,高能环境,sh603588,环保工程及服务,未知位置,111.0,101.04,109.2,101.04,112.27,2647889,2.73056565E8,0.0655,9.5859,142.6458,0.99862313,4.082016E9,1.6328064E10,0.0887,-0.0747
2015-06-09,高能环境,sh603588,环保工程及服务,未知位置,104.3,95.03,101.04,96.37,101.04,2115779,2.08604223E8,0.0524,9.1429,136.0528,0.99862313,3.893348E9,1.5573392E10,0.0917,-0.0462
2015-06-10,高能环境,sh603588,环保工程及服务,未知位置,104.8,97.3,99.0,101.87,96.37,1481385,1.50480951E8,0.0367,9.6647,143.8176,0.99862313,4.115548E9,1.6462192E10,0.0778,0.0289
2015-06-11,高能环境,sh603588,环保工程及服务,未知位置,103.9,98.11,100.8,101.0,101.87,1386145,1.40516365E8,0.0343,9.5821,142.5893,0.99862313,4.0804E9,1.63216E10,0.0568,0.0019
2015-06-12,高能环境,sh603588,环保工程及服务,未知位置,107.68,101.01,102.0,102.55,101.0,1710807,1.78578267E8,0.0423,9.7292,144.7776,0.99862313,4.14302E9,1.657208E10,0.066,0.0053
2015-06-15,高能环境,sh603588,环保工程及服务,未知位置,102.3,95.0,102.0,98.73,102.55,1745329,1.70911795E8,0.0432,9.3668,139.3846,0.99862313,3.988692E9,1.5954768E10,0.0711,-0.032
2015-06-16,高能环境,sh603588,环保工程及服务,未知位置,96.99,89.8,96.23,92.81,98.73,1907348,1.77844867E8,0.0472,8.8051,131.0269,0.99862313,3.749524E9,1.4998096E10,0.0728,-0.0355
2015-06-17,高能环境,sh603588,环保工程及服务,未知位置,94.28,89.0,93.0,93.26,92.81,1275712,1.17243095E8,0.0316,8.8478,131.6622,0.99862313,3.767704E9,1.5070816E10,0.0568,0.0027
2015-06-18,高能环境,sh603588,环保工程及服务,未知位置,98.0,90.16,95.09,91.61,93.26,1282669,1.22907583E8,0.0317,8.6913,129.3327,0.99862313,3.701044E9,1.4804176E10,0.084,-0.0365
2015-06-19,高能环境,sh603588,环保工程及服务,未知位置,90.5,84.5,89.02,87.47,91.61,1307808,1.15149314E8,0.0324,8.2985,123.488,0.99862313,3.533788E9,1.4135152E10,0.0654,-0.0174
2015-06-23,高能环境,sh603588,环保工程及服务,未知位置,94.99,83.5,88.01,94.59,87.47,1120854,9.9029942E7,0.0277,8.974,133.5398,0.99862313,3.821436E9,1.5285744E10,0.1313,0.0747
2015-06-24,高能环境,sh603588,环保工程及服务,未知位置,99.86,93.06,94.0,96.76,94.59,1415638,1.36019153E8,0.035,9.1799,136.6034,0.99862313,3.909104E9,1.5636416E10,0.0718,0.0293
2015-06-25,高能环境,sh603588,环保工程及服务,未知位置,96.76,87.83,96.76,88.92,96.76,1057760,9.8022578E7,0.0262,8.4361,125.5351,0.99862313,3.592368E9,1.4369472E10,0.0922,-0.081
2015-06-26,高能环境,sh603588,环保工程及服务,未知位置,86.43,80.03,86.43,80.03,88.92,1361852,1.10842417E8,0.0337,7.5927,112.9844,0.99862313,3.233212E9,1.2932848E10,0.0719,-0.074
2015-06-29,高能环境,sh603588,环保工程及服务,未知位置,82.18,72.03,82.18,72.03,80.03,2271926,1.66859535E8,0.0562,6.8337,101.6902,0.99862313,2.910012E9,1.1640048E10,0.1268,-0.1235
2015-06-30,高能环境,sh603588,环保工程及服务,未知位置,76.99,64.83,66.77,75.27,72.03,3291549,2.29618886E8,0.0815,6.9884,107.9832,0.99862313,3.040908E9,1.2163632E10,0.1688,0.1273
2015-07-01,高能环境,sh603588,环保工程及服务,未知位置,77.9,68.01,73.99,68.17,75.27,2230401,1.65293647E8,0.0552,6.3292,97.7975,0.99862313,2.754068E9,1.1016272E10,0.1313,-0.0786
2015-07-02,高能环境,sh603588,环保工程及服务,未知位置,69.97,61.35,67.51,61.35,68.17,2355350,1.48595916E8,0.0583,5.696,88.0134,0.99862313,2.47854E9,9.91416E9,0.1264,-0.0912
2015-07-03,高能环境,sh603588,环保工程及服务,未知位置,62.77,55.22,55.26,56.1,61.35,2817600,1.59429737E8,0.0697,5.2086,80.4817,0.99862313,2.26644E9,9.06576E9,0.123,0.0152
2015-07-06,高能环境,sh603588,环保工程及服务,未知位置,61.71,50.49,61.71,52.23,56.1,4121055,2.30359608E8,0.102,4.8493,74.9298,0.99862313,2.110092E9,8.440368E9,0.1999,-0.1536
2015-07-07,高能环境,sh603588,环保工程及服务,未知位置,51.18,47.01,51.18,47.01,52.23,2804223,1.35897709E8,0.0694,4.3646,67.4411,0.99862313,1.899204E9,7.596816E9,0.0798,-0.0814
2015-07-08,高能环境,sh603588,环保工程及服务,未知位置,42.31,42.31,42.31,42.31,47.01,1645500,6.9621105E7,0.0407,3.9283,60.6984,0.99862313,1.709324E9,6.837296E9,0.0,0.0
2015-07-09,高能环境,sh603588,环保工程及服务,未知位置,46.54,40.01,41.0,46.54,42.31,5223872,2.33586845E8,0.1293,4.321,66.7668,0.99862313,1.880216E9,7.520864E9,0.1543,0.1351
2015-07-10,高能环境,sh603588,环保工程及服务,未知位置,51.19,51.19,51.19,51.19,46.54,349762,1.7904317E7,0.0087,4.7527,73.4378,0.99862313,2.068076E9,8.272304E9,0.0,0.0
2015-07-13,高能环境,sh603588,环保工程及服务,未知位置,56.31,56.31,56.31,56.31,51.19,219358,1.2352049E7,0.0054,5.2281,80.783,0.99862313,2.274924E9,9.099696E9,0.0,0.0
2015-07-14,高能环境,sh603588,环保工程及服务,未知位置,61.94,61.94,61.94,61.94,56.31,256240,1.5871506E7,0.0063,5.7508,88.8599,0.99862313,2.502376E9,1.0009504E10,0.0,0.0
2015-07-15,高能环境,sh603588,环保工程及服务,未知位置,68.04,58.0,65.9,62.53,61.94,8726283,5.66409993E8,0.216,5.8056,89.7063,0.99862313,2.526212E9,1.0104848E10,0.162,-0.0511
2015-07-16,高能环境,sh603588,环保工程及服务,未知位置,68.78,57.0,59.11,67.84,62.53,3455220,2.22186883E8,0.0855,6.2986,97.3241,0.99862313,2.740736E9,1.0962944E10,0.1883,0.1476
2015-07-17,高能环境,sh603588,环保工程及服务,未知位置,72.97,66.0,67.7,71.52,67.84,2697787,1.91547764E8,0.0668,6.6403,102.6035,0.99862313,2.889408E9,1.1557632E10,0.1027,0.0564
2015-07-20,高能环境,sh603588,环保工程及服务,未知位置,73.2,69.38,71.0,70.81,71.52,3395730,2.41938372E8,0.0841,6.5744,101.5849,0.99862313,2.860724E9,1.1442896E10,0.0534,-0.0026
2015-07-21,高能环境,sh603588,环保工程及服务,未知位置,73.0,66.4,69.0,71.05,70.81,1591812,1.13071891E8,0.0394,6.5966,101.9292,0.99862313,2.87042E9,1.148168E10,0.0932,0.0297
2015-07-22,高能环境,sh603588,环保工程及服务,未知位置,73.53,69.8,70.6,72.63,71.05,1589017,1.14359561E8,0.0393,6.7433,104.1959,0.99862313,2.934252E9,1.1737008E10,0.0524,0.0287
2015-07-23,高能环境,sh603588,环保工程及服务,未知位置,77.92,71.6,72.79,77.15,72.53,1782476,1.3458754E8,0.0441,7.163,110.6803,1.0,3.11686E9,1.246744E10,0.0871,0.0598
2015-07-24,高能环境,sh603588,环保工程及服务,未知位置,77.66,72.42,76.0,72.84,77.15,3029988,2.26515597E8,0.075,6.7628,104.4971,1.0,2.942736E9,1.1770944E10,0.0679,-0.0415
2015-07-27,高能环境,sh603588,环保工程及服务,未知位置,75.0,65.56,71.01,65.57,72.84,2757952,1.92895094E8,0.0683,6.0878,94.0675,1.0,2.649028E9,1.0596112E10,0.1295,-0.0766
2015-07-28,高能环境,sh603588,环保工程及服务,未知位置,67.99,59.01,60.88,64.26,65.57,2724229,1.69584936E8,0.0674,5.9662,92.1882,1.0,2.596104E9,1.0384416E10,0.1369,0.0555
2015-07-29,高能环境,sh603588,环保工程及服务,未知位置,68.59,62.0,65.0,68.13,64.26,1710761,1.12149552E8,0.0423,6.3255,97.7401,1.0,2.752452E9,1.1009808E10,0.1025,0.0481
2015-07-30,高能环境,sh603588,环保工程及服务,未知位置,69.45,64.0,68.89,64.48,68.13,3107201,2.1037254E8,0.0769,5.9866,92.5038,1.0,2.604992E9,1.0419968E10,0.0799,-0.064
2015-07-31,高能环境,sh603588,环保工程及服务,未知位置,67.5,62.0,65.0,63.05,64.48,2409971,1.55457142E8,0.0597,5.8539,90.4523,1.0,2.54722E9,1.018888E10,0.0852,-0.03
2015-08-03,高能环境,sh603588,环保工程及服务,未知位置,62.89,56.8,62.89,61.32,63.05,2398348,1.42810003E8,0.0594,5.6933,87.9704,1.0,2.477328E9,9.909312E9,0.0965,-0.0249
2015-08-04,高能环境,sh603588,环保工程及服务,未知位置,65.09,59.63,61.32,65.04,61.32,1888400,1.17998424E8,0.0467,6.0386,93.3072,1.0,2.627616E9,1.0510464E10,0.089,0.0606
2015-08-05,高能环境,sh603588,环保工程及服务,未知位置,67.48,63.52,65.1,65.88,65.04,2250897,1.47665025E8,0.0557,6.1166,94.5122,1.0,2.661552E9,1.0646208E10,0.0608,0.0119
2015-08-06,高能环境,sh603588,环保工程及服务,未知位置,66.39,63.08,63.81,64.07,65.88,1109121,7.1810772E7,0.0275,5.9486,91.9156,1.0,2.588428E9,1.0353712E10,0.0502,0.004
2015-08-07,高能环境,sh603588,环保工程及服务,未知位置,68.6,64.17,65.0,67.35,64.07,1684701,1.12188345E8,0.0417,6.2531,96.6211,1.0,2.72094E9,1.088376E10,0.0691,0.0361
2015-08-10,高能环境,sh603588,环保工程及服务,未知位置,71.9,67.49,69.0,71.63,67.35,1871897,1.30532677E8,0.0463,6.6505,102.7613,1.0,2.893852E9,1.1575408E10,0.0654,0.0381
2015-08-11,高能环境,sh603588,环保工程及服务,未知位置,73.8,71.02,71.77,71.28,71.63,1524900,1.10192856E8,0.0377,6.618,102.2591,1.0,2.879712E9,1.1518848E10,0.0388,-0.0068
2015-08-12,高能环境,sh603588,环保工程及服务,未知位置,71.67,69.2,70.47,70.7,71.28,1321776,9.3617039E7,0.0327,6.5641,101.4271,1.0,2.85628E9,1.142512E10,0.0346,0.0032
2015-08-13,高能环境,sh603588,环保工程及服务,未知位置,70.51,67.7,68.91,70.42,70.7,1617730,1.11772486E8,0.04,6.5381,101.0254,1.0,2.844968E9,1.1379872E10,0.0397,0.0219
2015-08-14,高能环境,sh603588,环保工程及服务,未知位置,71.0,69.0,70.8,70.1,70.42,1166631,8.1391635E7,0.0289,6.5084,100.5663,1.0,2.83204E9,1.132816E10,0.0284,-0.0098
2015-08-17,高能环境,sh603588,环保工程及服务,未知位置,71.28,69.08,71.28,70.68,70.1,1110653,7.7832057E7,0.0275,6.5623,101.3984,1.0,2.855472E9,1.1421888E10,0.0313,-0.0084
2015-08-18,高能环境,sh603588,环保工程及服务,未知位置,73.5,63.61,70.98,64.1,70.68,1376533,9.5013974E7,0.0341,5.9514,91.9586,1.0,2.58964E9,1.035856E10,0.1399,-0.0969
2015-08-19,高能环境,sh603588,环保工程及服务,未知位置,65.6,59.68,61.01,65.13,64.1,1207398,7.5437834E7,0.0299,6.047,93.4363,1.0,2.631252E9,1.0525008E10,0.0923,0.0675
2015-08-20,高能环境,sh603588,环保工程及服务,未知位置,65.01,61.58,64.4,62.06,65.13,739759,4.674823E7,0.0183,5.762,89.032,1.0,2.507224E9,1.0028896E10,0.0526,-0.0363
2015-08-21,高能环境,sh603588,环保工程及服务,未知位置,61.62,55.91,61.0,56.4,62.06,1490044,8.7510459E7,0.0369,5.2365,80.9121,1.0,2.27856E9,9.11424E9,0.092,-0.0754
2015-08-24,高能环境,sh603588,环保工程及服务,未知位置,54.33,50.76,52.51,50.76,56.4,2052295,1.05046103E8,0.0508,4.7128,72.8209,1.0,2.050704E9,8.202816E9,0.0632,-0.0333
2015-08-25,高能环境,sh603588,环保工程及服务,未知位置,51.77,46.01,46.3,47.26,50.76,3105112,1.50175557E8,0.0769,4.3879,67.7998,1.0,1.909304E9,7.637216E9,0.1134,0.0207
2015-08-26,高能环境,sh603588,环保工程及服务,未知位置,51.8,47.28,48.0,49.29,47.26,2753350,1.36820715E8,0.0682,4.5763,70.712,1.0,1.991316E9,7.965264E9,0.0956,0.0268
2015-08-27,高能环境,sh603588,环保工程及服务,未知位置,54.11,50.2,50.2,53.77,49.29,2161710,1.12941521E8,0.0535,4.9923,77.1391,1.0,2.172308E9,8.689232E9,0.0793,0.0711
2015-08-28,高能环境,sh603588,环保工程及服务,未知位置,57.08,52.58,53.6,56.95,53.77,2183184,1.19658924E8,0.054,5.2875,81.7012,1.0,2.30078E9,9.20312E9,0.0836,0.0625
2015-08-31,高能环境,sh603588,环保工程及服务,未知位置,57.18,52.7,55.4,54.2,56.95,1175891,6.417239E7,0.0291,5.0322,77.756,1.0,2.18968E9,8.75872E9,0.0786,-0.0216
2015-09-01,高能环境,sh603588,环保工程及服务,未知位置,54.2,48.78,54.2,48.78,54.2,1544388,7.7823844E7,0.0382,4.529,69.9804,1.0,1.970712E9,7.882848E9,0.1,-0.1
2015-09-02,高能环境,sh603588,环保工程及服务,未知位置,51.42,46.12,46.12,48.07,48.78,1146498,5.5692441E7,0.0284,4.4631,68.9618,1.0,1.942028E9,7.768112E9,0.1086,0.0422
2015-09-07,高能环境,sh603588,环保工程及服务,未知位置,52.88,48.48,49.17,51.55,48.07,2036717,1.0497794E8,0.0504,4.7862,73.9543,1.0,2.08262E9,8.33048E9,0.0915,0.0484
2015-09-08,高能环境,sh603588,环保工程及服务,未知位置,53.96,50.9,51.8,53.88,51.55,1332790,6.9968543E7,0.033,5.0025,77.2969,1.0,2.176752E9,8.707008E9,0.0593,0.0401
2015-09-09,高能环境,sh603588,环保工程及服务,未知位置,56.4,53.71,54.01,54.46,53.88,1689788,9.2878442E7,0.0418,5.0563,78.129,1.0,2.200184E9,8.800736E9,0.0499,0.0083
2015-09-10,高能环境,sh603588,环保工程及服务,未知位置,54.48,52.35,53.21,52.4,54.46,1067570,5.7022613E7,0.0264,4.8651,75.1737,1.0,2.11696E9,8.46784E9,0.0391,-0.0152
2015-09-11,高能环境,sh603588,环保工程及服务,未知位置,54.5,52.4,52.64,53.41,52.4,697667,3.7281198E7,0.0173,4.9588,76.6226,1.0,2.157764E9,8.631056E9,0.04,0.0146
2015-09-14,高能环境,sh603588,环保工程及服务,未知位置,54.22,48.07,53.41,48.07,53.41,1385307,7.0114885E7,0.0343,4.4631,68.9618,1.0,1.942028E9,7.768112E9,0.1151,-0.0999
2015-09-15,高能环境,sh603588,环保工程及服务,未知位置,50.38,47.11,48.01,48.61,48.07,1151105,5.6551349E7,0.0285,4.5132,69.7365,1.0,1.963844E9,7.855376E9,0.068,0.0124
2015-09-16,高能环境,sh603588,环保工程及服务,未知位置,53.47,48.58,49.1,53.47,48.61,1210351,6.1505487E7,0.03,4.9644,76.7087,1.0,2.160188E9,8.640752E9,0.1005,0.089
2015-09-17,高能环境,sh603588,环保工程及服务,未知位置,55.2,51.32,52.5,52.65,53.47,1462472,7.8162982E7,0.0362,4.8883,75.5323,1.0,2.12706E9,8.50824E9,0.0725,0.0028
2015-09-18,高能环境,sh603588,环保工程及服务,未知位置,53.7,52.1,53.01,52.59,52.65,921770,4.8798398E7,0.0228,4.8827,75.4462,1.0,2.124636E9,8.498544E9,0.0303,-0.0079
2015-09-21,高能环境,sh603588,环保工程及服务,未知位置,56.48,52.1,52.1,55.97,52.59,1524793,8.3846046E7,0.0377,5.1965,80.2952,1.0,2.261188E9,9.044752E9,0.0832,0.0742
2015-09-22,高能环境,sh603588,环保工程及服务,未知位置,58.67,56.0,56.0,58.16,55.97,2065961,1.19321953E8,0.0511,5.3999,83.437,1.0,2.349664E9,9.398656E9,0.0477,0.0385
2015-09-23,高能环境,sh603588,环保工程及服务,未知位置,58.61,56.96,57.18,57.79,58.16,1146162,6.6421317E7,0.0284,5.3655,82.9062,1.0,2.334716E9,9.338864E9,0.0283,0.0106
2015-09-24,高能环境,sh603588,环保工程及服务,未知位置,59.87,58.0,58.49,58.91,57.79,918220,5.4146246E7,0.0227,5.4695,84.513,1.0,2.379964E9,9.519856E9,0.0323,0.0071
2015-09-25,高能环境,sh603588,环保工程及服务,未知位置,59.09,55.02,58.7,57.17,58.91,1311880,7.5187844E7,0.0325,5.3079,82.0168,1.0,2.309668E9,9.238672E9,0.069,-0.026
2015-09-28,高能环境,sh603588,环保工程及服务,未知位置,58.2,55.98,57.04,58.0,57.17,834293,4.784954E7,0.0207,5.385,83.2075,1.0,2.3432E9,9.3728E9,0.0388,0.0168
2015-09-29,高能环境,sh603588,环保工程及服务,未知位置,58.12,56.61,57.1,57.8,58.0,606865,3.5068461E7,0.015,5.3664,82.9206,1.0,2.33512E9,9.34048E9,0.026,0.0122
2015-09-30,高能环境,sh603588,环保工程及服务,未知位置,58.2,56.09,57.8,57.9,57.8,859568,4.9691693E7,0.0213,5.3382,70.2276,1.0,2.33916E9,9.35664E9,0.0365,0.0017
2015-10-08,高能环境,sh603588,环保工程及服务,未知位置,61.0,59.09,60.0,60.85,57.9,883089,5.3257584E7,0.0219,5.6101,73.8056,1.0,2.45834E9,9.83336E9,0.0329,0.0141
2015-10-09,高能环境,sh603588,环保工程及服务,未知位置,62.39,60.35,60.9,60.89,60.85,906055,5.5514338E7,0.0224,5.6138,73.8542,1.0,2.459956E9,9.839824E9,0.0335,-1.0E-4
2015-10-12,高能环境,sh603588,环保工程及服务,未知位置,66.85,60.6,61.5,63.72,60.89,1820930,1.166601E8,0.0451,5.8747,77.2867,1.0,2.574288E9,1.0297152E10,0.1026,0.036
2015-10-13,高能环境,sh603588,环保工程及服务,未知位置,64.48,61.87,62.89,63.52,63.72,1113517,7.0253574E7,0.0276,5.8563,77.0441,1.0,2.566208E9,1.0264832E10,0.0409,0.01
2015-10-14,高能环境,sh603588,环保工程及服务,未知位置,63.72,61.8,63.53,61.97,63.52,976418,6.1098006E7,0.0242,5.7134,75.1641,1.0,2.503588E9,1.0014352E10,0.0302,-0.0245
2015-10-15,高能环境,sh603588,环保工程及服务,未知位置,65.85,61.1,61.2,65.4,61.97,1709425,1.09826997E8,0.0423,6.0296,79.3244,1.0,2.64216E9,1.056864E10,0.0766,0.0686
2015-10-16,高能环境,sh603588,环保工程及服务,未知位置,66.79,64.0,65.19,65.84,65.4,1357099,8.8698799E7,0.0336,6.0702,79.8581,1.0,2.659936E9,1.0639744E10,0.0426,0.0099
2015-10-19,高能环境,sh603588,环保工程及服务,未知位置,67.7,64.8,65.75,66.79,65.84,1555911,1.03445803E8,0.0385,6.1578,81.0103,1.0,2.698316E9,1.0793264E10,0.044,0.0158
2015-10-20,高能环境,sh603588,环保工程及服务,未知位置,66.5,63.8,66.2,65.71,66.79,1247722,8.133202E7,0.0309,6.0582,79.7004,1.0,2.654684E9,1.0618736E10,0.0404,-0.0074
2015-10-21,高能环境,sh603588,环保工程及服务,未知位置,65.7,59.15,65.06,59.24,65.71,1853118,1.16811773E8,0.0459,5.4617,71.8529,1.0,2.393296E9,9.573184E9,0.0996,-0.0894
2015-10-22,高能环境,sh603588,环保工程及服务,未知位置,62.4,60.01,60.01,61.78,59.24,1072289,6.5814265E7,0.0265,5.6959,74.9337,1.0,2.495912E9,9.983648E9,0.0403,0.0294
2015-10-23,高能环境,sh603588,环保工程及服务,未知位置,66.49,61.47,61.47,66.25,61.78,1725082,1.10051194E8,0.0427,6.108,80.3554,1.0,2.6765E9,1.0706E10,0.0812,0.0777
2015-10-26,高能环境,sh603588,环保工程及服务,未知位置,72.88,69.3,69.81,71.51,66.25,4143746,2.95821635E8,0.1026,6.5929,86.7353,1.0,2.889004E9,1.1556016E10,0.054,0.0243
2015-10-27,高能环境,sh603588,环保工程及服务,未知位置,73.88,68.09,69.0,73.85,71.51,2434184,1.7394245E8,0.0603,6.8087,89.5735,1.0,2.98354E9,1.193416E10,0.0809,0.0702
2015-10-28,高能环境,sh603588,环保工程及服务,未知位置,74.98,69.52,73.18,70.46,73.85,1259532,9.1604538E7,0.0312,6.4961,85.4617,1.0,2.846584E9,1.1386336E10,0.0739,-0.0371
2015-10-29,高能环境,sh603588,环保工程及服务,未知位置,73.8,70.5,70.5,72.45,70.46,930538,6.7267603E7,0.023,6.6796,87.8754,1.0,2.92698E9,1.170792E10,0.0468,0.0276
2015-10-30,高能环境,sh603588,环保工程及服务,未知位置,74.99,70.3,73.0,74.4,72.45,1102356,8.0784447E7,0.0273,6.8594,90.2406,1.0,3.00576E9,1.202304E10,0.0647,0.0191
2015-11-02,高能环境,sh603588,环保工程及服务,未知位置,80.0,71.2,72.0,76.09,74.4,1392485,1.05795756E8,0.0345,7.0152,92.2904,1.0,3.074036E9,1.2296144E10,0.1182,0.0568
2015-11-03,高能环境,sh603588,环保工程及服务,未知位置,77.0,73.59,75.55,75.51,76.09,940616,7.0730979E7,0.0233,6.9617,91.5869,1.0,3.050604E9,1.2202416E10,0.0448,-5.0E-4
2015-11-04,高能环境,sh603588,环保工程及服务,未知位置,78.9,75.92,75.92,77.91,75.51,1411065,1.08909881E8,0.0349,7.183,94.4979,1.0,3.147564E9,1.2590256E10,0.0394,0.0262
2015-11-05,高能环境,sh603588,环保工程及服务,未知位置,79.37,76.51,78.0,77.82,77.91,1273932,9.9176425E7,0.0315,7.1747,94.3888,1.0,3.143928E9,1.2575712E10,0.0367,-0.0023
2015-11-06,高能环境,sh603588,环保工程及服务,未知位置,79.0,77.6,77.6,78.94,77.82,947984,7.4228399E7,0.0235,7.278,95.7472,1.0,3.189176E9,1.2756704E10,0.0179,0.0172
2015-11-09,高能环境,sh603588,环保工程及服务,未知位置,81.31,75.88,78.39,80.76,78.94,1619889,1.28100322E8,0.0401,7.4458,97.9547,1.0,3.262704E9,1.3050816E10,0.0687,0.0302
2015-11-10,高能环境,sh603588,环保工程及服务,未知位置,85.5,79.1,80.0,82.58,80.76,1321827,1.09714905E8,0.0327,7.6136,100.1622,1.0,3.336232E9,1.3344928E10,0.0792,0.0322
2015-11-11,高能环境,sh603588,环保工程及服务,未知位置,86.68,81.18,81.4,86.62,82.58,1469074,1.24233601E8,0.0364,7.986,105.0624,1.0,3.499448E9,1.3997792E10,0.0666,0.0641
2015-11-12,高能环境,sh603588,环保工程及服务,未知位置,88.98,85.01,87.8,87.98,86.62,1334780,1.15794621E8,0.033,8.1114,106.7119,1.0,3.554392E9,1.4217568E10,0.0458,0.002
2015-11-13,高能环境,sh603588,环保工程及服务,未知位置,87.37,81.02,86.34,81.83,87.98,1675064,1.40788534E8,0.0415,7.5444,99.2525,1.0,3.305932E9,1.3223728E10,0.0721,-0.0522
2015-11-16,高能环境,sh603588,环保工程及服务,未知位置,82.96,78.01,78.5,82.79,81.83,699954,5.7139779E7,0.0173,7.6329,100.4169,1.0,3.344716E9,1.3378864E10,0.0604,0.0546
2015-11-17,高能环境,sh603588,环保工程及服务,未知位置,84.89,80.0,83.5,80.11,82.79,1878849,1.53392921E8,0.0465,7.3858,97.1663,1.0,3.236444E9,1.2945776E10,0.059,-0.0405
2015-11-18,高能环境,sh603588,环保工程及服务,未知位置,80.4,75.2,80.1,75.61,80.11,1602669,1.24534962E8,0.0397,6.9709,91.7082,1.0,3.054644E9,1.2218576E10,0.0649,-0.056
2015-11-19,高能环境,sh603588,环保工程及服务,未知位置,80.79,75.52,75.52,80.59,75.61,1378721,1.08162008E8,0.0341,7.4301,97.7485,1.0,3.255836E9,1.3023344E10,0.0696,0.0671
2015-11-20,高能环境,sh603588,环保工程及服务,未知位置,81.48,79.3,81.48,80.1,80.59,899908,7.2361867E7,0.0223,7.3849,97.1542,1.0,3.23604E9,1.294416E10,0.027,-0.0169
2015-11-23,高能环境,sh603588,环保工程及服务,未知位置,81.78,78.9,80.1,79.35,80.1,898744,7.2012568E7,0.0222,7.3158,96.2445,1.0,3.20574E9,1.282296E10,0.0359,-0.0093
2015-11-24,高能环境,sh603588,环保工程及服务,未知位置,82.18,79.35,79.35,81.99,79.35,1086040,8.7492197E7,0.0269,7.5592,99.4466,1.0,3.312396E9,1.3249584E10,0.0356,0.0332
2015-11-25,高能环境,sh603588,环保工程及服务,未知位置,84.51,81.99,82.3,83.38,81.99,1152889,9.6083999E7,0.0285,7.6873,101.1325,1.0,3.368552E9,1.3474208E10,0.0307,0.0131
2015-11-26,高能环境,sh603588,环保工程及服务,未知位置,84.0,81.4,83.9,82.02,83.38,949302,7.8858875E7,0.0235,7.5619,99.483,1.0,3.313608E9,1.3254432E10,0.0311,-0.0224
2015-11-27,高能环境,sh603588,环保工程及服务,未知位置,83.0,73.82,82.15,74.88,82.02,1862594,1.44710913E8,0.0461,6.9036,90.8228,1.0,3.025152E9,1.2100608E10,0.1119,-0.0884
2015-11-30,高能环境,sh603588,环保工程及服务,未知位置,78.95,74.0,75.35,77.63,74.88,1792252,1.37965703E8,0.0444,7.1572,94.1583,1.0,3.136252E9,1.2545008E10,0.0661,0.0302
2015-12-01,高能环境,sh603588,环保工程及服务,未知位置,85.39,77.63,78.0,85.18,77.63,4508003,3.81958898E8,0.1116,7.8533,103.3158,1.0,3.441272E9,1.3765088E10,0.0999,0.092
2015-12-02,高能环境,sh603588,环保工程及服务,未知位置,82.8,76.66,82.8,79.39,85.18,2948411,2.33594798E8,0.073,7.3194,96.293,1.0,3.207356E9,1.2829424E10,0.072,-0.0411
2015-12-03,高能环境,sh603588,环保工程及服务,未知位置,82.34,79.21,79.4,80.4,79.39,1427537,1.14492892E8,0.0353,7.4126,97.5181,1.0,3.24816E9,1.299264E10,0.0394,0.0125
2015-12-04,高能环境,sh603588,环保工程及服务,未知位置,82.5,78.0,80.25,79.26,80.4,1378792,1.10600534E8,0.0341,7.3075,96.1353,1.0,3.202104E9,1.2808416E10,0.0559,-0.0123
2015-12-07,高能环境,sh603588,环保工程及服务,未知位置,81.98,77.78,79.9,79.03,79.26,1668079,1.32165641E8,0.0413,7.2863,95.8564,1.0,3.192812E9,1.2771248E10,0.0529,-0.0108
2015-12-08,高能环境,sh603588,环保工程及服务,未知位置,79.29,76.73,79.05,77.9,79.03,1052529,8.2021012E7,0.0261,7.1821,94.4858,1.0,3.14716E9,1.258864E10,0.0323,-0.0145
2015-12-09,高能环境,sh603588,环保工程及服务,未知位置,77.87,76.09,77.13,76.46,77.9,982300,7.5299611E7,0.0243,7.0493,92.7392,1.0,3.088984E9,1.2355936E10,0.0228,-0.0086
2015-12-10,高能环境,sh603588,环保工程及服务,未知位置,76.99,74.7,75.6,75.26,76.46,1050126,7.9333004E7,0.026,6.9387,91.2837,1.0,3.040504E9,1.2162016E10,0.0299,-0.0044
2015-12-11,高能环境,sh603588,环保工程及服务,未知位置,77.6,74.01,75.25,76.32,75.26,820398,6.2681262E7,0.0203,7.0364,92.5694,1.0,3.083328E9,1.2333312E10,0.0477,0.0142
2015-12-14,高能环境,sh603588,环保工程及服务,未知位置,78.6,75.25,75.98,78.36,76.32,848314,6.6121009E7,0.021,7.2245,95.0437,1.0,3.165744E9,1.2662976E10,0.0438,0.0313
2015-12-15,高能环境,sh603588,环保工程及服务,未知位置,78.42,77.29,77.29,78.01,78.36,612887,4.7784738E7,0.0152,7.1922,94.6192,1.0,3.151604E9,1.2606416E10,0.0144,0.0093
2015-12-16,高能环境,sh603588,环保工程及服务,未知位置,79.21,77.61,78.01,78.72,78.01,726727,5.6981054E7,0.018,7.2577,95.4804,1.0,3.180288E9,1.2721152E10,0.0205,0.0091
2015-12-17,高能环境,sh603588,环保工程及服务,未知位置,80.95,78.35,78.89,80.91,78.72,1198955,9.5726665E7,0.0297,7.4596,98.1366,1.0,3.268764E9,1.3075056E10,0.033,0.0256
2015-12-18,高能环境,sh603588,环保工程及服务,未知位置,81.94,79.51,81.09,79.89,80.91,1137126,9.1523153E7,0.0281,7.3655,96.8995,1.0,3.227556E9,1.2910224E10,0.03,-0.0147
2015-12-21,高能环境,sh603588,环保工程及服务,未知位置,79.88,77.3,78.68,78.25,79.89,849041,6.6377828E7,0.021,7.2143,94.9103,1.0,3.1613E9,1.26452E10,0.0322,-0.0054
2015-12-22,高能环境,sh603588,环保工程及服务,未知位置,79.38,77.58,78.25,78.63,78.25,1266517,9.9299878E7,0.0313,7.2494,95.3712,1.0,3.176652E9,1.2706608E10,0.023,0.0048
2015-12-23,高能环境,sh603588,环保工程及服务,未知位置,78.4,75.8,78.4,76.08,78.63,1776058,1.36256584E8,0.044,7.0143,92.2783,1.0,3.073632E9,1.2294528E10,0.033,-0.0295
2015-12-24,高能环境,sh603588,环保工程及服务,未知位置,76.88,73.88,76.19,76.58,76.08,1250572,9.3870982E7,0.031,7.0604,92.8847,1.0,3.093832E9,1.2375328E10,0.0394,0.0051
2015-12-25,高能环境,sh603588,环保工程及服务,未知位置,77.77,75.9,75.96,76.59,76.58,808580,6.2131213E7,0.02,7.0613,92.8969,1.0,3.094236E9,1.2376944E10,0.0244,0.0082
2015-12-28,高能环境,sh603588,环保工程及服务,未知位置,78.58,76.35,76.9,76.56,76.59,1227996,9.526888E7,0.0304,7.0585,92.8605,1.0,3.093024E9,1.2372096E10,0.0291,-0.0044
2015-12-29,高能环境,sh603588,环保工程及服务,未知位置,77.12,74.03,76.8,74.99,76.56,1481644,1.11105522E8,0.0122,6.9138,90.9562,1.0,9.102151218E9,1.2118384E10,0.0403,-0.0235
2015-12-30,高能环境,sh603588,环保工程及服务,未知位置,76.47,74.05,74.94,76.21,74.99,823070,6.1786372E7,0.0068,7.0263,92.436,1.0,9.250232622E9,1.2315536E10,0.0322,0.0169
2015-12-31,高能环境,sh603588,环保工程及服务,未知位置,80.0,76.48,77.0,78.27,76.21,2066073,1.63188128E8,0.017,7.2162,94.9346,1.0,9.500271714E9,1.2648432E10,0.0461,0.0164
2016-01-04,高能环境,sh603588,环保工程及服务,未知位置,79.5,70.44,79.5,71.47,78.27,987748,7.4343744E7,0.0081,6.5893,86.6868,1.0,8.674899954E9,1.1549552E10,0.1157,-0.101
2016-01-05,高能环境,sh603588,环保工程及服务,未知位置,72.99,67.5,68.0,69.28,71.47,1599817,1.12988167E8,0.0132,6.3873,84.0305,1.0,8.409081696E9,1.1195648E10,0.0768,0.0188
2016-01-06,高能环境,sh603588,环保工程及服务,未知位置,70.77,67.91,69.29,70.33,69.28,923291,6.3895409E7,0.0076,6.4841,85.304,1.0,8.536528806E9,1.1365328E10,0.0412,0.015
2016-01-07,高能环境,sh603588,环保工程及服务,未知位置,68.97,63.3,68.97,63.33,70.33,354696,2.3516097E7,0.0029,5.8388,76.8137,1.0,7.686881406E9,1.0234128E10,0.0806,-0.0817
2016-01-08,高能环境,sh603588,环保工程及服务,未知位置,67.09,60.11,64.09,65.03,63.33,1590038,1.01926863E8,0.0131,5.9955,78.8756,1.0,7.893224346E9,1.0508848E10,0.1102,0.0146
2016-01-11,高能环境,sh603588,环保工程及服务,未知位置,63.99,58.53,63.99,58.53,65.03,1834220,1.10523975E8,0.0151,5.3962,70.9917,1.0,7.104266046E9,9.458448E9,0.0839,-0.0853
2016-01-12,高能环境,sh603588,环保工程及服务,未知位置,59.93,55.0,59.78,58.23,58.53,1460111,8.3729883E7,0.012,5.3686,70.6278,1.0,7.067852586E9,9.409968E9,0.0842,-0.0259
2016-01-13,高能环境,sh603588,环保工程及服务,未知位置,59.8,55.45,58.8,56.98,58.23,1135892,6.4876318E7,0.0094,5.2533,69.1117,1.0,6.916129836E9,9.207968E9,0.0747,-0.0309
2016-01-14,高能环境,sh603588,环保工程及服务,未知位置,58.68,53.58,55.0,57.71,56.98,1913485,1.08130066E8,0.0158,5.3206,69.9971,1.0,7.004735922E9,9.325936E9,0.0895,0.0492
2016-01-15,高能环境,sh603588,环保工程及服务,未知位置,57.38,53.5,57.38,53.82,57.71,1367097,7.5938569E7,0.0113,4.962,65.2789,1.0,6.532574724E9,8.697312E9,0.0672,-0.062
2016-01-18,高能环境,sh603588,环保工程及服务,未知位置,55.15,51.0,52.0,54.32,53.82,948308,5.1295258E7,0.0078,5.0081,65.8853,1.0,6.593263824E9,8.778112E9,0.0771,0.0446
2016-01-19,高能环境,sh603588,环保工程及服务,未知位置,56.9,53.51,54.32,56.56,54.32,1299953,7.2615938E7,0.0107,5.2146,68.6023,1.0,6.865150992E9,9.140096E9,0.0624,0.0412
2016-01-20,高能环境,sh603588,环保工程及服务,未知位置,59.0,55.83,56.59,57.37,56.56,1727304,9.9973088E7,0.0142,5.2893,69.5847,1.0,6.963467334E9,9.270992E9,0.056,0.0137
2016-01-21,高能环境,sh603588,环保工程及服务,未知位置,58.05,54.56,56.25,54.91,57.37,1007136,5.6835475E7,0.0083,5.0625,66.601,1.0,6.664876962E9,8.873456E9,0.0608,-0.0238
2016-01-22,高能环境,sh603588,环保工程及服务,未知位置,56.2,53.99,54.91,55.5,54.91,929631,5.1190141E7,0.0077,5.1169,67.3166,1.0,6.7364901E9,8.9688E9,0.0402,0.0107
2016-01-25,高能环境,sh603588,环保工程及服务,未知位置,57.8,56.16,56.6,57.27,55.5,739377,4.207991E7,0.0061,5.2801,69.4634,1.0,6.951329514E9,9.254832E9,0.0295,0.0118
2016-01-26,高能环境,sh603588,环保工程及服务,未知位置,59.32,52.0,56.9,54.28,57.27,1528848,8.7100766E7,0.0126,5.0044,65.8368,1.0,6.588408696E9,8.771648E9,0.1278,-0.046
2016-01-27,高能环境,sh603588,环保工程及服务,未知位置,55.1,49.6,54.0,51.97,54.28,1364622,7.1207991E7,0.0112,4.7914,63.035,1.0,6.308025054E9,8.398352E9,0.1013,-0.0375
2016-01-28,高能环境,sh603588,环保工程及服务,未知位置,53.2,50.5,51.16,51.29,51.97,805083,4.17697E7,0.0066,4.7287,62.2102,1.0,6.225487878E9,8.288464E9,0.0519,0.0025
2016-01-29,高能环境,sh603588,环保工程及服务,未知位置,54.0,48.0,51.29,53.01,51.29,1986252,1.01344054E8,0.0164,4.8873,64.2964,1.0,6.434258382E9,8.566416E9,0.1169,0.0335
2016-02-01,高能环境,sh603588,环保工程及服务,未知位置,52.8,49.94,52.8,50.66,53.01,903379,4.6569023E7,0.0074,4.6707,61.4461,1.0,6.149019612E9,8.186656E9,0.0539,-0.0405
2016-02-02,高能环境,sh603588,环保工程及服务,未知位置,53.2,50.53,50.58,52.66,50.66,723169,3.7909074E7,0.006,4.855,63.8719,1.0,6.391776012E9,8.509856E9,0.0527,0.0411
2016-02-03,高能环境,sh603588,环保工程及服务,未知位置,53.79,51.75,51.75,53.42,52.66,628676,3.3166946E7,0.0052,4.9251,64.7937,1.0,6.484023444E9,8.632672E9,0.0387,0.0322
2016-02-04,高能环境,sh603588,环保工程及服务,未知位置,55.4,53.42,53.88,54.94,53.42,673280,3.6838626E7,0.0055,5.0653,66.6373,1.0,6.668518308E9,8.878304E9,0.037,0.0196
2016-02-05,高能环境,sh603588,环保工程及服务,未知位置,60.0,54.66,55.0,58.18,54.94,1615309,9.2822013E7,0.0133,5.364,70.5672,1.0,7.061783676E9,9.401888E9,0.0971,0.0578
2016-02-15,高能环境,sh603588,环保工程及服务,未知位置,57.65,54.0,54.0,56.81,58.18,835708,4.6925893E7,0.0069,5.2377,68.9055,1.0,6.895495542E9,9.180496E9,0.0627,0.052
2016-02-16,高能环境,sh603588,环保工程及服务,未知位置,59.47,56.96,56.98,58.45,56.81,995496,5.8429049E7,0.0082,5.3889,70.8947,1.0,7.09455579E9,9.44552E9,0.0441,0.0257
2016-02-17,高能环境,sh603588,环保工程及服务,未知位置,59.77,57.7,58.14,59.03,58.45,1042440,6.1218839E7,0.0086,5.4423,71.5981,1.0,7.164955146E9,9.539248E9,0.0354,0.0153
2016-02-18,高能环境,sh603588,环保工程及服务,未知位置,60.68,59.03,59.77,59.41,59.03,1483181,8.8703887E7,0.0122,5.4774,72.0591,1.0,7.211078862E9,9.600656E9,0.0279,-0.006
2016-02-19,高能环境,sh603588,环保工程及服务,未知位置,60.48,58.8,59.4,59.48,59.41,1108021,6.5683521E7,0.0091,5.4838,72.144,1.0,7.219575336E9,9.611968E9,0.0282,0.0013
2016-02-22,高能环境,sh603588,环保工程及服务,未知位置,64.43,60.01,60.01,62.67,59.48,1761105,1.09923198E8,0.0145,5.7779,76.0131,1.0,7.606771794E9,1.0127472E10,0.0743,0.0443
2016-02-23,高能环境,sh603588,环保工程及服务,未知位置,63.79,61.86,62.8,62.98,62.67,888381,5.5605425E7,0.0073,5.8065,76.3891,1.0,7.644399036E9,1.0177568E10,0.0307,0.0028
2016-02-24,高能环境,sh603588,环保工程及服务,未知位置,64.4,62.0,62.97,64.27,62.98,1057498,6.6488449E7,0.0087,5.9254,77.9538,1.0,7.800976914E9,1.0386032E10,0.0381,0.0206
2016-02-25,高能环境,sh603588,环保工程及服务,未知位置,64.27,57.84,64.27,57.84,64.27,1453199,8.684522E7,0.012,5.3326,70.1548,1.0,7.020515088E9,9.346944E9,0.1,-0.1
2016-02-26,高能环境,sh603588,环保工程及服务,未知位置,59.05,56.7,58.5,57.93,57.84,728034,4.2018087E7,0.006,5.3409,70.2639,1.0,7.031439126E9,9.361488E9,0.0406,-0.0097
2016-02-29,高能环境,sh603588,环保工程及服务,未知位置,55.98,52.14,55.98,52.24,57.93,1346055,7.0975508E7,0.0111,4.8163,63.3625,1.0,6.340797168E9,8.441984E9,0.0662,-0.0668
2016-03-01,高能环境,sh603588,环保工程及服务,未知位置,53.42,50.1,52.5,52.83,52.24,813525,4.2373804E7,0.0067,4.8707,64.0781,1.0,6.412410306E9,8.537328E9,0.0635,0.0062
2016-03-02,高能环境,sh603588,环保工程及服务,未知位置,56.5,52.28,52.34,55.4,52.83,1331011,7.2126621E7,0.011,5.1077,67.1953,1.0,6.72435228E9,8.95264E9,0.0798,0.0584
2016-03-03,高能环境,sh603588,环保工程及服务,未知位置,56.45,54.4,55.13,54.98,55.4,1033008,5.7176489E7,0.0085,5.0689,66.6859,1.0,6.673373436E9,8.884768E9,0.037,-0.0027
2016-03-04,高能环境,sh603588,环保工程及服务,未知位置,55.17,50.51,54.98,51.49,54.98,1473012,7.6758193E7,0.0121,4.7472,62.4528,1.0,6.249763518E9,8.320784E9,0.0847,-0.0634
2016-03-07,高能环境,sh603588,环保工程及服务,未知位置,53.3,50.59,52.88,51.89,51.49,848298,4.4259788E7,0.007,4.7841,62.938,1.0,6.298314798E9,8.385424E9,0.0526,-0.0187
2016-03-08,高能环境,sh603588,环保工程及服务,未知位置,51.95,49.01,51.95,51.59,51.89,1087406,5.4597005E7,0.009,4.7564,62.5741,1.0,6.261901338E9,8.336944E9,0.0566,-0.0069
2016-03-09,高能环境,sh603588,环保工程及服务,未知位置,51.89,49.1,50.33,49.95,51.59,722325,3.6321842E7,0.006,4.6052,60.5849,1.0,6.06284109E9,8.07192E9,0.054,-0.0075
2016-03-10,高能环境,sh603588,环保工程及服务,未知位置,50.76,49.68,50.12,50.28,49.95,914037,4.5844242E7,0.0075,4.6356,60.9852,1.0,6.102895896E9,8.125248E9,0.0216,0.0031
2016-03-11,高能环境,sh603588,环保工程及服务,未知位置,51.95,49.5,49.5,50.99,50.28,983964,5.004564E7,0.0081,4.7011,61.8463,1.0,6.189074418E9,8.239984E9,0.0487,0.0301
2016-03-14,高能环境,sh603588,环保工程及服务,未知位置,54.27,51.21,51.21,53.48,50.99,1462838,7.7854479E7,0.0121,4.9306,64.8665,1.0,6.491306136E9,8.642368E9,0.06,0.0443
2016-03-15,高能环境,sh603588,环保工程及服务,未知位置,56.3,53.23,54.0,53.78,53.48,1661526,9.1078071E7,0.0137,4.9583,65.2304,1.0,6.527719596E9,8.690848E9,0.0574,-0.004
2016-03-16,高能环境,sh603588,环保工程及服务,未知位置,54.5,51.81,53.95,52.01,53.78,1027097,5.4122536E7,0.0085,4.7951,63.0835,1.0,6.312880182E9,8.404816E9,0.05,-0.0359
2016-03-17,高能环境,sh603588,环保工程及服务,未知位置,55.5,52.01,52.6,55.18,52.01,1590022,8.5690264E7,0.0131,5.0874,66.9284,1.0,6.697649076E9,8.917088E9,0.0671,0.049
2016-03-18,高能环境,sh603588,环保工程及服务,未知位置,57.62,55.2,55.2,56.64,55.18,1457690,8.2375099E7,0.012,5.222,68.6993,1.0,6.874861248E9,9.153024E9,0.0438,0.026
2016-03-21,高能环境,sh603588,环保工程及服务,未知位置,58.5,56.95,56.95,57.77,56.64,1302747,7.5013702E7,0.0107,5.3262,70.0699,1.0,7.012018614E9,9.335632E9,0.0273,0.0143
2016-03-22,高能环境,sh603588,环保工程及服务,未知位置,58.18,56.5,57.61,57.59,57.77,1014962,5.8097858E7,0.0084,5.3096,69.8516,1.0,6.990170538E9,9.306544E9,0.029,-3.0E-4
2016-03-23,高能环境,sh603588,环保工程及服务,未知位置,59.5,57.2,57.5,58.95,57.59,1004264,5.8716612E7,0.0083,5.435,71.5011,1.0,7.15524489E9,9.52632E9,0.0399,0.0252
2016-03-24,高能环境,sh603588,环保工程及服务,未知位置,60.3,57.1,59.0,59.0,58.95,1207783,7.0889115E7,0.01,5.4396,71.5618,1.0,7.1613138E9,9.5344E9,0.0542,0.0
2016-03-25,高能环境,sh603588,环保工程及服务,未知位置,62.98,59.5,61.2,60.81,59.0,2349733,1.43879552E8,0.0194,5.6064,73.7571,1.0,7.381008342E9,9.826896E9,0.0589,-0.0063
2016-03-28,高能环境,sh603588,环保工程及服务,未知位置,61.5,58.48,60.7,60.45,60.81,1650596,9.8438149E7,0.0136,5.5733,73.3205,1.0,7.33731219E9,9.76872E9,0.0496,-0.0041
2016-03-29,高能环境,sh603588,环保工程及服务,未知位置,59.89,57.8,59.02,57.99,60.45,954591,5.5662264E7,0.0079,5.3464,70.3367,1.0,7.038721818E9,9.371184E9,0.0345,-0.0174
2016-03-30,高能环境,sh603588,环保工程及服务,未知位置,59.68,58.17,58.48,59.61,57.99,1015292,5.9787032E7,0.0084,5.4958,72.3016,1.0,7.235354502E9,9.632976E9,0.026,0.0193
2016-03-31,高能环境,sh603588,环保工程及服务,未知位置,61.65,59.59,59.59,60.6,59.61,1234532,7.4914101E7,0.0102,5.5871,73.5024,1.0,7.35551892E9,9.79296E9,0.0345,0.0169
2016-04-01,高能环境,sh603588,环保工程及服务,未知位置,60.78,59.01,60.2,60.02,60.6,771629,4.6124191E7,0.0064,5.5336,72.7989,1.0,7.285119564E9,9.699232E9,0.0292,-0.0029
2016-04-05,高能环境,sh603588,环保工程及服务,未知位置,61.88,59.16,59.16,61.74,60.02,986956,6.0386223E7,0.0081,5.6922,74.8851,1.0,7.493890068E9,9.977184E9,0.0453,0.0436
2016-04-06,高能环境,sh603588,环保工程及服务,未知位置,62.98,61.11,61.68,62.51,61.74,1398584,8.7016873E7,0.0115,5.7632,75.8191,1.0,7.587351282E9,1.0101616E10,0.0302,0.0134
2016-04-07,高能环境,sh603588,环保工程及服务,未知位置,64.0,61.75,62.51,62.4,62.51,1480384,9.3160632E7,0.0122,5.753,75.6857,1.0,7.57399968E9,1.008384E10,0.0359,-0.0017
2016-04-08,高能环境,sh603588,环保工程及服务,未知位置,65.75,61.02,62.18,65.44,62.4,2601652,1.67516856E8,0.0214,6.0333,79.3729,1.0,7.942989408E9,1.0575104E10,0.0758,0.0524
