2016-03-25
2012-05-29,顺威股份,sz002676,14.54,14.06,14.15,14.37,14.3,13.81,5241200,0.0,0.0,0.0,0.0335,0.0155
2012-05-30,顺威股份,sz002676,14.57,14.23,14.3,14.37,14.37,13.81,3565700,0.0,0.0,0.0,0.0236,0.0048
2012-05-31,顺威股份,sz002676,14.49,14.1,14.23,14.34,14.37,13.78,3439800,0.0,0.0,0.0,0.0271,0.0077
2012-06-01,顺威股份,sz002676,14.36,14.04,14.34,14.12,14.34,13.57,3660500,0.0,0.0,0.0,0.0223,-0.0153
2012-06-04,顺威股份,sz002676,13.89,13.68,13.89,13.7,14.12,13.17,3769200,0.0,0.0,0.0,0.0148,-0.0136
2012-06-05,顺威股份,sz002676,13.78,13.47,13.78,13.5,13.7,12.98,1972400,0.0,0.0,0.0,0.0226,-0.0203
2012-06-06,顺威股份,sz002676,13.66,13.49,13.53,13.56,13.5,13.03,1168900,0.0,0.0,0.0,0.0125,0.0022
2012-06-07,顺威股份,sz002676,13.85,13.41,13.65,13.44,13.56,12.92,1743400,0.0,0.0,0.0,0.0324,-0.0153
2012-06-08,顺威股份,sz002676,13.59,13.2,13.53,13.25,13.44,12.74,1517500,0.0,0.0,0.0,0.029,-0.0206
2012-06-11,顺威股份,sz002676,13.39,13.21,13.25,13.36,13.25,12.84,1296300,0.0,0.0,0.0,0.0135,0.0083
2012-06-12,顺威股份,sz002676,13.34,13.13,13.34,13.13,13.36,12.62,1313200,0.0,0.0,0.0,0.0157,-0.0157
2012-06-13,顺威股份,sz002676,13.33,13.12,13.17,13.33,13.13,12.81,1436500,0.0,0.0,0.0,0.0159,0.0121
2012-06-14,顺威股份,sz002676,13.49,13.29,13.33,13.36,13.33,12.84,2022600,0.0,0.0,0.0,0.015,0.0022
2012-06-15,顺威股份,sz002676,13.41,13.2,13.4,13.31,13.36,12.79,1285500,0.0,0.0,0.0,0.0157,-0.0067
2012-06-18,顺威股份,sz002676,13.77,13.34,13.35,13.62,13.31,13.09,2812300,0.0,0.0,0.0,0.0323,0.0202
2012-06-19,顺威股份,sz002676,13.6,13.48,13.6,13.52,13.62,13.0,1241500,0.0,0.0,0.0,0.0088,-0.0058
2012-06-20,顺威股份,sz002676,13.63,13.47,13.56,13.56,13.52,13.03,1125500,0.0,0.0,0.0,0.0118,0.0
2012-06-21,顺威股份,sz002676,13.58,13.29,13.5,13.31,13.56,12.79,1083600,0.0,0.0,0.0,0.0213,-0.014
2012-06-22,顺威股份,sz002676,13.31,13.31,13.31,13.31,13.31,12.79,0,0.0,0.0,0.0,0.0,0.0
2012-06-25,顺威股份,sz002676,13.36,13.0,13.31,13.0,13.31,12.5,944300,0.0,0.0,0.0,0.027,-0.0232
2012-06-26,顺威股份,sz002676,13.0,12.56,12.99,12.84,13.0,12.34,1326100,0.0,0.0,0.0,0.0338,-0.0115
2012-06-27,顺威股份,sz002676,13.33,12.77,12.86,12.98,12.84,12.48,1472100,0.0,0.0,0.0,0.0436,0.0093
2012-06-28,顺威股份,sz002676,13.0,12.67,12.96,12.7,12.98,12.21,1175800,0.0,0.0,0.0,0.0254,-0.02
2012-06-29,顺威股份,sz002676,12.94,12.68,12.7,12.88,12.7,12.38,1011900,0.0,0.0,0.0,0.0204,0.0141
2012-07-02,顺威股份,sz002676,13.07,12.87,12.95,12.95,12.88,12.45,858500,0.0,0.0,0.0,0.0155,0.0
2012-07-03,顺威股份,sz002676,13.42,12.88,13.0,13.29,12.95,12.77,2678100,0.0,0.0,0.0,0.0416,0.0223
2012-07-04,顺威股份,sz002676,13.39,13.04,13.39,13.09,13.29,12.58,1665700,0.0,0.0,0.0,0.0263,-0.0224
2012-07-05,顺威股份,sz002676,13.1,12.71,13.02,12.8,13.09,12.3,1289500,0.0,0.0,0.0,0.0297,-0.0168
2012-07-06,顺威股份,sz002676,13.05,12.75,12.88,13.02,12.8,12.51,1242900,0.0,0.0,0.0,0.0234,0.0108
2012-07-09,顺威股份,sz002676,12.97,12.66,12.88,12.67,13.02,12.18,1129400,0.0,0.0,0.0,0.0238,-0.0163
2012-07-10,顺威股份,sz002676,12.69,12.42,12.61,12.42,12.67,11.94,951800,0.0,0.0,0.0,0.0213,-0.015
2012-07-11,顺威股份,sz002676,12.51,12.39,12.45,12.5,12.42,12.01,549000,0.0,0.0,0.0,0.0096,0.004
2012-07-12,顺威股份,sz002676,12.68,12.43,12.44,12.6,12.5,12.11,712100,0.0,0.0,0.0,0.02,0.0128
2012-07-13,顺威股份,sz002676,12.62,12.4,12.56,12.4,12.6,11.92,1008500,0.0,0.0,0.0,0.0174,-0.0127
2012-07-16,顺威股份,sz002676,12.42,11.35,12.41,11.35,12.4,10.91,2498900,0.0,0.0,0.0,0.0862,-0.0854
2012-07-17,顺威股份,sz002676,11.43,11.28,11.28,11.3,11.35,10.86,647000,0.0,0.0,0.0,0.0132,0.0017
2012-07-18,顺威股份,sz002676,11.43,11.27,11.33,11.42,11.3,10.98,486000,0.0,0.0,0.0,0.0141,0.0079
2012-07-19,顺威股份,sz002676,11.61,11.33,11.42,11.49,11.42,11.04,915100,0.0,0.0,0.0,0.0245,0.0061
2012-07-20,顺威股份,sz002676,11.55,11.4,11.48,11.43,11.49,10.99,445500,0.0,0.0,0.0,0.013,-0.0043
2012-07-23,顺威股份,sz002676,11.47,11.3,11.47,11.35,11.43,10.91,400900,0.0,0.0,0.0,0.0148,-0.0104
2012-07-24,顺威股份,sz002676,11.55,11.27,11.33,11.55,11.35,11.1,610900,0.0,0.0,0.0,0.0246,0.0194
2012-07-25,顺威股份,sz002676,11.98,11.45,11.51,11.68,11.55,11.23,1637600,0.0,0.0,0.0,0.0458,0.0147
2012-07-26,顺威股份,sz002676,11.73,11.49,11.56,11.49,11.68,11.04,623100,0.0,0.0,0.0,0.0205,-0.006
2012-07-27,顺威股份,sz002676,11.6,11.48,11.55,11.5,11.49,11.05,351600,0.0,0.0,0.0,0.0104,-0.0043
2012-07-30,顺威股份,sz002676,11.62,11.32,11.58,11.33,11.5,10.89,398600,0.0,0.0,0.0,0.026,-0.0215
2012-07-31,顺威股份,sz002676,11.42,10.96,11.34,10.99,11.33,10.56,565400,0.0,0.0,0.0,0.0406,-0.0308
2012-08-01,顺威股份,sz002676,11.22,10.98,10.99,11.13,10.99,10.7,368300,0.0,0.0,0.0,0.0218,0.0127
2012-08-02,顺威股份,sz002676,11.18,10.91,11.15,10.95,11.13,10.52,339200,0.0,0.0,0.0,0.0242,-0.0179
2012-08-03,顺威股份,sz002676,11.24,10.95,10.96,11.2,10.95,10.77,494300,0.0,0.0,0.0,0.0264,0.0218
2012-08-06,顺威股份,sz002676,11.4,11.13,11.17,11.38,11.2,10.94,887900,0.0,0.0,0.0,0.0241,0.0188
2012-08-07,顺威股份,sz002676,11.47,11.3,11.3,11.43,11.38,10.99,766900,0.0,0.0,0.0,0.0149,0.0115
2012-08-08,顺威股份,sz002676,11.47,11.3,11.47,11.36,11.43,10.92,589100,0.0,0.0,0.0,0.0148,-0.0095
2012-08-09,顺威股份,sz002676,11.64,11.31,11.39,11.62,11.36,11.17,1078800,0.0,0.0,0.0,0.029,0.0201
2012-08-10,顺威股份,sz002676,11.66,11.52,11.62,11.56,11.62,11.11,849500,0.0,0.0,0.0,0.012,-0.0051
2012-08-13,顺威股份,sz002676,11.53,11.24,11.53,11.24,11.56,10.8,748600,0.0,0.0,0.0,0.025,-0.0251
2012-08-14,顺威股份,sz002676,11.37,11.12,11.23,11.33,11.24,10.89,622800,0.0,0.0,0.0,0.0222,0.0089
2012-08-15,顺威股份,sz002676,11.28,11.17,11.28,11.2,11.33,10.77,445600,0.0,0.0,0.0,0.0097,-0.007
2012-08-16,顺威股份,sz002676,11.29,11.16,11.18,11.21,11.2,10.77,422700,0.0,0.0,0.0,0.0116,0.0026
2012-08-17,顺威股份,sz002676,11.26,11.14,11.26,11.23,11.21,10.79,293900,0.0,0.0,0.0,0.0107,-0.0026
2012-08-20,顺威股份,sz002676,11.34,11.14,11.14,11.31,11.23,10.87,349600,0.0,0.0,0.0,0.0178,0.0152
2012-08-21,顺威股份,sz002676,11.61,11.25,11.25,11.55,11.31,11.1,1295200,0.0,0.0,0.0,0.0318,0.0266
2012-08-22,顺威股份,sz002676,11.58,11.38,11.54,11.43,11.55,10.99,682400,0.0,0.0,0.0,0.0173,-0.0095
2012-08-23,顺威股份,sz002676,11.73,11.36,11.39,11.69,11.43,11.24,1138100,0.0,0.0,0.0,0.0323,0.0263
2012-08-24,顺威股份,sz002676,11.63,11.42,11.62,11.44,11.69,11.0,639600,0.0,0.0,0.0,0.0179,-0.0154
2012-08-27,顺威股份,sz002676,11.39,11.19,11.34,11.25,11.44,10.81,460000,0.0,0.0,0.0,0.0174,-0.0079
2012-08-28,顺威股份,sz002676,11.22,10.93,11.0,11.0,11.25,10.57,1112000,0.0,0.0,0.0,0.0257,0.0
2012-08-29,顺威股份,sz002676,11.19,11.0,11.01,11.04,11.0,10.61,491700,0.0,0.0,0.0,0.0172,0.0027
2012-08-30,顺威股份,sz002676,11.09,10.7,10.99,10.83,11.04,10.41,717900,0.0,0.0,0.0,0.0353,-0.0145
2012-08-31,顺威股份,sz002676,10.89,10.69,10.76,10.78,10.83,10.36,471400,0.0,0.0,0.0,0.0184,0.0018
2012-09-03,顺威股份,sz002676,11.15,10.76,10.78,11.1,10.78,10.67,1015000,0.0,0.0,0.0,0.0361,0.0296
2012-09-04,顺威股份,sz002676,11.27,11.03,11.12,11.08,11.1,10.65,1147900,0.0,0.0,0.0,0.0216,-0.0035
2012-09-05,顺威股份,sz002676,11.14,10.93,10.99,11.08,11.08,10.65,885600,0.0,0.0,0.0,0.0189,0.0081
2012-09-06,顺威股份,sz002676,11.2,11.05,11.1,11.19,11.08,10.76,855900,0.0,0.0,0.0,0.0135,0.0081
2012-09-07,顺威股份,sz002676,11.55,11.21,11.3,11.46,11.19,11.02,2040800,0.0,0.0,0.0,0.0303,0.0141
2012-09-10,顺威股份,sz002676,11.57,11.42,11.46,11.55,11.46,11.1,1152300,0.0,0.0,0.0,0.013,0.0078
2012-09-11,顺威股份,sz002676,11.55,11.37,11.55,11.45,11.55,11.01,826400,0.0,0.0,0.0,0.0155,-0.0086
2012-09-12,顺威股份,sz002676,11.58,11.36,11.47,11.49,11.45,11.04,658100,0.0,0.0,0.0,0.0192,0.0017
2012-09-13,顺威股份,sz002676,11.49,11.28,11.49,11.28,11.49,10.84,585300,0.0,0.0,0.0,0.0182,-0.0182
2012-09-14,顺威股份,sz002676,11.49,11.21,11.33,11.36,11.28,10.92,1022600,0.0,0.0,0.0,0.0248,0.0026
2012-09-17,顺威股份,sz002676,11.39,11.0,11.39,11.02,11.36,10.59,653800,0.0,0.0,0.0,0.0343,-0.0324
2012-09-18,顺威股份,sz002676,11.12,10.88,11.02,10.95,11.02,10.52,394800,0.0,0.0,0.0,0.0217,-0.0063
2012-09-19,顺威股份,sz002676,11.18,10.95,10.95,11.04,10.95,10.61,381500,0.0,0.0,0.0,0.021,0.0082
2012-09-20,顺威股份,sz002676,11.07,10.72,11.07,10.72,11.04,10.3,556500,0.0,0.0,0.0,0.0317,-0.0316
2012-09-21,顺威股份,sz002676,10.8,10.57,10.8,10.59,10.72,10.18,368500,0.0,0.0,0.0,0.0214,-0.0194
2012-09-24,顺威股份,sz002676,10.58,10.26,10.58,10.45,10.59,10.04,548500,0.0,0.0,0.0,0.0302,-0.0122
2012-09-25,顺威股份,sz002676,10.49,10.35,10.41,10.36,10.45,9.96,288000,0.0,0.0,0.0,0.0133,-0.0048
2012-09-26,顺威股份,sz002676,10.44,10.08,10.35,10.15,10.36,9.76,498900,0.0,0.0,0.0,0.0347,-0.0193
2012-09-27,顺威股份,sz002676,10.79,10.07,10.12,10.38,10.15,9.98,921600,0.0,0.0,0.0,0.0709,0.0256
2012-09-28,顺威股份,sz002676,10.67,10.3,10.4,10.49,10.38,10.08,606600,0.0,0.0,0.0,0.0356,0.0086
2012-10-01,顺威股份,sz002676,10.49,10.49,10.49,10.49,10.49,10.08,0,0.0,0.0,0.0,0.0,0.0
2012-10-02,顺威股份,sz002676,10.49,10.49,10.49,10.49,10.49,10.08,0,0.0,0.0,0.0,0.0,0.0
2012-10-03,顺威股份,sz002676,10.49,10.49,10.49,10.49,10.49,10.08,0,0.0,0.0,0.0,0.0,0.0
2012-10-04,顺威股份,sz002676,10.49,10.49,10.49,10.49,10.49,10.08,0,0.0,0.0,0.0,0.0,0.0
2012-10-05,顺威股份,sz002676,10.49,10.49,10.49,10.49,10.49,10.08,0,0.0,0.0,0.0,0.0,0.0
2012-10-08,顺威股份,sz002676,10.58,10.4,10.57,10.47,10.49,10.06,234100,0.0,0.0,0.0,0.0171,-0.0094
2012-10-09,顺威股份,sz002676,10.98,10.45,10.5,10.79,10.47,10.37,1134800,0.0,0.0,0.0,0.0506,0.0276
2012-10-10,顺威股份,sz002676,10.87,10.66,10.79,10.81,10.79,10.39,786300,0.0,0.0,0.0,0.0194,0.0018
2012-10-11,顺威股份,sz002676,10.95,10.66,10.8,10.66,10.81,10.25,653100,0.0,0.0,0.0,0.0268,-0.0129
2012-10-12,顺威股份,sz002676,10.83,10.57,10.66,10.63,10.66,10.22,337200,0.0,0.0,0.0,0.0243,-0.0028
2012-10-15,顺威股份,sz002676,10.69,10.25,10.69,10.34,10.63,9.94,537100,0.0,0.0,0.0,0.0413,-0.0327
2012-10-16,顺威股份,sz002676,10.49,10.29,10.36,10.36,10.34,9.96,338300,0.0,0.0,0.0,0.0193,0.0
2012-10-17,顺威股份,sz002676,10.86,10.31,10.4,10.69,10.36,10.27,1378400,0.0,0.0,0.0,0.053,0.0278
2012-10-18,顺威股份,sz002676,11.0,10.53,10.66,10.74,10.69,10.32,1387300,0.0,0.0,0.0,0.0439,0.0075
2012-10-19,顺威股份,sz002676,10.77,10.59,10.74,10.6,10.74,10.19,680700,0.0,0.0,0.0,0.0167,-0.013
2012-10-22,顺威股份,sz002676,10.85,10.52,10.63,10.72,10.6,10.3,618300,0.0,0.0,0.0,0.0311,0.0084
2012-10-23,顺威股份,sz002676,10.73,10.58,10.66,10.58,10.72,10.17,380700,0.0,0.0,0.0,0.0139,-0.0075
2012-10-24,顺威股份,sz002676,10.78,10.51,10.55,10.64,10.58,10.23,427500,0.0,0.0,0.0,0.0255,0.0085
2012-10-25,顺威股份,sz002676,10.74,10.52,10.68,10.54,10.64,10.13,315200,0.0,0.0,0.0,0.0206,-0.0131
2012-10-26,顺威股份,sz002676,10.53,10.25,10.51,10.29,10.54,9.89,573200,0.0,0.0,0.0,0.0265,-0.0209
2012-10-29,顺威股份,sz002676,10.31,10.18,10.31,10.19,10.29,9.79,237300,0.0,0.0,0.0,0.0126,-0.0116
2012-10-30,顺威股份,sz002676,10.48,10.17,10.2,10.22,10.19,9.82,409000,0.0,0.0,0.0,0.0304,0.0019
2012-10-31,顺威股份,sz002676,10.33,10.22,10.27,10.33,10.22,9.93,194000,0.0,0.0,0.0,0.0107,0.0058
2012-11-01,顺威股份,sz002676,10.46,10.33,10.33,10.43,10.33,10.03,426300,0.0,0.0,0.0,0.0125,0.0096
2012-11-02,顺威股份,sz002676,10.47,10.36,10.47,10.43,10.43,10.03,337100,0.0,0.0,0.0,0.0105,-0.0038
2012-11-05,顺威股份,sz002676,10.47,10.4,10.42,10.45,10.43,10.04,191000,0.0,0.0,0.0,0.0067,0.0028
2012-11-06,顺威股份,sz002676,10.46,10.32,10.42,10.44,10.45,10.03,250100,0.0,0.0,0.0,0.0133,0.0019
2012-11-07,顺威股份,sz002676,10.67,10.43,10.46,10.61,10.44,10.2,898200,0.0,0.0,0.0,0.0229,0.0143
2012-11-08,顺威股份,sz002676,10.41,10.12,10.41,10.12,10.61,9.91,551800,0.0,0.0,0.0,0.0273,-0.0278
2012-11-09,顺威股份,sz002676,10.48,10.12,10.12,10.22,10.12,10.01,417700,0.0,0.0,0.0,0.0355,0.0098
2012-11-12,顺威股份,sz002676,10.33,10.12,10.21,10.18,10.22,9.97,306500,0.0,0.0,0.0,0.0205,-0.0029
2012-11-13,顺威股份,sz002676,10.22,9.91,10.18,9.93,10.18,9.73,468100,0.0,0.0,0.0,0.0304,-0.0245
2012-11-14,顺威股份,sz002676,10.01,9.89,9.91,10.01,9.93,9.81,182600,0.0,0.0,0.0,0.012,0.01
2012-11-15,顺威股份,sz002676,10.02,9.84,9.98,9.84,10.01,9.64,218200,0.0,0.0,0.0,0.0179,-0.014
2012-11-16,顺威股份,sz002676,9.81,9.6,9.75,9.62,9.84,9.42,368500,0.0,0.0,0.0,0.0213,-0.0133
2012-11-19,顺威股份,sz002676,9.68,9.51,9.62,9.65,9.62,9.45,172600,0.0,0.0,0.0,0.0176,0.0031
2012-11-20,顺威股份,sz002676,9.74,9.65,9.66,9.65,9.65,9.45,175500,0.0,0.0,0.0,0.0093,-0.001
2012-11-21,顺威股份,sz002676,9.78,9.6,9.66,9.78,9.65,9.58,203700,0.0,0.0,0.0,0.0186,0.0124
2012-11-22,顺威股份,sz002676,9.8,9.65,9.78,9.72,9.78,9.52,193600,0.0,0.0,0.0,0.0153,-0.0061
2012-11-23,顺威股份,sz002676,9.79,9.68,9.76,9.68,9.72,9.48,162800,0.0,0.0,0.0,0.0113,-0.0081
2012-11-26,顺威股份,sz002676,9.79,9.58,9.68,9.58,9.68,9.38,173800,0.0,0.0,0.0,0.0216,-0.0103
2012-11-27,顺威股份,sz002676,9.63,8.98,9.53,9.02,9.58,8.84,538400,0.0,0.0,0.0,0.0678,-0.0535
2012-11-28,顺威股份,sz002676,9.09,8.81,9.0,8.85,9.02,8.67,310500,0.0,0.0,0.0,0.031,-0.0166
2012-11-29,顺威股份,sz002676,8.89,8.55,8.84,8.62,8.85,8.44,243800,0.0,0.0,0.0,0.0384,-0.0248
2012-11-30,顺威股份,sz002676,8.67,8.55,8.61,8.63,8.62,8.45,197700,0.0,0.0,0.0,0.0139,0.0023
2012-12-03,顺威股份,sz002676,8.72,8.38,8.54,8.41,8.63,8.24,227600,0.0,0.0,0.0,0.0393,-0.0152
2012-12-04,顺威股份,sz002676,8.5,8.31,8.39,8.48,8.41,8.31,209300,0.0,0.0,0.0,0.0225,0.0107
2012-12-05,顺威股份,sz002676,8.83,8.4,8.48,8.77,8.48,8.59,510900,0.0,0.0,0.0,0.0507,0.0341
2012-12-06,顺威股份,sz002676,8.82,8.65,8.78,8.69,8.77,8.51,211900,0.0,0.0,0.0,0.0193,-0.0102
2012-12-07,顺威股份,sz002676,8.93,8.62,8.69,8.9,8.69,8.72,565700,0.0,0.0,0.0,0.0356,0.0241
2012-12-10,顺威股份,sz002676,9.05,8.85,8.9,9.02,8.9,8.84,573000,0.0,0.0,0.0,0.0224,0.0134
2012-12-11,顺威股份,sz002676,9.06,8.9,9.06,8.96,9.02,8.78,492700,0.0,0.0,0.0,0.0177,-0.011
2012-12-12,顺威股份,sz002676,9.02,8.75,9.01,8.87,8.96,8.69,312600,0.0,0.0,0.0,0.0301,-0.0155
2012-12-13,顺威股份,sz002676,8.87,8.72,8.79,8.74,8.87,8.56,284000,0.0,0.0,0.0,0.0169,-0.0056
2012-12-14,顺威股份,sz002676,9.3,8.75,8.75,9.14,8.74,8.95,1361500,0.0,0.0,0.0,0.0629,0.0445
2012-12-17,顺威股份,sz002676,9.21,9.11,9.13,9.18,9.14,8.99,649400,0.0,0.0,0.0,0.0109,0.0054
2012-12-18,顺威股份,sz002676,9.22,9.07,9.18,9.11,9.18,8.92,536700,0.0,0.0,0.0,0.0163,-0.0076
2012-12-19,顺威股份,sz002676,9.2,9.09,9.09,9.18,9.11,8.99,439200,0.0,0.0,0.0,0.012,0.0099
2012-12-20,顺威股份,sz002676,9.47,9.1,9.14,9.26,9.18,9.07,1072200,0.0,0.0,0.0,0.0403,0.0131
2012-12-21,顺威股份,sz002676,9.64,9.27,9.34,9.55,9.26,9.36,2028400,0.0,0.0,0.0,0.0399,0.0224
2012-12-24,顺威股份,sz002676,9.62,9.45,9.55,9.58,9.55,9.38,1104700,0.0,0.0,0.0,0.0178,0.0031
2012-12-25,顺威股份,sz002676,9.97,9.51,9.58,9.93,9.58,9.73,2309400,0.0,0.0,0.0,0.048,0.0365
2012-12-26,顺威股份,sz002676,10.87,9.97,9.97,10.8,9.93,10.58,4643700,0.0,0.0,0.0,0.0906,0.0832
2012-12-27,顺威股份,sz002676,11.03,10.45,10.83,10.45,10.8,10.24,3477700,0.0,0.0,0.0,0.0537,-0.035
2012-12-28,顺威股份,sz002676,10.65,10.24,10.32,10.61,10.45,10.39,2137100,0.0,0.0,0.0,0.0392,0.0281
2012-12-31,顺威股份,sz002676,10.78,10.48,10.61,10.5,10.61,10.29,1330500,0.0,0.0,0.0,0.0282,-0.0103
2013-01-04,顺威股份,sz002676,10.58,10.27,10.51,10.33,10.5,10.534076,1289864,0.0,0.0,0.0,0.0295,-0.0171
2013-01-07,顺威股份,sz002676,10.47,10.22,10.29,10.46,10.33,10.666647,1124218,0.0,0.0,0.0,0.0242,0.0165
2013-01-08,顺威股份,sz002676,10.64,10.36,10.39,10.54,10.46,10.748225,1299800,0.0,0.0,0.0,0.0267,0.0144
2013-01-09,顺威股份,sz002676,10.59,10.29,10.54,10.29,10.54,10.493288,1562447,0.0,0.0,0.0,0.0284,-0.0237
2013-01-10,顺威股份,sz002676,10.47,10.26,10.3,10.41,10.29,10.615661,1250732,0.0,0.0,0.0,0.0204,0.0106
2013-01-11,顺威股份,sz002676,10.45,10.11,10.43,10.12,10.41,10.31993,1095739,0.0,0.0,0.0,0.0326,-0.0297
2013-01-14,顺威股份,sz002676,10.53,10.11,10.12,10.47,10.12,10.676845,1473295,0.0,0.0,0.0,0.0415,0.0345
2013-01-15,顺威股份,sz002676,10.89,10.41,10.49,10.84,10.47,11.054153,3158081,0.0,0.0,0.0,0.0458,0.0333
2013-01-16,顺威股份,sz002676,11.03,10.72,10.81,10.99,10.84,11.207121,2977310,0.0,0.0,0.0,0.0285,0.0166
2013-01-17,顺威股份,sz002676,11.04,10.82,11.0,10.91,10.99,11.125545,1759975,0.0,0.0,0.0,0.02,-0.0081
2013-01-18,顺威股份,sz002676,11.48,10.8,10.98,11.39,10.91,11.615024,6361434,0.0,0.0,0.0,0.0623,0.0373
2013-01-21,顺威股份,sz002676,11.3,11.03,11.28,11.15,11.39,11.370283,2802861,0.0,0.0,0.0,0.0237,-0.0115
2013-01-22,顺威股份,sz002676,11.15,10.69,11.06,10.69,11.15,10.901191,2161639,0.0,0.0,0.0,0.0412,-0.0334
2013-01-23,顺威股份,sz002676,10.84,10.58,10.71,10.68,10.69,10.890999,892485,0.0,0.0,0.0,0.0243,-0.0028
2013-01-24,顺威股份,sz002676,10.91,10.17,10.75,10.34,10.68,10.544284,1725429,0.0,0.0,0.0,0.0692,-0.0381
2013-01-25,顺威股份,sz002676,10.5,10.26,10.4,10.36,10.34,10.564676,666164,0.0,0.0,0.0,0.0232,-0.0038
2013-01-28,顺威股份,sz002676,10.52,10.26,10.26,10.51,10.36,10.717642,937998,0.0,0.0,0.0,0.025,0.0243
2013-01-29,顺威股份,sz002676,10.67,10.4,10.53,10.59,10.51,10.799225,764789,0.0,0.0,0.0,0.0256,0.0056
2013-01-30,顺威股份,sz002676,10.63,10.4,10.58,10.49,10.59,10.6972475,840860,0.0,0.0,0.0,0.0217,-0.0085
2013-01-31,顺威股份,sz002676,10.6,10.26,10.48,10.47,10.49,10.676848,772082,0.0,0.0,0.0,0.0324,-9.0E-4
2013-02-01,顺威股份,sz002676,10.51,10.26,10.41,10.5,10.47,10.7074375,696030,0.0,0.0,0.0,0.0238,0.0086
2013-02-04,顺威股份,sz002676,10.53,10.29,10.5,10.38,10.5,10.585062,729243,0.0,0.0,0.0,0.0228,-0.0114
2013-02-05,顺威股份,sz002676,10.49,10.28,10.37,10.48,10.38,10.687038,627535,0.0,0.0,0.0,0.0202,0.0106
2013-02-06,顺威股份,sz002676,10.57,10.42,10.42,10.54,10.48,10.748221,727700,0.0,0.0,0.0,0.0143,0.0115
2013-02-07,顺威股份,sz002676,10.58,10.47,10.47,10.57,10.54,10.778811,604813,0.0,0.0,0.0,0.0104,0.0095
2013-02-08,顺威股份,sz002676,10.76,10.51,10.51,10.71,10.57,10.9215765,958471,0.0,0.0,0.0,0.0236,0.019
2013-02-18,顺威股份,sz002676,10.83,10.66,10.72,10.8,10.71,11.0133505,894754,0.0,0.0,0.0,0.0158,0.0074
2013-02-19,顺威股份,sz002676,10.93,10.61,10.78,10.7,10.8,10.911378,1076021,0.0,0.0,0.0,0.0296,-0.0074
2013-02-20,顺威股份,sz002676,10.87,10.62,10.67,10.87,10.7,11.084738,1110456,0.0,0.0,0.0,0.0233,0.0187
2013-02-21,顺威股份,sz002676,10.85,10.55,10.85,10.6,10.87,10.809404,1199333,0.0,0.0,0.0,0.0275,-0.023
2013-02-22,顺威股份,sz002676,10.67,10.46,10.6,10.52,10.6,10.727825,604432,0.0,0.0,0.0,0.0198,-0.0075
2013-02-25,顺威股份,sz002676,10.69,10.49,10.5,10.68,10.52,10.8909855,868575,0.0,0.0,0.0,0.019,0.0171
2013-02-26,顺威股份,sz002676,10.85,10.55,10.59,10.61,10.68,10.819606,940200,0.0,0.0,0.0,0.028,0.0018
2013-02-27,顺威股份,sz002676,10.77,10.57,10.58,10.65,10.61,10.860395,749950,0.0,0.0,0.0,0.0188,0.0066
2013-02-28,顺威股份,sz002676,10.99,10.63,10.65,10.9,10.65,11.115333,1609345,0.0,0.0,0.0,0.0338,0.0234
2013-03-01,顺威股份,sz002676,10.94,10.77,10.9,10.92,10.9,11.135729,1253549,0.0,0.0,0.0,0.0155,0.0018
2013-03-04,顺威股份,sz002676,10.9,10.55,10.9,10.6,10.92,10.809407,1034405,0.0,0.0,0.0,0.032,-0.0275
2013-03-05,顺威股份,sz002676,10.79,10.57,10.57,10.75,10.6,10.962372,685011,0.0,0.0,0.0,0.0207,0.017
2013-03-06,顺威股份,sz002676,10.95,10.76,10.76,10.95,10.75,11.1663265,1320358,0.0,0.0,0.0,0.0176,0.0176
2013-03-07,顺威股份,sz002676,11.98,10.88,11.02,11.85,10.95,12.084109,5813299,0.0,0.0,0.0,0.1004,0.0753
2013-03-08,顺威股份,sz002676,11.68,11.15,11.5,11.23,11.85,11.451857,5247010,0.0,0.0,0.0,0.0447,-0.0234
2013-03-11,顺威股份,sz002676,11.25,11.01,11.11,11.17,11.23,11.390669,1236548,0.0,0.0,0.0,0.0213,0.0054
2013-03-12,顺威股份,sz002676,11.27,10.59,11.18,10.79,11.17,11.003159,1916507,0.0,0.0,0.0,0.0608,-0.0348
2013-03-13,顺威股份,sz002676,10.85,10.43,10.74,10.55,10.79,10.758415,1019699,0.0,0.0,0.0,0.0389,-0.0176
2013-03-14,顺威股份,sz002676,10.83,10.55,10.55,10.55,10.55,10.758415,556450,0.0,0.0,0.0,0.0265,0.0
2013-03-15,顺威股份,sz002676,10.68,10.45,10.59,10.5,10.55,10.707431,870392,0.0,0.0,0.0,0.0218,-0.0084
2013-03-18,顺威股份,sz002676,10.54,10.11,10.5,10.14,10.5,10.340316,881626,0.0,0.0,0.0,0.0409,-0.0342
2013-03-19,顺威股份,sz002676,10.36,10.01,10.17,10.3,10.14,10.503476,496261,0.0,0.0,0.0,0.0345,0.0127
2013-03-20,顺威股份,sz002676,10.5,10.3,10.31,10.48,10.3,10.687035,658304,0.0,0.0,0.0,0.0194,0.0164
2013-03-21,顺威股份,sz002676,10.6,10.46,10.5,10.56,10.48,10.76862,785340,0.0,0.0,0.0,0.0133,0.0057
2013-03-22,顺威股份,sz002676,10.56,10.43,10.51,10.55,10.56,10.758422,442269,0.0,0.0,0.0,0.0123,0.0038
2013-03-25,顺威股份,sz002676,10.63,10.43,10.52,10.46,10.55,10.666642,507005,0.0,0.0,0.0,0.0189,-0.0057
2013-03-26,顺威股份,sz002676,10.5,10.26,10.45,10.35,10.46,10.554471,459139,0.0,0.0,0.0,0.0229,-0.0095
2013-03-27,顺威股份,sz002676,10.46,10.3,10.42,10.36,10.35,10.564667,432301,0.0,0.0,0.0,0.0154,-0.0057
2013-03-28,顺威股份,sz002676,10.32,10.0,10.32,10.02,10.36,10.217945,744418,0.0,0.0,0.0,0.0308,-0.029
2013-03-29,顺威股份,sz002676,10.11,10.0,10.03,10.01,10.02,10.207747,242799,0.0,0.0,0.0,0.0109,-0.0019
2013-04-01,顺威股份,sz002676,10.08,9.96,10.01,10.03,10.01,10.228143,341400,0.0,0.0,0.0,0.0119,0.0019
2013-04-02,顺威股份,sz002676,10.1,9.91,10.03,9.96,10.03,10.15676,362301,0.0,0.0,0.0,0.0189,-0.0069
2013-04-03,顺威股份,sz002676,10.01,9.7,9.98,9.8,9.96,9.993603,401947,0.0,0.0,0.0,0.0311,-0.018
2013-04-08,顺威股份,sz002676,9.87,9.6,9.72,9.86,9.8,10.054783,369933,0.0,0.0,0.0,0.0275,0.0144
2013-04-09,顺威股份,sz002676,9.98,9.85,9.85,9.9,9.86,10.095575,287221,0.0,0.0,0.0,0.0131,0.005
2013-04-10,顺威股份,sz002676,9.97,9.8,9.86,9.83,9.9,10.02419,422752,0.0,0.0,0.0,0.0171,-0.003
2013-04-11,顺威股份,sz002676,9.94,9.77,9.82,9.8,9.83,9.993596,169101,0.0,0.0,0.0,0.0172,-0.002
2013-04-12,顺威股份,sz002676,9.84,9.76,9.8,9.78,9.8,9.973199,81000,0.0,0.0,0.0,0.0081,-0.002
2013-04-15,顺威股份,sz002676,9.81,9.58,9.81,9.63,9.78,9.82024,204800,0.0,0.0,0.0,0.0235,-0.0183
2013-04-16,顺威股份,sz002676,9.65,9.46,9.55,9.65,9.63,9.840636,263047,0.0,0.0,0.0,0.0197,0.0104
2013-04-17,顺威股份,sz002676,9.7,9.61,9.65,9.68,9.65,9.871231,128090,0.0,0.0,0.0,0.0093,0.0031
2013-04-18,顺威股份,sz002676,9.75,9.6,9.64,9.7,9.68,9.891625,209958,0.0,0.0,0.0,0.0154,0.0062
2013-04-19,顺威股份,sz002676,9.85,9.67,9.7,9.84,9.7,10.03439,411211,0.0,0.0,0.0,0.0185,0.0144
2013-04-22,顺威股份,sz002676,9.86,9.75,9.81,9.86,9.84,10.0547905,301136,0.0,0.0,0.0,0.0111,0.005
2013-04-23,顺威股份,sz002676,9.85,9.63,9.8,9.64,9.86,9.830448,275948,0.0,0.0,0.0,0.0223,-0.0163
2013-04-24,顺威股份,sz002676,9.85,9.64,9.65,9.85,9.64,10.044595,368681,0.0,0.0,0.0,0.0217,0.0207
2013-04-25,顺威股份,sz002676,9.91,9.76,9.85,9.85,9.85,10.044595,474601,0.0,0.0,0.0,0.0152,0.0
2013-04-26,顺威股份,sz002676,9.99,9.71,9.85,9.79,9.85,9.983413,377041,0.0,0.0,0.0,0.0284,-0.006
2013-05-02,顺威股份,sz002676,9.84,9.73,9.84,9.83,9.79,10.024205,253209,0.0,0.0,0.0,0.0112,-0.001
2013-05-03,顺威股份,sz002676,9.96,9.78,9.88,9.92,9.83,10.115987,506009,0.0,0.0,0.0,0.0183,0.004
2013-05-06,顺威股份,sz002676,10.11,9.88,9.95,10.11,9.92,10.309738,747660,0.0,0.0,0.0,0.0231,0.016
2013-05-07,顺威股份,sz002676,10.15,10.01,10.1,10.12,10.11,10.319935,437360,0.0,0.0,0.0,0.0138,0.0019
2013-05-08,顺威股份,sz002676,10.16,10.04,10.15,10.13,10.12,10.330131,358048,0.0,0.0,0.0,0.0118,-0.0019
2013-05-09,顺威股份,sz002676,10.14,9.95,10.07,10.04,10.13,10.238348,380713,0.0,0.0,0.0,0.0187,-0.0029
2013-05-10,顺威股份,sz002676,10.55,10.02,10.02,10.46,10.04,10.666649,2127448,0.0,0.0,0.0,0.0527,0.0439
2013-05-13,顺威股份,sz002676,10.45,10.24,10.38,10.31,10.46,10.513689,1382795,0.0,0.0,0.0,0.02,-0.0067
2013-05-14,顺威股份,sz002676,10.36,10.12,10.3,10.23,10.31,10.432113,600311,0.0,0.0,0.0,0.0232,-0.0067
2013-05-15,顺威股份,sz002676,10.37,10.16,10.23,10.37,10.23,10.574877,549046,0.0,0.0,0.0,0.0205,0.0136
2013-05-16,顺威股份,sz002676,10.54,10.37,10.42,10.45,10.37,10.656462,1208995,0.0,0.0,0.0,0.0163,0.0028
2013-05-17,顺威股份,sz002676,10.63,10.34,10.45,10.57,10.45,10.77883,1329791,0.0,0.0,0.0,0.0277,0.0114
2013-05-20,顺威股份,sz002676,10.66,10.46,10.55,10.63,10.57,10.967481,1490565,0.0,0.0,0.0,0.0189,0.0075
2013-05-21,顺威股份,sz002676,10.68,10.52,10.68,10.63,10.63,10.967481,1143663,0.0,0.0,0.0,0.015,-0.0046
2013-05-22,顺威股份,sz002676,10.73,10.54,10.58,10.56,10.63,10.89526,1242591,0.0,0.0,0.0,0.0178,-0.0018
2013-05-23,顺威股份,sz002676,10.7,10.41,10.58,10.43,10.56,10.761128,1149980,0.0,0.0,0.0,0.0274,-0.0141
2013-05-24,顺威股份,sz002676,10.53,10.4,10.42,10.53,10.43,10.864306,624761,0.0,0.0,0.0,0.0124,0.0105
2013-05-27,顺威股份,sz002676,10.75,10.55,10.55,10.69,10.53,11.029389,1081888,0.0,0.0,0.0,0.0189,0.0132
2013-05-28,顺威股份,sz002676,10.71,10.5,10.61,10.62,10.69,10.957169,786889,0.0,0.0,0.0,0.0196,9.0E-4
2013-05-29,顺威股份,sz002676,10.85,10.55,10.62,10.79,10.62,11.132571,1371226,0.0,0.0,0.0,0.0282,0.016
2013-05-30,顺威股份,sz002676,10.79,10.65,10.79,10.72,10.79,11.060354,726298,0.0,0.0,0.0,0.0129,-0.0064
2013-05-31,顺威股份,sz002676,10.87,10.69,10.71,10.71,10.72,11.0500345,1093329,0.0,0.0,0.0,0.0167,0.0
2013-06-03,顺威股份,sz002676,10.83,10.58,10.7,10.74,10.71,11.080986,1194229,0.0,0.0,0.0,0.0233,0.0037
2013-06-04,顺威股份,sz002676,10.82,10.45,10.75,10.49,10.74,10.823054,1070622,0.0,0.0,0.0,0.0344,-0.0241
2013-06-05,顺威股份,sz002676,10.76,10.31,10.48,10.72,10.49,11.06036,1078645,0.0,0.0,0.0,0.0428,0.0229
2013-06-06,顺威股份,sz002676,10.82,10.66,10.7,10.7,10.72,11.0397215,1146579,0.0,0.0,0.0,0.0149,0.0
2013-06-07,顺威股份,sz002676,10.95,10.5,10.69,10.77,10.7,11.111943,2265769,0.0,0.0,0.0,0.042,0.0074
2013-06-13,顺威股份,sz002676,10.66,10.16,10.66,10.23,10.77,10.554802,1194886,0.0,0.0,0.0,0.0464,-0.0403
2013-06-14,顺威股份,sz002676,10.4,10.22,10.27,10.34,10.23,10.668298,709460,0.0,0.0,0.0,0.0175,0.0068
2013-06-17,顺威股份,sz002676,10.75,10.29,10.45,10.72,10.34,11.060357,1046362,0.0,0.0,0.0,0.0444,0.0258
2013-06-18,顺威股份,sz002676,11.14,10.64,10.75,11.07,10.72,11.421467,5452514,0.0,0.0,0.0,0.0466,0.0297
2013-06-19,顺威股份,sz002676,11.07,10.63,10.91,10.74,11.07,11.080993,2145210,0.0,0.0,0.0,0.0397,-0.0155
2013-06-20,顺威股份,sz002676,10.95,10.38,10.64,10.39,10.74,10.719886,1220674,0.0,0.0,0.0,0.053,-0.0234
2013-06-21,顺威股份,sz002676,10.13,9.4,10.13,9.95,10.39,10.26592,1684764,0.0,0.0,0.0,0.0702,-0.0177
2013-06-24,顺威股份,sz002676,9.82,9.16,9.82,9.2,9.95,9.4921055,925300,0.0,0.0,0.0,0.0663,-0.0631
2013-06-25,顺威股份,sz002676,9.29,8.48,9.2,9.18,9.2,9.47147,987479,0.0,0.0,0.0,0.088,-0.0021
2013-06-26,顺威股份,sz002676,9.32,9.06,9.2,9.23,9.18,9.523061,571138,0.0,0.0,0.0,0.0283,0.0032
2013-06-27,顺威股份,sz002676,9.52,9.16,9.25,9.16,9.23,9.450838,733599,0.0,0.0,0.0,0.039,-0.0097
2013-06-28,顺威股份,sz002676,9.29,8.92,9.15,9.02,9.16,9.306392,454060,0.0,0.0,0.0,0.0403,-0.0142
2013-07-01,顺威股份,sz002676,9.23,8.95,9.01,9.21,9.02,9.502421,451959,0.0,0.0,0.0,0.031,0.0221
2013-07-02,顺威股份,sz002676,9.4,9.2,9.22,9.35,9.21,9.646868,460800,0.0,0.0,0.0,0.0217,0.014
2013-07-03,顺威股份,sz002676,9.35,9.09,9.3,9.29,9.35,9.584964,412015,0.0,0.0,0.0,0.0278,-0.001
2013-07-04,顺威股份,sz002676,9.53,9.11,9.22,9.52,9.29,9.8222685,800020,0.0,0.0,0.0,0.0452,0.0325
2013-07-05,顺威股份,sz002676,9.51,9.35,9.47,9.37,9.52,9.667508,453600,0.0,0.0,0.0,0.0168,-0.0105
2013-07-08,顺威股份,sz002676,9.37,9.01,9.37,9.06,9.37,9.347669,413864,0.0,0.0,0.0,0.0384,-0.033
2013-07-09,顺威股份,sz002676,9.23,9.01,9.01,9.13,9.06,9.4198885,434750,0.0,0.0,0.0,0.0242,0.0133
2013-07-10,顺威股份,sz002676,9.48,9.12,9.19,9.48,9.13,9.781,562988,0.0,0.0,0.0,0.0394,0.0315
2013-07-11,顺威股份,sz002676,9.66,9.38,9.48,9.61,9.48,9.915127,871772,0.0,0.0,0.0,0.0295,0.0137
2013-07-12,顺威股份,sz002676,9.66,9.39,9.62,9.46,9.61,9.760362,507106,0.0,0.0,0.0,0.028,-0.0166
2013-07-15,顺威股份,sz002676,9.63,9.4,9.43,9.58,9.46,9.884172,564460,0.0,0.0,0.0,0.0243,0.0159
2013-07-16,顺威股份,sz002676,9.62,9.48,9.62,9.62,9.58,9.925439,629345,0.0,0.0,0.0,0.0146,0.0
2013-07-17,顺威股份,sz002676,9.77,9.53,9.6,9.56,9.62,9.863534,630238,0.0,0.0,0.0,0.0249,-0.0041
2013-07-18,顺威股份,sz002676,9.8,9.48,9.5,9.63,9.56,9.935755,653509,0.0,0.0,0.0,0.0334,0.0136
2013-07-19,顺威股份,sz002676,10.03,9.65,9.7,9.9,9.63,10.214323,2076048,0.0,0.0,0.0,0.0394,0.0206
2013-07-22,顺威股份,sz002676,10.37,9.73,9.86,10.36,9.9,10.688931,1964963,0.0,0.0,0.0,0.0646,0.0507
2013-07-23,顺威股份,sz002676,10.77,10.13,10.36,10.3,10.36,10.627021,5047137,0.0,0.0,0.0,0.0617,-0.0057
2013-07-24,顺威股份,sz002676,10.35,10.1,10.35,10.24,10.3,10.565119,1987155,0.0,0.0,0.0,0.0242,-0.0106
2013-07-25,顺威股份,sz002676,10.29,10.08,10.25,10.1,10.24,10.420672,1054614,0.0,0.0,0.0,0.0205,-0.0146
2013-07-26,顺威股份,sz002676,10.14,9.94,10.07,9.97,10.1,10.286548,677864,0.0,0.0,0.0,0.0198,-0.0099
2013-07-29,顺威股份,sz002676,10.07,9.85,9.95,10.02,9.97,10.338135,497451,0.0,0.0,0.0,0.022,0.007
2013-07-30,顺威股份,sz002676,10.16,9.91,10.02,10.16,10.02,10.482579,700826,0.0,0.0,0.0,0.0249,0.0139
2013-07-31,顺威股份,sz002676,10.32,10.11,10.18,10.15,10.16,10.472264,569852,0.0,0.0,0.0,0.0206,-0.0029
2013-08-01,顺威股份,sz002676,10.29,10.11,10.12,10.25,10.15,10.575438,868993,0.0,0.0,0.0,0.0177,0.0128
2013-08-02,顺威股份,sz002676,10.4,10.22,10.22,10.29,10.25,10.616703,1002001,0.0,0.0,0.0,0.0175,0.0068
2013-08-05,顺威股份,sz002676,10.39,10.23,10.3,10.36,10.29,10.688929,930301,0.0,0.0,0.0,0.0155,0.0058
2013-08-06,顺威股份,sz002676,10.53,10.28,10.39,10.47,10.36,10.8024235,1413776,0.0,0.0,0.0,0.0241,0.0076
2013-08-07,顺威股份,sz002676,10.53,10.21,10.46,10.23,10.47,10.554799,885837,0.0,0.0,0.0,0.0305,-0.0219
2013-08-08,顺威股份,sz002676,10.34,10.21,10.29,10.29,10.23,10.616703,497742,0.0,0.0,0.0,0.0127,0.0
2013-08-09,顺威股份,sz002676,10.64,10.35,10.39,10.44,10.29,10.771463,1243732,0.0,0.0,0.0,0.0281,0.0048
2013-08-12,顺威股份,sz002676,10.57,10.32,10.44,10.46,10.44,10.792101,1423369,0.0,0.0,0.0,0.0239,0.0019
2013-08-13,顺威股份,sz002676,10.52,10.39,10.51,10.46,10.46,10.792101,971372,0.0,0.0,0.0,0.0124,-0.0047
2013-08-14,顺威股份,sz002676,10.65,10.42,10.42,10.47,10.46,10.802419,1018661,0.0,0.0,0.0,0.0219,0.0047
2013-08-15,顺威股份,sz002676,10.58,10.31,10.49,10.42,10.47,10.750826,982777,0.0,0.0,0.0,0.0257,-0.0066
2013-08-16,顺威股份,sz002676,10.5,10.08,10.38,10.15,10.42,10.472251,1113478,0.0,0.0,0.0,0.0403,-0.0221
2013-08-19,顺威股份,sz002676,10.31,10.09,10.14,10.29,10.15,10.616694,426716,0.0,0.0,0.0,0.0216,0.0147
2013-08-20,顺威股份,sz002676,10.41,10.2,10.2,10.31,10.29,10.637333,541424,0.0,0.0,0.0,0.0204,0.0107
2013-08-21,顺威股份,sz002676,10.41,10.26,10.3,10.41,10.31,10.740504,594502,0.0,0.0,0.0,0.0145,0.0106
2013-08-22,顺威股份,sz002676,10.48,10.38,10.41,10.44,10.41,10.771459,417965,0.0,0.0,0.0,0.0096,0.0028
2013-08-23,顺威股份,sz002676,10.55,10.25,10.42,10.4,10.44,10.730193,637944,0.0,0.0,0.0,0.0287,-0.0019
2013-08-26,顺威股份,sz002676,10.53,10.32,10.4,10.53,10.4,10.864321,1021620,0.0,0.0,0.0,0.0201,0.0124
2013-08-27,顺威股份,sz002676,10.64,10.45,10.53,10.55,10.53,10.884953,787976,0.0,0.0,0.0,0.018,0.0018
2013-08-28,顺威股份,sz002676,10.6,10.4,10.6,10.4,10.55,10.73019,639009,0.0,0.0,0.0,0.0189,-0.0188
2013-08-29,顺威股份,sz002676,10.45,10.29,10.33,10.31,10.4,10.637331,610570,0.0,0.0,0.0,0.0153,-0.0019
2013-08-30,顺威股份,sz002676,10.4,10.23,10.33,10.24,10.31,10.565104,484712,0.0,0.0,0.0,0.0164,-0.0087
2013-09-02,顺威股份,sz002676,10.37,10.22,10.23,10.36,10.24,10.688916,288407,0.0,0.0,0.0,0.0146,0.0127
2013-09-03,顺威股份,sz002676,10.5,10.33,10.36,10.5,10.36,10.833365,571527,0.0,0.0,0.0,0.0164,0.0135
2013-09-04,顺威股份,sz002676,10.57,10.39,10.5,10.41,10.5,10.740513,430963,0.0,0.0,0.0,0.0171,-0.0085
2013-09-05,顺威股份,sz002676,10.59,10.38,10.4,10.57,10.41,10.905595,1480386,0.0,0.0,0.0,0.0201,0.0163
2013-09-06,顺威股份,sz002676,10.92,10.5,10.6,10.79,10.57,11.132584,3222805,0.0,0.0,0.0,0.0397,0.0179
2013-09-09,顺威股份,sz002676,10.93,10.6,10.8,10.83,10.79,11.173852,1590737,0.0,0.0,0.0,0.0305,0.0027
2013-09-10,顺威股份,sz002676,11.0,10.66,10.78,10.8,10.83,11.1429,1290033,0.0,0.0,0.0,0.0313,0.0018
2013-09-11,顺威股份,sz002676,11.78,10.57,10.72,11.0,10.8,11.349256,4183613,0.0,0.0,0.0,0.112,0.0261
2013-09-12,顺威股份,sz002676,11.15,10.85,10.85,10.92,11.0,11.266713,1302810,0.0,0.0,0.0,0.0272,0.0064
2013-09-13,顺威股份,sz002676,10.9,10.66,10.85,10.81,10.92,11.153223,1154273,0.0,0.0,0.0,0.0219,-0.0036
2013-09-16,顺威股份,sz002676,11.06,10.75,10.75,11.0,10.81,11.349253,1003947,0.0,0.0,0.0,0.0286,0.0232
2013-09-17,顺威股份,sz002676,10.98,10.81,10.98,10.82,11.0,11.163533,751118,0.0,0.0,0.0,0.0154,-0.0145
2013-09-18,顺威股份,sz002676,10.84,10.67,10.76,10.79,10.82,11.132577,566968,0.0,0.0,0.0,0.0157,0.0027
2013-09-23,顺威股份,sz002676,10.99,10.79,10.85,10.97,10.79,11.318291,720801,0.0,0.0,0.0,0.0185,0.011
2013-09-24,顺威股份,sz002676,11.36,10.91,10.98,11.3,10.97,11.658767,1978840,0.0,0.0,0.0,0.041,0.0291
2013-09-25,顺威股份,sz002676,11.26,10.96,11.26,11.03,11.3,11.380193,1341324,0.0,0.0,0.0,0.0265,-0.0204
2013-09-26,顺威股份,sz002676,11.07,10.75,10.97,10.75,11.03,11.091307,919917,0.0,0.0,0.0,0.029,-0.02
2013-09-27,顺威股份,sz002676,10.86,10.71,10.78,10.76,10.75,11.101622,388415,0.0,0.0,0.0,0.0139,-0.0018
2013-09-30,顺威股份,sz002676,11.38,10.74,10.77,11.25,10.76,11.607178,1273445,0.0,0.0,0.0,0.0594,0.0445
2013-10-08,顺威股份,sz002676,11.38,11.11,11.11,11.31,11.25,11.669079,1766738,0.0,0.0,0.0,0.024,0.018
2013-10-09,顺威股份,sz002676,11.35,11.17,11.35,11.31,11.31,11.669079,1251187,0.0,0.0,0.0,0.0159,-0.0035
2013-10-10,顺威股份,sz002676,11.43,11.12,11.21,11.23,11.31,11.586544,909744,0.0,0.0,0.0,0.0274,0.0017
2013-10-11,顺威股份,sz002676,11.48,11.24,11.24,11.41,11.23,11.772253,1714714,0.0,0.0,0.0,0.0213,0.0151
2013-10-14,顺威股份,sz002676,11.58,11.13,11.42,11.22,11.41,11.576221,2235524,0.0,0.0,0.0,0.0394,-0.0175
2013-10-15,顺威股份,sz002676,11.25,11.1,11.23,11.2,11.22,11.555581,994150,0.0,0.0,0.0,0.0133,-0.0026
2013-10-16,顺威股份,sz002676,11.22,10.75,11.21,10.79,11.2,11.1325655,1343598,0.0,0.0,0.0,0.0419,-0.0374
2013-10-17,顺威股份,sz002676,10.98,10.75,10.86,10.85,10.79,11.194474,641931,0.0,0.0,0.0,0.0213,-9.0E-4
2013-10-18,顺威股份,sz002676,10.93,10.79,10.85,10.87,10.85,11.215105,687520,0.0,0.0,0.0,0.0129,0.0018
2013-10-21,顺威股份,sz002676,11.1,10.83,10.83,11.09,10.87,11.442088,870443,0.0,0.0,0.0,0.0248,0.024
2013-10-22,顺威股份,sz002676,11.16,11.02,11.16,11.08,11.09,11.431767,798900,0.0,0.0,0.0,0.0126,-0.0071
2013-10-23,顺威股份,sz002676,11.18,10.81,11.13,10.86,11.08,11.204778,861274,0.0,0.0,0.0,0.0333,-0.0242
2013-10-24,顺威股份,sz002676,10.94,10.71,10.71,10.82,10.86,11.16351,417200,0.0,0.0,0.0,0.0211,0.0102
2013-10-25,顺威股份,sz002676,10.95,10.7,10.85,10.75,10.82,11.091283,529505,0.0,0.0,0.0,0.0231,-0.0092
2013-10-28,顺威股份,sz002676,10.81,10.35,10.75,10.38,10.75,10.709532,1008319,0.0,0.0,0.0,0.0427,-0.0344
2013-10-29,顺威股份,sz002676,10.48,9.79,10.42,9.9,10.38,10.214291,1241258,0.0,0.0,0.0,0.0664,-0.0499
2013-10-30,顺威股份,sz002676,10.18,9.87,9.98,10.16,9.9,10.482549,559878,0.0,0.0,0.0,0.0313,0.018
2013-10-31,顺威股份,sz002676,10.3,10.1,10.18,10.22,10.16,10.544459,464806,0.0,0.0,0.0,0.0196,0.0039
2013-11-01,顺威股份,sz002676,10.32,10.17,10.2,10.23,10.22,10.554771,359561,0.0,0.0,0.0,0.0146,0.0029
2013-11-04,顺威股份,sz002676,10.3,10.16,10.21,10.28,10.23,10.606363,294298,0.0,0.0,0.0,0.0136,0.0068
2013-11-05,顺威股份,sz002676,10.36,10.2,10.22,10.3,10.28,10.627003,477925,0.0,0.0,0.0,0.0155,0.0078
2013-11-06,顺威股份,sz002676,10.47,10.24,10.3,10.32,10.3,10.647641,491455,0.0,0.0,0.0,0.0223,0.0019
2013-11-07,顺威股份,sz002676,10.42,10.24,10.28,10.26,10.32,10.585735,281652,0.0,0.0,0.0,0.0174,-0.0019
2013-11-08,顺威股份,sz002676,10.26,10.06,10.24,10.1,10.26,10.4206505,358784,0.0,0.0,0.0,0.0194,-0.0136
2013-11-11,顺威股份,sz002676,10.33,10.01,10.1,10.32,10.1,10.647634,396550,0.0,0.0,0.0,0.0316,0.0217
2013-11-12,顺威股份,sz002676,10.75,10.21,10.38,10.62,10.32,10.95716,1366895,0.0,0.0,0.0,0.0523,0.0231
2013-11-13,顺威股份,sz002676,10.62,10.4,10.55,10.45,10.62,10.781758,645238,0.0,0.0,0.0,0.0207,-0.0094
2013-11-14,顺威股份,sz002676,11.08,10.44,10.47,11.06,10.45,11.411121,2499300,0.0,0.0,0.0,0.0612,0.0563
2013-11-15,顺威股份,sz002676,11.58,11.0,11.03,11.46,11.06,11.823816,4714470,0.0,0.0,0.0,0.0524,0.0389
2013-11-18,顺威股份,sz002676,11.74,11.38,11.61,11.53,11.46,11.896036,3735139,0.0,0.0,0.0,0.0314,-0.0068
2013-11-19,顺威股份,sz002676,11.59,11.3,11.49,11.47,11.53,11.834129,2161863,0.0,0.0,0.0,0.0251,-0.0017
2013-11-20,顺威股份,sz002676,11.77,11.43,11.49,11.58,11.47,11.9476185,2412027,0.0,0.0,0.0,0.0296,0.0078
2013-11-21,顺威股份,sz002676,11.52,11.16,11.42,11.24,11.58,11.596825,1907035,0.0,0.0,0.0,0.031,-0.0157
2013-11-22,顺威股份,sz002676,11.43,11.19,11.24,11.19,11.24,11.545241,1365059,0.0,0.0,0.0,0.0213,-0.0044
2013-11-25,顺威股份,sz002676,12.3,11.2,11.35,12.0,11.19,12.380956,4863308,0.0,0.0,0.0,0.0983,0.0572
2013-11-26,顺威股份,sz002676,12.3,11.89,11.89,11.94,12.0,12.319051,3837536,0.0,0.0,0.0,0.0341,0.0042
2013-11-27,顺威股份,sz002676,12.8,11.8,11.83,12.65,11.94,13.051591,4965837,0.0,0.0,0.0,0.0837,0.0693
2013-11-28,顺威股份,sz002676,12.87,12.44,12.57,12.65,12.65,13.051591,3980989,0.0,0.0,0.0,0.0339,0.0063
2013-11-29,顺威股份,sz002676,13.25,12.64,12.65,12.84,12.65,13.247625,4080492,0.0,0.0,0.0,0.0482,0.015
2013-12-02,顺威股份,sz002676,12.42,11.6,11.67,11.64,12.84,12.009529,4644093,0.0,0.0,0.0,0.0638,-0.0025
2013-12-03,顺威股份,sz002676,12.26,11.51,11.51,12.15,11.64,12.535714,2482003,0.0,0.0,0.0,0.0644,0.0556
2013-12-04,顺威股份,sz002676,12.7,12.03,12.08,12.53,12.15,12.927781,2753739,0.0,0.0,0.0,0.0551,0.0372
2013-12-05,顺威股份,sz002676,12.79,12.38,12.42,12.65,12.53,13.051591,2771389,0.0,0.0,0.0,0.0327,0.0185
2013-12-06,顺威股份,sz002676,12.64,11.85,12.64,12.03,12.65,12.411906,2975975,0.0,0.0,0.0,0.0624,-0.0482
2013-12-09,顺威股份,sz002676,13.0,12.07,12.07,12.92,12.03,13.330164,4086587,0.0,0.0,0.0,0.0773,0.0704
2013-12-10,顺威股份,sz002676,13.29,12.79,12.92,12.91,12.92,13.319846,5183645,0.0,0.0,0.0,0.0386,-7.0E-4
2013-12-11,顺威股份,sz002676,12.8,12.26,12.77,12.53,12.91,12.927776,2877387,0.0,0.0,0.0,0.0418,-0.0187
2013-12-12,顺威股份,sz002676,12.82,12.48,12.5,12.63,12.53,13.030953,1834230,0.0,0.0,0.0,0.0271,0.0104
2013-12-13,顺威股份,sz002676,12.99,12.33,12.52,12.79,12.63,13.19603,2185870,0.0,0.0,0.0,0.0522,0.0215
2013-12-16,顺威股份,sz002676,13.2,12.47,12.8,12.57,12.79,12.969045,2195195,0.0,0.0,0.0,0.057,-0.0179
2013-12-17,顺威股份,sz002676,12.68,11.98,12.52,12.18,12.57,12.566667,2565693,0.0,0.0,0.0,0.0556,-0.0271
2013-12-18,顺威股份,sz002676,12.3,11.95,12.23,11.95,12.18,12.3293705,1185692,0.0,0.0,0.0,0.0287,-0.0228
2013-12-19,顺威股份,sz002676,12.14,11.88,11.97,11.92,11.95,12.298424,1089330,0.0,0.0,0.0,0.0217,-0.0041
2013-12-20,顺威股份,sz002676,11.97,11.76,11.95,11.84,11.92,12.215889,936268,0.0,0.0,0.0,0.0176,-0.0092
2013-12-23,顺威股份,sz002676,11.96,11.53,11.75,11.83,11.84,12.205566,828657,0.0,0.0,0.0,0.0363,0.0068
2013-12-24,顺威股份,sz002676,12.2,11.79,11.85,12.03,11.83,12.411914,936070,0.0,0.0,0.0,0.0346,0.0151
2013-12-25,顺威股份,sz002676,12.52,12.02,12.09,12.51,12.03,12.907149,2211432,0.0,0.0,0.0,0.0415,0.0347
2013-12-26,顺威股份,sz002676,12.57,11.99,12.57,11.99,12.51,12.370638,1561888,0.0,0.0,0.0,0.0463,-0.0461
2013-12-27,顺威股份,sz002676,12.53,11.92,12.04,12.45,11.99,12.845238,1603226,0.0,0.0,0.0,0.0508,0.034
2013-12-30,顺威股份,sz002676,12.81,12.42,12.57,12.55,12.45,12.94841,1670351,0.0,0.0,0.0,0.0313,-0.0015
2013-12-31,顺威股份,sz002676,12.52,12.2,12.52,12.32,12.55,12.711104,1129869,0.0,0.0,0.0,0.0254,-0.0159
2014-01-02,顺威股份,sz002676,12.63,12.3,12.32,12.58,12.32,12.97936,1682812,0.0,0.0,0.0,0.0267,0.0211
2014-01-03,顺威股份,sz002676,12.62,12.36,12.61,12.44,12.58,12.834912,1362107,0.0,0.0,0.0,0.0206,-0.0134
2014-01-06,顺威股份,sz002676,12.44,11.75,12.44,11.82,12.44,12.195233,1807562,0.0,0.0,0.0,0.0554,-0.0498
2014-01-07,顺威股份,sz002676,11.95,11.71,11.84,11.89,11.82,12.267454,894095,0.0,0.0,0.0,0.0203,0.0042
2014-01-08,顺威股份,sz002676,12.08,11.86,11.86,11.99,11.89,12.370623,1069028,0.0,0.0,0.0,0.0185,0.0109
2014-01-09,顺威股份,sz002676,12.2,11.89,11.93,11.89,11.99,12.267452,1319308,0.0,0.0,0.0,0.0258,-0.0033
2014-01-10,顺威股份,sz002676,11.94,11.62,11.91,11.76,11.89,12.13332,772051,0.0,0.0,0.0,0.0269,-0.0125
2014-01-13,顺威股份,sz002676,11.85,11.47,11.85,11.55,11.76,11.916655,781036,0.0,0.0,0.0,0.0323,-0.0253
2014-01-14,顺威股份,sz002676,11.94,11.55,11.55,11.94,11.55,12.319033,904514,0.0,0.0,0.0,0.0337,0.0337
2014-01-15,顺威股份,sz002676,12.25,11.85,11.87,12.2,11.94,12.587292,1325493,0.0,0.0,0.0,0.0335,0.0278
2014-01-16,顺威股份,sz002676,12.45,12.2,12.2,12.25,12.2,12.638875,2054958,0.0,0.0,0.0,0.0204,0.004
2014-01-17,顺威股份,sz002676,12.41,12.08,12.3,12.33,12.25,12.721419,1017833,0.0,0.0,0.0,0.0269,0.0024
2014-01-20,顺威股份,sz002676,12.56,12.2,12.3,12.33,12.33,12.721419,1312087,0.0,0.0,0.0,0.0291,0.0024
2014-01-21,顺威股份,sz002676,12.58,12.3,12.3,12.5,12.33,12.896822,1092385,0.0,0.0,0.0,0.0227,0.0162
2014-01-22,顺威股份,sz002676,12.76,12.46,12.55,12.7,12.5,13.103171,1761146,0.0,0.0,0.0,0.0239,0.0119
2014-01-23,顺威股份,sz002676,12.86,12.58,12.71,12.74,12.7,13.144446,1452363,0.0,0.0,0.0,0.022,0.0023
2014-01-24,顺威股份,sz002676,12.93,12.6,12.74,12.85,12.74,13.257936,1473391,0.0,0.0,0.0,0.0259,0.0086
2014-01-27,顺威股份,sz002676,13.08,12.6,12.75,12.68,12.85,13.082533,1780851,0.0,0.0,0.0,0.0373,-0.0054
2014-01-28,顺威股份,sz002676,12.8,12.57,12.67,12.65,12.68,13.051579,1116901,0.0,0.0,0.0,0.0181,-0.0015
2014-01-29,顺威股份,sz002676,13.26,12.65,12.65,13.0,12.65,13.412691,2740091,0.0,0.0,0.0,0.0482,0.0276
2014-01-30,顺威股份,sz002676,13.12,12.85,12.96,12.93,13.0,13.340464,936527,0.0,0.0,0.0,0.0207,-0.0023
2014-02-07,顺威股份,sz002676,13.12,12.81,12.87,13.04,12.93,13.453951,925922,0.0,0.0,0.0,0.0239,0.0132
2014-02-10,顺威股份,sz002676,13.65,13.02,13.04,13.56,13.04,13.990454,2473844,0.0,0.0,0.0,0.0483,0.0398
2014-02-11,顺威股份,sz002676,13.68,13.26,13.52,13.55,13.56,13.980143,2037528,0.0,0.0,0.0,0.0309,0.0022
2014-02-12,顺威股份,sz002676,14.38,13.4,13.59,14.02,13.55,14.465058,3545803,0.0,0.0,0.0,0.0723,0.0316
2014-02-13,顺威股份,sz002676,14.6,13.5,14.29,13.6,14.02,14.031729,4762966,0.0,0.0,0.0,0.0784,-0.0482
2014-02-14,顺威股份,sz002676,14.05,13.38,13.63,14.0,13.6,14.444429,3591659,0.0,0.0,0.0,0.0492,0.0271
2014-02-17,顺威股份,sz002676,14.27,13.87,14.0,14.14,14.0,14.588874,2780933,0.0,0.0,0.0,0.0285,0.01
2014-02-18,顺威股份,sz002676,14.38,14.02,14.29,14.11,14.14,14.557917,2153289,0.0,0.0,0.0,0.0254,-0.0125
2014-02-19,顺威股份,sz002676,14.16,13.7,14.11,13.82,14.11,14.258707,2657272,0.0,0.0,0.0,0.0326,-0.0205
2014-02-20,顺威股份,sz002676,15.2,14.23,14.26,15.2,13.82,15.68251,11661198,0.0,0.0,0.0,0.0701,0.0659
2014-02-21,顺威股份,sz002676,15.4,14.77,15.01,15.18,15.2,15.661873,12514058,0.0,0.0,0.0,0.0414,0.0113
2014-02-24,顺威股份,sz002676,15.28,14.43,15.0,14.8,15.18,15.269809,4238374,0.0,0.0,0.0,0.0559,-0.0133
2014-02-25,顺威股份,sz002676,15.24,13.32,14.77,13.56,14.8,13.990443,8775816,0.0,0.0,0.0,0.1297,-0.0819
2014-02-26,顺威股份,sz002676,14.3,12.88,13.0,14.16,13.56,14.609492,5779696,0.0,0.0,0.0,0.1047,0.0892
2014-02-27,顺威股份,sz002676,13.97,13.29,13.92,13.3,14.16,13.722199,3165369,0.0,0.0,0.0,0.048,-0.0445
2014-02-28,顺威股份,sz002676,13.47,12.92,13.2,13.3,13.3,13.722199,2190751,0.0,0.0,0.0,0.0413,0.0075
2014-03-03,顺威股份,sz002676,13.66,13.18,13.2,13.58,13.3,14.011093,4977533,0.0,0.0,0.0,0.036,0.0287
2014-03-04,顺威股份,sz002676,13.48,13.16,13.46,13.37,13.58,13.794425,2441484,0.0,0.0,0.0,0.0235,-0.0066
2014-03-05,顺威股份,sz002676,13.57,13.21,13.36,13.42,13.37,13.846017,1952734,0.0,0.0,0.0,0.0269,0.0044
2014-03-06,顺威股份,sz002676,13.51,13.3,13.3,13.48,13.42,13.907922,1633677,0.0,0.0,0.0,0.0156,0.0135
2014-03-07,顺威股份,sz002676,13.56,13.27,13.48,13.38,13.48,13.804753,1326060,0.0,0.0,0.0,0.0215,-0.0074
2014-03-10,顺威股份,sz002676,13.39,12.47,13.38,12.5,13.38,12.896814,1615012,0.0,0.0,0.0,0.0687,-0.0657
2014-03-11,顺威股份,sz002676,12.65,12.21,12.55,12.39,12.5,12.783322,730871,0.0,0.0,0.0,0.0351,-0.0127
2014-03-12,顺威股份,sz002676,12.44,12.07,12.27,12.18,12.39,12.566658,857906,0.0,0.0,0.0,0.0298,-0.0073
2014-03-13,顺威股份,sz002676,12.47,12.13,12.18,12.44,12.18,12.834906,681091,0.0,0.0,0.0,0.0279,0.0213
2014-03-14,顺威股份,sz002676,12.57,12.31,12.42,12.45,12.44,12.845225,651251,0.0,0.0,0.0,0.0209,0.0024
2014-03-17,顺威股份,sz002676,12.77,12.41,12.41,12.75,12.45,13.154744,615471,0.0,0.0,0.0,0.0289,0.0273
2014-03-18,顺威股份,sz002676,13.22,12.67,12.75,12.88,12.75,13.28887,1052886,0.0,0.0,0.0,0.0431,0.0101
2014-03-19,顺威股份,sz002676,13.18,12.81,12.83,13.12,12.88,13.536494,913468,0.0,0.0,0.0,0.0287,0.0226
2014-03-20,顺威股份,sz002676,13.39,12.87,13.13,12.87,13.12,13.278557,1466567,0.0,0.0,0.0,0.0396,-0.0198
2014-03-21,顺威股份,sz002676,13.19,12.8,12.87,13.13,12.87,13.54681,928054,0.0,0.0,0.0,0.0303,0.0202
2014-03-24,顺威股份,sz002676,13.27,13.09,13.13,13.15,13.13,13.567442,750706,0.0,0.0,0.0,0.0137,0.0015
2014-03-25,顺威股份,sz002676,13.22,12.92,13.15,13.03,13.15,13.443639,877109,0.0,0.0,0.0,0.0228,-0.0091
2014-03-26,顺威股份,sz002676,13.1,12.94,13.03,13.09,13.03,13.505547,508739,0.0,0.0,0.0,0.0122,0.0046
2014-03-27,顺威股份,sz002676,13.1,12.38,13.1,12.77,13.09,13.17539,1253759,0.0,0.0,0.0,0.055,-0.0251
2014-03-28,顺威股份,sz002676,13.98,12.62,12.65,13.07,12.77,13.48492,5777517,0.0,0.0,0.0,0.1064,0.0332
2014-03-31,顺威股份,sz002676,12.85,11.76,12.61,11.78,13.07,12.153972,2446638,0.0,0.0,0.0,0.0833,-0.0658
2014-04-01,顺威股份,sz002676,11.94,11.6,11.75,11.88,11.78,12.257147,1148612,0.0,0.0,0.0,0.0288,0.011
2014-04-02,顺威股份,sz002676,11.96,11.8,11.88,11.89,11.88,12.267467,450485,0.0,0.0,0.0,0.0134,8.0E-4
2014-04-03,顺威股份,sz002676,12.09,11.85,11.85,11.96,11.89,12.339685,780550,0.0,0.0,0.0,0.0201,0.0092
2014-04-04,顺威股份,sz002676,12.1,11.9,11.9,12.05,11.96,12.432542,773226,0.0,0.0,0.0,0.0167,0.0126
2014-04-08,顺威股份,sz002676,12.36,12.01,12.06,12.3,12.05,12.690479,1037567,0.0,0.0,0.0,0.029,0.0199
2014-04-09,顺威股份,sz002676,12.44,12.25,12.35,12.42,12.3,12.814288,692448,0.0,0.0,0.0,0.0154,0.0056
2014-04-10,顺威股份,sz002676,12.62,12.36,12.36,12.53,12.42,12.927784,1246903,0.0,0.0,0.0,0.0209,0.0137
2014-04-11,顺威股份,sz002676,12.53,12.36,12.53,12.45,12.53,12.845241,442129,0.0,0.0,0.0,0.0135,-0.0063
2014-04-14,顺威股份,sz002676,12.55,12.35,12.38,12.54,12.45,12.938098,379380,0.0,0.0,0.0,0.016,0.0129
2014-04-15,顺威股份,sz002676,12.51,12.24,12.48,12.4,12.54,12.793657,524700,0.0,0.0,0.0,0.0215,-0.0064
2014-04-16,顺威股份,sz002676,12.56,12.3,12.4,12.56,12.4,12.9587345,470001,0.0,0.0,0.0,0.0209,0.0129
2014-04-17,顺威股份,sz002676,12.63,12.44,12.53,12.62,12.56,13.0206375,650780,0.0,0.0,0.0,0.0151,0.0071
2014-04-18,顺威股份,sz002676,12.63,12.42,12.62,12.59,12.62,12.989688,259506,0.0,0.0,0.0,0.0166,-0.0023
2014-04-21,顺威股份,sz002676,12.45,12.0,12.3,12.08,12.59,12.463502,725825,0.0,0.0,0.0,0.0357,-0.0178
2014-04-22,顺威股份,sz002676,12.15,11.91,12.03,12.13,12.08,12.515088,651799,0.0,0.0,0.0,0.0198,0.0083
2014-04-23,顺威股份,sz002676,12.29,12.05,12.22,12.15,12.13,12.535726,539006,0.0,0.0,0.0,0.0197,-0.0057
2014-04-24,顺威股份,sz002676,12.25,12.09,12.21,12.15,12.15,12.535726,614300,0.0,0.0,0.0,0.0131,-0.0049
2014-04-25,顺威股份,sz002676,12.05,11.75,12.04,11.77,12.15,12.143658,1020495,0.0,0.0,0.0,0.0246,-0.0224
2014-04-28,顺威股份,sz002676,11.84,11.09,11.64,11.28,11.77,11.638105,962084,0.0,0.0,0.0,0.0637,-0.0309
2014-04-29,顺威股份,sz002676,11.39,11.16,11.28,11.36,11.28,11.720643,519465,0.0,0.0,0.0,0.0203,0.007
2014-04-30,顺威股份,sz002676,11.55,11.31,11.36,11.53,11.36,11.896042,506040,0.0,0.0,0.0,0.0211,0.0149
2014-05-05,顺威股份,sz002676,11.73,11.39,11.52,11.7,11.53,12.071438,395887,0.0,0.0,0.0,0.0294,0.0156
2014-05-06,顺威股份,sz002676,11.84,11.62,11.67,11.79,11.7,12.164291,478082,0.0,0.0,0.0,0.0188,0.0102
2014-05-07,顺威股份,sz002676,11.89,11.62,11.77,11.88,11.79,12.2571535,723711,0.0,0.0,0.0,0.0229,0.0093
2014-05-08,顺威股份,sz002676,12.1,11.71,11.84,12.1,11.88,12.484143,1298288,0.0,0.0,0.0,0.0328,0.0219
2014-05-09,顺威股份,sz002676,12.25,11.9,12.05,12.25,12.1,12.638909,938629,0.0,0.0,0.0,0.0289,0.0165
2014-05-12,顺威股份,sz002676,13.08,12.29,12.29,12.6,12.25,13.000015,5916774,0.0,0.0,0.0,0.0644,0.0252
2014-05-13,顺威股份,sz002676,13.04,12.43,12.58,12.85,12.6,13.257949,7234757,0.0,0.0,0.0,0.0484,0.0214
2014-05-14,顺威股份,sz002676,12.78,12.36,12.78,12.49,12.85,12.886515,2438453,0.0,0.0,0.0,0.0326,-0.0226
2014-05-15,顺威股份,sz002676,12.64,12.17,12.43,12.52,12.49,12.917468,2014482,0.0,0.0,0.0,0.0376,0.0072
2014-05-16,顺威股份,sz002676,12.61,11.9,12.61,12.29,12.52,12.6801605,1099554,0.0,0.0,0.0,0.0567,-0.0253
2014-05-19,顺威股份,sz002676,12.35,11.8,12.2,11.96,12.29,12.339685,1245019,0.0,0.0,0.0,0.0447,-0.0196
2014-05-20,顺威股份,sz002676,12.13,11.81,12.08,11.93,11.96,12.308738,935800,0.0,0.0,0.0,0.0267,-0.0124
2014-05-21,顺威股份,sz002676,12.16,11.75,12.0,12.09,11.93,12.473823,1088332,0.0,0.0,0.0,0.0343,0.0074
2014-05-22,顺威股份,sz002676,12.18,11.99,12.13,12.08,12.09,12.463507,1122951,0.0,0.0,0.0,0.0157,-0.0041
2014-05-23,顺威股份,sz002676,12.12,11.94,12.03,12.11,12.08,12.494453,682826,0.0,0.0,0.0,0.0149,0.0066
2014-05-26,顺威股份,sz002676,12.19,12.06,12.11,12.17,12.11,12.556364,806917,0.0,0.0,0.0,0.0107,0.0049
2014-05-27,顺威股份,sz002676,12.43,12.12,12.17,12.35,12.17,12.742072,1346759,0.0,0.0,0.0,0.0254,0.0147
2014-05-28,顺威股份,sz002676,12.38,12.15,12.35,12.37,12.35,12.762702,996937,0.0,0.0,0.0,0.0186,0.0016
2014-05-29,顺威股份,sz002676,12.45,12.09,12.34,12.1,12.37,12.48413,714535,0.0,0.0,0.0,0.0291,-0.0194
2014-05-30,顺威股份,sz002676,12.29,12.11,12.17,12.27,12.1,12.659533,551746,0.0,0.0,0.0,0.0148,0.0082
2014-06-03,顺威股份,sz002676,12.44,12.15,12.28,12.21,12.27,12.597628,965556,0.0,0.0,0.0,0.0236,-0.0057
2014-06-04,顺威股份,sz002676,12.2,11.8,12.17,11.9,12.21,12.277786,949257,0.0,0.0,0.0,0.0327,-0.0221
2014-06-05,顺威股份,sz002676,12.32,11.9,11.9,12.3,11.9,12.690479,967302,0.0,0.0,0.0,0.0352,0.0336
2014-06-06,顺威股份,sz002676,12.36,12.2,12.36,12.31,12.3,12.700797,507476,0.0,0.0,0.0,0.013,-0.004
2014-06-09,顺威股份,sz002676,12.4,12.21,12.3,12.32,12.31,12.71111,1030652,0.0,0.0,0.0,0.0154,0.0016
2014-06-10,顺威股份,sz002676,12.46,12.28,12.37,12.45,12.32,12.845238,823291,0.0,0.0,0.0,0.0146,0.0064
2014-06-11,顺威股份,sz002676,12.58,12.42,12.44,12.56,12.45,12.958725,939796,0.0,0.0,0.0,0.0128,0.0096
2014-06-12,顺威股份,sz002676,12.64,12.45,12.51,12.47,12.56,12.865863,971520,0.0,0.0,0.0,0.0151,-0.0031
2014-06-13,顺威股份,sz002676,12.66,12.46,12.47,12.63,12.47,13.030945,813842,0.0,0.0,0.0,0.016,0.0128
2014-06-16,顺威股份,sz002676,12.81,12.62,12.63,12.77,12.63,13.175393,1378141,0.0,0.0,0.0,0.015,0.011
2014-06-17,顺威股份,sz002676,13.27,12.63,12.88,13.23,12.77,13.649997,4353920,0.0,0.0,0.0,0.0501,0.0271
2014-06-18,顺威股份,sz002676,13.6,12.92,13.26,13.09,13.23,13.505552,5893977,0.0,0.0,0.0,0.0513,-0.0128
2014-06-19,顺威股份,sz002676,13.21,12.53,13.09,12.54,13.09,12.938089,3250196,0.0,0.0,0.0,0.0519,-0.042
2014-06-20,顺威股份,sz002676,13.1,12.58,12.6,12.99,12.54,13.402373,1931761,0.0,0.0,0.0,0.0414,0.0309
2014-06-23,顺威股份,sz002676,13.3,12.83,12.99,13.1,12.99,13.515864,4025800,0.0,0.0,0.0,0.0361,0.0084
2014-06-24,顺威股份,sz002676,13.1,12.87,12.95,13.01,13.1,13.42301,1622586,0.0,0.0,0.0,0.0175,0.0046
2014-06-25,顺威股份,sz002676,13.08,12.75,13.02,12.85,13.01,13.257935,953590,0.0,0.0,0.0,0.0253,-0.013
2014-06-26,顺威股份,sz002676,13.15,12.8,12.8,13.1,12.85,13.515867,1678263,0.0,0.0,0.0,0.0272,0.0234
2014-06-27,顺威股份,sz002676,13.25,13.06,13.09,13.2,13.1,13.619047,1861190,0.0,0.0,0.0,0.0145,0.0084
2014-06-30,顺威股份,sz002676,13.27,13.11,13.2,13.19,13.2,13.608725,1539723,0.0,0.0,0.0,0.0121,-7.0E-4
2014-07-01,顺威股份,sz002676,13.23,13.0,13.18,13.13,13.19,13.546818,1283475,0.0,0.0,0.0,0.0174,-0.0037
2014-07-02,顺威股份,sz002676,13.18,13.01,13.16,13.13,13.13,13.546818,1157685,0.0,0.0,0.0,0.0129,-0.0022
2014-07-03,顺威股份,sz002676,13.35,13.04,13.14,13.26,13.13,13.680945,2362571,0.0,0.0,0.0,0.0236,0.0091
2014-07-04,顺威股份,sz002676,13.28,13.04,13.26,13.11,13.26,13.526186,1862082,0.0,0.0,0.0,0.018,-0.0113
2014-07-07,顺威股份,sz002676,13.2,13.04,13.06,13.14,13.11,13.557134,899171,0.0,0.0,0.0,0.0122,0.0061
2014-07-08,顺威股份,sz002676,13.15,12.92,13.08,13.07,13.14,13.557134,1199062,0.0,0.0,0.0,0.0175,-7.0E-4
2014-07-09,顺威股份,sz002676,13.14,12.84,13.14,12.85,13.07,13.32894,1292868,0.0,0.0,0.0,0.0229,-0.022
2014-07-10,顺威股份,sz002676,13.12,12.85,12.89,13.02,12.85,13.505282,944880,0.0,0.0,0.0,0.021,0.01
2014-07-11,顺威股份,sz002676,13.31,12.96,13.01,13.26,13.02,13.754225,2045806,0.0,0.0,0.0,0.0268,0.0192
2014-07-14,顺威股份,sz002676,13.58,13.17,13.29,13.52,13.26,14.023918,2370668,0.0,0.0,0.0,0.0309,0.0173
2014-07-15,顺威股份,sz002676,13.48,13.23,13.48,13.31,13.52,13.806085,1694295,0.0,0.0,0.0,0.0184,-0.0126
2014-07-16,顺威股份,sz002676,13.47,13.17,13.31,13.18,13.31,13.671241,1307006,0.0,0.0,0.0,0.0225,-0.0097
2014-07-17,顺威股份,sz002676,13.25,13.0,13.18,13.08,13.18,13.567517,706172,0.0,0.0,0.0,0.0189,-0.0075
2014-07-18,顺威股份,sz002676,13.2,13.01,13.08,13.04,13.08,13.526028,744902,0.0,0.0,0.0,0.0145,-0.003
2014-07-21,顺威股份,sz002676,13.1,12.9,13.1,13.05,13.04,13.536402,796318,0.0,0.0,0.0,0.0153,-0.0038
2014-07-22,顺威股份,sz002676,13.2,13.03,13.14,13.18,13.05,13.671251,853898,0.0,0.0,0.0,0.013,0.003
2014-07-23,顺威股份,sz002676,13.18,12.83,13.18,12.88,13.18,13.360066,865432,0.0,0.0,0.0,0.0265,-0.0227
2014-07-24,顺威股份,sz002676,12.97,12.7,12.8,12.71,12.88,13.183727,872366,0.0,0.0,0.0,0.0209,-0.007
2014-07-25,顺威股份,sz002676,13.03,12.75,12.78,12.99,12.71,13.474164,677636,0.0,0.0,0.0,0.022,0.0164
2014-07-28,顺威股份,sz002676,13.15,12.95,12.95,13.13,12.99,13.619389,908142,0.0,0.0,0.0,0.0153,0.0138
2014-07-29,顺威股份,sz002676,13.29,13.13,13.24,13.22,13.13,13.7127495,1517150,0.0,0.0,0.0,0.0121,-0.0015
2014-07-30,顺威股份,sz002676,13.39,13.16,13.22,13.33,13.22,13.826854,2339215,0.0,0.0,0.0,0.0173,0.0083
2014-07-31,顺威股份,sz002676,13.4,13.23,13.38,13.34,13.33,13.837224,1189643,0.0,0.0,0.0,0.0127,-0.0029
2014-08-01,顺威股份,sz002676,13.39,13.15,13.32,13.23,13.34,13.723122,1372777,0.0,0.0,0.0,0.0179,-0.0067
2014-08-04,顺威股份,sz002676,13.4,13.19,13.27,13.39,13.23,13.88909,1425827,0.0,0.0,0.0,0.0158,0.009
2014-08-05,顺威股份,sz002676,13.5,13.34,13.46,13.48,13.39,13.982438,1554134,0.0,0.0,0.0,0.0119,0.0014
2014-08-06,顺威股份,sz002676,13.64,13.34,13.48,13.58,13.48,14.08616,1499630,0.0,0.0,0.0,0.0222,0.0074
2014-08-07,顺威股份,sz002676,13.87,13.5,13.58,13.51,13.58,14.013546,2440932,0.0,0.0,0.0,0.0272,-0.0051
2014-08-08,顺威股份,sz002676,13.59,13.27,13.42,13.57,13.51,14.07578,2238635,0.0,0.0,0.0,0.0236,0.0111
2014-08-11,顺威股份,sz002676,13.65,13.46,13.59,13.59,13.57,14.096527,2402238,0.0,0.0,0.0,0.014,0.0
2014-08-12,顺威股份,sz002676,13.62,13.5,13.62,13.56,13.59,14.065402,1002999,0.0,0.0,0.0,0.0088,-0.0044
2014-08-13,顺威股份,sz002676,13.65,13.4,13.56,13.62,13.56,14.127642,1780339,0.0,0.0,0.0,0.0184,0.0044
2014-08-14,顺威股份,sz002676,13.87,13.56,13.62,13.81,13.62,14.324722,2646085,0.0,0.0,0.0,0.0227,0.0139
2014-08-15,顺威股份,sz002676,13.98,13.7,13.82,13.82,13.81,14.3350935,1408656,0.0,0.0,0.0,0.0202,0.0
2014-08-18,顺威股份,sz002676,14.13,13.8,13.86,14.1,13.82,14.625523,1951456,0.0,0.0,0.0,0.0238,0.0173
2014-08-19,顺威股份,sz002676,14.24,13.96,14.1,14.09,14.1,14.615153,1989497,0.0,0.0,0.0,0.0198,-7.0E-4
2014-08-20,顺威股份,sz002676,14.22,13.8,14.13,13.84,14.09,14.355836,2293653,0.0,0.0,0.0,0.0298,-0.0205
2014-08-21,顺威股份,sz002676,14.04,13.81,13.83,14.01,13.84,14.532169,1529962,0.0,0.0,0.0,0.0166,0.013
2014-08-22,顺威股份,sz002676,14.24,13.92,14.01,14.1,14.01,14.625524,1944548,0.0,0.0,0.0,0.0228,0.0064
2014-08-25,顺威股份,sz002676,14.18,14.0,14.15,14.04,14.1,14.5632925,1190662,0.0,0.0,0.0,0.0127,-0.0077
2014-08-26,顺威股份,sz002676,14.01,13.5,13.97,13.62,14.04,14.127631,1214974,0.0,0.0,0.0,0.0363,-0.025
2014-08-27,顺威股份,sz002676,13.72,13.51,13.62,13.62,13.62,14.127631,653595,0.0,0.0,0.0,0.0154,0.0
2014-08-28,顺威股份,sz002676,13.7,13.48,13.68,13.55,13.62,14.055016,802466,0.0,0.0,0.0,0.0161,-0.0095
2014-08-29,顺威股份,sz002676,13.81,13.51,13.51,13.79,13.55,14.303958,777503,0.0,0.0,0.0,0.0221,0.0207
2014-09-01,顺威股份,sz002676,14.07,13.8,13.8,14.03,13.79,14.552904,910685,0.0,0.0,0.0,0.0195,0.0166
2014-09-02,顺威股份,sz002676,14.27,13.95,14.13,14.2,14.03,14.729241,1718911,0.0,0.0,0.0,0.0228,0.0049
2014-09-03,顺威股份,sz002676,14.35,14.12,14.2,14.24,14.2,14.770734,1323546,0.0,0.0,0.0,0.0161,0.0028
2014-09-04,顺威股份,sz002676,14.5,14.23,14.24,14.32,14.24,14.853716,1548040,0.0,0.0,0.0,0.0189,0.0056
2014-09-05,顺威股份,sz002676,14.42,14.21,14.32,14.4,14.32,14.936703,1165164,0.0,0.0,0.0,0.0146,0.0055
2014-09-09,顺威股份,sz002676,14.93,14.31,14.36,14.79,14.4,15.341234,2681829,0.0,0.0,0.0,0.043,0.0299
2014-09-10,顺威股份,sz002676,14.82,14.55,14.7,14.79,14.79,15.341234,1698938,0.0,0.0,0.0,0.0182,0.0061
2014-09-11,顺威股份,sz002676,15.1,14.64,14.77,14.98,14.79,15.538322,2664908,0.0,0.0,0.0,0.0311,0.0142
2014-09-12,顺威股份,sz002676,15.19,14.87,14.9,15.09,14.98,15.652421,1420185,0.0,0.0,0.0,0.0213,0.0127
2014-09-15,顺威股份,sz002676,15.59,15.04,15.11,15.51,15.09,16.088074,2225995,0.0,0.0,0.0,0.0364,0.0264
2014-09-16,顺威股份,sz002676,15.6,14.79,15.53,14.79,15.51,15.341234,2939386,0.0,0.0,0.0,0.0522,-0.0476
2014-09-17,顺威股份,sz002676,15.36,14.7,14.78,15.1,14.79,15.6627865,1492634,0.0,0.0,0.0,0.0446,0.0216
2014-09-18,顺威股份,sz002676,15.28,14.95,15.1,15.26,15.1,15.828749,1002515,0.0,0.0,0.0,0.0218,0.0105
2014-09-19,顺威股份,sz002676,15.41,15.11,15.19,15.4,15.26,15.973962,1054164,0.0,0.0,0.0,0.0196,0.0138
2014-09-22,顺威股份,sz002676,15.4,15.0,15.4,15.12,15.4,15.683523,981151,0.0,0.0,0.0,0.0259,-0.0181
2014-09-23,顺威股份,sz002676,16.09,15.12,15.19,16.09,15.12,16.689669,3356817,0.0,0.0,0.0,0.0641,0.0592
2014-09-24,顺威股份,sz002676,16.07,15.75,15.97,15.98,16.09,16.575562,2843852,0.0,0.0,0.0,0.0198,6.0E-4
2014-09-25,顺威股份,sz002676,16.14,15.72,15.97,15.8,15.98,16.388855,1849715,0.0,0.0,0.0,0.0262,-0.0106
2014-09-26,顺威股份,sz002676,16.39,15.7,15.86,16.19,15.8,16.793396,2292806,0.0,0.0,0.0,0.0436,0.0208
2014-09-29,顺威股份,sz002676,16.78,16.16,16.26,16.17,16.19,16.772657,2112703,0.0,0.0,0.0,0.0382,-0.0055
2014-09-30,顺威股份,sz002676,16.72,16.2,16.2,16.49,16.17,17.104588,1751212,0.0,0.0,0.0,0.0321,0.0179
2014-10-08,顺威股份,sz002676,16.77,16.23,16.49,16.72,16.49,17.343163,1724467,0.0,0.0,0.0,0.0327,0.0139
2014-10-09,顺威股份,sz002676,16.73,16.23,16.73,16.5,16.72,17.114962,2293508,0.0,0.0,0.0,0.0299,-0.0137
2014-10-10,顺威股份,sz002676,16.65,16.18,16.4,16.53,16.5,17.146076,1837931,0.0,0.0,0.0,0.0284,0.0079
2014-10-13,顺威股份,sz002676,16.5,16.0,16.46,16.34,16.53,16.949,1347565,0.0,0.0,0.0,0.0302,-0.0072
2014-10-14,顺威股份,sz002676,16.74,16.21,16.28,16.73,16.34,17.353539,2429671,0.0,0.0,0.0,0.0324,0.0276
2014-10-15,顺威股份,sz002676,17.17,16.56,16.68,17.13,16.73,17.768444,2613778,0.0,0.0,0.0,0.0364,0.0269
2014-10-16,顺威股份,sz002676,17.23,16.78,16.9,16.78,17.13,17.4054,1748844,0.0,0.0,0.0,0.0262,-0.0071
2014-10-17,顺威股份,sz002676,16.9,16.03,16.76,16.37,16.78,16.980116,1866145,0.0,0.0,0.0,0.0518,-0.0232
2014-10-20,顺威股份,sz002676,16.98,16.36,16.37,16.92,16.37,17.550613,1852066,0.0,0.0,0.0,0.0378,0.0335
2014-10-21,顺威股份,sz002676,17.12,16.53,16.86,16.58,16.92,17.197933,1411385,0.0,0.0,0.0,0.0348,-0.0166
2014-10-22,顺威股份,sz002676,16.73,16.01,16.43,16.08,16.58,16.679295,1547381,0.0,0.0,0.0,0.0434,-0.0213
2014-10-23,顺威股份,sz002676,16.12,15.47,16.05,15.5,16.08,16.077673,1693085,0.0,0.0,0.0,0.0404,-0.0342
2014-10-24,顺威股份,sz002676,15.88,15.48,15.5,15.53,15.5,16.108784,1328088,0.0,0.0,0.0,0.0258,0.0019
2014-10-27,顺威股份,sz002676,15.82,15.5,15.53,15.79,15.53,16.378477,975681,0.0,0.0,0.0,0.0206,0.0167
2014-10-28,顺威股份,sz002676,16.45,15.78,15.78,16.37,15.79,16.980091,1426184,0.0,0.0,0.0,0.0424,0.0373
2014-10-29,顺威股份,sz002676,16.68,16.34,16.47,16.49,16.37,17.104555,1628176,0.0,0.0,0.0,0.0207,0.0012
2014-10-30,顺威股份,sz002676,16.98,16.5,16.67,16.78,16.49,17.405355,2019558,0.0,0.0,0.0,0.0291,0.0065
2014-10-31,顺威股份,sz002676,17.1,16.72,16.72,16.95,16.78,17.58169,2365112,0.0,0.0,0.0,0.0226,0.0137
2014-11-03,顺威股份,sz002676,17.78,17.05,17.06,17.62,16.95,18.276659,2807115,0.0,0.0,0.0,0.043,0.0328
2014-11-04,顺威股份,sz002676,17.85,17.35,17.63,17.56,17.62,18.214426,1961060,0.0,0.0,0.0,0.0283,-0.0039
2014-11-05,顺威股份,sz002676,17.58,17.18,17.49,17.39,17.56,18.038092,1367029,0.0,0.0,0.0,0.0227,-0.0057
2014-11-06,顺威股份,sz002676,17.98,17.28,17.28,17.75,17.39,18.411516,2041230,0.0,0.0,0.0,0.0402,0.0271
2014-11-07,顺威股份,sz002676,18.89,17.71,17.86,17.97,17.75,18.63971,3233076,0.0,0.0,0.0,0.0664,0.0061
2014-11-10,顺威股份,sz002676,18.41,17.9,18.0,18.05,17.97,18.722694,1843676,0.0,0.0,0.0,0.0283,0.0027
2014-11-11,顺威股份,sz002676,18.06,16.8,18.0,17.0,18.05,17.633556,2737072,0.0,0.0,0.0,0.0698,-0.0555
2014-11-12,顺威股份,sz002676,18.33,16.92,16.92,18.33,17.0,19.013119,3232344,0.0,0.0,0.0,0.0829,0.0833
2014-11-13,顺威股份,sz002676,18.32,17.54,18.12,17.58,18.33,18.235159,2162725,0.0,0.0,0.0,0.0425,-0.0298
2014-11-14,顺威股份,sz002676,17.66,16.99,17.42,17.2,17.58,17.841005,1656675,0.0,0.0,0.0,0.0381,-0.0126
2014-11-17,顺威股份,sz002676,17.75,17.03,17.22,17.48,17.2,18.13144,1080028,0.0,0.0,0.0,0.0418,0.015
2014-11-18,顺威股份,sz002676,17.83,17.46,17.46,17.76,17.48,18.42187,1144714,0.0,0.0,0.0,0.0211,0.0171
2014-11-19,顺威股份,sz002676,17.89,17.6,17.66,17.87,17.76,18.535975,1415362,0.0,0.0,0.0,0.0163,0.0118
2014-11-20,顺威股份,sz002676,18.02,17.67,17.85,18.0,17.87,18.670822,1204676,0.0,0.0,0.0,0.0195,0.0084
2014-11-21,顺威股份,sz002676,18.37,17.92,18.0,18.08,18.0,18.753796,1661812,0.0,0.0,0.0,0.0249,0.0044
2014-11-24,顺威股份,sz002676,18.5,17.95,18.18,18.0,18.08,18.67081,1988791,0.0,0.0,0.0,0.0304,-0.0099
2014-11-25,顺威股份,sz002676,18.18,17.8,18.08,18.15,18.0,18.826395,1508207,0.0,0.0,0.0,0.0211,0.0038
2014-11-26,顺威股份,sz002676,18.28,17.85,18.13,18.08,18.15,18.75378,1381829,0.0,0.0,0.0,0.0236,-0.0027
2014-11-27,顺威股份,sz002676,18.15,17.86,18.08,18.01,18.08,18.681166,1586054,0.0,0.0,0.0,0.016,-0.0038
2014-11-28,顺威股份,sz002676,18.32,17.9,18.05,18.25,18.01,18.93011,1935540,0.0,0.0,0.0,0.0233,0.011
2014-12-01,顺威股份,sz002676,18.7,18.07,18.28,18.69,18.25,19.386517,2658174,0.0,0.0,0.0,0.0345,0.0224
2014-12-02,顺威股份,sz002676,20.56,18.61,18.74,20.56,18.69,21.326216,3641281,0.0,0.0,0.0,0.1043,0.0971
2014-12-03,顺威股份,sz002676,21.37,19.42,21.2,19.98,20.56,20.724602,5008050,0.0,0.0,0.0,0.0948,-0.0575
2014-12-04,顺威股份,sz002676,20.18,19.62,19.8,19.75,19.98,20.486021,2793675,0.0,0.0,0.0,0.028,-0.0025
2014-12-05,顺威股份,sz002676,19.73,17.78,19.51,18.19,19.75,18.867891,3651089,0.0,0.0,0.0,0.0987,-0.0676
2014-12-08,顺威股份,sz002676,18.17,17.65,18.17,17.69,18.19,18.34925,2576795,0.0,0.0,0.0,0.0285,-0.0264
2014-12-09,顺威股份,sz002676,17.65,16.54,17.65,16.62,17.69,17.239378,3013219,0.0,0.0,0.0,0.0627,-0.0583
2014-12-10,顺威股份,sz002676,17.32,16.68,16.68,17.26,16.62,17.903233,1463677,0.0,0.0,0.0,0.0385,0.0347
2014-12-11,顺威股份,sz002676,17.78,17.18,17.35,17.73,17.26,18.390755,1537531,0.0,0.0,0.0,0.0347,0.0219
2014-12-12,顺威股份,sz002676,17.9,17.61,17.72,17.87,17.73,18.535969,1089482,0.0,0.0,0.0,0.0163,0.0084
2014-12-15,顺威股份,sz002676,18.12,17.7,17.9,18.01,17.87,18.68118,1387118,0.0,0.0,0.0,0.0235,0.0061
2014-12-16,顺威股份,sz002676,18.1,17.66,18.04,17.73,18.01,18.390743,1340243,0.0,0.0,0.0,0.0244,-0.0171
2014-12-17,顺威股份,sz002676,17.74,16.85,17.5,17.03,17.73,17.664658,1807971,0.0,0.0,0.0,0.0501,-0.0268
2014-12-18,顺威股份,sz002676,17.22,16.8,17.03,17.0,17.03,17.633533,1023531,0.0,0.0,0.0,0.0246,-0.0017
2014-12-19,顺威股份,sz002676,17.04,16.39,17.04,16.77,17.0,17.394968,1497155,0.0,0.0,0.0,0.0382,-0.0158
2014-12-22,顺威股份,sz002676,16.59,15.09,16.59,15.22,16.77,15.787204,1977073,0.0,0.0,0.0,0.0894,-0.0825
2014-12-23,顺威股份,sz002676,15.99,15.26,15.26,15.5,15.22,16.07764,1323665,0.0,0.0,0.0,0.0479,0.0157
2014-12-24,顺威股份,sz002676,16.49,15.75,15.75,16.34,15.5,16.948954,1350896,0.0,0.0,0.0,0.0477,0.0374
2014-12-25,顺威股份,sz002676,17.19,16.35,16.45,16.98,16.34,17.61281,1675195,0.0,0.0,0.0,0.0514,0.0322
2014-12-26,顺威股份,sz002676,17.25,16.75,16.92,16.95,16.98,17.581688,1005720,0.0,0.0,0.0,0.0294,0.0017
2014-12-29,顺威股份,sz002676,16.98,16.05,16.81,16.11,16.95,16.710375,1131901,0.0,0.0,0.0,0.0548,-0.0416
2014-12-30,顺威股份,sz002676,16.34,15.8,15.99,16.09,16.11,16.689636,935604,0.0,0.0,0.0,0.0335,0.0062
2014-12-31,顺威股份,sz002676,16.48,16.1,16.1,16.31,16.09,16.917833,823300,0.0,0.0,0.0,0.0236,0.013
2015-01-01,顺威股份,sz002676,16.31,16.31,16.31,16.31,16.31,16.26,0,0.0,0.0,0.0,0.0,0.0
2015-01-02,顺威股份,sz002676,16.31,16.31,16.31,16.31,16.31,16.26,0,0.0,0.0,0.0,0.0,0.0
2015-01-05,顺威股份,sz002676,16.0,15.55,15.88,15.86,16.31,15.81,12256,0.0,0.0,0.0,0.0275,-0.0012
2015-01-06,顺威股份,sz002676,16.18,15.26,15.86,16.16,15.86,16.11,9582,0.0,0.0,0.0,0.058,0.0189
2015-01-07,顺威股份,sz002676,16.22,15.76,16.13,15.9,16.16,15.85,7282,0.0,0.0,0.0,0.0284,-0.0142
2015-01-08,顺威股份,sz002676,16.14,15.8,15.84,15.8,15.9,15.75,8467,0.0,0.0,0.0,0.0213,-0.0025
2015-01-09,顺威股份,sz002676,15.99,15.44,15.8,15.44,15.8,15.39,15550,0.0,0.0,0.0,0.0348,-0.0227
2015-01-12,顺威股份,sz002676,15.45,14.71,15.45,14.85,15.44,14.8,13421,0.0,0.0,0.0,0.0479,-0.0388
2015-01-13,顺威股份,sz002676,15.33,14.85,14.85,15.3,14.85,15.25,7662,0.0,0.0,0.0,0.0323,0.0303
2015-01-14,顺威股份,sz002676,15.45,15.2,15.35,15.28,15.3,15.23,5700,0.0,0.0,0.0,0.0163,-0.0045
2015-01-15,顺威股份,sz002676,15.67,15.22,15.28,15.33,15.28,15.28,8227,0.0,0.0,0.0,0.0294,0.0032
2015-01-16,顺威股份,sz002676,15.6,15.28,15.28,15.46,15.33,15.41,9904,0.0,0.0,0.0,0.0208,0.0117
2015-01-19,顺威股份,sz002676,15.83,15.05,15.23,15.35,15.46,15.3,15704,0.0,0.0,0.0,0.0504,0.0078
2015-01-20,顺威股份,sz002676,16.17,15.4,15.4,16.17,15.35,16.12,15990,0.0,0.0,0.0,0.0501,0.05
2015-01-21,顺威股份,sz002676,17.79,16.1,16.14,17.79,16.17,17.73,55372,0.0,0.0,0.0,0.1045,0.1022
2015-01-22,顺威股份,sz002676,18.34,17.37,17.79,18.25,17.79,18.19,45087,0.0,0.0,0.0,0.0545,0.0258
2015-01-23,顺威股份,sz002676,18.48,17.7,18.25,18.27,18.25,18.21,27708,0.0,0.0,0.0,0.0427,0.001
2015-01-26,顺威股份,sz002676,18.76,18.0,18.16,18.6,18.27,18.54,23564,0.0,0.0,0.0,0.0415,0.0242
2015-01-27,顺威股份,sz002676,18.93,18.13,18.68,18.55,18.6,18.49,26586,0.0,0.0,0.0,0.043,-0.0069
2015-01-28,顺威股份,sz002676,18.84,18.11,18.53,18.67,18.55,18.61,21566,0.0,0.0,0.0,0.0393,0.0075
2015-01-29,顺威股份,sz002676,18.8,18.26,18.43,18.77,18.67,18.71,21182,0.0,0.0,0.0,0.0289,0.0184
2015-01-30,顺威股份,sz002676,19.5,18.4,18.77,19.0,18.77,18.94,33831,0.0,0.0,0.0,0.0586,0.0122
2015-02-02,顺威股份,sz002676,19.8,18.6,18.7,19.46,19.0,19.4,37052,0.0,0.0,0.0,0.0631,0.0406
2015-02-03,顺威股份,sz002676,20.6,19.25,19.47,20.06,19.46,19.99,36848,0.0,0.0,0.0,0.0693,0.0303
2015-02-04,顺威股份,sz002676,20.45,19.49,19.84,20.3,20.06,20.23,29824,0.0,0.0,0.0,0.0478,0.0231
2015-02-05,顺威股份,sz002676,20.69,19.74,20.26,19.74,20.3,19.67,41270,0.0,0.0,0.0,0.0467,-0.0256
2015-02-06,顺威股份,sz002676,21.71,19.26,19.62,21.7,19.74,21.63,76861,0.0,0.0,0.0,0.1241,0.106
2015-02-09,顺威股份,sz002676,22.23,21.0,21.35,22.14,21.7,22.07,54626,0.0,0.0,0.0,0.0566,0.037
2015-02-10,顺威股份,sz002676,22.47,20.5,22.0,21.6,22.14,21.53,55485,0.0,0.0,0.0,0.0889,-0.0181
2015-02-11,顺威股份,sz002676,23.01,21.35,21.54,22.8,21.6,22.72,39559,0.0,0.0,0.0,0.0768,0.0584
2015-02-12,顺威股份,sz002676,23.01,22.2,22.81,22.71,22.8,22.63,20075,0.0,0.0,0.0,0.0355,-0.0043
2015-02-13,顺威股份,sz002676,23.55,22.3,22.7,22.88,22.71,22.8,20529,0.0,0.0,0.0,0.055,0.0079
2015-02-16,顺威股份,sz002676,22.9,22.54,22.61,22.75,22.88,22.67,14104,0.0,0.0,0.0,0.0157,0.0061
2015-02-17,顺威股份,sz002676,23.19,22.0,22.55,23.06,22.75,22.98,21575,0.0,0.0,0.0,0.0523,0.0226
2015-02-18,顺威股份,sz002676,23.06,23.06,23.06,23.06,23.06,22.98,0,0.0,0.0,0.0,0.0,0.0
2015-02-19,顺威股份,sz002676,23.06,23.06,23.06,23.06,23.06,22.98,0,0.0,0.0,0.0,0.0,0.0
2015-02-20,顺威股份,sz002676,23.06,23.06,23.06,23.06,23.06,22.98,0,0.0,0.0,0.0,0.0,0.0
2015-02-23,顺威股份,sz002676,23.06,23.06,23.06,23.06,23.06,22.98,0,0.0,0.0,0.0,0.0,0.0
2015-02-24,顺威股份,sz002676,23.06,23.06,23.06,23.06,23.06,22.98,0,0.0,0.0,0.0,0.0,0.0
2015-02-25,顺威股份,sz002676,22.99,22.36,22.96,22.86,23.06,22.78,13270,0.0,0.0,0.0,0.0273,-0.0043
2015-02-26,顺威股份,sz002676,25.0,22.55,22.77,25.0,22.86,24.92,28765,0.0,0.0,0.0,0.1071,0.0979
2015-02-27,顺威股份,sz002676,25.22,24.45,24.7,25.0,25.0,24.92,18248,0.0,0.0,0.0,0.0307,0.0121
2015-03-02,顺威股份,sz002676,25.48,24.31,25.0,25.19,25.0,25.11,16000,0.0,0.0,0.0,0.0468,0.0076
2015-03-03,顺威股份,sz002676,25.67,24.69,25.1,25.43,25.19,25.35,33464,0.0,0.0,0.0,0.0389,0.0131
2015-03-04,顺威股份,sz002676,25.19,23.17,25.19,23.57,25.43,23.49,43231,0.0,0.0,0.0,0.0794,-0.0643
2015-03-05,顺威股份,sz002676,23.55,21.99,23.47,22.36,23.57,22.29,50327,0.0,0.0,0.0,0.0661,-0.0472
2015-03-06,顺威股份,sz002676,22.74,22.26,22.45,22.26,22.36,22.19,27722,0.0,0.0,0.0,0.0214,-0.0084
2015-03-09,顺威股份,sz002676,22.44,21.0,22.44,21.68,22.26,21.61,55709,0.0,0.0,0.0,0.0646,-0.0338
2015-03-10,顺威股份,sz002676,22.04,21.12,21.46,21.73,21.68,21.66,91483,0.0,0.0,0.0,0.0424,0.0125
2015-03-11,顺威股份,sz002676,21.7,21.29,21.52,21.33,21.73,21.26,41019,0.0,0.0,0.0,0.0188,-0.0088
2015-03-12,顺威股份,sz002676,21.52,20.51,21.49,20.6,21.33,20.53,63796,0.0,0.0,0.0,0.0473,-0.0414
2015-03-13,顺威股份,sz002676,21.15,20.56,20.71,21.0,20.6,20.93,54091,0.0,0.0,0.0,0.0286,0.014
2015-03-16,顺威股份,sz002676,21.86,21.02,21.23,21.75,21.0,21.68,104721,0.0,0.0,0.0,0.0399,0.0244
2015-03-17,顺威股份,sz002676,22.3,21.55,21.77,22.27,21.75,22.2,112115,0.0,0.0,0.0,0.0344,0.0229
2015-03-18,顺威股份,sz002676,22.59,22.19,22.29,22.38,22.27,22.31,76916,0.0,0.0,0.0,0.0179,0.004
2015-03-19,顺威股份,sz002676,22.35,21.51,22.34,21.91,22.38,21.84,61329,0.0,0.0,0.0,0.0375,-0.0192
2015-03-20,顺威股份,sz002676,22.17,21.7,21.86,22.17,21.91,22.1,50568,0.0,0.0,0.0,0.0214,0.0141
2015-03-23,顺威股份,sz002676,23.48,22.19,22.2,23.44,22.17,23.36,88548,0.0,0.0,0.0,0.0581,0.0558
2015-03-24,顺威股份,sz002676,23.44,21.5,23.44,22.88,23.44,22.8,70668,0.0,0.0,0.0,0.0827,-0.0238
2015-03-25,顺威股份,sz002676,23.36,22.27,22.8,23.22,22.88,23.14,61045,0.0,0.0,0.0,0.0476,0.0184
2015-03-26,顺威股份,sz002676,23.21,22.35,23.03,22.6,23.22,22.52,45884,0.0,0.0,0.0,0.037,-0.0186
2015-03-27,顺威股份,sz002676,22.8,22.37,22.57,22.66,22.6,22.58,25976,0.0,0.0,0.0,0.019,0.0039
2015-03-30,顺威股份,sz002676,22.9,22.08,22.8,22.13,22.66,22.06,48176,0.0,0.0,0.0,0.0361,-0.0293
2015-03-31,顺威股份,sz002676,21.91,21.18,21.9,21.63,22.13,21.56,48488,0.0,0.0,0.0,0.0329,-0.0123
2015-04-01,顺威股份,sz002676,22.19,21.37,21.42,22.19,21.63,22.12,37066,0.0,0.0,0.0,0.0379,0.0359
2015-04-02,顺威股份,sz002676,24.2,22.19,22.4,23.86,22.19,23.78,98108,0.0,0.0,0.0,0.0905,0.0651
2015-04-03,顺威股份,sz002676,24.42,23.5,24.0,23.98,23.86,23.9,75342,0.0,0.0,0.0,0.0385,-8.0E-4
2015-04-06,顺威股份,sz002676,23.98,23.98,23.98,23.98,23.98,23.9,0,0.0,0.0,0.0,0.0,0.0
2015-04-07,顺威股份,sz002676,24.36,23.65,24.0,24.26,23.98,24.18,60939,0.0,0.0,0.0,0.0296,0.0108
2015-04-08,顺威股份,sz002676,26.69,24.41,24.42,26.69,24.26,26.6,133127,0.0,0.0,0.0,0.0939,0.0929
2015-04-09,顺威股份,sz002676,29.36,26.85,27.38,29.35,26.69,29.25,148054,0.0,0.0,0.0,0.094,0.0719
2015-04-10,顺威股份,sz002676,28.9,27.0,28.2,28.42,29.35,28.33,95991,0.0,0.0,0.0,0.0647,0.0078
2015-04-13,顺威股份,sz002676,29.48,28.31,28.81,29.1,28.42,29.0,70422,0.0,0.0,0.0,0.0411,0.01
2015-04-14,顺威股份,sz002676,28.86,27.11,28.85,27.84,29.1,27.75,53162,0.0,0.0,0.0,0.0601,-0.035
2015-04-15,顺威股份,sz002676,27.76,26.01,27.76,26.55,27.84,26.46,46243,0.0,0.0,0.0,0.0628,-0.0435
2015-04-16,顺威股份,sz002676,27.2,25.9,26.03,26.82,26.55,26.73,32295,0.0,0.0,0.0,0.0489,0.0303
2015-04-17,顺威股份,sz002676,27.35,26.01,27.33,27.03,26.82,26.94,43103,0.0,0.0,0.0,0.0499,-0.0109
2015-04-20,顺威股份,sz002676,27.03,27.03,27.03,27.03,27.03,26.94,0,0.0,0.0,0.0,0.0,0.0
2015-04-21,顺威股份,sz002676,27.03,27.03,27.03,27.03,27.03,26.94,0,0.0,0.0,0.0,0.0,0.0
2015-04-22,顺威股份,sz002676,27.03,27.03,27.03,27.03,27.03,26.94,0,0.0,0.0,0.0,0.0,0.0
2015-04-23,顺威股份,sz002676,27.03,27.03,27.03,27.03,27.03,26.94,0,0.0,0.0,0.0,0.0,0.0
2015-04-24,顺威股份,sz002676,27.03,27.03,27.03,27.03,27.03,26.94,0,0.0,0.0,0.0,0.0,0.0
2015-04-27,顺威股份,sz002676,27.03,27.03,27.03,27.03,27.03,26.94,0,0.0,0.0,0.0,0.0,0.0
2015-04-28,顺威股份,sz002676,27.03,27.03,27.03,27.03,27.03,26.94,0,0.0,0.0,0.0,0.0,0.0
2015-04-29,顺威股份,sz002676,27.03,27.03,27.03,27.03,27.03,26.94,0,0.0,0.0,0.0,0.0,0.0
2015-04-30,顺威股份,sz002676,27.03,27.03,27.03,27.03,27.03,26.94,0,0.0,0.0,0.0,0.0,0.0
2015-05-01,顺威股份,sz002676,27.03,27.03,27.03,27.03,27.03,26.94,0,0.0,0.0,0.0,0.0,0.0
2015-05-04,顺威股份,sz002676,27.03,27.03,27.03,27.03,27.03,26.94,0,0.0,0.0,0.0,0.0,0.0
2015-05-05,顺威股份,sz002676,27.03,27.03,27.03,27.03,27.03,26.94,0,0.0,0.0,0.0,0.0,0.0
2015-05-06,顺威股份,sz002676,27.03,27.03,27.03,27.03,27.03,26.94,0,0.0,0.0,0.0,0.0,0.0
2015-05-07,顺威股份,sz002676,27.03,27.03,27.03,27.03,27.03,26.94,0,0.0,0.0,0.0,0.0,0.0
2015-05-08,顺威股份,sz002676,27.03,27.03,27.03,27.03,27.03,26.94,0,0.0,0.0,0.0,0.0,0.0
2015-05-11,顺威股份,sz002676,27.03,27.03,27.03,27.03,27.03,26.94,0,0.0,0.0,0.0,0.0,0.0
2015-05-12,顺威股份,sz002676,27.03,27.03,27.03,27.03,27.03,26.94,0,0.0,0.0,0.0,0.0,0.0
2015-05-13,顺威股份,sz002676,27.03,27.03,27.03,27.03,27.03,26.94,0,0.0,0.0,0.0,0.0,0.0
2015-05-14,顺威股份,sz002676,27.03,27.03,27.03,27.03,27.03,26.94,0,0.0,0.0,0.0,0.0,0.0
2015-05-15,顺威股份,sz002676,27.03,27.03,27.03,27.03,27.03,26.94,0,0.0,0.0,0.0,0.0,0.0
2015-05-18,顺威股份,sz002676,27.03,27.03,27.03,27.03,27.03,26.94,0,0.0,0.0,0.0,0.0,0.0
2015-05-19,顺威股份,sz002676,27.03,27.03,27.03,27.03,27.03,26.94,0,0.0,0.0,0.0,0.0,0.0
2015-05-20,顺威股份,sz002676,27.03,27.03,27.03,27.03,27.03,26.94,0,0.0,0.0,0.0,0.0,0.0
2015-05-21,顺威股份,sz002676,27.03,27.03,27.03,27.03,27.03,26.94,0,0.0,0.0,0.0,0.0,0.0
2015-05-22,顺威股份,sz002676,27.03,27.03,27.03,27.03,27.03,26.94,0,0.0,0.0,0.0,0.0,0.0
2015-05-25,顺威股份,sz002676,27.03,27.03,27.03,27.03,27.03,26.94,0,0.0,0.0,0.0,0.0,0.0
2015-05-26,顺威股份,sz002676,27.03,27.03,27.03,27.03,27.03,26.94,0,0.0,0.0,0.0,0.0,0.0
2015-05-27,顺威股份,sz002676,27.03,27.03,27.03,27.03,27.03,26.94,0,0.0,0.0,0.0,0.0,0.0
2015-05-28,顺威股份,sz002676,27.03,27.03,27.03,27.03,27.03,26.94,0,0.0,0.0,0.0,0.0,0.0
2015-05-29,顺威股份,sz002676,27.03,27.03,27.03,27.03,27.03,26.94,0,0.0,0.0,0.0,0.0,0.0
2015-06-01,顺威股份,sz002676,27.03,27.03,27.03,27.03,27.03,26.94,0,0.0,0.0,0.0,0.0,0.0
2015-06-02,顺威股份,sz002676,27.03,27.03,27.03,27.03,27.03,26.94,0,0.0,0.0,0.0,0.0,0.0
2015-06-03,顺威股份,sz002676,27.03,27.03,27.03,27.03,27.03,26.94,0,0.0,0.0,0.0,0.0,0.0
2015-06-04,顺威股份,sz002676,27.03,27.03,27.03,27.03,27.03,26.94,0,0.0,0.0,0.0,0.0,0.0
2015-06-05,顺威股份,sz002676,27.03,27.03,27.03,27.03,27.03,26.94,0,0.0,0.0,0.0,0.0,0.0
2015-06-08,顺威股份,sz002676,27.03,27.03,27.03,27.03,27.03,26.94,0,0.0,0.0,0.0,0.0,0.0
2015-06-09,顺威股份,sz002676,27.03,27.03,27.03,27.03,27.03,26.94,0,0.0,0.0,0.0,0.0,0.0
2015-06-10,顺威股份,sz002676,27.03,27.03,27.03,27.03,27.03,26.94,0,0.0,0.0,0.0,0.0,0.0
2015-06-11,顺威股份,sz002676,27.03,27.03,27.03,27.03,27.03,26.94,0,0.0,0.0,0.0,0.0,0.0
2015-06-12,顺威股份,sz002676,27.03,27.03,27.03,27.03,27.03,26.94,0,0.0,0.0,0.0,0.0,0.0
2015-06-15,顺威股份,sz002676,27.03,27.03,27.03,27.03,27.03,26.94,0,0.0,0.0,0.0,0.0,0.0
2015-06-16,顺威股份,sz002676,27.03,27.03,27.03,27.03,27.03,26.94,0,0.0,0.0,0.0,0.0,0.0
2015-06-17,顺威股份,sz002676,27.03,27.03,27.03,27.03,27.03,27.03,0,0.0,0.0,0.0,0.0,0.0
2015-06-18,顺威股份,sz002676,27.03,27.03,27.03,27.03,27.03,27.03,0,0.0,0.0,0.0,0.0,0.0
2015-06-19,顺威股份,sz002676,27.03,27.03,27.03,27.03,27.03,27.03,0,0.0,0.0,0.0,0.0,0.0
2015-06-22,顺威股份,sz002676,27.03,27.03,27.03,27.03,27.03,27.03,0,0.0,0.0,0.0,0.0,0.0
2015-06-23,顺威股份,sz002676,27.03,27.03,27.03,27.03,27.03,27.03,0,0.0,0.0,0.0,0.0,0.0
2015-06-24,顺威股份,sz002676,27.03,27.03,27.03,27.03,27.03,27.03,0,0.0,0.0,0.0,0.0,0.0
2015-06-25,顺威股份,sz002676,27.03,27.03,27.03,27.03,27.03,27.03,0,0.0,0.0,0.0,0.0,0.0
2015-06-26,顺威股份,sz002676,27.03,27.03,27.03,27.03,27.03,27.03,0,0.0,0.0,0.0,0.0,0.0
2015-06-29,顺威股份,sz002676,27.03,27.03,27.03,27.03,27.03,27.03,0,0.0,0.0,0.0,0.0,0.0
2015-06-30,顺威股份,sz002676,27.03,27.03,27.03,27.03,27.03,27.03,0,0.0,0.0,0.0,0.0,0.0
2015-07-01,顺威股份,sz002676,27.03,27.03,27.03,27.03,27.03,27.03,0,0.0,0.0,0.0,0.0,0.0
2015-07-02,顺威股份,sz002676,27.03,27.03,27.03,27.03,27.03,27.03,0,0.0,0.0,0.0,0.0,0.0
2015-07-03,顺威股份,sz002676,27.03,27.03,27.03,27.03,27.03,27.03,0,0.0,0.0,0.0,0.0,0.0
2015-07-06,顺威股份,sz002676,27.03,27.03,27.03,27.03,27.03,27.03,0,0.0,0.0,0.0,0.0,0.0
2015-07-07,顺威股份,sz002676,27.03,27.03,27.03,27.03,27.03,27.03,0,0.0,0.0,0.0,0.0,0.0
2015-07-08,顺威股份,sz002676,27.03,27.03,27.03,27.03,27.03,27.03,0,0.0,0.0,0.0,0.0,0.0
2015-07-09,顺威股份,sz002676,27.03,27.03,27.03,27.03,27.03,27.03,0,0.0,0.0,0.0,0.0,0.0
2015-07-10,顺威股份,sz002676,27.03,27.03,27.03,27.03,27.03,27.03,0,0.0,0.0,0.0,0.0,0.0
2015-07-13,顺威股份,sz002676,27.03,27.03,27.03,27.03,27.03,27.03,0,0.0,0.0,0.0,0.0,0.0
2015-07-14,顺威股份,sz002676,27.03,27.03,27.03,27.03,27.03,27.03,0,0.0,0.0,0.0,0.0,0.0
2015-07-15,顺威股份,sz002676,27.03,27.03,27.03,27.03,27.03,27.03,0,0.0,0.0,0.0,0.0,0.0
2015-07-16,顺威股份,sz002676,27.03,27.03,27.03,27.03,27.03,27.03,0,0.0,0.0,0.0,0.0,0.0
2015-07-17,顺威股份,sz002676,27.03,27.03,27.03,27.03,27.03,27.03,0,0.0,0.0,0.0,0.0,0.0
2015-07-20,顺威股份,sz002676,27.03,27.03,27.03,27.03,27.03,27.03,0,0.0,0.0,0.0,0.0,0.0
2015-07-21,顺威股份,sz002676,27.03,27.03,27.03,27.03,27.03,27.03,0,0.0,0.0,0.0,0.0,0.0
2015-07-22,顺威股份,sz002676,27.03,27.03,27.03,27.03,27.03,27.03,0,0.0,0.0,0.0,0.0,0.0
2015-07-23,顺威股份,sz002676,27.03,27.03,27.03,27.03,27.03,27.03,0,0.0,0.0,0.0,0.0,0.0
2015-07-24,顺威股份,sz002676,27.03,27.03,27.03,27.03,27.03,27.03,0,0.0,0.0,0.0,0.0,0.0
2015-07-27,顺威股份,sz002676,27.03,27.03,27.03,27.03,27.03,27.03,0,0.0,0.0,0.0,0.0,0.0
2015-07-28,顺威股份,sz002676,27.03,27.03,27.03,27.03,27.03,27.03,0,0.0,0.0,0.0,0.0,0.0
2015-07-29,顺威股份,sz002676,24.25,24.25,24.25,24.25,27.03,24.25,3172,0.0,0.0,0.0,0.0,0.0
2015-07-30,顺威股份,sz002676,24.25,21.83,21.83,21.83,24.25,21.83,194802,0.0,0.0,0.0,0.0997,0.0
2015-07-31,顺威股份,sz002676,22.0,20.18,21.11,20.9,21.83,20.9,105200,0.0,0.0,0.0,0.0833,-0.0099
2015-08-03,顺威股份,sz002676,21.98,18.91,21.13,21.4,20.9,21.4,79950,0.0,0.0,0.0,0.1468,0.0127
2015-08-04,顺威股份,sz002676,21.8,20.33,21.19,21.6,21.4,21.6,75501,0.0,0.0,0.0,0.0686,0.0193
2015-08-05,顺威股份,sz002676,22.1,20.8,21.3,20.96,21.6,20.96,38561,0.0,0.0,0.0,0.0601,-0.0159
2015-08-06,顺威股份,sz002676,21.95,20.31,20.63,21.95,20.96,21.95,49395,0.0,0.0,0.0,0.0782,0.0639
2015-08-07,顺威股份,sz002676,22.94,21.51,21.51,22.02,21.95,22.02,88560,0.0,0.0,0.0,0.0651,0.0237
2015-08-10,顺威股份,sz002676,23.85,21.5,21.65,23.29,22.02,23.29,88822,0.0,0.0,0.0,0.1067,0.0757
2015-08-11,顺威股份,sz002676,23.22,22.5,22.81,22.62,23.29,22.62,52981,0.0,0.0,0.0,0.0309,-0.0083
2015-08-12,顺威股份,sz002676,22.65,21.01,21.01,21.65,22.62,21.65,38232,0.0,0.0,0.0,0.0725,0.0304
2015-08-13,顺威股份,sz002676,22.5,20.8,20.8,22.4,21.65,22.4,36982,0.0,0.0,0.0,0.0785,0.0769
2015-08-14,顺威股份,sz002676,24.0,22.27,22.27,23.35,22.4,23.35,81165,0.0,0.0,0.0,0.0772,0.0484
2015-08-17,顺威股份,sz002676,23.9,22.11,23.5,23.3,23.35,23.3,41694,0.0,0.0,0.0,0.0766,-0.0085
2015-08-18,顺威股份,sz002676,25.63,23.6,23.99,24.1,23.3,24.1,110656,0.0,0.0,0.0,0.0871,0.0045
2015-08-19,顺威股份,sz002676,26.51,23.18,23.48,26.51,24.1,26.51,111008,0.0,0.0,0.0,0.1381,0.129
2015-08-20,顺威股份,sz002676,28.51,26.4,27.01,26.9,26.51,26.9,106020,0.0,0.0,0.0,0.0795,-0.004
2015-08-21,顺威股份,sz002676,26.5,24.21,25.5,24.21,26.9,24.21,65391,0.0,0.0,0.0,0.0851,-0.0505
2015-08-24,顺威股份,sz002676,22.99,21.79,21.79,21.79,24.21,21.79,39129,0.0,0.0,0.0,0.0495,0.0
2015-08-25,顺威股份,sz002676,20.26,19.61,19.61,19.61,21.79,19.61,45494,0.0,0.0,0.0,0.0298,0.0
2015-08-26,顺威股份,sz002676,21.08,18.05,20.15,20.75,19.61,20.75,94250,0.0,0.0,0.0,0.1545,0.0297
2015-08-27,顺威股份,sz002676,22.47,20.29,20.76,22.1,20.75,22.1,57800,0.0,0.0,0.0,0.105,0.0645
2015-08-28,顺威股份,sz002676,23.6,22.36,22.55,22.75,22.1,22.75,52998,0.0,0.0,0.0,0.0561,0.0088
2015-08-31,顺威股份,sz002676,22.55,21.14,22.52,21.45,22.75,21.45,38878,0.0,0.0,0.0,0.0619,-0.0475
2015-09-01,顺威股份,sz002676,22.5,19.76,21.0,21.75,21.45,21.75,45642,0.0,0.0,0.0,0.1277,0.0357
2015-09-02,顺威股份,sz002676,22.99,20.5,21.75,21.6,21.75,21.6,67007,0.0,0.0,0.0,0.1144,-0.0068
2015-09-03,顺威股份,sz002676,21.6,21.6,21.6,21.6,21.6,21.6,0,0.0,0.0,0.0,0.0,0.0
2015-09-04,顺威股份,sz002676,21.6,21.6,21.6,21.6,21.6,21.6,0,0.0,0.0,0.0,0.0,0.0
2015-09-07,顺威股份,sz002676,22.5,21.28,22.0,21.74,21.6,21.74,44762,0.0,0.0,0.0,0.0564,-0.0118
2015-09-08,顺威股份,sz002676,23.0,20.5,21.6,22.47,21.74,22.47,30039,0.0,0.0,0.0,0.1149,0.0402
2015-09-09,顺威股份,sz002676,23.37,22.11,22.39,22.6,22.47,22.6,30048,0.0,0.0,0.0,0.056,0.0093
2015-09-10,顺威股份,sz002676,24.78,21.85,22.14,24.29,22.6,24.29,54608,0.0,0.0,0.0,0.1296,0.0971
2015-09-11,顺威股份,sz002676,24.22,23.17,24.19,23.83,24.29,23.83,31969,0.0,0.0,0.0,0.0432,-0.0148
2015-09-14,顺威股份,sz002676,23.88,21.45,23.88,21.45,23.83,21.45,34308,0.0,0.0,0.0,0.1019,-0.1017
2015-09-15,顺威股份,sz002676,22.2,20.38,21.48,22.2,21.45,22.2,40694,0.0,0.0,0.0,0.0848,0.0335
2015-09-16,顺威股份,sz002676,24.42,21.7,22.02,24.42,22.2,24.42,44141,0.0,0.0,0.0,0.1225,0.1089
2015-09-17,顺威股份,sz002676,25.57,23.45,24.08,23.77,24.42,23.77,46578,0.0,0.0,0.0,0.0868,-0.0128
2015-09-18,顺威股份,sz002676,24.35,23.12,23.12,23.79,23.77,23.79,42182,0.0,0.0,0.0,0.0517,0.0289
2015-09-21,顺威股份,sz002676,24.9,22.51,23.15,24.71,23.79,24.71,33302,0.0,0.0,0.0,0.1004,0.0673
2015-09-22,顺威股份,sz002676,25.1,24.0,24.95,24.1,24.71,24.1,18897,0.0,0.0,0.0,0.0445,-0.034
2015-09-23,顺威股份,sz002676,24.0,23.31,23.67,23.47,24.1,23.47,12117,0.0,0.0,0.0,0.0286,-0.0084
2015-09-24,顺威股份,sz002676,25.82,23.5,23.5,25.82,23.47,25.82,78582,0.0,0.0,0.0,0.0988,0.0987
2015-09-25,顺威股份,sz002676,26.0,24.56,25.3,25.27,25.82,25.27,45433,0.0,0.0,0.0,0.0557,-0.0011
2015-09-28,顺威股份,sz002676,25.27,25.27,25.27,25.27,25.27,25.27,0,0.0,0.0,0.0,0.0,0.0
2015-09-29,顺威股份,sz002676,26.53,24.61,24.8,25.35,25.27,25.35,19381,0.0,0.0,0.0,0.0759,0.0221
2015-09-30,顺威股份,sz002676,26.0,24.75,25.68,25.11,25.35,25.11,10743,0.0,0.0,0.0,0.0493,-0.0221
2015-10-01,顺威股份,sz002676,25.11,25.11,25.11,25.11,25.11,25.11,0,0.0,0.0,0.0,0.0,0.0
2015-10-02,顺威股份,sz002676,25.11,25.11,25.11,25.11,25.11,25.11,0,0.0,0.0,0.0,0.0,0.0
2015-10-05,顺威股份,sz002676,25.11,25.11,25.11,25.11,25.11,25.11,0,0.0,0.0,0.0,0.0,0.0
2015-10-06,顺威股份,sz002676,25.11,25.11,25.11,25.11,25.11,25.11,0,0.0,0.0,0.0,0.0,0.0
2015-10-07,顺威股份,sz002676,25.11,25.11,25.11,25.11,25.11,25.11,0,0.0,0.0,0.0,0.0,0.0
2015-10-08,顺威股份,sz002676,27.62,25.26,25.96,26.11,25.11,26.11,20412,0.0,0.0,0.0,0.0939,0.0057
2015-10-09,顺威股份,sz002676,27.1,25.7,25.82,26.71,26.11,26.71,18350,0.0,0.0,0.0,0.0536,0.0344
2015-10-12,顺威股份,sz002676,29.2,26.3,26.8,28.4,26.71,28.4,33970,0.0,0.0,0.0,0.1085,0.0597
2015-10-13,顺威股份,sz002676,28.65,27.68,28.12,28.1,28.4,28.1,22572,0.0,0.0,0.0,0.0341,-7.0E-4
2015-10-14,顺威股份,sz002676,28.61,27.6,27.98,27.95,28.1,27.95,19637,0.0,0.0,0.0,0.0359,-0.001
2015-10-15,顺威股份,sz002676,30.75,27.9,27.95,30.75,27.95,30.75,52909,0.0,0.0,0.0,0.1019,0.1001
2015-10-16,顺威股份,sz002676,32.5,30.2,30.85,30.8,30.75,30.8,46583,0.0,0.0,0.0,0.0747,-0.0016
2015-10-19,顺威股份,sz002676,33.88,30.5,31.1,33.23,30.8,33.23,52406,0.0,0.0,0.0,0.1097,0.0684
2015-10-20,顺威股份,sz002676,36.48,32.6,32.6,35.13,33.23,35.13,49811,0.0,0.0,0.0,0.1167,0.0776
2015-10-21,顺威股份,sz002676,35.13,35.13,35.13,35.13,35.13,35.13,0,0.0,0.0,0.0,0.0,0.0
2015-10-22,顺威股份,sz002676,35.13,35.13,35.13,35.13,35.13,35.13,0,0.0,0.0,0.0,0.0,0.0
2015-10-23,顺威股份,sz002676,35.13,35.13,35.13,35.13,35.13,35.13,0,0.0,0.0,0.0,0.0,0.0
2015-10-26,顺威股份,sz002676,35.13,35.13,35.13,35.13,35.13,35.13,0,0.0,0.0,0.0,0.0,0.0
2015-10-27,顺威股份,sz002676,35.13,35.13,35.13,35.13,35.13,35.13,0,0.0,0.0,0.0,0.0,0.0
2015-10-28,顺威股份,sz002676,35.13,35.13,35.13,35.13,35.13,35.13,0,0.0,0.0,0.0,0.0,0.0
2015-10-29,顺威股份,sz002676,35.13,35.13,35.13,35.13,35.13,35.13,0,0.0,0.0,0.0,0.0,0.0
2015-10-30,顺威股份,sz002676,35.13,35.13,35.13,35.13,35.13,35.13,0,0.0,0.0,0.0,0.0,0.0
2015-11-02,顺威股份,sz002676,35.13,35.13,35.13,35.13,35.13,35.13,0,0.0,0.0,0.0,0.0,0.0
2015-11-03,顺威股份,sz002676,0.0,0.0,0.0,0.0,35.13,0.0,0,0.0,0.0,0.0,0.0,0.0
2015-11-04,顺威股份,sz002676,0.0,0.0,0.0,0.0,0.0,0.0,0,0.0,0.0,0.0,0.0,0.0
2015-11-05,顺威股份,sz002676,38.64,35.15,38.64,36.13,0.0,36.13,86904,0.0,0.0,0.0,0.0,-0.0649
2015-11-06,顺威股份,sz002676,36.0,33.98,35.5,35.31,36.13,35.31,45498,0.0,0.0,0.0,0.0559,-0.0053
2015-11-09,顺威股份,sz002676,38.84,34.31,34.8,38.84,35.31,38.84,43052,0.0,0.0,0.0,0.1282,0.116
2015-11-10,顺威股份,sz002676,41.95,37.92,40.0,38.91,38.84,38.91,54651,0.0,0.0,0.0,0.1037,-0.0272
2015-11-11,顺威股份,sz002676,39.99,38.2,38.2,39.47,38.91,39.47,21004,0.0,0.0,0.0,0.046,0.0332
2015-11-12,顺威股份,sz002676,40.4,37.28,39.7,37.9,39.47,37.9,21418,0.0,0.0,0.0,0.079,-0.0453
2015-11-13,顺威股份,sz002676,37.76,35.7,37.0,36.69,37.9,36.69,17288,0.0,0.0,0.0,0.0543,-0.0083
2015-11-16,顺威股份,sz002676,37.56,35.2,36.8,37.2,36.69,37.2,13034,0.0,0.0,0.0,0.0643,0.0108
2015-11-17,顺威股份,sz002676,40.92,37.06,37.06,38.0,37.2,38.0,21752,0.0,0.0,0.0,0.1037,0.0253
2015-11-18,顺威股份,sz002676,38.8,37.21,38.0,37.92,38.0,37.92,17466,0.0,0.0,0.0,0.0418,-0.0021
2015-11-19,顺威股份,sz002676,39.0,37.3,37.3,38.97,37.92,38.97,18860,0.0,0.0,0.0,0.0448,0.0447
2015-11-20,顺威股份,sz002676,39.5,37.9,39.0,38.67,38.97,38.67,19155,0.0,0.0,0.0,0.041,-0.0084
2015-11-23,顺威股份,sz002676,38.68,37.8,38.68,37.95,38.67,37.95,16590,0.0,0.0,0.0,0.0227,-0.0188
2015-11-24,顺威股份,sz002676,39.28,37.68,37.68,39.14,37.95,39.14,17260,0.0,0.0,0.0,0.0421,0.0387
2015-11-25,顺威股份,sz002676,43.05,38.79,38.8,43.05,39.14,43.05,27678,0.0,0.0,0.0,0.1088,0.1095
2015-11-26,顺威股份,sz002676,46.5,42.1,43.99,42.69,43.05,42.69,40206,0.0,0.0,0.0,0.1022,-0.0295
2015-11-27,顺威股份,sz002676,44.15,38.42,42.62,39.2,42.69,39.2,36901,0.0,0.0,0.0,0.1342,-0.0802
2015-11-30,顺威股份,sz002676,43.12,39.2,39.2,43.12,39.2,43.12,53121,0.0,0.0,0.0,0.0999,0.0999
2015-12-01,顺威股份,sz002676,44.8,42.61,44.06,44.21,43.12,44.21,21827,0.0,0.0,0.0,0.0507,0.0034
2015-12-02,顺威股份,sz002676,44.0,40.68,43.99,42.21,44.21,42.21,13599,0.0,0.0,0.0,0.075,-0.0404
2015-12-03,顺威股份,sz002676,46.43,42.21,42.8,46.42,42.21,46.42,32654,0.0,0.0,0.0,0.0999,0.0845
2015-12-04,顺威股份,sz002676,47.1,45.22,47.1,46.51,46.42,46.51,24519,0.0,0.0,0.0,0.0404,-0.0125
2015-12-07,顺威股份,sz002676,47.3,44.83,46.51,45.1,46.51,45.1,21736,0.0,0.0,0.0,0.0531,-0.0303
2015-12-08,顺威股份,sz002676,46.48,44.01,44.7,44.75,45.1,44.75,13312,0.0,0.0,0.0,0.0547,0.0011
2015-12-09,顺威股份,sz002676,45.78,43.84,44.7,45.07,44.75,45.07,14950,0.0,0.0,0.0,0.0433,0.0082
2015-12-10,顺威股份,sz002676,45.6,42.35,45.1,42.52,45.07,42.52,13553,0.0,0.0,0.0,0.0721,-0.0572
2015-12-11,顺威股份,sz002676,43.38,41.6,42.3,42.78,42.52,42.78,10326,0.0,0.0,0.0,0.0418,0.0113
2015-12-14,顺威股份,sz002676,44.85,41.2,41.2,44.1,42.78,44.1,8511,0.0,0.0,0.0,0.0853,0.0703
2015-12-15,顺威股份,sz002676,45.0,43.45,44.75,44.28,44.1,44.28,16276,0.0,0.0,0.0,0.0351,-0.0105
2015-12-16,顺威股份,sz002676,48.71,43.3,44.27,47.33,44.28,47.33,25634,0.0,0.0,0.0,0.1221,0.0691
2015-12-17,顺威股份,sz002676,49.5,46.51,47.01,47.99,47.33,47.99,26994,0.0,0.0,0.0,0.0631,0.0208
2015-12-18,顺威股份,sz002676,49.0,46.86,48.0,48.01,47.99,48.01,16141,0.0,0.0,0.0,0.0445,2.0E-4
2015-12-21,顺威股份,sz002676,48.85,46.75,48.0,46.79,48.01,46.79,14736,0.0,0.0,0.0,0.0437,-0.0252
2015-12-22,顺威股份,sz002676,48.8,45.59,46.82,46.55,46.79,46.55,17283,0.0,0.0,0.0,0.0686,-0.0057
2015-12-23,顺威股份,sz002676,47.6,45.81,46.3,46.92,46.55,46.92,10861,0.0,0.0,0.0,0.0384,0.0133
2015-12-24,顺威股份,sz002676,47.9,45.8,47.33,46.35,46.92,46.35,13009,0.0,0.0,0.0,0.0447,-0.0207
2015-12-25,顺威股份,sz002676,47.28,46.2,46.59,46.48,46.35,46.48,6818,0.0,0.0,0.0,0.0233,-0.0023
2015-12-28,顺威股份,sz002676,47.6,43.1,46.48,43.8,46.48,43.8,15789,0.0,0.0,0.0,0.0968,-0.0576
2015-12-29,顺威股份,sz002676,44.2,40.0,43.36,41.07,43.8,41.07,26389,0.0,0.0,0.0,0.0958,-0.0528
2015-12-30,顺威股份,sz002676,42.35,39.5,41.68,42.0,41.07,42.0,19549,0.0,0.0,0.0,0.0693,0.0076
2015-12-31,顺威股份,sz002676,42.55,41.0,41.41,41.05,42.0,41.05,13215,0.0,0.0,0.0,0.0369,-0.0086
2016-01-01,顺威股份,sz002676,42.55,41.0,41.41,41.05,41.05,41.05,13215,0.0,0.0,0.0,0.0377,-0.0086
2016-01-04,顺威股份,sz002676,41.39,37.0,40.0,38.06,41.05,38.06,9662,0.0,0.0,0.0,0.1069,-0.0484
2016-01-05,顺威股份,sz002676,41.86,34.51,35.0,41.42,38.06,41.42,47010,0.0,0.0,0.0,0.1931,0.1834
2016-01-06,顺威股份,sz002676,42.8,40.0,42.0,41.96,41.42,41.96,18459,0.0,0.0,0.0,0.0676,-9.0E-4
2016-01-07,顺威股份,sz002676,41.5,37.99,41.5,38.04,41.96,38.04,2323,0.0,0.0,0.0,0.0836,-0.0833
2016-01-08,顺威股份,sz002676,40.8,36.05,38.04,39.03,38.04,39.03,15165,0.0,0.0,0.0,0.1248,0.026
2016-01-11,顺威股份,sz002676,38.49,35.13,37.53,35.26,39.03,35.26,14787,0.0,0.0,0.0,0.086,-0.0604
2016-01-12,顺威股份,sz002676,36.98,32.47,34.82,35.14,35.26,35.14,24691,0.0,0.0,0.0,0.1279,0.0091
2016-01-13,顺威股份,sz002676,36.12,33.98,34.81,33.98,35.14,33.98,11060,0.0,0.0,0.0,0.0608,-0.0238
2016-01-14,顺威股份,sz002676,37.38,32.5,33.97,37.0,33.98,37.0,17749,0.0,0.0,0.0,0.1436,0.0891
2016-01-15,顺威股份,sz002676,36.95,35.11,36.01,35.3,37.0,35.3,6646,0.0,0.0,0.0,0.0497,-0.0197
2016-01-18,顺威股份,sz002676,38.3,33.83,34.24,36.28,35.3,36.28,7547,0.0,0.0,0.0,0.1266,0.0595
2016-01-19,顺威股份,sz002676,39.58,36.02,36.99,39.33,36.28,39.33,20504,0.0,0.0,0.0,0.0981,0.0632
2016-01-20,顺威股份,sz002676,39.7,37.6,39.7,37.62,39.33,37.62,12633,0.0,0.0,0.0,0.0533,-0.0523
2016-01-21,顺威股份,sz002676,38.49,34.0,37.7,34.0,37.62,34.0,40354,0.0,0.0,0.0,0.1193,-0.0981
2016-01-22,顺威股份,sz002676,35.85,32.6,33.6,35.8,34.0,35.8,44357,0.0,0.0,0.0,0.0955,0.0654
2016-01-25,顺威股份,sz002676,37.4,35.05,36.6,35.88,35.8,35.88,20970,0.0,0.0,0.0,0.0656,-0.0196
2016-01-26,顺威股份,sz002676,37.65,34.6,35.6,36.0,35.88,36.0,44581,0.0,0.0,0.0,0.085,0.0112
2016-01-27,顺威股份,sz002676,39.0,34.09,36.03,36.79,36.0,36.79,30043,0.0,0.0,0.0,0.1363,0.021
2016-01-28,顺威股份,sz002676,38.5,34.51,35.45,37.0,36.79,37.0,25064,0.0,0.0,0.0,0.1084,0.0437
2016-01-29,顺威股份,sz002676,37.6,33.3,36.33,36.91,37.0,36.91,82856,0.0,0.0,0.0,0.1162,0.0159
2016-02-01,顺威股份,sz002676,37.0,34.5,36.5,34.52,36.91,34.52,28317,0.0,0.0,0.0,0.0677,-0.0542
2016-02-02,顺威股份,sz002676,36.5,34.08,35.0,35.99,34.52,35.99,17609,0.0,0.0,0.0,0.0701,0.0282
2016-02-03,顺威股份,sz002676,36.9,35.0,35.89,36.1,35.99,36.1,13081,0.0,0.0,0.0,0.0527,0.0058
2016-02-04,顺威股份,sz002676,39.25,36.1,36.1,39.2,36.1,39.2,25741,0.0,0.0,0.0,0.0872,0.0858
2016-02-05,顺威股份,sz002676,38.8,35.41,38.8,36.57,39.2,36.57,28431,0.0,0.0,0.0,0.0864,-0.0574
2016-02-08,顺威股份,sz002676,38.8,35.41,38.8,36.57,36.57,36.57,28431,0.0,0.0,0.0,0.0926,-0.0574
2016-02-09,顺威股份,sz002676,38.8,35.41,38.8,36.57,36.57,36.57,28431,0.0,0.0,0.0,0.0926,-0.0574
2016-02-10,顺威股份,sz002676,38.8,35.41,38.8,36.57,36.57,36.57,28431,0.0,0.0,0.0,0.0926,-0.0574
2016-02-11,顺威股份,sz002676,38.8,35.41,38.8,36.57,36.57,36.57,28431,0.0,0.0,0.0,0.0926,-0.0574
2016-02-12,顺威股份,sz002676,38.8,35.41,38.8,36.57,36.57,36.57,28431,0.0,0.0,0.0,0.0926,-0.0574
2016-02-15,顺威股份,sz002676,34.97,33.68,33.75,34.45,36.57,34.45,14650,0.0,0.0,0.0,0.0352,0.0207
2016-02-16,顺威股份,sz002676,35.28,34.48,34.48,35.2,34.45,35.2,30223,0.0,0.0,0.0,0.0232,0.0208
2016-02-17,顺威股份,sz002676,35.2,34.2,35.2,35.0,35.2,35.0,17231,0.0,0.0,0.0,0.0284,-0.0056
2016-02-18,顺威股份,sz002676,38.06,35.1,35.1,36.7,35.0,36.7,54244,0.0,0.0,0.0,0.0845,0.0455
2016-02-19,顺威股份,sz002676,37.0,35.3,36.13,36.05,36.7,36.05,38886,0.0,0.0,0.0,0.0463,-0.0022
2016-02-22,顺威股份,sz002676,38.38,34.4,36.1,37.3,36.05,37.3,49790,0.0,0.0,0.0,0.1104,0.0332
2016-02-23,顺威股份,sz002676,37.88,36.51,36.99,37.65,37.3,37.65,32993,0.0,0.0,0.0,0.0367,0.0178
2016-02-24,顺威股份,sz002676,38.38,37.6,37.8,38.25,37.65,38.25,62095,0.0,0.0,0.0,0.0207,0.0119
2016-02-25,顺威股份,sz002676,38.65,35.66,38.27,36.37,38.25,36.37,40204,0.0,0.0,0.0,0.0781,-0.0496
2016-02-26,顺威股份,sz002676,38.88,36.56,38.5,38.69,36.37,38.69,31945,0.0,0.0,0.0,0.0637,0.0049
2016-02-29,顺威股份,sz002676,38.38,34.82,38.0,35.4,38.69,35.4,29573,0.0,0.0,0.0,0.092,-0.0684
2016-03-01,顺威股份,sz002676,36.83,34.0,35.0,36.65,35.4,36.65,48618,0.0,0.0,0.0,0.0799,0.0471
2016-03-02,顺威股份,sz002676,38.37,35.35,35.35,38.1,36.65,38.1,37448,0.0,0.0,0.0,0.0824,0.0777
2016-03-03,顺威股份,sz002676,39.37,37.52,37.6,37.52,38.1,37.52,24917,0.0,0.0,0.0,0.0485,-0.0021
2016-03-04,顺威股份,sz002676,38.38,35.81,37.67,36.5,37.52,36.5,31949,0.0,0.0,0.0,0.0684,-0.031
2016-03-07,顺威股份,sz002676,38.73,35.8,36.55,37.26,36.5,37.26,37950,0.0,0.0,0.0,0.0802,0.0194
2016-03-08,顺威股份,sz002676,40.98,36.25,37.01,40.58,37.26,40.58,48067,0.0,0.0,0.0,0.1269,0.0964
2016-03-09,顺威股份,sz002676,43.98,38.8,39.59,42.0,40.58,42.0,56484,0.0,0.0,0.0,0.1276,0.0608
2016-03-10,顺威股份,sz002676,43.5,41.35,42.5,42.33,42.0,42.33,50456,0.0,0.0,0.0,0.0511,-0.004
2016-03-11,顺威股份,sz002676,16.95,15.3,16.2,15.3,42.33,15.3,126034,0.0,0.0,0.0,0.0389,-0.0555
2016-03-14,顺威股份,sz002676,16.23,14.82,15.17,15.45,15.3,15.45,108934,0.0,0.0,0.0,0.0921,0.0184
2016-03-15,顺威股份,sz002676,16.43,15.21,15.39,15.85,15.45,15.85,93070,0.0,0.0,0.0,0.0789,0.0298
2016-03-16,顺威股份,sz002676,16.23,14.96,16.02,15.26,15.85,15.26,76970,0.0,0.0,0.0,0.0801,-0.0474
2016-03-17,顺威股份,sz002676,16.6,14.96,15.26,16.44,15.26,16.44,102665,0.0,0.0,0.0,0.1074,0.0773
2016-03-18,顺威股份,sz002676,17.35,16.05,16.29,16.6,16.44,16.6,129308,0.0,0.0,0.0,0.079,0.019
2016-03-21,顺威股份,sz002676,17.8,16.36,16.55,17.8,16.6,17.8,130612,0.0,0.0,0.0,0.0867,0.0755
2016-03-22,顺威股份,sz002676,19.25,16.82,17.4,18.6,17.8,18.6,189916,0.0,0.0,0.0,0.1365,0.0689
2016-03-23,顺威股份,sz002676,20.2,18.02,18.15,19.9,18.6,19.9,182406,0.0,0.0,0.0,0.1172,0.0964
2016-03-24,顺威股份,sz002676,21.35,18.9,19.5,18.9,19.9,18.9,228140,0.0,0.0,0.0,0.1231,-0.0307
2016-03-25,顺威股份,sz002676,19.08,18.0,18.7,18.33,18.9,18.33,126123,0.0,0.0,0.0,0.0571,-0.0197
