2016-03-25
2011-09-29,万福生科,sz300268,27.8,26.99,27.28,26.99,29.99,13.142,11004500,0.0,0.0,0.0,0.027,-0.0106
2011-09-30,万福生科,sz300268,26.28,25.13,26.01,25.24,26.99,12.29,8235900,0.0,0.0,0.0,0.0426,-0.0296
2011-10-10,万福生科,sz300268,26.16,24.77,25.46,25.6,25.24,12.465,5509200,0.0,0.0,0.0,0.055,0.0054
2011-10-11,万福生科,sz300268,26.79,24.94,26.38,25.38,25.6,12.358,6415100,0.0,0.0,0.0,0.0722,-0.0379
2011-10-12,万福生科,sz300268,26.75,24.63,24.84,26.4,25.38,12.854,7422500,0.0,0.0,0.0,0.0835,0.0628
2011-10-13,万福生科,sz300268,27.54,26.12,26.19,26.86,26.4,13.078,7749100,0.0,0.0,0.0,0.0537,0.0255
2011-10-14,万福生科,sz300268,28.35,26.78,26.78,27.9,26.86,13.585,8382700,0.0,0.0,0.0,0.0584,0.0418
2011-10-17,万福生科,sz300268,29.55,27.66,27.92,28.69,27.9,13.969,9173300,0.0,0.0,0.0,0.0677,0.0275
2011-10-18,万福生科,sz300268,28.6,27.03,28.0,27.18,28.69,13.234,6952800,0.0,0.0,0.0,0.0547,-0.0292
2011-10-19,万福生科,sz300268,28.2,27.15,27.31,27.54,27.18,13.41,4935300,0.0,0.0,0.0,0.0386,0.0084
2011-10-20,万福生科,sz300268,28.76,26.31,27.33,28.37,27.54,13.814,7788700,0.0,0.0,0.0,0.0889,0.038
2011-10-21,万福生科,sz300268,28.34,26.01,27.98,26.19,28.37,12.752,7038400,0.0,0.0,0.0,0.0821,-0.0639
2011-10-24,万福生科,sz300268,26.85,24.7,25.87,26.61,26.19,12.957,5880400,0.0,0.0,0.0,0.082,0.0286
2011-10-25,万福生科,sz300268,29.27,27.81,27.81,29.27,26.61,14.252,9687500,0.0,0.0,0.0,0.0548,0.0524
2011-10-26,万福生科,sz300268,30.68,29.52,29.54,29.88,29.27,14.549,11735100,0.0,0.0,0.0,0.0396,0.0115
2011-10-27,万福生科,sz300268,32.8,29.66,29.88,31.95,29.88,15.557,11211300,0.0,0.0,0.0,0.105,0.0692
2011-10-28,万福生科,sz300268,33.57,31.41,31.8,32.84,31.95,15.99,8450500,0.0,0.0,0.0,0.0676,0.0327
2011-10-31,万福生科,sz300268,32.79,31.85,32.74,32.67,32.84,15.907,5669000,0.0,0.0,0.0,0.0286,-0.0021
2011-11-01,万福生科,sz300268,33.4,31.31,32.2,31.67,32.67,15.42,7841100,0.0,0.0,0.0,0.0639,-0.0164
2011-11-02,万福生科,sz300268,33.66,30.58,30.78,33.0,31.67,16.068,7561400,0.0,0.0,0.0,0.0972,0.0721
2011-11-03,万福生科,sz300268,33.7,31.82,32.8,31.82,33.0,15.494,6623200,0.0,0.0,0.0,0.0569,-0.0298
2011-11-04,万福生科,sz300268,33.18,31.8,32.02,32.31,31.82,15.732,4634500,0.0,0.0,0.0,0.0433,0.009
2011-11-07,万福生科,sz300268,32.48,31.41,32.0,31.97,32.31,15.567,3014900,0.0,0.0,0.0,0.0331,-9.0E-4
2011-11-08,万福生科,sz300268,32.22,31.05,31.78,31.05,31.97,15.119,3003900,0.0,0.0,0.0,0.0365,-0.0229
2011-11-09,万福生科,sz300268,31.8,30.68,31.15,31.69,31.05,15.43,3285500,0.0,0.0,0.0,0.036,0.0173
2011-11-10,万福生科,sz300268,32.18,30.8,31.22,30.8,31.69,14.997,4441500,0.0,0.0,0.0,0.0435,-0.0134
2011-11-11,万福生科,sz300268,31.16,30.32,30.79,30.54,30.8,14.87,3241000,0.0,0.0,0.0,0.0272,-0.0081
2011-11-14,万福生科,sz300268,32.59,30.72,30.98,32.05,30.54,15.605,4261500,0.0,0.0,0.0,0.0612,0.0345
2011-11-15,万福生科,sz300268,32.2,31.62,31.88,31.85,32.05,15.508,2994300,0.0,0.0,0.0,0.018,-9.0E-4
2011-11-16,万福生科,sz300268,33.3,31.61,32.06,31.91,31.85,15.537,6202700,0.0,0.0,0.0,0.053,-0.0046
2011-11-17,万福生科,sz300268,34.89,31.54,31.95,33.68,31.91,16.399,9058700,0.0,0.0,0.0,0.1049,0.0541
2011-11-18,万福生科,sz300268,33.88,32.88,33.15,33.86,33.68,16.487,6380900,0.0,0.0,0.0,0.0296,0.0214
2011-11-21,万福生科,sz300268,33.84,32.2,33.7,32.96,33.86,16.049,4249200,0.0,0.0,0.0,0.0484,-0.0219
2011-11-22,万福生科,sz300268,33.1,31.9,32.32,32.93,32.96,16.034,3503800,0.0,0.0,0.0,0.0364,0.0188
2011-11-23,万福生科,sz300268,34.16,32.7,32.86,33.13,32.93,16.131,4776100,0.0,0.0,0.0,0.0443,0.0082
2011-11-24,万福生科,sz300268,34.68,32.53,32.65,34.57,33.13,16.833,4809300,0.0,0.0,0.0,0.0648,0.0588
2011-11-25,万福生科,sz300268,34.7,33.3,34.25,33.62,34.57,16.37,3913700,0.0,0.0,0.0,0.0404,-0.0183
2011-11-28,万福生科,sz300268,34.3,32.85,33.51,33.27,33.62,16.2,3494600,0.0,0.0,0.0,0.0431,-0.0071
2011-11-29,万福生科,sz300268,33.85,32.42,33.65,32.96,33.27,16.049,3969300,0.0,0.0,0.0,0.0429,-0.0205
2011-11-30,万福生科,sz300268,33.09,29.66,32.8,29.98,32.96,14.598,4633400,0.0,0.0,0.0,0.104,-0.0859
2011-12-01,万福生科,sz300268,31.75,30.0,31.17,30.05,29.98,14.632,4380500,0.0,0.0,0.0,0.0583,-0.0359
2011-12-02,万福生科,sz300268,30.17,28.86,29.85,29.08,30.05,14.159,2547600,0.0,0.0,0.0,0.0435,-0.0257
2011-12-05,万福生科,sz300268,29.4,28.3,29.07,28.45,29.08,13.853,1918100,0.0,0.0,0.0,0.0378,-0.0213
2011-12-06,万福生科,sz300268,29.45,28.43,28.43,29.18,28.45,14.208,1670000,0.0,0.0,0.0,0.0358,0.0263
2011-12-07,万福生科,sz300268,29.84,29.1,29.37,29.7,29.18,14.461,2197200,0.0,0.0,0.0,0.0253,0.0112
2011-12-08,万福生科,sz300268,30.36,28.87,29.68,29.79,29.7,14.505,2219000,0.0,0.0,0.0,0.0501,0.0037
2011-12-09,万福生科,sz300268,29.85,28.9,29.47,29.15,29.79,14.193,1661500,0.0,0.0,0.0,0.0318,-0.0108
2011-12-12,万福生科,sz300268,29.37,28.66,29.28,28.72,29.15,13.984,1169300,0.0,0.0,0.0,0.0243,-0.0191
2011-12-13,万福生科,sz300268,28.72,27.32,28.7,27.45,28.72,13.366,1909700,0.0,0.0,0.0,0.0487,-0.0435
2011-12-14,万福生科,sz300268,28.32,27.18,27.45,27.46,27.45,13.371,2042600,0.0,0.0,0.0,0.0415,3.0E-4
2011-12-15,万福生科,sz300268,27.88,26.68,27.13,27.33,27.46,13.307,1719500,0.0,0.0,0.0,0.0436,0.0073
2011-12-16,万福生科,sz300268,28.25,26.9,27.44,28.19,27.33,13.726,1823200,0.0,0.0,0.0,0.0493,0.0273
2011-12-19,万福生科,sz300268,28.87,27.39,27.73,28.77,28.19,14.008,2217900,0.0,0.0,0.0,0.0525,0.0375
2011-12-20,万福生科,sz300268,28.93,27.52,28.4,27.62,28.77,13.448,2542900,0.0,0.0,0.0,0.049,-0.0274
2011-12-21,万福生科,sz300268,28.0,26.9,27.88,26.9,27.62,13.098,1572800,0.0,0.0,0.0,0.0398,-0.0351
2011-12-22,万福生科,sz300268,26.88,25.68,26.47,26.39,26.9,12.85,1878200,0.0,0.0,0.0,0.0446,-0.003
2011-12-23,万福生科,sz300268,26.85,26.14,26.25,26.41,26.39,12.859,1438600,0.0,0.0,0.0,0.0269,0.006
2011-12-26,万福生科,sz300268,26.92,26.21,26.28,26.42,26.41,12.864,1214500,0.0,0.0,0.0,0.0268,0.0053
2011-12-27,万福生科,sz300268,26.47,24.8,26.14,24.89,26.42,12.119,2108400,0.0,0.0,0.0,0.0632,-0.0478
2011-12-28,万福生科,sz300268,24.7,23.71,24.67,24.25,24.89,11.808,1931500,0.0,0.0,0.0,0.0397,-0.017
2011-12-29,万福生科,sz300268,24.57,23.91,24.0,24.32,24.25,11.842,1748600,0.0,0.0,0.0,0.0272,0.0133
2011-12-30,万福生科,sz300268,24.97,24.2,24.45,24.43,24.32,11.895,4051900,0.0,0.0,0.0,0.0316,-8.0E-4
2012-01-02,万福生科,sz300268,24.97,24.2,24.45,24.43,24.43,11.895,4051900,0.0,0.0,0.0,0.0315,-8.0E-4
2012-01-03,万福生科,sz300268,24.97,24.2,24.45,24.43,24.43,11.895,4051900,0.0,0.0,0.0,0.0315,-8.0E-4
2012-01-04,万福生科,sz300268,24.85,23.2,24.72,23.28,24.43,11.335,3539400,0.0,0.0,0.0,0.0675,-0.0582
2012-01-05,万福生科,sz300268,22.99,21.45,22.88,21.7,23.28,10.566,2679600,0.0,0.0,0.0,0.0661,-0.0515
2012-01-06,万福生科,sz300268,22.6,21.43,21.74,22.4,21.7,10.907,2109400,0.0,0.0,0.0,0.0539,0.0303
2012-01-09,万福生科,sz300268,23.66,22.15,22.37,23.59,22.4,11.486,4252500,0.0,0.0,0.0,0.0674,0.0545
2012-01-10,万福生科,sz300268,24.55,23.31,23.31,24.32,23.59,11.842,3778400,0.0,0.0,0.0,0.0525,0.0433
2012-01-11,万福生科,sz300268,24.64,23.92,24.1,24.31,24.32,11.837,2987600,0.0,0.0,0.0,0.0296,0.0087
2012-01-12,万福生科,sz300268,24.48,23.5,24.08,23.93,24.31,11.652,3244500,0.0,0.0,0.0,0.0403,-0.0062
2012-01-13,万福生科,sz300268,24.09,22.0,23.73,22.22,23.93,10.819,3426400,0.0,0.0,0.0,0.0873,-0.0636
2012-01-16,万福生科,sz300268,22.11,21.18,22.0,21.2,22.22,10.323,1681800,0.0,0.0,0.0,0.0418,-0.0363
2012-01-17,万福生科,sz300268,21.99,19.2,19.92,21.76,21.2,10.595,7429400,0.0,0.0,0.0,0.1316,0.0923
2012-01-18,万福生科,sz300268,21.49,19.58,21.3,19.58,21.76,9.534,5347400,0.0,0.0,0.0,0.0877,-0.0807
2012-01-19,万福生科,sz300268,20.57,19.02,19.21,20.12,19.58,9.797,3685400,0.0,0.0,0.0,0.0791,0.0473
2012-01-20,万福生科,sz300268,20.8,20.01,20.07,20.55,20.12,10.006,2275300,0.0,0.0,0.0,0.0392,0.0239
2012-01-23,万福生科,sz300268,20.55,20.55,20.55,20.55,20.55,10.006,0,0.0,0.0,0.0,0.0,0.0
2012-01-24,万福生科,sz300268,20.55,20.55,20.55,20.55,20.55,10.006,0,0.0,0.0,0.0,0.0,0.0
2012-01-25,万福生科,sz300268,20.55,20.55,20.55,20.55,20.55,10.006,0,0.0,0.0,0.0,0.0,0.0
2012-01-26,万福生科,sz300268,20.55,20.55,20.55,20.55,20.55,10.006,0,0.0,0.0,0.0,0.0,0.0
2012-01-27,万福生科,sz300268,20.55,20.55,20.55,20.55,20.55,10.006,0,0.0,0.0,0.0,0.0,0.0
2012-01-30,万福生科,sz300268,21.38,20.15,20.7,20.77,20.55,10.113,2765100,0.0,0.0,0.0,0.0598,0.0033
2012-01-31,万福生科,sz300268,20.89,20.11,20.8,20.7,20.77,10.079,1865500,0.0,0.0,0.0,0.0375,-0.0048
2012-02-01,万福生科,sz300268,21.35,20.34,20.5,20.82,20.7,10.137,2465700,0.0,0.0,0.0,0.0487,0.0156
2012-02-02,万福生科,sz300268,22.9,22.1,22.1,22.9,20.82,11.15,2678900,0.0,0.0,0.0,0.0384,0.0361
2012-02-03,万福生科,sz300268,24.0,23.15,24.0,23.76,22.9,11.569,10175400,0.0,0.0,0.0,0.0371,-0.0099
2012-02-06,万福生科,sz300268,23.69,23.21,23.44,23.62,23.76,11.501,4602800,0.0,0.0,0.0,0.0202,0.0076
2012-02-07,万福生科,sz300268,23.53,22.58,23.33,22.7,23.62,11.053,3956900,0.0,0.0,0.0,0.0402,-0.027
2012-02-08,万福生科,sz300268,23.44,22.56,22.59,23.32,22.7,11.355,3154700,0.0,0.0,0.0,0.0387,0.0323
2012-02-09,万福生科,sz300268,23.9,23.09,23.09,23.63,23.32,11.506,3966600,0.0,0.0,0.0,0.0347,0.0233
2012-02-10,万福生科,sz300268,24.1,23.06,23.47,24.1,23.63,11.735,4687900,0.0,0.0,0.0,0.044,0.0268
2012-02-13,万福生科,sz300268,24.36,23.6,23.7,24.11,24.1,11.739,4453300,0.0,0.0,0.0,0.0315,0.0172
2012-02-14,万福生科,sz300268,24.12,23.66,24.02,23.79,24.11,11.584,2329300,0.0,0.0,0.0,0.019,-0.0095
2012-02-15,万福生科,sz300268,24.1,23.54,23.55,24.0,23.79,11.686,3309200,0.0,0.0,0.0,0.0235,0.0191
2012-02-16,万福生科,sz300268,24.64,23.66,24.09,24.17,24.0,11.769,4114700,0.0,0.0,0.0,0.0408,0.0033
2012-02-17,万福生科,sz300268,24.25,23.16,24.2,23.61,24.17,11.496,2455000,0.0,0.0,0.0,0.045,-0.0243
2012-02-20,万福生科,sz300268,24.15,23.71,23.94,23.72,23.61,11.55,2674600,0.0,0.0,0.0,0.0186,-0.0091
2012-02-21,万福生科,sz300268,24.44,23.46,23.78,24.4,23.72,11.881,3675500,0.0,0.0,0.0,0.0413,0.026
2012-02-22,万福生科,sz300268,25.16,24.35,24.35,24.99,24.4,12.168,4734200,0.0,0.0,0.0,0.0331,0.0262
2012-02-23,万福生科,sz300268,25.55,24.73,24.95,25.5,24.99,12.416,4726900,0.0,0.0,0.0,0.0328,0.022
2012-02-24,万福生科,sz300268,26.5,25.6,25.89,26.3,25.5,12.806,5997500,0.0,0.0,0.0,0.0352,0.0158
2012-02-27,万福生科,sz300268,26.6,25.9,26.09,26.43,26.3,12.869,4633300,0.0,0.0,0.0,0.0266,0.013
2012-02-28,万福生科,sz300268,26.88,26.0,26.54,26.88,26.43,13.088,5387600,0.0,0.0,0.0,0.0332,0.0128
2012-02-29,万福生科,sz300268,26.8,25.61,26.8,25.81,26.88,12.567,4918800,0.0,0.0,0.0,0.0442,-0.0369
2012-03-01,万福生科,sz300268,26.35,25.71,25.75,25.94,25.81,12.63,2971000,0.0,0.0,0.0,0.0247,0.0073
2012-03-02,万福生科,sz300268,26.58,25.96,26.0,26.53,25.94,12.918,2628000,0.0,0.0,0.0,0.0239,0.0203
2012-03-05,万福生科,sz300268,26.72,26.22,26.54,26.52,26.53,12.913,3423000,0.0,0.0,0.0,0.0188,-7.0E-4
2012-03-06,万福生科,sz300268,27.54,26.65,26.65,26.91,26.52,13.103,6076700,0.0,0.0,0.0,0.0335,0.0097
2012-03-07,万福生科,sz300268,26.78,26.02,26.4,26.09,26.91,12.704,3927800,0.0,0.0,0.0,0.0282,-0.0117
2012-03-08,万福生科,sz300268,26.43,25.96,26.25,26.04,26.09,12.679,3026300,0.0,0.0,0.0,0.018,-0.008
2012-03-09,万福生科,sz300268,26.86,26.33,26.33,26.85,26.04,13.074,3404200,0.0,0.0,0.0,0.0203,0.0197
2012-03-12,万福生科,sz300268,27.11,26.59,26.84,26.92,26.85,13.108,2936600,0.0,0.0,0.0,0.0193,0.0029
2012-03-13,万福生科,sz300268,27.12,26.7,26.8,27.09,26.92,13.19,2808100,0.0,0.0,0.0,0.0156,0.0108
2012-03-14,万福生科,sz300268,27.68,25.3,27.1,25.6,27.09,12.465,4822400,0.0,0.0,0.0,0.0878,-0.0553
2012-03-15,万福生科,sz300268,26.1,25.02,25.61,25.54,25.6,12.436,2480000,0.0,0.0,0.0,0.0421,-0.0027
2012-03-16,万福生科,sz300268,26.55,25.43,25.61,26.54,25.54,12.923,2943000,0.0,0.0,0.0,0.0438,0.0363
2012-03-19,万福生科,sz300268,27.13,26.31,26.55,26.99,26.54,13.142,2407500,0.0,0.0,0.0,0.0308,0.0165
2012-03-20,万福生科,sz300268,26.91,25.7,26.7,25.8,26.99,12.562,2426000,0.0,0.0,0.0,0.0448,-0.0337
2012-03-21,万福生科,sz300268,25.97,24.0,25.89,24.69,25.8,12.022,3946900,0.0,0.0,0.0,0.0763,-0.0463
2012-03-22,万福生科,sz300268,24.85,24.11,24.68,24.66,24.69,12.007,1390300,0.0,0.0,0.0,0.0299,-8.0E-4
2012-03-23,万福生科,sz300268,24.7,23.92,24.41,24.12,24.66,11.744,1296800,0.0,0.0,0.0,0.0316,-0.0118
2012-03-26,万福生科,sz300268,24.3,23.7,24.11,24.05,24.12,11.71,947200,0.0,0.0,0.0,0.0248,-0.0024
2012-03-27,万福生科,sz300268,24.5,24.01,24.19,24.09,24.05,11.73,1062000,0.0,0.0,0.0,0.0203,-0.0041
2012-03-28,万福生科,sz300268,24.07,22.23,24.07,22.39,24.09,10.902,1873800,0.0,0.0,0.0,0.0763,-0.0697
2012-03-29,万福生科,sz300268,22.36,21.8,22.27,21.89,22.39,10.658,1151600,0.0,0.0,0.0,0.025,-0.017
2012-03-30,万福生科,sz300268,22.12,21.23,22.01,21.4,21.89,10.42,1183500,0.0,0.0,0.0,0.0406,-0.0277
2012-04-02,万福生科,sz300268,21.4,21.4,21.4,21.4,21.4,10.42,0,0.0,0.0,0.0,0.0,0.0
2012-04-03,万福生科,sz300268,21.4,21.4,21.4,21.4,21.4,10.42,0,0.0,0.0,0.0,0.0,0.0
2012-04-04,万福生科,sz300268,21.4,21.4,21.4,21.4,21.4,10.42,0,0.0,0.0,0.0,0.0,0.0
2012-04-05,万福生科,sz300268,22.45,21.5,21.5,22.35,21.4,10.882,1401900,0.0,0.0,0.0,0.0443,0.0395
2012-04-06,万福生科,sz300268,22.87,22.2,22.23,22.6,22.35,11.004,1281200,0.0,0.0,0.0,0.0299,0.0166
2012-04-09,万福生科,sz300268,23.47,22.37,22.38,22.81,22.6,11.106,1307600,0.0,0.0,0.0,0.0486,0.0192
2012-04-10,万福生科,sz300268,23.38,22.2,22.61,23.27,22.81,11.33,1567600,0.0,0.0,0.0,0.0517,0.0291
2012-04-11,万福生科,sz300268,23.59,22.81,22.82,23.53,23.27,11.457,1354900,0.0,0.0,0.0,0.0335,0.0311
2012-04-12,万福生科,sz300268,23.91,23.25,23.48,23.9,23.53,11.637,1943400,0.0,0.0,0.0,0.028,0.0178
2012-04-13,万福生科,sz300268,25.56,23.77,23.99,24.91,23.9,12.129,3219800,0.0,0.0,0.0,0.0748,0.0383
2012-04-16,万福生科,sz300268,26.49,24.81,24.9,25.5,24.91,12.416,5004400,0.0,0.0,0.0,0.0674,0.024
2012-04-17,万福生科,sz300268,25.37,24.52,25.05,24.55,25.5,11.954,2316100,0.0,0.0,0.0,0.0333,-0.0199
2012-04-18,万福生科,sz300268,25.15,24.61,24.63,25.07,24.55,12.207,1571600,0.0,0.0,0.0,0.0219,0.0178
2012-04-19,万福生科,sz300268,25.1,24.7,24.97,24.84,25.07,12.095,1059300,0.0,0.0,0.0,0.0159,-0.0052
2012-04-20,万福生科,sz300268,25.61,24.73,24.8,25.42,24.84,12.377,1671700,0.0,0.0,0.0,0.0354,0.025
2012-04-23,万福生科,sz300268,25.25,23.58,25.13,23.65,25.42,11.515,2434400,0.0,0.0,0.0,0.0656,-0.0588
2012-04-24,万福生科,sz300268,23.56,22.13,23.44,23.13,23.65,11.262,2081900,0.0,0.0,0.0,0.0604,-0.0132
2012-04-25,万福生科,sz300268,22.99,22.49,22.8,22.8,23.13,11.102,1723700,0.0,0.0,0.0,0.0216,0.0
2012-04-26,万福生科,sz300268,23.39,22.73,22.8,22.86,22.8,11.131,761800,0.0,0.0,0.0,0.0289,0.0026
2012-04-27,万福生科,sz300268,23.38,22.8,22.9,23.21,22.86,11.301,991100,0.0,0.0,0.0,0.0253,0.0135
2012-04-30,万福生科,sz300268,23.21,23.21,23.21,23.21,23.21,11.301,0,0.0,0.0,0.0,0.0,0.0
2012-05-01,万福生科,sz300268,23.21,23.21,23.21,23.21,23.21,11.301,0,0.0,0.0,0.0,0.0,0.0
2012-05-02,万福生科,sz300268,23.67,23.23,23.35,23.5,23.21,11.442,1092600,0.0,0.0,0.0,0.0189,0.0064
2012-05-03,万福生科,sz300268,23.65,23.22,23.54,23.45,23.5,11.418,702400,0.0,0.0,0.0,0.0182,-0.0038
2012-05-04,万福生科,sz300268,24.2,23.45,23.54,24.09,23.45,11.73,1448900,0.0,0.0,0.0,0.0319,0.0233
2012-05-07,万福生科,sz300268,24.74,23.88,23.88,24.73,24.09,12.041,1669000,0.0,0.0,0.0,0.0356,0.0355
2012-05-08,万福生科,sz300268,24.8,24.27,24.55,24.39,24.73,11.876,1418000,0.0,0.0,0.0,0.0214,-0.0065
2012-05-09,万福生科,sz300268,24.28,23.72,24.16,23.76,24.39,11.569,1413500,0.0,0.0,0.0,0.0229,-0.0165
2012-05-10,万福生科,sz300268,24.28,23.63,23.63,24.24,23.76,11.803,1396600,0.0,0.0,0.0,0.0273,0.0258
2012-05-11,万福生科,sz300268,24.75,24.1,24.24,24.2,24.24,11.783,1425000,0.0,0.0,0.0,0.0268,-0.0016
2012-05-14,万福生科,sz300268,24.45,23.8,24.27,23.85,24.2,11.613,1064000,0.0,0.0,0.0,0.0268,-0.0173
2012-05-15,万福生科,sz300268,23.7,22.85,23.66,23.53,23.85,11.457,1319800,0.0,0.0,0.0,0.0356,-0.0054
2012-05-16,万福生科,sz300268,23.47,23.0,23.47,23.09,23.53,11.243,924700,0.0,0.0,0.0,0.0199,-0.0161
2012-05-17,万福生科,sz300268,23.43,22.95,22.95,23.3,23.09,11.345,807400,0.0,0.0,0.0,0.0207,0.0152
2012-05-18,万福生科,sz300268,23.36,22.88,23.2,22.99,23.3,11.194,643200,0.0,0.0,0.0,0.0206,-0.009
2012-05-21,万福生科,sz300268,23.32,22.96,22.99,23.32,22.99,11.355,423300,0.0,0.0,0.0,0.0156,0.0143
2012-05-22,万福生科,sz300268,23.78,23.39,23.39,23.68,23.32,11.53,571100,0.0,0.0,0.0,0.0167,0.0123
2012-05-23,万福生科,sz300268,23.75,23.0,23.63,23.12,23.68,11.257,775300,0.0,0.0,0.0,0.0316,-0.0215
2012-05-24,万福生科,sz300268,23.3,23.07,23.1,23.09,23.12,11.243,552700,0.0,0.0,0.0,0.0099,-4.0E-4
2012-05-25,万福生科,sz300268,23.48,22.53,23.48,22.82,23.09,11.111,673600,0.0,0.0,0.0,0.0411,-0.0281
2012-05-28,万福生科,sz300268,22.8,21.86,22.53,22.6,22.82,11.004,846100,0.0,0.0,0.0,0.0411,0.0031
2012-05-29,万福生科,sz300268,22.97,22.23,22.6,22.93,22.6,11.165,909100,0.0,0.0,0.0,0.0327,0.0146
2012-05-30,万福生科,sz300268,23.14,22.8,22.8,22.99,22.93,11.194,653800,0.0,0.0,0.0,0.0148,0.0083
2012-05-31,万福生科,sz300268,23.6,22.8,22.98,23.29,22.99,11.34,1059900,0.0,0.0,0.0,0.0347,0.0134
2012-06-01,万福生科,sz300268,23.65,23.23,23.48,23.64,23.29,11.511,941700,0.0,0.0,0.0,0.018,0.0068
2012-06-04,万福生科,sz300268,23.38,22.7,23.03,22.84,23.64,11.121,980000,0.0,0.0,0.0,0.0287,-0.0082
2012-06-05,万福生科,sz300268,23.36,22.92,23.06,23.0,22.84,11.199,1103400,0.0,0.0,0.0,0.0192,-0.0026
2012-06-06,万福生科,sz300268,23.78,23.31,23.58,23.51,23.0,11.447,2026900,0.0,0.0,0.0,0.0204,-0.0029
2012-06-07,万福生科,sz300268,23.87,22.98,23.58,23.08,23.51,11.238,1542500,0.0,0.0,0.0,0.0378,-0.0212
2012-06-08,万福生科,sz300268,23.3,22.5,23.12,22.6,23.08,11.004,1179000,0.0,0.0,0.0,0.0346,-0.0224
2012-06-11,万福生科,sz300268,23.17,22.41,22.61,22.92,22.6,11.16,1469400,0.0,0.0,0.0,0.0336,0.0137
2012-06-12,万福生科,sz300268,11.42,11.04,11.34,11.18,22.92,11.18,953900,0.0,0.0,0.0,0.0165,-0.0141
2012-06-13,万福生科,sz300268,11.36,11.04,11.2,11.31,11.18,11.31,1276600,0.0,0.0,0.0,0.0286,0.0098
2012-06-14,万福生科,sz300268,12.44,11.21,11.27,12.44,11.31,12.44,4916600,0.0,0.0,0.0,0.1087,0.1038
2012-06-15,万福生科,sz300268,12.75,12.12,12.75,12.37,12.44,12.37,5604200,0.0,0.0,0.0,0.0506,-0.0298
2012-06-18,万福生科,sz300268,12.56,12.08,12.47,12.41,12.37,12.41,4000200,0.0,0.0,0.0,0.0388,-0.0048
2012-06-19,万福生科,sz300268,13.18,12.21,12.28,12.75,12.41,12.75,6576000,0.0,0.0,0.0,0.0781,0.0382
2012-06-20,万福生科,sz300268,12.75,12.29,12.61,12.49,12.75,12.49,3329100,0.0,0.0,0.0,0.036,-0.0095
2012-06-21,万福生科,sz300268,12.46,11.85,12.36,11.9,12.49,11.9,2943700,0.0,0.0,0.0,0.0488,-0.0372
2012-06-22,万福生科,sz300268,11.9,11.9,11.9,11.9,11.9,11.9,0,0.0,0.0,0.0,0.0,0.0
2012-06-25,万福生科,sz300268,12.36,11.8,11.95,11.89,11.9,11.89,2226700,0.0,0.0,0.0,0.047,-0.005
2012-06-26,万福生科,sz300268,12.08,11.1,11.74,11.67,11.89,11.67,1818300,0.0,0.0,0.0,0.0824,-0.0059
2012-06-27,万福生科,sz300268,11.81,11.3,11.59,11.56,11.67,11.56,2027700,0.0,0.0,0.0,0.0437,-0.0025
2012-06-28,万福生科,sz300268,11.71,11.13,11.7,11.13,11.56,11.13,1553400,0.0,0.0,0.0,0.0501,-0.0487
2012-06-29,万福生科,sz300268,11.13,10.62,11.0,11.04,11.13,11.04,1851100,0.0,0.0,0.0,0.0458,0.0036
2012-07-02,万福生科,sz300268,11.59,10.96,11.1,11.48,11.04,11.48,2500200,0.0,0.0,0.0,0.057,0.0342
2012-07-03,万福生科,sz300268,11.94,11.3,11.5,11.82,11.48,11.82,2946000,0.0,0.0,0.0,0.0557,0.0278
2012-07-04,万福生科,sz300268,12.09,11.62,11.75,11.66,11.82,11.66,2350200,0.0,0.0,0.0,0.0397,-0.0076
2012-07-05,万福生科,sz300268,11.7,11.15,11.7,11.24,11.66,11.24,1505100,0.0,0.0,0.0,0.0471,-0.0393
2012-07-06,万福生科,sz300268,11.44,10.72,11.44,11.31,11.24,11.31,1758600,0.0,0.0,0.0,0.064,-0.0113
2012-07-09,万福生科,sz300268,11.66,11.02,11.23,11.23,11.31,11.23,1969200,0.0,0.0,0.0,0.0565,0.0
2012-07-10,万福生科,sz300268,11.5,10.8,11.0,11.01,11.23,11.01,1571400,0.0,0.0,0.0,0.0623,9.0E-4
2012-07-11,万福生科,sz300268,11.08,10.3,11.0,10.54,11.01,10.54,2443600,0.0,0.0,0.0,0.0708,-0.0418
2012-07-12,万福生科,sz300268,10.84,10.35,10.4,10.68,10.54,10.68,1497600,0.0,0.0,0.0,0.0464,0.0269
2012-07-13,万福生科,sz300268,10.76,10.27,10.52,10.28,10.68,10.28,1647100,0.0,0.0,0.0,0.0458,-0.0228
2012-07-16,万福生科,sz300268,10.0,9.25,10.0,9.25,10.28,9.25,2454300,0.0,0.0,0.0,0.0729,-0.075
2012-07-17,万福生科,sz300268,9.23,9.05,9.11,9.14,9.25,9.14,954200,0.0,0.0,0.0,0.0194,0.0032
2012-07-18,万福生科,sz300268,9.36,9.1,9.18,9.34,9.14,9.34,1166800,0.0,0.0,0.0,0.0284,0.0174
2012-07-19,万福生科,sz300268,9.55,9.23,9.37,9.37,9.34,9.37,1209600,0.0,0.0,0.0,0.0342,0.0
2012-07-20,万福生科,sz300268,9.64,9.28,9.32,9.46,9.37,9.46,1114500,0.0,0.0,0.0,0.0384,0.015
2012-07-23,万福生科,sz300268,9.85,9.35,9.36,9.63,9.46,9.63,1633700,0.0,0.0,0.0,0.0528,0.0288
2012-07-24,万福生科,sz300268,9.6,9.4,9.4,9.53,9.63,9.53,1002000,0.0,0.0,0.0,0.0207,0.0138
2012-07-25,万福生科,sz300268,9.6,9.31,9.45,9.37,9.53,9.37,937000,0.0,0.0,0.0,0.0304,-0.0084
2012-07-26,万福生科,sz300268,9.45,9.2,9.38,9.24,9.37,9.24,745900,0.0,0.0,0.0,0.0266,-0.0149
2012-07-27,万福生科,sz300268,9.34,9.04,9.31,9.08,9.24,9.08,893700,0.0,0.0,0.0,0.0324,-0.0247
2012-07-30,万福生科,sz300268,9.16,8.42,9.16,8.55,9.08,8.55,943300,0.0,0.0,0.0,0.0814,-0.0665
2012-07-31,万福生科,sz300268,8.57,8.18,8.57,8.28,8.55,8.28,806800,0.0,0.0,0.0,0.0456,-0.0338
2012-08-01,万福生科,sz300268,8.48,8.23,8.35,8.37,8.28,8.37,571900,0.0,0.0,0.0,0.0301,0.0023
2012-08-02,万福生科,sz300268,8.4,8.2,8.31,8.26,8.37,8.26,416400,0.0,0.0,0.0,0.0238,-0.006
2012-08-03,万福生科,sz300268,8.47,8.23,8.29,8.46,8.26,8.46,696000,0.0,0.0,0.0,0.029,0.0205
2012-08-06,万福生科,sz300268,8.73,8.35,8.39,8.69,8.46,8.69,1001800,0.0,0.0,0.0,0.0449,0.0357
2012-08-07,万福生科,sz300268,9.21,8.65,8.7,8.98,8.69,8.98,1606900,0.0,0.0,0.0,0.0644,0.0321
2012-08-08,万福生科,sz300268,8.97,8.65,8.94,8.81,8.98,8.81,1168400,0.0,0.0,0.0,0.0356,-0.0145
2012-08-09,万福生科,sz300268,9.04,8.73,8.77,9.0,8.81,9.0,1302400,0.0,0.0,0.0,0.0351,0.0262
2012-08-10,万福生科,sz300268,9.04,8.83,9.0,8.94,9.0,8.94,722000,0.0,0.0,0.0,0.0233,-0.0066
2012-08-13,万福生科,sz300268,9.8,8.95,8.95,9.27,8.94,9.27,3441900,0.0,0.0,0.0,0.095,0.0357
2012-08-14,万福生科,sz300268,9.46,9.0,9.16,9.46,9.27,9.46,2253700,0.0,0.0,0.0,0.0496,0.0327
2012-08-15,万福生科,sz300268,9.36,9.12,9.36,9.12,9.46,9.12,1285500,0.0,0.0,0.0,0.0253,-0.0256
2012-08-16,万福生科,sz300268,9.25,9.01,9.18,9.03,9.12,9.03,670100,0.0,0.0,0.0,0.0263,-0.0163
2012-08-17,万福生科,sz300268,9.05,8.81,9.03,8.88,9.03,8.88,801000,0.0,0.0,0.0,0.0265,-0.0166
2012-08-20,万福生科,sz300268,9.12,8.72,8.85,9.1,8.88,9.1,903500,0.0,0.0,0.0,0.045,0.0282
2012-08-21,万福生科,sz300268,9.35,9.04,9.05,9.2,9.1,9.2,1673900,0.0,0.0,0.0,0.034,0.0165
2012-08-22,万福生科,sz300268,9.58,9.21,9.34,9.24,9.2,9.24,1990700,0.0,0.0,0.0,0.0402,-0.0107
2012-08-23,万福生科,sz300268,9.5,9.11,9.11,9.46,9.24,9.46,1640400,0.0,0.0,0.0,0.0422,0.0384
2012-08-24,万福生科,sz300268,10.31,9.37,9.38,9.64,9.46,9.64,3265600,0.0,0.0,0.0,0.0993,0.0277
2012-08-27,万福生科,sz300268,9.52,9.2,9.52,9.35,9.64,9.35,1737400,0.0,0.0,0.0,0.0331,-0.0178
2012-08-28,万福生科,sz300268,9.47,9.18,9.35,9.31,9.35,9.31,990800,0.0,0.0,0.0,0.031,-0.0042
2012-08-29,万福生科,sz300268,9.48,9.23,9.31,9.31,9.31,9.31,1169200,0.0,0.0,0.0,0.0268,0.0
2012-08-30,万福生科,sz300268,9.35,8.62,9.25,8.69,9.31,8.69,1656800,0.0,0.0,0.0,0.0784,-0.0605
2012-08-31,万福生科,sz300268,8.77,8.59,8.59,8.71,8.69,8.71,550000,0.0,0.0,0.0,0.0207,0.0139
2012-09-03,万福生科,sz300268,9.03,8.66,8.66,8.97,8.71,8.97,948500,0.0,0.0,0.0,0.0424,0.0357
2012-09-04,万福生科,sz300268,9.17,8.91,8.97,8.97,8.97,8.97,933800,0.0,0.0,0.0,0.0289,0.0
2012-09-05,万福生科,sz300268,9.41,9.03,9.03,9.35,8.97,9.35,1676300,0.0,0.0,0.0,0.0423,0.0354
2012-09-06,万福生科,sz300268,9.44,9.25,9.35,9.41,9.35,9.41,1514100,0.0,0.0,0.0,0.0203,0.0064
2012-09-07,万福生科,sz300268,9.85,9.41,9.51,9.65,9.41,9.65,2093800,0.0,0.0,0.0,0.0467,0.0147
2012-09-10,万福生科,sz300268,10.08,9.62,9.66,9.9,9.65,9.9,2203200,0.0,0.0,0.0,0.0476,0.0248
2012-09-11,万福生科,sz300268,9.99,9.7,9.83,9.93,9.9,9.93,1763400,0.0,0.0,0.0,0.0292,0.0101
2012-09-12,万福生科,sz300268,10.16,9.85,9.93,10.02,9.93,10.02,2325300,0.0,0.0,0.0,0.0312,0.009
2012-09-13,万福生科,sz300268,10.45,10.0,10.02,10.05,10.02,10.05,3591000,0.0,0.0,0.0,0.0449,0.0029
2012-09-14,万福生科,sz300268,10.2,9.75,10.12,9.86,10.05,9.86,2136700,0.0,0.0,0.0,0.0447,-0.0256
2012-09-17,万福生科,sz300268,9.28,8.87,8.99,8.87,9.86,8.87,5484300,0.0,0.0,0.0,0.0415,-0.0133
2012-09-18,万福生科,sz300268,8.85,8.43,8.6,8.7,8.87,8.7,2565500,0.0,0.0,0.0,0.0473,0.0116
2012-09-19,万福生科,sz300268,8.7,8.7,8.7,8.7,8.7,8.7,0,0.0,0.0,0.0,0.0,0.0
2012-09-20,万福生科,sz300268,8.7,8.7,8.7,8.7,8.7,8.7,0,0.0,0.0,0.0,0.0,0.0
2012-09-21,万福生科,sz300268,8.7,8.7,8.7,8.7,8.7,8.7,0,0.0,0.0,0.0,0.0,0.0
2012-09-24,万福生科,sz300268,8.7,8.7,8.7,8.7,8.7,8.7,0,0.0,0.0,0.0,0.0,0.0
2012-09-25,万福生科,sz300268,8.7,8.7,8.7,8.7,8.7,8.7,0,0.0,0.0,0.0,0.0,0.0
2012-09-26,万福生科,sz300268,8.7,8.7,8.7,8.7,8.7,8.7,0,0.0,0.0,0.0,0.0,0.0
2012-09-27,万福生科,sz300268,8.7,8.7,8.7,8.7,8.7,8.7,0,0.0,0.0,0.0,0.0,0.0
2012-09-28,万福生科,sz300268,8.7,8.7,8.7,8.7,8.7,8.7,0,0.0,0.0,0.0,0.0,0.0
2012-10-01,万福生科,sz300268,8.7,8.7,8.7,8.7,8.7,8.7,0,0.0,0.0,0.0,0.0,0.0
2012-10-02,万福生科,sz300268,8.7,8.7,8.7,8.7,8.7,8.7,0,0.0,0.0,0.0,0.0,0.0
2012-10-03,万福生科,sz300268,8.7,8.7,8.7,8.7,8.7,8.7,0,0.0,0.0,0.0,0.0,0.0
2012-10-04,万福生科,sz300268,8.7,8.7,8.7,8.7,8.7,8.7,0,0.0,0.0,0.0,0.0,0.0
2012-10-05,万福生科,sz300268,8.7,8.7,8.7,8.7,8.7,8.7,0,0.0,0.0,0.0,0.0,0.0
2012-10-08,万福生科,sz300268,8.7,8.7,8.7,8.7,8.7,8.7,0,0.0,0.0,0.0,0.0,0.0
2012-10-09,万福生科,sz300268,8.7,8.7,8.7,8.7,8.7,8.7,0,0.0,0.0,0.0,0.0,0.0
2012-10-10,万福生科,sz300268,8.7,8.7,8.7,8.7,8.7,8.7,0,0.0,0.0,0.0,0.0,0.0
2012-10-11,万福生科,sz300268,8.7,8.7,8.7,8.7,8.7,8.7,0,0.0,0.0,0.0,0.0,0.0
2012-10-12,万福生科,sz300268,8.7,8.7,8.7,8.7,8.7,8.7,0,0.0,0.0,0.0,0.0,0.0
2012-10-15,万福生科,sz300268,8.7,8.7,8.7,8.7,8.7,8.7,0,0.0,0.0,0.0,0.0,0.0
2012-10-16,万福生科,sz300268,8.7,8.7,8.7,8.7,8.7,8.7,0,0.0,0.0,0.0,0.0,0.0
2012-10-17,万福生科,sz300268,8.7,8.7,8.7,8.7,8.7,8.7,0,0.0,0.0,0.0,0.0,0.0
2012-10-18,万福生科,sz300268,8.7,8.7,8.7,8.7,8.7,8.7,0,0.0,0.0,0.0,0.0,0.0
2012-10-19,万福生科,sz300268,8.7,8.7,8.7,8.7,8.7,8.7,0,0.0,0.0,0.0,0.0,0.0
2012-10-22,万福生科,sz300268,8.7,8.7,8.7,8.7,8.7,8.7,0,0.0,0.0,0.0,0.0,0.0
2012-10-23,万福生科,sz300268,8.7,8.7,8.7,8.7,8.7,8.7,0,0.0,0.0,0.0,0.0,0.0
2012-10-24,万福生科,sz300268,8.7,8.7,8.7,8.7,8.7,8.7,0,0.0,0.0,0.0,0.0,0.0
2012-10-25,万福生科,sz300268,8.7,8.7,8.7,8.7,8.7,8.7,0,0.0,0.0,0.0,0.0,0.0
2012-10-26,万福生科,sz300268,8.7,8.7,8.7,8.7,8.7,8.7,0,0.0,0.0,0.0,0.0,0.0
2012-10-29,万福生科,sz300268,7.83,7.83,7.83,7.83,8.7,7.83,215700,0.0,0.0,0.0,0.0,0.0
2012-10-30,万福生科,sz300268,7.4,7.06,7.06,7.21,7.83,7.21,7891100,0.0,0.0,0.0,0.0434,0.0212
2012-10-31,万福生科,sz300268,7.15,6.93,7.09,7.13,7.21,7.13,5032800,0.0,0.0,0.0,0.0305,0.0056
2012-11-01,万福生科,sz300268,7.24,7.04,7.06,7.19,7.13,7.19,4927300,0.0,0.0,0.0,0.028,0.0184
2012-11-02,万福生科,sz300268,7.23,7.09,7.19,7.14,7.19,7.14,3372200,0.0,0.0,0.0,0.0194,-0.0069
2012-11-05,万福生科,sz300268,7.23,7.11,7.11,7.19,7.14,7.19,2525600,0.0,0.0,0.0,0.0168,0.0112
2012-11-06,万福生科,sz300268,7.57,7.14,7.15,7.57,7.19,7.57,5714900,0.0,0.0,0.0,0.0598,0.0587
2012-11-07,万福生科,sz300268,7.59,7.32,7.5,7.36,7.57,7.36,3603400,0.0,0.0,0.0,0.0356,-0.0186
2012-11-08,万福生科,sz300268,7.33,7.03,7.33,7.05,7.36,7.05,2687800,0.0,0.0,0.0,0.0407,-0.0381
2012-11-09,万福生科,sz300268,7.19,6.96,7.0,7.1,7.05,7.1,1705500,0.0,0.0,0.0,0.0326,0.0142
2012-11-12,万福生科,sz300268,7.16,6.99,7.1,7.07,7.1,7.07,1774700,0.0,0.0,0.0,0.0239,-0.0042
2012-11-13,万福生科,sz300268,7.1,6.67,7.08,6.69,7.07,6.69,2610800,0.0,0.0,0.0,0.0608,-0.055
2012-11-14,万福生科,sz300268,6.77,6.59,6.68,6.75,6.69,6.75,2272200,0.0,0.0,0.0,0.0269,0.0104
2012-11-15,万福生科,sz300268,6.98,6.49,6.69,6.82,6.75,6.82,3645000,0.0,0.0,0.0,0.0725,0.0194
2012-11-16,万福生科,sz300268,7.08,6.76,6.78,7.07,6.82,7.07,2961800,0.0,0.0,0.0,0.0469,0.0427
2012-11-19,万福生科,sz300268,7.27,6.92,7.26,7.12,7.07,7.12,2667300,0.0,0.0,0.0,0.0495,-0.0192
2012-11-20,万福生科,sz300268,7.35,7.03,7.05,7.26,7.12,7.26,3401300,0.0,0.0,0.0,0.0449,0.0297
2012-11-21,万福生科,sz300268,7.29,6.93,7.23,7.16,7.26,7.16,2325700,0.0,0.0,0.0,0.0495,-0.0096
2012-11-22,万福生科,sz300268,7.14,6.9,7.14,6.94,7.16,6.94,2166500,0.0,0.0,0.0,0.0335,-0.028
2012-11-23,万福生科,sz300268,7.07,6.83,6.92,6.99,6.94,6.99,2083200,0.0,0.0,0.0,0.0345,0.0101
2012-11-26,万福生科,sz300268,7.02,6.69,7.02,6.7,6.99,6.7,1710400,0.0,0.0,0.0,0.0472,-0.0455
2012-11-27,万福生科,sz300268,6.68,6.16,6.63,6.22,6.7,6.22,2059100,0.0,0.0,0.0,0.0776,-0.0618
2012-11-28,万福生科,sz300268,6.14,5.83,6.06,5.88,6.22,5.88,2191200,0.0,0.0,0.0,0.0498,-0.0297
2012-11-29,万福生科,sz300268,5.83,5.61,5.65,5.63,5.88,5.63,2436800,0.0,0.0,0.0,0.0374,-0.0035
2012-11-30,万福生科,sz300268,5.71,5.51,5.61,5.68,5.63,5.68,1904400,0.0,0.0,0.0,0.0355,0.0124
2012-12-03,万福生科,sz300268,5.65,5.3,5.65,5.31,5.68,5.31,2143100,0.0,0.0,0.0,0.0616,-0.0601
2012-12-04,万福生科,sz300268,5.45,5.13,5.21,5.39,5.31,5.39,2307100,0.0,0.0,0.0,0.0602,0.0345
2012-12-05,万福生科,sz300268,5.82,5.35,5.35,5.62,5.39,5.62,3179900,0.0,0.0,0.0,0.0871,0.0504
2012-12-06,万福生科,sz300268,5.76,5.54,5.55,5.62,5.62,5.62,1824500,0.0,0.0,0.0,0.0391,0.0126
2012-12-07,万福生科,sz300268,6.18,5.6,5.62,6.18,5.62,6.18,4027500,0.0,0.0,0.0,0.1032,0.0996
2012-12-10,万福生科,sz300268,6.8,6.15,6.19,6.8,6.18,6.8,9258800,0.0,0.0,0.0,0.1051,0.0985
2012-12-11,万福生科,sz300268,7.11,6.52,6.77,6.72,6.8,6.72,9109800,0.0,0.0,0.0,0.0867,-0.0073
2012-12-12,万福生科,sz300268,6.77,6.41,6.65,6.58,6.72,6.58,5511500,0.0,0.0,0.0,0.0535,-0.0105
2012-12-13,万福生科,sz300268,6.59,6.25,6.56,6.32,6.58,6.32,4593300,0.0,0.0,0.0,0.0516,-0.0365
2012-12-14,万福生科,sz300268,6.95,6.27,6.3,6.95,6.32,6.95,7917300,0.0,0.0,0.0,0.1075,0.1031
2012-12-17,万福生科,sz300268,7.05,6.76,6.9,6.89,6.95,6.89,6233400,0.0,0.0,0.0,0.0417,-0.0014
2012-12-18,万福生科,sz300268,7.18,6.79,6.85,6.89,6.89,6.89,5811800,0.0,0.0,0.0,0.0566,0.0058
2012-12-19,万福生科,sz300268,6.95,6.61,6.95,6.92,6.89,6.92,3897900,0.0,0.0,0.0,0.0493,-0.0043
2012-12-20,万福生科,sz300268,7.06,6.73,6.83,6.98,6.92,6.98,4155500,0.0,0.0,0.0,0.0476,0.0219
2012-12-21,万福生科,sz300268,7.05,6.7,6.93,6.79,6.98,6.79,3705100,0.0,0.0,0.0,0.0501,-0.0202
2012-12-24,万福生科,sz300268,7.03,6.71,6.72,6.89,6.79,6.89,3498200,0.0,0.0,0.0,0.0471,0.0252
2012-12-25,万福生科,sz300268,7.1,6.77,6.89,7.0,6.89,7.0,4665300,0.0,0.0,0.0,0.0478,0.0159
2012-12-26,万福生科,sz300268,7.32,6.96,6.96,7.28,7.0,7.28,5828100,0.0,0.0,0.0,0.0514,0.0459
2012-12-27,万福生科,sz300268,7.85,7.28,7.33,7.28,7.28,7.28,6959800,0.0,0.0,0.0,0.0782,-0.0068
2012-12-28,万福生科,sz300268,7.31,7.0,7.17,7.19,7.28,7.19,4119400,0.0,0.0,0.0,0.0425,0.0027
2012-12-31,万福生科,sz300268,7.19,7.01,7.14,7.07,7.19,7.07,2476600,0.0,0.0,0.0,0.025,-0.0098
2013-01-04,万福生科,sz300268,7.14,6.8,7.07,6.92,7.07,14.025723,2548684,0.0,0.0,0.0,0.048,-0.0212
2013-01-07,万福生科,sz300268,7.15,6.87,6.92,7.12,6.92,14.431094,2524171,0.0,0.0,0.0,0.0404,0.0289
2013-01-08,万福生科,sz300268,7.25,6.95,7.15,7.2,7.12,14.593243,3781547,0.0,0.0,0.0,0.0421,0.0069
2013-01-09,万福生科,sz300268,7.92,7.08,7.15,7.92,7.2,16.052567,9020148,0.0,0.0,0.0,0.1166,0.1076
2013-01-10,万福生科,sz300268,8.06,7.66,7.89,7.83,7.92,15.870145,8937364,0.0,0.0,0.0,0.0505,-0.0076
2013-01-11,万福生科,sz300268,7.77,7.38,7.71,7.45,7.83,15.099951,4798692,0.0,0.0,0.0,0.0498,-0.0337
2013-01-14,万福生科,sz300268,7.88,7.4,7.42,7.76,7.45,15.728275,5290981,0.0,0.0,0.0,0.0644,0.0458
2013-01-15,万福生科,sz300268,8.0,7.66,7.69,7.91,7.76,16.032303,6371010,0.0,0.0,0.0,0.0438,0.0286
2013-01-16,万福生科,sz300268,7.9,7.56,7.86,7.7,7.91,15.606661,3859365,0.0,0.0,0.0,0.0429,-0.0203
2013-01-17,万福生科,sz300268,7.7,7.51,7.62,7.59,7.7,15.383704,1939647,0.0,0.0,0.0,0.0246,-0.0039
2013-01-18,万福生科,sz300268,7.9,7.54,7.58,7.82,7.59,15.849876,3248332,0.0,0.0,0.0,0.0474,0.0316
2013-01-21,万福生科,sz300268,7.87,7.68,7.73,7.86,7.82,15.930949,3044091,0.0,0.0,0.0,0.0242,0.0168
2013-01-22,万福生科,sz300268,7.86,7.45,7.86,7.72,7.86,15.647187,3003294,0.0,0.0,0.0,0.0521,-0.0178
2013-01-23,万福生科,sz300268,7.69,7.38,7.6,7.5,7.72,15.201289,1932838,0.0,0.0,0.0,0.0401,-0.0131
2013-01-24,万福生科,sz300268,7.56,7.1,7.5,7.14,7.5,14.471627,2746158,0.0,0.0,0.0,0.0613,-0.048
2013-01-25,万福生科,sz300268,7.17,6.93,7.11,6.97,7.14,14.127058,1831722,0.0,0.0,0.0,0.0336,-0.0196
2013-01-28,万福生科,sz300268,7.15,6.89,7.0,7.13,6.97,14.451359,1449151,0.0,0.0,0.0,0.0373,0.0185
2013-01-29,万福生科,sz300268,7.4,7.12,7.12,7.32,7.13,14.836458,2196158,0.0,0.0,0.0,0.0392,0.028
2013-01-30,万福生科,sz300268,7.27,6.98,7.27,7.04,7.32,14.268949,3924637,0.0,0.0,0.0,0.0396,-0.0316
2013-01-31,万福生科,sz300268,6.99,6.73,6.99,6.78,7.04,13.741968,2782273,0.0,0.0,0.0,0.0369,-0.03
2013-02-01,万福生科,sz300268,7.46,6.79,6.81,7.46,6.78,15.120219,4660121,0.0,0.0,0.0,0.0988,0.0954
2013-02-04,万福生科,sz300268,8.21,7.71,7.81,8.21,7.46,16.640345,14650275,0.0,0.0,0.0,0.067,0.0512
2013-02-05,万福生科,sz300268,8.0,7.69,7.8,7.93,8.21,16.072826,7184827,0.0,0.0,0.0,0.0377,0.0166
2013-02-06,万福生科,sz300268,7.93,7.69,7.82,7.91,7.93,16.03229,3885163,0.0,0.0,0.0,0.0302,0.0115
2013-02-07,万福生科,sz300268,7.83,7.66,7.83,7.72,7.91,15.647195,2890048,0.0,0.0,0.0,0.0214,-0.014
2013-02-08,万福生科,sz300268,7.83,7.68,7.68,7.72,7.72,15.647195,2640831,0.0,0.0,0.0,0.0194,0.0052
2013-02-18,万福生科,sz300268,8.13,7.72,7.85,7.92,7.72,16.052567,4675409,0.0,0.0,0.0,0.0531,0.0089
2013-02-19,万福生科,sz300268,7.92,7.62,7.84,7.69,7.92,15.5864,3039624,0.0,0.0,0.0,0.0378,-0.0191
2013-02-20,万福生科,sz300268,8.05,7.65,7.68,8.03,7.69,16.275522,4415383,0.0,0.0,0.0,0.052,0.0455
2013-03-04,万福生科,sz300268,7.23,7.23,7.23,7.23,8.03,14.654057,566600,0.0,0.0,0.0,0.0,0.0
2013-03-05,万福生科,sz300268,6.51,6.51,6.51,6.51,7.23,13.194733,1627500,0.0,0.0,0.0,0.0,0.0
2013-03-06,万福生科,sz300268,7.15,6.01,6.01,6.77,6.51,13.721717,16237138,0.0,0.0,0.0,0.1751,0.1264
2013-03-07,万福生科,sz300268,6.58,6.25,6.35,6.4,6.77,12.971784,10269452,0.0,0.0,0.0,0.0487,0.0078
2013-03-08,万福生科,sz300268,6.43,6.2,6.32,6.25,6.4,12.667751,6128560,0.0,0.0,0.0,0.0359,-0.011
2013-03-11,万福生科,sz300268,6.49,6.26,6.34,6.37,6.25,12.910972,4561063,0.0,0.0,0.0,0.0368,0.0047
2013-03-12,万福生科,sz300268,6.29,5.82,6.29,6.02,6.37,12.201578,7790713,0.0,0.0,0.0,0.0737,-0.0429
2013-03-13,万福生科,sz300268,5.95,5.66,5.93,5.79,6.02,11.735405,4372370,0.0,0.0,0.0,0.0481,-0.0236
2013-03-14,万福生科,sz300268,5.86,5.7,5.74,5.76,5.79,11.674603,2834685,0.0,0.0,0.0,0.0276,0.0034
2013-03-15,万福生科,sz300268,6.15,5.67,5.74,5.94,5.76,12.039435,6124557,0.0,0.0,0.0,0.0833,0.0348
2013-03-18,万福生科,sz300268,5.96,5.61,5.86,5.64,5.94,11.431384,4424925,0.0,0.0,0.0,0.0589,-0.0375
2013-03-19,万福生科,sz300268,5.67,5.51,5.57,5.63,5.64,11.411116,3151321,0.0,0.0,0.0,0.0283,0.0107
2013-03-20,万福生科,sz300268,5.82,5.58,5.58,5.79,5.63,11.735408,3439615,0.0,0.0,0.0,0.0426,0.0376
2013-03-21,万福生科,sz300268,6.18,5.72,5.77,6.07,5.79,12.302921,5972039,0.0,0.0,0.0,0.0794,0.0519
2013-03-22,万福生科,sz300268,6.06,5.91,6.05,5.96,6.07,12.0799675,3786421,0.0,0.0,0.0,0.0247,-0.0148
2013-03-25,万福生科,sz300268,6.3,5.87,5.93,6.09,5.96,12.343455,7266857,0.0,0.0,0.0,0.0721,0.0269
2013-03-26,万福生科,sz300268,5.91,5.56,5.9,5.72,6.09,11.593529,6560295,0.0,0.0,0.0,0.0574,-0.0305
2013-03-27,万福生科,sz300268,6.14,5.71,5.71,5.92,5.72,11.998897,7115381,0.0,0.0,0.0,0.0751,0.0367
2013-03-28,万福生科,sz300268,5.85,5.62,5.84,5.69,5.92,11.532727,3915230,0.0,0.0,0.0,0.0388,-0.0256
2013-03-29,万福生科,sz300268,5.95,5.65,5.65,5.69,5.69,11.532727,3635385,0.0,0.0,0.0,0.0527,0.007
2013-04-01,万福生科,sz300268,5.78,5.56,5.68,5.6,5.69,11.350314,3175975,0.0,0.0,0.0,0.0386,-0.014
2013-04-02,万福生科,sz300268,5.63,5.42,5.58,5.47,5.6,11.086828,3200876,0.0,0.0,0.0,0.0375,-0.0197
2013-04-03,万福生科,sz300268,5.49,5.15,5.45,5.19,5.47,10.519316,3957965,0.0,0.0,0.0,0.0621,-0.0477
2013-04-08,万福生科,sz300268,5.14,4.77,5.11,5.06,5.19,10.255828,3494055,0.0,0.0,0.0,0.0712,-0.0097
2013-04-09,万福生科,sz300268,5.1,4.94,5.03,5.04,5.06,10.215286,2653993,0.0,0.0,0.0,0.0316,0.0019
2013-04-10,万福生科,sz300268,5.35,4.96,4.99,5.18,5.04,10.499046,4142223,0.0,0.0,0.0,0.0773,0.038
2013-04-11,万福生科,sz300268,5.36,5.14,5.15,5.27,5.18,10.681468,3503660,0.0,0.0,0.0,0.0424,0.0233
2013-04-12,万福生科,sz300268,5.27,5.15,5.27,5.18,5.27,10.499049,1634224,0.0,0.0,0.0,0.0227,-0.017
2013-04-15,万福生科,sz300268,5.18,4.78,5.1,5.04,5.18,10.215292,2352858,0.0,0.0,0.0,0.0772,-0.0117
2013-04-16,万福生科,sz300268,5.07,4.93,4.98,5.03,5.04,10.1950245,1758428,0.0,0.0,0.0,0.0277,0.01
2013-04-17,万福生科,sz300268,5.13,5.0,5.02,5.08,5.03,10.296363,1933015,0.0,0.0,0.0,0.0258,0.0119
2013-04-18,万福生科,sz300268,5.27,5.01,5.06,5.23,5.08,10.600394,3556017,0.0,0.0,0.0,0.0511,0.0335
2013-04-19,万福生科,sz300268,5.31,5.17,5.17,5.27,5.23,10.681466,3178737,0.0,0.0,0.0,0.0267,0.0193
2013-04-22,万福生科,sz300268,5.8,5.18,5.26,5.65,5.27,11.451664,6168764,0.0,0.0,0.0,0.1176,0.0741
2014-12-12,万福生科,sz300268,6.22,6.22,6.22,6.22,5.65,12.606965,149691,0.0,0.0,0.0,0.0,0.0
2014-12-15,万福生科,sz300268,6.84,6.84,6.84,6.84,6.22,13.863602,91297,0.0,0.0,0.0,0.0,0.0
2014-12-16,万福生科,sz300268,7.52,7.52,7.52,7.52,6.84,15.241852,50503,0.0,0.0,0.0,0.0,0.0
2014-12-24,万福生科,sz300268,8.27,8.27,8.27,8.27,7.52,16.761982,1635676,0.0,0.0,0.0,0.0,0.0
2014-12-30,万福生科,sz300268,9.1,9.1,9.1,9.1,8.27,18.444265,1113266,0.0,0.0,0.0,0.0,0.0
2014-12-31,万福生科,sz300268,10.01,9.78,10.01,10.01,9.1,20.288692,5321714,0.0,0.0,0.0,0.0252,0.0
2015-01-01,万福生科,sz300268,10.01,10.01,10.01,10.01,10.01,10.01,0,0.0,0.0,0.0,0.0,0.0
2015-01-02,万福生科,sz300268,10.01,10.01,10.01,10.01,10.01,10.01,0,0.0,0.0,0.0,0.0,0.0
2015-01-05,万福生科,sz300268,11.01,11.01,11.01,11.01,10.01,11.01,53050,0.0,0.0,0.0,0.0,0.0
2015-01-06,万福生科,sz300268,12.11,11.9,12.09,12.11,11.01,12.11,33640,0.0,0.0,0.0,0.019,0.0016
2015-01-07,万福生科,sz300268,13.32,13.32,13.32,13.32,12.11,13.32,9942,0.0,0.0,0.0,0.0,0.0
2015-01-08,万福生科,sz300268,13.32,13.32,13.32,13.32,13.32,13.32,0,0.0,0.0,0.0,0.0,0.0
2015-01-09,万福生科,sz300268,13.32,13.32,13.32,13.32,13.32,13.32,0,0.0,0.0,0.0,0.0,0.0
2015-01-12,万福生科,sz300268,13.32,13.32,13.32,13.32,13.32,13.32,0,0.0,0.0,0.0,0.0,0.0
2015-01-13,万福生科,sz300268,13.32,13.32,13.32,13.32,13.32,13.32,0,0.0,0.0,0.0,0.0,0.0
2015-01-14,万福生科,sz300268,13.32,13.32,13.32,13.32,13.32,13.32,0,0.0,0.0,0.0,0.0,0.0
2015-01-15,万福生科,sz300268,13.32,13.32,13.32,13.32,13.32,13.32,0,0.0,0.0,0.0,0.0,0.0
2015-01-16,万福生科,sz300268,13.32,13.32,13.32,13.32,13.32,13.32,0,0.0,0.0,0.0,0.0,0.0
2015-01-19,万福生科,sz300268,14.48,12.0,12.0,12.79,13.32,12.79,116652,0.0,0.0,0.0,0.1861,0.0658
2015-01-20,万福生科,sz300268,13.45,12.45,12.71,13.3,12.79,13.3,74701,0.0,0.0,0.0,0.0781,0.0464
2015-01-21,万福生科,sz300268,14.63,13.02,13.24,14.63,13.3,14.63,65560,0.0,0.0,0.0,0.121,0.1049
2015-01-22,万福生科,sz300268,16.09,15.51,15.89,16.09,14.63,16.09,23543,0.0,0.0,0.0,0.0396,0.0125
2015-01-23,万福生科,sz300268,17.7,15.68,17.7,15.83,16.09,15.83,109082,0.0,0.0,0.0,0.1255,-0.1056
2015-01-26,万福生科,sz300268,16.35,14.64,15.1,16.35,15.83,16.35,65677,0.0,0.0,0.0,0.108,0.0827
2015-01-27,万福生科,sz300268,17.67,15.72,16.0,16.6,16.35,16.6,58743,0.0,0.0,0.0,0.1192,0.0375
2015-01-28,万福生科,sz300268,17.8,16.21,16.6,17.45,16.6,17.45,54334,0.0,0.0,0.0,0.0957,0.0512
2015-01-29,万福生科,sz300268,17.66,15.72,17.55,16.78,17.45,16.78,56034,0.0,0.0,0.0,0.1111,-0.0438
2015-01-30,万福生科,sz300268,17.37,15.8,16.98,16.5,16.78,16.5,35236,0.0,0.0,0.0,0.0935,-0.0282
2015-02-02,万福生科,sz300268,16.82,15.91,16.2,16.48,16.5,16.48,33411,0.0,0.0,0.0,0.0551,0.0172
2015-02-03,万福生科,sz300268,16.8,15.03,16.45,16.49,16.48,16.49,50266,0.0,0.0,0.0,0.1074,0.0024
2015-02-04,万福生科,sz300268,16.32,15.7,16.1,15.78,16.49,15.78,21521,0.0,0.0,0.0,0.0375,-0.0198
2015-02-05,万福生科,sz300268,15.9,15.15,15.9,15.45,15.78,15.45,30337,0.0,0.0,0.0,0.0475,-0.0283
2015-02-06,万福生科,sz300268,15.4,14.6,15.3,14.82,15.45,14.82,25599,0.0,0.0,0.0,0.0517,-0.0313
2015-02-09,万福生科,sz300268,15.14,13.82,14.8,14.25,14.82,14.25,27770,0.0,0.0,0.0,0.089,-0.0371
2015-02-10,万福生科,sz300268,14.5,14.02,14.11,14.4,14.25,14.4,13408,0.0,0.0,0.0,0.0336,0.0205
2015-02-11,万福生科,sz300268,14.77,14.29,14.48,14.55,14.4,14.55,16022,0.0,0.0,0.0,0.0333,0.0048
2015-02-12,万福生科,sz300268,14.63,14.3,14.63,14.62,14.55,14.62,12909,0.0,0.0,0.0,0.0226,-6.0E-4
2015-02-13,万福生科,sz300268,15.44,14.6,14.85,14.98,14.62,14.98,18154,0.0,0.0,0.0,0.0574,0.0087
2015-02-16,万福生科,sz300268,15.19,14.68,14.75,14.89,14.98,14.89,13026,0.0,0.0,0.0,0.034,0.0094
2015-02-17,万福生科,sz300268,15.09,14.76,14.9,14.78,14.89,14.78,8617,0.0,0.0,0.0,0.0221,-0.008
2015-02-18,万福生科,sz300268,14.78,14.78,14.78,14.78,14.78,14.78,0,0.0,0.0,0.0,0.0,0.0
2015-02-19,万福生科,sz300268,14.78,14.78,14.78,14.78,14.78,14.78,0,0.0,0.0,0.0,0.0,0.0
2015-02-20,万福生科,sz300268,14.78,14.78,14.78,14.78,14.78,14.78,0,0.0,0.0,0.0,0.0,0.0
2015-02-23,万福生科,sz300268,14.78,14.78,14.78,14.78,14.78,14.78,0,0.0,0.0,0.0,0.0,0.0
2015-02-24,万福生科,sz300268,14.78,14.78,14.78,14.78,14.78,14.78,0,0.0,0.0,0.0,0.0,0.0
2015-02-25,万福生科,sz300268,14.91,14.66,14.8,14.8,14.78,14.8,6868,0.0,0.0,0.0,0.0169,0.0
2015-02-26,万福生科,sz300268,14.95,14.66,14.8,14.88,14.8,14.88,9814,0.0,0.0,0.0,0.0195,0.0054
2015-02-27,万福生科,sz300268,15.12,14.72,14.81,14.96,14.88,14.96,11544,0.0,0.0,0.0,0.0268,0.0101
2015-03-02,万福生科,sz300268,16.46,14.81,15.02,16.46,14.96,16.46,30517,0.0,0.0,0.0,0.1102,0.0958
2015-03-03,万福生科,sz300268,17.5,16.31,16.97,16.31,16.46,16.31,53519,0.0,0.0,0.0,0.0722,-0.0388
2015-03-04,万福生科,sz300268,17.18,15.8,16.03,16.69,16.31,16.69,25387,0.0,0.0,0.0,0.0846,0.0411
2015-03-05,万福生科,sz300268,16.88,16.3,16.51,16.53,16.69,16.53,20495,0.0,0.0,0.0,0.0347,0.0012
2015-03-06,万福生科,sz300268,16.86,16.0,16.5,16.05,16.53,16.05,20962,0.0,0.0,0.0,0.052,-0.0272
2015-03-09,万福生科,sz300268,16.2,15.8,15.87,15.96,16.05,15.96,12702,0.0,0.0,0.0,0.0249,0.0056
2015-03-10,万福生科,sz300268,16.33,15.52,15.88,15.94,15.96,15.94,13042,0.0,0.0,0.0,0.0507,0.0037
2015-03-11,万福生科,sz300268,16.36,15.6,15.83,15.7,15.94,15.7,11269,0.0,0.0,0.0,0.0476,-0.0082
2015-03-12,万福生科,sz300268,15.9,15.5,15.56,15.75,15.7,15.75,15227,0.0,0.0,0.0,0.0254,0.0122
2015-03-13,万福生科,sz300268,16.5,15.61,15.8,16.44,15.75,16.44,16513,0.0,0.0,0.0,0.0565,0.0405
2015-03-16,万福生科,sz300268,16.79,16.37,16.44,16.59,16.44,16.59,21423,0.0,0.0,0.0,0.0255,0.0091
2015-03-17,万福生科,sz300268,16.68,16.23,16.49,16.38,16.59,16.38,22998,0.0,0.0,0.0,0.0271,-0.0066
2015-03-18,万福生科,sz300268,18.02,16.16,16.38,18.02,16.38,18.02,30403,0.0,0.0,0.0,0.1135,0.1001
2015-03-19,万福生科,sz300268,19.82,18.48,19.71,19.82,18.02,19.82,52769,0.0,0.0,0.0,0.0743,0.0055
2015-03-20,万福生科,sz300268,21.5,19.23,19.4,20.36,19.82,20.36,39408,0.0,0.0,0.0,0.1145,0.0494
2015-03-23,万福生科,sz300268,21.1,20.0,20.36,20.39,20.36,20.39,28653,0.0,0.0,0.0,0.054,0.0014
2015-03-24,万福生科,sz300268,20.95,19.33,20.0,20.02,20.39,20.02,27562,0.0,0.0,0.0,0.0794,9.0E-4
2015-03-25,万福生科,sz300268,22.02,20.07,20.07,22.02,20.02,22.02,27780,0.0,0.0,0.0,0.0974,0.0971
2015-03-26,万福生科,sz300268,24.2,22.05,22.9,22.81,22.02,22.81,38083,0.0,0.0,0.0,0.0976,-0.0039
2015-03-27,万福生科,sz300268,23.8,22.06,22.26,22.98,22.81,22.98,26708,0.0,0.0,0.0,0.0762,0.0323
2015-03-30,万福生科,sz300268,23.8,22.4,23.8,22.85,22.98,22.85,19320,0.0,0.0,0.0,0.0609,-0.0399
2015-03-31,万福生科,sz300268,23.3,21.3,22.58,21.98,22.85,21.98,22588,0.0,0.0,0.0,0.0875,-0.0265
2015-04-01,万福生科,sz300268,22.25,21.54,21.8,22.14,21.98,22.14,18299,0.0,0.0,0.0,0.0323,0.0155
2015-04-02,万福生科,sz300268,22.14,21.68,22.0,22.02,22.14,22.02,22027,0.0,0.0,0.0,0.0207,9.0E-4
2015-04-03,万福生科,sz300268,22.15,21.53,22.05,21.98,22.02,21.98,18120,0.0,0.0,0.0,0.0281,-0.0031
2015-04-06,万福生科,sz300268,21.98,21.98,21.98,21.98,21.98,21.98,0,0.0,0.0,0.0,0.0,0.0
2015-04-07,万福生科,sz300268,23.5,21.81,22.09,23.12,21.98,23.12,19404,0.0,0.0,0.0,0.0768,0.0466
2015-04-08,万福生科,sz300268,23.33,22.26,23.17,22.71,23.12,22.71,16783,0.0,0.0,0.0,0.0462,-0.0198
2015-04-09,万福生科,sz300268,23.16,20.44,22.9,21.38,22.71,21.38,23049,0.0,0.0,0.0,0.1197,-0.0663
2015-04-10,万福生科,sz300268,21.99,20.58,20.6,21.53,21.38,21.53,15405,0.0,0.0,0.0,0.0659,0.0451
2015-04-13,万福生科,sz300268,21.58,20.81,21.23,21.13,21.53,21.13,19519,0.0,0.0,0.0,0.0357,-0.0047
2015-04-14,万福生科,sz300268,21.2,20.19,21.13,20.33,21.13,20.33,24758,0.0,0.0,0.0,0.0477,-0.0378
2015-04-15,万福生科,sz300268,20.96,19.72,20.12,19.77,20.33,19.77,14993,0.0,0.0,0.0,0.0609,-0.0173
2015-04-16,万福生科,sz300268,20.13,18.93,19.37,19.47,19.77,19.47,29396,0.0,0.0,0.0,0.0606,0.0051
2015-04-17,万福生科,sz300268,19.66,19.11,19.65,19.49,19.47,19.49,21056,0.0,0.0,0.0,0.0282,-0.0081
2015-04-20,万福生科,sz300268,21.44,19.23,19.49,20.44,19.49,20.44,30030,0.0,0.0,0.0,0.1133,0.0487
2015-04-21,万福生科,sz300268,21.5,20.16,20.18,21.1,20.44,21.1,20596,0.0,0.0,0.0,0.0655,0.0455
2015-04-22,万福生科,sz300268,22.06,21.0,21.0,21.88,21.1,21.88,17783,0.0,0.0,0.0,0.0502,0.0419
2015-04-23,万福生科,sz300268,24.07,21.21,21.87,23.83,21.88,23.83,24285,0.0,0.0,0.0,0.1307,0.0896
2015-04-24,万福生科,sz300268,25.45,23.0,23.6,23.51,23.83,23.51,29637,0.0,0.0,0.0,0.1028,-0.0038
2015-04-27,万福生科,sz300268,24.22,23.0,23.75,23.3,23.51,23.3,22419,0.0,0.0,0.0,0.0518,-0.0189
2015-04-28,万福生科,sz300268,23.5,21.25,22.43,21.46,23.3,21.46,20148,0.0,0.0,0.0,0.0965,-0.0432
2015-04-29,万福生科,sz300268,22.94,21.05,21.42,21.99,21.46,21.99,15969,0.0,0.0,0.0,0.088,0.0266
2015-04-30,万福生科,sz300268,22.4,21.8,22.05,21.81,21.99,21.81,10029,0.0,0.0,0.0,0.0272,-0.0108
2015-05-01,万福生科,sz300268,21.81,21.81,21.81,21.81,21.81,21.81,0,0.0,0.0,0.0,0.0,0.0
2015-05-04,万福生科,sz300268,22.38,20.88,22.08,22.0,21.81,22.0,25762,0.0,0.0,0.0,0.0687,-0.0036
2015-05-05,万福生科,sz300268,22.08,20.5,21.79,20.98,22.0,20.98,12878,0.0,0.0,0.0,0.0718,-0.0371
2015-05-06,万福生科,sz300268,21.49,20.65,21.37,20.73,20.98,20.73,12945,0.0,0.0,0.0,0.04,-0.0299
2015-05-07,万福生科,sz300268,21.22,20.36,21.0,20.52,20.73,20.52,10939,0.0,0.0,0.0,0.0414,-0.0228
2015-05-08,万福生科,sz300268,21.55,20.5,20.6,21.38,20.52,21.38,14002,0.0,0.0,0.0,0.0511,0.0378
2015-05-11,万福生科,sz300268,22.8,21.48,21.48,22.34,21.38,22.34,18275,0.0,0.0,0.0,0.0617,0.04
2015-05-12,万福生科,sz300268,24.0,22.38,22.57,23.4,22.34,23.4,25478,0.0,0.0,0.0,0.0725,0.0367
2015-05-13,万福生科,sz300268,23.35,22.36,22.81,22.42,23.4,22.42,22706,0.0,0.0,0.0,0.0423,-0.017
2015-05-14,万福生科,sz300268,22.9,22.2,22.47,22.64,22.42,22.64,13850,0.0,0.0,0.0,0.0312,0.0075
2015-05-15,万福生科,sz300268,24.19,21.85,22.65,23.02,22.64,23.02,25156,0.0,0.0,0.0,0.1033,0.0163
2015-05-18,万福生科,sz300268,25.32,22.57,22.7,25.32,23.02,25.32,32895,0.0,0.0,0.0,0.1194,0.1154
2015-05-19,万福生科,sz300268,27.75,25.38,25.9,27.27,25.32,27.27,45011,0.0,0.0,0.0,0.0936,0.0528
2015-05-20,万福生科,sz300268,28.1,26.7,27.24,26.86,27.27,26.86,27648,0.0,0.0,0.0,0.0513,-0.0139
2015-05-21,万福生科,sz300268,29.55,26.11,26.5,29.31,26.86,29.31,32569,0.0,0.0,0.0,0.128,0.106
2015-05-22,万福生科,sz300268,30.19,27.75,29.31,28.45,29.31,28.45,25376,0.0,0.0,0.0,0.0832,-0.0293
2015-05-25,万福生科,sz300268,28.85,27.0,27.89,28.32,28.45,28.32,23585,0.0,0.0,0.0,0.065,0.0154
2015-05-26,万福生科,sz300268,29.73,28.23,28.31,29.5,28.32,29.5,21399,0.0,0.0,0.0,0.0529,0.042
2015-05-27,万福生科,sz300268,32.45,28.88,30.27,32.45,29.5,32.45,35216,0.0,0.0,0.0,0.121,0.072
2015-05-28,万福生科,sz300268,35.7,33.0,33.51,34.8,32.45,34.8,52633,0.0,0.0,0.0,0.0832,0.0384
2015-05-29,万福生科,sz300268,35.59,31.65,33.89,34.0,34.8,34.0,34301,0.0,0.0,0.0,0.1132,0.0032
2015-06-01,万福生科,sz300268,35.5,33.49,33.74,34.5,34.0,34.5,26235,0.0,0.0,0.0,0.0591,0.0225
2015-06-02,万福生科,sz300268,37.95,32.28,34.58,37.95,34.5,37.95,41784,0.0,0.0,0.0,0.1643,0.0974
2015-06-03,万福生科,sz300268,38.0,35.3,38.0,36.17,37.95,36.17,34664,0.0,0.0,0.0,0.0711,-0.0481
2015-06-04,万福生科,sz300268,36.15,33.0,35.9,33.86,36.17,33.86,20022,0.0,0.0,0.0,0.087,-0.0568
2015-06-05,万福生科,sz300268,35.35,33.5,34.2,34.31,33.86,34.31,16699,0.0,0.0,0.0,0.0546,0.0032
2015-06-08,万福生科,sz300268,34.49,32.0,34.01,32.38,34.31,32.38,15810,0.0,0.0,0.0,0.0725,-0.0479
2015-06-09,万福生科,sz300268,34.77,29.14,32.0,33.24,32.38,33.24,18401,0.0,0.0,0.0,0.1738,0.0387
2015-06-10,万福生科,sz300268,33.88,32.16,33.33,32.91,33.24,32.91,18439,0.0,0.0,0.0,0.0517,-0.0126
2015-06-11,万福生科,sz300268,33.38,32.52,32.99,32.75,32.91,32.75,15168,0.0,0.0,0.0,0.0261,-0.0072
2015-06-12,万福生科,sz300268,34.56,32.79,32.79,34.31,32.75,34.31,23642,0.0,0.0,0.0,0.054,0.0463
2015-06-15,万福生科,sz300268,35.99,33.0,34.3,33.45,34.31,33.45,23627,0.0,0.0,0.0,0.0871,-0.0247
2015-06-16,万福生科,sz300268,32.75,31.12,32.75,31.3,33.45,31.3,14137,0.0,0.0,0.0,0.0487,-0.0442
2015-06-17,万福生科,sz300268,31.65,29.48,31.45,31.49,31.3,31.49,14241,0.0,0.0,0.0,0.0693,0.0012
2015-06-18,万福生科,sz300268,32.8,29.81,31.56,29.97,31.49,29.97,12268,0.0,0.0,0.0,0.0949,-0.0503
2015-06-19,万福生科,sz300268,30.0,26.97,28.88,26.97,29.97,26.97,17289,0.0,0.0,0.0,0.1011,-0.0661
2015-06-22,万福生科,sz300268,26.97,26.97,26.97,26.97,26.97,26.97,0,0.0,0.0,0.0,0.0,0.0
2015-06-23,万福生科,sz300268,27.92,24.27,26.0,27.16,26.97,27.16,18195,0.0,0.0,0.0,0.1353,0.0446
2015-06-24,万福生科,sz300268,27.69,26.38,27.16,27.2,27.16,27.2,13565,0.0,0.0,0.0,0.0482,0.0014
2015-06-25,万福生科,sz300268,27.6,25.27,27.45,26.35,27.2,26.35,14838,0.0,0.0,0.0,0.0856,-0.04
2015-06-26,万福生科,sz300268,25.8,23.72,25.38,23.72,26.35,23.72,14512,0.0,0.0,0.0,0.0789,-0.0654
2015-06-29,万福生科,sz300268,24.44,21.35,24.4,21.35,23.72,21.35,15531,0.0,0.0,0.0,0.1302,-0.1249
2015-06-30,万福生科,sz300268,22.66,19.22,20.79,21.81,21.35,21.81,37038,0.0,0.0,0.0,0.1611,0.049
2015-07-01,万福生科,sz300268,22.7,19.63,21.7,19.63,21.81,19.63,23802,0.0,0.0,0.0,0.1407,-0.0953
2015-07-02,万福生科,sz300268,19.99,17.67,19.01,17.67,19.63,17.67,31951,0.0,0.0,0.0,0.1181,-0.0704
2015-07-03,万福生科,sz300268,18.0,15.9,16.79,15.9,17.67,15.9,31621,0.0,0.0,0.0,0.1188,-0.053
2015-07-06,万福生科,sz300268,17.49,14.31,17.49,14.45,15.9,14.45,26852,0.0,0.0,0.0,0.1999,-0.1738
2015-07-07,万福生科,sz300268,14.0,13.01,13.96,13.01,14.45,13.01,11819,0.0,0.0,0.0,0.0685,-0.068
2015-07-08,万福生科,sz300268,13.01,13.01,13.01,13.01,13.01,13.01,0,0.0,0.0,0.0,0.0,0.0
2015-07-09,万福生科,sz300268,13.01,13.01,13.01,13.01,13.01,13.01,0,0.0,0.0,0.0,0.0,0.0
2015-07-10,万福生科,sz300268,13.01,13.01,13.01,13.01,13.01,13.01,0,0.0,0.0,0.0,0.0,0.0
2015-07-13,万福生科,sz300268,13.01,13.01,13.01,13.01,13.01,13.01,0,0.0,0.0,0.0,0.0,0.0
2015-07-14,万福生科,sz300268,13.01,13.01,13.01,13.01,13.01,13.01,0,0.0,0.0,0.0,0.0,0.0
2015-07-15,万福生科,sz300268,13.01,13.01,13.01,13.01,13.01,13.01,0,0.0,0.0,0.0,0.0,0.0
2015-07-16,万福生科,sz300268,13.01,13.01,13.01,13.01,13.01,13.01,0,0.0,0.0,0.0,0.0,0.0
2015-07-17,万福生科,sz300268,13.01,13.01,13.01,13.01,13.01,13.01,0,0.0,0.0,0.0,0.0,0.0
2015-07-20,万福生科,sz300268,14.31,14.31,14.31,14.31,13.01,14.31,1121,0.0,0.0,0.0,0.0,0.0
2015-07-21,万福生科,sz300268,15.74,15.74,15.74,15.74,14.31,15.74,12896,0.0,0.0,0.0,0.0,0.0
2015-07-22,万福生科,sz300268,17.31,17.3,17.31,17.31,15.74,17.31,88348,0.0,0.0,0.0,6.0E-4,0.0
2015-07-23,万福生科,sz300268,19.04,18.5,18.8,19.04,17.31,19.04,66499,0.0,0.0,0.0,0.0311,0.0127
2015-07-24,万福生科,sz300268,20.94,19.6,19.9,20.14,19.04,20.14,218840,0.0,0.0,0.0,0.0703,0.012
2015-07-27,万福生科,sz300268,19.75,18.13,19.1,18.13,20.14,18.13,111477,0.0,0.0,0.0,0.0804,-0.0507
2015-07-28,万福生科,sz300268,17.86,16.32,16.32,16.33,18.13,16.33,116632,0.0,0.0,0.0,0.0849,6.0E-4
2015-07-29,万福生科,sz300268,17.96,15.3,16.5,17.78,16.33,17.78,98068,0.0,0.0,0.0,0.1628,0.0775
2015-07-30,万福生科,sz300268,18.47,16.5,17.3,17.31,17.78,17.31,87657,0.0,0.0,0.0,0.1107,5.0E-4
2015-07-31,万福生科,sz300268,18.47,16.5,16.5,17.82,17.31,17.82,52331,0.0,0.0,0.0,0.1138,0.08
2015-08-03,万福生科,sz300268,19.5,16.04,17.3,19.5,17.82,19.5,69643,0.0,0.0,0.0,0.1941,0.1271
2015-08-04,万福生科,sz300268,20.43,17.87,17.95,19.88,19.5,19.88,67073,0.0,0.0,0.0,0.1312,0.1075
2015-08-05,万福生科,sz300268,20.37,18.58,19.38,19.66,19.88,19.66,44170,0.0,0.0,0.0,0.09,0.0144
2015-08-06,万福生科,sz300268,19.99,18.78,18.79,19.94,19.66,19.94,37673,0.0,0.0,0.0,0.0615,0.0612
2015-08-07,万福生科,sz300268,21.7,19.48,20.0,21.11,19.94,21.11,83942,0.0,0.0,0.0,0.1113,0.0554
2015-08-10,万福生科,sz300268,22.97,20.3,20.8,21.9,21.11,21.9,78399,0.0,0.0,0.0,0.1264,0.0528
2015-08-11,万福生科,sz300268,24.09,21.47,22.0,24.09,21.9,24.09,101458,0.0,0.0,0.0,0.1196,0.0949
2015-08-12,万福生科,sz300268,24.99,22.8,24.68,24.03,24.09,24.03,74329,0.0,0.0,0.0,0.0909,-0.0263
2015-08-13,万福生科,sz300268,24.44,22.88,23.58,24.42,24.03,24.42,48860,0.0,0.0,0.0,0.0649,0.0356
2015-08-14,万福生科,sz300268,26.41,23.82,23.82,25.84,24.42,25.84,65144,0.0,0.0,0.0,0.106,0.0848
2015-08-17,万福生科,sz300268,26.23,25.01,25.7,25.88,25.84,25.88,40810,0.0,0.0,0.0,0.0472,0.007
2015-08-18,万福生科,sz300268,28.29,23.29,25.42,28.29,25.88,28.29,86581,0.0,0.0,0.0,0.1931,0.1129
2015-08-19,万福生科,sz300268,28.28,25.46,25.46,27.89,28.29,27.89,123187,0.0,0.0,0.0,0.0996,0.0954
2015-08-20,万福生科,sz300268,26.64,25.1,26.6,25.1,27.89,25.1,66658,0.0,0.0,0.0,0.0552,-0.0563
2015-08-21,万福生科,sz300268,23.99,22.59,22.99,22.59,25.1,22.59,24321,0.0,0.0,0.0,0.0557,-0.0173
2015-08-24,万福生科,sz300268,20.33,20.33,20.33,20.33,22.59,20.33,2041,0.0,0.0,0.0,0.0,0.0
2015-08-25,万福生科,sz300268,18.3,18.3,18.3,18.3,20.33,18.3,767,0.0,0.0,0.0,0.0,0.0
2015-08-26,万福生科,sz300268,18.0,16.47,16.47,16.47,18.3,16.47,91062,0.0,0.0,0.0,0.0836,0.0
2015-08-27,万福生科,sz300268,17.57,14.82,14.82,17.57,16.47,17.57,171040,0.0,0.0,0.0,0.1669,0.1855
2015-08-28,万福生科,sz300268,18.57,16.0,16.24,18.26,17.57,18.26,143821,0.0,0.0,0.0,0.1462,0.1243
2015-08-31,万福生科,sz300268,17.46,16.43,17.4,16.43,18.26,16.43,107625,0.0,0.0,0.0,0.0564,-0.0557
2015-09-01,万福生科,sz300268,16.35,14.79,15.15,14.79,16.43,14.79,95714,0.0,0.0,0.0,0.0949,-0.0237
2015-09-02,万福生科,sz300268,15.66,13.31,13.75,14.0,14.79,14.0,64738,0.0,0.0,0.0,0.1588,0.0181
2015-09-03,万福生科,sz300268,14.0,14.0,14.0,14.0,14.0,14.0,0,0.0,0.0,0.0,0.0,0.0
2015-09-04,万福生科,sz300268,14.0,14.0,14.0,14.0,14.0,14.0,0,0.0,0.0,0.0,0.0,0.0
2015-09-07,万福生科,sz300268,14.58,13.07,14.0,13.78,14.0,13.78,55323,0.0,0.0,0.0,0.1078,-0.0157
2015-09-08,万福生科,sz300268,14.17,12.8,13.45,14.03,13.78,14.03,50415,0.0,0.0,0.0,0.0994,0.0431
2015-09-09,万福生科,sz300268,14.98,13.93,14.11,14.82,14.03,14.82,78582,0.0,0.0,0.0,0.0748,0.0503
2015-09-10,万福生科,sz300268,15.33,14.18,14.4,14.93,14.82,14.93,66684,0.0,0.0,0.0,0.0775,0.0368
2015-09-11,万福生科,sz300268,15.08,14.09,14.79,14.88,14.93,14.88,56631,0.0,0.0,0.0,0.0663,0.006
2015-09-14,万福生科,sz300268,14.82,13.39,14.73,13.39,14.88,13.39,37434,0.0,0.0,0.0,0.0961,-0.0909
2015-09-15,万福生科,sz300268,13.01,12.05,12.07,13.01,13.39,13.01,92324,0.0,0.0,0.0,0.0716,0.0778
2015-09-16,万福生科,sz300268,14.22,12.22,12.58,14.14,13.01,14.14,85558,0.0,0.0,0.0,0.1537,0.124
2015-09-17,万福生科,sz300268,14.49,12.74,13.58,13.5,14.14,13.5,67701,0.0,0.0,0.0,0.1237,-0.0058
2015-09-18,万福生科,sz300268,14.45,13.01,13.26,14.18,13.5,14.18,86387,0.0,0.0,0.0,0.1066,0.0693
2015-09-21,万福生科,sz300268,14.68,13.21,13.8,14.6,14.18,14.6,60333,0.0,0.0,0.0,0.1036,0.0579
2015-09-22,万福生科,sz300268,14.72,13.91,14.6,14.25,14.6,14.25,44496,0.0,0.0,0.0,0.0554,-0.0239
2015-09-23,万福生科,sz300268,14.46,13.41,14.0,14.28,14.25,14.28,43244,0.0,0.0,0.0,0.0736,0.0199
2015-09-24,万福生科,sz300268,14.77,13.91,14.0,14.65,14.28,14.65,56129,0.0,0.0,0.0,0.0602,0.0464
2015-09-25,万福生科,sz300268,14.9,13.7,14.65,14.8,14.65,14.8,53975,0.0,0.0,0.0,0.0819,0.0102
2015-09-28,万福生科,sz300268,14.8,14.8,14.8,14.8,14.8,14.8,0,0.0,0.0,0.0,0.0,0.0
2015-09-29,万福生科,sz300268,16.78,14.96,15.29,16.62,14.8,16.62,65194,0.0,0.0,0.0,0.1229,0.0869
2015-09-30,万福生科,sz300268,17.05,15.8,16.7,16.88,16.62,16.88,52483,0.0,0.0,0.0,0.0752,0.0107
2015-10-01,万福生科,sz300268,16.88,16.88,16.88,16.88,16.88,16.88,0,0.0,0.0,0.0,0.0,0.0
2015-10-02,万福生科,sz300268,16.88,16.88,16.88,16.88,16.88,16.88,0,0.0,0.0,0.0,0.0,0.0
2015-10-05,万福生科,sz300268,16.88,16.88,16.88,16.88,16.88,16.88,0,0.0,0.0,0.0,0.0,0.0
2015-10-06,万福生科,sz300268,16.88,16.88,16.88,16.88,16.88,16.88,0,0.0,0.0,0.0,0.0,0.0
2015-10-07,万福生科,sz300268,16.88,16.88,16.88,16.88,16.88,16.88,0,0.0,0.0,0.0,0.0,0.0
2015-10-08,万福生科,sz300268,18.5,17.01,17.58,18.11,16.88,18.11,51381,0.0,0.0,0.0,0.0882,0.0301
2015-10-09,万福生科,sz300268,19.88,17.4,17.4,19.65,18.11,19.65,67413,0.0,0.0,0.0,0.1369,0.1293
2015-10-12,万福生科,sz300268,20.99,19.18,19.5,20.25,19.65,20.25,83257,0.0,0.0,0.0,0.0921,0.0384
2015-10-13,万福生科,sz300268,20.6,19.06,19.5,19.98,20.25,19.98,65592,0.0,0.0,0.0,0.076,0.0246
2015-10-14,万福生科,sz300268,19.98,19.09,19.48,19.09,19.98,19.09,33530,0.0,0.0,0.0,0.0445,-0.02
2015-10-15,万福生科,sz300268,20.49,18.1,18.18,20.14,19.09,20.14,47727,0.0,0.0,0.0,0.1251,0.1078
2015-10-16,万福生科,sz300268,21.0,19.91,19.91,20.66,20.14,20.66,56100,0.0,0.0,0.0,0.0541,0.0376
2015-10-19,万福生科,sz300268,21.5,19.6,21.06,20.2,20.66,20.2,33912,0.0,0.0,0.0,0.0919,-0.0408
2015-10-20,万福生科,sz300268,21.1,19.5,19.5,20.6,20.2,20.6,41673,0.0,0.0,0.0,0.0792,0.0564
2015-10-21,万福生科,sz300268,20.7,18.54,20.0,18.54,20.6,18.54,43807,0.0,0.0,0.0,0.1048,-0.073
2015-10-22,万福生科,sz300268,19.37,17.61,17.68,18.8,18.54,18.8,43627,0.0,0.0,0.0,0.0949,0.0633
2015-10-23,万福生科,sz300268,20.68,18.81,19.38,20.68,18.8,20.68,56482,0.0,0.0,0.0,0.0994,0.067
2015-10-26,万福生科,sz300268,22.45,20.5,21.98,22.2,20.68,22.2,70598,0.0,0.0,0.0,0.0942,0.01
2015-10-27,万福生科,sz300268,21.84,19.98,21.71,21.3,22.2,21.3,53468,0.0,0.0,0.0,0.0837,-0.0188
2015-10-28,万福生科,sz300268,23.15,20.63,20.85,21.9,21.3,21.9,41988,0.0,0.0,0.0,0.1183,0.0503
2015-10-29,万福生科,sz300268,23.22,21.62,22.5,22.49,21.9,22.49,37064,0.0,0.0,0.0,0.073,-4.0E-4
2015-10-30,万福生科,sz300268,23.28,22.04,22.55,22.4,22.49,22.4,32057,0.0,0.0,0.0,0.0551,-0.0066
2015-11-02,万福生科,sz300268,22.4,20.87,21.8,21.06,22.4,21.06,25619,0.0,0.0,0.0,0.0683,-0.0339
2015-11-03,万福生科,sz300268,21.56,20.06,21.0,20.98,21.06,20.98,20762,0.0,0.0,0.0,0.0712,-9.0E-4
2015-11-04,万福生科,sz300268,22.22,20.55,20.55,22.05,20.98,22.05,27650,0.0,0.0,0.0,0.0795,0.0729
2015-11-05,万福生科,sz300268,22.58,21.58,22.05,22.0,22.05,22.0,30241,0.0,0.0,0.0,0.0453,-0.0022
2015-11-06,万福生科,sz300268,22.73,21.82,22.3,22.0,22.0,22.0,29585,0.0,0.0,0.0,0.0413,-0.0134
2015-11-09,万福生科,sz300268,22.49,21.6,21.82,21.92,22.0,21.92,30870,0.0,0.0,0.0,0.0404,0.0045
2015-11-10,万福生科,sz300268,24.11,21.2,21.2,24.11,21.92,24.11,76654,0.0,0.0,0.0,0.1327,0.1372
2015-11-11,万福生科,sz300268,26.48,23.5,24.48,26.09,24.11,26.09,61460,0.0,0.0,0.0,0.1236,0.0657
2015-11-12,万福生科,sz300268,27.3,25.0,25.62,26.58,26.09,26.58,47824,0.0,0.0,0.0,0.0881,0.0374
2015-11-13,万福生科,sz300268,27.48,25.8,26.0,26.51,26.58,26.51,36581,0.0,0.0,0.0,0.0632,0.0196
2015-11-16,万福生科,sz300268,27.58,25.5,25.69,26.67,26.51,26.67,31495,0.0,0.0,0.0,0.0784,0.0381
2015-11-17,万福生科,sz300268,27.97,25.97,26.9,27.03,26.67,27.03,53765,0.0,0.0,0.0,0.0749,0.0048
2015-11-18,万福生科,sz300268,28.29,26.46,26.85,27.5,27.03,27.5,46722,0.0,0.0,0.0,0.0677,0.0242
2015-11-19,万福生科,sz300268,30.14,27.09,27.09,29.75,27.5,29.75,58082,0.0,0.0,0.0,0.1109,0.0981
2015-11-20,万福生科,sz300268,32.73,29.45,29.9,32.73,29.75,32.73,75235,0.0,0.0,0.0,0.1102,0.0946
2015-11-23,万福生科,sz300268,32.88,30.0,32.34,31.78,32.73,31.78,60337,0.0,0.0,0.0,0.0879,-0.0173
2015-11-24,万福生科,sz300268,34.5,29.88,30.8,34.3,31.78,34.3,61632,0.0,0.0,0.0,0.1453,0.1136
2015-11-25,万福生科,sz300268,35.98,33.01,33.38,34.28,34.3,34.28,29867,0.0,0.0,0.0,0.0865,0.0269
2015-11-26,万福生科,sz300268,34.49,32.39,33.4,32.5,34.28,32.5,28332,0.0,0.0,0.0,0.0612,-0.0269
2015-11-27,万福生科,sz300268,32.98,29.25,32.35,31.75,32.5,31.75,37625,0.0,0.0,0.0,0.1147,-0.0185
2015-11-30,万福生科,sz300268,33.08,29.5,31.2,32.85,31.75,32.85,31839,0.0,0.0,0.0,0.1127,0.0528
2015-12-01,万福生科,sz300268,33.48,31.5,32.06,32.44,32.85,32.44,17580,0.0,0.0,0.0,0.0602,0.0118
2015-12-02,万福生科,sz300268,32.49,29.61,32.01,30.94,32.44,30.94,16396,0.0,0.0,0.0,0.0887,-0.0334
2015-12-03,万福生科,sz300268,31.99,30.61,30.95,31.73,30.94,31.73,12827,0.0,0.0,0.0,0.0446,0.0252
2015-12-04,万福生科,sz300268,33.63,31.03,31.5,33.12,31.73,33.12,31591,0.0,0.0,0.0,0.0819,0.0514
2015-12-07,万福生科,sz300268,34.01,32.52,32.79,32.89,33.12,32.89,19647,0.0,0.0,0.0,0.0449,0.003
2015-12-08,万福生科,sz300268,32.91,31.6,32.52,31.98,32.89,31.98,16524,0.0,0.0,0.0,0.0398,-0.0166
2015-12-09,万福生科,sz300268,32.29,30.9,31.13,31.9,31.98,31.9,19721,0.0,0.0,0.0,0.0434,0.0247
2015-12-10,万福生科,sz300268,33.5,31.22,31.6,33.25,31.9,33.25,28034,0.0,0.0,0.0,0.0714,0.0522
2015-12-11,万福生科,sz300268,33.5,32.0,33.4,32.79,33.25,32.79,17327,0.0,0.0,0.0,0.0451,-0.0182
2015-12-14,万福生科,sz300268,32.8,30.61,31.9,32.5,32.79,32.5,18925,0.0,0.0,0.0,0.0667,0.0188
2015-12-15,万福生科,sz300268,32.45,30.01,32.45,31.42,32.5,31.42,18925,0.0,0.0,0.0,0.075,-0.0317
2015-12-16,万福生科,sz300268,32.17,31.05,31.7,31.6,31.42,31.6,16095,0.0,0.0,0.0,0.0356,-0.0031
2015-12-17,万福生科,sz300268,32.18,31.41,31.77,31.89,31.6,31.89,26124,0.0,0.0,0.0,0.0243,0.0037
2015-12-18,万福生科,sz300268,32.8,30.52,31.75,32.79,31.89,32.79,43328,0.0,0.0,0.0,0.0714,0.0327
2015-12-21,万福生科,sz300268,33.95,32.32,32.5,33.65,32.79,33.65,34043,0.0,0.0,0.0,0.0497,0.0353
2015-12-22,万福生科,sz300268,33.89,32.66,33.58,33.08,33.65,33.08,23002,0.0,0.0,0.0,0.0365,-0.0148
2015-12-23,万福生科,sz300268,33.08,31.7,32.5,31.8,33.08,31.8,24408,0.0,0.0,0.0,0.0417,-0.0215
2015-12-24,万福生科,sz300268,31.8,30.78,31.61,31.74,31.8,31.74,17987,0.0,0.0,0.0,0.032,0.0041
2015-12-25,万福生科,sz300268,32.32,31.12,31.7,31.9,31.74,31.9,15069,0.0,0.0,0.0,0.0378,0.0063
2015-12-28,万福生科,sz300268,31.8,30.2,31.8,31.19,31.9,31.19,18155,0.0,0.0,0.0,0.0501,-0.0191
2015-12-29,万福生科,sz300268,31.01,30.0,31.0,30.77,31.19,30.77,8953,0.0,0.0,0.0,0.0323,-0.0074
2015-12-30,万福生科,sz300268,31.56,30.75,30.75,31.21,30.77,31.21,14985,0.0,0.0,0.0,0.0263,0.0149
2015-12-31,万福生科,sz300268,32.16,30.91,31.15,30.91,31.21,30.91,12165,0.0,0.0,0.0,0.04,-0.0077
2016-01-01,万福生科,sz300268,32.16,30.91,31.15,30.91,30.91,30.91,12165,0.0,0.0,0.0,0.0404,-0.0077
2016-01-04,万福生科,sz300268,31.3,27.82,31.0,27.82,30.91,27.82,13414,0.0,0.0,0.0,0.1125,-0.1025
2016-01-05,万福生科,sz300268,28.0,25.04,25.04,25.04,27.82,25.04,24980,0.0,0.0,0.0,0.1063,0.0
2016-01-06,万福生科,sz300268,25.47,22.54,25.0,24.9,25.04,24.9,51589,0.0,0.0,0.0,0.117,-0.004
2016-01-07,万福生科,sz300268,23.9,22.41,23.9,22.41,24.9,22.41,7075,0.0,0.0,0.0,0.0598,-0.0623
2016-01-08,万福生科,sz300268,23.0,20.17,22.46,22.28,22.41,22.28,43097,0.0,0.0,0.0,0.1262,-0.008
2016-01-11,万福生科,sz300268,21.78,20.05,21.43,20.05,22.28,20.05,30199,0.0,0.0,0.0,0.0776,-0.0643
2016-01-12,万福生科,sz300268,19.98,18.4,19.54,18.77,20.05,18.77,32437,0.0,0.0,0.0,0.0788,-0.0394
2016-01-13,万福生科,sz300268,19.79,17.43,19.28,17.43,18.77,17.43,32707,0.0,0.0,0.0,0.1257,-0.0959
2016-01-14,万福生科,sz300268,19.15,16.68,16.85,18.84,17.43,18.84,37365,0.0,0.0,0.0,0.1417,0.1181
2016-01-15,万福生科,sz300268,19.5,17.5,18.44,17.77,18.84,17.77,29985,0.0,0.0,0.0,0.1061,-0.0363
2016-01-18,万福生科,sz300268,18.69,17.27,17.31,18.26,17.77,18.26,24058,0.0,0.0,0.0,0.0799,0.0548
2016-01-19,万福生科,sz300268,19.51,17.62,18.3,19.3,18.26,19.3,33995,0.0,0.0,0.0,0.1035,0.0546
2016-01-20,万福生科,sz300268,20.3,18.82,19.29,19.77,19.3,19.77,33019,0.0,0.0,0.0,0.0766,0.0248
2016-01-21,万福生科,sz300268,19.94,18.0,19.1,18.0,19.77,18.0,20099,0.0,0.0,0.0,0.0981,-0.0575
2016-01-22,万福生科,sz300268,18.66,17.01,18.36,18.61,18.0,18.61,26238,0.0,0.0,0.0,0.0916,0.0136
2016-01-25,万福生科,sz300268,18.96,18.31,18.64,18.78,18.61,18.78,18521,0.0,0.0,0.0,0.0349,0.0075
2016-01-26,万福生科,sz300268,18.73,16.9,18.73,16.9,18.78,16.9,21483,0.0,0.0,0.0,0.0974,-0.0977
2016-01-27,万福生科,sz300268,18.45,15.21,16.9,18.45,16.9,18.45,43948,0.0,0.0,0.0,0.1917,0.0917
2016-01-28,万福生科,sz300268,17.8,16.61,17.0,17.0,18.45,17.0,33002,0.0,0.0,0.0,0.0644,0.0
2016-01-29,万福生科,sz300268,17.99,15.63,15.63,17.63,17.0,17.63,32344,0.0,0.0,0.0,0.1388,0.1279
2016-02-01,万福生科,sz300268,19.38,16.98,17.49,17.64,17.63,17.64,23058,0.0,0.0,0.0,0.1361,0.0085
2016-02-02,万福生科,sz300268,18.65,17.5,17.5,18.25,17.64,18.25,19916,0.0,0.0,0.0,0.0651,0.0428
2016-02-03,万福生科,sz300268,18.8,17.53,18.0,18.71,18.25,18.71,22956,0.0,0.0,0.0,0.0695,0.0394
2016-02-04,万福生科,sz300268,20.44,18.5,18.9,20.2,18.71,20.2,39876,0.0,0.0,0.0,0.1036,0.0687
2016-02-05,万福生科,sz300268,20.7,19.72,19.95,19.91,20.2,19.91,31503,0.0,0.0,0.0,0.0485,-0.002
2016-02-08,万福生科,sz300268,20.7,19.72,19.95,19.91,19.91,19.91,31503,0.0,0.0,0.0,0.0492,-0.002
2016-02-09,万福生科,sz300268,20.7,19.72,19.95,19.91,19.91,19.91,31503,0.0,0.0,0.0,0.0492,-0.002
2016-02-10,万福生科,sz300268,20.7,19.72,19.95,19.91,19.91,19.91,31503,0.0,0.0,0.0,0.0492,-0.002
2016-02-11,万福生科,sz300268,20.7,19.72,19.95,19.91,19.91,19.91,31503,0.0,0.0,0.0,0.0492,-0.002
2016-02-12,万福生科,sz300268,20.7,19.72,19.95,19.91,19.91,19.91,31503,0.0,0.0,0.0,0.0492,-0.002
2016-02-15,万福生科,sz300268,19.58,18.51,18.51,19.2,19.91,19.2,20916,0.0,0.0,0.0,0.0537,0.0372
2016-02-16,万福生科,sz300268,20.15,19.06,19.06,19.86,19.2,19.86,21579,0.0,0.0,0.0,0.0567,0.0419
2016-02-17,万福生科,sz300268,19.99,18.9,19.81,19.73,19.86,19.73,34531,0.0,0.0,0.0,0.0548,-0.004
2016-02-18,万福生科,sz300268,20.16,19.22,19.22,19.62,19.73,19.62,29440,0.0,0.0,0.0,0.0476,0.0208
2016-02-19,万福生科,sz300268,20.66,19.03,19.28,20.3,19.62,20.3,40980,0.0,0.0,0.0,0.083,0.0529
2016-02-22,万福生科,sz300268,20.95,20.11,20.47,20.72,20.3,20.72,39658,0.0,0.0,0.0,0.0413,0.0122
2016-02-23,万福生科,sz300268,20.85,19.91,20.82,20.5,20.72,20.5,26714,0.0,0.0,0.0,0.0453,-0.0153
2016-02-24,万福生科,sz300268,20.48,19.5,20.4,20.09,20.5,20.09,27335,0.0,0.0,0.0,0.0478,-0.0151
2016-02-25,万福生科,sz300268,19.83,18.08,19.46,18.08,20.09,18.08,29838,0.0,0.0,0.0,0.0871,-0.0709
2016-02-26,万福生科,sz300268,18.0,16.3,17.79,16.98,18.08,16.98,50628,0.0,0.0,0.0,0.094,-0.0455
2016-02-29,万福生科,sz300268,16.51,15.28,16.51,15.28,16.98,15.28,30021,0.0,0.0,0.0,0.0724,-0.0745
2016-03-01,万福生科,sz300268,15.39,14.21,14.96,15.0,15.28,15.0,40683,0.0,0.0,0.0,0.0772,0.0026
2016-03-02,万福生科,sz300268,15.8,14.72,14.77,15.62,15.0,15.62,41251,0.0,0.0,0.0,0.072,0.0575
2016-03-03,万福生科,sz300268,16.38,15.45,15.58,16.0,15.62,16.0,40871,0.0,0.0,0.0,0.0595,0.0269
2016-03-04,万福生科,sz300268,16.45,14.45,16.15,14.45,16.0,14.45,32646,0.0,0.0,0.0,0.125,-0.1052
2016-03-07,万福生科,sz300268,15.38,14.65,14.89,14.96,14.45,14.96,23155,0.0,0.0,0.0,0.0505,0.0047
2016-03-08,万福生科,sz300268,15.17,13.94,15.17,14.9,14.96,14.9,33473,0.0,0.0,0.0,0.0822,-0.0177
2016-03-09,万福生科,sz300268,15.3,14.39,14.7,14.97,14.9,14.97,29908,0.0,0.0,0.0,0.061,0.0183
2016-03-10,万福生科,sz300268,15.13,14.31,15.0,14.31,14.97,14.31,18239,0.0,0.0,0.0,0.0547,-0.0459
2016-03-11,万福生科,sz300268,14.89,13.85,14.13,14.66,14.31,14.66,21415,0.0,0.0,0.0,0.0726,0.0375
2016-03-14,万福生科,sz300268,16.1,14.71,14.9,15.9,14.66,15.9,41665,0.0,0.0,0.0,0.0948,0.0671
2016-03-15,万福生科,sz300268,16.03,15.45,15.77,15.45,15.9,15.45,38760,0.0,0.0,0.0,0.0364,-0.0202
2016-03-16,万福生科,sz300268,16.19,15.2,16.06,15.31,15.45,15.31,24956,0.0,0.0,0.0,0.064,-0.0466
2016-03-17,万福生科,sz300268,16.62,15.37,15.4,16.11,15.31,16.11,38110,0.0,0.0,0.0,0.0816,0.0461
2016-03-18,万福生科,sz300268,17.45,16.11,16.11,16.71,16.11,16.71,41844,0.0,0.0,0.0,0.0831,0.0372
2016-03-21,万福生科,sz300268,17.45,16.7,17.17,17.26,16.71,17.26,62488,0.0,0.0,0.0,0.0448,0.0052
2016-03-22,万福生科,sz300268,18.99,16.88,17.15,18.69,17.26,18.69,62717,0.0,0.0,0.0,0.1222,0.0897
2016-03-23,万福生科,sz300268,18.62,17.8,18.18,18.32,18.69,18.32,46627,0.0,0.0,0.0,0.0438,0.0077
2016-03-24,万福生科,sz300268,18.46,17.52,18.11,17.67,18.32,17.67,35246,0.0,0.0,0.0,0.0513,-0.0242
2016-03-25,万福生科,sz300268,17.99,17.26,17.64,17.52,17.67,17.52,27554,0.0,0.0,0.0,0.0413,-0.0068
