2016-03-25
2012-07-12,新文化,sz300336,30.18,27.60001,27.9,29.61002,28.77002,6.03739,40646100,0.0,0.0,0.0,0.0896,0.0612
2012-07-13,新文化,sz300336,29.28002,26.87001,28.77002,27.58998,29.61002,5.62551,39789700,0.0,0.0,0.0,0.0813,-0.041
2012-07-16,新文化,sz300336,27.98998,25.65002,27.30002,25.91002,27.58998,5.28297,24970400,0.0,0.0,0.0,0.0848,-0.0509
2012-07-17,新文化,sz300336,27.16001,26.07999,26.09002,26.4,25.91002,5.38287,19112700,0.0,0.0,0.0,0.0416,0.0118
2012-07-18,新文化,sz300336,26.97002,25.22001,26.25999,26.90002,26.4,5.48483,21650300,0.0,0.0,0.0,0.0662,0.0243
2012-07-19,新文化,sz300336,27.86001,26.47999,26.55,26.90002,26.90002,5.48483,24967300,0.0,0.0,0.0,0.0513,0.0131
2012-07-20,新文化,sz300336,27.43,26.0,26.59998,26.88,26.90002,5.48074,16320700,0.0,0.0,0.0,0.0531,0.0105
2012-07-23,新文化,sz300336,28.40002,26.21001,26.44999,27.69998,26.88,5.64794,21486700,0.0,0.0,0.0,0.0814,0.0472
2012-07-24,新文化,sz300336,28.01,27.13999,27.49001,27.68999,27.69998,5.6459,16184000,0.0,0.0,0.0,0.0314,0.0072
2012-07-25,新文化,sz300336,29.28002,27.32998,27.63002,28.12001,27.68999,5.73358,29796200,0.0,0.0,0.0,0.0704,0.0177
2012-07-26,新文化,sz300336,28.27,27.16001,27.78002,27.20001,28.12001,5.54599,19587300,0.0,0.0,0.0,0.0394,-0.0208
2012-07-27,新文化,sz300336,28.23999,27.08002,27.28999,27.39999,27.20001,5.58677,17541000,0.0,0.0,0.0,0.0426,0.004
2012-07-30,新文化,sz300336,27.17,25.58002,27.13999,25.74,27.39999,5.2483,18204100,0.0,0.0,0.0,0.058,-0.0515
2012-07-31,新文化,sz300336,25.65002,24.41001,25.54002,24.42999,25.74,4.98119,13853700,0.0,0.0,0.0,0.0481,-0.0434
2012-08-01,新文化,sz300336,25.34999,24.48002,24.56001,25.00001,24.42999,5.09742,9179000,0.0,0.0,0.0,0.0356,0.0179
2012-08-02,新文化,sz300336,25.10002,24.31999,24.79,24.6,25.00001,5.01586,8028200,0.0,0.0,0.0,0.0312,-0.0076
2012-08-03,新文化,sz300336,26.18999,24.60999,24.60999,26.0,24.6,5.30131,16779600,0.0,0.0,0.0,0.0642,0.0564
2012-08-06,新文化,sz300336,26.46002,25.48,25.59999,26.33,26.0,5.3686,15108200,0.0,0.0,0.0,0.0376,0.0285
2012-08-07,新文化,sz300336,27.89002,26.33998,26.35002,26.65001,26.33,5.43385,23459100,0.0,0.0,0.0,0.0588,0.0113
2012-08-08,新文化,sz300336,26.53002,25.85,26.35002,26.35002,26.65001,5.37268,14183400,0.0,0.0,0.0,0.0255,0.0
2012-08-09,新文化,sz300336,26.97002,25.89999,26.24002,26.80999,26.35002,5.46647,11535300,0.0,0.0,0.0,0.0406,0.0217
2012-08-10,新文化,sz300336,26.79002,26.03,26.79002,26.36,26.80999,5.37472,9218400,0.0,0.0,0.0,0.0283,-0.016
2012-08-13,新文化,sz300336,26.48998,25.55001,26.13002,25.59999,26.36,5.21975,8065300,0.0,0.0,0.0,0.0356,-0.0202
2012-08-14,新文化,sz300336,26.09002,25.21002,25.40001,26.03999,25.59999,5.30947,7643200,0.0,0.0,0.0,0.0343,0.0251
2012-08-15,新文化,sz300336,26.39001,25.60998,25.81,26.07999,26.03999,5.31762,8150000,0.0,0.0,0.0,0.0299,0.0104
2012-08-16,新文化,sz300336,26.32001,25.66001,26.0,25.66001,26.07999,5.23199,6170300,0.0,0.0,0.0,0.0253,-0.013
2012-08-17,新文化,sz300336,26.09002,25.55001,25.60998,25.95001,25.66001,5.29112,4000900,0.0,0.0,0.0,0.021,0.0132
2012-08-20,新文化,sz300336,26.80999,25.60998,25.62001,26.79002,25.95001,5.4624,10434600,0.0,0.0,0.0,0.0462,0.0456
2012-08-21,新文化,sz300336,27.35999,26.51999,26.84999,27.28999,26.79002,5.56434,15369300,0.0,0.0,0.0,0.0313,0.0163
2012-08-22,新文化,sz300336,27.9,26.87001,27.20001,26.90002,27.28999,5.48483,23872200,0.0,0.0,0.0,0.0377,-0.011
2012-08-23,新文化,sz300336,27.91998,26.8,27.05001,27.74002,26.90002,5.6561,15263800,0.0,0.0,0.0,0.0416,0.0255
2012-08-24,新文化,sz300336,27.72,26.62,27.54999,26.68002,27.74002,5.43997,10615000,0.0,0.0,0.0,0.0396,-0.0315
2012-08-27,新文化,sz300336,26.99,26.40999,26.43001,26.51,26.68002,5.4053,6346300,0.0,0.0,0.0,0.0217,0.003
2012-08-28,新文化,sz300336,27.5,26.21001,26.37998,27.24,26.51,5.55415,9841700,0.0,0.0,0.0,0.0486,0.0326
2012-08-29,新文化,sz300336,28.16999,27.1,27.17999,27.54,27.24,5.61532,14031700,0.0,0.0,0.0,0.0392,0.0132
2012-08-30,新文化,sz300336,28.18002,25.70999,27.39,26.57002,27.54,5.41754,16136000,0.0,0.0,0.0,0.0896,-0.0299
2012-08-31,新文化,sz300336,26.95999,26.20002,26.4,26.8,26.57002,5.46443,7552500,0.0,0.0,0.0,0.0286,0.0151
2012-09-03,新文化,sz300336,29.26999,26.54001,26.88998,28.89999,26.8,5.89261,23497500,0.0,0.0,0.0,0.1018,0.0747
2012-09-04,新文化,sz300336,29.44,28.52001,28.79998,29.0,28.89999,5.91301,22170200,0.0,0.0,0.0,0.0318,0.0069
2012-09-05,新文化,sz300336,29.37,28.30001,28.75,28.38999,29.0,5.78863,17009500,0.0,0.0,0.0,0.0368,-0.0125
2012-09-06,新文化,sz300336,29.29001,28.34999,28.40002,29.10002,28.38999,5.9334,12747500,0.0,0.0,0.0,0.0331,0.0246
2012-09-07,新文化,sz300336,30.1,28.79998,29.44999,29.40001,29.10002,5.99457,21196200,0.0,0.0,0.0,0.0446,-0.0016
2012-09-10,新文化,sz300336,29.3,28.86,29.11,29.12998,29.40001,5.93951,13011000,0.0,0.0,0.0,0.0149,6.0E-4
2012-09-11,新文化,sz300336,29.85,28.55002,29.04999,28.79998,29.12998,5.87222,19120600,0.0,0.0,0.0,0.0446,-0.0086
2012-09-12,新文化,sz300336,28.99002,27.9,28.93,28.30001,28.79998,5.77028,14304100,0.0,0.0,0.0,0.0378,-0.0217
2012-09-13,新文化,sz300336,28.52001,27.94999,28.30001,28.02998,28.30001,5.71522,8065600,0.0,0.0,0.0,0.0201,-0.0095
2012-09-14,新文化,sz300336,28.52001,27.91998,28.15001,28.22002,28.02998,5.75397,7416200,0.0,0.0,0.0,0.0214,0.0024
2012-09-17,新文化,sz300336,28.38,26.4,28.18002,26.40999,28.22002,5.38491,13975500,0.0,0.0,0.0,0.0701,-0.0628
2012-09-18,新文化,sz300336,26.66998,25.91002,26.39001,26.03,26.40999,5.30743,7369000,0.0,0.0,0.0,0.0287,-0.0136
2012-09-19,新文化,sz300336,26.4,25.92999,26.14999,26.20002,26.03,5.3421,4867600,0.0,0.0,0.0,0.018,0.0019
2012-09-20,新文化,sz300336,26.20002,24.78001,26.20002,24.88002,26.20002,5.07295,10729800,0.0,0.0,0.0,0.0541,-0.0503
2012-09-21,新文化,sz300336,25.45998,24.75,25.08,24.86,24.88002,5.06887,6375100,0.0,0.0,0.0,0.0285,-0.0087
2012-09-24,新文化,sz300336,25.7,24.38,24.83998,25.33001,24.86,5.16471,7632500,0.0,0.0,0.0,0.053,0.0197
2012-09-25,新文化,sz300336,25.27998,24.24999,25.15,24.34001,25.33001,4.96285,8116000,0.0,0.0,0.0,0.0406,-0.0322
2012-09-26,新文化,sz300336,24.49,23.47998,24.28998,23.56002,24.34001,4.80381,6226500,0.0,0.0,0.0,0.0414,-0.03
2012-09-27,新文化,sz300336,24.30001,23.45002,23.61,24.13,23.56002,4.92003,8439700,0.0,0.0,0.0,0.036,0.022
2012-09-28,新文化,sz300336,24.39998,23.83,23.93002,24.39998,24.13,4.97508,7705100,0.0,0.0,0.0,0.0236,0.0196
2012-10-01,新文化,sz300336,24.39998,24.39998,24.39998,24.39998,24.39998,4.97508,0,0.0,0.0,0.0,0.0,0.0
2012-10-02,新文化,sz300336,24.39998,24.39998,24.39998,24.39998,24.39998,4.97508,0,0.0,0.0,0.0,0.0,0.0
2012-10-03,新文化,sz300336,24.39998,24.39998,24.39998,24.39998,24.39998,4.97508,0,0.0,0.0,0.0,0.0,0.0
2012-10-04,新文化,sz300336,24.39998,24.39998,24.39998,24.39998,24.39998,4.97508,0,0.0,0.0,0.0,0.0,0.0
2012-10-05,新文化,sz300336,24.39998,24.39998,24.39998,24.39998,24.39998,4.97508,0,0.0,0.0,0.0,0.0,0.0
2012-10-08,新文化,sz300336,24.52001,23.86001,24.41001,24.02998,24.39998,4.89964,4992700,0.0,0.0,0.0,0.027,-0.0155
2012-10-09,新文化,sz300336,25.26999,24.02998,24.02998,25.26,24.02998,5.15043,10700100,0.0,0.0,0.0,0.0516,0.0511
2012-10-10,新文化,sz300336,25.59999,24.79999,24.9,25.56998,25.26,5.21364,10878600,0.0,0.0,0.0,0.0316,0.0269
2012-10-11,新文化,sz300336,25.49998,24.9,25.48,24.94998,25.56998,5.08722,5914700,0.0,0.0,0.0,0.0234,-0.0208
2012-10-12,新文化,sz300336,26.0,24.75999,25.74999,24.92002,24.94998,5.08111,9966900,0.0,0.0,0.0,0.0496,-0.0322
2012-10-15,新文化,sz300336,24.70002,23.76,24.49999,23.94,24.92002,4.88129,6550300,0.0,0.0,0.0,0.0377,-0.0228
2012-10-16,新文化,sz300336,24.53999,23.87,23.87,24.24999,23.94,4.94449,4430300,0.0,0.0,0.0,0.0279,0.0159
2012-10-17,新文化,sz300336,24.42999,24.08001,24.27999,24.26002,24.24999,4.94654,2606300,0.0,0.0,0.0,0.0144,-8.0E-4
2012-10-18,新文化,sz300336,24.88002,24.23001,24.39998,24.70002,24.26002,5.03625,4997700,0.0,0.0,0.0,0.0267,0.0122
2012-10-19,新文化,sz300336,25.10002,24.64999,24.64999,24.66002,24.70002,5.0281,4466300,0.0,0.0,0.0,0.0182,4.0E-4
2012-10-22,新文化,sz300336,24.90998,24.2,24.35,24.85001,24.66002,5.06684,3559600,0.0,0.0,0.0,0.0287,0.0205
2012-10-23,新文化,sz300336,25.18001,24.64999,25.01,24.78001,24.85001,5.05256,4199100,0.0,0.0,0.0,0.0213,-0.0091
2012-10-24,新文化,sz300336,24.93,24.35998,24.49,24.61998,24.78001,5.01993,2660300,0.0,0.0,0.0,0.023,0.0053
2012-10-25,新文化,sz300336,24.83998,24.2,24.57,24.24999,24.61998,4.94449,3979800,0.0,0.0,0.0,0.0259,-0.013
2012-10-26,新文化,sz300336,24.45001,23.80998,24.41001,24.08001,24.24999,4.90984,4352900,0.0,0.0,0.0,0.0263,-0.0135
2012-10-29,新文化,sz300336,24.33002,23.71002,24.17998,24.09999,24.08001,4.91391,3677100,0.0,0.0,0.0,0.0257,-0.0033
2012-10-30,新文化,sz300336,24.64,24.08001,24.19001,24.53,24.09999,5.00159,3795300,0.0,0.0,0.0,0.0232,0.014
2012-10-31,新文化,sz300336,24.93,24.53,24.6,24.85001,24.53,5.06684,4320000,0.0,0.0,0.0,0.0163,0.0101
2012-11-01,新文化,sz300336,25.16998,24.64999,24.88002,24.97,24.85001,5.0913,5821300,0.0,0.0,0.0,0.0209,0.0036
2012-11-02,新文化,sz300336,25.12998,24.79,24.90998,25.01,24.97,5.09946,4270000,0.0,0.0,0.0,0.0136,0.004
2012-11-05,新文化,sz300336,25.25002,24.86,25.00001,24.9,25.01,5.07703,4025100,0.0,0.0,0.0,0.0155,-0.004
2012-11-06,新文化,sz300336,24.88002,24.15002,24.78001,24.35,24.9,4.96488,4417700,0.0,0.0,0.0,0.0293,-0.0173
2012-11-07,新文化,sz300336,24.55002,24.17998,24.33002,24.35998,24.35,4.96692,2347300,0.0,0.0,0.0,0.0151,0.0012
2012-11-08,新文化,sz300336,24.28998,23.73998,24.22002,23.75001,24.35998,4.84255,3630700,0.0,0.0,0.0,0.0225,-0.0194
2012-11-09,新文化,sz300336,23.94999,23.58,23.68001,23.94,23.75001,4.88129,2775000,0.0,0.0,0.0,0.0155,0.0109
2012-11-12,新文化,sz300336,24.64999,24.13,24.13,24.31999,23.94,4.95877,6196700,0.0,0.0,0.0,0.0217,0.0078
2012-11-13,新文化,sz300336,24.68,23.58,24.37002,23.69999,24.31999,4.83235,3569800,0.0,0.0,0.0,0.0452,-0.0274
2012-11-14,新文化,sz300336,23.75001,23.14999,23.61,23.39999,23.69999,4.77118,4656100,0.0,0.0,0.0,0.0253,-0.0088
2012-11-15,新文化,sz300336,23.68001,22.99999,23.20001,23.03998,23.39999,4.69778,2912300,0.0,0.0,0.0,0.029,-0.0068
2012-11-16,新文化,sz300336,23.10999,22.62999,22.90002,23.02001,23.03998,4.6937,2499000,0.0,0.0,0.0,0.0208,0.0052
2012-11-19,新文化,sz300336,23.06,22.30998,23.01002,22.68002,23.02001,4.62438,3681700,0.0,0.0,0.0,0.0325,-0.0143
2012-11-20,新文化,sz300336,22.80001,22.26,22.80001,22.26,22.68002,4.53874,2500600,0.0,0.0,0.0,0.0238,-0.0236
2012-11-21,新文化,sz300336,22.79002,22.10001,22.35002,22.66,22.26,4.6203,4847800,0.0,0.0,0.0,0.0309,0.0138
2012-11-22,新文化,sz300336,22.54001,22.14001,22.44999,22.17002,22.66,4.52039,3014300,0.0,0.0,0.0,0.0176,-0.0124
2012-11-23,新文化,sz300336,22.37998,22.11,22.25001,22.25001,22.17002,4.5367,3197200,0.0,0.0,0.0,0.0121,0.0
2012-11-26,新文化,sz300336,22.44999,21.70001,22.29999,21.74,22.25001,4.43272,3414000,0.0,0.0,0.0,0.0337,-0.0251
2012-11-27,新文化,sz300336,21.67999,19.71002,21.6,19.8,21.74,4.03716,8291400,0.0,0.0,0.0,0.0906,-0.0833
2012-11-28,新文化,sz300336,19.8,19.21999,19.8,19.33998,19.8,3.94336,3470500,0.0,0.0,0.0,0.0292,-0.0232
2012-11-29,新文化,sz300336,19.58,18.89998,19.4,18.98002,19.33998,3.86996,2711700,0.0,0.0,0.0,0.0351,-0.0216
2012-11-30,新文化,sz300336,19.32001,18.95001,18.98002,19.17001,18.98002,3.9087,2737400,0.0,0.0,0.0,0.0194,0.01
2012-12-03,新文化,sz300336,19.17001,18.01998,19.16002,18.04999,19.17001,3.68033,3692400,0.0,0.0,0.0,0.0599,-0.0579
2012-12-04,新文化,sz300336,19.54999,18.08998,18.08998,18.50002,18.04999,3.77209,4614800,0.0,0.0,0.0,0.0808,0.0226
2012-12-05,新文化,sz300336,19.54999,18.48,18.50002,19.35001,18.50002,3.9454,6777700,0.0,0.0,0.0,0.0578,0.0459
2012-12-06,新文化,sz300336,19.36,18.98002,19.25999,19.07,19.35001,3.88831,3716000,0.0,0.0,0.0,0.0196,-0.0098
2012-12-07,新文化,sz300336,19.72001,18.92,19.09002,19.69999,19.07,4.01676,5192600,0.0,0.0,0.0,0.0419,0.0319
2012-12-10,新文化,sz300336,20.38001,19.60002,19.87001,20.16001,19.69999,4.11056,6432900,0.0,0.0,0.0,0.0395,0.0145
2012-12-11,新文化,sz300336,20.06998,19.69999,19.95,19.75002,20.16001,4.02696,5041800,0.0,0.0,0.0,0.0183,-0.01
2012-12-12,新文化,sz300336,20.26002,19.50001,19.69999,20.17,19.75002,4.1126,5826100,0.0,0.0,0.0,0.0384,0.0238
2012-12-13,新文化,sz300336,20.09999,19.51,20.04002,19.51998,20.17,3.98006,4233600,0.0,0.0,0.0,0.0292,-0.0259
2012-12-14,新文化,sz300336,20.67001,19.43,19.54999,20.60001,19.51998,4.20027,8294500,0.0,0.0,0.0,0.0635,0.0537
2012-12-17,新文化,sz300336,20.78001,20.30002,20.70002,20.60001,20.60001,4.20027,5391800,0.0,0.0,0.0,0.0233,-0.0048
2012-12-18,新文化,sz300336,20.75,20.20999,20.56001,20.42001,20.60001,4.16357,4913500,0.0,0.0,0.0,0.0262,-0.0068
2012-12-19,新文化,sz300336,20.97999,20.35,20.35,20.63002,20.42001,4.20639,4644000,0.0,0.0,0.0,0.0308,0.0137
2012-12-20,新文化,sz300336,21.92001,20.45001,20.65998,21.38,20.63002,4.35931,10344400,0.0,0.0,0.0,0.0712,0.0348
2012-12-21,新文化,sz300336,23.51998,21.45,21.49999,23.07998,21.38,4.70593,20638300,0.0,0.0,0.0,0.0968,0.0734
2012-12-24,新文化,sz300336,23.83,22.66,22.66,23.61999,23.07998,4.81604,15005000,0.0,0.0,0.0,0.0506,0.0423
2012-12-25,新文化,sz300336,24.39998,23.27002,23.47,24.08001,23.61999,4.90984,16233000,0.0,0.0,0.0,0.0478,0.0259
2012-12-26,新文化,sz300336,25.44001,23.87999,23.90001,25.14002,24.08001,5.12597,20410700,0.0,0.0,0.0,0.0647,0.0518
2012-12-27,新文化,sz300336,25.82998,23.8,25.19999,23.87,25.14002,4.86702,17216500,0.0,0.0,0.0,0.0807,-0.0527
2012-12-28,新文化,sz300336,26.25999,23.78002,23.78002,26.25,23.87,5.35229,29902500,0.0,0.0,0.0,0.1038,0.1038
2012-12-31,新文化,sz300336,27.20001,25.60998,26.4,26.32001,26.25,5.36656,26612900,0.0,0.0,0.0,0.0605,-0.003
2013-01-04,新文化,sz300336,27.0,25.51,26.56,26.4,26.32001,26.400085,4471263,0.0,0.0,0.0,0.0566,-0.006
2013-01-07,新文化,sz300336,26.56,25.7,26.11,26.5,26.4,26.50009,2966180,0.0,0.0,0.0,0.0325,0.0149
2013-01-08,新文化,sz300336,27.14,25.9,26.28,26.21,26.5,26.210098,3754079,0.0,0.0,0.0,0.0467,-0.0026
2013-01-09,新文化,sz300336,25.96,24.93,25.7,25.12,26.21,25.120098,3115450,0.0,0.0,0.0,0.0392,-0.0225
2013-01-10,新文化,sz300336,25.58,24.95,25.12,25.24,25.12,25.240097,1880538,0.0,0.0,0.0,0.025,0.0047
2013-01-11,新文化,sz300336,27.0,25.67,25.7,25.98,25.24,25.980112,4509391,0.0,0.0,0.0,0.0526,0.0108
2013-01-14,新文化,sz300336,27.21,25.9,25.98,27.03,25.98,27.030125,3432707,0.0,0.0,0.0,0.0504,0.0404
2013-01-15,新文化,sz300336,27.34,26.44,27.16,27.04,27.03,27.040125,3711876,0.0,0.0,0.0,0.0332,-0.0044
2013-01-16,新文化,sz300336,27.48,26.2,26.7,26.66,27.04,26.660131,2941443,0.0,0.0,0.0,0.0473,-0.0014
2013-01-17,新文化,sz300336,27.28,26.38,27.0,26.41,26.66,26.41014,2707071,0.0,0.0,0.0,0.0337,-0.0218
2013-01-18,新文化,sz300336,26.71,25.98,26.45,26.45,26.41,26.45015,2092896,0.0,0.0,0.0,0.0276,0.0
2013-01-21,新文化,sz300336,28.1,26.27,26.4,28.01,26.45,28.010153,4037300,0.0,0.0,0.0,0.0691,0.0609
2013-01-22,新文化,sz300336,27.8,25.49,27.75,26.03,28.01,26.030144,3610651,0.0,0.0,0.0,0.0824,-0.0619
2013-01-23,新文化,sz300336,26.19,25.0,25.75,25.81,26.03,25.810137,2129762,0.0,0.0,0.0,0.0457,0.0023
2013-01-24,新文化,sz300336,25.95,24.6,25.95,24.75,25.81,24.750141,1978910,0.0,0.0,0.0,0.0523,-0.0462
2013-01-25,新文化,sz300336,25.3,24.63,24.75,24.92,24.75,24.920149,923813,0.0,0.0,0.0,0.027,0.0068
2013-01-28,新文化,sz300336,25.78,25.0,25.17,25.72,24.92,25.720161,1209660,0.0,0.0,0.0,0.0313,0.0218
2013-01-29,新文化,sz300336,26.46,25.68,25.68,26.21,25.72,26.210155,1352197,0.0,0.0,0.0,0.0303,0.0206
2013-01-30,新文化,sz300336,26.21,25.46,26.05,25.79,26.21,25.790163,1247988,0.0,0.0,0.0,0.0286,-0.0099
2013-01-31,新文化,sz300336,26.26,25.52,25.55,26.26,25.79,26.260164,1200452,0.0,0.0,0.0,0.0286,0.0277
2013-02-01,新文化,sz300336,26.69,26.06,26.16,26.44,26.26,26.440178,1364484,0.0,0.0,0.0,0.0239,0.0107
2013-02-04,新文化,sz300336,27.07,26.09,26.69,26.95,26.44,26.950182,3030951,0.0,0.0,0.0,0.037,0.0097
2013-02-05,新文化,sz300336,28.97,27.08,27.38,28.26,26.95,28.260202,5669157,0.0,0.0,0.0,0.0701,0.0321
2013-02-06,新文化,sz300336,27.96,27.41,27.8,27.7,28.26,27.7002,2472440,0.0,0.0,0.0,0.0194,-0.0035
2013-02-07,新文化,sz300336,28.35,27.45,27.6,28.1,27.7,28.10019,1833922,0.0,0.0,0.0,0.0324,0.0181
2013-02-08,新文化,sz300336,28.35,27.65,28.35,28.04,28.1,28.040195,1877150,0.0,0.0,0.0,0.0249,-0.0109
2013-02-18,新文化,sz300336,28.35,27.75,28.11,28.19,28.04,28.19021,1827294,0.0,0.0,0.0,0.0213,0.0028
2013-02-19,新文化,sz300336,28.35,26.7,28.26,26.8,28.19,26.800209,2190617,0.0,0.0,0.0,0.0585,-0.0516
2013-02-20,新文化,sz300336,27.4,26.7,26.76,27.32,26.8,27.320213,1490133,0.0,0.0,0.0,0.0261,0.0209
2013-02-21,新文化,sz300336,27.32,26.5,27.0,26.8,27.32,26.8002,1573573,0.0,0.0,0.0,0.03,-0.0074
2013-02-22,新文化,sz300336,27.87,26.58,26.62,27.19,26.8,27.190197,2625465,0.0,0.0,0.0,0.0481,0.0214
2013-02-25,新文化,sz300336,27.78,27.11,27.25,27.36,27.19,27.36019,1666102,0.0,0.0,0.0,0.0246,0.004
2013-02-26,新文化,sz300336,29.87,27.08,27.29,28.6,27.36,28.600208,5555412,0.0,0.0,0.0,0.1019,0.048
2013-02-27,新文化,sz300336,29.44,28.21,28.93,29.37,28.6,29.37021,4154725,0.0,0.0,0.0,0.043,0.0152
2013-02-28,新文化,sz300336,30.45,29.06,29.25,29.95,29.37,29.950214,4255324,0.0,0.0,0.0,0.0473,0.0239
2013-03-01,新文化,sz300336,30.56,29.7,30.1,30.26,29.95,30.26023,3268700,0.0,0.0,0.0,0.0287,0.0053
2013-03-04,新文化,sz300336,30.15,28.82,30.0,28.94,30.26,28.940218,2884491,0.0,0.0,0.0,0.0439,-0.0353
2013-03-05,新文化,sz300336,29.63,28.88,28.88,29.33,28.94,29.330215,2006370,0.0,0.0,0.0,0.0259,0.0155
2013-03-06,新文化,sz300336,30.98,29.35,29.4,30.96,29.33,30.960213,2866163,0.0,0.0,0.0,0.0555,0.053
2013-03-07,新文化,sz300336,31.03,29.11,31.03,29.9,30.96,29.900196,2300785,0.0,0.0,0.0,0.062,-0.0364
2013-03-08,新文化,sz300336,31.33,29.33,30.02,29.44,29.9,29.440182,2984161,0.0,0.0,0.0,0.0668,-0.0193
2013-03-11,新文化,sz300336,29.65,28.66,29.4,29.08,29.44,29.080189,1906825,0.0,0.0,0.0,0.0336,-0.0108
2013-03-12,新文化,sz300336,29.3,27.18,29.27,27.6,29.08,27.600182,2565550,0.0,0.0,0.0,0.0729,-0.057
2013-03-13,新文化,sz300336,28.14,27.0,27.6,27.88,27.6,27.880184,1448649,0.0,0.0,0.0,0.0413,0.0101
2013-03-14,新文化,sz300336,28.99,27.82,27.95,28.98,27.88,28.980198,2267737,0.0,0.0,0.0,0.0419,0.0368
2013-03-15,新文化,sz300336,30.77,28.71,28.98,30.05,28.98,30.050203,3336818,0.0,0.0,0.0,0.071,0.0369
2013-03-18,新文化,sz300336,29.66,27.3,27.8,28.85,30.05,28.85021,4803690,0.0,0.0,0.0,0.0785,0.0377
2013-03-19,新文化,sz300336,30.78,29.6,29.6,30.67,28.85,30.670225,5098046,0.0,0.0,0.0,0.0409,0.0361
2013-03-20,新文化,sz300336,31.8,30.68,31.1,31.55,30.67,31.550245,4763668,0.0,0.0,0.0,0.0365,0.0144
2013-03-21,新文化,sz300336,32.88,31.1,31.21,32.65,31.55,32.650246,3317240,0.0,0.0,0.0,0.0564,0.0461
2013-03-22,新文化,sz300336,32.5,31.87,32.26,32.4,32.65,32.40024,1615288,0.0,0.0,0.0,0.0192,0.0043
2013-03-25,新文化,sz300336,32.9,31.71,32.38,32.08,32.4,32.080223,1456047,0.0,0.0,0.0,0.0367,-0.0092
2013-03-26,新文化,sz300336,32.98,30.95,32.0,32.8,32.08,32.800232,2148543,0.0,0.0,0.0,0.0632,0.0249
2013-03-27,新文化,sz300336,32.88,31.89,32.75,32.1,32.8,32.100243,1695968,0.0,0.0,0.0,0.0301,-0.0198
2013-03-28,新文化,sz300336,32.1,31.11,31.61,31.5,32.1,31.500225,1559629,0.0,0.0,0.0,0.0308,-0.0034
2013-03-29,新文化,sz300336,32.0,31.12,31.63,31.67,31.5,31.670233,1187791,0.0,0.0,0.0,0.0279,0.0012
2013-04-01,新文化,sz300336,33.06,30.8,31.62,32.99,31.67,32.99025,2542450,0.0,0.0,0.0,0.0713,0.0433
2013-04-02,新文化,sz300336,33.18,31.05,32.71,31.2,32.99,31.20023,2307319,0.0,0.0,0.0,0.0645,-0.0461
2013-04-03,新文化,sz300336,31.33,29.78,31.17,30.06,31.2,30.060236,1685006,0.0,0.0,0.0,0.0496,-0.0356
2013-04-08,新文化,sz300336,32.06,29.0,29.58,31.87,30.06,31.870253,1896404,0.0,0.0,0.0,0.1017,0.0774
2013-04-09,新文化,sz300336,32.99,31.6,31.6,32.51,31.87,32.510273,1852525,0.0,0.0,0.0,0.0436,0.0287
2013-04-10,新文化,sz300336,33.48,31.7,32.45,33.4,32.51,33.400272,1746520,0.0,0.0,0.0,0.0547,0.0292
2013-04-11,新文化,sz300336,33.5,32.59,33.5,32.69,33.4,32.690285,1011393,0.0,0.0,0.0,0.0272,-0.0241
2013-04-12,新文化,sz300336,33.68,32.3,32.6,32.84,32.69,32.840298,1307286,0.0,0.0,0.0,0.0422,0.0073
2013-04-15,新文化,sz300336,33.2,31.91,32.74,31.91,32.84,31.910294,1013220,0.0,0.0,0.0,0.0392,-0.0253
2013-04-16,新文化,sz300336,33.71,31.3,31.48,33.65,31.91,33.6503,1688321,0.0,0.0,0.0,0.0755,0.0689
2013-04-17,新文化,sz300336,34.9,33.36,33.62,34.7,33.65,34.70032,1794230,0.0,0.0,0.0,0.0457,0.0321
2013-04-18,新文化,sz300336,35.97,34.5,34.68,34.96,34.7,34.96033,2397222,0.0,0.0,0.0,0.0423,0.008
2013-04-19,新文化,sz300336,35.5,34.45,34.63,35.5,34.96,35.500328,1663498,0.0,0.0,0.0,0.03,0.0251
2013-04-22,新文化,sz300336,38.5,35.2,35.45,38.4,35.5,38.400352,2504466,0.0,0.0,0.0,0.0929,0.0832
2013-04-23,新文化,sz300336,38.63,36.5,37.89,36.88,38.4,37.38032,2280262,0.0,0.0,0.0,0.0554,-0.0266
2013-04-24,新文化,sz300336,39.51,36.88,36.88,39.0,36.88,39.529095,2487324,0.0,0.0,0.0,0.0713,0.0574
2013-04-25,新文化,sz300336,39.98,35.55,38.87,35.85,39.0,36.33637,2795067,0.0,0.0,0.0,0.1135,-0.0776
2013-04-26,新文化,sz300336,37.15,34.5,35.99,35.8,35.85,36.28568,1809611,0.0,0.0,0.0,0.0739,-0.0052
2013-05-02,新文化,sz300336,39.38,35.5,35.61,39.38,35.8,39.914246,2335662,0.0,0.0,0.0,0.1083,0.1058
2013-05-03,新文化,sz300336,41.6,38.8,39.43,41.0,39.38,41.55624,2472774,0.0,0.0,0.0,0.0711,0.0398
2013-05-06,新文化,sz300336,42.58,40.12,40.9,40.28,41.0,40.82647,2396049,0.0,0.0,0.0,0.06,-0.0151
2013-05-07,新文化,sz300336,39.95,38.6,39.79,39.4,40.28,39.934532,2648634,0.0,0.0,0.0,0.0335,-0.0098
2013-05-08,新文化,sz300336,41.43,39.31,39.31,41.16,39.4,41.71841,3057882,0.0,0.0,0.0,0.0538,0.047
2013-05-09,新文化,sz300336,41.48,39.01,40.8,40.01,41.16,40.552795,2682735,0.0,0.0,0.0,0.06,-0.0193
2013-05-10,新文化,sz300336,39.58,38.0,39.5,38.48,40.01,39.00206,2591580,0.0,0.0,0.0,0.0394,-0.0258
2013-05-13,新文化,sz300336,39.09,37.82,38.48,39.03,38.48,39.559513,1050139,0.0,0.0,0.0,0.033,0.0142
2013-05-14,新文化,sz300336,39.17,38.1,38.8,38.56,39.03,39.083138,1312887,0.0,0.0,0.0,0.0274,-0.0061
2013-05-15,新文化,sz300336,40.88,38.35,38.35,40.6,38.56,41.150833,1565826,0.0,0.0,0.0,0.0656,0.0586
2013-05-16,新文化,sz300336,40.8,38.66,40.18,39.21,40.6,39.741993,2319475,0.0,0.0,0.0,0.0527,-0.0241
2013-05-17,新文化,sz300336,40.76,38.5,38.99,39.35,39.21,39.88391,1886841,0.0,0.0,0.0,0.0576,0.0092
2013-05-20,新文化,sz300336,41.35,38.54,39.85,41.1,39.35,41.65767,2869923,0.0,0.0,0.0,0.0714,0.0313
2013-05-21,新文化,sz300336,43.88,40.3,40.6,43.88,41.1,44.47539,3226805,0.0,0.0,0.0,0.0871,0.0807
2013-05-22,新文化,sz300336,42.98,41.11,42.68,41.44,43.88,42.002293,1906991,0.0,0.0,0.0,0.0426,-0.029
2013-05-23,新文化,sz300336,42.23,39.88,41.38,39.95,41.44,40.49206,1747021,0.0,0.0,0.0,0.0567,-0.0345
2013-05-24,新文化,sz300336,41.58,39.99,39.99,41.23,39.95,41.789425,1230858,0.0,0.0,0.0,0.0397,0.031
2013-05-27,新文化,sz300336,41.58,40.3,41.2,41.18,41.23,41.738735,1238060,0.0,0.0,0.0,0.031,-4.0E-4
2013-05-28,新文化,sz300336,41.02,38.58,41.0,38.76,41.18,39.285915,1642563,0.0,0.0,0.0,0.0592,-0.0546
2013-05-29,新文化,sz300336,39.45,38.7,39.0,38.86,38.76,39.387276,836645,0.0,0.0,0.0,0.0193,-0.0035
2013-05-30,新文化,sz300336,40.09,38.95,39.0,40.0,38.86,40.54274,1013239,0.0,0.0,0.0,0.0293,0.0256
2013-05-31,新文化,sz300336,40.28,39.7,39.7,40.0,40.0,40.54274,824514,0.0,0.0,0.0,0.0144,0.0075
2013-06-03,新文化,sz300336,39.95,38.67,39.8,38.89,40.0,39.41768,885270,0.0,0.0,0.0,0.032,-0.0228
2013-06-04,新文化,sz300336,38.79,35.52,38.65,36.16,38.89,36.650635,1894668,0.0,0.0,0.0,0.084,-0.0644
2013-06-05,新文化,sz300336,36.69,35.92,36.05,36.2,36.16,36.691174,756562,0.0,0.0,0.0,0.0212,0.0041
2013-06-06,新文化,sz300336,36.85,35.64,36.0,35.95,36.2,36.437782,1216692,0.0,0.0,0.0,0.0334,-0.0013
2013-06-07,新文化,sz300336,37.36,35.5,35.62,37.07,35.95,37.572964,2078750,0.0,0.0,0.0,0.0517,0.0407
2013-06-13,新文化,sz300336,37.44,34.66,36.45,37.14,37.07,37.6439,1636971,0.0,0.0,0.0,0.0749,0.0189
2013-06-14,新文化,sz300336,39.95,36.91,37.36,39.41,37.14,39.9447,2243309,0.0,0.0,0.0,0.0818,0.0548
2013-06-17,新文化,sz300336,41.8,39.28,39.58,40.08,39.41,40.6238,2654552,0.0,0.0,0.0,0.0639,0.0126
2013-06-18,新文化,sz300336,40.8,38.7,39.34,39.95,40.08,40.492016,1412352,0.0,0.0,0.0,0.0523,0.0155
2013-06-19,新文化,sz300336,40.18,38.8,39.5,39.34,39.95,39.87374,1080866,0.0,0.0,0.0,0.0345,-0.004
2013-06-20,新文化,sz300336,40.46,37.08,38.85,37.74,39.34,38.252037,1584606,0.0,0.0,0.0,0.0859,-0.0285
2013-06-21,新文化,sz300336,37.74,35.53,36.7,37.3,37.74,37.806057,1131470,0.0,0.0,0.0,0.0585,0.0163
2013-06-24,新文化,sz300336,36.98,33.6,36.98,33.88,37.3,34.339657,1477561,0.0,0.0,0.0,0.0906,-0.0838
2013-06-25,新文化,sz300336,35.53,31.4,33.59,35.35,33.88,35.829586,1409788,0.0,0.0,0.0,0.1219,0.0523
2013-06-26,新文化,sz300336,38.8,34.7,35.25,38.61,35.35,39.133827,1603693,0.0,0.0,0.0,0.1159,0.0953
2013-06-27,新文化,sz300336,40.15,37.76,38.48,37.99,38.61,38.505417,2238093,0.0,0.0,0.0,0.0619,-0.0127
2013-06-28,新文化,sz300336,39.9,36.51,37.49,38.77,37.99,39.29601,1286837,0.0,0.0,0.0,0.0892,0.0341
2013-07-01,新文化,sz300336,40.8,38.0,38.23,40.43,38.77,40.978546,1688393,0.0,0.0,0.0,0.0722,0.0575
2013-07-02,新文化,sz300336,41.27,39.4,40.2,40.4,40.43,40.94814,1995905,0.0,0.0,0.0,0.0462,0.0049
2013-07-03,新文化,sz300336,41.7,38.92,39.61,41.65,40.4,42.215115,2736531,0.0,0.0,0.0,0.0688,0.0515
2013-07-04,新文化,sz300336,41.79,40.36,41.06,40.36,41.65,40.90763,1920492,0.0,0.0,0.0,0.0343,-0.017
2013-07-05,新文化,sz300336,40.87,38.66,40.5,38.7,40.36,39.225098,1651266,0.0,0.0,0.0,0.0547,-0.0444
2013-07-08,新文化,sz300336,38.99,36.5,37.05,37.01,38.7,37.512177,1055908,0.0,0.0,0.0,0.0643,-0.001
2013-07-09,新文化,sz300336,37.88,35.8,36.72,37.7,37.01,38.211555,1677958,0.0,0.0,0.0,0.0562,0.0266
2013-07-10,新文化,sz300336,39.5,37.2,37.45,38.91,37.7,39.437954,2274759,0.0,0.0,0.0,0.061,0.0389
2013-07-11,新文化,sz300336,39.0,37.6,38.67,38.38,38.91,38.90077,3234080,0.0,0.0,0.0,0.0359,-0.0074
2013-07-12,新文化,sz300336,41.28,38.05,38.38,40.28,38.38,40.826553,3828351,0.0,0.0,0.0,0.0841,0.0495
2013-07-15,新文化,sz300336,41.79,39.8,40.0,41.76,40.28,42.32664,5698900,0.0,0.0,0.0,0.0494,0.0439
2013-07-16,新文化,sz300336,42.13,40.37,41.49,41.0,41.76,41.55634,4494955,0.0,0.0,0.0,0.0421,-0.0118
2013-07-17,新文化,sz300336,42.29,40.68,41.0,42.12,41.0,42.691536,5281891,0.0,0.0,0.0,0.0392,0.0273
2013-07-18,新文化,sz300336,43.25,41.14,41.76,41.88,42.12,42.44828,5439694,0.0,0.0,0.0,0.05,0.0028
2013-07-19,新文化,sz300336,43.08,39.92,41.8,39.93,41.88,40.4718,5279771,0.0,0.0,0.0,0.0754,-0.0447
2013-07-22,新文化,sz300336,42.26,39.8,39.8,42.16,39.93,42.73207,4281420,0.0,0.0,0.0,0.0616,0.0592
2013-07-23,新文化,sz300336,44.28,41.36,42.16,43.45,42.16,44.039585,6718746,0.0,0.0,0.0,0.0692,0.0305
2013-07-24,新文化,sz300336,47.8,42.98,43.56,47.8,43.45,48.44861,8983031,0.0,0.0,0.0,0.1109,0.0973
2013-07-25,新文化,sz300336,49.05,44.72,48.1,46.0,47.8,46.62418,9827609,0.0,0.0,0.0,0.0905,-0.0436
2013-07-26,新文化,sz300336,48.65,44.1,47.2,46.19,46.0,46.81674,6655296,0.0,0.0,0.0,0.0989,-0.0213
2013-07-29,新文化,sz300336,45.27,42.0,45.0,42.85,46.19,43.43142,5777530,0.0,0.0,0.0,0.0707,-0.0477
2013-07-30,新文化,sz300336,43.33,39.88,42.5,41.0,42.85,41.556313,5092062,0.0,0.0,0.0,0.0805,-0.0352
2013-07-31,新文化,sz300336,41.77,40.45,41.17,40.71,41.0,41.262383,3007565,0.0,0.0,0.0,0.0321,-0.0111
2013-08-01,新文化,sz300336,42.89,40.54,40.7,42.6,40.71,43.178032,4162118,0.0,0.0,0.0,0.0577,0.0466
2013-08-02,新文化,sz300336,43.29,41.1,42.69,41.24,42.6,41.799572,4404194,0.0,0.0,0.0,0.0514,-0.0339
2013-08-05,新文化,sz300336,43.19,41.68,41.96,41.84,41.24,42.407715,3977071,0.0,0.0,0.0,0.0366,-0.0028
2013-08-06,新文化,sz300336,43.3,41.78,42.0,42.6,41.84,43.17801,3391615,0.0,0.0,0.0,0.0363,0.0142
2013-08-07,新文化,sz300336,42.25,39.38,42.25,39.48,42.6,40.015694,5810177,0.0,0.0,0.0,0.0673,-0.0655
2013-08-08,新文化,sz300336,40.13,38.72,39.15,39.48,39.48,40.015694,2847815,0.0,0.0,0.0,0.0357,0.0084
2013-08-09,新文化,sz300336,39.98,37.96,39.6,38.69,39.48,39.21498,3105111,0.0,0.0,0.0,0.0511,-0.0229
2013-08-12,新文化,sz300336,39.28,37.97,38.55,39.18,38.69,39.71164,2638086,0.0,0.0,0.0,0.0338,0.0163
2013-08-13,新文化,sz300336,40.28,38.66,39.18,39.7,39.18,40.23869,2961171,0.0,0.0,0.0,0.0413,0.0132
2013-08-14,新文化,sz300336,39.89,38.73,39.6,39.45,39.7,39.98531,2073029,0.0,0.0,0.0,0.0292,-0.0037
2013-08-15,新文化,sz300336,39.66,38.78,39.45,38.78,39.45,39.3062,1742545,0.0,0.0,0.0,0.0223,-0.0169
2013-08-16,新文化,sz300336,39.2,37.31,38.5,37.43,38.78,37.93787,2382245,0.0,0.0,0.0,0.0487,-0.0277
2013-08-19,新文化,sz300336,38.96,37.1,37.41,38.96,37.43,39.488617,2063258,0.0,0.0,0.0,0.0496,0.0414
2013-08-20,新文化,sz300336,39.73,38.3,38.75,38.95,38.96,39.47847,2802346,0.0,0.0,0.0,0.0367,0.0051
2013-08-21,新文化,sz300336,39.67,38.71,38.95,39.18,38.95,39.71159,2085442,0.0,0.0,0.0,0.0246,0.0059
2013-08-22,新文化,sz300336,40.35,39.15,39.15,39.94,39.18,40.481915,3073861,0.0,0.0,0.0,0.0306,0.0201
2013-08-23,新文化,sz300336,42.13,40.15,40.15,41.55,39.94,42.113743,6227536,0.0,0.0,0.0,0.0495,0.0348
2013-08-26,新文化,sz300336,41.98,40.59,41.43,41.63,41.55,42.194813,3977165,0.0,0.0,0.0,0.0334,0.0048
2013-08-27,新文化,sz300336,43.1,40.72,41.6,42.8,41.63,43.380695,5028160,0.0,0.0,0.0,0.0571,0.0288
2013-08-28,新文化,sz300336,44.49,41.81,41.98,42.15,42.8,42.721874,6456179,0.0,0.0,0.0,0.0626,0.004
2013-08-29,新文化,sz300336,42.7,41.48,41.8,41.6,42.15,42.164394,2992240,0.0,0.0,0.0,0.0289,-0.0047
2013-08-30,新文化,sz300336,41.5,37.9,41.5,38.35,41.6,38.870304,4442660,0.0,0.0,0.0,0.0865,-0.0759
2013-09-02,新文化,sz300336,39.88,37.8,38.0,39.73,38.35,40.269012,2421398,0.0,0.0,0.0,0.0542,0.0455
2013-09-03,新文化,sz300336,41.88,39.72,40.0,41.39,39.73,41.95153,2955554,0.0,0.0,0.0,0.0543,0.0347
2013-09-04,新文化,sz300336,41.77,40.72,41.2,40.91,41.39,41.46502,2535464,0.0,0.0,0.0,0.0253,-0.007
2013-09-05,新文化,sz300336,43.3,40.71,40.71,42.65,40.91,43.22861,4549430,0.0,0.0,0.0,0.0633,0.0476
2013-09-06,新文化,sz300336,43.5,42.28,42.51,42.94,42.65,43.522564,4010139,0.0,0.0,0.0,0.0286,0.0101
2013-09-09,新文化,sz300336,47.0,43.15,43.5,44.02,42.94,44.6172,5542221,0.0,0.0,0.0,0.0896,0.0119
2013-09-10,新文化,sz300336,48.42,44.2,44.2,48.42,44.02,49.076912,9305330,0.0,0.0,0.0,0.0958,0.0954
2013-09-11,新文化,sz300336,48.42,44.89,48.42,46.44,48.42,47.07006,6322386,0.0,0.0,0.0,0.0729,-0.0408
2013-09-12,新文化,sz300336,50.68,46.4,46.8,48.3,46.44,48.95531,6904166,0.0,0.0,0.0,0.0921,0.032
2013-09-13,新文化,sz300336,50.28,45.0,47.59,49.69,48.3,50.364143,5356568,0.0,0.0,0.0,0.1093,0.0441
2013-09-16,新文化,sz300336,54.66,48.85,48.85,52.3,49.69,53.00957,6659429,0.0,0.0,0.0,0.1169,0.0706
2013-09-17,新文化,sz300336,53.75,50.9,52.3,51.22,52.3,51.914925,3673073,0.0,0.0,0.0,0.0544,-0.0206
2013-09-18,新文化,sz300336,55.66,51.11,51.83,54.77,51.22,55.513096,4430181,0.0,0.0,0.0,0.0888,0.0567
2013-09-23,新文化,sz300336,58.96,53.56,54.7,57.85,54.77,58.634876,3629556,0.0,0.0,0.0,0.0985,0.0575
2013-09-24,新文化,sz300336,63.49,56.98,57.5,60.0,57.85,60.81404,4964015,0.0,0.0,0.0,0.1125,0.0434
2013-09-25,新文化,sz300336,64.5,59.29,59.5,62.61,60.0,63.45945,3928519,0.0,0.0,0.0,0.0868,0.0522
2013-09-26,新文化,sz300336,62.99,56.5,62.0,57.49,62.61,58.26999,4855451,0.0,0.0,0.0,0.1036,-0.0727
2013-09-27,新文化,sz300336,60.79,55.66,56.99,59.56,57.49,60.36806,4004834,0.0,0.0,0.0,0.0892,0.045
2013-09-30,新文化,sz300336,63.5,58.21,59.93,62.3,59.56,63.145233,3455357,0.0,0.0,0.0,0.0888,0.0395
2013-10-08,新文化,sz300336,63.0,57.0,61.6,58.88,62.3,59.67881,4873292,0.0,0.0,0.0,0.0963,-0.0441
2013-10-09,新文化,sz300336,58.5,57.0,58.23,57.95,58.88,58.736183,3462425,0.0,0.0,0.0,0.0254,-0.0048
2013-10-10,新文化,sz300336,58.5,52.2,58.18,52.8,57.95,53.5163,6333676,0.0,0.0,0.0,0.1087,-0.0924
2013-10-11,新文化,sz300336,53.8,50.02,53.2,51.66,52.8,52.36083,4943825,0.0,0.0,0.0,0.0715,-0.0289
2013-10-14,新文化,sz300336,54.36,51.36,51.66,54.01,51.66,54.742725,4042868,0.0,0.0,0.0,0.058,0.0454
2013-10-15,新文化,sz300336,54.3,51.58,53.4,52.5,54.01,53.212227,3539483,0.0,0.0,0.0,0.0503,-0.0168
2013-10-16,新文化,sz300336,52.47,47.25,52.0,47.46,52.5,48.10385,4887306,0.0,0.0,0.0,0.0994,-0.0873
2013-10-17,新文化,sz300336,48.31,46.6,47.98,47.5,47.46,48.144405,2940809,0.0,0.0,0.0,0.036,-0.01
2013-10-18,新文化,sz300336,48.95,47.2,47.2,48.66,47.5,49.320137,2648265,0.0,0.0,0.0,0.0368,0.0309
2013-10-21,新文化,sz300336,50.45,48.34,48.34,49.38,48.66,50.04993,2768727,0.0,0.0,0.0,0.0433,0.0215
2013-10-22,新文化,sz300336,49.59,45.0,49.4,45.65,49.38,46.269306,3716480,0.0,0.0,0.0,0.0929,-0.0759
2013-10-23,新文化,sz300336,46.5,44.23,45.7,46.25,45.65,46.877426,2137054,0.0,0.0,0.0,0.0497,0.012
2013-10-24,新文化,sz300336,47.46,45.98,45.98,46.4,46.25,47.02945,1605702,0.0,0.0,0.0,0.032,0.0091
2013-10-25,新文化,sz300336,47.66,45.01,46.21,47.11,46.4,47.749092,2072656,0.0,0.0,0.0,0.0571,0.0194
2013-10-28,新文化,sz300336,47.8,46.08,46.78,47.1,47.11,47.73897,1871794,0.0,0.0,0.0,0.0365,0.0068
2013-10-29,新文化,sz300336,47.8,42.89,47.1,45.08,47.1,45.69159,2704439,0.0,0.0,0.0,0.1042,-0.0428
2013-10-30,新文化,sz300336,45.98,44.3,44.51,45.46,45.08,46.076725,1308186,0.0,0.0,0.0,0.0372,0.0213
2013-10-31,新文化,sz300336,45.56,42.03,45.34,42.06,45.46,42.6306,2441127,0.0,0.0,0.0,0.0776,-0.0723
2013-11-01,新文化,sz300336,41.73,39.33,41.7,40.85,42.06,41.4042,2359585,0.0,0.0,0.0,0.057,-0.0203
2013-11-04,新文化,sz300336,41.9,40.5,40.68,40.96,40.85,41.515705,1149940,0.0,0.0,0.0,0.0342,0.0068
2013-11-05,新文化,sz300336,42.33,40.88,40.95,42.19,40.96,42.76238,1643458,0.0,0.0,0.0,0.0354,0.0302
2013-11-06,新文化,sz300336,42.5,40.7,41.88,40.7,42.19,41.252182,1333708,0.0,0.0,0.0,0.0426,-0.0281
2013-11-07,新文化,sz300336,43.1,41.5,41.55,42.12,40.7,42.69143,3030543,0.0,0.0,0.0,0.0393,0.0137
2013-11-08,新文化,sz300336,44.23,41.1,41.87,43.15,42.12,43.735405,2533555,0.0,0.0,0.0,0.0743,0.0305
2013-11-11,新文化,sz300336,45.26,42.57,43.12,44.3,43.15,44.900997,2668098,0.0,0.0,0.0,0.0623,0.0273
2013-11-12,新文化,sz300336,45.9,43.62,44.34,45.58,44.3,46.198368,2366717,0.0,0.0,0.0,0.0514,0.0279
2013-11-13,新文化,sz300336,46.48,44.63,45.5,44.65,45.58,45.255737,2636916,0.0,0.0,0.0,0.0405,-0.0186
2013-11-14,新文化,sz300336,49.07,44.61,44.7,48.46,44.65,49.11741,4067072,0.0,0.0,0.0,0.0998,0.0841
2013-11-15,新文化,sz300336,50.47,47.91,48.2,49.8,48.46,50.4756,3816435,0.0,0.0,0.0,0.0528,0.0331
2013-11-18,新文化,sz300336,50.88,49.3,49.89,49.82,49.8,50.495895,2779017,0.0,0.0,0.0,0.0317,-0.0014
2013-11-19,新文化,sz300336,52.0,49.67,49.8,50.45,49.82,51.134464,2469189,0.0,0.0,0.0,0.0467,0.013
2013-11-20,新文化,sz300336,50.8,49.18,50.79,50.06,50.45,50.739197,1925721,0.0,0.0,0.0,0.0321,-0.0143
2013-11-21,新文化,sz300336,50.7,49.11,49.7,49.49,50.06,50.16148,1889851,0.0,0.0,0.0,0.0317,-0.0042
2013-11-22,新文化,sz300336,49.95,47.7,49.51,48.3,49.49,48.955345,2384868,0.0,0.0,0.0,0.0454,-0.0244
2013-11-25,新文化,sz300336,50.4,47.0,47.8,49.45,48.3,50.12097,2228916,0.0,0.0,0.0,0.0703,0.0345
2013-11-26,新文化,sz300336,52.3,48.73,49.65,50.87,49.45,51.560246,3200845,0.0,0.0,0.0,0.0721,0.0245
2013-11-27,新文化,sz300336,55.34,50.61,50.8,53.72,50.87,54.44891,4325200,0.0,0.0,0.0,0.0929,0.0574
2013-11-28,新文化,sz300336,54.48,52.66,53.25,53.61,53.72,54.3374,2948664,0.0,0.0,0.0,0.0338,0.0067
2013-11-29,新文化,sz300336,55.98,53.35,53.85,54.49,53.61,55.229347,3247376,0.0,0.0,0.0,0.049,0.0118
2013-12-02,新文化,sz300336,51.68,49.04,49.04,49.04,54.49,49.705418,4211638,0.0,0.0,0.0,0.0484,0.0
2013-12-03,新文化,sz300336,47.49,44.14,44.8,46.33,49.04,46.95865,4543165,0.0,0.0,0.0,0.0683,0.0341
2013-12-04,新文化,sz300336,47.2,44.0,45.9,44.0,46.33,44.59705,3487634,0.0,0.0,0.0,0.069,-0.0413
2013-12-05,新文化,sz300336,43.6,41.8,42.91,42.26,44.0,42.833458,3544095,0.0,0.0,0.0,0.0409,-0.0151
2013-12-06,新文化,sz300336,43.7,42.04,42.07,42.99,42.26,43.573364,2495706,0.0,0.0,0.0,0.0392,0.0218
2013-12-09,新文化,sz300336,44.75,42.99,43.2,44.7,42.99,45.306583,3065746,0.0,0.0,0.0,0.0409,0.0347
2013-12-10,新文化,sz300336,46.5,43.83,45.51,44.16,44.7,44.759235,2882782,0.0,0.0,0.0,0.0597,-0.0296
2013-12-11,新文化,sz300336,45.48,43.16,44.1,44.18,44.16,44.77951,2688652,0.0,0.0,0.0,0.0525,0.0018
2013-12-12,新文化,sz300336,47.48,43.73,43.91,46.71,44.18,47.343853,3883698,0.0,0.0,0.0,0.0848,0.0637
2013-12-13,新文化,sz300336,47.2,45.83,46.4,46.55,46.71,47.1817,2367620,0.0,0.0,0.0,0.0293,0.0032
2013-12-16,新文化,sz300336,48.76,46.55,47.51,47.76,46.55,48.408142,2831789,0.0,0.0,0.0,0.0474,0.0052
2013-12-17,新文化,sz300336,47.7,45.51,47.58,46.1,47.76,46.72562,2170594,0.0,0.0,0.0,0.0458,-0.0311
2013-12-18,新文化,sz300336,46.74,43.7,46.16,45.54,46.1,46.157997,2084397,0.0,0.0,0.0,0.0659,-0.0134
2013-12-19,新文化,sz300336,49.88,45.66,45.66,47.4,45.54,48.04323,4142959,0.0,0.0,0.0,0.0926,0.0381
2013-12-20,新文化,sz300336,52.0,47.0,47.97,51.25,47.4,51.94549,5679773,0.0,0.0,0.0,0.1054,0.0683
2013-12-23,新文化,sz300336,52.25,49.8,51.4,51.7,51.25,52.401573,4631048,0.0,0.0,0.0,0.0478,0.0058
2013-12-24,新文化,sz300336,53.76,50.6,51.67,52.1,51.7,52.807003,4297148,0.0,0.0,0.0,0.0611,0.0083
2013-12-25,新文化,sz300336,55.8,52.0,52.49,55.3,52.1,56.05041,5215084,0.0,0.0,0.0,0.0729,0.0535
2013-12-26,新文化,sz300336,56.15,52.6,54.97,52.6,55.3,53.313747,4229087,0.0,0.0,0.0,0.0641,-0.0431
2013-12-27,新文化,sz300336,54.48,52.28,52.78,53.06,52.6,53.779976,3079123,0.0,0.0,0.0,0.0418,0.0053
2013-12-30,新文化,sz300336,55.15,52.8,52.8,54.81,53.06,55.55375,3050040,0.0,0.0,0.0,0.0442,0.038
2013-12-31,新文化,sz300336,54.86,51.89,54.86,51.9,54.81,52.604233,3272243,0.0,0.0,0.0,0.0541,-0.0539
2014-01-02,新文化,sz300336,53.65,51.8,52.18,53.1,51.9,53.820496,2370560,0.0,0.0,0.0,0.0356,0.0176
2014-01-03,新文化,sz300336,53.29,51.83,52.96,52.52,53.1,53.232613,2724357,0.0,0.0,0.0,0.0274,-0.0083
2014-01-06,新文化,sz300336,52.38,48.0,52.02,48.19,52.52,48.843853,3551209,0.0,0.0,0.0,0.0833,-0.0736
2014-01-07,新文化,sz300336,50.29,47.11,47.5,50.23,48.19,50.91151,2824380,0.0,0.0,0.0,0.0659,0.0574
2014-01-08,新文化,sz300336,54.02,50.27,50.27,52.55,50.23,53.263012,4200980,0.0,0.0,0.0,0.0746,0.0453
2014-01-09,新文化,sz300336,53.59,50.5,52.2,50.55,52.55,51.235874,3013720,0.0,0.0,0.0,0.0588,-0.0316
2014-01-10,新文化,sz300336,51.47,48.3,50.09,49.37,50.55,50.039875,2184144,0.0,0.0,0.0,0.0627,-0.0143
2014-01-13,新文化,sz300336,54.31,49.5,49.7,54.31,49.37,55.046913,4995818,0.0,0.0,0.0,0.0974,0.0927
2014-01-14,新文化,sz300336,55.4,53.0,54.1,55.21,54.31,55.959152,3969206,0.0,0.0,0.0,0.0441,0.0205
2014-01-15,新文化,sz300336,55.69,54.0,54.75,55.34,55.21,56.090935,2960169,0.0,0.0,0.0,0.0306,0.0107
2014-01-16,新文化,sz300336,57.45,54.0,55.48,56.3,55.34,57.063946,4234896,0.0,0.0,0.0,0.0623,0.0147
2014-01-17,新文化,sz300336,59.28,55.85,58.42,55.97,56.3,56.729492,7641241,0.0,0.0,0.0,0.0609,-0.0419
2014-01-20,新文化,sz300336,57.26,54.3,55.55,54.56,55.97,55.300365,3257989,0.0,0.0,0.0,0.0528,-0.0178
2014-01-21,新文化,sz300336,58.0,54.52,54.52,57.3,54.56,58.07755,3792013,0.0,0.0,0.0,0.0637,0.0509
2014-01-22,新文化,sz300336,58.0,55.8,57.06,57.1,57.3,57.87486,3523296,0.0,0.0,0.0,0.0383,7.0E-4
2014-01-23,新文化,sz300336,60.5,57.12,57.12,59.33,57.1,60.1351,4567863,0.0,0.0,0.0,0.0591,0.0386
2014-01-24,新文化,sz300336,59.98,58.35,58.79,58.77,59.33,59.567486,3199415,0.0,0.0,0.0,0.0274,-3.0E-4
2014-01-27,新文化,sz300336,61.28,58.28,58.58,59.61,58.77,60.418884,3352831,0.0,0.0,0.0,0.051,0.0175
2014-01-28,新文化,sz300336,60.38,57.0,59.3,59.15,59.61,59.952633,2891162,0.0,0.0,0.0,0.0567,-0.0025
2014-01-29,新文化,sz300336,59.99,58.42,59.24,59.45,59.15,60.25671,2059686,0.0,0.0,0.0,0.0265,0.0035
2014-01-30,新文化,sz300336,60.98,59.1,59.45,59.4,59.45,60.206036,2045340,0.0,0.0,0.0,0.0316,-8.0E-4
2014-02-07,新文化,sz300336,59.94,57.68,58.6,59.41,59.4,60.216152,2482346,0.0,0.0,0.0,0.038,0.0138
2014-02-10,新文化,sz300336,59.8,57.85,59.41,59.06,59.41,59.861416,2910269,0.0,0.0,0.0,0.0328,-0.0058
2014-02-11,新文化,sz300336,61.33,57.4,59.33,58.2,59.06,58.989777,3202287,0.0,0.0,0.0,0.0665,-0.019
2014-02-12,新文化,sz300336,58.53,57.0,58.01,58.49,58.2,59.283722,2840601,0.0,0.0,0.0,0.0262,0.0082
2014-02-13,新文化,sz300336,58.4,54.85,58.4,54.99,58.49,55.736244,3034815,0.0,0.0,0.0,0.0606,-0.0583
2014-02-14,新文化,sz300336,57.18,54.99,54.99,57.02,54.99,57.7938,1996252,0.0,0.0,0.0,0.0398,0.0369
2014-02-17,新文化,sz300336,58.48,56.81,57.18,58.42,57.02,59.212814,1964904,0.0,0.0,0.0,0.0292,0.0216
2014-02-18,新文化,sz300336,58.41,56.52,58.41,57.43,58.42,58.209393,1739339,0.0,0.0,0.0,0.0323,-0.0167
2014-02-19,新文化,sz300336,57.69,56.1,57.6,56.84,57.43,57.61141,1766581,0.0,0.0,0.0,0.0276,-0.0131
2014-02-20,新文化,sz300336,56.85,54.88,56.52,55.51,56.84,56.26336,1704362,0.0,0.0,0.0,0.0346,-0.0178
2014-02-21,新文化,sz300336,58.29,55.76,55.8,57.94,55.51,58.72634,2318477,0.0,0.0,0.0,0.0455,0.0383
2014-02-24,新文化,sz300336,59.48,57.32,57.9,58.95,57.94,59.75006,2603943,0.0,0.0,0.0,0.0372,0.0181
2014-02-25,新文化,sz300336,59.94,53.86,59.0,53.9,58.95,54.63151,4311922,0.0,0.0,0.0,0.1031,-0.0864
2014-02-26,新文化,sz300336,53.59,49.53,53.44,51.94,53.9,52.64489,2636687,0.0,0.0,0.0,0.0753,-0.028
2014-02-27,新文化,sz300336,53.26,48.89,52.31,49.12,51.94,49.786644,2560113,0.0,0.0,0.0,0.0841,-0.0609
2014-02-28,新文化,sz300336,50.45,48.36,49.0,50.08,49.12,50.759674,1740029,0.0,0.0,0.0,0.0425,0.022
2014-03-03,新文化,sz300336,51.28,49.36,50.0,51.07,50.08,51.76309,1284441,0.0,0.0,0.0,0.0383,0.0214
2014-03-04,新文化,sz300336,51.74,49.96,50.78,50.3,51.07,50.98266,1207864,0.0,0.0,0.0,0.0348,-0.0094
2014-03-05,新文化,sz300336,51.19,50.32,50.5,50.71,50.3,51.398216,898285,0.0,0.0,0.0,0.0172,0.0041
2014-03-06,新文化,sz300336,52.49,49.61,50.76,52.09,50.71,52.79697,1942877,0.0,0.0,0.0,0.0567,0.0262
2014-03-07,新文化,sz300336,54.2,52.01,52.8,52.22,52.09,52.92875,2025122,0.0,0.0,0.0,0.042,-0.0109
2014-03-10,新文化,sz300336,51.5,49.61,51.4,50.09,52.22,50.76984,1268789,0.0,0.0,0.0,0.0361,-0.0254
2014-03-11,新文化,sz300336,51.0,49.8,49.9,50.3,50.09,50.982666,873859,0.0,0.0,0.0,0.0239,0.008
2014-03-12,新文化,sz300336,51.55,49.9,50.48,50.88,50.3,51.57055,1184684,0.0,0.0,0.0,0.0328,0.0079
2014-03-13,新文化,sz300336,51.5,50.18,50.99,51.5,50.88,52.198986,1025884,0.0,0.0,0.0,0.0259,0.01
2014-03-14,新文化,sz300336,52.69,50.83,51.0,52.1,51.5,52.807106,1320730,0.0,0.0,0.0,0.0361,0.0215
2014-03-17,新文化,sz300336,53.97,52.0,52.11,53.7,52.1,54.42881,1382889,0.0,0.0,0.0,0.0378,0.0305
2014-03-18,新文化,sz300336,54.98,53.5,54.01,53.92,53.7,54.651806,1920201,0.0,0.0,0.0,0.0275,-0.0016
2014-03-19,新文化,sz300336,54.36,52.65,53.91,53.76,53.92,54.489655,1147627,0.0,0.0,0.0,0.0317,-0.0027
2014-03-20,新文化,sz300336,53.59,48.38,53.59,48.38,53.76,49.036655,4912226,0.0,0.0,0.0,0.0969,-0.0972
2014-03-21,新文化,sz300336,48.48,46.5,47.0,47.95,48.38,48.60082,2044977,0.0,0.0,0.0,0.0409,0.0202
2014-06-04,新文化,sz300336,26.1,25.76,26.1,26.1,47.95,53.415264,5476397,0.0,0.0,0.0,0.007,0.0
2014-06-05,新文化,sz300336,28.57,26.0,26.1,27.95,26.1,57.20139,15880310,0.0,0.0,0.0,0.0984,0.0708
2014-06-06,新文化,sz300336,28.3,27.42,27.9,28.21,27.95,57.73348,8688240,0.0,0.0,0.0,0.0314,0.0111
2014-06-09,新文化,sz300336,28.78,27.3,28.27,27.56,28.21,56.40324,5443380,0.0,0.0,0.0,0.0524,-0.0251
2014-06-10,新文化,sz300336,28.07,26.45,27.52,27.7,27.56,56.68977,7091042,0.0,0.0,0.0,0.0587,0.0065
2014-06-11,新文化,sz300336,28.08,27.41,27.55,27.69,27.7,56.669304,4858776,0.0,0.0,0.0,0.0241,0.005
2014-06-12,新文化,sz300336,27.8,27.0,27.4,27.4,27.69,56.075806,4080108,0.0,0.0,0.0,0.0288,0.0
2014-06-13,新文化,sz300336,28.09,27.36,27.4,27.6,27.4,56.485104,4890636,0.0,0.0,0.0,0.0266,0.0072
2014-06-16,新文化,sz300336,28.6,27.37,27.5,28.45,27.6,58.224674,6147972,0.0,0.0,0.0,0.0445,0.0345
2014-06-17,新文化,sz300336,28.4,27.39,28.34,27.43,28.45,56.137203,4763587,0.0,0.0,0.0,0.0355,-0.0321
2014-06-18,新文化,sz300336,27.66,26.7,27.45,26.74,27.43,54.725075,3546594,0.0,0.0,0.0,0.0349,-0.0258
2014-06-19,新文化,sz300336,27.13,24.78,26.8,25.24,26.74,51.655216,3899378,0.0,0.0,0.0,0.0878,-0.0582
2014-06-20,新文化,sz300336,25.81,25.15,25.31,25.61,25.24,52.41243,2346131,0.0,0.0,0.0,0.0261,0.0118
2014-06-23,新文化,sz300336,26.73,25.7,25.7,26.34,25.61,53.906395,3331864,0.0,0.0,0.0,0.0402,0.0249
2014-06-24,新文化,sz300336,26.7,26.13,26.25,26.43,26.34,54.09059,2229279,0.0,0.0,0.0,0.0216,0.0068
2014-06-25,新文化,sz300336,26.55,25.69,26.39,25.74,26.43,52.678448,2570662,0.0,0.0,0.0,0.0325,-0.0246
2014-06-26,新文化,sz300336,26.83,25.89,25.9,26.51,25.74,54.254326,3720123,0.0,0.0,0.0,0.0365,0.0235
2014-06-27,新文化,sz300336,26.97,26.31,26.59,26.55,26.51,54.336193,3527473,0.0,0.0,0.0,0.0248,-0.0015
2014-06-30,新文化,sz300336,26.95,26.25,26.7,26.84,26.55,54.929707,3211260,0.0,0.0,0.0,0.0263,0.0052
2014-07-01,新文化,sz300336,26.95,26.46,26.73,26.71,26.84,54.663628,2630204,0.0,0.0,0.0,0.0182,-7.0E-4
2014-07-02,新文化,sz300336,26.82,26.28,26.63,26.55,26.71,54.336193,2329054,0.0,0.0,0.0,0.0202,-0.003
2014-07-03,新文化,sz300336,26.65,25.86,26.5,25.9,26.55,53.005936,3722094,0.0,0.0,0.0,0.0297,-0.0226
2014-07-04,新文化,sz300336,25.99,25.3,25.93,25.46,25.9,52.10547,3827809,0.0,0.0,0.0,0.0266,-0.0181
2014-07-07,新文化,sz300336,25.67,25.22,25.46,25.56,25.46,52.31014,2399290,0.0,0.0,0.0,0.0176,0.0039
2014-07-08,新文化,sz300336,25.83,25.33,25.47,25.81,25.56,52.821785,2317285,0.0,0.0,0.0,0.0195,0.0133
2014-07-09,新文化,sz300336,25.81,24.8,25.8,24.82,25.81,50.7957,3580833,0.0,0.0,0.0,0.0391,-0.0379
2014-07-10,新文化,sz300336,25.17,24.74,24.98,24.81,24.82,50.77523,2062386,0.0,0.0,0.0,0.0173,-0.0068
2014-07-11,新文化,sz300336,25.12,24.69,24.93,24.76,24.81,50.672916,1537430,0.0,0.0,0.0,0.0173,-0.0068
2014-07-14,新文化,sz300336,25.02,24.38,24.76,24.99,24.76,51.14362,2121147,0.0,0.0,0.0,0.0258,0.0092
2014-07-15,新文化,sz300336,24.98,24.2,24.9,24.57,24.99,50.284046,2139892,0.0,0.0,0.0,0.0312,-0.0132
2014-07-16,新文化,sz300336,24.54,23.8,24.5,24.08,24.57,49.281235,2055177,0.0,0.0,0.0,0.0301,-0.0171
2014-07-17,新文化,sz300336,24.25,23.78,24.06,24.0,24.08,49.11752,1025671,0.0,0.0,0.0,0.0195,-0.0024
2014-07-18,新文化,sz300336,24.15,23.63,23.83,23.66,24.0,48.421673,1272380,0.0,0.0,0.0,0.0216,-0.0071
2014-07-21,新文化,sz300336,23.93,23.49,23.72,23.75,23.66,48.60587,1287138,0.0,0.0,0.0,0.0185,0.0012
2014-07-22,新文化,sz300336,24.04,23.69,23.8,23.97,23.75,49.056107,1328256,0.0,0.0,0.0,0.0147,0.0071
2014-07-23,新文化,sz300336,24.0,22.89,23.9,22.99,23.97,47.050495,2459850,0.0,0.0,0.0,0.0463,-0.038
2014-07-24,新文化,sz300336,22.8,21.6,22.8,22.26,22.99,45.5565,3149576,0.0,0.0,0.0,0.0521,-0.0236
2014-07-25,新文化,sz300336,22.95,22.16,22.16,22.73,22.26,46.51838,1459039,0.0,0.0,0.0,0.0354,0.0257
2014-07-28,新文化,sz300336,23.38,22.45,22.8,23.23,22.73,47.541645,2234575,0.0,0.0,0.0,0.0409,0.0188
2014-07-29,新文化,sz300336,23.65,23.1,23.14,23.44,23.23,47.971424,2014304,0.0,0.0,0.0,0.0236,0.0129
2014-07-30,新文化,sz300336,23.83,23.36,23.36,23.72,23.44,48.54444,1785600,0.0,0.0,0.0,0.02,0.0154
2014-07-31,新文化,sz300336,24.08,23.56,23.73,23.91,23.72,48.93328,2475963,0.0,0.0,0.0,0.0219,0.0075
2014-08-01,新文化,sz300336,23.93,23.24,23.78,23.26,23.91,47.60303,1928295,0.0,0.0,0.0,0.0288,-0.0218
2014-08-04,新文化,sz300336,23.87,23.35,23.35,23.75,23.26,48.605835,1380381,0.0,0.0,0.0,0.0223,0.0171
2014-08-05,新文化,sz300336,24.75,23.53,23.75,24.55,23.75,50.243076,4612491,0.0,0.0,0.0,0.0513,0.0336
2014-08-06,新文化,sz300336,24.36,24.02,24.36,24.19,24.55,49.50631,2440159,0.0,0.0,0.0,0.0138,-0.0069
2014-08-07,新文化,sz300336,24.65,24.08,24.25,24.1,24.19,49.322098,2287599,0.0,0.0,0.0,0.0235,-0.0061
2014-08-08,新文化,sz300336,24.28,24.02,24.1,24.14,24.1,49.403973,1684876,0.0,0.0,0.0,0.0107,0.0016
2014-08-11,新文化,sz300336,24.31,24.06,24.18,24.23,24.14,49.58815,1779819,0.0,0.0,0.0,0.0103,0.002
2014-08-12,新文化,sz300336,24.55,24.25,24.29,24.43,24.23,49.99745,1841080,0.0,0.0,0.0,0.0123,0.0057
2014-08-13,新文化,sz300336,24.54,23.87,24.47,24.06,24.43,49.24024,1818912,0.0,0.0,0.0,0.0274,-0.0167
2014-08-14,新文化,sz300336,24.14,23.73,24.1,23.77,24.06,48.646748,1746549,0.0,0.0,0.0,0.017,-0.0136
2014-08-15,新文化,sz300336,24.26,23.72,23.77,24.24,23.77,49.60864,1940615,0.0,0.0,0.0,0.0227,0.0197
2014-08-18,新文化,sz300336,25.62,24.21,24.25,25.55,24.24,52.28964,7068541,0.0,0.0,0.0,0.0581,0.0536
2014-08-19,新文化,sz300336,26.69,25.38,26.37,25.51,25.55,52.207752,9182486,0.0,0.0,0.0,0.0512,-0.0326
2014-08-20,新文化,sz300336,25.51,25.01,25.3,25.18,25.51,51.532394,4225762,0.0,0.0,0.0,0.0196,-0.0047
2014-08-21,新文化,sz300336,26.48,25.06,25.13,26.3,25.18,53.824554,6998639,0.0,0.0,0.0,0.0563,0.0465
2014-08-22,新文化,sz300336,26.37,25.82,26.21,25.9,26.3,53.005936,5441254,0.0,0.0,0.0,0.0209,-0.0118
2014-08-25,新文化,sz300336,25.77,25.11,25.76,25.43,25.9,52.044037,3694544,0.0,0.0,0.0,0.0254,-0.0128
2014-08-26,新文化,sz300336,25.58,24.63,25.3,24.89,25.43,50.938885,3616061,0.0,0.0,0.0,0.0373,-0.0162
2014-08-27,新文化,sz300336,25.18,24.79,24.8,24.9,24.89,50.959362,2317268,0.0,0.0,0.0,0.0156,0.004
2014-08-28,新文化,sz300336,25.0,24.43,24.8,24.45,24.9,50.03842,3100812,0.0,0.0,0.0,0.0228,-0.0141
2014-08-29,新文化,sz300336,24.85,24.05,24.5,24.84,24.45,50.836586,2903934,0.0,0.0,0.0,0.0327,0.0138
2014-09-01,新文化,sz300336,25.75,24.97,24.99,25.75,24.84,52.698933,3322142,0.0,0.0,0.0,0.0314,0.0304
2014-09-02,新文化,sz300336,25.98,25.61,25.95,25.9,25.75,53.005905,4286375,0.0,0.0,0.0,0.0143,-0.0019
2014-09-03,新文化,sz300336,26.77,25.88,25.99,26.38,25.9,53.988262,7480415,0.0,0.0,0.0,0.0343,0.015
2014-09-12,新文化,sz300336,28.97,27.0,27.5,27.81,26.38,56.91486,14050837,0.0,0.0,0.0,0.0746,0.0112
2014-09-15,新文化,sz300336,27.87,27.03,27.69,27.45,27.81,56.178097,5944210,0.0,0.0,0.0,0.0302,-0.0086
2014-09-16,新文化,sz300336,28.2,26.52,27.29,26.59,27.45,54.418037,6353586,0.0,0.0,0.0,0.0612,-0.0256
2014-09-17,新文化,sz300336,26.79,25.65,26.49,26.32,26.59,53.865475,3854104,0.0,0.0,0.0,0.0428,-0.0064
2014-09-18,新文化,sz300336,26.66,25.85,26.25,26.3,26.32,53.82454,2423272,0.0,0.0,0.0,0.0307,0.0019
2014-09-19,新文化,sz300336,26.6,26.1,26.27,26.55,26.3,54.336193,2315826,0.0,0.0,0.0,0.019,0.0106
2014-09-22,新文化,sz300336,27.7,26.55,26.56,27.15,26.55,55.564137,5669163,0.0,0.0,0.0,0.0433,0.0222
2014-09-23,新文化,sz300336,27.92,27.1,27.19,27.78,27.15,56.853447,5106035,0.0,0.0,0.0,0.0302,0.0216
2014-09-24,新文化,sz300336,28.86,27.8,27.8,28.56,27.78,58.44978,6570575,0.0,0.0,0.0,0.0381,0.0273
2014-09-25,新文化,sz300336,28.9,28.03,28.38,28.45,28.56,58.22463,4597979,0.0,0.0,0.0,0.0304,0.0024
2014-09-26,新文化,sz300336,31.3,28.65,28.65,31.3,28.45,64.05734,11619916,0.0,0.0,0.0,0.0931,0.0924
2014-09-29,新文化,sz300336,34.27,31.7,32.0,33.25,31.3,68.04811,12921991,0.0,0.0,0.0,0.0821,0.039
2014-09-30,新文化,sz300336,33.5,32.26,33.5,32.46,33.25,66.43136,7046872,0.0,0.0,0.0,0.0372,-0.031
2014-10-08,新文化,sz300336,34.6,32.34,32.5,33.15,32.46,67.84349,9771533,0.0,0.0,0.0,0.0696,0.0199
2014-10-09,新文化,sz300336,33.18,31.52,33.18,32.8,33.15,67.1272,6574536,0.0,0.0,0.0,0.05,-0.0114
2014-10-10,新文化,sz300336,32.39,31.7,32.31,31.84,32.8,65.16252,3340700,0.0,0.0,0.0,0.021,-0.0145
2014-10-13,新文化,sz300336,32.66,31.08,31.69,32.61,31.84,66.73834,4324048,0.0,0.0,0.0,0.0496,0.029
2014-10-14,新文化,sz300336,33.57,31.81,32.39,32.04,32.61,65.57182,3733083,0.0,0.0,0.0,0.0539,-0.0108
2014-10-15,新文化,sz300336,32.32,31.11,32.18,32.31,32.04,66.1244,3019507,0.0,0.0,0.0,0.0377,0.004
2014-10-16,新文化,sz300336,34.28,31.83,32.38,33.21,32.31,67.96629,8009726,0.0,0.0,0.0,0.0758,0.0256
2014-10-17,新文化,sz300336,33.1,31.81,32.8,32.07,33.21,65.63322,4249752,0.0,0.0,0.0,0.0388,-0.0222
2014-10-20,新文化,sz300336,32.6,31.52,32.3,32.3,32.07,66.103935,2816210,0.0,0.0,0.0,0.0336,0.0
2014-10-21,新文化,sz300336,32.28,31.29,32.28,31.35,32.3,64.15968,3216869,0.0,0.0,0.0,0.0306,-0.0288
2014-10-22,新文化,sz300336,32.29,31.0,31.99,31.0,31.35,63.44341,3161207,0.0,0.0,0.0,0.0411,-0.0309
2014-10-23,新文化,sz300336,30.73,29.23,30.61,29.24,31.0,59.841473,3318031,0.0,0.0,0.0,0.0483,-0.0447
2014-10-24,新文化,sz300336,30.27,29.04,29.1,29.49,29.24,60.353115,1825456,0.0,0.0,0.0,0.042,0.0134
2014-10-27,新文化,sz300336,30.2,28.68,29.52,29.9,29.49,61.192207,2635646,0.0,0.0,0.0,0.0515,0.0128
2014-10-28,新文化,sz300336,30.75,29.96,29.99,30.6,29.9,62.624775,2332815,0.0,0.0,0.0,0.0264,0.0203
2014-10-29,新文化,sz300336,31.62,30.39,30.7,31.42,30.6,64.30293,3153694,0.0,0.0,0.0,0.0401,0.0234
2014-10-30,新文化,sz300336,31.83,30.48,31.12,30.79,31.42,63.013596,3036491,0.0,0.0,0.0,0.0429,-0.0106
2014-10-31,新文化,sz300336,30.94,29.98,30.78,30.31,30.79,62.031277,1900101,0.0,0.0,0.0,0.0311,-0.0152
2014-11-03,新文化,sz300336,30.52,29.99,30.11,30.2,30.31,61.806164,1508573,0.0,0.0,0.0,0.0174,0.0029
2014-11-04,新文化,sz300336,30.66,29.9,30.11,30.51,30.2,62.440605,1675685,0.0,0.0,0.0,0.0251,0.0132
2014-11-05,新文化,sz300336,30.4,30.03,30.4,30.15,30.51,61.70387,904639,0.0,0.0,0.0,0.0121,-0.0082
2014-11-06,新文化,sz300336,30.48,29.9,30.15,30.46,30.15,62.338306,1747776,0.0,0.0,0.0,0.0192,0.0102
2014-11-07,新文化,sz300336,30.85,29.88,30.5,29.99,30.46,61.376427,2643224,0.0,0.0,0.0,0.0318,-0.0167
2014-11-10,新文化,sz300336,30.16,28.7,29.98,29.26,29.99,59.88246,3311043,0.0,0.0,0.0,0.0486,-0.024
2014-11-11,新文化,sz300336,29.23,27.12,29.09,27.44,29.26,56.157715,3272616,0.0,0.0,0.0,0.0721,-0.0567
2014-11-12,新文化,sz300336,27.63,26.93,27.4,27.36,27.44,55.994015,4117674,0.0,0.0,0.0,0.0255,-0.0014
2014-11-13,新文化,sz300336,27.62,26.78,27.36,27.3,27.36,55.87122,2805862,0.0,0.0,0.0,0.0307,-0.0021
2014-11-14,新文化,sz300336,28.08,27.0,27.23,27.59,27.3,56.46474,2371658,0.0,0.0,0.0,0.0395,0.0132
2014-11-17,新文化,sz300336,28.88,27.3,27.75,28.39,27.59,58.10199,2644415,0.0,0.0,0.0,0.0572,0.023
2014-11-18,新文化,sz300336,29.08,28.21,28.22,28.88,28.39,59.10483,2548667,0.0,0.0,0.0,0.0306,0.0233
2014-11-19,新文化,sz300336,30.7,29.35,29.35,30.04,28.88,61.478836,5324348,0.0,0.0,0.0,0.0467,0.0235
2014-11-20,新文化,sz300336,29.77,28.76,29.77,29.01,30.04,59.37085,3188847,0.0,0.0,0.0,0.0336,-0.0255
2014-11-21,新文化,sz300336,30.28,28.82,28.82,29.98,29.01,61.356033,3050683,0.0,0.0,0.0,0.0503,0.0402
2014-11-24,新文化,sz300336,30.5,29.01,30.49,29.87,29.98,61.130917,3345703,0.0,0.0,0.0,0.0496,-0.0203
2014-11-25,新文化,sz300336,30.21,29.56,29.56,29.9,29.87,61.192295,3002401,0.0,0.0,0.0,0.0217,0.0115
2014-11-26,新文化,sz300336,31.2,29.71,29.9,30.88,29.9,63.197933,4622507,0.0,0.0,0.0,0.0498,0.0327
2014-11-27,新文化,sz300336,31.79,30.62,30.62,31.3,30.88,64.05749,3994674,0.0,0.0,0.0,0.0378,0.0222
2014-11-28,新文化,sz300336,31.29,30.41,31.2,30.7,31.3,62.82957,2834964,0.0,0.0,0.0,0.0281,-0.016
2014-12-01,新文化,sz300336,30.54,29.69,30.53,29.99,30.7,61.37651,2556845,0.0,0.0,0.0,0.0276,-0.0176
2014-12-02,新文化,sz300336,31.25,29.58,29.7,31.07,29.99,63.5868,2188068,0.0,0.0,0.0,0.0556,0.0461
2014-12-03,新文化,sz300336,32.29,30.1,31.18,32.0,31.07,65.49008,6129981,0.0,0.0,0.0,0.0704,0.0262
2014-12-04,新文化,sz300336,32.2,31.4,32.01,32.11,32.0,65.71523,4826630,0.0,0.0,0.0,0.025,0.0031
2014-12-05,新文化,sz300336,31.88,29.92,31.79,30.0,32.11,61.396957,6126877,0.0,0.0,0.0,0.061,-0.0563
2014-12-08,新文化,sz300336,30.99,29.0,30.4,29.83,30.0,61.04902,3755681,0.0,0.0,0.0,0.0663,-0.0187
2014-12-09,新文化,sz300336,29.97,28.0,29.1,28.0,29.83,57.303783,7895942,0.0,0.0,0.0,0.066,-0.0378
2014-12-10,新文化,sz300336,29.82,27.66,28.0,29.63,28.0,60.639668,5407380,0.0,0.0,0.0,0.0771,0.0582
2014-12-11,新文化,sz300336,30.0,28.76,29.64,29.42,29.63,60.20991,3131154,0.0,0.0,0.0,0.0418,-0.0074
2014-12-12,新文化,sz300336,30.5,29.21,29.31,30.25,29.42,61.908554,3319840,0.0,0.0,0.0,0.0438,0.032
2014-12-15,新文化,sz300336,31.46,30.26,30.28,31.05,30.25,63.545788,3142232,0.0,0.0,0.0,0.0396,0.0254
2014-12-16,新文化,sz300336,31.39,30.51,31.1,30.99,31.05,63.42302,2819893,0.0,0.0,0.0,0.0283,-0.0035
2014-12-17,新文化,sz300336,31.06,30.0,30.99,30.65,30.99,62.727203,3078729,0.0,0.0,0.0,0.0342,-0.0109
2014-12-18,新文化,sz300336,31.78,30.24,30.34,31.71,30.65,64.89656,4796241,0.0,0.0,0.0,0.0502,0.0451
2014-12-19,新文化,sz300336,32.0,30.15,31.12,30.72,31.71,62.87049,3064962,0.0,0.0,0.0,0.0583,-0.0128
2014-12-24,新文化,sz300336,30.6,28.11,28.11,29.49,30.72,60.353218,6118732,0.0,0.0,0.0,0.081,0.049
2014-12-25,新文化,sz300336,30.22,28.68,29.3,29.61,29.49,60.598797,4323053,0.0,0.0,0.0,0.0522,0.0105
2014-12-26,新文化,sz300336,29.94,29.01,29.57,29.15,29.61,59.657394,2025257,0.0,0.0,0.0,0.0314,-0.0142
2014-12-29,新文化,sz300336,29.19,27.6,28.85,27.82,29.15,56.935467,3714447,0.0,0.0,0.0,0.0545,-0.0357
2014-12-30,新文化,sz300336,28.15,26.0,27.75,26.77,27.82,54.786552,2622770,0.0,0.0,0.0,0.0772,-0.0353
2014-12-31,新文化,sz300336,26.97,25.9,26.81,26.5,26.77,54.233974,2697013,0.0,0.0,0.0,0.0399,-0.0115
2015-01-01,新文化,sz300336,26.5001,26.5001,26.5001,26.5001,26.5,12.01456,0,0.0,0.0,0.0,0.0,0.0
2015-01-02,新文化,sz300336,26.5001,26.5001,26.5001,26.5001,26.5001,12.01456,0,0.0,0.0,0.0,0.0,0.0
2015-01-05,新文化,sz300336,26.90006,25.9501,26.04008,26.75002,26.5001,12.12787,43980,0.0,0.0,0.0,0.0358,0.0272
2015-01-06,新文化,sz300336,28.3899,26.71988,27.5,28.09994,26.75002,12.7399,56799,0.0,0.0,0.0,0.0624,0.0218
2015-01-07,新文化,sz300336,29.30004,27.6001,28.00006,29.10006,28.09994,13.19333,88139,0.0,0.0,0.0,0.0604,0.0392
2015-01-08,新文化,sz300336,29.57988,28.73002,28.99006,29.01008,29.10006,13.15253,46637,0.0,0.0,0.0,0.0292,6.0E-4
2015-01-09,新文化,sz300336,31.61004,29.10996,29.30994,30.37012,29.01008,13.76915,113187,0.0,0.0,0.0,0.0861,0.0361
2015-01-12,新文化,sz300336,30.99008,29.7099,30.00008,30.44008,30.37012,13.80086,49449,0.0,0.0,0.0,0.0421,0.0146
2015-01-13,新文化,sz300336,30.75996,30.00998,30.38002,30.36,30.44008,13.76456,33284,0.0,0.0,0.0,0.0246,-6.0E-4
2015-01-14,新文化,sz300336,30.99008,29.45998,30.42996,29.45998,30.36,13.35651,43865,0.0,0.0,0.0,0.0503,-0.0318
2015-01-15,新文化,sz300336,29.8001,28.64994,29.50002,29.27012,29.45998,13.27043,32282,0.0,0.0,0.0,0.039,-0.0077
2015-01-16,新文化,sz300336,30.18004,28.29992,29.12008,29.32996,29.27012,13.29756,48642,0.0,0.0,0.0,0.0642,0.0072
2015-01-19,新文化,sz300336,31.66988,28.11006,28.88006,29.74994,29.32996,13.48797,91213,0.0,0.0,0.0,0.1213,0.0301
2015-01-20,新文化,sz300336,31.96006,29.8001,29.96004,31.76998,29.74994,14.40381,96829,0.0,0.0,0.0,0.0726,0.0604
2015-01-21,新文化,sz300336,33.3399,31.48002,32.12,33.19998,31.76998,15.05214,113120,0.0,0.0,0.0,0.0585,0.0336
2015-01-22,新文化,sz300336,33.26004,32.60004,32.73006,32.71994,33.19998,14.8345,57837,0.0,0.0,0.0,0.0198,-3.0E-4
2015-01-23,新文化,sz300336,33.52998,31.92002,32.80002,32.49004,32.71994,14.73027,68473,0.0,0.0,0.0,0.0492,-0.0094
2015-01-26,新文化,sz300336,33.5599,32.18006,32.18006,33.28996,32.49004,15.09294,84811,0.0,0.0,0.0,0.0424,0.0344
2015-01-27,新文化,sz300336,34.7501,32.69992,32.95996,33.6501,33.28996,15.25622,77735,0.0,0.0,0.0,0.0615,0.0209
2015-01-28,新文化,sz300336,34.58004,33.19998,33.70004,33.96008,33.6501,15.39676,66706,0.0,0.0,0.0,0.041,0.0077
2015-01-29,新文化,sz300336,34.27006,32.84996,33.48994,32.84996,33.96008,14.89345,45439,0.0,0.0,0.0,0.0418,-0.0191
2015-01-30,新文化,sz300336,33.15004,31.58012,32.69992,32.40006,32.84996,14.68948,49722,0.0,0.0,0.0,0.0477,-0.0091
2015-02-02,新文化,sz300336,33.0,32.0001,32.40006,32.49994,32.40006,14.73476,38548,0.0,0.0,0.0,0.0308,0.003
2015-02-03,新文化,sz300336,34.43,32.40996,32.40996,33.7601,32.49994,15.30609,54774,0.0,0.0,0.0,0.0621,0.0416
2015-02-04,新文化,sz300336,34.27996,33.52008,33.77,34.03994,33.7601,15.43296,42200,0.0,0.0,0.0,0.0225,0.0079
2015-02-05,新文化,sz300336,35.57994,33.70004,33.70004,34.76,34.03994,15.75942,72855,0.0,0.0,0.0,0.0552,0.0314
2015-02-06,新文化,sz300336,34.89002,33.0,34.71006,33.39996,34.76,15.14281,48927,0.0,0.0,0.0,0.0543,-0.0377
2015-02-09,新文化,sz300336,35.35004,33.0099,33.13002,35.24004,33.39996,15.97706,87748,0.0,0.0,0.0,0.07,0.0636
2015-02-10,新文化,sz300336,36.56004,34.60006,35.17998,36.16008,35.24004,16.39419,53694,0.0,0.0,0.0,0.0556,0.0278
2015-02-11,新文化,sz300336,37.96012,35.61008,35.97,35.99992,36.16008,16.32157,47771,0.0,0.0,0.0,0.0649,8.0E-4
2015-02-12,新文化,sz300336,36.78004,35.04996,35.68004,35.72008,35.99992,16.1947,55385,0.0,0.0,0.0,0.048,0.0011
2015-02-13,新文化,sz300336,37.09992,35.61008,35.9799,36.87992,35.72008,16.72055,62102,0.0,0.0,0.0,0.0417,0.025
2015-02-16,新文化,sz300336,39.51992,36.71008,36.87992,39.2799,36.87992,17.80864,99145,0.0,0.0,0.0,0.0761,0.065
2015-02-17,新文化,sz300336,39.00006,37.75002,39.00006,37.81008,39.2799,17.14226,56572,0.0,0.0,0.0,0.0318,-0.0305
2015-02-18,新文化,sz300336,37.81008,37.81008,37.81008,37.81008,37.81008,17.14226,0,0.0,0.0,0.0,0.0,0.0
2015-02-19,新文化,sz300336,37.81008,37.81008,37.81008,37.81008,37.81008,17.14226,0,0.0,0.0,0.0,0.0,0.0
2015-02-20,新文化,sz300336,37.81008,37.81008,37.81008,37.81008,37.81008,17.14226,0,0.0,0.0,0.0,0.0,0.0
2015-02-23,新文化,sz300336,37.81008,37.81008,37.81008,37.81008,37.81008,17.14226,0,0.0,0.0,0.0,0.0,0.0
2015-02-24,新文化,sz300336,37.81008,37.81008,37.81008,37.81008,37.81008,17.14226,0,0.0,0.0,0.0,0.0,0.0
2015-02-25,新文化,sz300336,38.3999,36.1999,38.3999,36.86012,37.81008,16.71157,41017,0.0,0.0,0.0,0.0581,-0.04
2015-02-26,新文化,sz300336,37.4,36.21992,36.85,36.9501,36.86012,16.75236,31353,0.0,0.0,0.0,0.032,0.0027
2015-02-27,新文化,sz300336,37.38988,35.79994,37.15998,37.0799,36.9501,16.81121,62839,0.0,0.0,0.0,0.043,-0.0021
2015-03-02,新文化,sz300336,37.70008,36.23004,37.19012,37.52012,37.0799,17.0108,83483,0.0,0.0,0.0,0.0396,0.0088
2015-03-03,新文化,sz300336,37.24996,35.99992,37.09002,36.3,37.52012,16.45762,85115,0.0,0.0,0.0,0.0333,-0.0213
2015-03-04,新文化,sz300336,38.2701,36.01004,36.1999,37.93988,36.3,17.20111,79040,0.0,0.0,0.0,0.0622,0.048
2015-03-05,新文化,sz300336,37.8499,36.36006,37.8499,36.93998,37.93988,16.74778,54629,0.0,0.0,0.0,0.0392,-0.024
2015-03-06,新文化,sz300336,36.67994,35.00002,36.67994,36.05008,36.93998,16.34432,75591,0.0,0.0,0.0,0.0454,-0.0171
2015-03-09,新文化,sz300336,36.60008,35.0999,35.97,36.1999,36.05008,16.41224,54217,0.0,0.0,0.0,0.0416,0.0063
2015-03-10,新文化,sz300336,37.5001,35.81006,36.14996,37.18,36.1999,16.8566,64912,0.0,0.0,0.0,0.0466,0.0284
2015-03-11,新文化,sz300336,37.20002,36.01994,36.67994,36.36006,37.18,16.48485,62345,0.0,0.0,0.0,0.0317,-0.0087
2015-03-12,新文化,sz300336,36.7499,35.61008,36.34994,36.10002,36.36006,16.36696,43517,0.0,0.0,0.0,0.0313,-0.0068
2015-03-13,新文化,sz300336,38.34006,35.99992,36.19,38.03008,36.10002,17.242,89295,0.0,0.0,0.0,0.0648,0.0508
2015-03-16,新文化,sz300336,41.82992,39.20004,40.67998,41.82992,38.03008,18.96477,133512,0.0,0.0,0.0,0.0691,0.0282
2015-03-17,新文化,sz300336,46.00992,41.53006,41.99998,46.00992,41.82992,20.85989,128883,0.0,0.0,0.0,0.107,0.0954
2015-03-18,新文化,sz300336,48.97992,45.60006,46.2,47.1999,46.00992,21.3994,129807,0.0,0.0,0.0,0.0734,0.0216
2015-03-19,新文化,sz300336,48.11004,45.49996,48.11004,46.0999,47.1999,20.90068,78834,0.0,0.0,0.0,0.0552,-0.0417
2015-03-20,新文化,sz300336,47.52,45.49996,45.99012,47.25996,46.0999,21.42663,108341,0.0,0.0,0.0,0.0438,0.0276
2015-03-23,新文化,sz300336,51.98996,46.06008,46.72008,51.98996,47.25996,23.57111,98631,0.0,0.0,0.0,0.1254,0.1127
2015-03-24,新文化,sz300336,52.75996,48.88004,52.75996,50.2799,51.98996,22.7958,101287,0.0,0.0,0.0,0.0746,-0.047
2015-03-25,新文化,sz300336,50.00006,47.78004,50.00006,48.99004,50.2799,22.21101,84120,0.0,0.0,0.0,0.0441,-0.0202
2015-03-26,新文化,sz300336,48.44004,44.9999,48.44004,46.50008,48.99004,21.08212,90676,0.0,0.0,0.0,0.0702,-0.04
2015-03-27,新文化,sz300336,47.69006,45.85988,46.21012,47.21992,46.50008,21.40848,67418,0.0,0.0,0.0,0.0393,0.0218
2015-03-30,新文化,sz300336,48.20002,46.15006,47.09012,47.4001,47.21992,21.49016,102878,0.0,0.0,0.0,0.0434,0.0065
2015-03-31,新文化,sz300336,49.69998,46.50008,46.94008,49.65004,47.4001,22.51024,126614,0.0,0.0,0.0,0.0675,0.0577
2015-04-01,新文化,sz300336,53.7999,49.03008,49.25008,52.75006,49.65004,23.91572,105977,0.0,0.0,0.0,0.096,0.071
2015-04-02,新文化,sz300336,58.03006,53.19996,53.50004,58.03006,52.75006,26.30956,125174,0.0,0.0,0.0,0.0915,0.0846
2015-04-03,新文化,sz300336,60.19992,55.9999,58.32992,57.44992,58.03006,26.04653,97890,0.0,0.0,0.0,0.0723,-0.015
2015-04-06,新文化,sz300336,57.44992,57.44992,57.44992,57.44992,57.44992,26.04653,0,0.0,0.0,0.0,0.0,0.0
2015-04-07,新文化,sz300336,57.33002,55.0,57.3001,55.99,57.44992,25.38464,63743,0.0,0.0,0.0,0.0405,-0.0228
2015-04-08,新文化,sz300336,56.89002,52.00008,56.01002,54.1299,55.99,24.54131,82406,0.0,0.0,0.0,0.0873,-0.0335
2015-04-09,新文化,sz300336,53.9,48.7201,53.9,51.49012,54.1299,23.34449,121938,0.0,0.0,0.0,0.0956,-0.0447
2015-04-10,新文化,sz300336,56.63988,55.9999,56.63988,56.63988,51.49012,25.67928,88779,0.0,0.0,0.0,0.0124,0.0
2015-04-13,新文化,sz300336,59.99004,56.80004,57.99992,56.98,56.63988,25.83348,177716,0.0,0.0,0.0,0.0563,-0.0175
2015-04-14,新文化,sz300336,58.12994,54.80002,55.90002,56.47994,56.98,25.60677,97997,0.0,0.0,0.0,0.0584,0.0103
2015-04-15,新文化,sz300336,55.9999,50.84002,55.02002,50.99996,56.47994,23.12226,129227,0.0,0.0,0.0,0.0913,-0.073
2015-04-16,新文化,sz300336,52.14,48.55994,49.80998,51.19994,50.99996,23.21293,70645,0.0,0.0,0.0,0.0701,0.0279
2015-04-17,新文化,sz300336,53.10998,50.00006,51.52004,51.89998,51.19994,23.53031,77595,0.0,0.0,0.0,0.0607,0.0073
2015-04-20,新文化,sz300336,53.10008,49.87994,51.21996,51.67998,51.89998,23.43057,77001,0.0,0.0,0.0,0.062,0.0089
2015-04-21,新文化,sz300336,54.98988,50.00006,51.90988,54.82994,51.67998,24.85869,116810,0.0,0.0,0.0,0.0965,0.0562
2015-04-22,新文化,sz300336,57.50008,53.85006,55.1001,57.44992,54.82994,26.04653,95169,0.0,0.0,0.0,0.0665,0.0426
2015-04-23,新文化,sz300336,59.81998,56.84998,57.35004,58.45004,57.44992,26.49996,107667,0.0,0.0,0.0,0.0516,0.0191
2015-04-24,新文化,sz300336,58.45004,56.2001,56.80004,57.37006,58.45004,26.01033,65740,0.0,0.0,0.0,0.0384,0.01
2015-04-27,新文化,sz300336,61.13008,57.0999,57.99992,58.36996,57.37006,26.46366,67595,0.0,0.0,0.0,0.0702,0.0063
2015-04-28,新文化,sz300336,59.5001,54.05004,58.3,55.74998,58.36996,25.27582,55701,0.0,0.0,0.0,0.0933,-0.0437
2015-04-29,新文化,sz300336,57.77002,55.01012,55.79992,57.00002,55.74998,25.84256,74813,0.0,0.0,0.0,0.0495,0.0215
2015-04-30,新文化,sz300336,62.7,57.2,57.87012,62.7,57.00002,28.4268,165787,0.0,0.0,0.0,0.0964,0.0834
2015-05-01,新文化,sz300336,62.7,62.7,62.7,62.7,62.7,28.4268,0,0.0,0.0,0.0,0.0,0.0
2015-05-04,新文化,sz300336,67.36004,58.97012,62.8001,63.99998,62.7,29.01619,139811,0.0,0.0,0.0,0.1338,0.0191
2015-05-05,新文化,sz300336,63.4799,60.5,63.4799,61.68998,63.99998,27.96888,62680,0.0,0.0,0.0,0.0465,-0.0281
2015-05-06,新文化,sz300336,66.1001,61.66996,61.80988,63.62004,61.68998,28.84393,68322,0.0,0.0,0.0,0.0718,0.0292
2015-05-07,新文化,sz300336,67.73008,62.78998,62.78998,65.29996,63.62004,29.60557,54360,0.0,0.0,0.0,0.0776,0.0399
2015-05-08,新文化,sz300336,71.83,65.8999,65.8999,71.54994,65.29996,32.43917,78530,0.0,0.0,0.0,0.0908,0.0857
2015-05-11,新文化,sz300336,74.20006,68.50008,74.00008,72.02008,71.54994,32.65232,132328,0.0,0.0,0.0,0.0796,-0.0267
2015-05-12,新文化,sz300336,77.04994,72.6,72.6,77.01012,72.02008,34.9147,91384,0.0,0.0,0.0,0.0617,0.0607
2015-05-13,新文化,sz300336,75.9,70.81008,74.51004,72.51992,77.01012,32.87894,107191,0.0,0.0,0.0,0.066,-0.0267
2015-05-14,新文化,sz300336,73.21996,69.3,72.51992,69.64012,72.51992,31.5733,72135,0.0,0.0,0.0,0.054,-0.0397
2015-05-15,新文化,sz300336,71.96002,68.54012,69.69996,70.79996,69.64012,32.09915,73311,0.0,0.0,0.0,0.0491,0.0157
2015-05-18,新文化,sz300336,76.53008,70.81998,71.37988,74.20996,70.79996,33.64517,95809,0.0,0.0,0.0,0.0806,0.0396
2015-05-19,新文化,sz300336,80.39988,73.60012,76.64998,79.99993,74.20996,36.27021,109532,0.0,0.0,0.0,0.0916,0.0437
2015-05-20,新文化,sz300336,88.0,80.16998,80.21002,84.50002,79.99993,38.31045,85960,0.0,0.0,0.0,0.0978,0.0534
2015-05-21,新文化,sz300336,41.9182,38.1864,38.3864,41.9182,84.50002,19.00479,83139,0.0,0.0,0.0,0.0441,0.092
2015-05-22,新文化,sz300336,44.4454,39.9227,42.6545,40.9091,41.9182,18.54729,90155,0.0,0.0,0.0,0.1078,-0.0409
2015-05-25,新文化,sz300336,40.9045,37.2727,40.2273,38.9364,40.9091,17.65291,102916,0.0,0.0,0.0,0.0887,-0.032
2015-05-26,新文化,sz300336,41.21,39.0,39.5,40.25,38.9364,40.25,118131,0.0,0.0,0.0,0.0567,0.0189
2015-05-27,新文化,sz300336,41.49,39.33,40.38,40.1,40.25,40.1,120006,0.0,0.0,0.0,0.0536,-0.0069
2015-05-28,新文化,sz300336,42.88,39.49,40.3,39.49,40.1,39.49,171923,0.0,0.0,0.0,0.0845,-0.02
2015-05-29,新文化,sz300336,41.96,36.36,39.0,40.66,39.49,40.66,117183,0.0,0.0,0.0,0.1418,0.0425
2015-06-01,新文化,sz300336,44.73,40.16,40.19,44.73,40.66,44.73,150656,0.0,0.0,0.0,0.1123,0.1129
2015-06-02,新文化,sz300336,45.08,42.4,45.0,43.98,44.73,43.98,146539,0.0,0.0,0.0,0.0599,-0.0226
2015-06-03,新文化,sz300336,43.97,40.97,43.18,42.86,43.98,42.86,143179,0.0,0.0,0.0,0.0682,-0.0074
2015-06-04,新文化,sz300336,42.91,38.57,42.91,39.8,42.86,39.8,99320,0.0,0.0,0.0,0.1012,-0.0724
2015-06-05,新文化,sz300336,41.4,38.5,40.92,39.37,39.8,39.37,99856,0.0,0.0,0.0,0.0728,-0.0378
2015-06-08,新文化,sz300336,39.29,35.43,39.0,35.5,39.37,35.5,142814,0.0,0.0,0.0,0.098,-0.0897
2015-06-09,新文化,sz300336,36.74,35.4,35.84,36.33,35.5,36.33,84056,0.0,0.0,0.0,0.0377,0.0136
2015-06-10,新文化,sz300336,39.45,35.9,36.65,38.4,36.33,38.4,124750,0.0,0.0,0.0,0.0977,0.0477
2015-06-11,新文化,sz300336,38.5,36.8,38.0,37.27,38.4,37.27,105127,0.0,0.0,0.0,0.0442,-0.0192
2015-06-12,新文化,sz300336,39.17,37.32,37.7,38.73,37.27,38.73,131989,0.0,0.0,0.0,0.0496,0.0273
2015-06-15,新文化,sz300336,39.01,36.2,38.77,36.25,38.73,36.25,103737,0.0,0.0,0.0,0.0725,-0.0649
2015-06-16,新文化,sz300336,35.49,32.63,35.45,32.63,36.25,32.63,111074,0.0,0.0,0.0,0.0788,-0.0795
2015-06-17,新文化,sz300336,33.77,29.71,32.88,33.57,32.63,33.57,116070,0.0,0.0,0.0,0.1244,0.0209
2015-06-18,新文化,sz300336,33.39,30.25,33.0,30.57,33.57,30.57,80988,0.0,0.0,0.0,0.0935,-0.0736
2015-06-19,新文化,sz300336,31.49,28.51,29.73,29.05,30.57,29.05,75086,0.0,0.0,0.0,0.0974,-0.0228
2015-06-22,新文化,sz300336,29.05,29.05,29.05,29.05,29.05,29.05,0,0.0,0.0,0.0,0.0,0.0
2015-06-23,新文化,sz300336,30.0,26.26,29.2,29.47,29.05,29.47,83868,0.0,0.0,0.0,0.1287,0.0092
2015-06-24,新文化,sz300336,30.08,28.7,29.9,29.72,29.47,29.72,71435,0.0,0.0,0.0,0.0468,-0.006
2015-06-25,新文化,sz300336,29.98,26.75,29.81,26.76,29.72,26.76,124216,0.0,0.0,0.0,0.1086,-0.1023
2015-06-26,新文化,sz300336,25.97,24.08,25.74,24.08,26.76,24.08,92193,0.0,0.0,0.0,0.0706,-0.0644
2015-06-29,新文化,sz300336,24.65,21.67,24.61,21.67,24.08,21.67,102979,0.0,0.0,0.0,0.1237,-0.1194
2015-06-30,新文化,sz300336,23.84,19.5,21.01,23.84,21.67,23.84,175629,0.0,0.0,0.0,0.2002,0.1346
2015-07-01,新文化,sz300336,25.69,22.31,23.8,22.88,23.84,22.88,197938,0.0,0.0,0.0,0.1417,-0.0386
2015-07-02,新文化,sz300336,25.17,22.2,22.99,25.17,22.88,25.17,274961,0.0,0.0,0.0,0.1298,0.0948
2015-07-03,新文化,sz300336,26.5,22.65,24.85,24.04,25.17,24.04,246833,0.0,0.0,0.0,0.1529,-0.0325
2015-07-06,新文化,sz300336,26.0,21.64,26.0,22.9,24.04,22.9,201577,0.0,0.0,0.0,0.1813,-0.1192
2015-07-07,新文化,sz300336,21.64,20.61,21.38,20.61,22.9,20.61,48782,0.0,0.0,0.0,0.0449,-0.036
2015-07-08,新文化,sz300336,18.55,18.55,18.55,18.55,20.61,18.55,15270,0.0,0.0,0.0,0.0,0.0
2015-07-09,新文化,sz300336,18.55,18.55,18.55,18.55,18.55,18.55,0,0.0,0.0,0.0,0.0,0.0
2015-07-10,新文化,sz300336,18.55,18.55,18.55,18.55,18.55,18.55,0,0.0,0.0,0.0,0.0,0.0
2015-07-13,新文化,sz300336,18.55,18.55,18.55,18.55,18.55,18.55,0,0.0,0.0,0.0,0.0,0.0
2015-07-14,新文化,sz300336,20.41,20.41,20.41,20.41,18.55,20.41,4116,0.0,0.0,0.0,0.0,0.0
2015-07-15,新文化,sz300336,22.45,21.89,22.45,22.45,20.41,22.45,237962,0.0,0.0,0.0,0.0274,0.0
2015-07-16,新文化,sz300336,24.68,20.28,21.9,24.38,22.45,24.38,265765,0.0,0.0,0.0,0.1959,0.1132
2015-07-17,新文化,sz300336,26.82,24.4,24.41,26.82,24.38,26.82,152397,0.0,0.0,0.0,0.0992,0.0987
2015-07-20,新文化,sz300336,29.37,26.91,27.99,29.1,26.82,29.1,221909,0.0,0.0,0.0,0.0917,0.0396
2015-07-21,新文化,sz300336,32.01,28.0,29.12,32.01,29.1,32.01,199669,0.0,0.0,0.0,0.1378,0.0992
2015-07-22,新文化,sz300336,33.29,30.33,31.8,31.71,32.01,31.71,145321,0.0,0.0,0.0,0.0924,-0.0028
2015-07-23,新文化,sz300336,34.86,31.21,31.6,34.73,31.71,34.73,128236,0.0,0.0,0.0,0.1151,0.099
2015-07-24,新文化,sz300336,36.5,32.18,34.2,32.7,34.73,32.7,212956,0.0,0.0,0.0,0.1243,-0.0438
2015-07-27,新文化,sz300336,34.88,29.43,31.71,30.09,32.7,30.09,201397,0.0,0.0,0.0,0.1666,-0.051
2015-07-28,新文化,sz300336,31.99,27.11,27.96,29.66,30.09,29.66,171810,0.0,0.0,0.0,0.1621,0.0608
2015-07-29,新文化,sz300336,32.63,28.88,30.52,32.63,29.66,32.63,153497,0.0,0.0,0.0,0.1264,0.0691
2015-07-30,新文化,sz300336,34.3,30.9,32.85,31.5,32.63,31.5,153388,0.0,0.0,0.0,0.1041,-0.041
2015-07-31,新文化,sz300336,31.49,28.6,30.15,29.7,31.5,29.7,128416,0.0,0.0,0.0,0.0917,-0.0149
2015-08-03,新文化,sz300336,29.23,26.73,29.16,26.73,29.7,26.73,94228,0.0,0.0,0.0,0.0841,-0.0833
2015-08-04,新文化,sz300336,28.97,25.11,27.0,28.79,26.73,28.79,133835,0.0,0.0,0.0,0.1444,0.0662
2015-08-05,新文化,sz300336,28.85,26.05,28.0,26.85,28.79,26.85,106011,0.0,0.0,0.0,0.0972,-0.041
2015-08-06,新文化,sz300336,26.03,24.39,25.59,24.5,26.85,24.5,127232,0.0,0.0,0.0,0.061,-0.0425
2015-08-07,新文化,sz300336,26.19,24.75,25.0,25.91,24.5,25.91,118018,0.0,0.0,0.0,0.0587,0.0364
2015-08-10,新文化,sz300336,28.5,26.48,26.5,28.2,25.91,28.2,159058,0.0,0.0,0.0,0.0779,0.0641
2015-08-11,新文化,sz300336,29.88,27.68,27.88,28.98,28.2,28.98,157258,0.0,0.0,0.0,0.078,0.0394
2015-08-12,新文化,sz300336,28.82,27.21,28.25,27.3,28.98,27.3,135359,0.0,0.0,0.0,0.0555,-0.0336
2015-08-13,新文化,sz300336,28.55,26.82,27.0,28.55,27.3,28.55,96057,0.0,0.0,0.0,0.0633,0.0574
2015-08-14,新文化,sz300336,29.16,27.65,28.8,27.8,28.55,27.8,102468,0.0,0.0,0.0,0.0528,-0.0347
2015-08-17,新文化,sz300336,27.92,26.1,27.52,27.01,27.8,27.01,90387,0.0,0.0,0.0,0.0654,-0.0185
2015-08-18,新文化,sz300336,27.6,24.31,26.5,24.4,27.01,24.4,109940,0.0,0.0,0.0,0.1218,-0.0792
2015-08-19,新文化,sz300336,25.17,22.0,23.7,24.89,24.4,24.89,102556,0.0,0.0,0.0,0.1299,0.0502
2015-08-20,新文化,sz300336,25.88,24.13,24.89,24.32,24.89,24.32,88384,0.0,0.0,0.0,0.0703,-0.0229
2015-08-21,新文化,sz300336,23.88,21.9,23.53,21.95,24.32,21.95,84713,0.0,0.0,0.0,0.0814,-0.0671
2015-08-24,新文化,sz300336,20.99,19.76,20.73,19.76,21.95,19.76,55040,0.0,0.0,0.0,0.056,-0.0467
2015-08-25,新文化,sz300336,18.9,17.78,17.79,17.78,19.76,17.78,93980,0.0,0.0,0.0,0.0566,-5.0E-4
2015-08-26,新文化,sz300336,18.88,16.52,18.1,17.5,17.78,17.5,119567,0.0,0.0,0.0,0.1327,-0.0331
2015-08-27,新文化,sz300336,19.11,17.76,18.0,19.1,17.5,19.1,114254,0.0,0.0,0.0,0.0771,0.0611
2015-08-28,新文化,sz300336,21.01,19.38,19.97,21.01,19.1,21.01,108892,0.0,0.0,0.0,0.0853,0.052
2015-08-31,新文化,sz300336,21.66,20.01,20.99,20.01,21.01,20.01,114634,0.0,0.0,0.0,0.0785,-0.0466
2015-09-01,新文化,sz300336,19.7,18.01,19.09,18.01,20.01,18.01,73236,0.0,0.0,0.0,0.0844,-0.0565
2015-09-02,新文化,sz300336,19.81,16.81,17.15,19.81,18.01,19.81,147061,0.0,0.0,0.0,0.1665,0.1551
2015-09-03,新文化,sz300336,19.81,19.81,19.81,19.81,19.81,19.81,0,0.0,0.0,0.0,0.0,0.0
2015-09-04,新文化,sz300336,19.81,19.81,19.81,19.81,19.81,19.81,0,0.0,0.0,0.0,0.0,0.0
2015-09-07,新文化,sz300336,21.33,20.0,20.01,20.25,19.81,20.25,138236,0.0,0.0,0.0,0.0671,0.0119
2015-09-08,新文化,sz300336,22.0,19.31,19.42,21.21,20.25,21.21,145465,0.0,0.0,0.0,0.1328,0.0921
2015-09-09,新文化,sz300336,22.88,21.05,21.5,22.33,21.21,22.33,179981,0.0,0.0,0.0,0.0862,0.0386
2015-09-10,新文化,sz300336,23.6,21.2,21.2,22.7,22.33,22.7,129200,0.0,0.0,0.0,0.1074,0.0707
2015-09-11,新文化,sz300336,23.46,22.05,22.05,23.0,22.7,23.0,103679,0.0,0.0,0.0,0.0621,0.043
2015-09-14,新文化,sz300336,23.88,20.7,23.8,20.7,23.0,20.7,97312,0.0,0.0,0.0,0.1382,-0.1302
2015-09-15,新文化,sz300336,20.04,18.63,19.5,18.63,20.7,18.63,97740,0.0,0.0,0.0,0.0681,-0.0446
2015-09-16,新文化,sz300336,20.49,18.53,18.92,20.49,18.63,20.49,96182,0.0,0.0,0.0,0.1052,0.0829
2015-09-17,新文化,sz300336,21.6,20.03,20.41,20.12,20.49,20.12,103270,0.0,0.0,0.0,0.0766,-0.0142
2015-09-18,新文化,sz300336,20.98,20.02,20.4,20.79,20.12,20.79,84016,0.0,0.0,0.0,0.0477,0.0191
2015-09-21,新文化,sz300336,22.87,20.2,20.4,22.87,20.79,22.87,129015,0.0,0.0,0.0,0.1284,0.121
2015-09-22,新文化,sz300336,24.08,22.99,23.5,23.55,22.87,23.55,160997,0.0,0.0,0.0,0.0476,0.0021
2015-09-23,新文化,sz300336,23.88,22.62,22.8,23.54,23.55,23.54,119327,0.0,0.0,0.0,0.0535,0.0324
2015-09-24,新文化,sz300336,25.5,23.35,23.54,24.45,23.54,24.45,127705,0.0,0.0,0.0,0.0913,0.0386
2015-09-25,新文化,sz300336,24.59,22.01,24.21,22.4,24.45,22.4,115415,0.0,0.0,0.0,0.1055,-0.0747
2015-09-28,新文化,sz300336,22.4,22.4,22.4,22.4,22.4,22.4,0,0.0,0.0,0.0,0.0,0.0
2015-09-29,新文化,sz300336,26.3,23.88,24.06,25.39,22.4,25.39,177694,0.0,0.0,0.0,0.108,0.0552
2015-09-30,新文化,sz300336,25.7,24.66,25.3,25.04,25.39,25.04,102146,0.0,0.0,0.0,0.0409,-0.0102
2015-10-01,新文化,sz300336,25.04,25.04,25.04,25.04,25.04,25.04,0,0.0,0.0,0.0,0.0,0.0
2015-10-02,新文化,sz300336,25.04,25.04,25.04,25.04,25.04,25.04,0,0.0,0.0,0.0,0.0,0.0
2015-10-05,新文化,sz300336,25.04,25.04,25.04,25.04,25.04,25.04,0,0.0,0.0,0.0,0.0,0.0
2015-10-06,新文化,sz300336,25.04,25.04,25.04,25.04,25.04,25.04,0,0.0,0.0,0.0,0.0,0.0
2015-10-07,新文化,sz300336,25.04,25.04,25.04,25.04,25.04,25.04,0,0.0,0.0,0.0,0.0,0.0
2015-10-08,新文化,sz300336,27.54,25.11,26.28,26.77,25.04,26.77,107996,0.0,0.0,0.0,0.097,0.0186
2015-10-09,新文化,sz300336,27.33,26.11,26.6,27.29,26.77,27.29,90633,0.0,0.0,0.0,0.0455,0.0259
2015-10-12,新文化,sz300336,28.96,27.08,27.3,27.75,27.29,27.75,88087,0.0,0.0,0.0,0.0688,0.0164
2015-10-13,新文化,sz300336,27.64,26.68,27.4,27.28,27.75,27.28,98916,0.0,0.0,0.0,0.0345,-0.0043
2015-10-14,新文化,sz300336,28.86,27.04,27.27,27.35,27.28,27.35,105484,0.0,0.0,0.0,0.0667,0.0029
2015-10-15,新文化,sz300336,28.5,26.67,27.33,28.16,27.35,28.16,79546,0.0,0.0,0.0,0.0669,0.0303
2015-10-16,新文化,sz300336,28.75,27.18,28.6,28.0,28.16,28.0,76995,0.0,0.0,0.0,0.0557,-0.0209
2015-10-19,新文化,sz300336,29.43,27.3,28.5,29.2,28.0,29.2,130330,0.0,0.0,0.0,0.076,0.0245
2015-10-20,新文化,sz300336,32.02,28.7,29.5,31.52,29.2,31.52,125488,0.0,0.0,0.0,0.1136,0.0684
2015-10-21,新文化,sz300336,31.79,28.64,31.1,29.5,31.52,29.5,122277,0.0,0.0,0.0,0.0999,-0.0514
2015-10-22,新文化,sz300336,31.76,29.13,29.3,31.6,29.5,31.6,107997,0.0,0.0,0.0,0.0891,0.0784
2015-10-23,新文化,sz300336,31.88,29.71,31.79,31.5,31.6,31.5,139117,0.0,0.0,0.0,0.0686,-0.0091
2015-10-26,新文化,sz300336,31.89,29.26,31.85,30.2,31.5,30.2,129568,0.0,0.0,0.0,0.0834,-0.0518
2015-10-27,新文化,sz300336,29.98,27.62,29.7,29.5,30.2,29.5,140574,0.0,0.0,0.0,0.0781,-0.0067
2015-10-28,新文化,sz300336,30.5,28.61,29.01,29.06,29.5,29.06,122138,0.0,0.0,0.0,0.064,0.0017
2015-10-29,新文化,sz300336,29.6,28.32,29.47,28.91,29.06,28.91,56943,0.0,0.0,0.0,0.044,-0.019
2015-10-30,新文化,sz300336,30.62,28.35,28.85,30.28,28.91,30.28,128188,0.0,0.0,0.0,0.0785,0.0495
2015-11-02,新文化,sz300336,30.45,28.82,29.0,29.2,30.28,29.2,65157,0.0,0.0,0.0,0.0538,0.0068
2015-11-03,新文化,sz300336,29.53,27.6,29.15,28.19,29.2,28.19,58362,0.0,0.0,0.0,0.066,-0.0329
2015-11-04,新文化,sz300336,29.99,28.47,28.6,29.53,28.19,29.53,71843,0.0,0.0,0.0,0.0539,0.0325
2015-11-05,新文化,sz300336,30.75,28.6,29.52,28.88,29.53,28.88,89158,0.0,0.0,0.0,0.0728,-0.0216
2015-11-06,新文化,sz300336,31.77,29.02,29.1,31.4,28.88,31.4,147545,0.0,0.0,0.0,0.0952,0.079
2015-11-09,新文化,sz300336,34.54,29.86,31.09,33.45,31.4,33.45,145925,0.0,0.0,0.0,0.149,0.0759
2015-11-10,新文化,sz300336,35.12,33.0,33.7,33.55,33.45,33.55,98525,0.0,0.0,0.0,0.0633,-0.0044
2015-11-11,新文化,sz300336,33.88,32.3,33.2,33.55,33.55,33.55,112415,0.0,0.0,0.0,0.047,0.0105
2015-11-12,新文化,sz300336,34.98,32.45,33.39,34.4,33.55,34.4,94134,0.0,0.0,0.0,0.0754,0.0302
2015-11-13,新文化,sz300336,34.3,31.1,33.7,33.1,34.4,33.1,71210,0.0,0.0,0.0,0.093,-0.0178
2015-11-16,新文化,sz300336,33.8,31.7,32.0,33.57,33.1,33.57,54158,0.0,0.0,0.0,0.0634,0.049
2015-11-17,新文化,sz300336,36.12,32.55,34.99,32.88,33.57,32.88,107040,0.0,0.0,0.0,0.1063,-0.0603
2015-11-18,新文化,sz300336,33.5,31.7,32.85,31.8,32.88,31.8,71230,0.0,0.0,0.0,0.0547,-0.0319
2015-11-19,新文化,sz300336,33.18,31.78,31.98,33.0,31.8,33.0,53269,0.0,0.0,0.0,0.044,0.0318
2015-11-20,新文化,sz300336,33.33,31.95,33.0,32.6,33.0,32.6,85861,0.0,0.0,0.0,0.0418,-0.0121
2015-11-23,新文化,sz300336,33.8,32.22,32.69,33.0,32.6,33.0,65978,0.0,0.0,0.0,0.0484,0.0094
2015-11-24,新文化,sz300336,34.68,32.06,33.19,33.39,33.0,33.39,52834,0.0,0.0,0.0,0.0793,0.006
2015-11-25,新文化,sz300336,34.73,33.2,33.28,33.99,33.39,33.99,104656,0.0,0.0,0.0,0.0458,0.0213
2015-11-26,新文化,sz300336,34.98,32.3,34.98,32.65,33.99,32.65,80323,0.0,0.0,0.0,0.0788,-0.0666
2015-11-27,新文化,sz300336,32.9,29.4,32.13,29.73,32.65,29.73,85532,0.0,0.0,0.0,0.1071,-0.0746
2015-11-30,新文化,sz300336,30.98,27.01,29.6,30.26,29.73,30.26,78076,0.0,0.0,0.0,0.1335,0.0222
2015-12-01,新文化,sz300336,30.99,29.8,30.47,30.26,30.26,30.26,42618,0.0,0.0,0.0,0.0393,-0.0068
2015-12-02,新文化,sz300336,30.45,28.1,30.1,29.1,30.26,29.1,58093,0.0,0.0,0.0,0.0776,-0.0332
2015-12-03,新文化,sz300336,30.5,29.18,29.18,30.4,29.1,30.4,38251,0.0,0.0,0.0,0.0453,0.0418
2015-12-04,新文化,sz300336,31.26,29.82,30.6,29.94,30.4,29.94,51133,0.0,0.0,0.0,0.0473,-0.0215
2015-12-07,新文化,sz300336,32.93,30.16,30.4,32.93,29.94,32.93,115664,0.0,0.0,0.0,0.0925,0.0832
2015-12-08,新文化,sz300336,33.92,31.5,33.01,33.4,32.93,33.4,171273,0.0,0.0,0.0,0.0734,0.0118
2015-12-09,新文化,sz300336,35.7,32.0,32.63,34.55,33.4,34.55,142442,0.0,0.0,0.0,0.1107,0.0588
2015-12-10,新文化,sz300336,38.01,33.85,33.85,37.71,34.55,37.71,163715,0.0,0.0,0.0,0.1204,0.114
2015-12-11,新文化,sz300336,38.41,35.96,37.0,36.5,37.71,36.5,98210,0.0,0.0,0.0,0.0649,-0.0135
2015-12-14,新文化,sz300336,39.7,36.13,36.13,38.25,36.5,38.25,110021,0.0,0.0,0.0,0.0978,0.0586
2015-12-15,新文化,sz300336,39.55,37.71,37.75,38.22,38.25,38.22,78041,0.0,0.0,0.0,0.0481,0.0124
2015-12-16,新文化,sz300336,41.7,37.62,38.02,40.98,38.22,40.98,127869,0.0,0.0,0.0,0.1067,0.0778
2015-12-17,新文化,sz300336,44.0,40.6,41.2,42.31,40.98,42.31,95299,0.0,0.0,0.0,0.0829,0.0269
2015-12-18,新文化,sz300336,43.43,41.0,42.25,41.9,42.31,41.9,78691,0.0,0.0,0.0,0.0574,-0.0082
2015-12-21,新文化,sz300336,42.19,39.05,41.56,40.6,41.9,40.6,74746,0.0,0.0,0.0,0.0749,-0.023
2015-12-22,新文化,sz300336,44.19,39.8,40.6,43.92,40.6,43.92,99518,0.0,0.0,0.0,0.1081,0.0817
2015-12-23,新文化,sz300336,44.6,41.6,43.8,42.0,43.92,42.0,81315,0.0,0.0,0.0,0.0683,-0.041
2015-12-24,新文化,sz300336,0.0,0.0,0.0,0.0,42.0,0.0,0,0.0,0.0,0.0,0.0,0.0
2015-12-25,新文化,sz300336,0.0,0.0,0.0,0.0,0.0,0.0,0,0.0,0.0,0.0,0.0,0.0
2015-12-28,新文化,sz300336,0.0,0.0,0.0,0.0,0.0,0.0,0,0.0,0.0,0.0,0.0,0.0
2015-12-29,新文化,sz300336,0.0,0.0,0.0,0.0,0.0,0.0,0,0.0,0.0,0.0,0.0,0.0
2015-12-30,新文化,sz300336,0.0,0.0,0.0,0.0,0.0,0.0,0,0.0,0.0,0.0,0.0,0.0
2015-12-31,新文化,sz300336,0.0,0.0,0.0,0.0,0.0,0.0,0,0.0,0.0,0.0,0.0,0.0
2016-01-01,新文化,sz300336,0.0,0.0,0.0,0.0,0.0,0.0,0,0.0,0.0,0.0,0.0,0.0
2016-01-04,新文化,sz300336,0.0,0.0,0.0,0.0,0.0,0.0,0,0.0,0.0,0.0,0.0,0.0
2016-01-05,新文化,sz300336,0.0,0.0,0.0,0.0,0.0,0.0,0,0.0,0.0,0.0,0.0,0.0
2016-01-06,新文化,sz300336,0.0,0.0,0.0,0.0,0.0,0.0,0,0.0,0.0,0.0,0.0,0.0
2016-01-07,新文化,sz300336,0.0,0.0,0.0,0.0,0.0,0.0,0,0.0,0.0,0.0,0.0,0.0
2016-01-08,新文化,sz300336,0.0,0.0,0.0,0.0,0.0,0.0,0,0.0,0.0,0.0,0.0,0.0
2016-01-11,新文化,sz300336,0.0,0.0,0.0,0.0,0.0,0.0,0,0.0,0.0,0.0,0.0,0.0
2016-01-12,新文化,sz300336,0.0,0.0,0.0,0.0,0.0,0.0,0,0.0,0.0,0.0,0.0,0.0
2016-01-13,新文化,sz300336,0.0,0.0,0.0,0.0,0.0,0.0,0,0.0,0.0,0.0,0.0,0.0
2016-01-14,新文化,sz300336,0.0,0.0,0.0,0.0,0.0,0.0,0,0.0,0.0,0.0,0.0,0.0
2016-01-15,新文化,sz300336,0.0,0.0,0.0,0.0,0.0,0.0,0,0.0,0.0,0.0,0.0,0.0
2016-01-18,新文化,sz300336,0.0,0.0,0.0,0.0,0.0,0.0,0,0.0,0.0,0.0,0.0,0.0
2016-01-19,新文化,sz300336,0.0,0.0,0.0,0.0,0.0,0.0,0,0.0,0.0,0.0,0.0,0.0
2016-01-20,新文化,sz300336,0.0,0.0,0.0,0.0,0.0,0.0,0,0.0,0.0,0.0,0.0,0.0
2016-01-21,新文化,sz300336,0.0,0.0,0.0,0.0,0.0,0.0,0,0.0,0.0,0.0,0.0,0.0
2016-01-22,新文化,sz300336,0.0,0.0,0.0,0.0,0.0,0.0,0,0.0,0.0,0.0,0.0,0.0
2016-01-25,新文化,sz300336,0.0,0.0,0.0,0.0,0.0,0.0,0,0.0,0.0,0.0,0.0,0.0
2016-01-26,新文化,sz300336,0.0,0.0,0.0,0.0,0.0,0.0,0,0.0,0.0,0.0,0.0,0.0
2016-01-27,新文化,sz300336,0.0,0.0,0.0,0.0,0.0,0.0,0,0.0,0.0,0.0,0.0,0.0
2016-01-28,新文化,sz300336,0.0,0.0,0.0,0.0,0.0,0.0,0,0.0,0.0,0.0,0.0,0.0
2016-01-29,新文化,sz300336,0.0,0.0,0.0,0.0,0.0,0.0,0,0.0,0.0,0.0,0.0,0.0
2016-02-01,新文化,sz300336,0.0,0.0,0.0,0.0,0.0,0.0,0,0.0,0.0,0.0,0.0,0.0
2016-02-02,新文化,sz300336,0.0,0.0,0.0,0.0,0.0,0.0,0,0.0,0.0,0.0,0.0,0.0
2016-02-03,新文化,sz300336,0.0,0.0,0.0,0.0,0.0,0.0,0,0.0,0.0,0.0,0.0,0.0
2016-02-04,新文化,sz300336,0.0,0.0,0.0,0.0,0.0,0.0,0,0.0,0.0,0.0,0.0,0.0
2016-02-05,新文化,sz300336,0.0,0.0,0.0,0.0,0.0,0.0,0,0.0,0.0,0.0,0.0,0.0
2016-02-08,新文化,sz300336,0.0,0.0,0.0,0.0,0.0,0.0,0,0.0,0.0,0.0,0.0,0.0
2016-02-09,新文化,sz300336,0.0,0.0,0.0,0.0,0.0,0.0,0,0.0,0.0,0.0,0.0,0.0
2016-02-10,新文化,sz300336,0.0,0.0,0.0,0.0,0.0,0.0,0,0.0,0.0,0.0,0.0,0.0
2016-02-11,新文化,sz300336,0.0,0.0,0.0,0.0,0.0,0.0,0,0.0,0.0,0.0,0.0,0.0
2016-02-12,新文化,sz300336,0.0,0.0,0.0,0.0,0.0,0.0,0,0.0,0.0,0.0,0.0,0.0
2016-02-15,新文化,sz300336,0.0,0.0,0.0,0.0,0.0,0.0,0,0.0,0.0,0.0,0.0,0.0
2016-02-16,新文化,sz300336,0.0,0.0,0.0,0.0,0.0,0.0,0,0.0,0.0,0.0,0.0,0.0
2016-02-17,新文化,sz300336,0.0,0.0,0.0,0.0,0.0,0.0,0,0.0,0.0,0.0,0.0,0.0
2016-02-18,新文化,sz300336,0.0,0.0,0.0,0.0,0.0,0.0,0,0.0,0.0,0.0,0.0,0.0
2016-02-19,新文化,sz300336,0.0,0.0,0.0,0.0,0.0,0.0,0,0.0,0.0,0.0,0.0,0.0
2016-02-22,新文化,sz300336,0.0,0.0,0.0,0.0,0.0,0.0,0,0.0,0.0,0.0,0.0,0.0
2016-02-23,新文化,sz300336,0.0,0.0,0.0,0.0,0.0,0.0,0,0.0,0.0,0.0,0.0,0.0
2016-02-24,新文化,sz300336,0.0,0.0,0.0,0.0,0.0,0.0,0,0.0,0.0,0.0,0.0,0.0
2016-02-25,新文化,sz300336,0.0,0.0,0.0,0.0,0.0,0.0,0,0.0,0.0,0.0,0.0,0.0
2016-02-26,新文化,sz300336,0.0,0.0,0.0,0.0,0.0,0.0,0,0.0,0.0,0.0,0.0,0.0
2016-02-29,新文化,sz300336,0.0,0.0,0.0,0.0,0.0,0.0,0,0.0,0.0,0.0,0.0,0.0
2016-03-01,新文化,sz300336,0.0,0.0,0.0,0.0,0.0,0.0,0,0.0,0.0,0.0,0.0,0.0
2016-03-02,新文化,sz300336,0.0,0.0,0.0,0.0,0.0,0.0,0,0.0,0.0,0.0,0.0,0.0
2016-03-03,新文化,sz300336,0.0,0.0,0.0,0.0,0.0,0.0,0,0.0,0.0,0.0,0.0,0.0
2016-03-04,新文化,sz300336,0.0,0.0,0.0,0.0,0.0,0.0,0,0.0,0.0,0.0,0.0,0.0
2016-03-07,新文化,sz300336,0.0,0.0,0.0,0.0,0.0,0.0,0,0.0,0.0,0.0,0.0,0.0
2016-03-08,新文化,sz300336,0.0,0.0,0.0,0.0,0.0,0.0,0,0.0,0.0,0.0,0.0,0.0
2016-03-09,新文化,sz300336,0.0,0.0,0.0,0.0,0.0,0.0,0,0.0,0.0,0.0,0.0,0.0
2016-03-10,新文化,sz300336,0.0,0.0,0.0,0.0,0.0,0.0,0,0.0,0.0,0.0,0.0,0.0
2016-03-11,新文化,sz300336,0.0,0.0,0.0,0.0,0.0,0.0,0,0.0,0.0,0.0,0.0,0.0
2016-03-14,新文化,sz300336,0.0,0.0,0.0,0.0,0.0,0.0,0,0.0,0.0,0.0,0.0,0.0
2016-03-15,新文化,sz300336,0.0,0.0,0.0,0.0,0.0,0.0,0,0.0,0.0,0.0,0.0,0.0
2016-03-16,新文化,sz300336,0.0,0.0,0.0,0.0,0.0,0.0,0,0.0,0.0,0.0,0.0,0.0
2016-03-17,新文化,sz300336,0.0,0.0,0.0,0.0,0.0,0.0,0,0.0,0.0,0.0,0.0,0.0
2016-03-18,新文化,sz300336,0.0,0.0,0.0,0.0,0.0,0.0,0,0.0,0.0,0.0,0.0,0.0
2016-03-21,新文化,sz300336,0.0,0.0,0.0,0.0,0.0,0.0,0,0.0,0.0,0.0,0.0,0.0
2016-03-22,新文化,sz300336,0.0,0.0,0.0,0.0,0.0,0.0,0,0.0,0.0,0.0,0.0,0.0
2016-03-23,新文化,sz300336,0.0,0.0,0.0,0.0,0.0,0.0,0,0.0,0.0,0.0,0.0,0.0
2016-03-24,新文化,sz300336,0.0,0.0,0.0,0.0,0.0,0.0,0,0.0,0.0,0.0,0.0,0.0
2016-03-25,新文化,sz300336,0.0,0.0,0.0,0.0,0.0,0.0,0,0.0,0.0,0.0,0.0,0.0
