2016-03-25
2014-01-29,东方通,sz300379,34.85,34.85,34.85,34.85,31.68,34.849995,343589,0.026721,0.0,0.0,0.0,0.0
2014-01-30,东方通,sz300379,38.34,38.34,38.34,38.34,34.85,38.339977,3750730,0.291697,0.0,0.0,0.0,0.0
2014-02-10,东方通,sz300379,42.17,42.17,42.17,42.17,38.34,42.16999,1209137,0.094036,0.0,0.0,0.0,0.0
2014-02-11,东方通,sz300379,46.39,46.39,46.39,46.39,42.17,46.389984,229841,0.017875,0.0,0.0,0.0,0.0
2014-02-12,东方通,sz300379,51.03,49.17,49.97,51.03,46.39,51.030003,4239979,0.329747,0.0,0.0,0.04,0.0212
2014-02-17,东方通,sz300379,56.13,56.13,56.13,56.13,51.03,56.12999,136408,0.010609,0.0,0.0,0.0,0.0
2014-02-18,东方通,sz300379,61.74,59.88,61.0,61.74,56.13,61.740013,2591553,0.201547,0.0,0.0,0.0331,0.0121
2014-02-19,东方通,sz300379,66.65,60.12,62.36,64.07,61.74,64.07002,5488180,0.42682,0.0,0.0,0.1057,0.0274
2014-02-24,东方通,sz300379,70.48,61.01,63.69,70.48,64.07,70.480034,4734639,0.368217,0.0,0.0,0.1478,0.1066
2014-02-25,东方通,sz300379,77.53,67.21,72.0,77.52,70.48,77.520004,6003382,0.466888,0.0,0.0,0.1464,0.0766
2014-02-28,东方通,sz300379,77.57,69.77,71.0,71.5,77.52,71.50003,4794542,0.372875,0.0,0.0,0.1006,0.007
2014-03-03,东方通,sz300379,78.63,71.64,73.58,75.0,71.5,75.00003,3804438,0.295874,0.0,0.0,0.0977,0.0192
2014-03-04,东方通,sz300379,80.8,69.05,78.0,73.61,75.0,73.610054,3874913,0.301355,0.0,0.0,0.1566,-0.0562
2014-03-05,东方通,sz300379,71.79,67.02,71.22,68.39,73.61,68.39007,2448305,0.190407,0.0,0.0,0.0648,-0.0397
2014-03-06,东方通,sz300379,70.88,63.68,68.1,70.0,68.39,70.000046,3036192,0.236127,0.0,0.0,0.1052,0.0279
2014-03-07,东方通,sz300379,68.97,63.9,68.4,65.04,70.0,65.04005,2454368,0.190878,0.0,0.0,0.0724,-0.0491
2014-03-10,东方通,sz300379,67.79,62.2,63.1,64.39,65.04,64.39004,1929811,0.150083,0.0,0.0,0.0859,0.0204
2014-03-11,东方通,sz300379,65.95,61.6,65.3,63.08,64.39,63.080025,2098692,0.163217,0.0,0.0,0.0675,-0.0339
2014-03-12,东方通,sz300379,63.35,57.8,62.14,60.1,63.08,60.1,2351302,0.182863,0.0,0.0,0.0879,-0.0328
2014-03-13,东方通,sz300379,63.2,59.11,59.5,61.1,60.1,61.100002,1650272,0.128343,0.0,0.0,0.068,0.0268
2014-03-14,东方通,sz300379,62.78,58.8,60.01,62.19,61.1,62.190025,1828705,0.14222,0.0,0.0,0.0651,0.0363
2014-03-17,东方通,sz300379,63.8,61.6,62.1,63.65,62.19,63.649998,1427931,0.111051,0.0,0.0,0.0353,0.0249
2014-03-18,东方通,sz300379,68.65,62.66,63.3,65.5,63.65,65.499985,2595043,0.201819,0.0,0.0,0.0941,0.0347
2014-03-19,东方通,sz300379,70.5,63.0,64.18,70.0,65.5,69.99996,3099947,0.241085,0.0,0.0,0.1145,0.0906
2014-03-20,东方通,sz300379,72.9,65.76,68.6,65.76,70.0,65.759995,2212020,0.172031,0.0,0.0,0.102,-0.0413
2014-03-21,东方通,sz300379,72.0,63.5,64.21,71.98,65.76,71.97997,1943120,0.151118,0.0,0.0,0.1292,0.121
2014-03-24,东方通,sz300379,72.14,66.0,70.11,69.0,71.98,69.0,1948215,0.151514,0.0,0.0,0.0853,-0.0158
2014-03-25,东方通,sz300379,71.43,62.1,69.0,64.25,69.0,64.24997,2107273,0.163884,0.0,0.0,0.1352,-0.0688
2014-03-26,东方通,sz300379,65.26,62.0,63.51,62.8,64.25,62.79998,1074315,0.08355,0.0,0.0,0.0507,-0.0111
2014-03-27,东方通,sz300379,62.58,58.27,60.92,60.0,62.8,59.99998,1716283,0.133477,59.37208,13.367045,0.0686,-0.0151
2014-03-28,东方通,sz300379,60.95,54.0,59.18,55.0,60.0,55.0,1734281,0.134876,54.424427,12.253129,0.1158,-0.0706
2014-03-31,东方通,sz300379,56.6,52.53,54.3,54.25,55.0,54.250023,1102178,0.085717,53.682297,12.086045,0.074,-9.0E-4
2014-04-01,东方通,sz300379,57.1,53.8,54.0,56.42,54.25,56.42002,869381,0.067612,55.82959,12.569487,0.0608,0.0448
2014-04-02,东方通,sz300379,56.5,51.01,56.5,54.1,56.42,54.10003,2390323,0.185897,53.533875,12.05263,0.0973,-0.0424
2014-04-03,东方通,sz300379,54.66,50.52,53.19,51.6,54.1,51.600014,2020162,0.15711,51.06002,11.495666,0.0765,-0.0298
2014-04-04,东方通,sz300379,53.2,51.03,52.0,52.7,51.6,52.700024,1237784,0.096263,52.148518,11.74073,0.042,0.0134
2014-04-08,东方通,sz300379,52.5,50.1,51.07,52.0,52.7,52.000008,1469961,0.11432,51.45583,11.584778,0.0455,0.0182
2014-04-09,东方通,sz300379,54.59,52.03,52.2,54.0,52.0,54.000034,1507357,0.117228,53.434925,12.030352,0.0492,0.0344
2014-04-10,东方通,sz300379,58.27,53.6,54.0,55.4,54.0,55.40004,2097066,0.163091,54.82028,12.342251,0.0864,0.0259
2014-04-11,东方通,sz300379,54.77,52.03,54.59,52.32,55.4,52.32002,1245141,0.096836,51.77249,11.656071,0.0494,-0.0415
2014-04-14,东方通,sz300379,52.89,50.5,52.1,50.88,52.32,50.880013,1338303,0.104081,50.347553,11.335261,0.0456,-0.0234
2014-04-15,东方通,sz300379,51.35,50.6,50.93,51.0,50.88,50.99999,796955,0.06198,50.466274,11.36199,0.0147,0.0013
2014-04-16,东方通,sz300379,51.28,50.13,50.73,50.38,51.0,50.379982,621297,0.048319,49.852757,11.223862,0.0225,-0.0068
2014-04-17,东方通,sz300379,52.4,50.5,50.5,51.29,50.38,51.289997,1020577,0.079371,50.753246,11.426599,0.0377,0.0156
2014-04-18,东方通,sz300379,52.77,51.11,51.4,51.71,51.29,51.71001,756890,0.058864,51.168865,11.520171,0.0323,0.006
2014-04-21,东方通,sz300379,54.0,51.11,51.26,52.38,51.71,52.380016,1390959,0.108176,51.83186,11.669438,0.0558,0.0218
2014-04-22,东方通,sz300379,52.75,49.78,52.38,50.35,52.38,50.35003,1093976,0.085079,49.823116,11.217189,0.0567,-0.0387
2014-04-23,东方通,sz300379,51.4,49.8,49.83,50.3,50.35,50.30003,649510,0.050513,49.773643,11.20605,0.0317,0.0094
2014-04-24,东方通,sz300379,50.98,49.18,50.7,49.8,50.3,49.80005,640830,0.049838,49.278893,11.094662,0.0357,-0.0177
2014-04-25,东方通,sz300379,53.66,49.23,49.5,49.81,49.8,49.81006,1437552,0.1118,49.288795,11.096892,0.0889,0.0062
2014-04-28,东方通,sz300379,48.9,44.83,48.9,44.83,49.81,44.830048,1609893,0.125203,44.360905,9.987425,0.0817,-0.0832
2014-04-29,东方通,sz300379,46.48,43.68,43.77,46.28,44.83,46.280033,1003822,0.078068,45.79571,10.310458,0.0624,0.0573
2014-04-30,东方通,sz300379,47.45,45.55,46.15,45.55,46.28,45.55001,800681,0.06227,45.07333,10.147821,0.041,-0.013
2014-05-05,东方通,sz300379,47.7,44.82,45.54,47.1,45.55,47.100033,960418,0.074692,46.607132,10.493141,0.0632,0.0342
2014-05-06,东方通,sz300379,49.39,46.7,46.85,48.55,47.1,48.550053,1255359,0.09763,48.041977,10.816183,0.0571,0.0362
2014-05-07,东方通,sz300379,51.79,47.85,48.1,50.55,48.55,50.55007,1610889,0.12528,50.02107,11.261756,0.0811,0.0509
2014-05-08,东方通,sz300379,52.98,49.6,50.03,50.98,50.55,50.980053,1406138,0.109356,50.44655,11.357548,0.0668,0.0189
2014-05-09,东方通,sz300379,50.64,48.65,50.29,49.7,50.98,49.700043,966254,0.075146,49.179935,11.072383,0.039,-0.0117
2014-05-12,东方通,sz300379,51.4,49.99,50.0,50.95,49.7,50.95005,684842,0.053261,50.41686,11.350864,0.0283,0.019
2014-05-13,东方通,sz300379,52.7,50.02,50.65,50.2,50.95,50.200066,674855,0.052484,49.674725,11.183779,0.0526,-0.0088
2014-05-14,东方通,sz300379,51.4,48.98,50.1,50.99,50.2,50.990063,764467,0.059453,50.456455,11.359779,0.0482,0.0177
2014-05-15,东方通,sz300379,52.29,50.61,50.7,50.61,50.99,50.610085,725583,0.056429,50.080452,11.275126,0.0329,-0.0017
2014-05-16,东方通,sz300379,50.3,48.8,50.3,49.21,50.61,49.21006,701243,0.054536,48.695076,10.963222,0.0296,-0.0216
2014-05-19,东方通,sz300379,49.9,48.2,48.5,48.49,49.21,48.490067,375333,0.02919,47.98262,10.802819,0.0345,-2.0E-4
2014-05-20,东方通,sz300379,53.34,50.5,50.5,53.34,48.49,53.34009,1723121,0.134009,52.78189,11.883328,0.0585,0.0562
2014-05-21,东方通,sz300379,58.67,52.88,53.02,58.67,53.34,58.6701,2851762,0.221784,58.056118,13.070769,0.1085,0.1065
2014-05-22,东方通,sz300379,59.23,56.45,58.66,56.55,58.67,56.550114,1993979,0.155073,55.95832,12.59847,0.0473,-0.0359
2014-05-23,东方通,sz300379,61.37,56.22,56.22,61.15,56.55,61.150127,2083186,0.162011,60.510193,13.62328,0.091,0.0876
2014-05-26,东方通,sz300379,62.98,59.0,60.5,60.6,61.15,60.600143,1806477,0.140491,59.965965,13.500752,0.065,0.0016
2014-05-27,东方通,sz300379,62.35,58.98,59.92,59.85,60.6,59.850155,1396695,0.108622,59.223827,13.333667,0.0556,-0.0011
2014-05-28,东方通,sz300379,63.92,60.31,60.31,62.97,59.85,62.970146,2184966,0.169927,62.311165,14.028751,0.0603,0.0441
2014-05-29,东方通,sz300379,65.9,62.41,62.7,62.8,62.97,63.00012,1716701,0.133509,62.340824,14.035429,0.0554,0.0015
2014-05-30,东方通,sz300379,64.37,61.12,63.0,62.99,62.8,63.190693,1185835,0.092223,62.529404,14.077886,0.0517,-1.0E-4
2014-06-03,东方通,sz300379,65.36,60.77,62.8,64.98,62.99,65.18701,1217992,0.094724,64.50484,14.522634,0.0728,0.0347
2014-06-04,东方通,sz300379,68.88,64.03,64.16,67.3,64.98,67.51439,1880922,0.146281,66.80785,15.041136,0.0746,0.0489
2014-06-05,东方通,sz300379,67.25,65.1,66.56,67.02,67.3,67.23353,828078,0.0644,66.52993,14.978565,0.0319,0.0069
2014-06-06,东方通,sz300379,70.3,67.0,67.06,67.11,67.02,67.32382,1400932,0.108952,66.61928,14.998681,0.0492,7.0E-4
2014-06-09,东方通,sz300379,66.7,64.05,66.3,64.7,67.11,64.90616,1069388,0.083167,64.22691,14.460063,0.0394,-0.0241
2014-06-10,东方通,sz300379,66.28,63.18,64.8,65.96,64.7,66.170135,1160984,0.090291,65.47767,14.741659,0.0479,0.0179
2014-06-11,东方通,sz300379,66.33,62.88,65.99,63.26,65.96,63.46153,1142261,0.088835,62.797405,14.138224,0.0523,-0.0413
2014-06-12,东方通,sz300379,65.18,62.51,63.72,64.6,63.26,64.80577,1337874,0.104048,64.12758,14.437699,0.0422,0.0138
2014-06-13,东方通,sz300379,65.95,63.2,64.18,64.98,64.6,65.18696,1067324,0.083007,64.504776,14.522622,0.0425,0.0124
2014-06-16,东方通,sz300379,66.99,64.22,64.22,65.18,64.98,65.3876,1130654,0.087932,64.70332,14.567323,0.0426,0.0149
2014-06-17,东方通,sz300379,65.33,63.68,65.09,63.98,65.18,64.183754,681868,0.053029,63.512074,14.299124,0.0253,-0.017
2014-06-18,东方通,sz300379,66.48,63.98,64.2,66.3,63.98,66.51112,1375290,0.106957,65.81509,14.817624,0.039,0.0327
2014-06-19,东方通,sz300379,67.28,59.8,66.3,60.7,66.3,60.893257,1325696,0.1031,60.256012,13.566053,0.1128,-0.0844
2014-06-20,东方通,sz300379,62.5,59.29,60.68,62.17,60.7,62.367912,975879,0.075895,61.715233,13.894583,0.0528,0.0245
2014-08-15,东方通,sz300379,67.39,57.0,67.39,63.94,62.17,64.143524,3476399,0.270362,63.472263,14.290161,0.1671,-0.0511
2014-08-18,东方通,sz300379,64.29,61.09,61.71,63.92,63.94,64.12345,1899384,0.147717,63.452396,14.285689,0.05,0.0358
2014-08-19,东方通,sz300379,70.31,62.78,63.65,70.31,63.92,70.533806,2017729,0.15692,69.79567,15.713815,0.1178,0.1046
2014-08-20,东方通,sz300379,74.55,70.36,70.38,70.36,70.31,70.583954,1905098,0.148161,69.8453,15.724987,0.0595,-2.0E-4
2014-08-21,东方通,sz300379,73.41,69.8,70.15,71.9,70.36,72.12882,1045771,0.08133,71.374,16.06916,0.0513,0.0249
2014-08-22,东方通,sz300379,73.28,70.0,71.9,71.22,71.9,71.44663,833329,0.064809,70.698944,15.917178,0.0456,-0.0094
2014-08-25,东方通,sz300379,77.87,71.26,71.26,75.78,71.22,76.02114,1466488,0.11405,75.225586,16.936308,0.0928,0.0634
2014-08-26,东方通,sz300379,76.28,72.62,75.3,73.45,75.78,73.68372,858342,0.066754,72.91262,16.415565,0.0482,-0.0245
2014-08-27,东方通,sz300379,74.44,71.52,73.6,73.35,73.45,73.58344,658088,0.05118,72.81339,16.393225,0.0397,-0.0033
2014-08-28,东方通,sz300379,78.48,72.99,72.99,76.56,73.35,76.80367,1240173,0.096449,75.99992,17.110641,0.0748,0.0489
2014-08-29,东方通,sz300379,76.77,74.92,76.18,75.68,76.56,75.92089,632808,0.049214,75.12638,16.913973,0.0241,-0.0065
2014-09-01,东方通,sz300379,77.0,74.5,75.3,75.67,75.68,75.910866,727739,0.056597,75.11646,16.91174,0.033,0.0049
2014-09-02,东方通,sz300379,79.59,75.15,75.62,78.05,75.67,78.298416,1312395,0.102066,77.47903,17.443647,0.0586,0.0321
2014-09-03,东方通,sz300379,79.0,76.9,77.65,78.0,78.05,78.24823,848847,0.066016,77.42936,17.432467,0.0269,0.0045
2014-09-04,东方通,sz300379,80.6,77.32,77.99,77.6,78.0,77.84697,1436925,0.111751,77.0323,17.343073,0.042,-0.005
2014-09-05,东方通,sz300379,77.77,74.8,77.5,75.45,77.6,75.69014,1037212,0.080665,74.89805,16.862564,0.0382,-0.0264
2014-09-09,东方通,sz300379,75.43,73.5,75.35,74.2,75.45,74.43618,815492,0.063421,73.65721,16.583202,0.0255,-0.0152
2014-09-10,东方通,sz300379,76.68,73.81,73.81,74.88,74.2,75.11832,721396,0.056104,74.33221,16.73517,0.0386,0.0144
2014-09-11,东方通,sz300379,75.9,73.89,75.0,75.11,74.88,75.34908,662070,0.05149,74.560555,16.786583,0.0268,0.0014
2014-09-12,东方通,sz300379,78.36,74.28,75.3,77.86,75.11,78.107834,1163636,0.090497,77.29044,17.40119,0.0543,0.0339
2014-09-15,东方通,sz300379,77.98,75.42,77.98,75.85,77.86,76.09141,791253,0.061536,75.29511,16.95196,0.0328,-0.0273
2014-09-16,东方通,sz300379,76.98,70.92,75.8,71.0,75.85,71.22597,929921,0.072321,70.48059,15.868017,0.0798,-0.0633
2014-09-17,东方通,sz300379,73.18,71.1,71.1,72.58,71.0,72.81103,802786,0.062433,72.049065,16.221144,0.0292,0.0208
2014-09-18,东方通,sz300379,72.95,71.5,72.55,72.75,72.58,72.98155,392658,0.030537,72.217804,16.259134,0.0199,0.0027
2014-09-19,东方通,sz300379,73.1,71.78,72.8,72.75,72.75,72.98155,434257,0.033773,72.217804,16.259134,0.0181,-6.0E-4
2014-09-22,东方通,sz300379,72.75,70.87,72.73,71.38,72.75,71.60716,493807,0.038404,70.857796,15.952942,0.0258,-0.0185
2014-09-23,东方通,sz300379,74.85,70.91,71.39,74.7,71.38,74.93776,622343,0.0484,74.153534,16.694944,0.0551,0.0463
2014-09-24,东方通,sz300379,75.5,74.0,74.7,75.31,74.7,75.5497,506208,0.039368,74.75907,16.831276,0.02,0.0081
2014-09-25,东方通,sz300379,77.38,75.49,75.78,75.49,75.31,75.73026,627465,0.048798,74.93775,16.871504,0.025,-0.0038
2014-09-26,东方通,sz300379,75.38,72.85,74.99,73.0,75.49,73.2323,585481,0.045533,72.46593,16.314997,0.0335,-0.0265
2014-09-29,东方通,sz300379,74.68,73.43,73.43,74.68,73.0,74.91767,310798,0.024171,74.13366,16.69047,0.0171,0.017
2014-09-30,东方通,sz300379,81.78,74.71,74.71,81.0,74.68,81.257805,1247386,0.09701,80.40744,18.102951,0.0946,0.0841
2014-10-08,东方通,sz300379,83.05,80.05,80.55,82.8,81.0,83.063515,1050043,0.081663,82.19425,18.505236,0.037,0.0279
2014-10-09,东方通,sz300379,82.99,80.6,82.8,81.5,82.8,81.759415,627479,0.0488,80.9038,18.214703,0.0288,-0.0157
2014-10-10,东方通,sz300379,83.1,80.7,81.45,82.37,81.5,82.632195,504098,0.039204,81.767456,18.409145,0.0294,0.0112
2014-10-13,东方通,sz300379,82.8,80.61,82.4,82.0,82.37,82.26101,624646,0.048579,81.400154,18.32645,0.0265,-0.0048
2014-10-14,东方通,sz300379,82.0,76.76,81.8,77.37,82.0,77.61631,1684127,0.130976,76.804054,17.291683,0.0639,-0.0541
2014-10-15,东方通,sz300379,78.38,75.0,76.3,78.0,77.37,78.24834,878699,0.068337,77.429474,17.43249,0.0436,0.0222
2014-10-16,东方通,sz300379,78.17,75.5,77.58,75.5,78.0,75.7404,549486,0.042734,74.94778,16.873762,0.0342,-0.0268
2014-10-17,东方通,sz300379,77.87,74.53,75.18,77.49,75.5,77.73677,691663,0.053791,76.923256,17.31852,0.0442,0.0307
2014-10-20,东方通,sz300379,79.0,75.77,79.0,77.29,77.49,77.536125,585286,0.045518,76.72472,17.27382,0.0416,-0.0216
2014-10-21,东方通,sz300379,80.89,76.88,76.88,79.9,77.29,80.15445,982512,0.076411,79.31563,17.857141,0.0518,0.0392
2014-10-22,东方通,sz300379,81.89,79.01,79.9,79.7,79.9,79.95382,713504,0.05549,79.1171,17.812445,0.036,-0.0025
2014-10-23,东方通,sz300379,82.3,78.12,79.5,80.9,79.7,81.1576,620799,0.04828,80.30829,18.08063,0.0524,0.0176
2014-10-24,东方通,sz300379,81.26,77.0,81.1,77.81,80.9,78.05779,574697,0.044695,77.24091,17.39004,0.0526,-0.0405
2014-10-27,东方通,sz300379,80.3,76.02,77.28,80.16,77.81,80.41529,418681,0.032561,79.573746,17.915253,0.055,0.0372
2014-10-28,东方通,sz300379,84.35,80.65,81.0,84.2,80.16,84.46814,834104,0.064869,83.58418,18.818165,0.0461,0.0395
2014-10-29,东方通,sz300379,86.0,83.8,84.37,85.75,84.2,86.02312,974609,0.075796,85.12289,19.164587,0.0261,0.0163
2014-10-30,东方通,sz300379,87.8,84.62,86.0,85.6,85.75,85.87266,623840,0.048517,84.97401,19.13107,0.037,-0.0046
2014-10-31,东方通,sz300379,88.0,84.3,88.0,85.1,85.6,85.37108,309584,0.024077,84.47767,19.019323,0.0432,-0.0329
2014-11-03,东方通,sz300379,86.99,84.75,85.02,85.37,85.1,85.64196,396830,0.030862,84.74572,19.079672,0.0263,0.0041
2014-11-04,东方通,sz300379,85.21,81.7,85.12,84.68,85.37,84.9498,558573,0.043441,84.06081,18.92547,0.0411,-0.0051
2014-11-05,东方通,sz300379,85.0,83.01,85.0,83.1,84.68,83.36481,273330,0.021257,82.4924,18.57236,0.0235,-0.0223
2014-11-06,东方通,sz300379,86.6,83.6,83.82,86.45,83.1,86.725494,421278,0.032763,85.81792,19.321066,0.0361,0.0313
2014-11-07,东方通,sz300379,90.15,86.45,86.6,87.81,86.45,88.08986,664349,0.051667,87.168,19.625025,0.0427,0.0139
2014-11-10,东方通,sz300379,91.8,83.89,87.81,84.12,87.81,84.38806,1349820,0.104977,83.504944,18.800323,0.09,-0.042
2014-11-11,东方通,sz300379,84.98,81.3,84.25,83.44,84.12,83.705864,694395,0.054004,82.82989,18.64834,0.0437,-0.0096
2014-11-12,东方通,sz300379,89.8,82.6,83.34,89.2,83.44,89.48425,855675,0.066547,88.5478,19.935675,0.0862,0.0703
2014-11-13,东方通,sz300379,88.0,83.63,88.0,84.06,89.2,84.327896,1073806,0.083511,83.44541,18.78692,0.0489,-0.0447
2014-11-14,东方通,sz300379,84.47,78.6,83.11,80.59,84.06,80.84684,937019,0.072873,80.000786,18.011396,0.0698,-0.0303
2014-11-21,东方通,sz300379,88.18,83.02,84.55,85.33,80.59,85.60193,1070924,0.083287,84.70611,19.070753,0.064,0.0092
2014-11-24,东方通,sz300379,87.8,84.62,85.73,85.9,85.33,86.17375,620879,0.048286,85.27195,19.198147,0.0372,0.0019
2014-11-25,东方通,sz300379,86.5,82.56,85.56,85.11,85.9,85.38121,853158,0.066351,84.4877,19.021582,0.0458,-0.0052
2014-11-26,东方通,sz300379,87.8,83.62,84.99,87.6,85.11,87.87913,771745,0.060019,86.95947,19.578077,0.0491,0.0307
2014-11-27,东方通,sz300379,89.6,86.82,87.97,88.5,87.6,88.782,627913,0.048833,87.8529,19.779222,0.0317,0.006
2014-11-28,东方通,sz300379,97.35,87.0,87.91,94.0,88.5,94.29953,1428614,0.111104,93.31269,21.008442,0.1169,0.0692
2014-12-01,东方通,sz300379,97.97,93.02,93.8,97.0,94.0,97.3091,1400628,0.108928,96.290764,21.678926,0.0526,0.0341
2014-12-02,东方通,sz300379,99.98,95.03,97.2,97.25,97.0,97.55987,1011628,0.078675,96.5389,21.734793,0.051,5.0E-4
2014-12-03,东方通,sz300379,97.8,91.69,96.8,95.59,97.25,95.894615,968378,0.075312,94.89108,21.3638,0.0628,-0.0124
2014-12-04,东方通,sz300379,96.42,93.0,95.0,94.05,95.59,94.349754,709294,0.055162,93.36239,21.01963,0.0357,-0.01
2014-12-05,东方通,sz300379,93.5,85.0,93.5,88.9,94.05,89.18335,1001257,0.077869,88.250046,19.868637,0.0903,-0.0491
2014-12-08,东方通,sz300379,87.45,82.01,87.0,82.4,88.9,82.66262,1086610,0.084507,81.797554,18.415922,0.0611,-0.0528
2014-12-09,东方通,sz300379,84.0,74.16,82.89,76.0,82.4,76.24221,1088964,0.08469,75.44434,16.985558,0.1194,-0.0831
2014-12-10,东方通,sz300379,79.8,76.0,76.99,78.17,76.0,78.41916,710176,0.055231,77.5985,17.470547,0.0499,0.0153
2014-12-11,东方通,sz300379,82.27,76.0,77.98,82.27,78.17,82.53224,759018,0.059029,81.66855,18.386875,0.0802,0.055
2014-12-12,东方通,sz300379,85.98,82.28,82.29,84.16,82.27,84.42825,624240,0.048548,83.544716,18.809278,0.0449,0.0227
2014-12-15,东方通,sz300379,91.79,83.0,83.0,91.0,84.16,91.29008,1164075,0.090531,90.33473,20.337982,0.1044,0.0963
2014-12-16,东方通,sz300379,93.73,88.77,90.5,92.96,91.0,93.25629,929678,0.072302,92.28036,20.776024,0.0545,0.0271
2014-12-17,东方通,sz300379,94.99,89.0,91.0,93.75,92.96,94.048775,674905,0.052488,93.06456,20.952578,0.0644,0.0302
2014-12-18,东方通,sz300379,96.0,90.88,93.11,92.5,93.75,92.79482,511281,0.039763,91.82373,20.673218,0.0546,-0.0065
2014-12-19,东方通,sz300379,91.98,84.87,91.3,86.95,92.5,87.227135,865261,0.067292,86.3143,19.432823,0.0768,-0.0476
2014-12-22,东方通,sz300379,86.99,78.26,86.99,78.78,86.95,79.0311,734272,0.057105,78.20404,17.606876,0.1004,-0.0943
2014-12-23,东方通,sz300379,81.48,78.05,78.8,79.31,78.78,79.56282,486825,0.037861,78.730194,17.725336,0.0435,0.0064
2014-12-24,东方通,sz300379,83.31,79.53,80.1,81.96,79.31,82.22125,379291,0.029498,81.36081,18.317593,0.0476,0.0232
2014-12-25,东方通,sz300379,90.16,81.6,82.5,90.16,81.96,90.4474,883199,0.068687,89.50088,20.15025,0.1044,0.0928
2014-12-26,东方通,sz300379,92.14,88.0,91.0,90.02,90.16,90.30694,837418,0.065127,89.36188,20.118956,0.0459,-0.0107
2014-12-29,东方通,sz300379,88.9,81.91,88.9,84.2,90.02,84.468414,640562,0.049817,83.58446,18.818226,0.0776,-0.0528
2014-12-30,东方通,sz300379,86.86,80.11,84.6,86.86,84.2,87.136856,673878,0.052408,86.224976,19.412712,0.0801,0.0267
2014-12-31,东方通,sz300379,87.49,81.55,86.03,83.05,86.86,83.31469,632010,0.049152,82.4428,18.561193,0.0683,-0.0346
2015-01-01,东方通,sz300379,83.05,83.05,83.05,83.05,83.05,41.399,0,0.0,0.0,0.0,0.0,0.0
2015-01-02,东方通,sz300379,83.05,83.05,83.05,83.05,83.05,41.399,0,0.0,0.0,0.0,0.0,0.0
2015-01-05,东方通,sz300379,80.25,77.53,80.25,78.88,83.05,39.32,11859,0.046115,78.30327,17.629217,0.0327,-0.017
2015-01-06,东方通,sz300379,82.0,76.8,77.8,81.82,78.88,40.786,14646,0.056953,81.22179,18.286293,0.0659,0.0516
2015-01-07,东方通,sz300379,81.82,81.82,81.82,81.82,81.82,40.786,0,0.0,0.0,0.0,0.0,0.0
2015-01-08,东方通,sz300379,81.82,81.82,81.82,81.82,81.82,40.786,0,0.0,0.0,0.0,0.0,0.0
2015-01-09,东方通,sz300379,81.82,81.82,81.82,81.82,81.82,40.786,0,0.0,0.0,0.0,0.0,0.0
2015-01-12,东方通,sz300379,81.82,81.82,81.82,81.82,81.82,40.786,0,0.0,0.0,0.0,0.0,0.0
2015-01-13,东方通,sz300379,81.82,81.82,81.82,81.82,81.82,40.786,0,0.0,0.0,0.0,0.0,0.0
2015-01-14,东方通,sz300379,81.82,81.82,81.82,81.82,81.82,40.786,0,0.0,0.0,0.0,0.0,0.0
2015-01-15,东方通,sz300379,81.82,81.82,81.82,81.82,81.82,40.786,0,0.0,0.0,0.0,0.0,0.0
2015-01-16,东方通,sz300379,81.82,81.82,81.82,81.82,81.82,40.786,0,0.0,0.0,0.0,0.0,0.0
2015-01-19,东方通,sz300379,81.82,81.82,81.82,81.82,81.82,40.786,0,0.0,0.0,0.0,0.0,0.0
2015-01-20,东方通,sz300379,81.82,81.82,81.82,81.82,81.82,40.786,0,0.0,0.0,0.0,0.0,0.0
2015-01-21,东方通,sz300379,81.82,81.82,81.82,81.82,81.82,40.786,0,0.0,0.0,0.0,0.0,0.0
2015-01-22,东方通,sz300379,81.82,81.82,81.82,81.82,81.82,40.786,0,0.0,0.0,0.0,0.0,0.0
2015-01-23,东方通,sz300379,81.82,81.82,81.82,81.82,81.82,40.786,0,0.0,0.0,0.0,0.0,0.0
2015-01-26,东方通,sz300379,81.82,81.82,81.82,81.82,81.82,40.786,0,0.0,0.0,0.0,0.0,0.0
2015-01-27,东方通,sz300379,81.82,81.82,81.82,81.82,81.82,40.786,0,0.0,0.0,0.0,0.0,0.0
2015-01-28,东方通,sz300379,81.82,81.82,81.82,81.82,81.82,40.786,0,0.0,0.0,0.0,0.0,0.0
2015-01-29,东方通,sz300379,81.82,81.82,81.82,81.82,81.82,40.786,0,0.0,0.0,0.0,0.0,0.0
2015-01-30,东方通,sz300379,81.82,81.82,81.82,81.82,81.82,40.786,0,0.0,0.0,0.0,0.0,0.0
2015-02-02,东方通,sz300379,81.82,81.82,81.82,81.82,81.82,40.786,0,0.0,0.0,0.0,0.0,0.0
2015-02-03,东方通,sz300379,81.82,81.82,81.82,81.82,81.82,40.786,0,0.0,0.0,0.0,0.0,0.0
2015-02-04,东方通,sz300379,81.82,81.82,81.82,81.82,81.82,40.786,0,0.0,0.0,0.0,0.0,0.0
2015-02-05,东方通,sz300379,81.82,81.82,81.82,81.82,81.82,40.786,0,0.0,0.0,0.0,0.0,0.0
2015-02-06,东方通,sz300379,81.82,81.82,81.82,81.82,81.82,40.786,0,0.0,0.0,0.0,0.0,0.0
2015-02-09,东方通,sz300379,81.82,81.82,81.82,81.82,81.82,40.786,0,0.0,0.0,0.0,0.0,0.0
2015-02-10,东方通,sz300379,81.82,81.82,81.82,81.82,81.82,40.786,0,0.0,0.0,0.0,0.0,0.0
2015-02-11,东方通,sz300379,81.82,81.82,81.82,81.82,81.82,40.786,0,0.0,0.0,0.0,0.0,0.0
2015-02-12,东方通,sz300379,81.82,81.82,81.82,81.82,81.82,40.786,0,0.0,0.0,0.0,0.0,0.0
2015-02-13,东方通,sz300379,81.82,81.82,81.82,81.82,81.82,40.786,0,0.0,0.0,0.0,0.0,0.0
2015-02-16,东方通,sz300379,81.82,81.82,81.82,81.82,81.82,40.786,0,0.0,0.0,0.0,0.0,0.0
2015-02-17,东方通,sz300379,81.82,81.82,81.82,81.82,81.82,40.786,0,0.0,0.0,0.0,0.0,0.0
2015-02-18,东方通,sz300379,81.82,81.82,81.82,81.82,81.82,40.786,0,0.0,0.0,0.0,0.0,0.0
2015-02-19,东方通,sz300379,81.82,81.82,81.82,81.82,81.82,40.786,0,0.0,0.0,0.0,0.0,0.0
2015-02-20,东方通,sz300379,81.82,81.82,81.82,81.82,81.82,40.786,0,0.0,0.0,0.0,0.0,0.0
2015-02-23,东方通,sz300379,81.82,81.82,81.82,81.82,81.82,40.786,0,0.0,0.0,0.0,0.0,0.0
2015-02-24,东方通,sz300379,81.82,81.82,81.82,81.82,81.82,40.786,0,0.0,0.0,0.0,0.0,0.0
2015-02-25,东方通,sz300379,81.82,81.82,81.82,81.82,81.82,40.786,0,0.0,0.0,0.0,0.0,0.0
2015-02-26,东方通,sz300379,81.82,81.82,81.82,81.82,81.82,40.786,0,0.0,0.0,0.0,0.0,0.0
2015-02-27,东方通,sz300379,81.82,81.82,81.82,81.82,81.82,40.786,0,0.0,0.0,0.0,0.0,0.0
2015-03-02,东方通,sz300379,81.82,81.82,81.82,81.82,81.82,40.786,0,0.0,0.0,0.0,0.0,0.0
2015-03-03,东方通,sz300379,81.82,81.82,81.82,81.82,81.82,40.786,0,0.0,0.0,0.0,0.0,0.0
2015-03-04,东方通,sz300379,81.82,81.82,81.82,81.82,81.82,40.786,0,0.0,0.0,0.0,0.0,0.0
2015-03-05,东方通,sz300379,81.82,81.82,81.82,81.82,81.82,40.786,0,0.0,0.0,0.0,0.0,0.0
2015-03-06,东方通,sz300379,81.82,81.82,81.82,81.82,81.82,40.786,0,0.0,0.0,0.0,0.0,0.0
2015-03-09,东方通,sz300379,81.82,81.82,81.82,81.82,81.82,40.786,0,0.0,0.0,0.0,0.0,0.0
2015-03-10,东方通,sz300379,81.82,81.82,81.82,81.82,81.82,40.786,0,0.0,0.0,0.0,0.0,0.0
2015-03-11,东方通,sz300379,81.82,81.82,81.82,81.82,81.82,40.786,0,0.0,0.0,0.0,0.0,0.0
2015-03-12,东方通,sz300379,81.82,81.82,81.82,81.82,81.82,40.786,0,0.0,0.0,0.0,0.0,0.0
2015-03-13,东方通,sz300379,81.82,81.82,81.82,81.82,81.82,40.786,0,0.0,0.0,0.0,0.0,0.0
2015-03-16,东方通,sz300379,81.82,81.82,81.82,81.82,81.82,40.786,0,0.0,0.0,0.0,0.0,0.0
2015-03-17,东方通,sz300379,81.82,81.82,81.82,81.82,81.82,40.786,0,0.0,0.0,0.0,0.0,0.0
2015-03-18,东方通,sz300379,81.82,81.82,81.82,81.82,81.82,40.786,0,0.0,0.0,0.0,0.0,0.0
2015-03-19,东方通,sz300379,81.82,81.82,81.82,81.82,81.82,40.786,0,0.0,0.0,0.0,0.0,0.0
2015-03-20,东方通,sz300379,81.82,81.82,81.82,81.82,81.82,40.786,0,0.0,0.0,0.0,0.0,0.0
2015-03-23,东方通,sz300379,81.82,81.82,81.82,81.82,81.82,40.786,0,0.0,0.0,0.0,0.0,0.0
2015-03-24,东方通,sz300379,81.82,81.82,81.82,81.82,81.82,40.786,0,0.0,0.0,0.0,0.0,0.0
2015-03-25,东方通,sz300379,81.82,81.82,81.82,81.82,81.82,40.786,0,0.0,0.0,0.0,0.0,0.0
2015-03-26,东方通,sz300379,81.82,81.82,81.82,81.82,81.82,40.786,0,0.0,0.0,0.0,0.0,0.0
2015-03-27,东方通,sz300379,81.82,81.82,81.82,81.82,81.82,40.786,0,0.0,0.0,0.0,0.0,0.0
2015-03-30,东方通,sz300379,81.82,81.82,81.82,81.82,81.82,40.786,0,0.0,0.0,0.0,0.0,0.0
2015-03-31,东方通,sz300379,81.82,81.82,81.82,81.82,81.82,40.786,0,0.0,0.0,0.0,0.0,0.0
2015-04-01,东方通,sz300379,81.82,81.82,81.82,81.82,81.82,40.786,0,0.0,0.0,0.0,0.0,0.0
2015-04-02,东方通,sz300379,81.82,81.82,81.82,81.82,81.82,40.786,0,0.0,0.0,0.0,0.0,0.0
2015-04-03,东方通,sz300379,81.82,81.82,81.82,81.82,81.82,40.786,0,0.0,0.0,0.0,0.0,0.0
2015-04-06,东方通,sz300379,81.82,81.82,81.82,81.82,81.82,40.786,0,0.0,0.0,0.0,0.0,0.0
2015-04-07,东方通,sz300379,81.82,81.82,81.82,81.82,81.82,40.786,0,0.0,0.0,0.0,0.0,0.0
2015-04-08,东方通,sz300379,81.82,81.82,81.82,81.82,81.82,40.786,0,0.0,0.0,0.0,0.0,0.0
2015-04-09,东方通,sz300379,90.0,90.0,90.0,90.0,81.82,44.863,116,3.99E-4,90.77865,6.636277,0.0,0.0
2015-04-10,东方通,sz300379,99.0,99.0,99.0,99.0,90.0,49.35,22,7.6E-5,99.85651,7.299904,0.0,0.0
2015-04-13,东方通,sz300379,108.9,108.9,108.9,108.9,99.0,54.285,52,1.79E-4,109.84216,8.029895,0.0,0.0
2015-04-14,东方通,sz300379,119.79,119.79,119.79,119.79,108.9,59.713,46,1.6E-4,120.82638,8.832884,0.0,0.0
2015-04-15,东方通,sz300379,65.885,65.885,65.885,65.885,119.79,32.843,788,0.00271,132.90997,9.716243,0.0,0.0
2015-04-16,东方通,sz300379,72.37,72.37,72.37,72.37,65.885,72.37,710,0.002442,146.1938,10.687343,0.0,0.0
2015-04-17,东方通,sz300379,79.61,78.77,79.61,79.61,72.37,79.61,44486,0.15282,160.81917,11.756515,0.0116,0.0
2015-04-20,东方通,sz300379,79.8,71.65,77.25,72.99,79.61,72.99,44730,0.153659,147.44626,10.778902,0.1023,-0.0551
2015-04-21,东方通,sz300379,80.29,70.89,71.0,80.29,72.99,80.29,33596,0.11541,162.19295,11.856944,0.1287,0.1308
2015-04-22,东方通,sz300379,88.32,83.01,85.84,87.3,80.29,87.3,44285,0.152128,176.35385,12.892161,0.0661,0.017
2015-04-23,东方通,sz300379,93.0,84.0,85.55,86.37,87.3,86.37,33771,0.11601,174.47516,12.754821,0.103,0.0095
2015-04-24,东方通,sz300379,95.01,83.5,85.5,95.01,86.37,95.01,36136,0.124137,191.92877,14.03075,0.1332,0.1112
2015-04-27,东方通,sz300379,104.51,97.98,99.8,98.0,95.01,98.0,41074,0.141097,82.87705,7.058971,0.0687,-0.018
2015-04-28,东方通,sz300379,98.53,88.28,95.23,88.6,98.0,88.6,33567,0.11531,74.92765,6.381889,0.1045,-0.0696
2015-04-29,东方通,sz300379,97.46,89.5,89.5,97.46,88.6,97.46,22279,0.076534,82.42041,7.020077,0.0898,0.0889
2015-04-30,东方通,sz300379,101.5,92.8,93.0,95.5,97.46,95.5,49398,0.084168,80.762856,6.878897,0.0892,0.0268
2015-05-01,东方通,sz300379,95.5,95.5,95.5,95.5,95.5,95.5,0,0.0,0.0,0.0,0.0,0.0
2015-05-04,东方通,sz300379,96.9,90.08,95.0,91.1,95.5,91.1,22437,0.038231,77.04187,6.561965,0.0714,-0.041
2015-05-05,东方通,sz300379,89.88,82.5,88.33,86.0,91.1,86.0,29263,0.049861,72.72891,6.194613,0.081,-0.0263
2015-05-06,东方通,sz300379,91.99,85.01,85.85,86.7,86.0,86.7,25367,0.043223,73.32092,6.245037,0.0811,0.0099
2015-05-07,东方通,sz300379,86.95,82.0,84.0,83.04,86.7,83.04,21847,0.037225,70.22568,5.981403,0.057,-0.0114
2015-05-08,东方通,sz300379,91.25,84.67,84.8,90.83,83.04,90.83,38524,0.065641,76.81355,6.542519,0.0792,0.0711
2015-05-11,东方通,sz300379,99.2,91.5,91.5,98.56,90.83,98.56,37682,0.064206,83.35069,7.099313,0.0847,0.0771
2015-05-12,东方通,sz300379,99.0,93.08,98.9,96.0,98.56,96.0,59923,0.102102,81.185745,6.914916,0.06,-0.0293
2015-05-13,东方通,sz300379,94.88,90.8,92.79,92.28,96.0,92.28,37742,0.064308,78.039795,6.646963,0.0424,-0.0054
2015-05-14,东方通,sz300379,101.39,92.69,92.7,97.25,92.28,97.25,44736,0.076226,82.24286,7.004955,0.0942,0.049
2015-05-15,东方通,sz300379,104.44,92.2,96.11,100.37,97.25,100.37,49734,0.08474,84.88138,7.229688,0.1258,0.0443
2015-05-18,东方通,sz300379,110.41,98.6,99.77,110.41,100.37,110.41,28627,0.048777,93.37206,7.952873,0.1176,0.1066
2015-05-19,东方通,sz300379,121.45,115.01,120.3,117.5,110.41,117.5,49629,0.084563,99.36795,8.463567,0.0583,-0.0232
2015-05-20,东方通,sz300379,129.0,110.51,119.0,115.7,117.5,115.7,55877,0.095208,97.84573,8.333914,0.1573,-0.0277
2015-05-21,东方通,sz300379,124.88,114.41,114.41,118.51,115.7,118.51,39034,0.066512,100.22211,8.536319,0.0904,0.0358
2015-05-22,东方通,sz300379,122.35,110.0,121.03,117.0,118.51,117.0,45961,0.078308,98.94512,8.427553,0.1042,-0.0332
2015-05-25,东方通,sz300379,116.85,107.01,111.8,115.6,117.0,115.6,32556,0.055468,97.76116,8.326711,0.0841,0.0339
2015-05-26,东方通,sz300379,120.96,114.3,114.3,117.95,115.6,117.95,34302,0.05845,99.74852,8.495982,0.0576,0.0319
2015-05-27,东方通,sz300379,129.75,112.7,118.88,129.75,117.95,129.75,37101,0.063215,109.7276,9.34594,0.1445,0.0914
2015-05-28,东方通,sz300379,135.0,121.11,126.2,121.65,129.75,121.65,28860,0.049171,102.877556,8.762494,0.107,-0.036
2015-05-29,东方通,sz300379,133.57,113.18,120.98,130.0,121.65,130.0,27584,0.046998,109.939026,9.363948,0.1676,0.0745
2015-06-01,东方通,sz300379,135.67,127.0,132.0,134.41,130.0,134.41,22828,0.038894,113.668495,9.681602,0.0666,0.0182
2015-06-02,东方通,sz300379,135.5,126.21,134.41,128.13,134.41,128.13,27452,0.046774,108.35759,9.229251,0.0691,-0.0467
2015-06-03,东方通,sz300379,130.0,120.84,128.5,125.55,128.13,125.55,23523,0.040078,106.17573,9.043413,0.0714,-0.0229
2015-06-04,东方通,sz300379,125.0,113.0,125.0,121.01,125.55,121.01,23993,0.040881,102.33632,8.716395,0.0955,-0.0319
2015-06-05,东方通,sz300379,123.96,115.0,121.42,119.16,121.01,119.16,23566,0.04015,100.7718,8.583139,0.074,-0.0186
2015-06-08,东方通,sz300379,117.0,107.24,117.0,107.31,119.16,107.31,26309,0.044827,90.750435,7.729579,0.0819,-0.0828
2015-06-09,东方通,sz300379,110.85,103.88,107.31,104.47,107.31,104.47,22789,0.038832,88.348694,7.525013,0.0649,-0.0264
2015-06-10,东方通,sz300379,114.2,103.28,105.0,112.99,104.47,112.99,27534,0.046917,95.553925,8.138711,0.1045,0.076
2015-06-11,东方通,sz300379,114.8,108.98,112.02,113.19,112.99,113.19,17297,0.029472,95.72306,8.153117,0.0515,0.0104
2015-06-12,东方通,sz300379,115.01,111.0,113.5,111.4,113.19,111.4,16372,0.027896,94.20929,8.024183,0.0354,-0.0185
2015-06-15,东方通,sz300379,111.75,100.26,111.75,100.26,111.4,100.26,19897,0.033903,84.78836,7.221765,0.1031,-0.1028
2015-06-16,东方通,sz300379,96.97,90.67,96.0,92.02,100.26,92.02,17852,0.030415,77.819916,6.628235,0.0628,-0.0414
2015-06-17,东方通,sz300379,99.58,92.51,92.51,97.98,92.02,97.98,18519,0.031556,82.8602,7.057536,0.0768,0.0591
2015-06-18,东方通,sz300379,101.95,96.06,99.5,96.18,97.98,96.18,18379,0.031314,81.33797,6.927881,0.0601,-0.0333
2015-06-19,东方通,sz300379,101.32,91.03,93.1,97.0,96.18,97.0,19211,0.032733,82.031425,6.986946,0.1069,0.0418
2015-06-22,东方通,sz300379,97.0,97.0,97.0,97.0,97.0,97.0,0,0.0,0.0,0.0,0.0,0.0
2015-06-23,东方通,sz300379,104.3,95.0,97.0,103.88,97.0,103.88,14174,0.02415,87.84974,7.482515,0.0958,0.0709
2015-06-24,东方通,sz300379,108.5,101.12,105.0,102.94,103.88,102.94,15318,0.026098,87.054794,7.414806,0.071,-0.0196
2015-06-25,东方通,sz300379,106.0,92.89,105.0,93.96,102.94,93.96,15932,0.027144,79.46054,6.767973,0.1273,-0.1051
2015-06-26,东方通,sz300379,90.4,84.56,90.0,84.56,93.96,84.56,16125,0.027474,71.51111,6.090888,0.0621,-0.0604
2015-06-29,东方通,sz300379,86.97,76.1,86.0,76.1,84.56,76.1,17275,0.029436,64.35661,5.481511,0.1285,-0.1151
2015-06-30,东方通,sz300379,82.0,68.49,72.8,80.37,76.1,80.37,20937,0.035673,67.96769,5.789081,0.1775,0.1039
2015-07-01,东方通,sz300379,81.97,72.33,78.0,72.33,80.37,72.33,18092,0.030827,61.16838,5.209957,0.1199,-0.0726
2015-07-02,东方通,sz300379,74.0,65.1,70.0,65.1,72.33,65.1,19493,0.033211,55.05408,4.689177,0.123,-0.07
2015-07-03,东方通,sz300379,67.5,58.59,59.5,58.59,65.1,58.59,25114,0.042787,49.54867,4.220259,0.1368,-0.0152
2015-07-06,东方通,sz300379,64.45,52.73,64.45,52.73,58.59,52.73,34847,0.059369,44.59296,3.798161,0.2,-0.1818
2015-07-07,东方通,sz300379,47.58,47.46,47.46,47.46,52.73,47.46,6496,0.01107,40.1362,3.418561,0.0022,0.0
2015-07-08,东方通,sz300379,48.29,42.71,42.71,46.0,47.46,46.0,111187,0.18943,38.9015,3.313397,0.1175,0.077
2015-07-09,东方通,sz300379,50.6,45.02,45.5,50.6,46.0,50.6,34225,0.058309,42.791653,3.644737,0.1213,0.112
2015-07-10,东方通,sz300379,55.66,54.5,55.66,55.66,50.6,55.66,10180,0.017344,47.070816,4.00921,0.0229,0.0
2015-07-13,东方通,sz300379,61.23,60.23,61.23,61.23,55.66,61.23,19363,0.032988,51.78128,4.410419,0.0179,0.0
2015-07-14,东方通,sz300379,67.35,63.0,65.0,67.35,61.23,67.35,51571,0.087865,56.95687,4.851245,0.071,0.0361
2015-07-15,东方通,sz300379,68.0,60.62,65.9,60.62,67.35,60.62,46089,0.078525,51.26541,4.366481,0.1095,-0.0801
2015-07-16,东方通,sz300379,66.52,54.68,56.0,64.6,60.62,64.6,24971,0.042551,54.631237,4.653162,0.1953,0.1535
2015-07-17,东方通,sz300379,69.79,63.05,64.5,69.39,64.6,69.39,29784,0.050754,58.682068,4.998187,0.1043,0.0758
2015-07-20,东方通,sz300379,73.14,67.5,69.19,69.79,69.39,69.79,29438,0.050158,59.020344,5.026999,0.0812,0.0086
2015-07-21,东方通,sz300379,71.13,67.6,68.11,69.1,69.79,69.1,19865,0.033851,58.436817,4.977298,0.0505,0.0145
2015-07-22,东方通,sz300379,71.35,67.0,68.5,69.71,69.1,69.71,18509,0.031539,58.952686,5.021237,0.0629,0.0176
2015-07-23,东方通,sz300379,74.49,68.82,69.8,73.72,69.71,73.72,25772,0.043908,62.343884,5.310079,0.0813,0.0561
2015-07-24,东方通,sz300379,75.56,68.86,74.0,69.2,73.72,69.2,28147,0.047963,58.52139,4.984502,0.0908,-0.0648
2015-07-27,东方通,sz300379,71.0,62.28,67.0,62.28,69.2,62.28,25739,0.043858,52.66925,4.486051,0.126,-0.0704
2015-07-28,东方通,sz300379,61.39,56.05,56.51,56.05,62.28,56.05,25978,0.044257,47.400635,4.037302,0.0857,-0.0081
2015-07-29,东方通,sz300379,61.65,52.19,58.0,60.05,56.05,60.05,24883,0.042401,50.78337,4.325424,0.1687,0.0353
2015-07-30,东方通,sz300379,65.88,58.5,60.0,60.98,60.05,60.98,30928,0.052696,104.711685,9.046764,0.1228,0.0163
2015-07-31,东方通,sz300379,60.61,54.88,59.0,55.5,60.98,55.5,23384,0.039847,95.30171,8.233771,0.0939,-0.0593
2015-08-03,东方通,sz300379,53.7,49.95,53.7,49.95,55.5,49.95,25201,0.042933,85.77154,7.410394,0.0675,-0.0698
2015-08-04,东方通,sz300379,54.95,49.81,50.94,54.95,49.95,54.95,24065,0.041004,94.35728,8.152176,0.1029,0.0787
2015-08-05,东方通,sz300379,60.45,55.56,55.6,59.89,54.95,59.89,50299,0.085701,102.83999,8.885055,0.0889,0.0771
2015-08-06,东方通,sz300379,65.88,57.0,57.78,65.88,59.89,65.88,37958,0.064684,113.12571,9.773709,0.1482,0.1401
2015-08-07,东方通,sz300379,70.88,66.02,69.0,70.66,65.88,70.66,33525,0.057123,121.33367,10.482852,0.0737,0.024
2015-08-10,东方通,sz300379,75.79,69.0,71.48,74.66,70.66,74.66,34517,0.05881,128.20227,11.076277,0.096,0.0444
2015-08-11,东方通,sz300379,74.15,71.01,73.6,71.1,74.66,71.1,25319,0.043139,122.08922,10.548129,0.042,-0.0339
2015-08-12,东方通,sz300379,73.57,67.54,70.0,72.25,71.1,72.25,24131,0.041119,124.06394,10.718739,0.0848,0.0321
2015-08-13,东方通,sz300379,72.8,67.9,70.9,72.0,72.25,72.0,22066,0.037595,123.63465,10.681649,0.0678,0.0155
2015-08-14,东方通,sz300379,73.55,69.71,72.66,70.1,72.0,70.1,20574,0.035057,120.37207,10.399773,0.0533,-0.0352
2015-08-17,东方通,sz300379,69.45,65.9,69.07,67.02,70.1,67.02,23634,0.040273,115.08326,9.942835,0.0506,-0.0296
2015-08-18,东方通,sz300379,69.73,60.32,67.23,60.32,67.02,60.32,29335,0.049986,103.57836,8.948849,0.1404,-0.1027
2015-08-19,东方通,sz300379,64.1,54.36,58.02,63.21,60.32,63.21,34644,0.059026,108.540924,9.377598,0.1614,0.0894
2015-08-20,东方通,sz300379,67.56,63.52,65.01,64.4,63.21,64.4,34953,0.05955,110.58433,9.554142,0.0639,-0.0093
2015-08-21,东方通,sz300379,62.79,57.96,61.34,57.96,64.4,57.96,20370,0.034704,99.525894,8.598728,0.0749,-0.0551
2015-08-24,东方通,sz300379,56.5,52.16,54.5,52.16,57.96,52.16,18352,0.031272,89.56644,7.738262,0.0748,-0.0429
2015-08-25,东方通,sz300379,52.5,46.94,46.99,46.94,52.16,46.94,24360,0.041505,80.60293,6.963842,0.1065,-0.001
2015-08-26,东方通,sz300379,51.56,46.0,47.3,47.8,46.94,47.8,37718,0.064275,82.07967,7.091428,0.1184,0.0105
2015-08-27,东方通,sz300379,51.88,46.15,50.2,50.99,47.8,50.99,24375,0.041526,87.55737,7.564685,0.1198,0.0157
2015-08-28,东方通,sz300379,55.7,50.05,51.0,55.18,50.99,55.18,31719,0.054037,94.75223,8.186297,0.1108,0.0819
2015-08-31,东方通,sz300379,54.16,50.5,54.0,50.6,55.18,50.6,24855,0.042346,86.88769,7.506826,0.0663,-0.0629
2015-09-01,东方通,sz300379,49.29,45.54,48.59,45.54,50.6,45.54,16026,0.027304,78.19892,6.756143,0.0741,-0.0627
2015-09-02,东方通,sz300379,50.0,41.02,42.72,41.98,45.54,41.98,31985,0.054494,72.08587,6.227995,0.1971,-0.0173
2015-09-03,东方通,sz300379,41.98,41.98,41.98,41.98,41.98,41.98,0,0.0,0.0,0.0,0.0,0.0
2015-09-04,东方通,sz300379,41.98,41.98,41.98,41.98,41.98,41.98,0,0.0,0.0,0.0,0.0,0.0
2015-09-07,东方通,sz300379,46.18,42.5,43.0,45.39,41.98,45.39,35744,0.060902,77.941345,6.73389,0.0876,0.0555
2015-09-08,东方通,sz300379,48.86,44.0,44.89,48.56,45.39,48.56,23269,0.039647,83.384705,7.204179,0.107,0.0817
2015-09-09,东方通,sz300379,52.78,49.05,49.1,52.32,48.56,52.32,33507,0.057085,89.84118,7.761999,0.0768,0.0655
2015-09-10,东方通,sz300379,52.3,50.08,50.52,50.6,52.32,50.6,16360,0.027873,86.88769,7.506826,0.0424,0.0015
2015-09-11,东方通,sz300379,54.94,50.51,50.51,54.94,50.6,54.94,27686,0.04718,94.34011,8.150692,0.0875,0.0877
2015-09-14,东方通,sz300379,55.47,49.45,55.09,49.45,54.94,49.45,18905,0.032214,84.912964,7.336216,0.1095,-0.1023
2015-09-15,东方通,sz300379,49.5,44.6,47.05,44.8,49.45,44.8,19889,0.033892,76.92823,6.64636,0.099,-0.0478
2015-09-16,东方通,sz300379,49.28,45.5,46.0,49.28,44.8,49.28,23159,0.039463,84.62105,7.310996,0.0843,0.0713
2015-09-17,东方通,sz300379,54.21,50.12,51.1,52.5,49.28,52.5,39730,0.0677,90.15027,7.788703,0.0829,0.0273
2015-09-18,东方通,sz300379,57.75,50.18,52.96,57.75,52.5,57.75,43855,0.074731,99.16529,8.567573,0.1441,0.0904
2015-09-21,东方通,sz300379,63.53,56.0,56.15,60.49,57.75,60.49,43469,0.074069,103.87028,8.974069,0.1303,0.0772
2015-09-22,东方通,sz300379,62.96,58.73,60.11,59.67,60.49,59.67,26369,0.04493,102.46222,8.852417,0.0699,-0.0073
2015-09-23,东方通,sz300379,61.9,56.65,57.99,59.77,59.67,59.77,37047,0.063121,102.633934,8.867253,0.0879,0.0306
2015-09-24,东方通,sz300379,62.52,59.0,59.7,60.11,59.77,60.11,30474,0.051922,103.217766,8.917694,0.0588,0.0068
2015-09-25,东方通,sz300379,60.37,54.1,59.34,54.34,60.11,54.34,34214,0.0583,93.30982,8.061678,0.1043,-0.0842
2015-09-28,东方通,sz300379,54.34,54.34,54.34,54.34,54.34,54.34,0,0.045892,102.633934,8.867253,0.0,0.0
2015-09-29,东方通,sz300379,62.77,58.3,58.7,61.58,54.34,61.58,28109,0.047896,105.741974,9.135777,0.0822,0.049
2015-09-30,东方通,sz300379,62.46,58.61,61.77,59.85,61.58,59.85,18730,0.03191,102.7713,8.879121,0.0625,-0.031
2015-10-01,东方通,sz300379,59.85,59.85,59.85,59.85,59.85,59.85,0,0.0,0.0,0.0,0.0,0.0
2015-10-02,东方通,sz300379,59.85,59.85,59.85,59.85,59.85,59.85,0,0.0,0.0,0.0,0.0,0.0
2015-10-05,东方通,sz300379,59.85,59.85,59.85,59.85,59.85,59.85,0,0.0,0.0,0.0,0.0,0.0
2015-10-06,东方通,sz300379,59.85,59.85,59.85,59.85,59.85,59.85,0,0.0,0.0,0.0,0.0,0.0
2015-10-07,东方通,sz300379,59.85,59.85,59.85,59.85,59.85,59.85,0,0.0,0.0,0.0,0.0,0.0
2015-10-08,东方通,sz300379,65.84,62.02,62.5,65.1,59.85,65.1,32645,0.055619,111.78633,9.657991,0.0638,0.0415
2015-10-09,东方通,sz300379,65.93,64.12,64.16,64.89,65.1,64.89,27811,0.047391,111.42573,9.626837,0.0278,0.0113
2015-10-12,东方通,sz300379,69.19,63.27,66.98,63.65,64.89,63.65,64702,0.110232,109.29647,9.442875,0.0912,-0.0497
2015-10-13,东方通,sz300379,65.88,63.08,64.16,64.4,63.65,64.4,38278,0.065214,110.58433,9.554142,0.0439,0.0037
2015-10-14,东方通,sz300379,67.6,63.7,65.0,63.7,64.4,63.7,51316,0.087425,109.382324,9.450293,0.0605,-0.0199
2015-10-15,东方通,sz300379,69.0,61.5,62.02,68.5,63.7,68.5,49150,0.083751,117.62463,10.162403,0.1177,0.1044
2015-10-16,东方通,sz300379,69.76,66.1,68.5,67.26,68.5,67.26,34281,0.058418,115.49537,9.978441,0.0534,-0.0181
2015-10-19,东方通,sz300379,68.0,64.62,66.8,65.91,67.26,65.91,30799,0.052481,113.17722,9.77816,0.0502,-0.0133
2015-10-20,东方通,sz300379,71.58,66.05,66.45,71.35,65.91,71.35,42909,0.073103,122.51851,10.585218,0.0839,0.0737
2015-10-21,东方通,sz300379,71.79,64.23,71.5,64.23,71.35,64.23,47115,0.08027,110.29241,9.528921,0.1059,-0.1016
2015-10-22,东方通,sz300379,67.89,63.91,64.3,67.2,64.23,67.2,27264,0.046454,115.39234,9.969539,0.0619,0.0451
2015-10-23,东方通,sz300379,73.92,68.6,69.5,71.0,67.2,71.0,44484,0.075795,121.9175,10.533293,0.0791,0.0215
2015-10-26,东方通,sz300379,73.9,69.0,72.0,73.58,71.0,73.58,41146,0.070114,126.34775,10.916052,0.069,0.0219
2015-10-27,东方通,sz300379,73.37,68.0,72.3,72.0,73.58,72.0,32940,0.056121,123.63465,10.681649,0.0729,-0.0041
2015-10-28,东方通,sz300379,74.88,69.0,71.0,69.5,72.0,69.5,29762,0.05071,119.34178,10.310759,0.0816,-0.0211
2015-10-29,东方通,sz300379,72.6,69.01,70.0,70.44,69.5,70.44,23315,0.039727,120.9559,10.450214,0.0516,0.0062
2015-10-30,东方通,sz300379,73.93,69.4,71.14,72.01,70.44,72.01,32586,0.055526,123.651825,10.683133,0.0643,0.0122
2015-11-02,东方通,sz300379,73.89,69.0,69.46,70.03,72.01,70.03,32171,0.054816,120.25187,10.389388,0.0679,0.0082
2015-11-03,东方通,sz300379,71.5,67.92,69.7,68.47,70.03,68.47,26114,0.0,0.0,0.0,0.0511,-0.0176
2015-11-04,东方通,sz300379,75.13,69.03,69.2,74.79,68.47,74.79,37244,0.0,0.0,0.0,0.089,0.0807
2015-11-05,东方通,sz300379,76.46,72.81,75.11,74.32,74.79,74.32,42099,0.0,0.0,0.0,0.0488,-0.0105
2015-11-06,东方通,sz300379,81.11,74.06,74.09,80.79,74.32,80.79,46283,0.0,0.0,0.0,0.0948,0.0904
2015-11-09,东方通,sz300379,88.0,79.02,79.8,85.5,80.79,85.5,36424,0.0,0.0,0.0,0.1111,0.0714
2015-11-10,东方通,sz300379,85.58,81.0,84.55,83.6,85.5,83.6,22877,0.0,0.0,0.0,0.0535,-0.0112
2015-11-11,东方通,sz300379,89.75,83.0,83.15,88.62,83.6,88.62,28854,0.0,0.0,0.0,0.0807,0.0657
2015-11-12,东方通,sz300379,88.5,83.2,88.0,85.0,88.62,85.0,35464,0.0,0.0,0.0,0.0598,-0.034
2015-11-13,东方通,sz300379,83.2,77.5,82.2,79.6,85.0,79.6,31346,0.0,0.0,0.0,0.067,-0.0316
2015-11-16,东方通,sz300379,81.88,77.0,77.0,81.66,79.6,81.66,35712,0.0,0.0,0.0,0.0613,0.0605
2015-11-17,东方通,sz300379,82.98,75.5,82.4,76.26,81.66,76.26,42967,0.0,0.0,0.0,0.0915,-0.0745
2015-11-18,东方通,sz300379,80.39,75.8,76.0,76.46,76.26,76.46,34877,0.0,0.0,0.0,0.0601,0.006
2015-11-19,东方通,sz300379,81.11,76.56,77.01,81.0,76.46,81.0,28222,0.0,0.0,0.0,0.0595,0.0518
2015-11-20,东方通,sz300379,85.6,81.25,81.3,83.51,81.0,83.51,41978,0.0,0.0,0.0,0.0537,0.0271
2015-11-23,东方通,sz300379,87.25,82.5,83.03,83.05,83.51,83.05,32817,0.0,0.0,0.0,0.0568,2.0E-4
2015-11-24,东方通,sz300379,91.36,82.33,82.51,91.36,83.05,91.36,41785,0.0,0.0,0.0,0.1087,0.1072
2015-11-25,东方通,sz300379,100.5,94.45,94.45,100.5,91.36,100.5,25009,0.0,0.0,0.0,0.0662,0.064
2015-11-26,东方通,sz300379,110.55,103.93,107.11,108.0,100.5,108.0,68123,0.0,0.0,0.0,0.0658,0.0083
2015-11-27,东方通,sz300379,117.95,101.82,110.3,107.0,108.0,107.0,65856,0.0,0.0,0.0,0.1493,-0.0299
2015-11-30,东方通,sz300379,109.5,99.3,107.0,107.25,107.0,107.25,50057,0.0,0.0,0.0,0.0953,0.0023
2015-12-01,东方通,sz300379,116.0,99.2,106.02,104.08,107.25,104.08,54240,0.0,0.0,0.0,0.1566,-0.0182
2015-12-02,东方通,sz300379,111.2,95.96,102.31,110.0,104.08,110.0,60528,0.0,0.0,0.0,0.1464,0.0751
2015-12-03,东方通,sz300379,114.0,104.01,110.0,113.5,110.0,113.5,40174,0.0,0.0,0.0,0.0908,0.0318
2015-12-04,东方通,sz300379,116.0,110.0,111.8,112.38,113.5,112.38,22324,0.0,0.0,0.0,0.0528,0.0051
2015-12-07,东方通,sz300379,121.55,107.5,112.88,118.72,112.38,118.72,30863,0.0,0.0,0.0,0.125,0.0517
2015-12-08,东方通,sz300379,130.59,116.0,117.0,130.59,118.72,130.59,50037,0.0,0.0,0.0,0.1228,0.1161
2015-12-09,东方通,sz300379,130.58,121.0,128.0,124.95,130.59,124.95,32173,0.0,0.0,0.0,0.0733,-0.0238
2015-12-10,东方通,sz300379,133.28,123.13,124.43,129.05,124.95,129.05,27338,0.0,0.0,0.0,0.0812,0.0371
2015-12-11,东方通,sz300379,130.5,118.83,130.0,128.98,129.05,128.98,33140,0.0,0.0,0.0,0.0904,-0.0078
2015-12-14,东方通,sz300379,133.5,121.21,124.9,131.0,128.98,131.0,22413,0.0,0.0,0.0,0.0952,0.0488
2015-12-15,东方通,sz300379,138.6,129.0,129.6,138.05,131.0,138.05,19767,0.0,0.0,0.0,0.0732,0.0652
2015-12-16,东方通,sz300379,141.2,134.09,137.0,134.91,138.05,134.91,14730,0.0,0.0,0.0,0.0515,-0.0152
2015-12-17,东方通,sz300379,136.9,130.17,136.0,134.88,134.91,134.88,19682,0.0,0.0,0.0,0.0498,-0.0082
2015-12-18,东方通,sz300379,135.69,123.0,132.5,128.0,134.88,128.0,23793,0.0,0.0,0.0,0.094,-0.0339
2015-12-21,东方通,sz300379,126.98,119.8,126.88,122.0,128.0,122.0,25499,0.0,0.0,0.0,0.056,-0.0384
2015-12-22,东方通,sz300379,128.88,120.38,122.5,125.26,122.0,125.26,23872,0.0,0.0,0.0,0.0696,0.0225
2015-12-23,东方通,sz300379,125.57,112.73,125.26,112.73,125.26,112.73,32650,0.0,0.0,0.0,0.1025,-0.1
2015-12-24,东方通,sz300379,117.47,112.0,112.82,115.17,112.73,115.17,21964,0.0,0.0,0.0,0.0485,0.0208
2015-12-25,东方通,sz300379,117.78,113.5,115.8,115.26,115.17,115.26,11034,0.0,0.0,0.0,0.0371,-0.0046
2015-12-28,东方通,sz300379,125.0,114.89,115.13,117.01,115.26,117.01,30696,0.0,0.0,0.0,0.0877,0.0163
2015-12-29,东方通,sz300379,127.0,117.16,119.8,125.0,117.01,125.0,28308,0.0,0.0,0.0,0.084,0.0434
2015-12-30,东方通,sz300379,128.55,121.51,123.8,128.0,125.0,128.0,21346,0.0,0.0,0.0,0.0563,0.0339
2015-12-31,东方通,sz300379,128.3,118.76,126.8,122.69,128.0,122.69,25041,0.0,0.0,0.0,0.0745,-0.0324
2016-01-01,东方通,sz300379,128.3,118.76,126.8,122.69,122.69,122.69,25041,0.0,0.0,0.0,0.0777,-0.0324
2016-01-04,东方通,sz300379,122.98,110.42,120.22,110.42,122.69,110.42,13311,0.0,0.0,0.0,0.1023,-0.0815
2016-01-05,东方通,sz300379,115.25,100.18,100.18,108.98,110.42,108.98,21701,0.0,0.0,0.0,0.1364,0.0878
2016-01-06,东方通,sz300379,115.9,109.2,109.2,113.2,108.98,113.2,12167,0.0,0.0,0.0,0.0614,0.0366
2016-01-07,东方通,sz300379,110.99,101.88,110.99,101.88,113.2,101.88,2367,0.0,0.0,0.0,0.0804,-0.082
2016-01-08,东方通,sz300379,104.78,92.0,104.0,95.8,101.88,95.8,18844,0.0,0.0,0.0,0.1254,-0.0788
2016-01-11,东方通,sz300379,92.38,86.22,91.0,86.22,95.8,86.22,15007,0.0,0.0,0.0,0.0643,-0.0525
2016-01-12,东方通,sz300379,94.84,81.51,85.0,94.84,86.22,94.84,24130,0.0,0.0,0.0,0.1546,0.1157
2016-01-13,东方通,sz300379,102.75,90.0,93.86,90.08,94.84,90.08,20856,0.0,0.0,0.0,0.1344,-0.0402
2016-01-14,东方通,sz300379,99.09,86.0,86.2,99.09,90.08,99.09,15576,0.0,0.0,0.0,0.1453,0.1495
2016-01-15,东方通,sz300379,104.8,98.0,101.99,99.65,99.09,99.65,19201,0.0,0.0,0.0,0.0686,-0.0229
2016-01-18,东方通,sz300379,105.5,95.18,95.2,100.01,99.65,100.01,21172,0.0,0.0,0.0,0.1035,0.0505
2016-01-19,东方通,sz300379,101.5,94.18,98.4,99.97,100.01,99.97,20067,0.0,0.0,0.0,0.0731,0.0159
2016-01-20,东方通,sz300379,103.29,95.62,98.23,97.66,99.97,97.66,15924,0.0,0.0,0.0,0.0767,-0.0058
2016-01-21,东方通,sz300379,98.3,87.89,96.0,87.89,97.66,87.89,13822,0.0,0.0,0.0,0.1065,-0.0844
2016-01-22,东方通,sz300379,91.63,86.01,89.41,89.87,87.89,89.87,15874,0.0,0.0,0.0,0.0639,0.0051
2016-01-25,东方通,sz300379,94.2,89.5,92.3,90.5,89.87,90.5,8638,0.0,0.0,0.0,0.0522,-0.0195
2016-01-26,东方通,sz300379,93.67,82.68,89.5,84.5,90.5,84.5,14235,0.0,0.0,0.0,0.1214,-0.0558
2016-01-27,东方通,sz300379,88.49,79.5,84.1,87.88,84.5,87.88,20073,0.0,0.0,0.0,0.1063,0.0449
2016-01-28,东方通,sz300379,86.0,79.09,86.0,79.09,87.88,79.09,20059,0.0,0.0,0.0,0.0786,-0.0803
2016-01-29,东方通,sz300379,82.71,71.22,76.46,80.12,79.09,80.12,38441,0.0,0.0,0.0,0.1452,0.0478
2016-02-01,东方通,sz300379,79.9,72.5,79.9,74.0,80.12,74.0,23806,0.0,0.0,0.0,0.0923,-0.0738
2016-02-02,东方通,sz300379,81.01,73.0,73.0,79.91,74.0,79.91,24757,0.0,0.0,0.0,0.1082,0.0946
2016-02-03,东方通,sz300379,82.0,76.8,78.66,81.58,79.91,81.58,18461,0.0,0.0,0.0,0.065,0.0371
2016-02-04,东方通,sz300379,87.31,81.6,81.6,83.8,81.58,83.8,19661,0.0,0.0,0.0,0.0699,0.0269
2016-02-05,东方通,sz300379,85.74,83.01,84.5,83.46,83.8,83.46,9104,0.0,0.0,0.0,0.0325,-0.0123
2016-02-08,东方通,sz300379,85.74,83.01,84.5,83.46,83.46,83.46,9104,0.0,0.0,0.0,0.0327,-0.0123
2016-02-09,东方通,sz300379,85.74,83.01,84.5,83.46,83.46,83.46,9104,0.0,0.0,0.0,0.0327,-0.0123
2016-02-10,东方通,sz300379,85.74,83.01,84.5,83.46,83.46,83.46,9104,0.0,0.0,0.0,0.0327,-0.0123
2016-02-11,东方通,sz300379,85.74,83.01,84.5,83.46,83.46,83.46,9104,0.0,0.0,0.0,0.0327,-0.0123
2016-02-12,东方通,sz300379,85.74,83.01,84.5,83.46,83.46,83.46,9104,0.0,0.0,0.0,0.0327,-0.0123
2016-02-15,东方通,sz300379,82.82,77.33,79.95,82.1,83.46,82.1,15321,0.0,0.0,0.0,0.0657,0.0268
2016-02-16,东方通,sz300379,90.31,81.55,81.55,90.31,82.1,90.31,15636,0.0,0.0,0.0,0.1066,0.1074
2016-02-17,东方通,sz300379,93.5,88.7,91.63,90.57,90.31,90.57,16399,0.0,0.0,0.0,0.0531,-0.0115
2016-02-18,东方通,sz300379,92.4,88.2,91.0,89.57,90.57,89.57,11299,0.0,0.0,0.0,0.0463,-0.0157
2016-02-19,东方通,sz300379,94.8,86.02,88.8,90.4,89.57,90.4,17386,0.0,0.0,0.0,0.098,0.018
2016-02-22,东方通,sz300379,92.0,87.38,91.7,89.15,90.4,89.15,28707,0.0,0.0,0.0,0.0511,-0.0278
2016-02-23,东方通,sz300379,89.0,80.3,88.78,82.97,89.15,82.97,34592,0.0,0.0,0.0,0.0975,-0.0654
2016-02-24,东方通,sz300379,82.89,77.51,81.87,79.2,82.97,79.2,42156,0.0,0.0,0.0,0.0648,-0.0326
2016-02-25,东方通,sz300379,79.7,71.9,78.54,73.7,79.2,73.7,37880,0.0,0.0,0.0,0.0984,-0.0616
2016-02-26,东方通,sz300379,74.97,70.08,74.0,71.51,73.7,71.51,25360,0.0,0.0,0.0,0.0663,-0.0336
2016-02-29,东方通,sz300379,70.1,64.36,70.0,64.36,71.51,64.36,24114,0.0,0.0,0.0,0.0802,-0.0805
2016-03-01,东方通,sz300379,65.87,60.44,62.9,64.39,64.36,64.39,52638,0.0,0.0,0.0,0.0843,0.0236
2016-03-02,东方通,sz300379,68.0,61.0,63.8,66.75,64.39,66.75,56318,0.0,0.0,0.0,0.1087,0.0462
2016-03-03,东方通,sz300379,70.1,64.51,66.58,64.69,66.75,64.69,54615,0.0,0.0,0.0,0.0837,-0.0283
2016-03-04,东方通,sz300379,63.9,58.22,63.36,58.22,64.69,58.22,53771,0.0,0.0,0.0,0.0878,-0.0811
2016-03-07,东方通,sz300379,62.5,58.32,58.32,60.06,58.22,60.06,39662,0.0,0.0,0.0,0.0717,0.0298
2016-03-08,东方通,sz300379,61.3,54.22,59.1,60.5,60.06,60.5,48482,0.0,0.0,0.0,0.1178,0.0236
2016-03-09,东方通,sz300379,60.97,58.0,58.53,58.99,60.5,58.99,33610,0.0,0.0,0.0,0.049,0.0078
2016-03-10,东方通,sz300379,60.0,56.65,58.99,56.86,58.99,56.86,29094,0.0,0.0,0.0,0.0567,-0.0361
2016-03-11,东方通,sz300379,56.77,54.3,55.36,55.71,56.86,55.71,34860,0.0,0.0,0.0,0.0434,0.0063
2016-03-14,东方通,sz300379,61.28,57.38,57.5,61.28,55.71,61.28,52310,0.0,0.0,0.0,0.07,0.0657
2016-03-15,东方通,sz300379,64.88,61.28,62.0,62.62,61.28,62.62,71633,0.0,0.0,0.0,0.0587,0.0099
2016-03-16,东方通,sz300379,63.99,59.55,62.9,60.72,62.62,60.72,55878,0.0,0.0,0.0,0.0709,-0.0346
2016-03-17,东方通,sz300379,66.79,60.8,61.37,66.6,60.72,66.6,74714,0.0,0.0,0.0,0.0986,0.0852
2016-03-18,东方通,sz300379,73.26,66.61,68.59,73.26,66.6,73.26,89714,0.0,0.0,0.0,0.0998,0.068
2016-03-21,东方通,sz300379,78.8,74.56,75.13,76.4,73.26,76.4,76652,0.0,0.0,0.0,0.0578,0.0169
2016-03-22,东方通,sz300379,75.0,73.2,74.65,73.8,76.4,73.8,54411,0.0,0.0,0.0,0.0235,-0.0113
2016-03-23,东方通,sz300379,76.2,73.0,73.08,76.1,73.8,76.1,52736,0.0,0.0,0.0,0.0433,0.0413
2016-03-24,东方通,sz300379,75.8,73.0,74.3,73.0,76.1,73.0,47328,0.0,0.0,0.0,0.0367,-0.0174
2016-03-25,东方通,sz300379,73.98,71.43,72.25,73.63,73.0,73.63,36608,0.0,0.0,0.0,0.0349,0.0191
