2016-03-25
2014-01-22,楚天科技,sz300358,59.37,52.42,53.0,53.92,58.08,53.92002,12477909,0.683728,0.0,0.0,0.1196,0.0173
2014-01-23,楚天科技,sz300358,58.58,52.48,52.98,57.2,53.92,57.200027,8693859,0.476381,0.0,0.0,0.1131,0.0796
2014-01-24,楚天科技,sz300358,62.92,56.5,56.8,61.7,57.2,61.700012,9060507,0.496471,0.0,0.0,0.1122,0.0862
2014-01-27,楚天科技,sz300358,60.79,57.11,60.0,58.71,61.7,58.71003,6298218,0.345111,0.0,0.0,0.0596,-0.0214
2014-01-28,楚天科技,sz300358,59.6,56.4,58.85,58.28,58.71,58.280037,4365951,0.239233,0.0,0.0,0.0545,-0.0096
2014-01-29,楚天科技,sz300358,59.44,57.1,58.28,57.79,58.28,57.79002,3933930,0.21556,0.0,0.0,0.0401,-0.0084
2014-01-30,楚天科技,sz300358,57.2,54.36,57.0,54.92,57.79,54.919994,3446789,0.188867,0.0,0.0,0.0491,-0.0364
2014-02-07,楚天科技,sz300358,57.45,54.28,54.35,56.61,54.92,56.609993,3168386,0.173612,0.0,0.0,0.0577,0.0415
2014-02-10,楚天科技,sz300358,60.28,56.15,57.1,59.38,56.61,59.379974,4191445,0.229671,0.0,0.0,0.0729,0.0399
2014-02-11,楚天科技,sz300358,61.53,57.03,59.2,60.24,59.38,60.239975,4270366,0.233995,0.0,0.0,0.0757,0.0175
2014-02-12,楚天科技,sz300358,66.26,60.02,60.02,65.08,60.24,65.079956,5241368,0.287201,0.0,0.0,0.1035,0.0843
2014-02-13,楚天科技,sz300358,64.4,60.82,64.02,61.05,65.08,61.049946,4146593,0.227213,0.0,0.0,0.055,-0.0463
2014-02-14,楚天科技,sz300358,65.79,61.56,61.59,65.01,61.05,65.00995,3567732,0.195494,0.0,0.0,0.0692,0.0555
2014-02-17,楚天科技,sz300358,67.9,63.86,65.6,66.18,65.01,66.17993,4104485,0.224906,0.0,0.0,0.0621,0.0088
2014-02-18,楚天科技,sz300358,68.88,64.0,66.28,64.86,66.18,64.85991,3638206,0.199356,0.0,0.0,0.0737,-0.0214
2014-02-19,楚天科技,sz300358,65.98,61.92,64.71,63.02,64.86,63.019897,2875468,0.157562,0.0,0.0,0.0625,-0.0261
2014-02-20,楚天科技,sz300358,68.87,61.5,63.06,66.08,63.02,66.079895,4343947,0.238027,0.0,0.0,0.1169,0.0478
2014-02-21,楚天科技,sz300358,71.33,64.82,65.1,69.66,66.08,69.659904,4465783,0.244703,0.0,0.0,0.0985,0.07
2014-02-24,楚天科技,sz300358,72.36,68.5,69.5,69.58,69.66,69.57993,3819415,0.209285,0.0,0.0,0.0554,0.0011
2014-02-25,楚天科技,sz300358,71.88,63.66,69.08,65.09,69.58,65.08994,4756025,0.260607,0.0,0.0,0.1181,-0.0577
2014-02-26,楚天科技,sz300358,68.6,62.21,64.0,68.6,65.09,68.599915,3452768,0.189195,0.0,0.0,0.0981,0.0718
2014-02-27,楚天科技,sz300358,71.38,64.59,69.0,67.48,68.6,67.47988,3823091,0.209487,0.0,0.0,0.0989,-0.022
2014-02-28,楚天科技,sz300358,68.88,65.0,66.8,68.07,67.48,68.06986,2923540,0.160196,0.0,0.0,0.0574,0.019
2014-03-03,楚天科技,sz300358,71.49,67.26,67.78,71.21,68.07,71.209854,3869968,0.212055,0.0,0.0,0.0621,0.0506
2014-03-04,楚天科技,sz300358,73.3,67.0,72.2,71.2,71.21,71.19988,4524489,0.24792,34.815163,10.321122,0.0884,-0.0138
2014-03-05,楚天科技,sz300358,70.38,67.3,70.38,67.9,71.2,67.89991,2484072,0.136115,33.20155,9.842758,0.0432,-0.0352
2014-03-06,楚天科技,sz300358,70.49,65.73,67.05,69.32,67.9,69.3199,2773453,0.151972,33.895893,10.0486,0.0701,0.0338
2014-03-07,楚天科技,sz300358,69.71,65.6,68.48,66.11,69.32,66.10991,2463155,0.134969,32.326275,9.583279,0.0592,-0.0346
2014-03-10,楚天科技,sz300358,65.53,63.15,64.8,63.82,66.11,63.819927,1674874,0.091775,31.206526,9.251324,0.036,-0.0151
2014-03-11,楚天科技,sz300358,65.19,63.01,64.0,64.28,63.82,64.27994,1238796,0.06788,31.431461,9.318008,0.0341,0.0043
2014-03-12,楚天科技,sz300358,64.0,60.01,63.28,61.5,64.28,61.49996,1856900,0.101749,30.072115,8.915023,0.062,-0.0281
2014-03-13,楚天科技,sz300358,62.39,60.81,61.7,61.48,61.5,61.479973,1087360,0.059582,30.062342,8.912125,0.0256,-0.0035
2014-03-14,楚天科技,sz300358,62.58,60.52,61.35,61.92,61.48,61.919987,1382976,0.07578,30.277496,8.975909,0.0335,0.0092
2014-03-17,楚天科技,sz300358,63.15,61.23,61.23,63.0,61.92,62.999992,1140214,0.062478,30.805597,9.132467,0.031,0.0289
2014-03-18,楚天科技,sz300358,64.25,62.4,63.0,62.72,63.0,62.720024,1595142,0.087406,30.668697,9.091882,0.0293,-0.0044
2014-03-19,楚天科技,sz300358,62.76,60.06,62.42,61.48,62.72,61.48005,1608339,0.088129,30.062378,8.912136,0.043,-0.015
2014-03-20,楚天科技,sz300358,62.12,60.52,61.06,60.65,61.48,60.650066,1164410,0.063804,29.656534,8.791822,0.026,-0.0067
2014-03-21,楚天科技,sz300358,61.19,58.33,60.3,60.63,60.65,60.63005,1141319,0.062539,29.646748,8.788921,0.0471,0.0054
2014-03-24,楚天科技,sz300358,60.37,57.43,60.36,57.83,60.63,57.830036,1676744,0.091877,28.277601,8.383031,0.0484,-0.0419
2014-03-25,楚天科技,sz300358,58.29,56.78,57.49,57.2,57.83,57.200035,962145,0.052721,27.969545,8.291706,0.0261,-0.005
2014-03-26,楚天科技,sz300358,58.41,57.21,57.25,57.6,57.2,57.600033,857112,0.046966,28.165136,8.34969,0.0209,0.0061
2014-03-27,楚天科技,sz300358,57.59,54.51,57.58,54.51,57.6,54.510025,1341757,0.073522,26.65419,7.901762,0.0534,-0.0533
2014-03-28,楚天科技,sz300358,55.85,52.7,54.58,54.04,54.51,54.04004,1606975,0.088054,26.424377,7.833633,0.0577,-0.0098
2014-03-31,楚天科技,sz300358,54.68,53.11,53.9,53.7,54.04,53.700016,865743,0.047438,26.258116,7.784344,0.029,-0.0037
2014-04-01,楚天科技,sz300358,56.2,53.9,53.95,55.73,53.7,55.730038,1164921,0.063832,27.250751,8.078616,0.0428,0.0329
2014-04-02,楚天科技,sz300358,55.86,54.35,55.33,55.6,55.73,55.60002,1028143,0.056337,27.187176,8.059768,0.027,0.0048
2014-04-03,楚天科技,sz300358,56.18,54.83,55.65,55.13,55.6,55.130035,812996,0.044548,26.957361,7.991639,0.0242,-0.0093
2014-04-04,楚天科技,sz300358,55.45,54.4,54.85,55.18,55.13,55.18004,573692,0.031436,26.981812,7.998888,0.019,0.006
2014-04-08,楚天科技,sz300358,57.09,54.43,54.9,56.61,55.18,56.610027,1059761,0.05807,27.681046,8.206179,0.0482,0.0311
2014-04-09,楚天科技,sz300358,58.36,56.04,56.05,57.79,56.61,57.79001,1301396,0.07131,28.25803,8.377228,0.0409,0.031
2014-04-10,楚天科技,sz300358,58.79,56.76,57.81,56.92,57.79,56.91998,1307388,0.071638,27.832605,8.251109,0.0351,-0.0153
2014-04-11,楚天科技,sz300358,56.6,55.13,56.6,55.4,56.92,55.399986,941093,0.051567,27.089363,8.030772,0.0258,-0.0212
2014-04-14,楚天科技,sz300358,56.23,55.0,55.6,56.1,55.4,56.099968,526945,0.028874,27.431637,8.13224,0.0222,0.0089
2014-04-15,楚天科技,sz300358,56.42,55.83,56.0,55.96,56.1,55.95994,478576,0.026224,27.363169,8.111942,0.0105,-7.0E-4
2014-04-16,楚天科技,sz300358,56.28,54.55,55.8,54.88,55.96,54.87997,621458,0.034053,26.835087,7.95539,0.0309,-0.0164
2014-04-17,楚天科技,sz300358,56.69,54.83,54.96,56.3,54.88,56.299988,751272,0.041166,27.529444,8.161236,0.0338,0.0243
2014-04-18,楚天科技,sz300358,57.25,55.5,56.04,57.16,56.3,57.159973,700640,0.038392,27.949957,8.285899,0.031,0.0199
2014-04-21,楚天科技,sz300358,58.33,56.3,56.49,57.2,57.16,57.199986,1002650,0.05494,27.96952,8.291699,0.0355,0.0125
2014-04-22,楚天科技,sz300358,57.48,54.88,57.24,55.45,57.2,55.45001,875600,0.047979,27.113823,8.038022,0.0454,-0.0312
2014-04-23,楚天科技,sz300358,56.4,55.01,55.48,55.95,55.45,55.95,487509,0.026713,27.358307,8.110501,0.025,0.0084
2014-04-24,楚天科技,sz300358,55.96,54.05,55.71,54.58,55.95,54.58001,635105,0.034801,26.688412,7.911908,0.0341,-0.0202
2014-04-25,楚天科技,sz300358,54.8,53.08,54.5,53.08,54.58,53.079987,702510,0.038494,25.954933,7.694465,0.0315,-0.026
2014-04-28,楚天科技,sz300358,52.98,50.04,52.55,50.05,53.08,50.04997,999042,0.054743,24.473322,7.255234,0.0553,-0.0475
2014-04-29,楚天科技,sz300358,51.14,49.84,50.0,51.06,50.05,51.059975,542847,0.029745,24.967194,7.401644,0.0259,0.0212
2014-04-30,楚天科技,sz300358,51.85,50.82,51.04,51.51,51.06,51.509968,512216,0.028067,25.18723,7.466875,0.0201,0.0092
2014-05-05,楚天科技,sz300358,52.87,51.03,51.3,52.72,51.51,52.71999,558536,0.030605,25.778902,7.642279,0.0357,0.0276
2014-05-06,楚天科技,sz300358,54.47,52.35,52.51,53.71,52.72,53.709965,1003749,0.055001,26.26298,7.785786,0.0402,0.0228
2014-05-07,楚天科技,sz300358,54.7,52.85,53.52,53.69,53.71,53.689983,967474,0.053013,26.253208,7.78289,0.0344,0.0031
2014-05-08,楚天科技,sz300358,53.86,53.09,53.59,53.09,53.69,53.09,517016,0.02833,25.95983,7.695916,0.0143,-0.0093
2014-05-09,楚天科技,sz300358,53.96,52.95,53.02,53.55,53.09,53.550022,523544,0.028688,26.184772,7.762601,0.019,0.0099
2014-05-12,楚天科技,sz300358,54.6,53.02,53.91,54.32,53.55,54.32002,656393,0.035967,26.561283,7.87422,0.0295,0.0076
2014-05-13,楚天科技,sz300358,55.38,53.83,53.93,55.2,54.32,55.200005,770850,0.042239,26.991575,8.001782,0.0285,0.0235
2014-05-14,楚天科技,sz300358,57.95,55.3,55.52,57.23,55.2,57.229984,1365054,0.074798,27.984192,8.296048,0.048,0.0307
2014-05-15,楚天科技,sz300358,59.17,56.7,57.38,57.84,57.23,57.84,2145133,0.117543,28.282475,8.384475,0.0431,0.008
2014-05-16,楚天科技,sz300358,59.8,56.75,57.84,58.02,57.84,58.019997,1797498,0.098494,28.37049,8.410568,0.0527,0.0031
2014-05-19,楚天科技,sz300358,57.9,55.6,57.9,56.56,58.02,56.559982,1054529,0.057783,27.656574,8.198924,0.0396,-0.0231
2014-05-20,楚天科技,sz300358,59.56,57.3,57.3,57.77,56.56,57.76997,1927065,0.105594,28.248232,8.374324,0.0399,0.0082
2014-05-21,楚天科技,sz300358,35.99,34.55,35.88,35.3,57.77,56.879967,1653680,0.056633,27.81304,8.245309,0.0249,-0.0161
2014-05-22,楚天科技,sz300358,35.96,34.78,35.44,34.81,35.3,56.090416,1395571,0.047794,27.426966,8.130856,0.0334,-0.0177
2014-05-23,楚天科技,sz300358,35.99,34.61,34.94,35.98,34.81,57.97567,1473879,0.050476,28.348814,8.404142,0.0396,0.0297
2014-08-22,楚天科技,sz300358,39.58,39.58,39.58,39.58,35.98,63.77648,42725,0.001463,31.185284,9.245027,0.0,0.0
2014-08-25,楚天科技,sz300358,43.54,43.54,43.54,43.54,39.58,70.15739,140035,0.004796,34.3054,10.170001,0.0,0.0
2014-08-26,楚天科技,sz300358,47.89,45.0,45.9,46.45,43.54,74.84635,8258531,0.282829,36.5982,10.849713,0.0663,0.0119
2014-08-27,楚天科技,sz300358,47.7,44.56,45.98,44.58,46.45,71.83319,4603944,0.157671,35.124832,10.412925,0.0675,-0.0304
2014-08-28,楚天科技,sz300358,44.17,42.01,44.13,42.2,44.58,67.99823,3351042,0.114763,33.249622,9.85701,0.0484,-0.0437
2014-08-29,楚天科技,sz300358,43.5,41.55,41.87,42.51,42.2,68.49774,1811151,0.062026,33.493874,9.92942,0.0462,0.0152
2014-09-01,楚天科技,sz300358,43.0,41.85,43.0,42.94,42.51,69.1906,1831312,0.062717,33.832664,10.029856,0.027,-0.0013
2014-09-02,楚天科技,sz300358,44.2,42.61,43.08,43.64,42.94,70.31854,2140562,0.073308,34.384205,10.193363,0.037,0.0129
2014-09-03,楚天科技,sz300358,44.54,43.3,43.79,44.01,43.64,70.9147,2099156,0.07189,34.675716,10.279782,0.0284,0.005
2014-09-04,楚天科技,sz300358,44.26,43.6,43.6,43.96,44.01,70.834145,1725216,0.059083,34.636322,10.268104,0.0149,0.0082
2014-09-05,楚天科技,sz300358,46.45,43.89,43.97,44.92,43.96,72.38102,2452219,0.083981,35.39271,10.492339,0.0582,0.0216
2014-09-09,楚天科技,sz300358,45.39,44.58,45.39,45.17,44.92,72.78382,1424935,0.0488,35.589672,10.550729,0.018,-0.0048
2014-09-10,楚天科技,sz300358,45.94,44.68,44.7,45.28,45.17,72.96105,1625679,0.055675,35.676334,10.57642,0.0278,0.0129
2014-09-11,楚天科技,sz300358,45.55,43.62,44.88,43.72,45.28,70.447395,2771923,0.09493,34.447212,10.212041,0.0426,-0.0258
2014-09-12,楚天科技,sz300358,44.28,43.43,43.78,44.0,43.72,70.898544,1217876,0.041709,34.667812,10.277439,0.0194,0.005
2014-09-15,楚天科技,sz300358,43.99,43.25,43.99,43.3,44.0,69.770615,1898740,0.065026,34.11628,10.113935,0.0168,-0.0156
2014-09-16,楚天科技,sz300358,43.67,41.6,43.44,41.69,43.3,67.17641,1716018,0.058768,32.84777,9.737879,0.0478,-0.0402
2014-09-17,楚天科技,sz300358,41.96,40.82,41.69,41.81,41.69,67.369736,1022774,0.035027,32.942307,9.765905,0.0273,0.0028
2014-09-18,楚天科技,sz300358,41.85,41.21,41.5,41.6,41.81,67.03134,775202,0.026548,32.776836,9.71685,0.0153,0.0024
2014-09-19,楚天科技,sz300358,45.0,41.83,41.83,44.5,41.6,71.70423,2835926,0.097122,35.061775,10.394231,0.0762,0.0638
2014-09-22,楚天科技,sz300358,44.29,43.1,43.99,43.34,44.5,69.83511,1150524,0.039402,34.14782,10.123285,0.0267,-0.0147
2014-09-23,楚天科技,sz300358,43.91,43.14,43.34,43.91,43.34,70.753586,915552,0.031355,34.59693,10.256426,0.0177,0.0131
2014-09-24,楚天科技,sz300358,44.27,43.5,43.8,43.88,43.91,70.70526,1557370,0.053335,34.573303,10.249421,0.0175,0.0018
2014-09-25,楚天科技,sz300358,44.2,43.16,43.99,43.26,43.88,69.70627,1051697,0.036017,34.084816,10.104607,0.0237,-0.0165
2014-09-26,楚天科技,sz300358,43.25,42.22,43.2,42.54,43.26,68.546074,1089771,0.037321,33.51751,9.936426,0.0238,-0.0152
2014-09-29,楚天科技,sz300358,43.38,42.56,42.6,43.05,42.54,69.367874,946162,0.032403,33.91935,10.055554,0.0192,0.0105
2014-09-30,楚天科技,sz300358,44.79,42.84,43.18,44.03,43.05,70.94697,1584930,0.054279,34.69149,10.284459,0.0452,0.0196
2014-10-08,楚天科技,sz300358,45.8,44.3,44.3,44.7,44.03,72.026566,1322454,0.04529,35.21939,10.440957,0.034,0.009
2014-10-09,楚天科技,sz300358,44.95,43.88,44.71,44.5,44.7,71.70432,1550883,0.053113,35.061817,10.394244,0.0239,-0.0046
2014-10-10,楚天科技,sz300358,45.34,44.01,44.4,45.14,44.5,72.73557,1353106,0.04634,35.56608,10.543734,0.0298,0.0166
2014-10-13,楚天科技,sz300358,46.4,44.8,45.0,46.39,45.14,74.74976,2357561,0.080739,36.550976,10.835711,0.0354,0.0308
2014-10-14,楚天科技,sz300358,46.39,44.6,46.2,44.86,46.39,72.28444,1656807,0.056741,35.345486,10.478339,0.0385,-0.029
2014-10-15,楚天科技,sz300358,45.59,44.2,44.95,45.07,44.86,72.6228,1334929,0.045717,35.510937,10.527388,0.0309,0.0026
2014-10-16,楚天科技,sz300358,45.87,44.22,44.97,44.29,45.07,71.366,1718714,0.058861,34.896385,10.345201,0.0366,-0.0151
2014-10-17,楚天科技,sz300358,44.83,42.8,44.02,44.63,44.29,71.91387,1599263,0.05477,35.164288,10.424621,0.0458,0.0138
2014-10-20,楚天科技,sz300358,45.59,44.44,44.44,45.4,44.63,73.1546,1190492,0.040771,35.770973,10.604477,0.0257,0.0216
2014-10-21,楚天科技,sz300358,46.2,44.93,45.45,45.37,45.4,73.10625,1461298,0.050045,35.74733,10.597468,0.0279,-0.0017
2014-10-22,楚天科技,sz300358,46.38,45.22,45.4,46.0,45.37,74.1214,2078508,0.071183,36.243717,10.744624,0.0255,0.0132
2014-10-23,楚天科技,sz300358,45.95,43.38,45.95,43.38,46.0,69.899666,1976242,0.06768,34.179382,10.132642,0.0558,-0.0559
2014-10-24,楚天科技,sz300358,43.69,42.22,43.39,42.37,43.38,68.272194,1234022,0.042261,33.383587,9.896724,0.0338,-0.0235
2014-10-27,楚天科技,sz300358,42.97,42.37,42.38,42.89,42.37,69.1101,590930,0.020238,33.793304,10.018187,0.0141,0.012
2014-10-28,楚天科技,sz300358,43.95,43.0,43.0,43.79,42.89,70.5603,1154228,0.039529,34.502422,10.228408,0.0221,0.0183
2014-10-29,楚天科技,sz300358,44.91,43.82,43.82,44.7,43.79,72.02662,1620860,0.055509,35.219418,10.440965,0.0248,0.02
2014-10-30,楚天科技,sz300358,45.3,44.26,44.8,44.28,44.7,71.34985,1374279,0.047065,34.888493,10.342861,0.0232,-0.0116
2014-10-31,楚天科技,sz300358,45.98,43.85,44.4,45.83,44.28,73.84746,2674624,0.091598,36.109764,10.704913,0.0481,0.0322
2014-11-03,楚天科技,sz300358,50.38,46.85,46.85,49.38,45.83,79.56768,4334811,0.148454,38.90683,11.534116,0.077,0.054
2014-11-04,楚天科技,sz300358,51.0,48.15,49.37,50.37,49.38,81.16293,3864058,0.132332,39.68687,11.765363,0.0577,0.0202
2014-11-05,楚天科技,sz300358,50.55,49.08,50.18,49.12,50.37,79.148796,1805481,0.061832,38.702003,11.473394,0.0291,-0.0211
2014-11-06,楚天科技,sz300358,52.0,49.08,49.38,51.1,49.12,82.3392,2610272,0.089394,40.26204,11.935875,0.0594,0.0348
2014-11-07,楚天科技,sz300358,52.86,50.01,51.45,50.8,51.1,81.85579,3040092,0.104114,40.02566,11.8658,0.0557,-0.0126
2014-11-10,楚天科技,sz300358,52.35,50.0,50.31,50.1,50.8,80.72782,2100619,0.07194,39.47411,11.702289,0.0462,-0.0041
2014-11-11,楚天科技,sz300358,51.48,47.8,50.75,48.5,50.1,78.1497,2649687,0.090744,38.213463,11.328565,0.0734,-0.0443
2014-11-12,楚天科技,sz300358,50.67,48.0,48.7,49.94,48.5,80.47004,2214719,0.075847,39.34806,11.664921,0.055,0.0254
2014-11-13,楚天科技,sz300358,49.5,47.4,49.5,47.82,49.94,77.054,2458463,0.084195,37.677696,11.169734,0.042,-0.0339
2014-11-14,楚天科技,sz300358,48.4,46.4,47.05,46.79,47.82,75.39434,1525826,0.052255,36.866158,10.929149,0.0418,-0.0055
2014-11-17,楚天科技,sz300358,48.27,46.44,46.54,47.79,46.79,77.00566,1319402,0.045185,37.65406,11.162726,0.0391,0.0268
2014-11-18,楚天科技,sz300358,48.48,47.3,47.35,48.45,47.79,78.069115,869433,0.029775,38.17406,11.316884,0.0246,0.0232
2014-11-19,楚天科技,sz300358,48.68,47.7,48.55,48.26,48.45,77.762924,822589,0.028171,38.02434,11.272499,0.0202,-0.0059
2014-11-20,楚天科技,sz300358,47.8,46.83,47.8,47.05,48.26,75.81318,1329007,0.045514,37.070957,10.989863,0.02,-0.0156
2014-11-21,楚天科技,sz300358,48.18,47.06,47.3,47.5,47.05,76.53825,1065454,0.036489,37.425507,11.094971,0.0238,0.0042
2014-11-24,楚天科技,sz300358,48.14,46.6,47.85,46.92,47.5,75.603645,1613477,0.055257,36.968502,10.95949,0.0324,-0.0194
2014-11-25,楚天科技,sz300358,47.2,45.9,47.2,46.31,46.92,74.62072,2418917,0.08284,36.487877,10.817006,0.0277,-0.0188
2014-11-26,楚天科技,sz300358,49.29,46.0,46.5,49.29,46.31,79.42249,3302349,0.113095,38.835835,11.513069,0.071,0.0599
2014-11-27,楚天科技,sz300358,49.37,48.32,48.88,48.75,49.29,78.55234,2046466,0.070085,38.410347,11.386932,0.0213,-0.0026
2014-11-28,楚天科技,sz300358,50.28,48.6,48.74,48.98,48.75,78.92295,2219278,0.076003,38.591568,11.440655,0.0344,0.0049
2014-12-01,楚天科技,sz300358,48.88,46.8,48.88,47.21,48.98,76.07091,2412655,0.082626,37.196983,11.027224,0.0424,-0.0341
2014-12-02,楚天科技,sz300358,50.28,47.1,47.35,48.94,47.21,78.85853,3235556,0.110808,38.560066,11.431317,0.0673,0.0335
2014-12-03,楚天科技,sz300358,50.94,47.54,49.39,50.36,48.94,81.14661,3172628,0.108653,39.678886,11.762997,0.0694,0.0196
2014-12-04,楚天科技,sz300358,50.7,49.5,50.7,49.7,50.36,80.0831,2112443,0.072345,39.158855,11.608831,0.0238,-0.0197
2014-12-05,楚天科技,sz300358,49.5,46.01,49.5,47.31,49.7,76.23199,2457576,0.084164,37.275745,11.050574,0.0702,-0.0442
2014-12-08,楚天科技,sz300358,48.0,46.09,47.28,46.62,47.31,75.12014,1911219,0.065453,36.73208,10.889401,0.0403,-0.0139
2014-12-09,楚天科技,sz300358,46.62,41.97,46.62,42.0,46.62,67.67581,3102152,0.106239,33.09197,9.810272,0.0997,-0.099
2014-12-10,楚天科技,sz300358,43.97,42.24,42.28,43.68,42.0,70.38284,1390251,0.047612,34.415646,10.202683,0.0411,0.0331
2014-12-11,楚天科技,sz300358,44.33,43.14,44.0,43.73,43.68,70.46343,1125144,0.038533,34.45505,10.214365,0.0272,-0.0061
2014-12-12,楚天科技,sz300358,44.33,43.58,43.71,44.29,43.73,71.36578,1010901,0.03462,34.896282,10.345171,0.0171,0.0132
2014-12-15,楚天科技,sz300358,45.47,43.3,44.0,45.38,44.29,73.12217,1004119,0.034388,35.755116,10.599776,0.0489,0.0313
2014-12-16,楚天科技,sz300358,45.85,44.57,45.38,44.85,45.38,72.26817,884584,0.030294,35.337532,10.475981,0.0282,-0.0116
2014-12-17,楚天科技,sz300358,44.5,42.8,44.5,43.15,44.85,69.52892,1281686,0.043894,33.998096,10.078899,0.0379,-0.0303
2014-12-18,楚天科技,sz300358,43.75,42.8,43.03,42.8,43.15,68.96497,856513,0.029333,33.72234,9.997149,0.022,-0.0053
2014-12-19,楚天科技,sz300358,42.95,39.68,42.88,41.35,42.8,66.62851,1574130,0.053909,32.57986,9.658456,0.0764,-0.0356
2014-12-22,楚天科技,sz300358,41.1,38.51,41.03,39.01,41.35,62.858,1234061,0.042263,30.736166,9.111884,0.0626,-0.0492
2014-12-23,楚天科技,sz300358,39.91,38.3,39.02,38.45,39.01,61.955673,1046572,0.035842,30.294949,8.981083,0.0412,-0.0146
2014-12-24,楚天科技,sz300358,40.78,38.88,38.88,40.5,38.45,65.2589,1390222,0.047611,31.910154,9.459918,0.0494,0.0416
2014-12-25,楚天科技,sz300358,40.8,39.68,40.56,40.56,40.5,65.35555,922672,0.031599,31.957413,9.473928,0.0276,0.0
2014-12-26,楚天科技,sz300358,40.76,40.08,40.26,40.19,40.56,64.75938,671699,0.023004,31.665897,9.387507,0.0167,-0.0017
2014-12-29,楚天科技,sz300358,39.81,38.4,39.58,38.89,40.19,62.664673,1106700,0.037901,30.641632,9.083859,0.035,-0.0174
2014-12-30,楚天科技,sz300358,39.55,38.45,39.4,39.21,38.89,63.180275,809072,0.027708,30.893751,9.158601,0.0282,-0.0048
2014-12-31,楚天科技,sz300358,39.7,38.91,39.23,39.7,39.21,63.96984,1036689,0.035503,31.27983,9.273056,0.0201,0.0119
2015-01-01,楚天科技,sz300358,39.7,39.7,39.7,39.7,39.7,19.6706,0,0.0,0.0,0.0,0.0,0.0
2015-01-02,楚天科技,sz300358,39.7,39.7,39.7,39.7,39.7,19.6706,0,0.0,0.0,0.0,0.0,0.0
2015-01-05,楚天科技,sz300358,40.98,39.83,40.41,40.98,39.7,20.3048,41664,0.071344,32.288357,9.572038,0.0289,0.0141
2015-01-06,楚天科技,sz300358,42.67,40.1,40.46,42.37,40.98,20.9936,33853,0.057969,33.383545,9.896712,0.0627,0.0472
2015-01-07,楚天科技,sz300358,42.48,41.02,42.0,41.24,42.37,20.4337,27032,0.04629,32.493202,9.632766,0.0344,-0.018
2015-01-08,楚天科技,sz300358,42.19,41.0,41.0,41.29,41.24,20.4584,17925,0.030694,32.532585,9.644441,0.0288,0.007
2015-01-09,楚天科技,sz300358,42.85,41.49,41.5,41.6,41.29,20.612,24819,0.0425,32.77684,9.716852,0.0329,0.0024
2015-01-12,楚天科技,sz300358,42.15,40.88,41.51,40.93,41.6,20.2801,18683,0.031992,32.248936,9.560352,0.0305,-0.0139
2015-01-13,楚天科技,sz300358,42.66,40.86,40.93,42.58,40.93,21.0976,28429,0.048681,33.54899,9.945759,0.0439,0.0403
2015-01-14,楚天科技,sz300358,42.64,41.41,42.26,42.12,42.58,20.8697,19626,0.033607,33.186558,9.838315,0.0288,-0.0033
2015-01-15,楚天科技,sz300358,44.8,42.7,42.8,43.75,42.12,21.6773,36156,0.061912,34.470844,10.219047,0.0498,0.0221
2015-01-16,楚天科技,sz300358,44.58,43.32,44.27,44.4,43.75,21.9994,28434,0.04869,34.98298,10.370872,0.0287,0.0029
2015-01-19,楚天科技,sz300358,46.48,43.5,44.08,44.63,44.4,22.1134,52871,0.090533,35.164192,10.424593,0.0671,0.0124
2015-01-20,楚天科技,sz300358,46.67,44.8,44.98,46.56,44.63,23.0696,54008,0.092481,36.68483,10.875394,0.0419,0.0351
2015-01-21,楚天科技,sz300358,48.58,46.03,46.58,47.3,46.56,23.4363,48174,0.065645,37.267864,11.048237,0.0547,0.0154
2015-01-22,楚天科技,sz300358,49.2,47.05,47.54,49.2,47.3,24.3777,48221,0.065709,38.764877,11.492033,0.0454,0.0349
2015-01-23,楚天科技,sz300358,50.35,47.48,49.4,48.58,49.2,24.0705,66194,0.0902,38.27636,11.347211,0.0583,-0.0165
2015-01-26,楚天科技,sz300358,51.5,48.58,50.01,48.63,48.58,24.0953,99788,0.135977,36.162273,6.811825,0.0601,-0.0275
2015-01-27,楚天科技,sz300358,47.97,46.63,47.97,47.0,48.63,23.2877,74010,0.10085,34.950188,6.583506,0.0275,-0.0202
2015-01-28,楚天科技,sz300358,47.48,46.35,46.48,46.62,47.0,23.0994,39758,0.054178,34.667614,6.530278,0.024,0.003
2015-01-29,楚天科技,sz300358,46.59,45.38,46.59,45.91,46.62,22.7476,44234,0.060277,34.139626,6.430822,0.0259,-0.0145
2015-01-30,楚天科技,sz300358,45.98,44.95,45.9,44.95,45.91,22.2719,37938,0.051697,33.425766,6.296354,0.0224,-0.0206
2015-02-02,楚天科技,sz300358,45.66,44.02,44.59,45.54,44.95,22.5642,38101,0.05192,33.864513,6.379,0.0364,0.0213
2015-02-03,楚天科技,sz300358,47.09,45.46,45.47,46.67,45.54,23.1241,46829,0.063812,34.704792,6.537282,0.0357,0.0263
2015-02-04,楚天科技,sz300358,47.4,46.21,46.56,46.43,46.67,23.0052,37129,0.050595,34.52634,6.503667,0.0254,-0.0027
2015-02-05,楚天科技,sz300358,47.2,46.0,46.5,46.58,46.43,23.0795,36544,0.049798,34.637897,6.52468,0.0258,0.0017
2015-02-06,楚天科技,sz300358,46.74,44.16,46.25,44.51,46.58,22.0539,37718,0.051398,33.098587,6.234724,0.0553,-0.0376
2015-02-09,楚天科技,sz300358,45.48,44.06,44.06,44.34,44.51,21.9697,19999,0.027252,32.972183,6.210913,0.0319,0.0063
2015-02-10,楚天科技,sz300358,45.0,44.2,44.3,45.0,44.34,22.2967,19270,0.026259,33.462975,6.303363,0.018,0.0158
2015-02-11,楚天科技,sz300358,46.58,45.01,45.08,46.44,45.0,23.0102,22883,0.031182,34.53379,6.50507,0.0348,0.0301
2015-02-12,楚天科技,sz300358,47.6,46.46,46.64,46.93,46.44,23.253,27641,0.037666,34.898155,6.573705,0.0245,0.0062
2015-02-13,楚天科技,sz300358,48.3,47.07,47.39,47.91,46.93,23.7385,52009,0.070871,35.6269,6.710977,0.0262,0.0109
2015-02-16,楚天科技,sz300358,48.17,47.2,47.8,48.0,47.91,23.7831,38248,0.05212,35.693844,6.723587,0.0202,0.0041
2015-02-17,楚天科技,sz300358,48.2,47.3,48.19,47.74,48.0,23.6543,31360,0.042734,35.50049,6.687166,0.0187,-0.0093
2015-02-18,楚天科技,sz300358,47.74,47.74,47.74,47.74,47.74,23.6543,0,0.0,0.0,0.0,0.0,0.0
2015-02-19,楚天科技,sz300358,47.74,47.74,47.74,47.74,47.74,23.6543,0,0.0,0.0,0.0,0.0,0.0
2015-02-20,楚天科技,sz300358,47.74,47.74,47.74,47.74,47.74,23.6543,0,0.0,0.0,0.0,0.0,0.0
2015-02-23,楚天科技,sz300358,47.74,47.74,47.74,47.74,47.74,23.6543,0,0.0,0.0,0.0,0.0,0.0
2015-02-24,楚天科技,sz300358,47.74,47.74,47.74,47.74,47.74,23.6543,0,0.0,0.0,0.0,0.0,0.0
2015-02-25,楚天科技,sz300358,47.82,46.97,47.36,47.16,47.74,23.3669,20032,0.027298,35.069195,6.605923,0.0178,-0.0042
2015-02-26,楚天科技,sz300358,47.77,46.9,47.28,47.65,47.16,23.6097,23704,0.032301,35.433563,6.674559,0.0184,0.0078
2015-02-27,楚天科技,sz300358,49.3,47.15,47.58,49.27,47.65,24.4124,55790,0.076023,36.638233,6.901481,0.0451,0.0355
2015-03-02,楚天科技,sz300358,50.34,48.9,49.4,50.23,49.27,24.8881,63127,0.086021,37.352093,7.035949,0.0292,0.0168
2015-03-03,楚天科技,sz300358,50.24,48.79,50.13,48.79,50.23,24.1746,49878,0.067967,36.28128,6.834242,0.0288,-0.0267
2015-03-04,楚天科技,sz300358,53.67,48.72,48.72,52.46,48.79,25.993,116706,0.159031,39.01036,7.348314,0.1014,0.0767
2015-03-05,楚天科技,sz300358,53.38,51.51,52.0,52.99,52.46,26.2556,66512,0.090633,39.404484,7.422554,0.0356,0.019
2015-03-06,楚天科技,sz300358,58.29,51.39,52.92,58.29,52.99,28.8816,119614,0.162993,43.34568,8.164951,0.1302,0.1014
2015-03-09,楚天科技,sz300358,60.99,57.3,58.31,60.5,58.29,29.9767,96513,0.131514,44.989086,8.474516,0.0633,0.0375
2015-03-10,楚天科技,sz300358,63.6,59.35,59.35,62.68,60.5,31.0568,69028,0.094062,46.61018,8.779879,0.0702,0.0561
2015-03-11,楚天科技,sz300358,62.0,59.73,61.98,60.6,62.68,30.0262,54808,0.074685,45.063465,8.488527,0.0362,-0.0222
2015-03-12,楚天科技,sz300358,62.48,56.0,60.88,58.2,60.6,28.837,77503,0.10561,43.278774,8.152348,0.1069,-0.044
2015-03-13,楚天科技,sz300358,59.86,57.08,57.88,59.6,58.2,29.5307,39191,0.053405,44.319843,8.348452,0.0477,0.0297
2015-03-16,楚天科技,sz300358,32.78,30.05,30.835,32.435,59.6,16.071,75108,0.102347,48.23874,9.086648,0.0458,0.0518
2015-03-17,楚天科技,sz300358,33.75,30.0,32.9,32.6,32.435,16.1527,87997,0.11991,48.484127,9.132871,0.1156,-0.0091
2015-03-18,楚天科技,sz300358,34.15,32.25,33.0,33.2,32.6,16.45,90111,0.122791,49.37648,9.300962,0.0582,0.006
2015-03-19,楚天科技,sz300358,34.2,32.2,33.7,32.86,33.2,32.86,105486,0.143742,49.0939,9.247732,0.0602,-0.0249
2015-03-20,楚天科技,sz300358,36.15,32.1,32.1,36.15,32.86,36.15,144533,0.196949,54.009277,10.173634,0.1232,0.1261
2015-03-23,楚天科技,sz300358,39.1,36.0,36.9,38.68,36.15,38.68,148613,0.202508,57.78917,10.885646,0.0857,0.0482
2015-03-24,楚天科技,sz300358,42.44,36.2,39.24,41.66,38.68,41.66,176694,0.240774,62.241364,11.724298,0.1613,0.0616
2015-03-25,楚天科技,sz300358,43.0,39.67,41.52,41.72,41.66,41.72,147816,0.201423,62.33099,11.741181,0.0799,0.0048
2015-03-26,楚天科技,sz300358,41.28,37.55,40.9,37.93,41.72,37.93,134705,0.183557,56.668594,10.674565,0.0894,-0.0726
2015-03-27,楚天科技,sz300358,37.58,35.78,37.45,37.25,37.93,37.25,74747,0.101855,55.652637,10.483191,0.0474,-0.0053
2015-03-30,楚天科技,sz300358,37.98,36.0,37.26,36.4,37.25,36.4,60705,0.082721,54.3827,10.243975,0.0531,-0.023
2015-03-31,楚天科技,sz300358,38.59,36.18,36.42,37.82,36.4,37.82,75883,0.103403,56.504227,10.643603,0.0662,0.0384
2015-04-01,楚天科技,sz300358,38.5,37.51,37.96,38.11,37.82,38.11,46798,0.06377,56.9375,10.725218,0.0261,0.0039
2015-04-02,楚天科技,sz300358,39.0,37.9,38.3,38.57,38.11,38.57,65394,0.08911,57.624737,10.854672,0.0288,0.007
2015-04-03,楚天科技,sz300358,38.51,37.62,38.51,37.85,38.57,37.85,52612,0.071692,56.549053,10.652047,0.023,-0.0171
2015-04-06,楚天科技,sz300358,37.85,37.85,37.85,37.85,37.85,37.85,0,0.0,0.0,0.0,0.0,0.0
2015-04-07,楚天科技,sz300358,38.39,37.3,37.86,38.23,37.85,38.23,63798,0.086935,57.116806,10.758994,0.0287,0.0097
2015-04-08,楚天科技,sz300358,38.6,36.28,38.3,37.22,38.23,37.22,54977,0.074915,55.607838,10.474752,0.0606,-0.0281
2015-04-09,楚天科技,sz300358,37.18,33.68,35.28,36.89,37.22,36.89,99181,0.13515,55.11482,10.381883,0.094,0.0456
2015-04-10,楚天科技,sz300358,37.5,35.63,36.45,36.88,36.89,36.88,61040,0.083176,55.09988,10.37907,0.0506,0.0117
2015-04-13,楚天科技,sz300358,37.5,36.26,36.88,37.11,36.88,37.11,56100,0.076445,55.443485,10.443793,0.0336,0.0062
2015-04-14,楚天科技,sz300358,37.0,35.55,36.96,35.78,37.11,35.78,48235,0.065728,53.456448,10.069498,0.039,-0.0319
2015-04-15,楚天科技,sz300358,35.36,32.95,35.36,33.19,35.78,33.19,56181,0.076556,49.586895,9.340597,0.0673,-0.0613
2015-04-16,楚天科技,sz300358,33.19,33.19,33.19,33.19,33.19,33.19,0,0.0,0.0,0.0,0.0,0.0
2015-04-17,楚天科技,sz300358,33.19,33.19,33.19,33.19,33.19,33.19,0,0.0,0.0,0.0,0.0,0.0
2015-04-20,楚天科技,sz300358,33.19,33.19,33.19,33.19,33.19,33.19,0,0.0,0.0,0.0,0.0,0.0
2015-04-21,楚天科技,sz300358,33.19,33.19,33.19,33.19,33.19,33.19,0,0.0,0.0,0.0,0.0,0.0
2015-04-22,楚天科技,sz300358,33.19,33.19,33.19,33.19,33.19,33.19,0,0.0,0.0,0.0,0.0,0.0
2015-04-23,楚天科技,sz300358,36.51,35.3,36.51,36.51,33.19,36.51,35057,0.047771,61.085377,10.363064,0.0364,0.0
2015-04-24,楚天科技,sz300358,39.56,36.71,37.5,38.9,36.51,38.9,127084,0.173172,65.084145,11.041451,0.078,0.0373
2015-04-27,楚天科技,sz300358,39.65,37.12,39.38,37.3,38.9,37.3,76776,0.10462,62.40717,10.587305,0.065,-0.0528
2015-04-28,楚天科技,sz300358,37.3,33.57,37.3,33.97,37.3,33.97,76555,0.104319,56.83571,9.642112,0.0999,-0.0892
2015-04-29,楚天科技,sz300358,35.0,33.18,33.9,34.56,33.97,34.56,31425,0.042822,57.82283,9.809577,0.0535,0.0194
2015-04-30,楚天科技,sz300358,35.48,34.5,34.5,34.51,34.56,34.51,24268,0.033069,57.73916,9.795382,0.0283,2.0E-4
2015-05-01,楚天科技,sz300358,34.51,34.51,34.51,34.51,34.51,34.51,0,0.0,0.0,0.0,0.0,0.0
2015-05-04,楚天科技,sz300358,34.51,33.6,34.51,33.99,34.51,33.99,25804,0.035163,56.86915,9.647785,0.0263,-0.015
2015-05-05,楚天科技,sz300358,34.63,33.64,33.99,34.08,33.99,34.08,28003,0.038159,57.019737,9.673333,0.0291,0.0026
2015-05-06,楚天科技,sz300358,34.99,34.07,34.08,34.3,34.08,34.3,34928,0.047596,57.3878,9.735774,0.0269,0.0064
2015-05-07,楚天科技,sz300358,34.48,32.1,34.39,32.23,34.3,32.23,39580,0.053934,53.924446,9.14822,0.0693,-0.0628
2015-05-08,楚天科技,sz300358,34.5,32.58,32.75,34.33,32.23,34.33,39999,0.054506,57.438,9.744291,0.0595,0.0482
2015-05-11,楚天科技,sz300358,36.6,34.44,34.64,36.09,34.33,36.09,71040,0.096803,60.382675,10.243851,0.0629,0.0418
2015-05-12,楚天科技,sz300358,36.48,35.0,36.41,35.72,36.09,35.72,58205,0.079315,59.76363,10.138831,0.041,-0.0189
2015-05-13,楚天科技,sz300358,38.8,34.53,35.25,37.28,35.72,37.28,88453,0.120532,62.373688,10.581624,0.1195,0.0575
2015-05-14,楚天科技,sz300358,38.99,36.79,37.0,38.98,37.28,38.98,111853,0.152417,65.21799,11.064157,0.059,0.0535
2015-05-15,楚天科技,sz300358,42.88,38.4,38.97,42.88,38.98,42.88,160950,0.219319,71.74312,12.171137,0.1149,0.1003
2015-05-18,楚天科技,sz300358,47.17,43.0,44.5,47.17,42.88,47.17,124722,0.169953,78.9208,13.388823,0.0972,0.06
2015-05-19,楚天科技,sz300358,51.81,44.77,47.21,49.75,47.17,49.75,127673,0.173975,83.23745,14.121138,0.1492,0.0538
2015-05-20,楚天科技,sz300358,54.73,50.35,50.35,54.73,49.75,54.73,80918,0.110264,91.5696,15.534678,0.088,0.0869
2015-05-21,楚天科技,sz300358,60.0,52.52,59.58,54.02,54.73,54.02,140290,0.191182,90.38169,15.33315,0.1366,-0.0933
2015-05-22,楚天科技,sz300358,55.99,49.5,54.36,50.07,54.02,50.07,144518,0.196952,83.77289,14.211974,0.1201,-0.0789
2015-05-25,楚天科技,sz300358,51.49,46.5,48.98,50.0,50.07,50.0,88279,0.120304,83.65577,14.192105,0.0996,0.0208
2015-05-26,楚天科技,sz300358,54.85,49.58,49.88,53.9,50.0,53.9,79828,0.108765,90.180916,15.299089,0.1054,0.0805
2015-05-27,楚天科技,sz300358,56.28,51.7,54.2,51.93,53.9,51.93,71767,0.097792,86.88488,14.73992,0.0849,-0.0418
2015-05-28,楚天科技,sz300358,53.99,46.74,51.0,46.99,51.93,46.99,91845,0.125168,78.61969,13.33774,0.1396,-0.0786
2015-05-29,楚天科技,sz300358,51.69,44.0,47.5,51.69,46.99,51.69,97014,0.132208,86.48333,14.671798,0.1636,0.0882
2015-06-01,楚天科技,sz300358,56.86,52.36,52.36,56.86,51.69,56.86,101293,0.138019,95.13334,16.139261,0.087,0.0859
2015-06-02,楚天科技,sz300358,62.51,55.88,56.7,61.42,56.86,61.42,91451,0.124627,102.76275,17.433582,0.1166,0.0832
2015-06-03,楚天科技,sz300358,61.3,56.5,60.47,58.89,61.42,58.89,70095,0.095509,98.52976,16.715462,0.0781,-0.0261
2015-06-04,楚天科技,sz300358,61.45,54.0,58.0,59.7,58.89,59.7,57721,0.078657,99.88499,16.945374,0.1265,0.0293
2015-06-05,楚天科技,sz300358,63.7,56.72,59.9,58.27,59.7,58.27,52606,0.071687,97.49243,16.539478,0.1169,-0.0272
2015-06-08,楚天科技,sz300358,61.97,53.5,57.0,60.4,58.27,60.4,76530,0.104273,101.05617,17.144064,0.1453,0.0596
2015-06-09,楚天科技,sz300358,66.0,60.5,60.6,63.0,60.4,63.0,62775,0.085547,105.406265,17.882051,0.091,0.0396
2015-06-10,楚天科技,sz300358,69.3,60.42,61.78,69.3,63.0,69.3,68310,0.093077,115.94689,19.670258,0.1409,0.1217
2015-06-11,楚天科技,sz300358,73.0,66.31,69.66,68.5,69.3,68.5,57038,0.077722,114.6084,19.443184,0.0965,-0.0166
2015-06-12,楚天科技,sz300358,71.0,66.53,68.03,69.4,68.5,69.4,36919,0.050308,116.114204,19.69864,0.0652,0.0201
2015-06-15,楚天科技,sz300358,69.0,63.69,68.1,65.18,69.4,65.18,35205,0.047975,109.05366,18.500828,0.0765,-0.0428
2015-06-16,楚天科技,sz300358,67.15,58.66,62.88,66.0,65.18,66.0,66852,0.091105,110.42561,18.733578,0.1302,0.0496
2015-06-17,楚天科技,sz300358,67.5,60.76,64.5,65.06,66.0,65.06,34478,0.046977,108.85288,18.466766,0.1021,0.0086
2015-06-18,楚天科技,sz300358,65.06,58.55,65.06,58.6,65.06,58.6,42708,0.058202,98.04456,16.633146,0.1,-0.0992
2015-06-19,楚天科技,sz300358,56.66,52.74,53.63,52.74,58.6,52.74,45215,0.061619,88.240105,14.969832,0.0668,-0.0165
2015-06-22,楚天科技,sz300358,52.74,52.74,52.74,52.74,52.74,52.74,0,0.0,0.0,0.0,0.0,0.0
2015-06-23,楚天科技,sz300358,52.73,47.47,51.51,51.3,52.74,51.3,33545,0.045707,85.83082,14.5611,0.0997,-0.004
2015-06-24,楚天科技,sz300358,52.77,48.5,52.44,50.38,51.3,50.38,38731,0.05278,84.29155,14.299965,0.0832,-0.0392
2015-06-25,楚天科技,sz300358,52.44,47.0,51.65,47.99,50.38,47.99,32978,0.044935,80.29281,13.621582,0.1079,-0.0708
2015-06-26,楚天科技,sz300358,46.5,43.19,46.5,43.19,47.99,43.19,41290,0.056256,72.26185,12.25914,0.0689,-0.0711
2015-06-29,楚天科技,sz300358,44.95,38.87,44.8,38.88,43.19,38.88,63141,0.086047,65.05073,11.035781,0.1407,-0.1321
2015-06-30,楚天科技,sz300358,42.77,38.0,38.8,42.77,38.88,42.77,90682,0.123557,71.55914,12.139926,0.1226,0.1023
2015-07-01,楚天科技,sz300358,47.05,42.7,44.9,44.44,42.77,44.44,80566,0.109793,74.35325,12.613943,0.1017,-0.0102
2015-07-02,楚天科技,sz300358,46.79,40.0,43.39,40.5,44.44,40.5,82452,0.112359,67.76117,11.495605,0.1527,-0.0666
2015-07-03,楚天科技,sz300358,44.0,36.45,38.81,38.61,40.5,38.61,54163,0.073817,64.59898,10.959143,0.1864,-0.0051
2015-07-06,楚天科技,sz300358,42.47,34.75,42.47,35.35,38.61,35.35,85337,0.116294,59.144627,10.033818,0.1999,-0.1676
2015-07-07,楚天科技,sz300358,33.0,31.82,32.5,31.82,35.35,31.82,15556,0.021199,53.23853,9.031856,0.0333,-0.0209
2015-07-08,楚天科技,sz300358,30.58,28.64,28.64,29.23,31.82,29.23,157382,0.214465,48.905163,8.296704,0.0609,0.0206
2015-07-09,楚天科技,sz300358,32.15,28.0,29.0,32.15,29.23,32.15,57915,0.07893,53.79066,9.125523,0.1419,0.1086
2015-07-10,楚天科技,sz300358,35.37,33.87,34.0,35.37,32.15,35.37,22064,0.030062,59.17809,10.039495,0.0466,0.0402
2015-07-13,楚天科技,sz300358,38.91,36.26,37.8,38.91,35.37,38.91,87796,0.119655,65.10092,11.044296,0.0749,0.0293
2015-07-14,楚天科技,sz300358,42.5,38.55,39.8,41.8,38.91,41.8,121532,0.165581,69.93622,11.8646,0.1015,0.0502
2015-07-15,楚天科技,sz300358,41.0,37.62,39.6,37.62,41.8,37.62,40409,0.055059,62.9426,10.67814,0.0808,-0.05
2015-07-16,楚天科技,sz300358,38.97,33.86,37.0,35.85,37.62,35.85,67449,0.091906,59.981186,10.175739,0.1358,-0.031
2015-07-17,楚天科技,sz300358,38.85,35.93,35.93,38.31,35.85,38.31,49393,0.067316,64.097046,10.873991,0.0814,0.0662
2015-07-20,楚天科技,sz300358,40.16,37.05,38.2,38.7,38.31,38.7,58805,0.080132,64.749565,10.984689,0.0811,0.013
2015-07-21,楚天科技,sz300358,40.0,37.0,37.5,39.0,38.7,39.0,46654,0.063575,65.251495,11.069842,0.0775,0.04
2015-07-22,楚天科技,sz300358,39.69,37.3,38.44,38.67,39.0,38.67,43551,0.059342,64.69937,10.976174,0.0612,0.0059
2015-07-23,楚天科技,sz300358,41.85,37.9,38.81,41.3,38.67,41.3,64667,0.088114,69.09966,11.722679,0.1021,0.0641
2015-07-24,楚天科技,sz300358,42.83,40.0,41.0,40.99,41.3,40.99,64965,0.088528,68.581,11.634688,0.0685,-2.0E-4
2015-07-27,楚天科技,sz300358,42.1,36.89,40.0,36.89,40.99,36.89,61261,0.083484,61.721226,10.470935,0.1271,-0.0777
2015-07-28,楚天科技,sz300358,36.8,33.2,33.2,33.2,36.89,33.2,65113,0.088742,55.54743,9.423558,0.0975,0.0
2015-07-29,楚天科技,sz300358,35.5,30.08,34.8,35.2,33.2,35.2,52932,0.072133,58.89366,9.991242,0.1632,0.0114
2015-07-30,楚天科技,sz300358,35.0,32.0,34.22,32.15,35.2,32.15,43773,0.059657,53.79066,9.125523,0.0852,-0.0604
2015-07-31,楚天科技,sz300358,33.0,30.31,30.8,31.5,32.15,31.5,29039,0.039564,52.703133,8.941026,0.0836,0.0227
2015-08-03,楚天科技,sz300358,32.73,29.06,31.5,29.99,31.5,29.99,40261,0.054858,50.176727,8.512424,0.1165,-0.0479
2015-08-04,楚天科技,sz300358,32.99,29.93,29.93,32.99,29.99,32.99,42939,0.058511,55.196075,9.363951,0.102,0.1022
2015-08-05,楚天科技,sz300358,33.88,31.52,33.0,32.54,32.99,32.54,45012,0.061335,54.443172,9.236222,0.0715,-0.0139
2015-08-06,楚天科技,sz300358,33.1,31.06,31.1,31.99,32.54,31.99,25542,0.034799,53.52296,9.080109,0.0626,0.0286
2015-08-07,楚天科技,sz300358,34.3,32.3,32.6,33.83,31.99,33.83,42085,0.057339,56.601494,9.602378,0.0625,0.0377
2015-08-10,楚天科技,sz300358,36.48,34.05,34.13,35.97,33.83,35.97,47036,0.064087,60.181957,10.2098,0.0718,0.0539
2015-08-11,楚天科技,sz300358,37.85,35.58,35.7,36.51,35.97,36.51,48559,0.066177,61.08544,10.363075,0.0631,0.0226
2015-08-12,楚天科技,sz300358,36.8,35.49,36.0,35.49,36.51,35.49,34955,0.04764,59.378864,10.073556,0.0358,-0.0141
2015-08-13,楚天科技,sz300358,36.3,33.7,35.0,36.07,35.49,36.07,37987,0.051764,60.34927,10.238184,0.0732,0.0305
2015-08-14,楚天科技,sz300358,36.49,34.98,36.45,35.32,36.07,35.32,33464,0.0456,59.094433,10.025303,0.0418,-0.031
2015-08-17,楚天科技,sz300358,36.08,34.71,35.0,35.85,35.32,35.85,24567,0.033475,59.981186,10.175739,0.0387,0.0242
2015-08-18,楚天科技,sz300358,37.3,32.27,35.8,32.27,35.85,32.27,45366,0.061823,53.991432,9.159584,0.1403,-0.0986
2015-08-19,楚天科技,sz300358,33.5,30.01,31.0,33.5,32.27,33.5,34714,0.047312,56.049362,9.50871,0.1081,0.0806
2015-08-20,楚天科技,sz300358,33.53,31.9,33.0,31.9,33.5,31.9,22714,0.030952,53.37238,9.054563,0.0486,-0.0333
2015-08-21,楚天科技,sz300358,32.0,29.5,31.0,30.1,31.9,30.1,22976,0.031307,50.36077,8.543647,0.0783,-0.029
2015-08-24,楚天科技,sz300358,29.49,27.09,29.0,27.09,30.1,27.09,21408,0.029172,45.324696,7.689282,0.0797,-0.0658
2015-08-25,楚天科技,sz300358,25.0,24.38,24.38,24.38,27.09,24.38,21254,0.028964,40.79055,6.92007,0.0228,0.0
2015-08-26,楚天科技,sz300358,25.18,22.05,24.7,22.05,24.38,22.05,34216,0.046629,37.73249,6.082851,0.1283,-0.1072
2015-08-27,楚天科技,sz300358,23.56,20.89,22.88,22.78,22.05,22.78,29090,0.039633,38.981686,6.284233,0.121,-0.0043
2015-08-28,楚天科技,sz300358,24.97,22.85,23.6,24.96,22.78,24.96,35550,0.048435,42.712154,6.885622,0.093,0.0576
2015-08-31,楚天科技,sz300358,24.88,23.18,24.88,23.2,24.96,23.2,23282,0.031717,39.700397,6.400097,0.0681,-0.0675
2015-09-01,楚天科技,sz300358,22.8,20.88,22.8,20.88,23.2,20.88,27229,0.037111,35.73036,5.760087,0.0827,-0.0842
2015-09-02,楚天科技,sz300358,21.8,19.02,19.02,19.2,20.88,19.2,27209,0.037077,32.855503,5.296632,0.1331,0.0094
2015-09-03,楚天科技,sz300358,19.2,19.2,19.2,19.2,19.2,19.2,0,0.0,0.0,0.0,0.0,0.0
2015-09-04,楚天科技,sz300358,19.2,19.2,19.2,19.2,19.2,19.2,0,0.0,0.0,0.0,0.0,0.0
2015-09-07,楚天科技,sz300358,21.09,19.37,19.5,20.48,19.2,20.48,24950,0.033997,35.045868,5.649741,0.0895,0.0502
2015-09-08,楚天科技,sz300358,22.53,19.93,20.0,22.53,20.48,22.53,34769,0.047389,38.55388,6.215267,0.1269,0.1265
2015-09-09,楚天科技,sz300358,24.78,23.01,23.56,24.78,22.53,24.78,47803,0.065121,42.404133,6.835966,0.0785,0.0517
2015-09-10,楚天科技,sz300358,25.3,24.0,24.17,24.05,24.78,24.05,35595,0.048502,41.154938,6.634583,0.0524,-0.0049
2015-09-11,楚天科技,sz300358,25.3,24.01,24.33,24.83,24.05,24.83,28642,0.039033,42.489693,6.849759,0.0536,0.0205
2015-09-14,楚天科技,sz300358,25.63,22.35,25.12,22.35,24.83,22.35,30905,0.042117,38.245857,6.165611,0.132,-0.1102
2015-09-15,楚天科技,sz300358,21.7,20.12,21.14,20.12,22.35,20.12,27353,0.037261,34.42983,5.550429,0.0706,-0.0482
2015-09-16,楚天科技,sz300358,22.13,20.28,20.3,22.13,20.12,22.13,28971,0.039478,37.86939,6.10492,0.0919,0.0901
2015-09-17,楚天科技,sz300358,24.34,22.0,22.4,22.95,22.13,22.95,61345,0.083603,39.272594,6.331131,0.1057,0.0245
2015-09-18,楚天科技,sz300358,25.25,23.17,23.19,25.25,22.95,25.25,43312,0.059019,43.20841,6.965623,0.0906,0.0888
2015-09-21,楚天科技,sz300358,27.78,24.2,24.78,27.78,25.25,27.78,62396,0.08501,47.537804,7.663565,0.1417,0.121
2015-09-22,楚天科技,sz300358,29.39,27.22,28.58,28.01,27.78,28.01,64313,0.087617,47.93139,7.727014,0.0781,-0.0199
2015-09-23,楚天科技,sz300358,28.67,26.65,26.65,28.05,28.01,28.05,40054,0.054593,47.999836,7.738048,0.0721,0.0525
2015-09-24,楚天科技,sz300358,29.5,27.95,27.95,28.1,28.05,28.1,33425,0.04555,48.085396,7.751842,0.0552,0.0053
2015-09-25,楚天科技,sz300358,28.1,25.7,27.89,26.26,28.1,26.26,34727,0.047324,44.936745,7.244248,0.0854,-0.0584
2015-09-28,楚天科技,sz300358,26.26,26.26,26.26,26.26,26.26,26.26,0,0.048244,49.437263,7.969776,0.0,0.0
2015-09-29,楚天科技,sz300358,30.28,28.42,28.92,28.9,26.26,28.9,50460,0.068755,49.454376,7.972535,0.0708,-6.0E-4
2015-09-30,楚天科技,sz300358,29.57,27.3,28.89,28.03,28.9,28.03,31761,0.04328,47.96561,7.732531,0.0785,-0.0297
2015-10-01,楚天科技,sz300358,28.03,28.03,28.03,28.03,28.03,28.03,0,0.0,0.0,0.0,0.0,0.0
2015-10-02,楚天科技,sz300358,28.03,28.03,28.03,28.03,28.03,28.03,0,0.0,0.0,0.0,0.0,0.0
2015-10-05,楚天科技,sz300358,28.03,28.03,28.03,28.03,28.03,28.03,0,0.0,0.0,0.0,0.0,0.0
2015-10-06,楚天科技,sz300358,28.03,28.03,28.03,28.03,28.03,28.03,0,0.0,0.0,0.0,0.0,0.0
2015-10-07,楚天科技,sz300358,28.03,28.03,28.03,28.03,28.03,28.03,0,0.0,0.0,0.0,0.0,0.0
2015-10-08,楚天科技,sz300358,30.83,28.6,29.14,29.88,28.03,29.88,27980,0.038123,51.131374,8.242884,0.0795,0.0253
2015-10-09,楚天科技,sz300358,31.67,29.47,29.58,30.74,29.88,30.74,28788,0.039226,52.603027,8.480129,0.0736,0.0392
2015-10-12,楚天科技,sz300358,33.68,30.8,30.8,32.78,30.74,32.78,33016,0.045057,56.093925,9.042896,0.0936,0.0642
2015-10-13,楚天科技,sz300358,35.5,31.85,32.6,35.35,32.78,35.35,47181,0.064396,60.49177,9.751872,0.1113,0.0843
2015-10-14,楚天科技,sz300358,35.1,32.8,35.05,33.0,35.35,33.0,38391,0.052395,56.470394,9.103586,0.065,-0.0584
2015-10-15,楚天科技,sz300358,35.13,32.01,32.69,34.9,33.0,34.9,45099,0.061555,59.72172,9.627732,0.0945,0.0676
2015-10-16,楚天科技,sz300358,34.99,33.5,34.9,33.91,34.9,33.91,36487,0.04981,58.02761,9.354625,0.0426,-0.0283
2015-10-19,楚天科技,sz300358,36.19,33.0,33.61,35.9,33.91,35.9,52416,0.071549,61.432945,9.903599,0.094,0.0681
2015-10-20,楚天科技,sz300358,37.16,35.15,35.91,35.9,35.9,35.9,38548,0.052619,61.432945,9.903599,0.0559,-2.0E-4
2015-10-21,楚天科技,sz300358,36.9,32.31,35.5,32.31,35.9,32.31,41365,0.056464,55.28965,8.913239,0.1278,-0.0898
2015-10-22,楚天科技,sz300358,35.53,32.25,32.3,34.89,32.31,34.89,56934,0.077716,59.70461,9.624974,0.1015,0.0801
2015-10-23,楚天科技,sz300358,37.52,35.6,36.6,37.03,34.89,37.03,64164,0.087578,63.366627,10.215327,0.055,0.0117
2015-10-26,楚天科技,sz300358,40.17,37.11,38.4,38.35,37.03,38.35,68404,0.093356,65.62544,10.579471,0.0826,-0.0013
2015-10-27,楚天科技,sz300358,42.16,35.32,37.11,41.0,38.35,41.0,48667,0.066423,70.16019,11.310516,0.1783,0.1048
2015-10-28,楚天科技,sz300358,41.95,38.38,40.0,38.5,41.0,38.5,33461,0.045666,65.882126,10.620851,0.087,-0.0375
2015-10-29,楚天科技,sz300358,40.36,37.18,40.36,38.52,38.5,38.52,23127,0.031568,65.91635,10.626368,0.0825,-0.0455
2015-10-30,楚天科技,sz300358,39.28,37.25,38.75,37.5,38.52,37.5,24190,0.033022,64.170906,10.344985,0.0526,-0.0322
2015-11-02,楚天科技,sz300358,37.6,35.0,36.7,35.4,37.5,35.4,39926,0.054487,60.57733,9.765665,0.0693,-0.0354
2015-11-03,楚天科技,sz300358,36.02,34.4,36.01,35.19,35.4,35.19,20687,0.0,0.0,0.0,0.0457,-0.0227
2015-11-04,楚天科技,sz300358,37.99,35.58,35.58,37.95,35.19,37.95,35942,0.0,0.0,0.0,0.0684,0.0666
2015-11-05,楚天科技,sz300358,39.0,36.5,38.05,37.36,37.95,37.36,28119,0.0,0.0,0.0,0.0658,-0.0181
2015-11-06,楚天科技,sz300358,38.96,37.3,37.3,38.41,37.36,38.41,31681,0.0,0.0,0.0,0.0444,0.0297
2015-11-09,楚天科技,sz300358,40.59,36.85,38.2,39.93,38.41,39.93,47187,0.0,0.0,0.0,0.0973,0.0452
2015-11-10,楚天科技,sz300358,42.08,39.0,39.4,41.9,39.93,41.9,47858,0.0,0.0,0.0,0.0771,0.0634
2015-11-11,楚天科技,sz300358,44.85,41.1,42.5,44.85,41.9,44.85,46611,0.0,0.0,0.0,0.0894,0.0552
2015-11-12,楚天科技,sz300358,48.0,43.5,46.0,45.91,44.85,45.91,88096,0.0,0.0,0.0,0.1003,-0.0019
2015-11-13,楚天科技,sz300358,45.8,41.5,45.0,41.82,45.91,41.82,42920,0.0,0.0,0.0,0.0936,-0.0706
2015-11-16,楚天科技,sz300358,0.0,0.0,0.0,0.0,41.82,0.0,0,0.0,0.0,0.0,0.0,0.0
2015-11-17,楚天科技,sz300358,0.0,0.0,0.0,0.0,0.0,0.0,0,0.0,0.0,0.0,0.0,0.0
2015-11-18,楚天科技,sz300358,0.0,0.0,0.0,0.0,0.0,0.0,0,0.0,0.0,0.0,0.0,0.0
2015-11-19,楚天科技,sz300358,0.0,0.0,0.0,0.0,0.0,0.0,0,0.0,0.0,0.0,0.0,0.0
2015-11-20,楚天科技,sz300358,0.0,0.0,0.0,0.0,0.0,0.0,0,0.0,0.0,0.0,0.0,0.0
2015-11-23,楚天科技,sz300358,0.0,0.0,0.0,0.0,0.0,0.0,0,0.0,0.0,0.0,0.0,0.0
2015-11-24,楚天科技,sz300358,0.0,0.0,0.0,0.0,0.0,0.0,0,0.0,0.0,0.0,0.0,0.0
2015-11-25,楚天科技,sz300358,0.0,0.0,0.0,0.0,0.0,0.0,0,0.0,0.0,0.0,0.0,0.0
2015-11-26,楚天科技,sz300358,0.0,0.0,0.0,0.0,0.0,0.0,0,0.0,0.0,0.0,0.0,0.0
2015-11-27,楚天科技,sz300358,0.0,0.0,0.0,0.0,0.0,0.0,0,0.0,0.0,0.0,0.0,0.0
2015-11-30,楚天科技,sz300358,0.0,0.0,0.0,0.0,0.0,0.0,0,0.0,0.0,0.0,0.0,0.0
2015-12-01,楚天科技,sz300358,0.0,0.0,0.0,0.0,0.0,0.0,0,0.0,0.0,0.0,0.0,0.0
2015-12-02,楚天科技,sz300358,0.0,0.0,0.0,0.0,0.0,0.0,0,0.0,0.0,0.0,0.0,0.0
2015-12-03,楚天科技,sz300358,0.0,0.0,0.0,0.0,0.0,0.0,0,0.0,0.0,0.0,0.0,0.0
2015-12-04,楚天科技,sz300358,0.0,0.0,0.0,0.0,0.0,0.0,0,0.0,0.0,0.0,0.0,0.0
2015-12-07,楚天科技,sz300358,0.0,0.0,0.0,0.0,0.0,0.0,0,0.0,0.0,0.0,0.0,0.0
2015-12-08,楚天科技,sz300358,0.0,0.0,0.0,0.0,0.0,0.0,0,0.0,0.0,0.0,0.0,0.0
2015-12-09,楚天科技,sz300358,0.0,0.0,0.0,0.0,0.0,0.0,0,0.0,0.0,0.0,0.0,0.0
2015-12-10,楚天科技,sz300358,0.0,0.0,0.0,0.0,0.0,0.0,0,0.0,0.0,0.0,0.0,0.0
2015-12-11,楚天科技,sz300358,0.0,0.0,0.0,0.0,0.0,0.0,0,0.0,0.0,0.0,0.0,0.0
2015-12-14,楚天科技,sz300358,0.0,0.0,0.0,0.0,0.0,0.0,0,0.0,0.0,0.0,0.0,0.0
2015-12-15,楚天科技,sz300358,0.0,0.0,0.0,0.0,0.0,0.0,0,0.0,0.0,0.0,0.0,0.0
2015-12-16,楚天科技,sz300358,0.0,0.0,0.0,0.0,0.0,0.0,0,0.0,0.0,0.0,0.0,0.0
2015-12-17,楚天科技,sz300358,0.0,0.0,0.0,0.0,0.0,0.0,0,0.0,0.0,0.0,0.0,0.0
2015-12-18,楚天科技,sz300358,0.0,0.0,0.0,0.0,0.0,0.0,0,0.0,0.0,0.0,0.0,0.0
2015-12-21,楚天科技,sz300358,0.0,0.0,0.0,0.0,0.0,0.0,0,0.0,0.0,0.0,0.0,0.0
2015-12-22,楚天科技,sz300358,0.0,0.0,0.0,0.0,0.0,0.0,0,0.0,0.0,0.0,0.0,0.0
2015-12-23,楚天科技,sz300358,0.0,0.0,0.0,0.0,0.0,0.0,0,0.0,0.0,0.0,0.0,0.0
2015-12-24,楚天科技,sz300358,0.0,0.0,0.0,0.0,0.0,0.0,0,0.0,0.0,0.0,0.0,0.0
2015-12-25,楚天科技,sz300358,0.0,0.0,0.0,0.0,0.0,0.0,0,0.0,0.0,0.0,0.0,0.0
2015-12-28,楚天科技,sz300358,0.0,0.0,0.0,0.0,0.0,0.0,0,0.0,0.0,0.0,0.0,0.0
2015-12-29,楚天科技,sz300358,42.49,37.64,42.0,39.59,0.0,39.59,65392,0.0,0.0,0.0,0.0,-0.0573
2015-12-30,楚天科技,sz300358,39.72,38.0,39.28,38.8,39.59,38.8,65831,0.0,0.0,0.0,0.0434,-0.0122
2015-12-31,楚天科技,sz300358,39.45,37.95,38.79,38.11,38.8,38.11,35550,0.0,0.0,0.0,0.0386,-0.0175
2016-01-01,楚天科技,sz300358,39.45,37.95,38.79,38.11,38.11,38.11,35550,0.0,0.0,0.0,0.0393,-0.0175
2016-01-04,楚天科技,sz300358,38.29,34.3,38.08,34.3,38.11,34.3,34766,0.0,0.0,0.0,0.1046,-0.0992
2016-01-05,楚天科技,sz300358,32.9,30.87,30.93,30.98,34.3,30.98,89021,0.0,0.0,0.0,0.0591,0.0016
2016-01-06,楚天科技,sz300358,32.3,28.75,31.02,32.14,30.98,32.14,108788,0.0,0.0,0.0,0.1145,0.0361
2016-01-07,楚天科技,sz300358,30.8,28.93,30.8,28.93,32.14,28.93,16088,0.0,0.0,0.0,0.0581,-0.0607
2016-01-08,楚天科技,sz300358,29.28,26.56,29.2,28.09,28.93,28.09,63304,0.0,0.0,0.0,0.094,-0.038
2016-01-11,楚天科技,sz300358,27.94,25.29,26.75,25.3,28.09,25.3,51347,0.0,0.0,0.0,0.0943,-0.0542
2016-01-12,楚天科技,sz300358,27.0,25.15,25.55,26.4,25.3,26.4,45491,0.0,0.0,0.0,0.0731,0.0332
2016-01-13,楚天科技,sz300358,27.18,24.38,26.7,24.5,26.4,24.5,49834,0.0,0.0,0.0,0.106,-0.0823
2016-01-14,楚天科技,sz300358,26.95,23.1,23.31,26.71,24.5,26.71,68223,0.0,0.0,0.0,0.1571,0.1458
2016-01-15,楚天科技,sz300358,26.94,24.65,26.01,24.96,26.71,24.96,63746,0.0,0.0,0.0,0.0857,-0.0403
2016-01-18,楚天科技,sz300358,27.35,23.85,24.04,26.71,24.96,26.71,66832,0.0,0.0,0.0,0.1402,0.111
2016-01-19,楚天科技,sz300358,27.85,25.82,26.5,27.67,26.71,27.67,72756,0.0,0.0,0.0,0.076,0.0441
2016-01-20,楚天科技,sz300358,27.5,26.5,27.29,26.81,27.67,26.81,54151,0.0,0.0,0.0,0.0361,-0.0175
2016-01-21,楚天科技,sz300358,27.24,24.9,26.05,24.9,26.81,24.9,54732,0.0,0.0,0.0,0.0872,-0.0441
2016-01-22,楚天科技,sz300358,26.44,24.7,25.4,26.09,24.9,26.09,46971,0.0,0.0,0.0,0.0698,0.0271
2016-01-25,楚天科技,sz300358,26.77,25.7,26.7,26.0,26.09,26.0,40501,0.0,0.0,0.0,0.041,-0.0262
2016-01-26,楚天科技,sz300358,25.68,23.4,25.38,23.4,26.0,23.4,42058,0.0,0.0,0.0,0.0876,-0.078
2016-01-27,楚天科技,sz300358,25.0,21.81,23.54,23.9,23.4,23.9,44445,0.0,0.0,0.0,0.1363,0.0152
2016-01-28,楚天科技,sz300358,23.83,22.06,23.45,22.41,23.9,22.41,32039,0.0,0.0,0.0,0.074,-0.0443
2016-01-29,楚天科技,sz300358,24.1,22.19,22.19,23.63,22.41,23.63,32393,0.0,0.0,0.0,0.0852,0.0648
2016-02-01,楚天科技,sz300358,24.28,22.91,23.39,23.75,23.63,23.75,32211,0.0,0.0,0.0,0.0579,0.0153
2016-02-02,楚天科技,sz300358,25.28,23.78,23.78,24.53,23.75,24.53,48387,0.0,0.0,0.0,0.0631,0.0315
2016-02-03,楚天科技,sz300358,24.78,23.5,24.24,24.54,24.53,24.54,32398,0.0,0.0,0.0,0.0521,0.0123
2016-02-04,楚天科技,sz300358,25.34,24.59,24.6,24.92,24.54,24.92,48697,0.0,0.0,0.0,0.0305,0.013
2016-02-05,楚天科技,sz300358,25.3,24.5,25.1,24.65,24.92,24.65,28202,0.0,0.0,0.0,0.0321,-0.0179
2016-02-08,楚天科技,sz300358,25.3,24.5,25.1,24.65,24.65,24.65,28202,0.0,0.0,0.0,0.0324,-0.0179
2016-02-09,楚天科技,sz300358,25.3,24.5,25.1,24.65,24.65,24.65,28202,0.0,0.0,0.0,0.0324,-0.0179
2016-02-10,楚天科技,sz300358,25.3,24.5,25.1,24.65,24.65,24.65,28202,0.0,0.0,0.0,0.0324,-0.0179
2016-02-11,楚天科技,sz300358,25.3,24.5,25.1,24.65,24.65,24.65,28202,0.0,0.0,0.0,0.0324,-0.0179
2016-02-12,楚天科技,sz300358,25.3,24.5,25.1,24.65,24.65,24.65,28202,0.0,0.0,0.0,0.0324,-0.0179
2016-02-15,楚天科技,sz300358,24.54,23.1,23.1,24.25,24.65,24.25,21209,0.0,0.0,0.0,0.0584,0.0497
2016-02-16,楚天科技,sz300358,26.2,24.51,24.51,25.89,24.25,25.89,42361,0.0,0.0,0.0,0.0696,0.0563
2016-02-17,楚天科技,sz300358,26.77,25.56,25.87,26.57,25.89,26.57,54033,0.0,0.0,0.0,0.0467,0.027
2016-02-18,楚天科技,sz300358,27.14,26.07,26.88,26.12,26.57,26.12,52964,0.0,0.0,0.0,0.0402,-0.0282
2016-02-19,楚天科技,sz300358,26.99,26.08,26.2,26.74,26.12,26.74,41829,0.0,0.0,0.0,0.0348,0.0206
2016-02-22,楚天科技,sz300358,29.41,29.41,29.41,29.41,26.74,29.41,12109,0.0,0.0,0.0,0.0,0.0
2016-02-23,楚天科技,sz300358,32.0,30.0,31.6,30.51,29.41,30.51,133353,0.0,0.0,0.0,0.068,-0.0344
2016-02-24,楚天科技,sz300358,31.5,29.1,30.62,30.64,30.51,30.64,91921,0.0,0.0,0.0,0.0786,6.0E-4
2016-02-25,楚天科技,sz300358,30.3,27.58,30.09,27.58,30.64,27.58,79753,0.0,0.0,0.0,0.0887,-0.0834
2016-02-26,楚天科技,sz300358,28.17,25.5,27.68,26.17,27.58,26.17,50913,0.0,0.0,0.0,0.0968,-0.0545
2016-02-29,楚天科技,sz300358,26.66,23.55,25.84,23.55,26.17,23.55,57859,0.0,0.0,0.0,0.1188,-0.0886
2016-03-01,楚天科技,sz300358,24.58,22.58,23.25,24.22,23.55,24.22,45974,0.0,0.0,0.0,0.0849,0.0417
2016-03-02,楚天科技,sz300358,25.6,23.68,24.0,25.5,24.22,25.5,54779,0.0,0.0,0.0,0.0792,0.0625
2016-03-03,楚天科技,sz300358,26.5,25.3,25.32,25.52,25.5,25.52,52435,0.0,0.0,0.0,0.047,0.0078
2016-03-04,楚天科技,sz300358,25.62,23.1,25.25,23.75,25.52,23.75,50698,0.0,0.0,0.0,0.0987,-0.0594
2016-03-07,楚天科技,sz300358,25.3,23.88,24.1,24.46,23.75,24.46,33049,0.0,0.0,0.0,0.0597,0.0149
2016-03-08,楚天科技,sz300358,25.38,22.8,24.38,25.12,24.46,25.12,46174,0.0,0.0,0.0,0.1054,0.0303
2016-03-09,楚天科技,sz300358,26.12,24.03,24.44,25.85,25.12,25.85,65548,0.0,0.0,0.0,0.0832,0.0576
2016-03-10,楚天科技,sz300358,27.66,25.98,26.0,26.21,25.85,26.21,94303,0.0,0.0,0.0,0.0649,0.008
2016-03-11,楚天科技,sz300358,26.0,24.95,25.53,25.55,26.21,25.55,51053,0.0,0.0,0.0,0.04,7.0E-4
2016-03-14,楚天科技,sz300358,28.11,26.02,26.02,28.11,25.55,28.11,99808,0.0,0.0,0.0,0.0818,0.0803
2016-03-15,楚天科技,sz300358,28.85,27.78,27.91,28.1,28.11,28.1,88686,0.0,0.0,0.0,0.038,0.0068
2016-03-16,楚天科技,sz300358,28.96,27.4,28.77,27.62,28.1,27.62,67932,0.0,0.0,0.0,0.0555,-0.0399
2016-03-17,楚天科技,sz300358,30.35,27.7,27.87,30.05,27.62,30.05,99782,0.0,0.0,0.0,0.0959,0.0782
2016-03-18,楚天科技,sz300358,31.5,29.59,30.04,30.75,30.05,30.75,100799,0.0,0.0,0.0,0.0635,0.0236
2016-03-21,楚天科技,sz300358,31.8,30.36,31.1,31.27,30.75,31.27,98302,0.0,0.0,0.0,0.0468,0.0054
2016-03-22,楚天科技,sz300358,32.75,30.4,30.68,31.46,31.27,31.46,84757,0.0,0.0,0.0,0.0751,0.0254
2016-03-23,楚天科技,sz300358,31.95,30.82,31.0,31.85,31.46,31.85,55658,0.0,0.0,0.0,0.0359,0.0274
2016-03-24,楚天科技,sz300358,31.5,30.05,31.15,30.08,31.85,30.08,78900,0.0,0.0,0.0,0.0455,-0.0343
2016-03-25,楚天科技,sz300358,30.5,29.25,29.84,29.96,30.08,29.96,47863,0.0,0.0,0.0,0.0415,0.004
