2016-03-25
2014-09-11,腾信股份,sz300392,41.34,41.34,41.34,41.34,37.58,41.339993,9500,5.94E-4,0.0,0.0,0.0,0.0
2014-09-12,腾信股份,sz300392,45.47,45.47,45.47,45.47,41.34,45.469982,15650,9.78E-4,0.0,0.0,0.0,0.0
2014-09-15,腾信股份,sz300392,50.02,50.02,50.02,50.02,45.47,50.01998,42050,0.002628,0.0,0.0,0.0,0.0
2014-09-16,腾信股份,sz300392,55.02,55.02,55.02,55.02,50.02,55.019978,155950,0.009747,0.0,0.0,0.0,0.0
2014-09-17,腾信股份,sz300392,60.52,60.52,60.52,60.52,55.02,60.519993,237677,0.014855,0.0,0.0,0.0,0.0
2014-09-18,腾信股份,sz300392,66.57,66.57,66.57,66.57,60.52,66.57,245824,0.015364,0.0,0.0,0.0,0.0
2014-09-19,腾信股份,sz300392,73.23,73.23,73.23,73.23,66.57,73.22999,247148,0.015447,0.0,0.0,0.0,0.0
2014-09-22,腾信股份,sz300392,80.55,80.55,80.55,80.55,73.23,80.54999,808502,0.050531,0.0,0.0,0.0,0.0
2014-09-23,腾信股份,sz300392,88.61,82.01,82.97,88.61,80.55,88.609985,9999230,0.624952,0.0,0.0,0.0819,0.0679
2014-09-24,腾信股份,sz300392,97.47,93.0,94.0,97.47,88.61,97.47,3463143,0.216446,0.0,0.0,0.0504,0.0369
2014-09-25,腾信股份,sz300392,107.22,98.08,102.5,99.8,97.47,99.800026,7042693,0.440168,0.0,0.0,0.0937,-0.0263
2014-09-26,腾信股份,sz300392,102.75,97.3,99.59,98.47,99.8,98.46999,3476656,0.217291,0.0,0.0,0.0546,-0.0112
2014-09-29,腾信股份,sz300392,101.76,97.6,99.25,100.95,98.47,100.94996,2678452,0.167403,0.0,0.0,0.0422,0.0171
2014-09-30,腾信股份,sz300392,101.12,98.35,100.0,101.12,100.95,101.11996,1690143,0.105634,0.0,0.0,0.0274,0.0112
2014-10-08,腾信股份,sz300392,111.23,100.33,101.0,111.23,101.12,111.22993,2746369,0.171648,0.0,0.0,0.1077,0.1012
2014-10-09,腾信股份,sz300392,115.0,108.01,113.3,109.2,111.23,109.19998,2987122,0.186695,0.0,0.0,0.0628,-0.0361
2014-10-10,腾信股份,sz300392,107.97,103.05,106.97,104.0,109.2,103.99999,1984312,0.12402,0.0,0.0,0.045,-0.0277
2014-10-13,腾信股份,sz300392,105.8,102.5,102.61,104.9,104.0,104.90001,1186346,0.074147,0.0,0.0,0.0317,0.0223
2014-10-14,腾信股份,sz300392,108.8,102.88,104.02,107.2,104.9,107.20004,1793547,0.112097,0.0,0.0,0.0564,0.0305
2014-10-15,腾信股份,sz300392,117.92,105.1,105.88,117.92,107.2,117.92005,2255412,0.140963,0.0,0.0,0.1195,0.1137
2014-10-16,腾信股份,sz300392,129.71,119.0,119.11,124.56,117.92,124.560005,2670608,0.166913,0.0,0.0,0.0908,0.0457
2014-10-17,腾信股份,sz300392,130.8,123.33,123.9,125.21,124.56,125.20996,1881721,0.117608,0.0,0.0,0.0599,0.0105
2014-10-20,腾信股份,sz300392,128.8,122.1,125.01,126.4,125.21,126.399956,1499344,0.093709,0.0,0.0,0.0535,0.0111
2014-10-21,腾信股份,sz300392,131.29,124.5,126.52,126.8,126.4,126.80001,1330705,0.083169,0.0,0.0,0.0537,0.0022
2014-10-22,腾信股份,sz300392,127.95,120.71,125.2,120.82,126.8,120.82,1418952,0.088684,0.0,0.0,0.057,-0.0349
2014-10-23,腾信股份,sz300392,122.97,118.05,119.3,119.99,120.82,119.98997,1013805,0.063363,0.0,0.0,0.0407,0.0057
2014-10-24,腾信股份,sz300392,131.99,120.12,120.5,129.2,119.99,129.19992,2275758,0.142235,0.0,0.0,0.0989,0.0721
2014-10-27,腾信股份,sz300392,129.99,124.0,126.52,124.0,129.2,123.99988,1424578,0.089036,0.0,0.0,0.0463,-0.0199
2014-10-28,腾信股份,sz300392,127.87,120.0,125.66,125.97,124.0,125.969864,1871829,0.116989,0.0,0.0,0.0634,0.0024
2014-10-29,腾信股份,sz300392,136.5,124.61,125.4,133.7,125.97,133.69987,1829379,0.114336,0.0,0.0,0.0943,0.0661
2014-10-30,腾信股份,sz300392,140.14,132.65,133.8,137.7,133.7,137.6999,1383793,0.086487,0.0,0.0,0.056,0.0291
2014-10-31,腾信股份,sz300392,141.95,134.0,137.45,139.72,137.7,139.71997,1019684,0.06373,0.0,0.0,0.0577,0.0165
2014-11-03,腾信股份,sz300392,141.0,135.5,138.02,140.0,139.72,139.99997,997846,0.062365,0.0,0.0,0.0393,0.0143
2014-11-04,腾信股份,sz300392,139.56,134.0,139.0,138.0,140.0,137.99992,890329,0.055646,0.0,0.0,0.0397,-0.0071
2014-11-05,腾信股份,sz300392,145.51,137.5,137.5,144.1,138.0,144.09993,1393703,0.087106,0.0,0.0,0.058,0.0479
2014-11-06,腾信股份,sz300392,158.51,144.0,144.5,158.51,144.1,158.50993,1984626,0.124039,0.0,0.0,0.1006,0.0969
2014-11-07,腾信股份,sz300392,160.51,147.9,160.0,150.2,158.51,150.19989,2510359,0.156897,0.0,0.0,0.0795,-0.0612
2014-11-10,腾信股份,sz300392,163.88,147.58,148.0,163.49,150.2,163.48988,2011535,0.125721,0.0,0.0,0.1085,0.1046
2014-11-11,腾信股份,sz300392,172.0,157.61,160.5,168.0,163.49,167.99991,2007272,0.125454,0.0,0.0,0.088,0.0467
2014-11-12,腾信股份,sz300392,183.99,165.1,167.0,179.01,168.0,179.00995,1907805,0.119238,0.0,0.0,0.1124,0.0719
2014-11-13,腾信股份,sz300392,178.1,166.0,166.0,172.5,179.01,172.4999,1909050,0.119316,0.0,0.0,0.0675,0.0391
2014-11-14,腾信股份,sz300392,173.75,155.25,171.0,155.27,172.5,155.26991,2737498,0.171094,0.0,0.0,0.1072,-0.0919
2014-11-17,腾信股份,sz300392,166.0,152.95,153.0,154.99,155.27,154.98996,1898774,0.118673,0.0,0.0,0.084,0.013
2014-11-18,腾信股份,sz300392,158.4,150.49,155.13,153.05,154.99,153.04996,1836811,0.114801,0.0,0.0,0.051,-0.0134
2014-11-19,腾信股份,sz300392,155.99,149.01,152.2,153.4,153.05,153.39998,1847013,0.115438,0.0,0.0,0.0456,0.0078
2014-11-20,腾信股份,sz300392,155.3,150.7,151.61,153.96,153.4,153.96004,983273,0.061455,0.0,0.0,0.0299,0.0155
2014-11-21,腾信股份,sz300392,161.85,153.06,153.32,157.41,153.96,157.40997,1650278,0.103142,0.0,0.0,0.057,0.0266
2014-11-24,腾信股份,sz300392,158.97,153.6,158.97,153.7,157.41,153.69998,1272631,0.079539,0.0,0.0,0.0341,-0.0331
2014-11-25,腾信股份,sz300392,152.9,138.33,152.03,138.78,153.7,138.78001,3705311,0.231582,0.0,0.0,0.0947,-0.0871
2014-11-26,腾信股份,sz300392,138.77,132.8,133.36,134.05,138.78,134.04997,2926523,0.182908,0.0,0.0,0.043,0.0051
2014-11-27,腾信股份,sz300392,137.98,135.01,136.0,136.23,134.05,136.23004,2383718,0.148982,0.0,0.0,0.0221,0.0016
2014-11-28,腾信股份,sz300392,139.49,134.21,136.23,137.3,136.23,137.29999,2091696,0.130731,0.0,0.0,0.0387,0.0078
2014-12-01,腾信股份,sz300392,139.59,134.0,137.38,136.14,137.3,136.13994,1955459,0.122216,0.0,0.0,0.0407,-0.009
2014-12-02,腾信股份,sz300392,139.98,134.2,135.96,137.3,136.14,137.29999,3042424,0.190152,0.0,0.0,0.0424,0.0098
2014-12-03,腾信股份,sz300392,136.5,125.6,135.77,132.21,137.3,132.21,3532595,0.220787,0.0,0.0,0.0793,-0.0262
2014-12-04,腾信股份,sz300392,134.5,130.0,130.68,132.91,132.21,132.91005,2455374,0.153461,0.0,0.0,0.034,0.017
2014-12-05,腾信股份,sz300392,138.0,126.02,131.5,134.65,132.91,134.65012,3060359,0.191272,0.0,0.0,0.0901,0.0239
2014-12-08,腾信股份,sz300392,136.98,128.78,134.6,129.1,134.65,129.1001,2258247,0.14114,0.0,0.0,0.0608,-0.0408
2014-12-09,腾信股份,sz300392,128.8,116.19,125.9,116.19,129.1,116.190094,2702231,0.168889,0.0,0.0,0.0976,-0.0771
2014-12-10,腾信股份,sz300392,121.38,115.02,116.48,119.35,116.19,119.35011,1760291,0.110018,0.0,0.0,0.0547,0.0246
2014-12-11,腾信股份,sz300392,121.0,117.06,118.99,120.33,119.35,120.3301,1189979,0.074374,0.0,0.0,0.033,0.0112
2014-12-12,腾信股份,sz300392,120.88,118.56,119.61,120.83,120.33,120.83007,982542,0.061409,0.0,0.0,0.0192,0.0101
2014-12-15,腾信股份,sz300392,132.91,120.8,121.0,132.91,120.83,132.91005,2539425,0.158714,0.0,0.0,0.1002,0.0984
2014-12-16,腾信股份,sz300392,135.49,128.53,133.99,135.2,132.91,135.2001,2849867,0.178117,0.0,0.0,0.0523,0.009
2014-12-17,腾信股份,sz300392,138.0,131.18,133.0,133.12,135.2,133.12004,1995162,0.124698,0.0,0.0,0.0504,9.0E-4
2014-12-18,腾信股份,sz300392,134.49,126.8,131.5,126.8,133.12,126.80003,1910871,0.119429,0.0,0.0,0.0577,-0.0357
2014-12-19,腾信股份,sz300392,125.55,118.0,125.01,120.0,126.8,120.0,1674900,0.104681,0.0,0.0,0.0595,-0.04
2014-12-22,腾信股份,sz300392,119.0,108.0,117.0,108.0,120.0,108.0,1618788,0.101174,0.0,0.0,0.0916,-0.0769
2014-12-23,腾信股份,sz300392,110.82,102.99,103.0,104.1,108.0,104.10001,1854267,0.115892,0.0,0.0,0.0724,0.0106
2014-12-24,腾信股份,sz300392,109.66,103.82,105.5,108.45,104.1,108.45004,1761841,0.110115,0.0,0.0,0.056,0.0279
2014-12-25,腾信股份,sz300392,110.0,105.35,107.1,108.19,108.45,108.19009,1227630,0.076727,0.0,0.0,0.0428,0.0101
2014-12-26,腾信股份,sz300392,110.0,107.5,109.0,108.3,108.19,108.30012,866821,0.054176,0.0,0.0,0.0231,-0.0064
2014-12-29,腾信股份,sz300392,107.7,102.07,107.7,103.41,108.3,103.41015,1180238,0.073765,0.0,0.0,0.0519,-0.0398
2014-12-30,腾信股份,sz300392,103.95,98.02,103.0,99.32,103.41,99.320175,1172245,0.073265,0.0,0.0,0.0573,-0.0357
2014-12-31,腾信股份,sz300392,105.38,99.32,99.5,103.98,99.32,103.98018,1242475,0.077655,0.0,0.0,0.061,0.045
2015-01-01,腾信股份,sz300392,311.94,311.94,311.94,311.94,103.98,51.8902,0,0.0,0.0,0.0,0.0,0.0
2015-01-02,腾信股份,sz300392,311.94,311.94,311.94,311.94,311.94,51.8902,0,0.0,0.0,0.0,0.0,0.0
2015-01-05,腾信股份,sz300392,300.6,281.1,297.6,300.27,311.94,49.949,24877,0.077741,0.0,0.0,0.0625,0.0089
2015-01-06,腾信股份,sz300392,324.0,293.4,296.94,320.4,300.27,53.2975,37950,0.118595,0.0,0.0,0.1019,0.079
2015-01-07,腾信股份,sz300392,320.1,307.5,317.4,311.34,320.4,51.7904,22134,0.069169,0.0,0.0,0.0393,-0.019
2015-01-08,腾信股份,sz300392,319.5,306.0,310.5,311.1,311.34,51.7505,24008,0.075027,0.0,0.0,0.0433,0.0019
2015-01-09,腾信股份,sz300392,320.94,305.1,306.09,311.13,311.1,51.7555,24202,0.075633,0.0,0.0,0.0509,0.0164
2015-01-12,腾信股份,sz300392,324.0,303.06,308.4,323.04,311.13,53.7367,26641,0.083256,0.0,0.0,0.0673,0.0474
2015-01-13,腾信股份,sz300392,345.45,325.5,333.3,326.55,323.04,54.3206,38077,0.118992,0.0,0.0,0.0617,-0.0202
2015-01-14,腾信股份,sz300392,327.0,311.04,321.9,314.97,326.55,52.3943,26572,0.083038,0.0,0.0,0.0488,-0.0215
2015-01-15,腾信股份,sz300392,319.29,308.55,312.57,310.53,314.97,51.6557,17695,0.055298,0.0,0.0,0.034,-0.0065
2015-01-16,腾信股份,sz300392,333.0,307.98,309.0,328.5,310.53,54.645,33806,0.105645,0.0,0.0,0.0805,0.0631
2015-01-19,腾信股份,sz300392,361.35,315.99,318.0,353.76,328.5,58.8469,72463,0.226448,0.0,0.0,0.138,0.1124
2015-01-20,腾信股份,sz300392,370.44,348.0,360.0,368.85,353.76,61.357,57927,0.181024,0.0,0.0,0.0634,0.0245
2015-01-21,腾信股份,sz300392,373.5,358.5,368.1,362.34,368.85,60.2741,38690,0.120907,0.0,0.0,0.0406,-0.0156
2015-01-22,腾信股份,sz300392,398.58,363.9,363.9,398.58,362.34,66.3025,61091,0.19091,0.0,0.0,0.0957,0.0953
2015-01-23,腾信股份,sz300392,407.4,379.5,395.88,387.9,398.58,64.526,48356,0.151114,0.0,0.0,0.0699,-0.0201
2015-01-26,腾信股份,sz300392,426.45,386.64,386.64,414.93,387.9,69.0223,56357,0.176118,0.0,0.0,0.1026,0.0731
2015-01-27,腾信股份,sz300392,427.5,402.18,411.0,427.23,414.93,71.0684,37820,0.118188,0.0,0.0,0.061,0.0394
2015-01-28,腾信股份,sz300392,429.0,408.9,420.6,409.8,427.23,68.169,27291,0.085286,0.0,0.0,0.047,-0.0256
2015-01-29,腾信股份,sz300392,410.55,396.0,399.0,398.4,409.8,66.2726,19338,0.060433,0.0,0.0,0.0355,-0.0015
2015-01-30,腾信股份,sz300392,407.37,375.93,397.53,379.59,398.4,63.1436,23154,0.072359,0.0,0.0,0.0789,-0.0451
2015-02-02,腾信股份,sz300392,404.88,366.9,370.5,402.3,379.59,66.9214,28914,0.090358,0.0,0.0,0.1,0.0858
2015-02-03,腾信股份,sz300392,420.0,393.9,399.87,396.0,402.3,65.8734,34500,0.107813,0.0,0.0,0.0648,-0.0096
2015-02-04,腾信股份,sz300392,409.41,387.54,390.0,391.8,396.0,65.1747,31667,0.098961,0.0,0.0,0.0552,0.0046
2015-02-05,腾信股份,sz300392,408.0,384.03,392.01,393.54,391.8,65.4642,24956,0.07799,0.0,0.0,0.0611,0.0039
2015-02-06,腾信股份,sz300392,394.74,358.68,390.06,364.5,393.54,60.6334,34807,0.108775,0.0,0.0,0.0916,-0.0655
2015-02-09,腾信股份,sz300392,373.2,355.35,364.5,355.86,364.5,59.1962,16337,0.051056,0.0,0.0,0.0489,-0.0237
2015-02-10,腾信股份,sz300392,362.1,350.1,355.8,359.97,355.86,59.8799,13168,0.04115,0.0,0.0,0.0337,0.0117
2015-02-11,腾信股份,sz300392,389.64,357.0,359.97,384.33,359.97,63.9321,26486,0.082772,0.0,0.0,0.0906,0.0676
2015-02-12,腾信股份,sz300392,412.77,386.34,386.64,399.9,384.33,66.5221,33771,0.105537,0.0,0.0,0.0687,0.0342
2015-02-13,腾信股份,sz300392,439.89,393.42,400.02,439.89,399.9,73.1743,60921,0.19038,0.0,0.0,0.1162,0.0996
2015-02-16,腾信股份,sz300392,451.5,430.23,439.8,440.85,439.89,73.334,43334,0.135419,0.0,0.0,0.0483,0.0023
2015-02-17,腾信股份,sz300392,451.77,424.53,439.5,425.28,440.85,70.744,40015,0.125049,0.0,0.0,0.0617,-0.0323
2015-02-18,腾信股份,sz300392,425.28,425.28,425.28,425.28,425.28,70.744,0,0.0,0.0,0.0,0.0,0.0
2015-02-19,腾信股份,sz300392,425.28,425.28,425.28,425.28,425.28,70.744,0,0.0,0.0,0.0,0.0,0.0
2015-02-20,腾信股份,sz300392,425.28,425.28,425.28,425.28,425.28,70.744,0,0.0,0.0,0.0,0.0,0.0
2015-02-23,腾信股份,sz300392,425.28,425.28,425.28,425.28,425.28,70.744,0,0.0,0.0,0.0,0.0,0.0
2015-02-24,腾信股份,sz300392,425.28,425.28,425.28,425.28,425.28,70.744,0,0.0,0.0,0.0,0.0,0.0
2015-02-25,腾信股份,sz300392,428.97,398.4,423.3,399.0,425.28,66.3724,28118,0.087869,0.0,0.0,0.0718,-0.0574
2015-02-26,腾信股份,sz300392,414.63,397.5,398.7,410.43,399.0,68.2738,20225,0.063205,0.0,0.0,0.0429,0.0294
2015-02-27,腾信股份,sz300392,418.14,404.4,405.6,408.33,410.43,67.9244,17641,0.05513,0.0,0.0,0.0334,0.0067
2015-03-02,腾信股份,sz300392,413.94,399.0,405.84,413.01,408.33,68.7029,22361,0.069879,0.0,0.0,0.0365,0.0176
2015-03-03,腾信股份,sz300392,412.29,400.74,412.29,400.74,413.01,66.6619,18322,0.057258,0.0,0.0,0.0279,-0.028
2015-03-04,腾信股份,sz300392,421.74,402.0,402.9,413.91,400.74,68.8526,21527,0.067274,0.0,0.0,0.0492,0.0273
2015-03-05,腾信股份,sz300392,419.55,395.64,414.0,402.0,413.91,66.8714,27914,0.087232,0.0,0.0,0.0577,-0.0289
2015-03-06,腾信股份,sz300392,403.29,387.57,398.55,388.44,402.0,64.6158,18559,0.057998,0.0,0.0,0.0391,-0.0253
2015-03-09,腾信股份,sz300392,395.94,380.43,388.56,393.0,388.44,65.3743,13205,0.041267,0.0,0.0,0.0399,0.0114
2015-03-10,腾信股份,sz300392,408.0,392.4,392.4,400.5,393.0,66.6219,18212,0.056915,0.0,0.0,0.0396,0.0206
2015-03-11,腾信股份,sz300392,401.94,388.71,399.9,390.21,400.5,64.9102,14991,0.046847,0.0,0.0,0.033,-0.0242
2015-03-12,腾信股份,sz300392,398.94,384.0,393.57,387.0,390.21,64.3762,16432,0.051351,0.0,0.0,0.0382,-0.0166
2015-03-13,腾信股份,sz300392,409.62,388.2,388.2,404.67,387.0,67.3156,23603,0.073762,0.0,0.0,0.0553,0.0424
2015-03-16,腾信股份,sz300392,425.07,408.45,408.45,417.84,404.67,69.5064,31402,0.098132,0.0,0.0,0.041,0.0229
2015-03-17,腾信股份,sz300392,427.5,413.1,421.47,417.54,417.84,69.4565,23369,0.073029,0.0,0.0,0.0344,-0.0093
2015-03-18,腾信股份,sz300392,451.74,411.24,414.0,445.5,417.54,74.1075,49068,0.153339,0.0,0.0,0.0969,0.076
2015-03-19,腾信股份,sz300392,439.5,429.0,439.5,435.9,445.5,72.5106,29894,0.09342,0.0,0.0,0.0235,-0.0081
2015-03-20,腾信股份,sz300392,450.0,428.43,435.21,440.76,435.9,73.3191,35016,0.109426,0.0,0.0,0.0494,0.0127
2015-03-23,腾信股份,sz300392,484.5,439.65,441.0,476.1,440.76,79.1978,48742,0.152319,0.0,0.0,0.1017,0.0795
2015-03-24,腾信股份,sz300392,523.71,462.0,476.1,523.71,476.1,87.1175,64532,0.201665,0.0,0.0,0.1296,0.1
2015-03-25,腾信股份,sz300392,554.94,516.03,525.0,531.0,523.71,88.3302,55001,0.171878,0.0,0.0,0.0742,0.0114
2015-03-26,腾信股份,sz300392,569.31,480.33,510.0,554.4,531.0,92.2227,75382,0.23557,0.0,0.0,0.1675,0.087
2015-03-27,腾信股份,sz300392,521.4,498.96,507.0,498.96,554.4,83.0004,57184,0.178702,118.873276,13.903488,0.0404,-0.0158
2015-03-30,腾信股份,sz300392,502.95,449.07,498.96,454.74,498.96,75.6446,60034,0.187607,108.33825,12.671305,0.1079,-0.0886
2015-03-31,腾信股份,sz300392,479.04,450.09,457.5,465.27,454.74,77.3962,37472,0.117102,110.84693,12.964722,0.0636,0.0169
2015-04-01,腾信股份,sz300392,485.07,461.1,465.54,477.0,465.27,79.3475,24880,0.077751,113.641495,13.291575,0.0515,0.0246
2015-04-02,腾信股份,sz300392,524.7,488.64,488.64,519.75,477.0,86.4588,58457,0.182679,123.826385,14.482806,0.0755,0.0636
2015-04-03,腾信股份,sz300392,540.54,507.0,514.08,538.5,519.75,89.5778,36383,0.113698,128.29343,15.005274,0.0645,0.0475
2015-04-06,腾信股份,sz300392,538.5,538.5,538.5,538.5,538.5,89.5778,0,0.0,0.0,0.0,0.0,0.0
2015-04-07,腾信股份,sz300392,591.84,533.4,533.64,566.1,538.5,94.169,37369,0.116779,134.86885,15.774339,0.1085,0.0608
2015-04-08,腾信股份,sz300392,570.0,522.0,567.03,540.0,566.1,89.8273,28946,0.090456,128.65071,15.047063,0.0847,-0.0476
2015-04-09,腾信股份,sz300392,545.04,489.3,544.5,525.03,540.0,87.3371,37945,0.118578,125.08426,14.629928,0.1032,-0.0357
2015-04-10,腾信股份,sz300392,547.5,507.0,510.0,546.03,525.03,90.8304,22772,0.071164,130.08739,15.215096,0.0771,0.0706
2015-04-13,腾信股份,sz300392,592.77,510.0,545.79,564.9,546.03,93.9694,33025,0.103203,134.58307,15.740915,0.1515,0.035
2015-04-14,腾信股份,sz300392,619.47,555.93,564.9,604.05,564.9,100.4818,33345,0.104205,143.91022,16.831823,0.1124,0.0693
2015-04-15,腾信股份,sz300392,608.97,559.17,608.97,561.0,604.05,93.3206,19683,0.061511,133.65388,15.632236,0.0824,-0.0787
2015-04-16,腾信股份,sz300392,595.17,528.6,549.0,557.07,561.0,92.6669,18493,0.057792,132.71764,15.522732,0.1186,0.0146
2015-04-17,腾信股份,sz300392,568.65,533.07,554.64,536.64,557.07,89.2684,18250,0.057032,127.85035,14.953451,0.0638,-0.0324
2015-04-20,腾信股份,sz300392,539.97,506.64,534.0,511.8,536.64,85.1363,16575,0.051798,121.93241,14.261286,0.0621,-0.0415
2015-04-21,腾信股份,sz300392,562.44,501.33,507.0,561.0,511.8,93.3206,25665,0.080204,133.6539,15.632238,0.1194,0.1065
2015-04-22,腾信股份,sz300392,296.775,278.25,281.97,286.47,561.0,47.6534,24891,0.077787,136.49846,15.964939,0.033,0.0159
2015-04-23,腾信股份,sz300392,304.5,285.75,286.5,298.5,286.47,49.6545,23677,0.073994,142.23058,16.63537,0.0654,0.0418
2015-04-24,腾信股份,sz300392,328.35,288.0,293.985,328.35,298.5,54.62,40027,0.125086,156.45363,18.298906,0.1351,0.1168
2015-04-27,腾信股份,sz300392,360.87,328.08,345.0,333.75,328.35,111.25,52015,0.162549,159.1767,18.6174,0.0998,-0.0326
2015-04-28,腾信股份,sz300392,367.14,336.03,342.0,367.14,333.75,122.38,53323,0.166637,175.10153,20.479977,0.0932,0.0735
2015-04-29,腾信股份,sz300392,403.86,354.0,360.0,403.86,367.14,134.62,18930,0.059157,192.61449,22.528303,0.1358,0.1218
2015-04-30,腾信股份,sz300392,444.24,429.0,441.0,444.24,403.86,148.08,11807,0.036897,211.87305,24.780794,0.0377,0.0073
2015-05-01,腾信股份,sz300392,444.24,444.24,444.24,444.24,444.24,148.08,0,0.0,0.0,0.0,0.0,0.0
2015-05-04,腾信股份,sz300392,474.0,399.81,468.0,443.94,444.24,147.98,53241,0.166378,211.73003,24.764069,0.167,-0.0514
2015-05-05,腾信股份,sz300392,443.94,403.98,429.0,421.98,443.94,140.66,32913,0.102856,201.25659,23.53909,0.09,-0.0163
2015-05-06,腾信股份,sz300392,452.1,412.5,415.5,414.0,421.98,138.0,37529,0.117281,197.45064,23.09394,0.0938,-0.0036
2015-05-07,腾信股份,sz300392,414.0,379.2,404.7,393.15,414.0,131.05,31138,0.097308,187.50662,21.930883,0.084,-0.0285
2015-05-08,腾信股份,sz300392,432.48,402.24,404.94,432.48,393.15,144.16,20417,0.063806,206.2644,24.124805,0.0769,0.068
2015-05-11,腾信股份,sz300392,475.5,448.32,468.0,459.0,432.48,153.0,42508,0.13284,218.91275,25.604162,0.0628,-0.0192
2015-05-12,腾信股份,sz300392,504.9,454.2,454.5,504.9,459.0,168.3,31585,0.098704,240.80403,28.16458,0.1104,0.1108
2015-05-13,腾信股份,sz300392,554.52,465.0,497.4,552.63,504.9,184.21,33407,0.104399,263.5682,30.82709,0.1773,0.111
2015-05-14,腾信股份,sz300392,594.0,506.55,544.5,511.5,552.63,170.5,24749,0.077341,243.95187,28.532753,0.1582,-0.0606
2015-05-15,腾信股份,sz300392,535.68,483.0,496.5,519.0,511.5,173.0,16942,0.052946,247.52893,28.951128,0.1029,0.0453
2015-05-18,腾信股份,sz300392,540.0,510.15,518.31,522.93,519.0,174.31,17426,0.054459,249.40323,29.170345,0.0575,0.0089
2015-05-19,腾信股份,sz300392,521.97,470.64,510.66,489.0,522.93,163.0,34275,0.107111,233.22095,27.277658,0.0981,-0.0424
2015-05-20,腾信股份,sz300392,505.98,467.7,482.13,494.31,489.0,164.77,35665,0.111456,235.7535,27.573866,0.0782,0.0252
2015-05-21,腾信股份,sz300392,493.77,465.0,486.06,470.94,494.31,156.98,34917,0.109123,224.60753,26.270227,0.0582,-0.0311
2015-05-22,腾信股份,sz300392,516.0,474.03,474.03,501.06,470.94,167.02,40932,0.127904,238.9728,27.950397,0.0891,0.057
2015-05-25,腾信股份,sz300392,482.97,451.14,479.97,467.97,501.06,155.99,28281,0.088372,223.19104,26.104553,0.0635,-0.025
2015-05-26,腾信股份,sz300392,495.3,469.2,469.38,492.6,467.97,164.2,24844,0.077643,234.93793,27.478477,0.0557,0.0494
2015-05-27,腾信股份,sz300392,525.0,483.45,505.65,494.4,492.6,164.8,30231,0.094465,235.79642,27.578886,0.0843,-0.0222
2015-05-28,腾信股份,sz300392,543.84,498.15,498.15,525.0,494.4,175.0,57582,0.179944,250.39061,29.285831,0.0924,0.0538
2015-05-29,腾信股份,sz300392,576.48,522.0,525.0,576.33,525.0,192.11,41755,0.130474,274.87164,32.14915,0.1037,0.0977
2015-06-01,腾信股份,sz300392,622.5,552.42,570.0,585.3,576.33,195.1,26247,0.082025,279.14975,32.64952,0.1215,0.0268
2015-06-02,腾信股份,sz300392,618.0,550.5,582.0,600.0,585.3,200.0,21866,0.068331,286.1607,33.46952,0.1153,0.0309
2015-06-03,腾信股份,sz300392,660.0,584.67,589.38,641.91,600.0,213.97,28089,0.087779,306.14902,35.80737,0.1255,0.0891
2015-06-04,腾信股份,sz300392,654.81,577.71,642.6,600.03,641.91,200.01,20122,0.062884,286.17502,33.471195,0.1201,-0.0662
2015-06-05,腾信股份,sz300392,624.81,552.0,600.81,558.0,600.03,186.0,16570,0.051781,266.12946,31.126656,0.1213,-0.0712
2015-06-08,腾信股份,sz300392,581.04,505.5,561.0,565.53,558.0,188.51,20029,0.062594,269.72076,31.546698,0.1353,0.008
2015-06-09,腾信股份,sz300392,599.64,541.5,558.0,542.7,565.53,180.9,13656,0.042674,258.83234,30.273184,0.1028,-0.0274
2015-06-10,腾信股份,sz300392,576.0,523.5,525.0,568.47,542.7,189.49,12704,0.039698,271.12296,31.7107,0.0967,0.0828
2015-06-11,腾信股份,sz300392,575.85,540.0,565.05,546.75,568.47,182.25,11105,0.034703,260.76395,30.499102,0.063,-0.0323
2015-06-12,腾信股份,sz300392,566.97,544.5,546.9,558.03,546.75,186.01,14449,0.045156,266.14377,31.128328,0.041,0.0203
2015-06-15,腾信股份,sz300392,570.0,536.43,555.0,549.0,558.03,183.0,9973,0.031166,261.83704,30.624613,0.0601,-0.0108
2015-06-16,腾信股份,sz300392,579.0,534.0,549.0,556.2,549.0,185.4,13632,0.042599,265.27097,31.026247,0.0819,0.0131
2015-06-17,腾信股份,sz300392,609.0,547.98,555.81,606.0,556.2,202.0,19903,0.062197,289.0223,33.80422,0.1097,0.0903
2015-06-18,腾信股份,sz300392,649.5,545.4,591.0,551.4,606.0,183.8,20208,0.063146,262.9817,30.758492,0.1717,-0.067
2015-06-19,腾信股份,sz300392,551.7,498.6,551.7,505.14,551.4,168.38,17244,0.053889,240.91869,28.177992,0.0963,-0.0843
2015-06-22,腾信股份,sz300392,505.14,505.14,505.14,505.14,505.14,168.38,0,0.0,0.0,0.0,0.0,0.0
2015-06-23,腾信股份,sz300392,546.0,456.0,487.5,544.2,505.14,181.4,14462,0.045192,259.54776,30.356855,0.1781,0.1163
2015-06-24,腾信股份,sz300392,572.4,539.34,539.34,550.35,544.2,183.45,9545,0.02983,262.4809,30.699919,0.0607,0.0204
2015-06-25,腾信股份,sz300392,554.94,495.33,551.22,495.33,550.35,165.11,15005,0.046886,236.23996,27.630764,0.1083,-0.1013
2015-06-26,腾信股份,sz300392,471.0,445.8,471.0,445.8,495.33,148.6,8628,0.026964,212.6174,24.867855,0.0508,-0.0535
2015-06-29,腾信股份,sz300392,417.3,401.22,417.3,401.22,445.8,133.74,11775,0.036794,191.35565,22.38107,0.036,-0.0385
2015-06-30,腾信股份,sz300392,401.22,401.22,401.22,401.22,401.22,133.74,0,0.0,0.0,0.0,0.0,0.0
2015-07-01,腾信股份,sz300392,401.22,401.22,401.22,401.22,401.22,133.74,0,0.0,0.0,0.0,0.0,0.0
2015-07-02,腾信股份,sz300392,401.22,401.22,401.22,401.22,401.22,133.74,0,0.0,0.0,0.0,0.0,0.0
2015-07-03,腾信股份,sz300392,401.22,401.22,401.22,401.22,401.22,133.74,0,0.0,0.0,0.0,0.0,0.0
2015-07-06,腾信股份,sz300392,401.22,401.22,401.22,401.22,401.22,133.74,0,0.0,0.0,0.0,0.0,0.0
2015-07-07,腾信股份,sz300392,401.22,401.22,401.22,401.22,401.22,133.74,0,0.0,0.0,0.0,0.0,0.0
2015-07-08,腾信股份,sz300392,401.22,401.22,401.22,401.22,401.22,133.74,0,0.0,0.0,0.0,0.0,0.0
2015-07-09,腾信股份,sz300392,401.22,401.22,401.22,401.22,401.22,133.74,0,0.0,0.0,0.0,0.0,0.0
2015-07-10,腾信股份,sz300392,401.22,401.22,401.22,401.22,401.22,133.74,0,0.0,0.0,0.0,0.0,0.0
2015-07-13,腾信股份,sz300392,401.22,401.22,401.22,401.22,401.22,133.74,0,0.0,0.0,0.0,0.0,0.0
2015-07-14,腾信股份,sz300392,441.33,420.0,441.33,441.33,401.22,147.11,50795,0.158718,210.4855,24.618507,0.0531,0.0
2015-07-15,腾信股份,sz300392,429.0,397.2,429.0,397.2,441.33,132.4,11115,0.034733,189.43839,22.156824,0.072,-0.0741
2015-07-16,腾信股份,sz300392,379.5,357.48,357.48,357.48,397.2,119.16,45651,0.142664,170.49454,19.941141,0.0554,0.0
2015-07-17,腾信股份,sz300392,382.62,333.69,357.0,374.7,357.48,124.9,59563,0.186125,178.70735,20.901716,0.1368,0.0495
2015-07-20,腾信股份,sz300392,412.05,363.0,371.7,394.77,374.7,131.59,39131,0.122281,188.27943,22.021273,0.1309,0.062
2015-07-21,腾信股份,sz300392,424.77,381.0,392.1,411.0,394.77,137.0,29802,0.093131,196.02008,22.926622,0.1108,0.0482
2015-07-22,腾信股份,sz300392,428.34,393.75,414.0,409.65,411.0,136.55,26799,0.083739,195.37622,22.851316,0.0841,-0.0105
2015-07-23,腾信股份,sz300392,447.0,404.31,411.0,437.82,409.65,145.94,30852,0.096414,208.81146,24.42271,0.1042,0.0652
2015-07-24,腾信股份,sz300392,450.0,429.0,432.0,429.93,437.82,143.31,27602,0.086255,205.04845,23.982586,0.0479,-0.0047
2015-07-27,腾信股份,sz300392,435.9,386.94,408.0,386.94,429.93,128.98,25914,0.080988,184.54503,21.584496,0.1138,-0.0516
2015-07-28,腾信股份,sz300392,383.67,348.24,354.0,351.0,386.94,117.0,33498,0.104681,167.404,19.57967,0.0915,-0.0084
2015-07-29,腾信股份,sz300392,369.0,324.33,362.37,367.8,351.0,122.6,27437,0.085745,175.4165,20.516817,0.1272,0.0149
2015-07-30,腾信股份,sz300392,365.94,332.64,360.0,334.2,367.8,111.4,20136,0.062921,159.39151,18.642525,0.0905,-0.0716
2015-07-31,腾信股份,sz300392,326.64,300.78,315.63,300.9,334.2,100.3,25900,0.080927,143.50958,16.784966,0.0773,-0.0466
2015-08-03,腾信股份,sz300392,293.4,270.81,290.64,270.81,300.9,90.27,18135,0.056665,129.15863,15.106469,0.075,-0.0682
2015-08-04,腾信股份,sz300392,297.9,267.33,267.33,297.9,270.81,99.3,29081,0.090867,142.07878,16.617619,0.1128,0.1143
2015-08-05,腾信股份,sz300392,317.4,297.03,305.97,300.0,297.9,100.0,21973,0.068666,143.08035,16.73476,0.0683,-0.0195
2015-08-06,腾信股份,sz300392,296.85,279.57,285.0,284.94,300.0,94.98,12281,0.038383,135.89772,15.894676,0.0576,-2.0E-4
2015-08-07,腾信股份,sz300392,309.6,286.08,287.97,302.58,284.94,100.86,17644,0.055129,144.31084,16.87868,0.0825,0.0507
2015-08-10,腾信股份,sz300392,332.85,301.74,303.0,332.85,302.58,110.95,24877,0.077749,158.74765,18.567217,0.1028,0.0985
2015-08-11,腾信股份,sz300392,359.34,333.6,333.6,354.0,332.85,118.0,27289,0.085278,168.83481,19.747019,0.0773,0.0611
2015-08-12,腾信股份,sz300392,350.91,327.93,345.6,330.0,354.0,110.0,20208,0.06315,157.38838,18.408237,0.0649,-0.0451
2015-08-13,腾信股份,sz300392,345.0,324.0,324.0,344.64,330.0,114.88,14719,0.045999,164.3707,19.224894,0.0636,0.0637
2015-08-14,腾信股份,sz300392,352.11,339.0,348.0,339.93,344.64,113.31,13038,0.040743,162.12434,18.962158,0.038,-0.0231
2015-08-17,腾信股份,sz300392,341.67,318.0,341.61,322.5,339.93,107.5,11251,0.035159,153.81137,17.989868,0.0696,-0.0559
2015-08-18,腾信股份,sz300392,326.49,290.25,322.47,290.25,322.5,96.75,18062,0.056444,138.43024,16.190882,0.1123,-0.0999
2015-08-19,腾信股份,sz300392,306.0,272.7,289.17,298.41,290.25,99.47,13817,0.043179,142.32202,16.646067,0.1147,0.0319
2015-08-20,腾信股份,sz300392,314.28,283.5,292.35,291.0,298.41,97.0,16520,0.051625,138.78793,16.232718,0.1031,-0.0046
2015-08-21,腾信股份,sz300392,290.37,273.0,281.4,273.09,291.0,91.03,11937,0.037303,130.24605,15.233653,0.0596,-0.0295
2015-08-24,腾信股份,sz300392,258.0,245.79,250.65,245.79,273.09,81.93,8770,0.027404,117.22573,13.71079,0.0447,-0.0193
2015-08-25,腾信股份,sz300392,234.3,221.22,221.22,221.22,245.79,73.74,18473,0.05772,105.50745,12.340213,0.0532,0.0
2015-08-26,腾信股份,sz300392,234.0,202.83,228.0,204.54,221.22,68.18,26562,0.082997,97.55218,11.40976,0.1409,-0.1028
2015-08-27,腾信股份,sz300392,223.92,198.6,212.7,222.66,204.54,74.22,27850,0.087033,106.19424,12.42054,0.1237,0.0468
2015-08-28,腾信股份,sz300392,239.4,216.9,226.17,236.82,222.66,78.94,30201,0.094381,112.947624,13.21042,0.101,0.047
2015-08-31,腾信股份,sz300392,232.5,213.15,231.0,213.15,236.82,71.05,26814,0.083779,101.658585,11.890048,0.0817,-0.0772
2015-09-01,腾信股份,sz300392,208.2,191.85,208.2,191.85,213.15,63.95,16343,0.051082,91.499886,10.70188,0.0767,-0.0785
2015-09-02,腾信股份,sz300392,204.6,174.96,177.0,182.94,191.85,60.98,19016,0.059436,87.2504,10.204857,0.1544,0.0335
2015-09-03,腾信股份,sz300392,182.94,182.94,182.94,182.94,182.94,60.98,0,0.0,0.0,0.0,0.0,0.0
2015-09-04,腾信股份,sz300392,182.94,182.94,182.94,182.94,182.94,60.98,0,0.0,0.0,0.0,0.0,0.0
2015-09-07,腾信股份,sz300392,201.24,189.0,192.0,191.43,182.94,63.81,28093,0.087787,91.29957,10.678451,0.0669,-0.0029
2015-09-08,腾信股份,sz300392,209.4,184.44,192.0,208.5,191.43,69.5,25500,0.079687,99.44084,11.630659,0.1303,0.0859
2015-09-09,腾信股份,sz300392,225.0,206.7,206.7,220.5,208.5,73.5,28738,0.089806,105.164055,12.300049,0.0877,0.0667
2015-09-10,腾信股份,sz300392,227.7,210.03,213.0,221.94,220.5,73.98,22089,0.069039,105.850845,12.380376,0.0801,0.0419
2015-09-11,腾信股份,sz300392,232.5,219.0,220.47,229.5,221.94,76.5,21667,0.067709,109.45647,12.802092,0.0608,0.0409
2015-09-14,腾信股份,sz300392,229.44,206.55,229.44,206.55,229.5,68.85,17856,0.055805,98.51082,11.521883,0.0997,-0.0997
2015-09-15,腾信股份,sz300392,205.47,187.35,192.6,188.94,206.55,62.98,22321,0.041714,90.112,10.539552,0.0877,-0.019
2015-09-16,腾信股份,sz300392,207.84,189.33,190.74,207.84,188.94,69.28,17488,0.032683,99.12607,11.593842,0.0979,0.0896
2015-09-17,腾信股份,sz300392,228.63,213.84,220.83,221.64,207.84,73.88,35139,0.065673,105.70776,12.363641,0.0711,0.0036
2015-09-18,腾信股份,sz300392,238.2,225.03,225.6,236.7,221.64,78.9,26490,0.049516,112.890396,13.203726,0.0594,0.0492
2015-09-21,腾信股份,sz300392,86.79,77.0,77.8,86.79,236.7,28.93,20410,0.038143,124.179436,14.524099,0.0413,0.1155
2015-09-22,腾信股份,sz300392,95.47,91.01,91.52,92.42,86.79,30.8067,52737,0.098563,132.23486,15.466266,0.0513,0.0098
2015-09-23,腾信股份,sz300392,33.8867,30.0767,30.1667,33.8867,92.42,11.2956,157525,0.098142,145.45547,17.012558,0.0412,0.1233
2015-09-24,腾信股份,sz300392,36.3,32.2,35.9,34.22,33.8867,34.22,174892,0.108953,146.87184,17.178217,0.1209,-0.0467
2015-09-25,腾信股份,sz300392,34.0,30.8,33.2,31.0,34.22,31.0,120064,0.074799,133.05164,15.561797,0.0935,-0.0662
2015-09-28,腾信股份,sz300392,31.0,31.0,31.0,31.0,31.0,31.0,0,0.055776,142.2794,16.641083,0.0,0.0
2015-09-29,腾信股份,sz300392,32.86,30.82,32.0,31.38,31.0,31.38,75694,0.047157,134.68259,15.752554,0.0658,-0.0193
2015-09-30,腾信股份,sz300392,33.37,30.86,31.87,32.2,31.38,32.2,60263,0.037541,138.20203,16.164188,0.0799,0.0103
2015-10-01,腾信股份,sz300392,32.2,32.2,32.2,32.2,32.2,32.2,0,0.0,0.0,0.0,0.0,0.0
2015-10-02,腾信股份,sz300392,32.2,32.2,32.2,32.2,32.2,32.2,0,0.0,0.0,0.0,0.0,0.0
2015-10-05,腾信股份,sz300392,32.2,32.2,32.2,32.2,32.2,32.2,0,0.0,0.0,0.0,0.0,0.0
2015-10-06,腾信股份,sz300392,32.2,32.2,32.2,32.2,32.2,32.2,0,0.0,0.0,0.0,0.0,0.0
2015-10-07,腾信股份,sz300392,32.2,32.2,32.2,32.2,32.2,32.2,0,0.0,0.0,0.0,0.0,0.0
2015-10-08,腾信股份,sz300392,35.28,33.0,34.0,34.7,32.2,34.7,89066,0.055486,148.93199,17.419172,0.0708,0.0205
2015-10-09,腾信股份,sz300392,35.17,34.18,34.4,34.49,34.7,34.49,60429,0.037648,148.03067,17.313753,0.0285,0.0026
2015-10-12,腾信股份,sz300392,37.8,34.5,34.5,37.04,34.49,37.04,93737,0.058402,158.97525,18.593838,0.0956,0.0736
2015-10-13,腾信股份,sz300392,37.4,35.8,36.71,37.11,37.04,37.11,73435,0.045747,159.27568,18.628977,0.0431,0.0108
2015-10-14,腾信股份,sz300392,37.3,35.81,37.0,36.4,37.11,36.4,70147,0.043699,156.22838,18.272562,0.0401,-0.0162
2015-10-15,腾信股份,sz300392,38.35,36.0,36.4,37.76,36.4,37.76,73934,0.046061,162.06548,18.955273,0.0645,0.0373
2015-10-16,腾信股份,sz300392,40.98,38.05,38.06,40.52,37.76,40.52,108264,0.067449,173.91136,20.340775,0.0775,0.0646
2015-10-19,腾信股份,sz300392,41.33,38.86,41.0,39.3,40.52,39.3,86203,0.053706,168.67514,19.728342,0.0609,-0.0414
2015-10-20,腾信股份,sz300392,42.4,39.3,39.31,41.82,39.3,41.82,102431,0.063726,179.49095,20.993366,0.0788,0.0638
2015-10-21,腾信股份,sz300392,43.85,37.72,41.68,37.8,41.82,37.8,120853,0.075197,162.23715,18.975351,0.1465,-0.093
2015-10-22,腾信股份,sz300392,41.0,37.9,38.68,40.13,37.8,40.13,104328,0.06491,172.23749,20.144997,0.082,0.0374
2015-10-23,腾信股份,sz300392,41.99,40.2,40.5,41.36,40.13,41.36,88625,0.055137,177.51663,20.76245,0.0446,0.0212
2015-10-26,腾信股份,sz300392,42.3,39.5,42.3,40.2,41.36,40.2,79781,0.049639,172.53793,20.180138,0.0676,-0.0496
2015-10-27,腾信股份,sz300392,39.98,37.1,39.8,39.78,40.2,39.78,107059,0.066606,170.73529,19.9693,0.0716,-5.0E-4
2015-10-28,腾信股份,sz300392,39.2,37.5,39.0,37.8,39.78,37.8,78833,0.049052,162.23715,18.975351,0.0427,-0.0307
2015-10-29,腾信股份,sz300392,38.88,36.95,38.5,38.0,37.8,38.0,69061,0.042965,163.09555,19.07575,0.051,-0.0129
2015-10-30,腾信股份,sz300392,38.3,36.68,37.9,37.2,38.0,37.2,58424,0.03635,159.66196,18.674156,0.0426,-0.0184
2015-11-03,腾信股份,sz300392,36.98,36.0,36.21,36.52,37.2,36.52,63401,0.0,0.0,0.0,0.0263,0.0085
2015-11-04,腾信股份,sz300392,39.42,36.99,37.0,39.11,36.52,39.11,95945,0.0,0.0,0.0,0.0665,0.057
2015-11-05,腾信股份,sz300392,41.0,38.3,39.5,39.27,39.11,39.27,100915,0.0,0.0,0.0,0.069,-0.0058
2015-11-06,腾信股份,sz300392,40.73,38.65,39.27,40.13,39.27,40.13,120997,0.0,0.0,0.0,0.0529,0.0218
2015-11-09,腾信股份,sz300392,44.14,39.2,39.59,44.14,40.13,44.14,161795,0.0,0.0,0.0,0.123,0.1149
2015-11-10,腾信股份,sz300392,47.01,43.45,44.0,46.5,44.14,46.5,162247,0.0,0.0,0.0,0.0806,0.0568
2015-11-11,腾信股份,sz300392,49.97,45.11,46.5,49.0,46.5,49.0,145524,0.0,0.0,0.0,0.1045,0.0537
2015-11-12,腾信股份,sz300392,49.5,46.3,49.5,47.4,49.0,47.4,140229,0.0,0.0,0.0,0.0653,-0.0424
2015-11-13,腾信股份,sz300392,46.6,42.9,46.21,43.79,47.4,43.79,114075,0.0,0.0,0.0,0.078,-0.0523
2015-11-16,腾信股份,sz300392,45.79,42.11,42.51,45.7,43.79,45.7,95460,0.0,0.0,0.0,0.084,0.075
2015-11-17,腾信股份,sz300392,47.8,43.98,46.39,44.18,45.7,44.18,89906,0.0,0.0,0.0,0.0835,-0.0476
2015-11-18,腾信股份,sz300392,44.99,42.4,44.18,42.45,44.18,42.45,67595,0.0,0.0,0.0,0.0586,-0.0391
2015-11-19,腾信股份,sz300392,46.7,42.8,42.85,46.7,42.45,46.7,106769,0.0,0.0,0.0,0.0918,0.0898
2015-11-20,腾信股份,sz300392,50.0,46.96,46.98,48.46,46.7,48.46,150524,0.0,0.0,0.0,0.065,0.0315
2015-11-23,腾信股份,sz300392,48.0,45.28,48.0,45.59,48.46,45.59,118036,0.0,0.0,0.0,0.0561,-0.0502
2015-11-24,腾信股份,sz300392,46.59,44.52,44.6,46.5,45.59,46.5,80357,0.0,0.0,0.0,0.0454,0.0426
2015-11-25,腾信股份,sz300392,48.39,46.1,46.1,47.64,46.5,47.64,100033,0.0,0.0,0.0,0.0492,0.0334
2015-11-26,腾信股份,sz300392,48.28,45.31,47.8,45.92,47.64,45.92,145644,0.0,0.0,0.0,0.0623,-0.0393
2015-11-27,腾信股份,sz300392,45.81,41.33,45.59,41.33,45.92,41.33,200894,0.0,0.0,0.0,0.0975,-0.0934
2015-11-30,腾信股份,sz300392,40.98,37.57,40.5,40.42,41.33,40.42,161158,0.0,0.0,0.0,0.0825,-0.0019
2015-12-01,腾信股份,sz300392,40.34,39.0,39.9,39.58,40.42,39.58,77404,0.0,0.0,0.0,0.0331,-0.008
2015-12-02,腾信股份,sz300392,40.0,36.88,39.82,39.4,39.58,39.4,58403,0.0,0.0,0.0,0.0788,-0.0105
2015-12-03,腾信股份,sz300392,41.42,39.52,39.52,41.32,39.4,41.32,70434,0.0,0.0,0.0,0.0482,0.0455
2015-12-04,腾信股份,sz300392,41.99,40.12,41.35,40.6,41.32,40.6,72131,0.0,0.0,0.0,0.0452,-0.0181
2015-12-07,腾信股份,sz300392,41.55,40.16,41.2,40.81,40.6,40.81,70619,0.0,0.0,0.0,0.0342,-0.0094
2015-12-08,腾信股份,sz300392,40.58,38.7,40.58,39.13,40.81,39.13,70267,0.0,0.0,0.0,0.046,-0.0357
2015-12-09,腾信股份,sz300392,41.41,38.4,38.85,39.97,39.13,39.97,84696,0.0,0.0,0.0,0.0769,0.0288
2015-12-10,腾信股份,sz300392,41.96,39.68,39.68,40.86,39.97,40.86,102285,0.0,0.0,0.0,0.057,0.0297
2015-12-11,腾信股份,sz300392,41.6,40.06,40.29,40.33,40.86,40.33,64681,0.0,0.0,0.0,0.0376,9.0E-4
2015-12-14,腾信股份,sz300392,40.9,38.5,39.68,40.88,40.33,40.88,74794,0.0,0.0,0.0,0.0595,0.0302
2015-12-15,腾信股份,sz300392,44.97,41.1,41.36,44.97,40.88,44.97,74221,0.0,0.0,0.0,0.0946,0.0872
2015-12-16,腾信股份,sz300392,47.92,43.88,46.0,44.0,44.97,44.0,210329,0.0,0.0,0.0,0.0898,-0.0434
2015-12-17,腾信股份,sz300392,45.8,44.0,44.2,45.35,44.0,45.35,144740,0.0,0.0,0.0,0.0409,0.026
2015-12-18,腾信股份,sz300392,45.89,43.75,45.89,43.96,45.35,43.96,99218,0.0,0.0,0.0,0.0471,-0.042
2015-12-21,腾信股份,sz300392,44.63,42.5,43.06,44.08,43.96,44.08,84366,0.0,0.0,0.0,0.0484,0.0236
2015-12-22,腾信股份,sz300392,44.36,43.01,43.98,43.62,44.08,43.62,59206,0.0,0.0,0.0,0.0306,-0.0081
2015-12-23,腾信股份,sz300392,44.13,42.0,43.8,42.38,43.62,42.38,67856,0.0,0.0,0.0,0.0488,-0.0324
2015-12-24,腾信股份,sz300392,42.16,40.05,41.99,41.78,42.38,41.78,57032,0.0,0.0,0.0,0.0497,-0.005
2015-12-25,腾信股份,sz300392,42.64,41.62,41.93,42.22,41.78,42.22,43596,0.0,0.0,0.0,0.0244,0.0069
2015-12-28,腾信股份,sz300392,43.29,41.0,43.01,41.01,42.22,41.01,69048,0.0,0.0,0.0,0.0542,-0.0465
2015-12-29,腾信股份,sz300392,41.26,39.7,40.49,40.6,41.01,40.6,58603,0.0,0.0,0.0,0.038,0.0027
2015-12-30,腾信股份,sz300392,41.93,40.55,40.6,41.82,40.6,41.82,52639,0.0,0.0,0.0,0.0339,0.03
2015-12-31,腾信股份,sz300392,42.14,40.01,41.7,40.02,41.82,40.02,51663,0.0,0.0,0.0,0.0509,-0.0402
2016-01-01,腾信股份,sz300392,42.14,40.01,41.7,40.02,40.02,40.02,51663,0.0,0.0,0.0,0.0532,-0.0402
2016-01-04,腾信股份,sz300392,39.81,36.02,39.5,36.02,40.02,36.02,67480,0.0,0.0,0.0,0.0947,-0.0881
2016-01-05,腾信股份,sz300392,35.9,32.5,33.73,34.28,36.02,34.28,66747,0.0,0.0,0.0,0.0943,0.0163
2016-01-06,腾信股份,sz300392,35.89,33.35,34.51,35.5,34.28,35.5,61951,0.0,0.0,0.0,0.074,0.0286
2016-01-07,腾信股份,sz300392,34.5,31.95,34.25,31.96,35.5,31.96,18706,0.0,0.0,0.0,0.0718,-0.0668
2016-01-08,腾信股份,sz300392,33.4,29.05,32.95,32.28,31.96,32.28,68922,0.0,0.0,0.0,0.1361,-0.0203
2016-01-11,腾信股份,sz300392,31.9,29.05,31.0,29.06,32.28,29.06,57351,0.0,0.0,0.0,0.0882,-0.0625
2016-01-12,腾信股份,sz300392,30.35,28.23,29.05,29.78,29.06,29.78,51661,0.0,0.0,0.0,0.0729,0.0251
2016-01-13,腾信股份,sz300392,30.31,27.6,30.01,27.75,29.78,27.75,45902,0.0,0.0,0.0,0.091,-0.0753
2016-01-14,腾信股份,sz300392,29.7,26.07,26.07,29.41,27.75,29.41,61981,0.0,0.0,0.0,0.1308,0.1281
2016-01-15,腾信股份,sz300392,29.7,28.01,29.0,28.24,29.41,28.24,53463,0.0,0.0,0.0,0.0574,-0.0262
2016-01-18,腾信股份,sz300392,30.35,28.24,28.24,29.83,28.24,29.83,63099,0.0,0.0,0.0,0.0747,0.0563
2016-01-19,腾信股份,sz300392,32.0,29.5,29.5,31.9,29.83,31.9,83384,0.0,0.0,0.0,0.0838,0.0813
2016-01-20,腾信股份,sz300392,0.0,0.0,0.0,0.0,31.9,0.0,0,0.0,0.0,0.0,0.0,0.0
2016-01-21,腾信股份,sz300392,0.0,0.0,0.0,0.0,0.0,0.0,0,0.0,0.0,0.0,0.0,0.0
2016-01-22,腾信股份,sz300392,0.0,0.0,0.0,0.0,0.0,0.0,0,0.0,0.0,0.0,0.0,0.0
2016-01-25,腾信股份,sz300392,0.0,0.0,0.0,0.0,0.0,0.0,0,0.0,0.0,0.0,0.0,0.0
2016-01-26,腾信股份,sz300392,0.0,0.0,0.0,0.0,0.0,0.0,0,0.0,0.0,0.0,0.0,0.0
2016-01-27,腾信股份,sz300392,0.0,0.0,0.0,0.0,0.0,0.0,0,0.0,0.0,0.0,0.0,0.0
2016-01-28,腾信股份,sz300392,0.0,0.0,0.0,0.0,0.0,0.0,0,0.0,0.0,0.0,0.0,0.0
2016-01-29,腾信股份,sz300392,0.0,0.0,0.0,0.0,0.0,0.0,0,0.0,0.0,0.0,0.0,0.0
2016-02-01,腾信股份,sz300392,0.0,0.0,0.0,0.0,0.0,0.0,0,0.0,0.0,0.0,0.0,0.0
2016-02-02,腾信股份,sz300392,0.0,0.0,0.0,0.0,0.0,0.0,0,0.0,0.0,0.0,0.0,0.0
2016-02-03,腾信股份,sz300392,0.0,0.0,0.0,0.0,0.0,0.0,0,0.0,0.0,0.0,0.0,0.0
2016-02-04,腾信股份,sz300392,0.0,0.0,0.0,0.0,0.0,0.0,0,0.0,0.0,0.0,0.0,0.0
2016-02-05,腾信股份,sz300392,0.0,0.0,0.0,0.0,0.0,0.0,0,0.0,0.0,0.0,0.0,0.0
2016-02-08,腾信股份,sz300392,0.0,0.0,0.0,0.0,0.0,0.0,0,0.0,0.0,0.0,0.0,0.0
2016-02-09,腾信股份,sz300392,0.0,0.0,0.0,0.0,0.0,0.0,0,0.0,0.0,0.0,0.0,0.0
2016-02-10,腾信股份,sz300392,0.0,0.0,0.0,0.0,0.0,0.0,0,0.0,0.0,0.0,0.0,0.0
2016-02-11,腾信股份,sz300392,0.0,0.0,0.0,0.0,0.0,0.0,0,0.0,0.0,0.0,0.0,0.0
2016-02-12,腾信股份,sz300392,0.0,0.0,0.0,0.0,0.0,0.0,0,0.0,0.0,0.0,0.0,0.0
2016-02-15,腾信股份,sz300392,0.0,0.0,0.0,0.0,0.0,0.0,0,0.0,0.0,0.0,0.0,0.0
2016-02-16,腾信股份,sz300392,0.0,0.0,0.0,0.0,0.0,0.0,0,0.0,0.0,0.0,0.0,0.0
2016-02-17,腾信股份,sz300392,0.0,0.0,0.0,0.0,0.0,0.0,0,0.0,0.0,0.0,0.0,0.0
2016-02-18,腾信股份,sz300392,0.0,0.0,0.0,0.0,0.0,0.0,0,0.0,0.0,0.0,0.0,0.0
2016-02-19,腾信股份,sz300392,0.0,0.0,0.0,0.0,0.0,0.0,0,0.0,0.0,0.0,0.0,0.0
2016-02-22,腾信股份,sz300392,0.0,0.0,0.0,0.0,0.0,0.0,0,0.0,0.0,0.0,0.0,0.0
2016-02-23,腾信股份,sz300392,0.0,0.0,0.0,0.0,0.0,0.0,0,0.0,0.0,0.0,0.0,0.0
2016-02-24,腾信股份,sz300392,0.0,0.0,0.0,0.0,0.0,0.0,0,0.0,0.0,0.0,0.0,0.0
2016-02-25,腾信股份,sz300392,0.0,0.0,0.0,0.0,0.0,0.0,0,0.0,0.0,0.0,0.0,0.0
2016-02-26,腾信股份,sz300392,0.0,0.0,0.0,0.0,0.0,0.0,0,0.0,0.0,0.0,0.0,0.0
2016-02-29,腾信股份,sz300392,0.0,0.0,0.0,0.0,0.0,0.0,0,0.0,0.0,0.0,0.0,0.0
2016-03-01,腾信股份,sz300392,0.0,0.0,0.0,0.0,0.0,0.0,0,0.0,0.0,0.0,0.0,0.0
2016-03-02,腾信股份,sz300392,0.0,0.0,0.0,0.0,0.0,0.0,0,0.0,0.0,0.0,0.0,0.0
2016-03-03,腾信股份,sz300392,0.0,0.0,0.0,0.0,0.0,0.0,0,0.0,0.0,0.0,0.0,0.0
2016-03-04,腾信股份,sz300392,0.0,0.0,0.0,0.0,0.0,0.0,0,0.0,0.0,0.0,0.0,0.0
2016-03-07,腾信股份,sz300392,0.0,0.0,0.0,0.0,0.0,0.0,0,0.0,0.0,0.0,0.0,0.0
2016-03-08,腾信股份,sz300392,0.0,0.0,0.0,0.0,0.0,0.0,0,0.0,0.0,0.0,0.0,0.0
2016-03-09,腾信股份,sz300392,0.0,0.0,0.0,0.0,0.0,0.0,0,0.0,0.0,0.0,0.0,0.0
2016-03-10,腾信股份,sz300392,0.0,0.0,0.0,0.0,0.0,0.0,0,0.0,0.0,0.0,0.0,0.0
2016-03-11,腾信股份,sz300392,0.0,0.0,0.0,0.0,0.0,0.0,0,0.0,0.0,0.0,0.0,0.0
2016-03-14,腾信股份,sz300392,0.0,0.0,0.0,0.0,0.0,0.0,0,0.0,0.0,0.0,0.0,0.0
2016-03-15,腾信股份,sz300392,0.0,0.0,0.0,0.0,0.0,0.0,0,0.0,0.0,0.0,0.0,0.0
2016-03-16,腾信股份,sz300392,0.0,0.0,0.0,0.0,0.0,0.0,0,0.0,0.0,0.0,0.0,0.0
2016-03-17,腾信股份,sz300392,0.0,0.0,0.0,0.0,0.0,0.0,0,0.0,0.0,0.0,0.0,0.0
2016-03-18,腾信股份,sz300392,0.0,0.0,0.0,0.0,0.0,0.0,0,0.0,0.0,0.0,0.0,0.0
2016-03-21,腾信股份,sz300392,0.0,0.0,0.0,0.0,0.0,0.0,0,0.0,0.0,0.0,0.0,0.0
2016-03-22,腾信股份,sz300392,0.0,0.0,0.0,0.0,0.0,0.0,0,0.0,0.0,0.0,0.0,0.0
2016-03-23,腾信股份,sz300392,0.0,0.0,0.0,0.0,0.0,0.0,0,0.0,0.0,0.0,0.0,0.0
2016-03-24,腾信股份,sz300392,0.0,0.0,0.0,0.0,0.0,0.0,0,0.0,0.0,0.0,0.0,0.0
2016-03-25,腾信股份,sz300392,0.0,0.0,0.0,0.0,0.0,0.0,0,0.0,0.0,0.0,0.0,0.0
