2016-03-25
2014-01-30,博腾股份,sz300363,39.77,39.77,39.77,39.77,36.15,39.76999,3556830,0.130526,0.0,0.0,0.0,0.0
2014-02-07,博腾股份,sz300363,43.75,39.3,41.05,43.75,39.77,43.74997,14218308,0.521773,0.0,0.0,0.1118,0.0657
2014-02-10,博腾股份,sz300363,48.13,44.54,44.95,48.13,43.75,48.129955,8849988,0.32477,0.0,0.0,0.082,0.0707
2014-02-12,博腾股份,sz300363,52.94,50.77,52.0,52.94,48.13,52.93997,4533414,0.166364,0.0,0.0,0.045,0.018
2014-02-13,博腾股份,sz300363,55.5,50.3,55.33,51.35,52.94,51.349968,8843193,0.324521,0.0,0.0,0.0982,-0.0719
2014-02-14,博腾股份,sz300363,55.39,51.18,51.25,54.8,51.35,54.799965,6585009,0.241652,0.0,0.0,0.0819,0.0692
2014-02-17,博腾股份,sz300363,57.95,53.48,55.5,55.99,54.8,55.98995,6188500,0.227101,0.0,0.0,0.0815,0.0088
2014-02-18,博腾股份,sz300363,56.93,53.51,55.6,53.88,55.99,53.879967,4795683,0.175988,0.0,0.0,0.061,-0.0309
2014-02-19,博腾股份,sz300363,53.99,50.52,53.2,53.88,53.88,53.879967,4458411,0.163611,0.0,0.0,0.0644,0.0127
2014-02-20,博腾股份,sz300363,56.57,50.88,53.53,55.08,53.88,55.079983,4744818,0.174122,0.0,0.0,0.1056,0.0289
2014-02-21,博腾股份,sz300363,56.09,53.1,53.92,55.88,55.08,55.879963,2991336,0.109774,0.0,0.0,0.0542,0.0363
2014-02-24,博腾股份,sz300363,61.47,55.55,55.8,61.47,55.88,61.46997,4576380,0.167941,0.0,0.0,0.1059,0.1016
2014-02-25,博腾股份,sz300363,67.62,57.53,63.0,60.7,61.47,60.699997,7189593,0.263838,0.0,0.0,0.1641,-0.0365
2014-02-26,博腾股份,sz300363,66.77,59.35,63.01,66.77,60.7,66.77,7266934,0.266676,0.0,0.0,0.1222,0.0596
2014-02-28,博腾股份,sz300363,62.89,60.09,62.0,60.09,66.77,60.089993,6948731,0.254999,0.0,0.0,0.0419,-0.0308
2014-03-03,博腾股份,sz300363,61.58,58.42,59.46,60.69,60.09,60.68999,5066590,0.18593,0.0,0.0,0.0525,0.0206
2014-03-04,博腾股份,sz300363,60.69,54.62,59.48,55.21,60.69,55.209988,5998398,0.220125,0.0,0.0,0.1,-0.0717
2014-03-05,博腾股份,sz300363,57.24,54.88,56.38,55.27,55.21,55.27,3353498,0.123064,0.0,0.0,0.0427,-0.0196
2014-03-06,博腾股份,sz300363,57.88,53.05,54.65,56.9,55.27,56.900024,3986077,0.146278,0.0,0.0,0.0873,0.0411
2014-03-07,博腾股份,sz300363,57.43,53.3,56.36,53.3,56.9,53.30002,2798565,0.1027,0.0,0.0,0.0725,-0.0542
2014-03-10,博腾股份,sz300363,53.75,50.8,52.0,51.95,53.3,51.950035,2410747,0.088468,0.0,0.0,0.0553,-9.0E-4
2014-03-11,博腾股份,sz300363,53.6,51.25,52.07,53.18,51.95,53.180054,1983376,0.072784,0.0,0.0,0.0452,0.0213
2014-03-12,博腾股份,sz300363,53.4,49.9,52.65,51.39,53.18,51.390068,2792492,0.102477,0.0,0.0,0.0658,-0.0239
2014-03-13,博腾股份,sz300363,51.92,50.61,50.61,51.15,51.39,51.150078,1335420,0.049006,0.0,0.0,0.0254,0.0106
2014-03-14,博腾股份,sz300363,52.37,50.05,50.3,52.08,51.15,52.080086,1701255,0.062431,0.0,0.0,0.0453,0.0353
2014-03-17,博腾股份,sz300363,53.49,51.52,52.0,53.41,52.08,53.410107,1814745,0.066596,0.0,0.0,0.0378,0.0271
2014-03-18,博腾股份,sz300363,55.18,52.68,53.41,52.75,53.41,52.75012,2623375,0.096271,0.0,0.0,0.0468,-0.0123
2014-03-19,博腾股份,sz300363,52.49,50.77,52.4,52.28,52.75,52.280117,1675473,0.061485,0.0,0.0,0.0326,-0.0022
2014-03-20,博腾股份,sz300363,55.48,51.51,51.97,53.3,52.28,53.300102,2714494,0.099614,0.0,0.0,0.0759,0.0255
2014-03-21,博腾股份,sz300363,53.97,50.03,52.21,52.55,53.3,52.550114,1710338,0.062765,0.0,0.0,0.0739,0.0065
2014-03-24,博腾股份,sz300363,54.88,50.1,52.9,50.32,52.55,50.3201,2577236,0.094577,0.0,0.0,0.0909,-0.0487
2014-03-25,博腾股份,sz300363,48.87,45.6,47.1,47.16,50.32,47.160095,3030410,0.111208,45.535606,10.647446,0.0649,0.0012
2014-03-26,博腾股份,sz300363,47.47,46.06,46.81,46.99,47.16,46.990086,1163919,0.042713,45.371452,10.609062,0.0298,0.0038
2014-03-27,博腾股份,sz300363,46.96,44.87,46.8,44.88,46.99,44.88009,1290209,0.047347,43.334137,10.132684,0.0444,-0.041
2014-03-28,博腾股份,sz300363,45.88,42.5,44.49,43.99,44.88,43.99007,1741398,0.063905,42.474777,9.931742,0.0753,-0.0112
2014-03-31,博腾股份,sz300363,44.0,41.65,43.69,42.04,43.99,42.04008,1918586,0.070407,40.591957,9.491488,0.0534,-0.0377
2014-04-01,博腾股份,sz300363,43.59,41.53,41.9,43.0,42.04,43.000065,1303799,0.047846,41.518875,9.708226,0.049,0.0262
2014-04-02,博腾股份,sz300363,44.3,42.82,42.98,44.25,43.0,44.250076,1307568,0.047984,42.725826,9.990444,0.0344,0.0295
2014-04-03,博腾股份,sz300363,46.77,44.0,44.23,45.4,44.25,45.400093,1673414,0.06141,43.836227,10.250086,0.0625,0.0264
2014-04-04,博腾股份,sz300363,46.5,44.52,45.0,46.3,45.4,46.300102,1144765,0.04201,44.70524,10.453284,0.0436,0.0288
2014-04-08,博腾股份,sz300363,47.78,45.33,45.68,46.85,46.3,46.8501,947775,0.034781,45.236294,10.577458,0.0529,0.0256
2014-04-09,博腾股份,sz300363,48.26,46.62,46.84,47.67,46.85,47.67012,838155,0.030758,46.028065,10.762596,0.035,0.0177
2014-04-10,博腾股份,sz300363,48.44,47.05,47.77,47.06,47.67,47.060135,760190,0.027897,45.439087,10.624877,0.0291,-0.0148
2014-04-11,博腾股份,sz300363,46.4,45.03,46.02,45.5,47.06,45.500137,646589,0.023728,43.932827,10.272673,0.0291,-0.0112
2014-04-14,博腾股份,sz300363,45.69,44.5,45.49,45.0,45.5,45.000137,681535,0.02501,43.45005,10.159787,0.0261,-0.0107
2014-04-15,博腾股份,sz300363,45.96,44.45,44.97,45.88,45.0,45.880157,559478,0.020531,44.29976,10.358472,0.0335,0.0202
2014-04-16,博腾股份,sz300363,46.14,45.25,45.74,45.89,45.88,45.89016,417143,0.015308,44.309418,10.36073,0.0193,0.0032
2014-04-17,博腾股份,sz300363,47.0,45.6,45.89,46.2,45.89,46.20015,822900,0.030198,44.608727,10.430717,0.0305,0.0067
2014-04-18,博腾股份,sz300363,48.45,45.41,46.0,48.27,46.2,48.270145,1267115,0.0465,46.60742,10.898065,0.0658,0.0493
2014-04-21,博腾股份,sz300363,52.0,47.1,47.66,49.81,48.27,49.810158,1845099,0.06771,48.094383,11.245757,0.1015,0.0451
2014-04-22,博腾股份,sz300363,53.31,48.97,49.99,51.43,49.81,51.430183,2133892,0.078308,49.658604,11.611514,0.0871,0.0288
2014-04-23,博腾股份,sz300363,53.1,50.39,50.75,52.59,51.43,52.59019,1680202,0.061659,50.778656,11.873411,0.0526,0.0362
2014-04-24,博腾股份,sz300363,56.58,52.4,53.0,55.95,52.59,55.950176,2958817,0.10858,54.022903,12.632004,0.0794,0.0556
2014-04-25,博腾股份,sz300363,56.53,52.8,55.28,52.82,55.95,52.820156,2008026,0.073689,51.0007,11.925332,0.0666,-0.0445
2014-04-28,博腾股份,sz300363,53.53,50.05,52.38,50.37,52.82,50.370148,1848278,0.067827,48.635082,11.372187,0.0658,-0.0383
2014-04-29,博腾股份,sz300363,55.41,50.01,50.02,55.41,50.37,55.410183,2810088,0.103122,53.50151,12.510088,0.1072,0.1077
2014-04-30,博腾股份,sz300363,56.9,54.11,55.4,56.28,55.41,56.280178,2424892,0.088987,54.341537,12.706509,0.0503,0.0158
2014-05-05,博腾股份,sz300363,57.55,54.6,56.0,57.18,56.28,57.180157,2035078,0.074682,55.210514,12.909699,0.0524,0.021
2014-05-06,博腾股份,sz300363,57.79,56.22,56.6,56.64,57.18,56.640144,1557952,0.057173,54.689106,12.787779,0.0274,7.0E-4
2014-05-07,博腾股份,sz300363,60.68,56.46,56.8,56.46,56.64,56.460144,2595147,0.095235,54.515305,12.74714,0.0745,-0.0059
2014-05-08,博腾股份,sz300363,56.0,53.4,55.3,55.2,56.46,55.200123,2318919,0.085098,53.298683,12.462662,0.046,-0.0018
2014-05-09,博腾股份,sz300363,56.16,53.8,54.82,55.0,55.2,55.000134,1337418,0.04908,53.105583,12.41751,0.0427,0.0032
2014-05-12,博腾股份,sz300363,56.44,53.08,54.99,55.19,55.0,55.19016,1899656,0.069712,53.289062,12.460412,0.061,0.0036
2014-05-13,博腾股份,sz300363,60.0,54.8,55.0,58.75,55.19,58.750145,2233046,0.081947,56.72642,13.264159,0.0942,0.0681
2014-05-14,博腾股份,sz300363,60.5,58.05,58.65,59.14,58.75,59.14013,1566507,0.057486,57.10297,13.352206,0.0417,0.0083
2014-05-15,博腾股份,sz300363,59.74,58.03,58.51,58.6,59.14,58.60012,1399181,0.051346,56.581566,13.230287,0.0289,0.0015
2014-05-16,博腾股份,sz300363,59.99,55.63,58.12,55.63,58.6,55.63009,1893468,0.069485,53.71384,12.559737,0.0744,-0.0428
2014-05-19,博腾股份,sz300363,56.45,53.92,54.8,53.97,55.63,53.97009,1507190,0.05531,52.11102,12.184954,0.0454,-0.0151
2014-05-20,博腾股份,sz300363,57.86,54.58,55.0,55.3,53.97,55.30007,1972335,0.072379,53.39519,12.485228,0.0607,0.0054
2014-05-21,博腾股份,sz300363,60.83,54.61,54.82,60.83,55.3,60.83008,2923158,0.107272,58.73471,13.733751,0.1124,0.1096
2014-05-22,博腾股份,sz300363,61.79,59.22,61.0,59.7,60.83,59.7001,2194455,0.08053,57.643654,13.478632,0.0422,-0.0213
2014-05-23,博腾股份,sz300363,63.0,59.55,59.55,61.72,59.7,61.72011,2078029,0.076258,59.594086,13.934695,0.0577,0.0364
2014-05-26,博腾股份,sz300363,65.76,61.5,61.92,62.8,61.72,62.80009,2331071,0.085544,60.636864,14.178525,0.069,0.0142
2014-05-27,博腾股份,sz300363,65.6,61.8,62.69,65.5,62.8,65.500114,1999806,0.073387,63.243885,14.788116,0.0605,0.0448
2014-05-28,博腾股份,sz300363,67.58,64.19,65.05,65.4,65.5,65.4001,2234712,0.082008,63.14731,14.765535,0.0517,0.0053
2014-05-29,博腾股份,sz300363,68.5,64.82,65.3,66.0,65.4,66.00008,2150375,0.078913,63.726624,14.900994,0.0562,0.0107
2014-05-30,博腾股份,sz300363,67.53,63.12,65.55,63.7,66.0,63.700108,2201549,0.080791,61.50588,14.381724,0.0668,-0.0282
2014-06-03,博腾股份,sz300363,70.07,63.34,63.9,69.24,63.7,69.240105,3146432,0.115465,66.85504,15.632503,0.1056,0.0835
2014-06-04,博腾股份,sz300363,69.78,67.45,67.88,69.59,69.24,69.59012,1927361,0.070729,67.193,15.711525,0.0336,0.0251
2014-06-05,博腾股份,sz300363,71.59,68.68,69.6,69.76,69.59,69.760124,1684436,0.061814,67.35715,15.749908,0.0418,0.0022
2014-06-06,博腾股份,sz300363,71.07,68.27,70.4,68.57,69.76,68.57016,1767979,0.06488,66.20817,15.481246,0.0401,-0.0259
2014-06-09,博腾股份,sz300363,69.2,67.12,68.1,68.45,68.57,68.45016,1202702,0.044136,66.09231,15.454154,0.0303,0.0051
2014-06-10,博腾股份,sz300363,68.63,64.63,68.62,66.35,68.45,66.350174,2680806,0.098378,64.06466,14.980036,0.0584,-0.033
2014-06-11,博腾股份,sz300363,67.2,65.31,65.31,65.9,66.35,65.90019,1529731,0.056137,63.630173,14.878441,0.0284,0.009
2014-06-12,博腾股份,sz300363,72.49,65.27,65.8,71.3,65.9,71.300186,2802679,0.102851,68.844154,16.09761,0.1095,0.0835
2014-06-13,博腾股份,sz300363,71.97,70.03,71.29,71.6,71.3,71.60021,1571858,0.057683,69.13386,16.165348,0.0272,0.0043
2014-06-16,博腾股份,sz300363,74.4,70.11,71.8,71.18,71.6,71.18021,2007166,0.073657,68.72832,16.070522,0.0599,-0.0086
2014-06-17,博腾股份,sz300363,73.6,70.77,71.54,72.82,71.18,72.8202,1623835,0.05959,70.31181,16.440788,0.0397,0.0178
2014-06-18,博腾股份,sz300363,72.79,69.52,72.5,70.25,72.82,70.34315,1845617,0.067729,67.92009,15.881538,0.0449,-0.031
2014-06-19,博腾股份,sz300363,71.46,67.5,69.56,68.37,70.25,68.460625,1528511,0.056092,66.10241,15.456517,0.0563,-0.0171
2014-06-20,博腾股份,sz300363,74.88,68.71,68.98,73.92,68.37,74.01798,2308064,0.0847,71.46834,16.711214,0.0902,0.0716
2014-06-23,博腾股份,sz300363,78.34,73.31,73.74,76.9,73.92,77.001945,2380639,0.087363,74.34952,17.38491,0.068,0.0428
2014-06-24,博腾股份,sz300363,77.73,75.08,75.88,77.0,76.9,77.10204,1379923,0.050639,74.44617,17.40751,0.0344,0.0147
2014-06-25,博腾股份,sz300363,79.98,76.03,76.97,76.71,77.0,76.81168,1885265,0.069184,74.16581,17.341953,0.0512,-0.0033
2014-06-26,博腾股份,sz300363,83.28,77.0,77.02,83.0,76.71,83.11001,3005456,0.110292,80.24718,18.763943,0.0818,0.0776
2014-06-27,博腾股份,sz300363,83.58,81.29,83.15,82.71,83.0,82.81962,1926438,0.070695,79.9668,18.698381,0.0275,-0.0052
2014-06-30,博腾股份,sz300363,83.5,80.6,82.19,81.2,82.71,81.30759,1572674,0.057713,78.50684,18.357004,0.035,-0.012
2014-07-01,博腾股份,sz300363,83.26,78.0,80.99,81.2,81.2,81.30759,2928902,0.107483,78.50684,18.357004,0.0647,0.0025
2014-07-02,博腾股份,sz300363,81.66,78.78,81.2,80.39,81.2,80.496544,1841022,0.06756,77.72374,18.173895,0.0354,-0.0099
2014-07-03,博腾股份,sz300363,83.87,77.88,80.0,77.99,80.39,78.0934,2913251,0.106908,75.40337,17.63133,0.0745,-0.0251
2014-07-04,博腾股份,sz300363,79.88,76.01,77.02,79.44,77.99,79.54531,1714345,0.062912,76.80527,17.959131,0.0496,0.0314
2014-07-07,博腾股份,sz300363,82.58,77.98,79.03,82.19,79.44,82.29893,1701496,0.06244,79.46404,18.580824,0.0579,0.0399
2014-07-08,博腾股份,sz300363,83.29,79.79,82.0,80.78,82.19,80.88709,1307971,0.047999,78.10084,18.26207,0.0425,-0.0148
2014-07-09,博腾股份,sz300363,80.99,77.11,80.0,77.86,80.78,77.96319,1820238,0.066798,75.27764,17.601933,0.048,-0.0267
2014-07-10,博腾股份,sz300363,80.0,77.89,77.89,78.61,77.86,78.7142,1198045,0.043965,76.00279,17.771492,0.027,0.0092
2014-07-11,博腾股份,sz300363,79.1,70.75,78.49,70.75,78.61,70.8438,4356888,0.159886,68.4035,15.994574,0.1062,-0.0986
2014-07-14,博腾股份,sz300363,71.5,68.36,70.12,69.3,70.75,69.39186,2670133,0.097987,67.00157,15.666765,0.0443,-0.0116
2014-07-15,博腾股份,sz300363,70.45,69.05,69.46,69.51,69.3,69.60212,1439343,0.05282,67.20459,15.714235,0.0202,7.0E-4
2014-07-16,博腾股份,sz300363,69.3,66.32,69.09,67.7,69.51,67.78975,1812848,0.066527,65.45465,15.305052,0.0428,-0.0201
2014-07-17,博腾股份,sz300363,68.57,66.5,66.5,68.27,67.7,68.36047,858468,0.031503,66.00571,15.433905,0.0305,0.0266
2014-07-18,博腾股份,sz300363,69.6,67.78,68.2,68.49,68.27,68.58073,917995,0.033688,66.21838,15.483633,0.0266,0.0042
2014-07-21,博腾股份,sz300363,68.49,65.26,68.08,65.7,68.49,65.787025,1367451,0.050182,63.52091,14.852892,0.0471,-0.0349
2014-07-22,博腾股份,sz300363,67.33,65.5,65.5,66.82,65.7,66.9085,888161,0.032593,64.60375,15.106089,0.0278,0.0201
2014-07-23,博腾股份,sz300363,67.59,62.89,66.79,63.85,66.82,63.934547,1636503,0.060055,61.732243,14.434654,0.0703,-0.044
2014-07-24,博腾股份,sz300363,65.8,63.27,63.55,64.64,63.85,64.72561,1152945,0.04231,62.496056,14.613254,0.0396,0.0171
2014-07-25,博腾股份,sz300363,64.28,61.57,63.75,62.91,64.64,62.993294,1310216,0.048081,60.82341,14.222145,0.0419,-0.0131
2014-07-28,博腾股份,sz300363,65.11,63.03,63.52,64.54,62.91,64.62545,954370,0.035023,62.399345,14.59064,0.033,0.016
2014-07-29,博腾股份,sz300363,68.17,64.0,64.0,67.61,64.54,67.699486,1775454,0.065154,65.36749,15.284673,0.0646,0.0564
2014-07-30,博腾股份,sz300363,69.3,67.0,67.3,67.88,67.61,67.96981,1336932,0.049062,65.62851,15.345705,0.034,0.0086
2014-07-31,博腾股份,sz300363,68.0,65.02,67.51,66.45,67.88,66.537895,957360,0.035132,64.24591,15.022417,0.0439,-0.0157
2014-08-01,博腾股份,sz300363,66.78,64.01,66.54,64.41,66.45,64.49518,922366,0.033848,62.273563,14.561229,0.0416,-0.032
2014-08-04,博腾股份,sz300363,65.23,63.5,63.99,65.15,64.41,65.23617,726808,0.026672,62.98902,14.728523,0.0268,0.0181
2014-08-05,博腾股份,sz300363,68.17,64.6,65.2,67.28,65.15,67.368996,1028592,0.037746,65.048386,15.210057,0.0547,0.0319
2014-08-06,博腾股份,sz300363,68.69,66.63,67.2,67.0,67.28,67.08861,836931,0.030713,64.77766,15.146753,0.0306,-0.0029
2014-08-07,博腾股份,sz300363,67.49,65.8,66.63,66.1,67.0,66.18741,691468,0.025375,63.907497,14.943287,0.0252,-0.0079
2014-08-08,博腾股份,sz300363,67.19,65.96,65.96,67.01,66.1,67.09861,575396,0.021115,64.78731,15.149011,0.0186,0.0159
2014-08-11,博腾股份,sz300363,69.37,67.12,67.12,68.81,67.01,68.90101,934411,0.03429,66.527626,15.555944,0.0335,0.0251
2014-08-12,博腾股份,sz300363,69.5,67.51,68.6,68.63,68.81,68.720764,905251,0.03322,66.35359,15.515249,0.0289,4.0E-4
2014-08-13,博腾股份,sz300363,68.3,65.02,68.12,65.4,68.63,65.48649,1599573,0.0587,63.230724,14.78504,0.0477,-0.0399
2014-08-14,博腾股份,sz300363,65.8,62.3,65.0,62.88,65.4,62.963165,2039065,0.074828,60.79432,14.215342,0.0535,-0.0326
2014-08-15,博腾股份,sz300363,63.77,62.6,62.6,63.43,62.88,63.513905,807050,0.029617,61.326088,14.339684,0.0186,0.0132
2014-08-18,博腾股份,sz300363,64.3,63.08,63.6,64.22,63.43,64.30497,818024,0.030019,62.089905,14.518285,0.0192,0.0097
2014-08-19,博腾股份,sz300363,66.8,63.6,63.99,66.2,64.22,66.28762,1476878,0.054197,64.00426,14.965913,0.0498,0.0345
2014-08-20,博腾股份,sz300363,68.21,65.6,66.17,67.4,66.2,67.48922,1472658,0.054042,65.16447,15.2372,0.0394,0.0185
2014-08-21,博腾股份,sz300363,68.65,66.5,67.58,68.08,67.4,68.17011,905778,0.03324,65.82191,15.390928,0.0318,0.0073
2014-08-22,博腾股份,sz300363,70.4,67.58,68.08,69.48,68.08,69.57197,1315661,0.048281,67.17547,15.707427,0.0414,0.0205
2014-08-25,博腾股份,sz300363,69.54,67.61,69.5,67.74,69.48,67.82967,795932,0.029209,65.493195,15.314066,0.0277,-0.0253
2014-08-26,博腾股份,sz300363,69.87,67.31,67.62,68.1,67.74,68.190125,927959,0.034054,65.841225,15.395445,0.0377,0.007
2014-08-27,博腾股份,sz300363,68.85,66.8,68.06,66.8,68.1,66.888374,759114,0.027857,64.58432,15.101546,0.0301,-0.0185
2014-08-28,博腾股份,sz300363,67.77,64.92,67.0,65.6,66.8,65.68679,681544,0.025011,63.424126,14.830261,0.0426,-0.0208
2014-08-29,博腾股份,sz300363,66.3,65.0,65.71,66.19,65.6,66.27757,466748,0.017128,63.99456,14.963645,0.0198,0.0073
2014-09-01,博腾股份,sz300363,68.94,65.81,66.07,68.56,66.19,68.65071,759335,0.027866,66.28595,15.499433,0.0472,0.0376
2014-09-02,博腾股份,sz300363,69.19,68.03,68.61,68.81,68.56,68.90101,780202,0.028631,66.52763,15.555944,0.0169,0.0029
2014-09-03,博腾股份,sz300363,70.9,68.87,68.87,69.8,68.81,69.89229,1280272,0.046982,67.484764,15.779747,0.0295,0.0135
2014-09-04,博腾股份,sz300363,72.8,69.5,69.81,71.2,69.8,71.29412,1351051,0.04958,68.8383,16.096243,0.0472,0.0199
2014-09-05,博腾股份,sz300363,72.2,69.65,71.69,70.18,71.2,70.27276,1226227,0.044999,67.85213,15.865647,0.0358,-0.021
2014-09-09,博腾股份,sz300363,70.5,68.9,70.33,69.35,70.18,69.44164,777329,0.028526,67.04964,15.678004,0.0227,-0.0139
2014-09-10,博腾股份,sz300363,72.87,69.09,69.35,72.8,69.35,72.896225,1300888,0.047739,70.38522,16.457952,0.0545,0.0497
2014-09-11,博腾股份,sz300363,73.01,70.91,72.54,71.7,72.8,71.79477,1201184,0.04408,69.32171,16.209274,0.0288,-0.0115
2014-09-12,博腾股份,sz300363,72.3,70.55,71.89,71.98,71.7,72.07513,667890,0.02451,69.59241,16.272572,0.0244,0.0012
2014-09-15,博腾股份,sz300363,75.79,71.97,71.97,74.58,71.98,74.67855,1443309,0.052965,72.106155,16.860352,0.053,0.0362
2014-09-16,博腾股份,sz300363,75.0,72.56,74.15,72.56,74.58,72.65588,1035524,0.038001,70.15316,16.40369,0.0327,-0.0214
2014-09-17,博腾股份,sz300363,74.7,70.91,72.56,72.92,72.56,73.01633,917267,0.033661,70.50119,16.48507,0.0522,0.0049
2014-09-18,博腾股份,sz300363,73.49,72.0,73.18,72.9,72.92,72.99632,487721,0.017898,70.48187,16.480553,0.0204,-0.0038
2014-09-19,博腾股份,sz300363,74.49,72.96,72.96,73.8,72.9,73.89753,699275,0.025661,71.35204,16.684021,0.0209,0.0115
2014-09-22,博腾股份,sz300363,74.2,69.9,73.7,70.26,73.8,70.35289,978028,0.035891,67.9295,15.883738,0.0582,-0.0466
2014-09-23,博腾股份,sz300363,71.3,70.1,70.12,70.8,70.26,70.89362,648938,0.023814,68.4516,16.005821,0.017,0.0096
2014-09-24,博腾股份,sz300363,71.48,70.3,70.81,71.08,70.8,71.174,687441,0.025227,68.72233,16.069124,0.0166,0.0038
2014-09-25,博腾股份,sz300363,71.79,69.42,71.02,69.9,71.08,69.99245,965349,0.035426,67.58147,15.80236,0.0333,-0.0157
2014-09-26,博腾股份,sz300363,70.14,68.22,69.15,69.59,69.9,69.68203,872657,0.032024,67.281746,15.732277,0.0274,0.0063
2014-09-29,博腾股份,sz300363,74.33,70.65,70.65,73.3,69.59,73.39692,1486441,0.054548,70.86867,16.570995,0.0528,0.0375
2014-09-30,博腾股份,sz300363,74.27,72.72,73.7,73.33,73.3,73.42694,894019,0.032808,70.89765,16.577772,0.0211,-0.005
2014-10-08,博腾股份,sz300363,74.15,72.12,73.5,74.0,73.33,74.09784,922424,0.03385,71.54545,16.729244,0.0276,0.0068
2014-10-09,博腾股份,sz300363,74.68,72.02,74.01,72.99,74.0,73.08648,806988,0.029614,70.568924,16.500908,0.0359,-0.0137
2014-10-10,博腾股份,sz300363,73.37,71.88,72.5,72.25,72.99,72.34553,695571,0.025526,69.85349,16.33362,0.0204,-0.0034
2014-10-13,博腾股份,sz300363,74.61,71.72,72.01,74.53,72.25,74.62853,934518,0.034294,72.05786,16.84906,0.04,0.0349
2014-10-14,博腾股份,sz300363,74.9,73.61,74.48,74.65,74.53,74.74869,783867,0.028766,72.173874,16.876188,0.0173,0.0022
2014-10-15,博腾股份,sz300363,74.49,71.88,73.8,73.91,74.65,74.007706,1371767,0.05034,71.45842,16.708895,0.0349,0.0014
2014-10-16,博腾股份,sz300363,75.89,73.25,73.25,73.5,73.91,73.59718,1348878,0.0495,71.062035,16.61621,0.0357,0.0034
2014-10-17,博腾股份,sz300363,77.5,72.02,73.47,76.99,73.5,77.0918,1759925,0.064584,74.43627,17.405197,0.0745,0.0479
2014-10-20,博腾股份,sz300363,79.85,76.7,76.99,77.9,76.99,78.00302,1442181,0.052924,75.31611,17.610928,0.0409,0.0118
2014-10-21,博腾股份,sz300363,84.0,76.8,77.3,81.6,77.9,81.70793,1976264,0.072523,78.8934,18.447393,0.0924,0.0556
2014-10-22,博腾股份,sz300363,85.37,81.01,81.59,81.51,81.6,81.617805,1509739,0.055403,78.80638,18.427046,0.0534,-9.0E-4
2014-10-23,博腾股份,sz300363,82.29,78.51,80.56,78.77,81.51,78.874146,1073129,0.039381,76.15723,17.807602,0.0463,-0.0222
2014-10-24,博腾股份,sz300363,80.5,78.5,78.5,79.2,78.77,79.30472,621832,0.02282,76.57297,17.904814,0.0253,0.0089
2014-10-27,博腾股份,sz300363,86.65,79.5,79.5,84.6,79.2,84.711876,1381323,0.050691,81.79387,19.1256,0.0902,0.0641
2014-10-28,博腾股份,sz300363,86.27,83.65,84.83,85.76,84.6,85.87344,1037522,0.038074,82.91542,19.38785,0.0309,0.0109
2014-10-29,博腾股份,sz300363,85.95,83.69,85.8,85.16,85.76,85.272675,1106755,0.040615,82.33535,19.252213,0.0263,-0.0074
2014-10-30,博腾股份,sz300363,89.0,84.5,85.06,86.9,85.16,87.01496,1284071,0.047122,84.017624,19.645575,0.0528,0.0216
2014-10-31,博腾股份,sz300363,88.89,83.67,86.4,85.11,86.9,85.222626,1143480,0.041963,82.287025,19.240913,0.06,-0.0149
2014-11-03,博腾股份,sz300363,88.35,85.3,85.31,85.8,85.11,85.91353,908290,0.033332,82.95413,19.3969,0.0358,0.0057
2014-11-04,博腾股份,sz300363,87.29,84.03,85.71,84.89,85.8,85.00233,778825,0.028581,82.07432,19.191177,0.0379,-0.0095
2014-11-05,博腾股份,sz300363,87.2,84.2,84.68,87.04,84.89,87.15518,873849,0.032068,84.153015,19.677233,0.0353,0.0278
2014-11-06,博腾股份,sz300363,89.75,86.55,87.0,89.7,87.04,89.81873,945246,0.034688,86.724815,20.278587,0.0367,0.031
2014-11-07,博腾股份,sz300363,90.65,85.52,89.71,86.68,89.7,86.794716,1355278,0.049735,83.80496,19.595848,0.0571,-0.0337
2014-11-10,博腾股份,sz300363,87.79,85.5,86.5,86.06,86.68,86.173874,567102,0.020811,83.205505,19.455679,0.0264,-0.005
2014-11-11,博腾股份,sz300363,88.2,82.16,86.26,83.65,86.06,83.76066,1136747,0.041715,80.87542,18.910843,0.0701,-0.0302
2014-11-12,博腾股份,sz300363,87.66,83.1,83.11,86.87,83.65,86.98494,798766,0.029313,83.98864,19.638796,0.0545,0.0452
2014-11-13,博腾股份,sz300363,85.85,78.18,85.2,78.18,86.87,78.2834,2237887,0.082124,75.58684,17.674229,0.0882,-0.0823
2014-11-14,博腾股份,sz300363,79.7,76.0,78.12,76.8,78.18,76.90154,1058293,0.038836,74.25258,17.362244,0.0473,-0.0168
2014-11-17,博腾股份,sz300363,80.3,76.66,77.02,77.7,76.8,77.80276,870781,0.031955,75.12274,17.565712,0.0473,0.0088
2014-11-18,博腾股份,sz300363,78.5,76.81,78.0,78.1,77.7,78.203285,482341,0.017701,75.509476,17.65614,0.0217,0.0012
2014-11-19,博腾股份,sz300363,78.8,77.55,78.1,78.39,78.1,78.49365,401404,0.01473,75.78984,17.721697,0.016,0.0037
2014-11-20,博腾股份,sz300363,78.37,76.9,77.8,77.25,78.39,77.35212,422147,0.015492,74.68763,17.46397,0.0187,-0.007
2014-11-21,博腾股份,sz300363,79.2,77.11,77.11,78.72,77.25,78.82405,530762,0.019478,76.10886,17.796293,0.027,0.0208
2014-11-24,博腾股份,sz300363,80.0,77.75,79.53,78.12,78.72,78.22326,638910,0.023446,75.528755,17.660648,0.0285,-0.0177
2014-11-25,博腾股份,sz300363,78.37,77.0,78.01,78.26,78.12,78.363434,829919,0.030456,75.66411,17.692297,0.0175,0.0032
2014-11-26,博腾股份,sz300363,80.59,77.01,78.0,77.9,78.26,78.00296,973657,0.035731,75.31605,17.610912,0.0457,-0.0012
2014-11-27,博腾股份,sz300363,79.75,78.01,78.3,79.15,77.9,79.25459,796467,0.029228,76.524574,17.893497,0.0223,0.0108
2014-11-28,博腾股份,sz300363,81.5,78.35,79.16,81.3,79.15,81.40747,1157742,0.042486,78.60329,18.379557,0.0397,0.027
2014-12-01,博腾股份,sz300363,84.88,79.8,81.08,84.45,81.3,84.5616,1346074,0.049397,81.648766,19.091673,0.0624,0.0415
2014-12-02,博腾股份,sz300363,85.58,83.53,83.87,84.74,84.45,84.85198,909626,0.033381,81.92915,19.157232,0.0242,0.0103
2014-12-03,博腾股份,sz300363,85.5,81.0,84.7,84.09,84.74,84.20109,966304,0.035461,81.300674,19.010279,0.0531,-0.0072
2014-12-04,博腾股份,sz300363,84.48,82.0,83.9,82.71,84.09,82.81926,945146,0.034684,79.966446,18.6983,0.0294,-0.0141
2014-12-05,博腾股份,sz300363,81.9,75.2,81.9,75.2,82.71,75.299355,1476981,0.054201,72.705574,17.000513,0.081,-0.0818
2014-12-08,博腾股份,sz300363,74.98,67.68,74.0,67.68,75.2,67.76942,2118149,0.07773,65.43501,15.300462,0.097,-0.0854
2014-12-09,博腾股份,sz300363,69.88,64.8,67.68,65.95,67.68,66.03716,1637889,0.060106,63.762432,14.909367,0.075,-0.0255
2014-12-10,博腾股份,sz300363,68.8,66.5,66.56,67.0,65.95,67.08854,1004226,0.036852,64.777596,15.146739,0.0348,0.0066
2014-12-11,博腾股份,sz300363,68.6,65.55,66.55,67.99,67.0,68.07984,769871,0.028252,65.73475,15.370547,0.0455,0.0216
2014-12-12,博腾股份,sz300363,70.51,67.25,68.19,70.36,67.99,70.45297,874714,0.0321,68.02613,15.906333,0.0479,0.0318
2014-12-15,博腾股份,sz300363,71.7,69.9,70.3,71.6,70.36,71.69463,936105,0.034352,69.22502,16.186666,0.0255,0.0184
2014-12-16,博腾股份,sz300363,71.8,69.52,71.66,70.27,71.6,70.36291,683251,0.025073,67.93916,15.885999,0.0318,-0.0193
2014-12-17,博腾股份,sz300363,69.83,66.5,69.83,67.1,70.27,67.1887,691946,0.025393,64.8743,15.16935,0.0473,-0.039
2014-12-18,博腾股份,sz300363,67.81,66.6,66.81,66.89,67.1,66.97839,423575,0.015544,64.67124,15.12187,0.018,0.0011
2014-12-19,博腾股份,sz300363,67.99,65.91,66.5,67.25,66.89,67.338875,713317,0.026177,65.0193,15.203256,0.031,0.0112
2014-12-22,博腾股份,sz300363,66.5,60.53,66.5,60.55,67.25,60.630035,1245317,0.0457,58.541557,13.688586,0.0887,-0.0894
2014-12-23,博腾股份,sz300363,61.96,59.2,60.0,60.0,60.55,60.07933,756426,0.027759,58.009823,13.564253,0.0455,0.0
2014-12-24,博腾股份,sz300363,63.77,60.6,60.66,63.77,60.0,63.854298,613542,0.022515,61.654755,14.416535,0.0528,0.0512
2014-12-25,博腾股份,sz300363,64.8,62.6,64.0,64.1,63.77,64.184746,639664,0.023474,61.97382,14.491141,0.0344,0.0015
2014-12-26,博腾股份,sz300363,65.69,63.5,63.77,64.7,64.1,64.785515,630628,0.023142,62.553894,14.626778,0.0341,0.0145
2014-12-29,博腾股份,sz300363,63.8,61.0,63.56,61.49,64.7,61.571243,855135,0.031381,59.450344,13.901085,0.0432,-0.0325
2014-12-30,博腾股份,sz300363,61.64,60.2,61.45,61.07,61.49,61.15071,522927,0.01919,59.044296,13.806141,0.0234,-0.0061
2014-12-31,博腾股份,sz300363,62.3,60.95,61.11,61.9,61.07,61.98181,562569,0.020645,59.846767,13.99378,0.0221,0.0129
2015-01-01,博腾股份,sz300363,92.85,92.85,92.85,92.85,61.9,24.711,0,0.0,0.0,0.0,0.0,0.0
2015-01-02,博腾股份,sz300363,92.85,92.85,92.85,92.85,92.85,24.711,0,0.0,0.0,0.0,0.0,0.0
2015-01-05,博腾股份,sz300363,91.2,85.515,90.48,90.225,92.85,24.012,14815,0.021748,58.154842,13.598162,0.0612,-0.0028
2015-01-06,博腾股份,sz300363,95.25,89.73,90.0,95.07,90.225,25.302,22492,0.033016,61.2777,14.328369,0.0611,0.0563
2015-01-07,博腾股份,sz300363,95.1,92.7,94.215,93.075,95.07,24.771,15807,0.023204,59.991787,14.027688,0.0252,-0.012
2015-01-08,博腾股份,sz300363,94.755,92.565,93.03,93.24,93.075,24.815,12337,0.01811,60.098152,14.05256,0.0235,0.0022
2015-01-09,博腾股份,sz300363,95.94,92.34,93.0,94.065,93.24,25.034,18394,0.027001,60.6299,14.176897,0.0386,0.0114
2015-01-12,博腾股份,sz300363,96.33,93.0,93.0,95.4,94.065,25.389,14256,0.020927,61.49036,14.378095,0.0354,0.0258
2015-01-13,博腾股份,sz300363,96.945,93.705,94.5,96.945,95.4,25.801,15227,0.022352,62.486195,14.610948,0.0339,0.0258
2015-01-14,博腾股份,sz300363,100.95,96.03,96.735,99.54,96.945,26.491,22026,0.032333,64.15883,15.002054,0.0507,0.0289
2015-01-15,博腾股份,sz300363,99.9,97.65,98.7,99.525,99.54,26.487,13358,0.019609,64.14914,14.999789,0.0226,0.0083
2015-01-16,博腾股份,sz300363,109.485,98.85,98.985,109.485,99.525,29.138,38837,0.057009,70.56886,16.500893,0.1068,0.106
2015-01-19,博腾股份,sz300363,112.8,106.5,107.82,109.485,109.485,29.138,32397,0.047555,70.56886,16.500893,0.0575,0.0154
2015-01-20,博腾股份,sz300363,118.47,108.33,108.9,115.05,109.485,30.619,29078,0.042683,74.15581,17.339617,0.0926,0.0564
2015-01-21,博腾股份,sz300363,115.05,115.05,115.05,115.05,115.05,30.619,0,0.0,0.0,0.0,0.0,0.0
2015-01-22,博腾股份,sz300363,115.05,115.05,115.05,115.05,115.05,30.619,0,0.0,0.0,0.0,0.0,0.0
2015-01-23,博腾股份,sz300363,115.05,115.05,115.05,115.05,115.05,30.619,0,0.0,0.0,0.0,0.0,0.0
2015-01-26,博腾股份,sz300363,115.05,115.05,115.05,115.05,115.05,30.619,0,0.0,0.0,0.0,0.0,0.0
2015-01-27,博腾股份,sz300363,115.05,115.05,115.05,115.05,115.05,30.619,0,0.0,0.0,0.0,0.0,0.0
2015-01-28,博腾股份,sz300363,115.05,115.05,115.05,115.05,115.05,30.619,0,0.0,0.0,0.0,0.0,0.0
2015-01-29,博腾股份,sz300363,115.05,115.05,115.05,115.05,115.05,30.619,0,0.0,0.0,0.0,0.0,0.0
2015-01-30,博腾股份,sz300363,115.05,115.05,115.05,115.05,115.05,30.619,0,0.0,0.0,0.0,0.0,0.0
2015-02-02,博腾股份,sz300363,115.05,115.05,115.05,115.05,115.05,30.619,0,0.0,0.0,0.0,0.0,0.0
2015-02-03,博腾股份,sz300363,115.05,115.05,115.05,115.05,115.05,30.619,0,0.0,0.0,0.0,0.0,0.0
2015-02-04,博腾股份,sz300363,115.05,115.05,115.05,115.05,115.05,30.619,0,0.0,0.0,0.0,0.0,0.0
2015-02-05,博腾股份,sz300363,115.05,115.05,115.05,115.05,115.05,30.619,0,0.0,0.0,0.0,0.0,0.0
2015-02-06,博腾股份,sz300363,115.05,115.05,115.05,115.05,115.05,30.619,0,0.0,0.0,0.0,0.0,0.0
2015-02-09,博腾股份,sz300363,115.05,115.05,115.05,115.05,115.05,30.619,0,0.0,0.0,0.0,0.0,0.0
2015-02-10,博腾股份,sz300363,115.05,115.05,115.05,115.05,115.05,30.619,0,0.0,0.0,0.0,0.0,0.0
2015-02-11,博腾股份,sz300363,115.05,115.05,115.05,115.05,115.05,30.619,0,0.0,0.0,0.0,0.0,0.0
2015-02-12,博腾股份,sz300363,115.05,115.05,115.05,115.05,115.05,30.619,0,0.0,0.0,0.0,0.0,0.0
2015-02-13,博腾股份,sz300363,115.05,115.05,115.05,115.05,115.05,30.619,0,0.0,0.0,0.0,0.0,0.0
2015-02-16,博腾股份,sz300363,115.05,115.05,115.05,115.05,115.05,30.619,0,0.0,0.0,0.0,0.0,0.0
2015-02-17,博腾股份,sz300363,115.05,115.05,115.05,115.05,115.05,30.619,0,0.0,0.0,0.0,0.0,0.0
2015-02-18,博腾股份,sz300363,115.05,115.05,115.05,115.05,115.05,30.619,0,0.0,0.0,0.0,0.0,0.0
2015-02-19,博腾股份,sz300363,115.05,115.05,115.05,115.05,115.05,30.619,0,0.0,0.0,0.0,0.0,0.0
2015-02-20,博腾股份,sz300363,115.05,115.05,115.05,115.05,115.05,30.619,0,0.0,0.0,0.0,0.0,0.0
2015-02-23,博腾股份,sz300363,115.05,115.05,115.05,115.05,115.05,30.619,0,0.0,0.0,0.0,0.0,0.0
2015-02-24,博腾股份,sz300363,115.05,115.05,115.05,115.05,115.05,30.619,0,0.0,0.0,0.0,0.0,0.0
2015-02-25,博腾股份,sz300363,126.555,126.555,126.555,126.555,115.05,33.681,4099,0.006017,73.28568,11.342141,0.0,0.0
2015-02-26,博腾股份,sz300363,129.9,123.0,126.75,125.22,126.555,33.326,53342,0.0783,72.512596,11.222493,0.0545,-0.012
2015-02-27,博腾股份,sz300363,125.25,119.7,123.0,123.735,125.22,32.93,26935,0.039538,71.65267,11.089405,0.0443,0.0059
2015-03-02,博腾股份,sz300363,129.15,122.01,122.25,124.2,123.735,33.054,28959,0.042509,71.92194,11.131079,0.0577,0.0159
2015-03-03,博腾股份,sz300363,125.67,122.4,123.09,124.065,124.2,33.018,17230,0.018019,71.84376,11.118979,0.0263,0.0079
2015-03-04,博腾股份,sz300363,127.425,122.55,122.55,124.92,124.065,33.246,15067,0.015756,72.338905,11.195612,0.0392,0.0193
2015-03-05,博腾股份,sz300363,126.87,121.5,124.605,123.15,124.92,32.775,22725,0.023765,71.313934,11.036981,0.0429,-0.0116
2015-03-06,博腾股份,sz300363,124.2,119.7,123.15,119.7,123.15,31.856,18511,0.019358,69.31608,10.72778,0.0365,-0.028
2015-03-09,博腾股份,sz300363,122.685,118.875,118.875,121.185,119.7,32.252,13079,0.013678,70.17601,10.860869,0.0318,0.0194
2015-03-10,博腾股份,sz300363,122.55,118.62,121.185,119.235,121.185,31.733,20970,0.02193,69.046814,10.686106,0.0324,-0.016
2015-03-11,博腾股份,sz300363,125.91,118.83,119.25,124.155,119.235,33.042,31301,0.032734,71.89589,11.127047,0.0593,0.0411
2015-03-12,博腾股份,sz300363,125.85,121.5,124.275,123.93,124.155,32.982,17499,0.0183,71.76562,11.106885,0.035,-0.0027
2015-03-13,博腾股份,sz300363,131.25,123.03,125.175,130.68,123.93,34.779,26185,0.027383,75.6744,11.711833,0.0663,0.0439
2015-03-16,博腾股份,sz300363,143.745,130.065,130.5,143.07,130.68,38.076,51827,0.054198,82.84924,12.822255,0.1046,0.0963
2015-03-17,博腾股份,sz300363,143.835,139.5,142.515,142.395,143.07,37.896,28817,0.030135,82.45836,12.76176,0.0302,-8.0E-4
2015-03-18,博腾股份,sz300363,147.9,141.525,141.9,146.625,142.395,39.022,26466,0.027678,84.90787,13.14086,0.0447,0.0332
2015-03-19,博腾股份,sz300363,161.295,149.97,157.5,152.55,146.625,40.599,82246,0.086009,88.338905,13.671869,0.0772,-0.0314
2015-03-20,博腾股份,sz300363,166.5,147.765,147.915,164.25,152.55,43.713,56991,0.059599,95.11415,14.720447,0.1228,0.1104
2015-03-23,博腾股份,sz300363,180.675,165.75,165.75,180.675,164.25,48.084,66240,0.069271,104.625565,16.192492,0.0908,0.09
2015-03-24,博腾股份,sz300363,79.5,74.46,75.6,79.5,180.675,21.158,107087,0.111987,115.092514,17.812422,0.0278,0.0515
2015-03-25,博腾股份,sz300363,87.45,85.2,85.2,87.45,79.5,23.274,34466,0.036044,126.60177,19.593662,0.0283,0.0264
2015-03-26,博腾股份,sz300363,96.12,88.515,93.0,96.12,87.45,64.08,370328,0.387272,139.25409,21.551815,0.0869,0.0335
2015-03-27,博腾股份,sz300363,94.485,86.505,94.485,86.505,96.12,57.67,99464,0.104015,125.32436,19.395966,0.083,-0.0844
2015-03-30,博腾股份,sz300363,81.99,77.85,79.95,77.85,86.505,51.9,130340,0.136304,112.785416,17.45536,0.0478,-0.0262
2015-03-31,博腾股份,sz300363,80.55,73.725,73.77,79.5,77.85,53.0,152237,0.159202,115.1759,17.825327,0.0876,0.0776
2015-04-01,博腾股份,sz300363,80.25,76.545,79.5,78.99,79.5,52.66,108886,0.113868,114.43705,17.710978,0.0466,-0.0064
2015-04-02,博腾股份,sz300363,80.37,77.4,79.65,78.12,78.99,52.08,99298,0.103842,113.176636,17.515907,0.0375,-0.0192
2015-04-03,博腾股份,sz300363,78.0,76.275,77.55,77.475,78.12,51.65,85163,0.089059,112.24214,17.371279,0.022,-9.0E-4
2015-04-06,博腾股份,sz300363,77.475,77.475,77.475,77.475,77.475,51.65,0,0.0,0.0,0.0,0.0,0.0
2015-04-07,博腾股份,sz300363,83.025,76.65,77.49,81.48,77.475,54.32,125971,0.131735,118.04438,18.26927,0.0822,0.0514
2015-04-08,博腾股份,sz300363,83.175,78.315,80.7,79.47,81.48,52.98,91862,0.096065,115.13235,17.818586,0.0596,-0.0152
2015-04-09,博腾股份,sz300363,82.95,73.65,79.41,82.395,79.47,54.93,118738,0.124171,119.36991,18.474417,0.117,0.0375
2015-04-10,博腾股份,sz300363,82.995,79.89,81.0,82.38,82.395,54.92,109012,0.114,119.34818,18.471054,0.0376,0.017
2015-04-13,博腾股份,sz300363,82.455,78.0,81.0,81.765,82.38,54.51,82921,0.086715,118.457245,18.333168,0.054,0.0094
2015-04-14,博腾股份,sz300363,80.88,77.085,80.88,77.085,81.765,51.39,89770,0.093878,111.67711,17.283833,0.0464,-0.0469
2015-04-15,博腾股份,sz300363,75.72,69.375,75.72,69.375,77.085,46.25,98329,0.102828,100.50728,15.555121,0.0823,-0.0837
2015-04-16,博腾股份,sz300363,70.32,64.95,67.38,67.515,69.375,45.01,53160,0.055592,97.81258,15.138072,0.0774,0.002
2015-04-17,博腾股份,sz300363,71.235,67.575,67.575,68.61,67.515,45.74,51625,0.053987,99.399,15.383597,0.0542,0.0153
2015-04-20,博腾股份,sz300363,69.75,66.915,67.5,67.215,68.61,44.81,43953,0.045964,97.37802,15.070817,0.0413,-0.0042
2015-04-21,博腾股份,sz300363,70.47,66.915,66.915,70.275,67.215,46.85,47002,0.049153,101.81125,15.756931,0.0528,0.0502
2015-04-22,博腾股份,sz300363,72.3,70.29,70.305,71.685,70.275,47.79,51624,0.053986,102.452736,15.825111,0.0286,0.0196
2015-04-23,博腾股份,sz300363,73.44,71.655,71.7,72.51,71.685,48.34,48135,0.050338,103.63187,16.007242,0.0249,0.0112
2015-04-24,博腾股份,sz300363,72.42,69.765,71.55,71.085,72.51,47.39,45862,0.047961,101.59529,15.692668,0.0366,-0.0064
2015-04-27,博腾股份,sz300363,73.05,69.495,71.085,69.6,71.085,46.4,47202,0.049362,99.47296,15.364848,0.05,-0.0208
2015-04-28,博腾股份,sz300363,69.6,65.415,69.6,66.06,69.6,44.04,54115,0.056591,94.41357,14.583361,0.0601,-0.0508
2015-04-29,博腾股份,sz300363,68.175,66.45,66.45,67.035,66.06,44.69,32096,0.033565,95.80702,14.798597,0.0261,0.0088
2015-04-30,博腾股份,sz300363,70.62,67.41,67.875,67.965,67.035,45.31,65388,0.06838,97.136154,15.003898,0.0478,0.0013
2015-05-01,博腾股份,sz300363,67.965,67.965,67.965,67.965,67.965,45.31,0,0.0,0.0,0.0,0.0,0.0
2015-05-04,博腾股份,sz300363,68.88,66.75,68.04,66.825,67.965,44.55,40659,0.04252,95.50689,14.752238,0.0313,-0.0178
2015-05-05,博腾股份,sz300363,67.2,65.16,66.9,65.64,66.825,43.76,42145,0.044074,93.81326,14.490636,0.0305,-0.0188
2015-05-06,博腾股份,sz300363,71.895,66.015,66.015,68.745,65.64,45.83,90615,0.094762,98.25091,15.176087,0.0895,0.0413
2015-05-07,博腾股份,sz300363,75.6,69.0,69.075,74.88,68.745,49.92,127588,0.133425,107.01912,16.530445,0.096,0.084
2015-05-08,博腾股份,sz300363,81.0,72.63,75.03,79.32,74.88,52.88,123317,0.12896,113.364815,17.510618,0.1117,0.0571
2015-05-11,博腾股份,sz300363,81.825,76.68,78.6,79.365,79.32,52.91,117045,0.122401,113.42909,17.520548,0.0648,0.0097
2015-05-12,博腾股份,sz300363,80.4,74.88,78.0,77.115,79.365,51.41,99608,0.104165,110.21338,17.02384,0.0695,-0.0113
2015-05-13,博腾股份,sz300363,76.05,72.3,75.45,74.85,77.115,49.9,76483,0.079983,106.97619,16.523815,0.0486,-0.0079
2015-05-14,博腾股份,sz300363,77.49,73.92,73.92,76.08,74.85,50.72,65689,0.068695,108.73413,16.795353,0.0476,0.0292
2015-05-15,博腾股份,sz300363,75.75,72.63,75.405,73.83,76.08,49.22,57619,0.060256,105.518425,16.298647,0.041,-0.0208
2015-05-18,博腾股份,sz300363,79.68,73.515,73.815,79.635,73.83,53.09,88169,0.092203,113.815025,17.58016,0.0835,0.0788
2015-05-19,博腾股份,sz300363,82.995,77.505,81.345,79.005,79.635,52.67,76943,0.080464,112.914635,17.441084,0.0689,-0.0287
2015-05-20,博腾股份,sz300363,84.99,78.3,79.26,82.5,79.005,55.0,121064,0.126603,117.90975,18.212643,0.0846,0.0408
2015-05-21,博腾股份,sz300363,88.455,80.85,83.7,88.02,82.5,58.68,124919,0.130641,125.79899,19.431232,0.0921,0.0516
2015-05-22,博腾股份,sz300363,89.055,81.75,88.8,83.625,88.02,55.75,121421,0.126978,119.51762,18.460997,0.0829,-0.0582
2015-05-25,博腾股份,sz300363,82.32,78.75,80.625,80.52,83.625,53.68,80398,0.084079,115.07992,17.775537,0.0426,-0.0013
2015-05-26,博腾股份,sz300363,85.635,79.89,79.89,85.635,80.52,57.09,83627,0.087457,122.39032,18.904722,0.0713,0.0719
2015-05-27,博腾股份,sz300363,94.2,83.25,87.0,93.975,85.635,62.65,130166,0.136119,134.30992,20.745855,0.1278,0.0801
2015-05-28,博腾股份,sz300363,93.975,93.975,93.975,93.975,93.975,62.65,0,0.0,0.0,0.0,0.0,0.0
2015-05-29,博腾股份,sz300363,93.975,93.975,93.975,93.975,93.975,62.65,0,0.0,0.0,0.0,0.0,0.0
2015-06-01,博腾股份,sz300363,93.975,93.975,93.975,93.975,93.975,62.65,0,0.0,0.0,0.0,0.0,0.0
2015-06-02,博腾股份,sz300363,93.975,93.975,93.975,93.975,93.975,62.65,0,0.0,0.0,0.0,0.0,0.0
2015-06-03,博腾股份,sz300363,93.975,93.975,93.975,93.975,93.975,62.65,0,0.0,0.0,0.0,0.0,0.0
2015-06-04,博腾股份,sz300363,93.975,93.975,93.975,93.975,93.975,62.65,0,0.0,0.0,0.0,0.0,0.0
2015-06-05,博腾股份,sz300363,102.45,87.45,102.45,88.725,93.975,59.15,140899,0.147351,126.80658,19.586868,0.1596,-0.1339
2015-06-08,博腾股份,sz300363,86.97,79.875,86.955,80.325,88.725,53.55,88575,0.092622,114.80122,17.73249,0.0799,-0.0762
2015-06-09,博腾股份,sz300363,82.485,77.865,80.175,80.655,80.325,53.77,50894,0.05322,115.272865,17.805342,0.0575,0.0059
2015-06-10,博腾股份,sz300363,85.47,79.5,80.385,83.79,80.655,55.86,60163,0.062911,119.75343,18.497421,0.074,0.0423
2015-06-11,博腾股份,sz300363,84.6,81.75,83.25,82.545,83.79,55.03,43514,0.045507,117.97407,18.222576,0.034,-0.0084
2015-06-12,博腾股份,sz300363,83.82,79.335,82.575,80.73,82.545,53.82,59220,0.061924,115.38005,17.821898,0.0543,-0.0223
2015-06-15,博腾股份,sz300363,80.67,74.325,80.595,75.15,80.73,50.1,58156,0.060814,107.40507,16.590061,0.0785,-0.0675
2015-06-16,博腾股份,sz300363,80.76,68.175,73.5,79.98,75.15,53.32,97298,0.101744,114.30814,17.656328,0.1674,0.0881
2015-06-17,博腾股份,sz300363,87.75,79.5,79.5,86.52,79.98,57.68,102189,0.106858,123.655174,19.100094,0.1031,0.0883
2015-06-18,博腾股份,sz300363,86.4,79.5,86.4,81.045,86.52,54.03,59314,0.062023,115.83025,17.891438,0.0797,-0.0619
2015-06-19,博腾股份,sz300363,84.825,76.65,79.41,81.285,81.045,54.19,72469,0.075783,116.17326,17.94442,0.1008,0.0236
2015-06-22,博腾股份,sz300363,81.285,81.285,81.285,81.285,81.285,54.19,0,0.0,0.0,0.0,0.0,0.0
2015-06-23,博腾股份,sz300363,87.0,73.545,79.5,86.175,81.285,57.45,67240,0.070312,123.162094,19.023932,0.1655,0.0839
2015-06-24,博腾股份,sz300363,90.015,84.765,86.55,89.925,86.175,59.95,101004,0.10562,128.52164,19.85178,0.0609,0.0389
2015-06-25,博腾股份,sz300363,91.5,84.0,90.075,86.385,89.925,57.59,76790,0.080304,123.46223,19.070292,0.0834,-0.0409
2015-06-26,博腾股份,sz300363,82.515,77.745,82.515,77.745,86.385,51.83,54123,0.056602,111.11386,17.162931,0.0552,-0.0578
2015-06-29,博腾股份,sz300363,77.73,69.975,76.5,69.975,77.745,46.65,45803,0.047898,100.00891,15.447632,0.0997,-0.0852
2015-06-30,博腾股份,sz300363,74.7,62.985,62.985,70.44,69.975,46.96,74697,0.078107,100.67349,15.550285,0.1674,0.1183
2015-07-01,博腾股份,sz300363,73.35,63.39,69.0,63.39,70.44,42.26,56601,0.059192,90.597565,13.993932,0.1413,-0.0813
2015-07-02,博腾股份,sz300363,60.48,57.045,60.075,57.045,63.39,38.03,47081,0.04923,81.529236,12.593214,0.0541,-0.0504
2015-07-03,博腾股份,sz300363,56.4,51.345,51.345,51.345,57.045,34.23,66080,0.069108,73.382744,11.334886,0.0886,0.0
2015-07-06,博腾股份,sz300363,56.475,46.215,56.475,46.215,51.345,30.81,65466,0.068466,66.050896,10.202391,0.1998,-0.1816
2015-07-07,博腾股份,sz300363,41.64,41.595,41.595,41.595,46.215,27.73,46768,0.048902,59.447952,9.182483,9.0E-4,0.0
2015-07-08,博腾股份,sz300363,45.75,37.44,37.44,45.0,41.595,30.0,237034,0.247857,64.31441,9.934168,0.1997,0.2019
2015-07-09,博腾股份,sz300363,45.0,45.0,45.0,45.0,45.0,30.0,0,0.0,0.0,0.0,0.0,0.0
2015-07-10,博腾股份,sz300363,45.0,45.0,45.0,45.0,45.0,30.0,0,0.0,0.0,0.0,0.0,0.0
2015-07-13,博腾股份,sz300363,45.0,45.0,45.0,45.0,45.0,30.0,0,0.0,0.0,0.0,0.0,0.0
2015-07-14,博腾股份,sz300363,45.0,45.0,45.0,45.0,45.0,30.0,0,0.0,0.0,0.0,0.0,0.0
2015-07-15,博腾股份,sz300363,45.0,45.0,45.0,45.0,45.0,30.0,0,0.0,0.0,0.0,0.0,0.0
2015-07-16,博腾股份,sz300363,45.0,45.0,45.0,45.0,45.0,30.0,0,0.0,0.0,0.0,0.0,0.0
2015-07-17,博腾股份,sz300363,45.0,45.0,45.0,45.0,45.0,30.0,0,0.0,0.0,0.0,0.0,0.0
2015-07-20,博腾股份,sz300363,45.0,45.0,45.0,45.0,45.0,30.0,0,0.0,0.0,0.0,0.0,0.0
2015-07-21,博腾股份,sz300363,45.0,45.0,45.0,45.0,45.0,30.0,0,0.0,0.0,0.0,0.0,0.0
2015-07-22,博腾股份,sz300363,45.0,45.0,45.0,45.0,45.0,30.0,0,0.0,0.0,0.0,0.0,0.0
2015-07-23,博腾股份,sz300363,45.0,45.0,45.0,45.0,45.0,30.0,0,0.0,0.0,0.0,0.0,0.0
2015-07-24,博腾股份,sz300363,45.0,45.0,45.0,45.0,45.0,30.0,0,0.0,0.0,0.0,0.0,0.0
2015-07-27,博腾股份,sz300363,45.0,45.0,45.0,45.0,45.0,30.0,0,0.0,0.0,0.0,0.0,0.0
2015-07-28,博腾股份,sz300363,45.0,45.0,45.0,45.0,45.0,30.0,0,0.0,0.0,0.0,0.0,0.0
2015-07-29,博腾股份,sz300363,45.0,45.0,45.0,45.0,45.0,30.0,0,0.0,0.0,0.0,0.0,0.0
2015-07-30,博腾股份,sz300363,45.0,45.0,45.0,45.0,45.0,30.0,0,0.0,0.0,0.0,0.0,0.0
2015-07-31,博腾股份,sz300363,45.0,45.0,45.0,45.0,45.0,30.0,0,0.0,0.0,0.0,0.0,0.0
2015-08-03,博腾股份,sz300363,45.0,45.0,45.0,45.0,45.0,30.0,0,0.0,0.0,0.0,0.0,0.0
2015-08-04,博腾股份,sz300363,45.0,45.0,45.0,45.0,45.0,30.0,0,0.0,0.0,0.0,0.0,0.0
2015-08-05,博腾股份,sz300363,45.0,45.0,45.0,45.0,45.0,30.0,0,0.0,0.0,0.0,0.0,0.0
2015-08-06,博腾股份,sz300363,45.0,45.0,45.0,45.0,45.0,30.0,0,0.0,0.0,0.0,0.0,0.0
2015-08-07,博腾股份,sz300363,45.0,45.0,45.0,45.0,45.0,30.0,0,0.0,0.0,0.0,0.0,0.0
2015-08-10,博腾股份,sz300363,45.0,45.0,45.0,45.0,45.0,30.0,0,0.0,0.0,0.0,0.0,0.0
2015-08-11,博腾股份,sz300363,45.0,45.0,45.0,45.0,45.0,30.0,0,0.0,0.0,0.0,0.0,0.0
2015-08-12,博腾股份,sz300363,45.0,45.0,45.0,45.0,45.0,30.0,0,0.0,0.0,0.0,0.0,0.0
2015-08-13,博腾股份,sz300363,45.0,45.0,45.0,45.0,45.0,30.0,0,0.0,0.0,0.0,0.0,0.0
2015-08-14,博腾股份,sz300363,45.0,45.0,45.0,45.0,45.0,30.0,0,0.0,0.0,0.0,0.0,0.0
2015-08-17,博腾股份,sz300363,45.0,45.0,45.0,45.0,45.0,30.0,0,0.0,0.0,0.0,0.0,0.0
2015-08-18,博腾股份,sz300363,45.0,45.0,45.0,45.0,45.0,30.0,0,0.0,0.0,0.0,0.0,0.0
2015-08-19,博腾股份,sz300363,45.0,45.0,45.0,45.0,45.0,30.0,0,0.0,0.0,0.0,0.0,0.0
2015-08-20,博腾股份,sz300363,45.0,45.0,45.0,45.0,45.0,30.0,0,0.0,0.0,0.0,0.0,0.0
2015-08-21,博腾股份,sz300363,45.0,45.0,45.0,45.0,45.0,30.0,0,0.0,0.0,0.0,0.0,0.0
2015-08-24,博腾股份,sz300363,45.0,45.0,45.0,45.0,45.0,30.0,0,0.0,0.0,0.0,0.0,0.0
2015-08-25,博腾股份,sz300363,45.0,45.0,45.0,45.0,45.0,30.0,0,0.0,0.0,0.0,0.0,0.0
2015-08-26,博腾股份,sz300363,45.0,45.0,45.0,45.0,45.0,30.0,0,0.0,0.0,0.0,0.0,0.0
2015-08-27,博腾股份,sz300363,45.0,45.0,45.0,45.0,45.0,30.0,0,0.0,0.0,0.0,0.0,0.0
2015-08-28,博腾股份,sz300363,48.3,40.5,46.5,47.085,45.0,31.39,99168,0.103694,67.29431,10.394451,0.1733,0.0125
2015-08-31,博腾股份,sz300363,51.795,45.27,46.5,51.795,47.085,34.53,78927,0.082536,61.760338,10.133021,0.1385,0.1138
2015-09-01,博腾股份,sz300363,51.675,46.62,51.675,46.62,51.795,31.08,57237,0.059856,55.58967,9.120599,0.0975,-0.0978
2015-09-02,博腾股份,sz300363,49.32,41.955,42.015,42.645,46.62,28.43,47066,0.049212,50.84988,8.342942,0.1579,0.0149
2015-09-03,博腾股份,sz300363,42.645,42.645,42.645,42.645,42.645,28.43,0,0.0,0.0,0.0,0.0,0.0
2015-09-04,博腾股份,sz300363,42.645,42.645,42.645,42.645,42.645,28.43,0,0.0,0.0,0.0,0.0,0.0
2015-09-07,博腾股份,sz300363,44.985,38.385,42.66,39.18,42.645,26.12,64466,0.067408,46.718216,7.665059,0.1547,-0.0815
2015-09-08,博腾股份,sz300363,43.095,38.265,38.295,43.095,39.18,28.73,46607,0.048745,51.38646,8.430978,0.1232,0.1253
2015-09-09,博腾股份,sz300363,46.875,43.05,46.485,43.245,43.095,28.83,116859,0.1222,51.56532,8.460324,0.0887,-0.0696
2015-09-10,博腾股份,sz300363,45.945,41.85,42.3,44.85,43.245,29.9,55461,0.058002,53.479122,8.774321,0.0946,0.0602
2015-09-11,博腾股份,sz300363,46.245,44.28,44.55,45.33,44.85,30.22,42960,0.044922,54.05147,8.868227,0.0438,0.0175
2015-09-14,博腾股份,sz300363,45.9,40.8,45.075,40.8,45.33,27.2,45666,0.047755,48.649902,7.981991,0.1125,-0.0948
2015-09-15,博腾股份,sz300363,43.2,37.515,39.585,42.375,40.8,28.25,48600,0.050831,50.52793,8.29012,0.1393,0.0704
2015-09-16,博腾股份,sz300363,46.62,42.375,44.235,45.795,42.375,30.53,62538,0.065409,54.605938,8.959198,0.1001,0.0352
2015-09-17,博腾股份,sz300363,48.315,44.985,45.0,45.6,45.795,30.4,58954,0.061651,54.37342,8.921049,0.0727,0.0133
2015-09-18,博腾股份,sz300363,46.8,44.16,45.33,46.5,45.6,31.0,36250,0.037913,55.446583,9.097122,0.0578,0.0258
2015-09-21,博腾股份,sz300363,51.15,45.27,45.27,50.715,46.5,33.81,53167,0.055601,60.472546,9.921733,0.1264,0.1202
2015-09-22,博腾股份,sz300363,51.3,48.915,50.745,49.68,50.715,33.12,44354,0.046385,59.23841,9.719248,0.047,-0.0209
2015-09-23,博腾股份,sz300363,50.385,48.015,48.6,49.17,49.68,32.78,32784,0.034279,58.630287,9.619473,0.0477,0.0117
2015-09-24,博腾股份,sz300363,33.3,32.27,32.81,32.93,49.17,21.953,38169,0.039914,58.89858,9.663492,0.0209,0.0036
2015-09-25,博腾股份,sz300363,33.25,31.01,32.8,31.83,32.93,21.22,24378,0.025491,56.931118,9.34069,0.068,-0.0295
2015-09-28,博腾股份,sz300363,31.83,31.83,31.83,31.83,31.83,21.22,0,0.033124,58.84492,9.654688,0.0,0.0
2015-09-29,博腾股份,sz300363,23.87,21.0,21.0,22.4,31.83,22.4,75345,0.052561,60.106075,9.861606,0.0901,0.0666
2015-09-30,博腾股份,sz300363,22.79,21.81,22.23,22.63,22.4,22.63,38376,0.026771,60.723236,9.962863,0.0437,0.0179
2015-10-01,博腾股份,sz300363,22.63,22.63,22.63,22.63,22.63,22.63,0,0.0,0.0,0.0,0.0,0.0
2015-10-02,博腾股份,sz300363,22.63,22.63,22.63,22.63,22.63,22.63,0,0.0,0.0,0.0,0.0,0.0
2015-10-05,博腾股份,sz300363,22.63,22.63,22.63,22.63,22.63,22.63,0,0.0,0.0,0.0,0.0,0.0
2015-10-06,博腾股份,sz300363,22.63,22.63,22.63,22.63,22.63,22.63,0,0.0,0.0,0.0,0.0,0.0
2015-10-07,博腾股份,sz300363,22.63,22.63,22.63,22.63,22.63,22.63,0,0.0,0.0,0.0,0.0,0.0
2015-10-08,博腾股份,sz300363,23.9,23.0,23.9,23.52,22.63,23.52,40678,0.028373,63.111378,10.354686,0.0397,-0.0158
2015-10-09,博腾股份,sz300363,23.65,22.86,23.47,23.29,23.52,23.29,36608,0.025535,62.494217,10.253428,0.0335,-0.0076
2015-10-12,博腾股份,sz300363,24.86,23.44,23.59,24.43,23.29,24.43,58258,0.040629,65.553185,10.755314,0.0609,0.0356
2015-10-13,博腾股份,sz300363,24.89,23.9,24.2,24.65,24.43,24.65,44293,0.030895,66.14352,10.852169,0.0405,0.0185
2015-10-14,博腾股份,sz300363,24.71,23.87,24.49,23.88,24.65,23.88,41198,0.028733,64.07737,10.513176,0.034,-0.0249
2015-10-15,博腾股份,sz300363,24.7,23.2,23.2,24.62,23.88,24.62,46119,0.032166,66.06302,10.838961,0.0628,0.0612
2015-10-16,博腾股份,sz300363,25.65,24.6,25.03,25.13,24.62,25.13,57625,0.040192,67.4315,11.063489,0.0426,0.0039
2015-10-19,博腾股份,sz300363,25.3,23.93,25.14,24.37,25.13,24.37,47477,0.033114,65.39219,10.728899,0.0545,-0.0306
2015-10-20,博腾股份,sz300363,25.28,24.0,24.37,25.26,24.37,25.26,51563,0.03596,67.780334,11.120721,0.0525,0.0365
2015-10-21,博腾股份,sz300363,25.5,22.77,25.25,23.02,25.26,23.02,60375,0.042116,61.769726,10.134561,0.108,-0.0883
2015-10-22,博腾股份,sz300363,24.58,23.0,23.0,24.22,23.02,24.22,45762,0.031923,64.98969,10.662861,0.0686,0.053
2015-10-23,博腾股份,sz300363,26.4,24.6,24.88,26.02,24.22,26.02,71906,0.050161,69.81965,11.455311,0.0743,0.0458
2015-10-26,博腾股份,sz300363,26.6,25.0,26.16,26.01,26.02,26.01,54134,0.037759,69.79281,11.450909,0.0614,-0.0057
2015-10-27,博腾股份,sz300363,26.48,24.73,25.9,26.17,26.01,26.17,41767,0.029132,70.22214,11.521349,0.0672,0.0104
2015-10-28,博腾股份,sz300363,26.49,25.35,25.9,25.41,26.17,25.41,37465,0.026132,68.18283,11.186759,0.0435,-0.0189
2015-10-29,博腾股份,sz300363,26.35,25.12,25.99,25.9,25.41,25.9,38163,0.026621,69.49765,11.402481,0.0484,-0.0034
2015-10-30,博腾股份,sz300363,28.36,25.67,25.7,27.4,25.9,27.4,73355,0.051169,73.522606,12.062857,0.1038,0.0661
2015-11-02,博腾股份,sz300363,29.79,26.78,26.8,28.2,27.4,28.2,73844,0.051506,75.66925,12.415057,0.1098,0.0522
2015-11-03,博腾股份,sz300363,29.5,27.11,28.5,28.74,28.2,28.74,55963,0.0,0.0,0.0,0.0847,0.0084
2015-11-04,博腾股份,sz300363,30.38,28.0,28.7,30.19,28.74,30.19,51418,0.0,0.0,0.0,0.0828,0.0519
2015-11-05,博腾股份,sz300363,31.68,29.27,30.32,29.3,30.19,29.3,82484,0.0,0.0,0.0,0.0798,-0.0336
2015-11-06,博腾股份,sz300363,30.2,29.01,29.32,30.0,29.3,30.0,42334,0.0,0.0,0.0,0.0406,0.0231
2015-11-09,博腾股份,sz300363,30.01,28.81,29.81,29.88,30.0,29.88,64481,0.0,0.0,0.0,0.04,0.0023
2015-11-10,博腾股份,sz300363,29.98,29.22,29.6,29.6,29.88,29.6,44438,0.0,0.0,0.0,0.0254,0.0
2015-11-11,博腾股份,sz300363,30.85,28.86,29.56,30.49,29.6,30.49,75285,0.0,0.0,0.0,0.0672,0.0314
2015-11-12,博腾股份,sz300363,30.88,29.3,30.56,29.97,30.49,29.97,72687,0.0,0.0,0.0,0.0518,-0.0193
2015-11-13,博腾股份,sz300363,29.51,28.0,29.51,28.01,29.97,28.01,72471,0.0,0.0,0.0,0.0503,-0.0508
2015-11-16,博腾股份,sz300363,28.5,26.8,27.0,28.4,28.01,28.4,50959,0.0,0.0,0.0,0.0606,0.0518
2015-11-17,博腾股份,sz300363,28.88,26.97,28.04,27.27,28.4,27.27,71658,0.0,0.0,0.0,0.0672,-0.0274
2015-11-18,博腾股份,sz300363,27.89,27.25,27.27,27.29,27.27,27.29,40031,0.0,0.0,0.0,0.0234,7.0E-4
2015-11-19,博腾股份,sz300363,29.36,27.3,27.6,29.34,27.29,29.34,60264,0.0,0.0,0.0,0.0754,0.063
2015-11-20,博腾股份,sz300363,30.28,28.91,29.35,30.07,29.34,30.07,97105,0.0,0.0,0.0,0.0466,0.0245
2015-11-23,博腾股份,sz300363,30.0,28.13,30.0,28.4,30.07,28.4,80177,0.0,0.0,0.0,0.0621,-0.0533
2015-11-24,博腾股份,sz300363,29.06,27.76,28.05,29.05,28.4,29.05,53617,0.0,0.0,0.0,0.0457,0.0356
2015-11-25,博腾股份,sz300363,29.66,28.51,28.8,29.62,29.05,29.62,59122,0.0,0.0,0.0,0.0395,0.0284
2015-11-26,博腾股份,sz300363,29.74,28.5,29.5,28.69,29.62,28.69,50649,0.0,0.0,0.0,0.0418,-0.0274
2015-11-27,博腾股份,sz300363,28.69,25.83,28.2,25.89,28.69,25.89,76967,0.0,0.0,0.0,0.0996,-0.0819
2015-11-30,博腾股份,sz300363,26.6,24.15,25.89,26.3,25.89,26.3,54835,0.0,0.0,0.0,0.0946,0.0158
2015-12-01,博腾股份,sz300363,26.3,25.33,26.25,25.68,26.3,25.68,59476,0.0,0.0,0.0,0.0368,-0.0217
2015-12-02,博腾股份,sz300363,25.94,24.3,25.72,25.2,25.68,25.2,35569,0.0,0.0,0.0,0.0638,-0.0202
2015-12-03,博腾股份,sz300363,26.08,25.2,25.2,25.92,25.2,25.92,33581,0.0,0.0,0.0,0.0349,0.0285
2015-12-04,博腾股份,sz300363,26.49,25.66,25.92,25.92,25.92,25.92,41471,0.0,0.0,0.0,0.032,0.0
2015-12-07,博腾股份,sz300363,26.69,25.84,26.01,26.52,25.92,26.52,46444,0.0,0.0,0.0,0.0327,0.0196
2015-12-08,博腾股份,sz300363,26.49,25.3,26.25,25.4,26.52,25.4,52346,0.0,0.0,0.0,0.0448,-0.0323
2015-12-09,博腾股份,sz300363,25.39,24.18,25.0,25.07,25.4,25.07,57322,0.0,0.0,0.0,0.0476,0.0028
2015-12-10,博腾股份,sz300363,25.2,24.4,24.85,24.4,25.07,24.4,45119,0.0,0.0,0.0,0.0319,-0.0181
2015-12-11,博腾股份,sz300363,24.99,24.11,24.11,24.2,24.4,24.2,39207,0.0,0.0,0.0,0.036,0.0037
2015-12-14,博腾股份,sz300363,24.49,23.28,24.4,24.22,24.2,24.22,62849,0.0,0.0,0.0,0.0499,-0.0073
2015-12-15,博腾股份,sz300363,25.64,23.82,24.0,25.44,24.22,25.44,112649,0.0,0.0,0.0,0.0751,0.06
2015-12-16,博腾股份,sz300363,25.73,24.83,25.3,24.92,25.44,24.92,110859,0.0,0.0,0.0,0.0353,-0.015
2015-12-17,博腾股份,sz300363,27.41,25.03,25.19,27.41,24.92,27.41,80866,0.0,0.0,0.0,0.0955,0.0881
2015-12-18,博腾股份,sz300363,28.69,27.16,28.04,27.45,27.41,27.45,149650,0.0,0.0,0.0,0.0558,-0.021
2015-12-21,博腾股份,sz300363,28.41,26.7,27.3,28.18,27.45,28.18,94586,0.0,0.0,0.0,0.0622,0.0322
2015-12-22,博腾股份,sz300363,29.37,27.55,28.0,29.05,28.18,29.05,89711,0.0,0.0,0.0,0.0645,0.0375
2015-12-23,博腾股份,sz300363,31.5,28.81,28.89,29.95,29.05,29.95,143282,0.0,0.0,0.0,0.0925,0.0366
2015-12-24,博腾股份,sz300363,30.0,28.82,29.93,29.37,29.95,29.37,66647,0.0,0.0,0.0,0.0393,-0.0187
2015-12-25,博腾股份,sz300363,30.2,28.7,29.3,28.96,29.37,28.96,49511,0.0,0.0,0.0,0.051,-0.0116
2015-12-28,博腾股份,sz300363,29.39,27.85,28.97,27.85,28.96,27.85,57864,0.0,0.0,0.0,0.0531,-0.0386
2015-12-29,博腾股份,sz300363,28.48,27.3,28.0,28.46,27.85,28.46,39893,0.0,0.0,0.0,0.0423,0.0164
2015-12-30,博腾股份,sz300363,28.85,28.0,28.46,28.68,28.46,28.68,44814,0.0,0.0,0.0,0.0298,0.0077
2015-12-31,博腾股份,sz300363,28.98,26.82,28.8,27.13,28.68,27.13,56920,0.0,0.0,0.0,0.0753,-0.0579
2016-01-01,博腾股份,sz300363,28.98,26.82,28.8,27.13,27.13,27.13,56920,0.0,0.0,0.0,0.0796,-0.0579
2016-01-04,博腾股份,sz300363,27.4,24.42,27.21,24.42,27.13,24.42,45326,0.0,0.0,0.0,0.1098,-0.1025
2016-01-05,博腾股份,sz300363,25.2,22.22,22.22,24.62,24.42,24.62,90826,0.0,0.0,0.0,0.122,0.108
2016-01-06,博腾股份,sz300363,25.28,24.2,24.58,24.88,24.62,24.88,38871,0.0,0.0,0.0,0.0438,0.0122
2016-01-07,博腾股份,sz300363,24.35,22.39,24.31,22.4,24.88,22.4,13154,0.0,0.0,0.0,0.0787,-0.0785
2016-01-08,博腾股份,sz300363,23.75,21.5,22.87,22.75,22.4,22.75,61770,0.0,0.0,0.0,0.1004,-0.0052
2016-01-11,博腾股份,sz300363,23.1,20.48,22.01,20.48,22.75,20.48,51175,0.0,0.0,0.0,0.1151,-0.0695
2016-01-12,博腾股份,sz300363,21.34,20.06,20.6,20.9,20.48,20.9,59483,0.0,0.0,0.0,0.0625,0.0145
2016-01-13,博腾股份,sz300363,21.5,20.01,21.2,20.01,20.9,20.01,29771,0.0,0.0,0.0,0.0712,-0.0561
2016-01-14,博腾股份,sz300363,21.48,19.01,19.68,21.38,20.01,21.38,44225,0.0,0.0,0.0,0.1234,0.0863
2016-01-15,博腾股份,sz300363,21.74,20.4,21.29,21.04,21.38,21.04,43881,0.0,0.0,0.0,0.0626,-0.0117
2016-01-18,博腾股份,sz300363,22.48,20.3,20.8,22.0,21.04,22.0,50988,0.0,0.0,0.0,0.1036,0.0576
2016-01-19,博腾股份,sz300363,23.39,22.0,22.0,23.08,22.0,23.08,48099,0.0,0.0,0.0,0.0631,0.049
2016-01-20,博腾股份,sz300363,23.88,22.5,23.02,22.78,23.08,22.78,42313,0.0,0.0,0.0,0.0597,-0.0104
2016-01-21,博腾股份,sz300363,23.66,22.22,22.32,22.4,22.78,22.4,49096,0.0,0.0,0.0,0.0632,0.0035
2016-01-22,博腾股份,sz300363,22.72,20.36,21.55,21.23,22.4,21.23,76605,0.0,0.0,0.0,0.1053,-0.0148
2016-01-25,博腾股份,sz300363,21.98,21.05,21.32,21.35,21.23,21.35,43935,0.0,0.0,0.0,0.0438,0.0014
2016-01-26,博腾股份,sz300363,21.1,19.22,20.53,19.22,21.35,19.22,38050,0.0,0.0,0.0,0.088,-0.0638
2016-01-27,博腾股份,sz300363,19.4,17.3,19.01,18.35,19.22,18.35,43994,0.0,0.0,0.0,0.1092,-0.0347
2016-01-28,博腾股份,sz300363,18.3,16.88,18.19,16.94,18.35,16.94,22813,0.0,0.0,0.0,0.0773,-0.0687
2016-01-29,博腾股份,sz300363,17.95,16.7,16.92,17.87,16.94,17.87,45930,0.0,0.0,0.0,0.0737,0.0561
2016-02-01,博腾股份,sz300363,17.77,16.79,17.55,17.1,17.87,17.1,37655,0.0,0.0,0.0,0.0548,-0.0256
2016-02-02,博腾股份,sz300363,17.98,17.1,17.1,17.79,17.1,17.79,37549,0.0,0.0,0.0,0.0514,0.0403
2016-02-03,博腾股份,sz300363,17.85,17.05,17.58,17.62,17.79,17.62,38778,0.0,0.0,0.0,0.0449,0.0022
2016-02-04,博腾股份,sz300363,19.38,17.69,17.69,18.93,17.62,18.93,57724,0.0,0.0,0.0,0.0959,0.07
2016-02-05,博腾股份,sz300363,19.21,18.5,18.8,18.72,18.93,18.72,31071,0.0,0.0,0.0,0.0375,-0.0042
2016-02-08,博腾股份,sz300363,19.21,18.5,18.8,18.72,18.72,18.72,31071,0.0,0.0,0.0,0.0379,-0.0042
2016-02-09,博腾股份,sz300363,19.21,18.5,18.8,18.72,18.72,18.72,31071,0.0,0.0,0.0,0.0379,-0.0042
2016-02-10,博腾股份,sz300363,19.21,18.5,18.8,18.72,18.72,18.72,31071,0.0,0.0,0.0,0.0379,-0.0042
2016-02-11,博腾股份,sz300363,19.21,18.5,18.8,18.72,18.72,18.72,31071,0.0,0.0,0.0,0.0379,-0.0042
2016-02-12,博腾股份,sz300363,19.21,18.5,18.8,18.72,18.72,18.72,31071,0.0,0.0,0.0,0.0379,-0.0042
2016-02-15,博腾股份,sz300363,18.76,17.53,17.72,18.47,18.72,18.47,19492,0.0,0.0,0.0,0.0657,0.0423
2016-02-16,博腾股份,sz300363,19.53,18.6,18.7,19.18,18.47,19.18,36258,0.0,0.0,0.0,0.0503,0.0256
2016-02-17,博腾股份,sz300363,19.99,19.08,19.1,19.86,19.18,19.86,44183,0.0,0.0,0.0,0.0474,0.0397
2016-02-18,博腾股份,sz300363,20.48,19.49,20.03,19.51,19.86,19.51,28737,0.0,0.0,0.0,0.0498,-0.0259
2016-02-19,博腾股份,sz300363,19.82,19.17,19.58,19.4,19.51,19.4,32952,0.0,0.0,0.0,0.0333,-0.0091
2016-02-22,博腾股份,sz300363,20.09,19.37,19.5,20.06,19.4,20.06,47075,0.0,0.0,0.0,0.0371,0.0287
2016-02-23,博腾股份,sz300363,20.08,19.31,19.95,19.57,20.06,19.57,30477,0.0,0.0,0.0,0.0383,-0.019
2016-02-24,博腾股份,sz300363,21.25,19.29,19.55,20.96,19.57,20.96,70772,0.0,0.0,0.0,0.1001,0.0721
2016-02-25,博腾股份,sz300363,20.77,18.86,20.65,18.86,20.96,18.86,76803,0.0,0.0,0.0,0.0911,-0.0866
2016-02-26,博腾股份,sz300363,19.35,18.3,19.0,18.83,18.86,18.83,28106,0.0,0.0,0.0,0.0556,-0.0089
2016-02-29,博腾股份,sz300363,18.78,16.95,18.78,17.22,18.83,17.22,45119,0.0,0.0,0.0,0.0971,-0.083
2016-03-01,博腾股份,sz300363,17.85,16.64,17.22,17.65,17.22,17.65,40438,0.0,0.0,0.0,0.0702,0.0249
2016-03-02,博腾股份,sz300363,18.52,17.47,17.7,18.37,17.65,18.37,34388,0.0,0.0,0.0,0.0594,0.0378
2016-03-03,博腾股份,sz300363,18.98,18.08,18.08,18.36,18.37,18.36,47180,0.0,0.0,0.0,0.0489,0.0154
2016-03-04,博腾股份,sz300363,18.48,16.98,18.15,17.05,18.36,17.05,46049,0.0,0.0,0.0,0.0816,-0.0606
2016-03-07,博腾股份,sz300363,18.01,17.2,17.2,17.59,17.05,17.59,35807,0.0,0.0,0.0,0.0475,0.0226
2016-03-08,博腾股份,sz300363,18.08,16.42,17.59,18.0,17.59,18.0,44524,0.0,0.0,0.0,0.0943,0.0233
2016-03-09,博腾股份,sz300363,18.32,17.39,17.55,18.11,18.0,18.11,37034,0.0,0.0,0.0,0.0516,0.0319
2016-03-10,博腾股份,sz300363,18.48,17.56,18.31,17.58,18.11,17.58,26819,0.0,0.0,0.0,0.0508,-0.0398
2016-03-11,博腾股份,sz300363,19.34,17.6,17.9,18.41,17.58,18.41,54895,0.0,0.0,0.0,0.0989,0.0284
2016-03-14,博腾股份,sz300363,19.58,18.4,18.52,19.3,18.41,19.3,57366,0.0,0.0,0.0,0.064,0.0421
2016-03-15,博腾股份,sz300363,19.32,18.71,19.32,18.79,19.3,18.79,32830,0.0,0.0,0.0,0.0316,-0.0274
2016-03-16,博腾股份,sz300363,19.38,18.02,19.23,18.37,18.79,18.37,31299,0.0,0.0,0.0,0.0723,-0.0447
2016-03-17,博腾股份,sz300363,19.17,18.28,18.47,19.16,18.37,19.16,48424,0.0,0.0,0.0,0.0484,0.0373
2016-03-18,博腾股份,sz300363,20.53,19.05,19.29,20.2,19.16,20.2,85561,0.0,0.0,0.0,0.0772,0.0471
2016-03-21,博腾股份,sz300363,20.69,20.1,20.45,20.53,20.2,20.53,69986,0.0,0.0,0.0,0.0292,0.0039
2016-03-22,博腾股份,sz300363,21.98,20.13,20.37,21.45,20.53,21.45,72444,0.0,0.0,0.0,0.0901,0.053
2016-03-23,博腾股份,sz300363,21.63,20.9,21.31,21.37,21.45,21.37,46098,0.0,0.0,0.0,0.034,0.0028
2016-03-24,博腾股份,sz300363,21.27,20.46,20.95,20.46,21.37,20.46,52117,0.0,0.0,0.0,0.0379,-0.0233
2016-03-25,博腾股份,sz300363,21.18,20.22,20.4,20.89,20.46,20.89,47860,0.0,0.0,0.0,0.0469,0.024
