2016-03-25
2012-08-28,隆鑫通用,sh603766,8.85,8.48,8.6,8.72,8.55,8.29,10232800,0.0,0.0,0.0,0.0432,0.0139
2012-08-29,隆鑫通用,sh603766,8.78,8.45,8.63,8.53,8.72,8.11,8672900,0.0,0.0,0.0,0.0378,-0.0115
2012-08-30,隆鑫通用,sh603766,8.65,7.91,8.52,8.12,8.53,7.72,10500300,0.0,0.0,0.0,0.0867,-0.0469
2012-08-31,隆鑫通用,sh603766,8.38,7.98,8.15,8.23,8.12,7.82,9159000,0.0,0.0,0.0,0.0492,0.0098
2012-09-03,隆鑫通用,sh603766,8.37,8.12,8.15,8.29,8.23,7.88,7896500,0.0,0.0,0.0,0.0303,0.0171
2012-09-04,隆鑫通用,sh603766,9.12,8.05,8.3,9.09,8.29,8.64,23715000,0.0,0.0,0.0,0.129,0.0951
2012-09-05,隆鑫通用,sh603766,9.54,8.71,8.88,9.22,9.09,8.77,28245700,0.0,0.0,0.0,0.0913,0.0382
2012-09-06,隆鑫通用,sh603766,9.68,8.89,9.03,9.37,9.22,8.91,21424500,0.0,0.0,0.0,0.0856,0.0376
2012-09-07,隆鑫通用,sh603766,9.62,9.2,9.32,9.37,9.37,8.91,22820200,0.0,0.0,0.0,0.0448,0.0053
2012-09-10,隆鑫通用,sh603766,9.49,9.26,9.28,9.34,9.37,8.88,14752200,0.0,0.0,0.0,0.0245,0.0064
2012-09-11,隆鑫通用,sh603766,9.33,8.96,9.26,9.28,9.34,8.82,12686300,0.0,0.0,0.0,0.0396,0.0021
2012-09-12,隆鑫通用,sh603766,9.86,9.17,9.27,9.57,9.28,9.1,21439300,0.0,0.0,0.0,0.0743,0.0323
2012-09-13,隆鑫通用,sh603766,9.63,9.05,9.48,9.08,9.57,8.63,13292400,0.0,0.0,0.0,0.0606,-0.0421
2012-09-14,隆鑫通用,sh603766,9.25,8.7,9.18,9.03,9.08,8.59,11939100,0.0,0.0,0.0,0.0605,-0.0163
2012-09-17,隆鑫通用,sh603766,9.05,8.41,9.05,8.42,9.03,8.01,8728600,0.0,0.0,0.0,0.0708,-0.0696
2012-09-18,隆鑫通用,sh603766,8.56,8.33,8.33,8.42,8.42,8.01,5007500,0.0,0.0,0.0,0.0273,0.0108
2012-09-19,隆鑫通用,sh603766,8.53,8.38,8.45,8.5,8.42,8.08,3694800,0.0,0.0,0.0,0.0178,0.0059
2012-09-20,隆鑫通用,sh603766,8.91,8.42,8.52,8.68,8.5,8.25,10548400,0.0,0.0,0.0,0.0576,0.0187
2012-09-21,隆鑫通用,sh603766,8.63,8.18,8.53,8.23,8.68,7.82,6217200,0.0,0.0,0.0,0.0518,-0.0351
2012-09-24,隆鑫通用,sh603766,8.33,7.98,8.12,8.21,8.23,7.81,4418700,0.0,0.0,0.0,0.0425,0.011
2012-09-25,隆鑫通用,sh603766,8.27,8.09,8.21,8.12,8.21,7.72,3100400,0.0,0.0,0.0,0.0219,-0.0109
2012-09-26,隆鑫通用,sh603766,8.15,7.52,8.03,7.65,8.12,7.27,5426500,0.0,0.0,0.0,0.0775,-0.0473
2012-09-27,隆鑫通用,sh603766,7.87,7.56,7.6,7.83,7.65,7.44,5927900,0.0,0.0,0.0,0.0405,0.0302
2012-09-28,隆鑫通用,sh603766,7.9,7.73,7.78,7.88,7.83,7.49,4436600,0.0,0.0,0.0,0.0217,0.0128
2012-10-01,隆鑫通用,sh603766,7.88,7.88,7.88,7.88,7.88,7.49,0,0.0,0.0,0.0,0.0,0.0
2012-10-02,隆鑫通用,sh603766,7.88,7.88,7.88,7.88,7.88,7.49,0,0.0,0.0,0.0,0.0,0.0
2012-10-03,隆鑫通用,sh603766,7.88,7.88,7.88,7.88,7.88,7.49,0,0.0,0.0,0.0,0.0,0.0
2012-10-04,隆鑫通用,sh603766,7.88,7.88,7.88,7.88,7.88,7.49,0,0.0,0.0,0.0,0.0,0.0
2012-10-05,隆鑫通用,sh603766,7.88,7.88,7.88,7.88,7.88,7.49,0,0.0,0.0,0.0,0.0,0.0
2012-10-08,隆鑫通用,sh603766,7.96,7.81,7.87,7.87,7.88,7.48,3203200,0.0,0.0,0.0,0.019,0.0
2012-10-09,隆鑫通用,sh603766,8.26,7.84,7.84,8.15,7.87,7.75,8064600,0.0,0.0,0.0,0.0533,0.0395
2012-10-10,隆鑫通用,sh603766,8.28,8.05,8.1,8.27,8.15,7.86,6967300,0.0,0.0,0.0,0.0282,0.0209
2012-10-11,隆鑫通用,sh603766,8.28,7.94,8.22,7.96,8.27,7.57,5683100,0.0,0.0,0.0,0.0411,-0.0316
2012-10-12,隆鑫通用,sh603766,8.1,7.83,7.96,7.86,7.96,7.47,4360200,0.0,0.0,0.0,0.0339,-0.0125
2012-10-15,隆鑫通用,sh603766,7.92,7.62,7.85,7.72,7.86,7.34,3675900,0.0,0.0,0.0,0.0381,-0.0165
2012-10-16,隆鑫通用,sh603766,8.1,7.72,7.72,7.89,7.72,7.5,5623300,0.0,0.0,0.0,0.0492,0.022
2012-10-17,隆鑫通用,sh603766,8.22,7.83,7.89,8.09,7.89,7.69,8782100,0.0,0.0,0.0,0.0494,0.0253
2012-10-18,隆鑫通用,sh603766,8.29,8.04,8.08,8.23,8.09,7.82,7854100,0.0,0.0,0.0,0.0309,0.0185
2012-10-19,隆鑫通用,sh603766,8.3,8.11,8.2,8.16,8.23,7.76,6867000,0.0,0.0,0.0,0.023,-0.0048
2012-10-22,隆鑫通用,sh603766,8.17,8.04,8.05,8.12,8.16,7.72,3018300,0.0,0.0,0.0,0.0159,0.0086
2012-10-23,隆鑫通用,sh603766,8.19,8.06,8.12,8.11,8.12,7.71,3723000,0.0,0.0,0.0,0.016,-0.0012
2012-10-24,隆鑫通用,sh603766,8.13,7.93,8.03,7.94,8.11,7.55,4461300,0.0,0.0,0.0,0.0246,-0.0112
2012-10-25,隆鑫通用,sh603766,8.0,7.72,7.96,7.73,7.94,7.35,4103100,0.0,0.0,0.0,0.0352,-0.0288
2012-10-26,隆鑫通用,sh603766,7.76,7.32,7.67,7.36,7.73,7.0,5173100,0.0,0.0,0.0,0.0569,-0.0404
2012-10-29,隆鑫通用,sh603766,7.56,7.36,7.36,7.43,7.36,7.06,2884500,0.0,0.0,0.0,0.0271,0.0095
2012-10-30,隆鑫通用,sh603766,7.54,7.39,7.47,7.42,7.43,7.05,2112900,0.0,0.0,0.0,0.0201,-0.0066
2012-10-31,隆鑫通用,sh603766,7.44,7.25,7.4,7.4,7.42,7.04,3762600,0.0,0.0,0.0,0.0256,0.0
2012-11-01,隆鑫通用,sh603766,7.69,7.38,7.42,7.66,7.4,7.28,5710000,0.0,0.0,0.0,0.0418,0.0323
2012-11-02,隆鑫通用,sh603766,7.76,7.5,7.64,7.6,7.66,7.23,4448800,0.0,0.0,0.0,0.0339,-0.0052
2012-11-05,隆鑫通用,sh603766,7.74,7.56,7.57,7.67,7.6,7.29,4755400,0.0,0.0,0.0,0.0236,0.0132
2012-11-06,隆鑫通用,sh603766,7.8,7.51,7.63,7.65,7.67,7.27,4450300,0.0,0.0,0.0,0.0378,0.0026
2012-11-07,隆鑫通用,sh603766,7.7,7.57,7.61,7.63,7.65,7.25,2591200,0.0,0.0,0.0,0.0169,0.0026
2012-11-08,隆鑫通用,sh603766,7.58,7.21,7.57,7.23,7.63,6.87,6195100,0.0,0.0,0.0,0.0484,-0.0449
2012-11-09,隆鑫通用,sh603766,7.26,7.11,7.26,7.14,7.23,6.79,3410700,0.0,0.0,0.0,0.0207,-0.0165
2012-11-12,隆鑫通用,sh603766,7.26,7.15,7.2,7.2,7.14,6.85,2887500,0.0,0.0,0.0,0.0154,0.0
2012-11-13,隆鑫通用,sh603766,7.22,6.95,7.19,6.97,7.2,6.63,3251600,0.0,0.0,0.0,0.0374,-0.0305
2012-11-14,隆鑫通用,sh603766,7.27,6.95,6.99,7.22,6.97,6.86,4993000,0.0,0.0,0.0,0.0459,0.0329
2012-11-15,隆鑫通用,sh603766,7.17,6.94,7.15,7.02,7.22,6.67,3263000,0.0,0.0,0.0,0.0318,-0.0181
2012-11-16,隆鑫通用,sh603766,7.24,7.01,7.05,7.17,7.02,6.82,4193500,0.0,0.0,0.0,0.0327,0.017
2012-11-19,隆鑫通用,sh603766,7.28,7.04,7.13,7.24,7.17,6.88,3154100,0.0,0.0,0.0,0.0334,0.0154
2012-11-20,隆鑫通用,sh603766,7.28,7.07,7.25,7.07,7.24,6.72,2740100,0.0,0.0,0.0,0.029,-0.0248
2012-11-21,隆鑫通用,sh603766,7.32,7.07,7.07,7.31,7.07,6.95,5151900,0.0,0.0,0.0,0.0353,0.0339
2012-11-22,隆鑫通用,sh603766,7.76,7.19,7.25,7.5,7.31,7.13,9355100,0.0,0.0,0.0,0.0779,0.0344
2012-11-23,隆鑫通用,sh603766,7.85,7.36,7.4,7.66,7.5,7.28,10260700,0.0,0.0,0.0,0.0653,0.0351
2012-11-26,隆鑫通用,sh603766,7.65,7.32,7.58,7.35,7.66,6.99,5579400,0.0,0.0,0.0,0.043,-0.0303
2012-11-27,隆鑫通用,sh603766,7.33,6.8,7.32,6.84,7.35,6.5,5943500,0.0,0.0,0.0,0.0721,-0.0655
2012-11-28,隆鑫通用,sh603766,7.09,6.7,6.7,6.89,6.84,6.55,4506200,0.0,0.0,0.0,0.057,0.0283
2012-11-29,隆鑫通用,sh603766,6.97,6.63,6.81,6.67,6.89,6.34,4062700,0.0,0.0,0.0,0.0493,-0.0205
2012-11-30,隆鑫通用,sh603766,6.76,6.58,6.65,6.72,6.67,6.39,3032300,0.0,0.0,0.0,0.0269,0.0105
2012-12-03,隆鑫通用,sh603766,6.85,6.58,6.71,6.61,6.72,6.28,3057400,0.0,0.0,0.0,0.0401,-0.0149
2012-12-04,隆鑫通用,sh603766,6.59,6.28,6.5,6.57,6.61,6.25,4119800,0.0,0.0,0.0,0.0468,0.0107
2012-12-05,隆鑫通用,sh603766,6.99,6.5,6.55,6.85,6.57,6.51,5995000,0.0,0.0,0.0,0.0745,0.0458
2012-12-06,隆鑫通用,sh603766,6.93,6.76,6.82,6.84,6.85,6.5,3422700,0.0,0.0,0.0,0.0248,0.0029
2012-12-07,隆鑫通用,sh603766,7.21,6.75,6.85,7.18,6.84,6.83,7881200,0.0,0.0,0.0,0.0672,0.0481
2012-12-10,隆鑫通用,sh603766,7.47,7.09,7.16,7.36,7.18,7.0,9530300,0.0,0.0,0.0,0.0529,0.0279
2012-12-11,隆鑫通用,sh603766,7.31,7.16,7.3,7.18,7.36,6.83,6125800,0.0,0.0,0.0,0.0203,-0.0164
2012-12-12,隆鑫通用,sh603766,7.46,7.12,7.16,7.42,7.18,7.05,7054800,0.0,0.0,0.0,0.0473,0.0363
2012-12-13,隆鑫通用,sh603766,7.39,7.1,7.39,7.13,7.42,6.78,4897600,0.0,0.0,0.0,0.039,-0.0351
2012-12-14,隆鑫通用,sh603766,7.74,7.11,7.12,7.61,7.13,7.24,11856600,0.0,0.0,0.0,0.0883,0.0688
2012-12-17,隆鑫通用,sh603766,7.74,7.47,7.6,7.7,7.61,7.32,9850300,0.0,0.0,0.0,0.0354,0.0131
2012-12-18,隆鑫通用,sh603766,7.75,7.45,7.68,7.52,7.7,7.15,7899800,0.0,0.0,0.0,0.0389,-0.0208
2012-12-19,隆鑫通用,sh603766,7.61,7.42,7.51,7.52,7.52,7.15,5067000,0.0,0.0,0.0,0.0252,0.0013
2012-12-20,隆鑫通用,sh603766,8.0,7.43,7.45,7.78,7.52,7.4,11674100,0.0,0.0,0.0,0.0757,0.0442
2012-12-21,隆鑫通用,sh603766,8.48,7.66,7.78,8.11,7.78,7.71,14693300,0.0,0.0,0.0,0.1053,0.0424
2012-12-24,隆鑫通用,sh603766,8.25,7.92,8.02,8.09,8.11,7.69,9057700,0.0,0.0,0.0,0.0406,0.0087
2012-12-25,隆鑫通用,sh603766,8.9,8.02,8.05,8.9,8.09,8.46,18647600,0.0,0.0,0.0,0.1087,0.1055
2012-12-26,隆鑫通用,sh603766,9.34,8.81,8.98,9.23,8.9,8.78,25491400,0.0,0.0,0.0,0.0595,0.0278
2012-12-27,隆鑫通用,sh603766,9.19,8.72,9.16,8.75,9.23,8.32,15702700,0.0,0.0,0.0,0.0509,-0.0447
2012-12-28,隆鑫通用,sh603766,8.95,8.45,8.67,8.71,8.75,8.28,11958600,0.0,0.0,0.0,0.0571,0.0046
2012-12-31,隆鑫通用,sh603766,8.81,8.51,8.69,8.7,8.71,8.27,6909800,0.0,0.0,0.0,0.0344,0.0011
2013-01-04,隆鑫通用,sh603766,8.98,8.6,8.77,8.88,8.7,8.879992,11198120,0.0,0.0,0.0,0.0436,0.0125
2013-01-07,隆鑫通用,sh603766,8.96,8.66,8.8,8.92,8.88,8.919996,7766364,0.0,0.0,0.0,0.0337,0.0136
2013-01-08,隆鑫通用,sh603766,9.09,8.82,8.88,8.94,8.92,8.939995,9259950,0.0,0.0,0.0,0.0302,0.0067
2013-01-09,隆鑫通用,sh603766,9.28,8.87,8.94,9.1,8.94,9.099994,12008666,0.0,0.0,0.0,0.0458,0.0178
2013-01-10,隆鑫通用,sh603766,9.18,8.68,9.12,8.82,9.1,8.819996,9953906,0.0,0.0,0.0,0.0549,-0.0328
2013-01-11,隆鑫通用,sh603766,8.85,8.41,8.73,8.43,8.82,8.429994,9623217,0.0,0.0,0.0,0.0498,-0.0343
2013-01-14,隆鑫通用,sh603766,8.75,8.28,8.42,8.71,8.43,8.709996,7478594,0.0,0.0,0.0,0.0557,0.0344
2013-01-15,隆鑫通用,sh603766,8.98,8.63,8.72,8.85,8.71,8.849992,7686480,0.0,0.0,0.0,0.0401,0.0149
2013-01-16,隆鑫通用,sh603766,9.24,8.81,8.87,9.18,8.85,9.17999,14082564,0.0,0.0,0.0,0.0485,0.0349
2013-01-17,隆鑫通用,sh603766,9.21,8.8,9.21,8.83,9.18,8.829994,8011348,0.0,0.0,0.0,0.0446,-0.0412
2013-01-18,隆鑫通用,sh603766,9.71,8.81,8.81,9.54,8.83,9.539996,24338256,0.0,0.0,0.0,0.1019,0.0828
2013-01-21,隆鑫通用,sh603766,10.29,9.35,9.38,10.02,9.54,10.019991,23792290,0.0,0.0,0.0,0.0985,0.0682
2013-01-22,隆鑫通用,sh603766,9.93,9.55,9.93,9.78,10.02,9.779992,14061668,0.0,0.0,0.0,0.0379,-0.0151
2013-01-23,隆鑫通用,sh603766,9.91,9.42,9.71,9.65,9.78,9.649997,9307923,0.0,0.0,0.0,0.0501,-0.0061
2013-01-24,隆鑫通用,sh603766,9.87,9.07,9.6,9.25,9.65,9.249995,10916147,0.0,0.0,0.0,0.0829,-0.0364
2013-01-25,隆鑫通用,sh603766,9.26,8.96,9.25,8.99,9.25,8.989996,6226909,0.0,0.0,0.0,0.0324,-0.0281
2013-01-28,隆鑫通用,sh603766,9.29,8.91,8.92,9.27,8.99,9.269999,5363065,0.0,0.0,0.0,0.0422,0.0392
2013-01-29,隆鑫通用,sh603766,9.65,9.25,9.29,9.48,9.27,9.4800005,5971223,0.0,0.0,0.0,0.0431,0.0204
2013-01-30,隆鑫通用,sh603766,9.53,9.27,9.53,9.38,9.48,9.379996,4633412,0.0,0.0,0.0,0.0274,-0.0157
2013-01-31,隆鑫通用,sh603766,9.44,9.05,9.38,9.2,9.38,9.199994,4947385,0.0,0.0,0.0,0.0415,-0.0191
2013-02-01,隆鑫通用,sh603766,9.36,9.16,9.2,9.24,9.2,9.239996,5089325,0.0,0.0,0.0,0.0217,0.0043
2013-02-04,隆鑫通用,sh603766,9.3,8.91,9.26,8.94,9.24,8.939992,5660111,0.0,0.0,0.0,0.0422,-0.0345
2013-02-05,隆鑫通用,sh603766,8.89,8.62,8.83,8.85,8.94,8.849993,6583366,0.0,0.0,0.0,0.0302,0.0022
2013-02-06,隆鑫通用,sh603766,8.94,8.8,8.82,8.9,8.85,8.899995,2928203,0.0,0.0,0.0,0.0158,0.009
2013-02-07,隆鑫通用,sh603766,8.91,8.63,8.88,8.76,8.9,8.759998,4198638,0.0,0.0,0.0,0.0314,-0.0135
2013-02-08,隆鑫通用,sh603766,9.19,8.71,8.75,9.12,8.76,9.119999,5310908,0.0,0.0,0.0,0.0547,0.0422
2013-02-18,隆鑫通用,sh603766,9.33,9.1,9.12,9.21,9.12,9.209995,5194632,0.0,0.0,0.0,0.0252,0.0098
2013-02-19,隆鑫通用,sh603766,9.21,8.8,9.21,8.91,9.21,8.909998,4052771,0.0,0.0,0.0,0.0445,-0.0325
2013-02-20,隆鑫通用,sh603766,9.09,8.83,8.83,9.08,8.91,9.080001,2999387,0.0,0.0,0.0,0.0291,0.0283
2013-02-21,隆鑫通用,sh603766,9.15,8.81,9.06,8.91,9.08,8.910005,4347641,0.0,0.0,0.0,0.0374,-0.0165
2013-02-22,隆鑫通用,sh603766,9.04,8.72,8.85,8.78,8.91,8.780008,3382541,0.0,0.0,0.0,0.0359,-0.0079
2013-02-25,隆鑫通用,sh603766,8.85,8.68,8.75,8.75,8.78,8.750007,2605375,0.0,0.0,0.0,0.0193,0.0
2013-02-26,隆鑫通用,sh603766,8.84,8.58,8.75,8.59,8.75,8.590004,2933299,0.0,0.0,0.0,0.0297,-0.0182
2013-02-27,隆鑫通用,sh603766,8.73,8.56,8.62,8.65,8.59,8.650005,2744135,0.0,0.0,0.0,0.0197,0.0034
2013-02-28,隆鑫通用,sh603766,8.86,8.58,8.66,8.85,8.65,8.850002,3732965,0.0,0.0,0.0,0.0323,0.0219
2013-03-01,隆鑫通用,sh603766,8.96,8.77,8.83,8.94,8.85,8.939998,3714275,0.0,0.0,0.0,0.0214,0.0124
2013-03-04,隆鑫通用,sh603766,9.14,8.62,8.89,8.79,8.94,8.789993,4828981,0.0,0.0,0.0,0.0581,-0.0112
2013-03-05,隆鑫通用,sh603766,9.03,8.73,8.79,9.03,8.79,9.029996,4206932,0.0,0.0,0.0,0.0341,0.0273
2013-03-06,隆鑫通用,sh603766,9.15,8.94,9.07,9.13,9.03,9.129993,5870827,0.0,0.0,0.0,0.0232,0.0066
2013-03-07,隆鑫通用,sh603766,9.15,8.98,9.15,9.01,9.13,9.009998,3685159,0.0,0.0,0.0,0.0186,-0.0153
2013-03-08,隆鑫通用,sh603766,9.05,8.74,9.05,8.77,9.01,8.769999,2871076,0.0,0.0,0.0,0.0344,-0.0309
2013-03-11,隆鑫通用,sh603766,8.89,8.63,8.74,8.84,8.77,8.840001,2521757,0.0,0.0,0.0,0.0296,0.0114
2013-03-12,隆鑫通用,sh603766,8.92,8.14,8.78,8.28,8.84,8.2800045,4518853,0.0,0.0,0.0,0.0882,-0.0569
2013-03-13,隆鑫通用,sh603766,8.32,7.9,8.28,8.06,8.28,8.060005,3194724,0.0,0.0,0.0,0.0507,-0.0265
2013-03-14,隆鑫通用,sh603766,8.15,7.95,7.98,8.0,8.06,8.000007,1881217,0.0,0.0,0.0,0.0248,0.0025
2013-03-15,隆鑫通用,sh603766,8.24,7.95,8.03,8.03,8.0,8.030006,2188701,0.0,0.0,0.0,0.0362,0.0
2013-03-18,隆鑫通用,sh603766,8.12,7.78,8.04,7.84,8.03,7.8400083,1936674,0.0,0.0,0.0,0.0423,-0.0248
2013-03-19,隆鑫通用,sh603766,7.95,7.75,7.83,7.93,7.84,7.9300117,1230144,0.0,0.0,0.0,0.0255,0.0127
2013-03-20,隆鑫通用,sh603766,8.72,7.92,7.93,8.57,7.93,8.570011,6457163,0.0,0.0,0.0,0.1008,0.0807
2013-03-21,隆鑫通用,sh603766,8.79,8.44,8.56,8.68,8.57,8.680007,5251464,0.0,0.0,0.0,0.0408,0.014
2013-03-22,隆鑫通用,sh603766,8.68,8.4,8.65,8.57,8.68,8.570005,2571243,0.0,0.0,0.0,0.0322,-0.0092
2013-03-25,隆鑫通用,sh603766,9.1,8.54,8.54,9.09,8.57,9.090008,9493491,0.0,0.0,0.0,0.0653,0.0644
2013-03-26,隆鑫通用,sh603766,9.24,8.91,9.1,9.1,9.09,9.100007,6294987,0.0,0.0,0.0,0.0363,0.0
2013-03-27,隆鑫通用,sh603766,9.29,9.03,9.1,9.19,9.1,9.190006,4270472,0.0,0.0,0.0,0.0285,0.0098
2013-03-28,隆鑫通用,sh603766,9.17,8.78,9.17,8.79,9.19,8.790002,4308855,0.0,0.0,0.0,0.0424,-0.0414
2013-03-29,隆鑫通用,sh603766,9.07,8.78,8.81,8.8,8.79,8.800005,2931675,0.0,0.0,0.0,0.0329,-0.0011
2013-04-01,隆鑫通用,sh603766,9.2,8.73,8.73,9.11,8.8,9.1100025,4144010,0.0,0.0,0.0,0.0534,0.0435
2013-04-02,隆鑫通用,sh603766,9.29,8.9,9.02,9.11,9.11,9.1100025,3467692,0.0,0.0,0.0,0.0428,0.0099
2013-04-03,隆鑫通用,sh603766,9.45,9.09,9.25,9.18,9.11,9.180003,4928401,0.0,0.0,0.0,0.0395,-0.0075
2013-04-08,隆鑫通用,sh603766,9.08,8.6,9.08,9.02,9.18,9.020005,2618439,0.0,0.0,0.0,0.0522,-0.0066
2013-04-09,隆鑫通用,sh603766,9.6,9.02,9.02,9.58,9.02,9.580004,7632060,0.0,0.0,0.0,0.0643,0.062
2013-04-10,隆鑫通用,sh603766,9.75,9.36,9.52,9.7,9.58,9.700003,7425987,0.0,0.0,0.0,0.0407,0.0189
2013-04-11,隆鑫通用,sh603766,9.84,9.44,9.66,9.45,9.7,9.450005,5026997,0.0,0.0,0.0,0.0412,-0.0217
2013-04-12,隆鑫通用,sh603766,9.63,9.3,9.4,9.47,9.45,9.47,3363906,0.0,0.0,0.0,0.0349,0.0074
2013-04-15,隆鑫通用,sh603766,9.66,9.35,9.35,9.48,9.47,9.4800005,3407905,0.0,0.0,0.0,0.0327,0.0139
2013-04-16,隆鑫通用,sh603766,9.53,9.0,9.46,9.52,9.48,9.519997,3481017,0.0,0.0,0.0,0.0559,0.0063
2013-04-17,隆鑫通用,sh603766,9.62,9.08,9.52,9.21,9.52,9.209997,5136133,0.0,0.0,0.0,0.0567,-0.0325
2013-04-18,隆鑫通用,sh603766,9.28,9.0,9.08,9.18,9.21,9.18,3056411,0.0,0.0,0.0,0.0304,0.011
2013-04-19,隆鑫通用,sh603766,9.95,9.14,9.19,9.84,9.18,9.839996,10035488,0.0,0.0,0.0,0.0882,0.0707
2013-04-22,隆鑫通用,sh603766,9.98,9.66,9.7,9.95,9.84,9.949998,8963413,0.0,0.0,0.0,0.0325,0.0257
2013-04-23,隆鑫通用,sh603766,10.06,9.58,9.9,9.69,9.95,9.689995,7093104,0.0,0.0,0.0,0.0482,-0.0212
2013-04-24,隆鑫通用,sh603766,10.26,9.68,9.68,10.2,9.69,10.199998,12735050,0.0,0.0,0.0,0.0598,0.0537
2013-04-25,隆鑫通用,sh603766,10.86,9.95,10.1,9.98,10.2,9.979995,14895074,0.0,0.0,0.0,0.0892,-0.0118
2013-04-26,隆鑫通用,sh603766,10.37,9.78,9.96,10.26,9.98,10.259994,10220624,0.0,0.0,0.0,0.0591,0.0301
2013-05-02,隆鑫通用,sh603766,10.48,10.08,10.15,10.31,10.26,10.30999,5956842,0.0,0.0,0.0,0.0389,0.0157
2013-05-03,隆鑫通用,sh603766,10.53,10.2,10.26,10.22,10.31,10.219995,6771813,0.0,0.0,0.0,0.032,-0.0038
2013-05-06,隆鑫通用,sh603766,10.48,10.05,10.22,10.34,10.22,10.339997,7767690,0.0,0.0,0.0,0.042,0.0117
2013-05-07,隆鑫通用,sh603766,10.33,10.14,10.29,10.19,10.34,10.189995,5271829,0.0,0.0,0.0,0.0183,-0.0097
2013-05-08,隆鑫通用,sh603766,10.48,10.19,10.2,10.43,10.19,10.43,7773402,0.0,0.0,0.0,0.0284,0.0225
2013-05-09,隆鑫通用,sh603766,10.41,9.84,10.41,10.12,10.43,10.12,8124105,0.0,0.0,0.0,0.0546,-0.0278
2013-05-10,隆鑫通用,sh603766,10.11,9.6,10.0,9.77,10.12,9.7699995,7817175,0.0,0.0,0.0,0.0503,-0.023
2013-05-13,隆鑫通用,sh603766,9.97,9.69,9.75,9.96,9.77,9.959996,4017854,0.0,0.0,0.0,0.0286,0.0215
2013-05-14,隆鑫通用,sh603766,10.18,9.89,9.94,10.11,9.96,10.109994,5752426,0.0,0.0,0.0,0.0291,0.0171
2013-05-15,隆鑫通用,sh603766,10.17,9.79,10.08,9.93,10.11,9.929996,3801151,0.0,0.0,0.0,0.0375,-0.0148
2013-05-16,隆鑫通用,sh603766,10.08,9.73,9.9,9.98,9.93,9.979993,5388719,0.0,0.0,0.0,0.0352,0.008
2013-05-17,隆鑫通用,sh603766,10.21,9.82,9.98,10.18,9.98,10.179993,6915544,0.0,0.0,0.0,0.039,0.02
2013-05-20,隆鑫通用,sh603766,10.46,10.11,10.33,10.37,10.18,10.369991,7468705,0.0,0.0,0.0,0.0343,0.0038
2013-05-21,隆鑫通用,sh603766,10.81,10.25,10.25,10.79,10.37,10.789987,8416894,0.0,0.0,0.0,0.054,0.0526
2013-05-22,隆鑫通用,sh603766,10.94,10.53,10.83,10.58,10.79,10.579992,6644315,0.0,0.0,0.0,0.0379,-0.023
2013-05-23,隆鑫通用,sh603766,10.88,10.3,10.59,10.32,10.58,10.319988,6073194,0.0,0.0,0.0,0.0548,-0.0254
2013-05-24,隆鑫通用,sh603766,10.67,10.31,10.36,10.51,10.32,10.50999,4905041,0.0,0.0,0.0,0.0348,0.0144
2013-05-27,隆鑫通用,sh603766,10.89,10.33,10.52,10.88,10.51,10.879994,7091039,0.0,0.0,0.0,0.0532,0.0342
2013-05-28,隆鑫通用,sh603766,11.06,10.6,10.88,10.85,10.88,10.849998,6893878,0.0,0.0,0.0,0.0422,-0.0027
2013-05-29,隆鑫通用,sh603766,10.78,10.55,10.65,10.66,10.85,10.834992,3368455,0.0,0.0,0.0,0.0211,9.0E-4
2013-05-30,隆鑫通用,sh603766,10.67,10.37,10.67,10.4,10.66,10.570727,4364073,0.0,0.0,0.0,0.0281,-0.0253
2013-05-31,隆鑫通用,sh603766,10.48,10.28,10.37,10.3,10.4,10.4690895,3446247,0.0,0.0,0.0,0.0192,-0.0067
2013-06-03,隆鑫通用,sh603766,10.45,10.22,10.3,10.31,10.3,10.479255,1974084,0.0,0.0,0.0,0.0223,9.0E-4
2013-06-04,隆鑫通用,sh603766,10.33,9.63,10.33,9.72,10.31,9.879569,4598402,0.0,0.0,0.0,0.0678,-0.059
2013-06-05,隆鑫通用,sh603766,9.8,9.52,9.7,9.77,9.72,9.930389,2972333,0.0,0.0,0.0,0.0288,0.0072
2013-06-06,隆鑫通用,sh603766,9.74,9.5,9.67,9.55,9.77,9.706778,2005154,0.0,0.0,0.0,0.0245,-0.0124
2013-06-07,隆鑫通用,sh603766,9.64,9.04,9.53,9.12,9.55,9.26972,3253192,0.0,0.0,0.0,0.0628,-0.043
2013-06-13,隆鑫通用,sh603766,9.0,8.63,8.91,8.8,9.12,8.944464,2186979,0.0,0.0,0.0,0.0405,-0.0123
2013-06-14,隆鑫通用,sh603766,9.06,8.83,8.83,9.03,8.8,9.178236,1751357,0.0,0.0,0.0,0.0261,0.0226
2013-06-17,隆鑫通用,sh603766,9.1,8.8,9.03,8.95,9.03,9.096927,1706130,0.0,0.0,0.0,0.0332,-0.0088
2013-06-18,隆鑫通用,sh603766,9.33,8.9,8.97,9.25,8.95,9.401855,2999762,0.0,0.0,0.0,0.048,0.0312
2013-06-19,隆鑫通用,sh603766,9.22,9.02,9.2,9.17,9.25,9.3205385,1567610,0.0,0.0,0.0,0.0216,-0.0032
2013-06-20,隆鑫通用,sh603766,9.18,8.42,9.16,8.54,9.17,8.680199,2029154,0.0,0.0,0.0,0.0828,-0.0676
2013-06-21,隆鑫通用,sh603766,8.5,8.15,8.3,8.35,8.54,8.487082,2417267,0.0,0.0,0.0,0.0409,0.006
2013-06-24,隆鑫通用,sh603766,8.35,7.52,8.35,7.52,8.35,7.6434574,3540094,0.0,0.0,0.0,0.0994,-0.0994
2013-06-25,隆鑫通用,sh603766,7.49,6.78,7.4,7.38,7.52,7.501159,3828507,0.0,0.0,0.0,0.0944,-0.0027
2013-06-26,隆鑫通用,sh603766,7.48,7.25,7.28,7.46,7.38,7.582472,2456320,0.0,0.0,0.0,0.0311,0.0247
2013-06-27,隆鑫通用,sh603766,7.58,7.12,7.48,7.16,7.46,7.27755,2788022,0.0,0.0,0.0,0.0616,-0.0427
2013-06-28,隆鑫通用,sh603766,7.36,6.78,7.1,7.12,7.16,7.236891,3210432,0.0,0.0,0.0,0.081,0.0028
2013-07-01,隆鑫通用,sh603766,7.83,7.03,7.12,7.8,7.12,7.928057,4483796,0.0,0.0,0.0,0.1123,0.0955
2013-07-02,隆鑫通用,sh603766,7.9,7.64,7.7,7.87,7.8,7.9992037,3717694,0.0,0.0,0.0,0.0333,0.022
2013-07-03,隆鑫通用,sh603766,7.85,7.65,7.85,7.82,7.87,7.948385,2821276,0.0,0.0,0.0,0.0254,-0.0038
2013-07-04,隆鑫通用,sh603766,8.29,7.71,7.71,8.05,7.82,8.182162,3524525,0.0,0.0,0.0,0.0741,0.044
2013-07-05,隆鑫通用,sh603766,8.2,7.93,8.0,8.01,8.05,8.141505,2253161,0.0,0.0,0.0,0.0335,0.0012
2013-07-08,隆鑫通用,sh603766,7.91,7.49,7.87,7.74,8.01,7.8670716,2260089,0.0,0.0,0.0,0.0524,-0.0165
2013-07-09,隆鑫通用,sh603766,7.9,7.6,7.65,7.82,7.74,7.9483857,1171080,0.0,0.0,0.0,0.0387,0.0222
2013-07-10,隆鑫通用,sh603766,8.2,7.75,7.8,8.17,7.82,8.3041315,2099894,0.0,0.0,0.0,0.0575,0.0474
2013-07-11,隆鑫通用,sh603766,8.42,8.12,8.12,8.29,8.17,8.426103,2708825,0.0,0.0,0.0,0.0367,0.0209
2013-07-12,隆鑫通用,sh603766,8.42,8.15,8.27,8.2,8.29,8.334629,2336831,0.0,0.0,0.0,0.0325,-0.0084
2013-07-15,隆鑫通用,sh603766,8.4,8.2,8.29,8.34,8.2,8.476926,1661915,0.0,0.0,0.0,0.0243,0.006
2013-07-16,隆鑫通用,sh603766,8.38,8.21,8.35,8.37,8.34,8.507418,2143935,0.0,0.0,0.0,0.0203,0.0023
2013-07-17,隆鑫通用,sh603766,8.44,8.1,8.38,8.16,8.37,8.293966,2004217,0.0,0.0,0.0,0.0406,-0.0262
2013-07-18,隆鑫通用,sh603766,8.23,7.88,8.22,7.98,8.16,8.11101,2252848,0.0,0.0,0.0,0.0428,-0.0291
2013-07-19,隆鑫通用,sh603766,8.09,7.66,7.92,7.67,7.98,7.7959213,2353476,0.0,0.0,0.0,0.0538,-0.0315
2013-07-22,隆鑫通用,sh603766,7.86,7.52,7.67,7.84,7.67,7.96871,1177888,0.0,0.0,0.0,0.0443,0.0221
2013-07-23,隆鑫通用,sh603766,8.3,7.94,7.94,8.29,7.84,8.426098,2813973,0.0,0.0,0.0,0.0459,0.044
2013-07-24,隆鑫通用,sh603766,8.59,8.27,8.31,8.39,8.29,8.527742,2973248,0.0,0.0,0.0,0.0386,0.0096
2013-07-25,隆鑫通用,sh603766,8.43,8.16,8.33,8.35,8.39,8.487082,1728921,0.0,0.0,0.0,0.0321,0.0024
2013-07-26,隆鑫通用,sh603766,8.38,8.15,8.3,8.16,8.35,8.293966,1318271,0.0,0.0,0.0,0.0275,-0.0168
2013-07-29,隆鑫通用,sh603766,8.19,7.8,8.1,8.03,8.16,8.161836,1571187,0.0,0.0,0.0,0.0477,-0.0086
2013-07-30,隆鑫通用,sh603766,8.09,7.8,8.05,8.03,8.03,8.161836,1195449,0.0,0.0,0.0,0.0361,-0.0024
2013-07-31,隆鑫通用,sh603766,8.13,7.93,8.05,8.0,8.03,8.131343,1147403,0.0,0.0,0.0,0.0249,-0.0062
2013-08-01,隆鑫通用,sh603766,8.24,8.02,8.14,8.24,8.0,8.375283,1737830,0.0,0.0,0.0,0.0275,0.0122
2013-08-02,隆鑫通用,sh603766,8.33,8.12,8.24,8.28,8.24,8.415936,2145010,0.0,0.0,0.0,0.0254,0.0048
2013-08-05,隆鑫通用,sh603766,8.36,8.18,8.22,8.34,8.28,8.476919,1710867,0.0,0.0,0.0,0.0217,0.0145
2013-08-06,隆鑫通用,sh603766,8.49,8.29,8.36,8.44,8.34,8.578557,2477836,0.0,0.0,0.0,0.0239,0.0095
2013-08-07,隆鑫通用,sh603766,8.45,8.12,8.45,8.2,8.44,8.334618,2273258,0.0,0.0,0.0,0.039,-0.0295
2013-08-08,隆鑫通用,sh603766,8.24,8.13,8.23,8.16,8.2,8.293961,1284261,0.0,0.0,0.0,0.0134,-0.0085
2013-08-09,隆鑫通用,sh603766,8.27,8.11,8.16,8.25,8.16,8.385435,1567317,0.0,0.0,0.0,0.0196,0.011
2013-08-12,隆鑫通用,sh603766,8.7,8.28,8.32,8.63,8.25,8.771676,4974649,0.0,0.0,0.0,0.0509,0.0372
2013-08-13,隆鑫通用,sh603766,8.6,8.42,8.44,8.5,8.63,8.63954,4121251,0.0,0.0,0.0,0.0208,0.0071
2013-08-14,隆鑫通用,sh603766,8.51,8.27,8.5,8.36,8.5,8.497238,3931904,0.0,0.0,0.0,0.0282,-0.0164
2013-08-15,隆鑫通用,sh603766,8.24,7.82,7.82,8.08,8.36,8.21264,14347821,0.0,0.0,0.0,0.0502,0.0332
2013-08-16,隆鑫通用,sh603766,8.04,7.8,7.97,7.83,8.08,7.958533,7711253,0.0,0.0,0.0,0.0297,-0.0175
2013-08-19,隆鑫通用,sh603766,7.87,7.65,7.78,7.79,7.83,7.9178724,5167270,0.0,0.0,0.0,0.028,0.0012
2013-08-20,隆鑫通用,sh603766,7.84,7.71,7.77,7.72,7.79,7.8467226,5622091,0.0,0.0,0.0,0.0166,-0.0064
2013-08-21,隆鑫通用,sh603766,7.71,7.5,7.67,7.58,7.72,7.7044225,8708309,0.0,0.0,0.0,0.0272,-0.0117
2013-08-22,隆鑫通用,sh603766,7.55,7.42,7.51,7.42,7.58,7.541797,10114811,0.0,0.0,0.0,0.0171,-0.0119
2013-08-23,隆鑫通用,sh603766,7.57,7.33,7.41,7.47,7.42,7.592622,10863497,0.0,0.0,0.0,0.0323,0.008
2013-08-26,隆鑫通用,sh603766,7.63,7.31,7.46,7.54,7.47,7.663772,15101736,0.0,0.0,0.0,0.0428,0.0107
2013-08-27,隆鑫通用,sh603766,7.83,7.55,7.56,7.82,7.54,7.948366,15954585,0.0,0.0,0.0,0.0371,0.0343
2013-08-28,隆鑫通用,sh603766,7.83,7.65,7.78,7.66,7.82,7.7857428,10661285,0.0,0.0,0.0,0.023,-0.0154
2013-08-29,隆鑫通用,sh603766,8.1,7.77,7.8,7.89,7.66,8.019517,15688185,0.0,0.0,0.0,0.043,0.0115
2013-08-30,隆鑫通用,sh603766,7.89,7.7,7.89,7.72,7.89,7.846729,10833221,0.0,0.0,0.0,0.024,-0.0215
2013-09-02,隆鑫通用,sh603766,7.78,7.51,7.74,7.71,7.72,7.8365674,8337592,0.0,0.0,0.0,0.0349,-0.0038
2013-09-03,隆鑫通用,sh603766,7.9,7.62,7.68,7.88,7.71,8.009356,8026474,0.0,0.0,0.0,0.0363,0.026
2013-09-04,隆鑫通用,sh603766,7.94,7.8,7.84,7.83,7.88,7.9585366,6888584,0.0,0.0,0.0,0.0177,-0.0012
2013-09-05,隆鑫通用,sh603766,8.06,7.77,7.81,7.93,7.83,8.060175,10854675,0.0,0.0,0.0,0.037,0.0153
2013-09-06,隆鑫通用,sh603766,8.1,7.91,7.93,8.08,7.93,8.212641,9817662,0.0,0.0,0.0,0.0239,0.0189
2013-09-09,隆鑫通用,sh603766,8.18,7.96,8.1,8.08,8.08,8.212641,9613062,0.0,0.0,0.0,0.0272,-0.0024
2013-09-10,隆鑫通用,sh603766,8.14,8.01,8.07,8.13,8.08,8.263461,8575841,0.0,0.0,0.0,0.016,0.0074
2013-09-11,隆鑫通用,sh603766,8.35,8.09,8.13,8.2,8.13,8.334609,12699872,0.0,0.0,0.0,0.0319,0.0086
2013-09-12,隆鑫通用,sh603766,8.26,8.02,8.19,8.03,8.2,8.161817,9861372,0.0,0.0,0.0,0.0292,-0.0195
2013-09-13,隆鑫通用,sh603766,8.14,7.95,8.07,8.12,8.03,8.253294,7500835,0.0,0.0,0.0,0.0236,0.0061
2013-09-16,隆鑫通用,sh603766,8.14,7.99,8.14,8.06,8.12,8.19231,7198607,0.0,0.0,0.0,0.0184,-0.0098
2013-09-17,隆鑫通用,sh603766,8.16,7.98,8.08,8.07,8.06,8.2024765,6533626,0.0,0.0,0.0,0.0223,-0.0012
2013-09-18,隆鑫通用,sh603766,8.08,7.97,8.06,8.06,8.07,8.192314,3709437,0.0,0.0,0.0,0.0136,0.0
2013-09-23,隆鑫通用,sh603766,8.13,8.01,8.01,8.06,8.06,8.192314,6590919,0.0,0.0,0.0,0.0148,0.0062
2013-09-24,隆鑫通用,sh603766,8.22,8.03,8.07,8.2,8.06,8.334615,7782627,0.0,0.0,0.0,0.0235,0.0161
2013-09-25,隆鑫通用,sh603766,8.3,8.05,8.21,8.06,8.2,8.192318,5861291,0.0,0.0,0.0,0.0304,-0.0182
2013-09-26,隆鑫通用,sh603766,8.08,7.67,8.04,7.72,8.06,7.846733,7258521,0.0,0.0,0.0,0.0508,-0.0398
2013-09-27,隆鑫通用,sh603766,7.89,7.7,7.72,7.82,7.72,7.948372,3453178,0.0,0.0,0.0,0.0246,0.0129
2013-09-30,隆鑫通用,sh603766,7.89,7.81,7.85,7.84,7.82,7.9687037,2147024,0.0,0.0,0.0,0.0102,-0.0012
2013-10-08,隆鑫通用,sh603766,7.96,7.81,7.92,7.94,7.84,8.070345,3029595,0.0,0.0,0.0,0.0191,0.0025
2013-10-09,隆鑫通用,sh603766,8.08,7.91,7.95,8.08,7.94,8.212641,4096058,0.0,0.0,0.0,0.0214,0.0163
2013-10-10,隆鑫通用,sh603766,8.14,7.9,8.09,7.94,8.08,8.07034,4021023,0.0,0.0,0.0,0.0297,-0.0185
2013-10-11,隆鑫通用,sh603766,8.3,7.96,7.96,8.15,7.94,8.283785,10640961,0.0,0.0,0.0,0.0428,0.0238
2013-10-14,隆鑫通用,sh603766,8.29,8.13,8.21,8.25,8.15,8.3854265,8319404,0.0,0.0,0.0,0.0196,0.0048
2013-10-15,隆鑫通用,sh603766,8.33,8.17,8.25,8.25,8.25,8.3854265,5838230,0.0,0.0,0.0,0.0193,0.0
2013-10-16,隆鑫通用,sh603766,8.48,8.17,8.35,8.25,8.25,8.3854265,9037344,0.0,0.0,0.0,0.0375,-0.0119
2013-10-17,隆鑫通用,sh603766,8.54,8.27,8.27,8.48,8.25,8.6192045,12509638,0.0,0.0,0.0,0.0327,0.0253
2013-10-18,隆鑫通用,sh603766,8.46,8.31,8.4,8.37,8.48,8.507396,6682738,0.0,0.0,0.0,0.0176,-0.0035
2013-10-21,隆鑫通用,sh603766,8.57,8.32,8.4,8.5,8.37,8.639533,7272316,0.0,0.0,0.0,0.0298,0.0119
2013-10-22,隆鑫通用,sh603766,8.53,8.36,8.5,8.37,8.5,8.5074,6526901,0.0,0.0,0.0,0.0199,-0.0152
2013-10-23,隆鑫通用,sh603766,8.43,8.0,8.43,8.05,8.37,8.182145,11380388,0.0,0.0,0.0,0.0513,-0.045
2013-10-24,隆鑫通用,sh603766,8.31,8.01,8.05,8.29,8.05,8.426087,6312977,0.0,0.0,0.0,0.0372,0.0298
2013-10-25,隆鑫通用,sh603766,9.12,8.44,8.5,8.79,8.29,8.9342985,29987987,0.0,0.0,0.0,0.082,0.0341
2013-10-28,隆鑫通用,sh603766,8.79,8.38,8.6,8.59,8.79,8.731016,18433426,0.0,0.0,0.0,0.0466,-0.0011
2013-10-29,隆鑫通用,sh603766,8.69,8.1,8.69,8.49,8.59,8.629378,11980941,0.0,0.0,0.0,0.0686,-0.023
2013-10-30,隆鑫通用,sh603766,9.06,8.34,8.45,8.99,8.49,9.1375885,17978895,0.0,0.0,0.0,0.0848,0.0639
2013-10-31,隆鑫通用,sh603766,9.38,8.81,8.94,8.99,8.99,9.1375885,16256755,0.0,0.0,0.0,0.0634,0.0055
2013-11-01,隆鑫通用,sh603766,9.11,8.66,9.0,9.08,8.99,9.229065,10223698,0.0,0.0,0.0,0.05,0.0088
2013-11-04,隆鑫通用,sh603766,9.43,9.1,9.1,9.29,9.08,9.442514,15050039,0.0,0.0,0.0,0.0363,0.0208
2013-11-05,隆鑫通用,sh603766,9.3,8.95,9.3,9.13,9.29,9.279886,10864317,0.0,0.0,0.0,0.0376,-0.0182
2013-11-06,隆鑫通用,sh603766,9.17,8.9,9.1,8.94,9.13,9.086762,9013304,0.0,0.0,0.0,0.0295,-0.0175
2013-11-07,隆鑫通用,sh603766,8.91,8.55,8.84,8.7,8.94,8.842819,8041266,0.0,0.0,0.0,0.0402,-0.0158
2013-11-08,隆鑫通用,sh603766,8.73,8.25,8.61,8.34,8.7,8.4769125,9336724,0.0,0.0,0.0,0.0551,-0.0313
2013-11-11,隆鑫通用,sh603766,8.43,8.15,8.28,8.36,8.34,8.49724,5587551,0.0,0.0,0.0,0.0335,0.0096
2013-11-12,隆鑫通用,sh603766,8.45,8.29,8.31,8.35,8.36,8.487077,6341851,0.0,0.0,0.0,0.0191,0.0048
2013-11-13,隆鑫通用,sh603766,8.42,8.03,8.4,8.05,8.35,8.182154,7080880,0.0,0.0,0.0,0.0467,-0.0416
2013-11-14,隆鑫通用,sh603766,8.07,7.74,8.01,8.02,8.05,8.151658,6823737,0.0,0.0,0.0,0.0409,0.0012
2013-11-15,隆鑫通用,sh603766,8.27,7.94,7.99,8.19,8.02,8.32445,7027622,0.0,0.0,0.0,0.0411,0.025
2013-11-18,隆鑫通用,sh603766,8.33,8.19,8.2,8.29,8.19,8.426091,9167531,0.0,0.0,0.0,0.017,0.0109
2013-11-19,隆鑫通用,sh603766,8.36,8.19,8.28,8.24,8.29,8.375273,6987005,0.0,0.0,0.0,0.0205,-0.0048
2013-11-20,隆鑫通用,sh603766,8.46,8.28,8.28,8.43,8.24,8.56839,10480392,0.0,0.0,0.0,0.0218,0.0181
2013-11-21,隆鑫通用,sh603766,8.42,8.2,8.41,8.32,8.43,8.456581,7534905,0.0,0.0,0.0,0.026,-0.0107
2013-11-22,隆鑫通用,sh603766,8.42,8.27,8.32,8.34,8.32,8.476911,5727992,0.0,0.0,0.0,0.018,0.0024
2013-11-25,隆鑫通用,sh603766,8.46,8.31,8.32,8.36,8.34,8.497238,6495198,0.0,0.0,0.0,0.0179,0.0048
2013-11-26,隆鑫通用,sh603766,8.39,8.22,8.3,8.25,8.36,8.385431,5631317,0.0,0.0,0.0,0.0203,-0.006
2013-11-27,隆鑫通用,sh603766,8.4,8.28,8.3,8.4,8.25,8.537895,8068686,0.0,0.0,0.0,0.0145,0.012
2013-11-28,隆鑫通用,sh603766,8.81,8.38,8.4,8.69,8.4,8.832658,18334646,0.0,0.0,0.0,0.0511,0.0345
2013-11-29,隆鑫通用,sh603766,8.9,8.64,8.71,8.71,8.69,8.852982,9825680,0.0,0.0,0.0,0.0299,0.0
2013-12-02,隆鑫通用,sh603766,9.26,8.51,8.51,8.94,8.71,9.086754,23430583,0.0,0.0,0.0,0.0861,0.0505
2013-12-03,隆鑫通用,sh603766,9.32,8.81,8.87,9.15,8.94,9.300201,15596732,0.0,0.0,0.0,0.057,0.0315
2013-12-04,隆鑫通用,sh603766,9.33,9.04,9.1,9.29,9.15,9.442504,17995368,0.0,0.0,0.0,0.0316,0.0208
2013-12-05,隆鑫通用,sh603766,9.3,9.06,9.29,9.23,9.29,9.381515,13162649,0.0,0.0,0.0,0.0258,-0.0064
2013-12-06,隆鑫通用,sh603766,9.21,8.89,9.21,8.92,9.23,9.066427,15168542,0.0,0.0,0.0,0.0346,-0.0314
2013-12-09,隆鑫通用,sh603766,9.16,8.93,9.01,9.04,8.92,9.188397,9338262,0.0,0.0,0.0,0.0257,0.0033
2013-12-10,隆鑫通用,sh603766,9.86,8.98,9.05,9.6,9.04,9.757591,23767517,0.0,0.0,0.0,0.0973,0.0607
2013-12-11,隆鑫通用,sh603766,10.07,9.38,9.45,9.67,9.6,9.828744,25301844,0.0,0.0,0.0,0.0718,0.0232
2013-12-12,隆鑫通用,sh603766,10.08,9.56,9.68,9.76,9.67,9.92022,17935771,0.0,0.0,0.0,0.0537,0.0082
2013-12-13,隆鑫通用,sh603766,9.86,9.64,9.77,9.68,9.76,9.838904,7821601,0.0,0.0,0.0,0.0225,-0.0092
2013-12-16,隆鑫通用,sh603766,9.98,9.64,9.65,9.71,9.68,9.869394,11726522,0.0,0.0,0.0,0.0351,0.0062
2013-12-17,隆鑫通用,sh603766,9.81,9.43,9.76,9.47,9.71,9.625453,7943306,0.0,0.0,0.0,0.0391,-0.0297
2013-12-18,隆鑫通用,sh603766,9.72,9.46,9.5,9.55,9.47,9.706769,5506476,0.0,0.0,0.0,0.0274,0.0052
2013-12-19,隆鑫通用,sh603766,9.74,9.48,9.56,9.59,9.55,9.74742,4484731,0.0,0.0,0.0,0.0272,0.0031
2013-12-20,隆鑫通用,sh603766,9.63,9.17,9.56,9.2,9.59,9.351023,7240886,0.0,0.0,0.0,0.0479,-0.0376
2013-12-23,隆鑫通用,sh603766,9.2,8.89,9.08,9.03,9.2,9.178234,5119444,0.0,0.0,0.0,0.0336,-0.0055
2013-12-24,隆鑫通用,sh603766,9.22,8.99,9.02,9.07,9.03,9.218894,5567377,0.0,0.0,0.0,0.0254,0.0055
2013-12-25,隆鑫通用,sh603766,9.29,9.01,9.06,9.28,9.07,9.432339,4913688,0.0,0.0,0.0,0.0308,0.0242
2013-12-26,隆鑫通用,sh603766,9.33,8.87,9.29,8.88,9.28,9.025777,6465842,0.0,0.0,0.0,0.0495,-0.0441
2013-12-27,隆鑫通用,sh603766,9.28,8.77,8.8,9.27,8.88,9.42218,6647271,0.0,0.0,0.0,0.0574,0.0534
2013-12-30,隆鑫通用,sh603766,9.58,9.23,9.35,9.37,9.27,9.523817,6054188,0.0,0.0,0.0,0.0377,0.0021
2013-12-31,隆鑫通用,sh603766,9.58,9.28,9.38,9.41,9.37,9.564474,3810421,0.0,0.0,0.0,0.032,0.0031
2014-01-02,隆鑫通用,sh603766,9.54,9.25,9.4,9.39,9.41,9.544149,4149693,0.0,0.0,0.0,0.0308,-0.001
2014-01-03,隆鑫通用,sh603766,9.38,8.98,9.38,9.07,9.39,9.218894,5495626,0.0,0.0,0.0,0.0425,-0.033
2014-01-06,隆鑫通用,sh603766,9.0,8.83,9.0,8.87,9.07,9.015609,3914150,0.0,0.0,0.0,0.0187,-0.0144
2014-01-07,隆鑫通用,sh603766,9.09,8.86,8.86,9.0,8.87,9.147741,4026909,0.0,0.0,0.0,0.0259,0.0158
2014-01-08,隆鑫通用,sh603766,9.51,9.05,9.1,9.38,9.0,9.5339775,8922075,0.0,0.0,0.0,0.0511,0.0307
2014-01-09,隆鑫通用,sh603766,9.45,9.01,9.36,9.04,9.38,9.188399,4456699,0.0,0.0,0.0,0.0469,-0.0341
2014-01-10,隆鑫通用,sh603766,9.11,8.77,9.05,8.86,9.04,9.00544,4937443,0.0,0.0,0.0,0.0376,-0.0209
2014-01-13,隆鑫通用,sh603766,8.96,8.71,8.81,8.89,8.86,9.035933,2636458,0.0,0.0,0.0,0.0282,0.009
2014-01-14,隆鑫通用,sh603766,9.13,8.84,8.9,9.12,8.89,9.26971,3084229,0.0,0.0,0.0,0.0326,0.0247
2014-01-15,隆鑫通用,sh603766,9.16,9.03,9.16,9.14,9.12,9.290038,2114621,0.0,0.0,0.0,0.0142,-0.0021
2014-01-16,隆鑫通用,sh603766,9.33,9.05,9.13,9.27,9.14,9.422171,3460198,0.0,0.0,0.0,0.0306,0.0153
2014-01-17,隆鑫通用,sh603766,9.3,9.13,9.3,9.18,9.27,9.33069,2619742,0.0,0.0,0.0,0.0183,-0.0129
2014-01-20,隆鑫通用,sh603766,9.25,9.0,9.13,9.13,9.18,9.279866,3471571,0.0,0.0,0.0,0.0272,0.0
2014-01-21,隆鑫通用,sh603766,9.43,9.1,9.12,9.34,9.13,9.493313,5008505,0.0,0.0,0.0,0.0361,0.0241
2014-01-22,隆鑫通用,sh603766,9.54,9.3,9.37,9.52,9.34,9.676268,6820858,0.0,0.0,0.0,0.0256,0.016
2014-01-23,隆鑫通用,sh603766,9.55,9.38,9.55,9.41,9.52,9.564459,5676574,0.0,0.0,0.0,0.0178,-0.0146
2014-01-24,隆鑫通用,sh603766,10.0,9.35,9.41,9.9,9.41,10.062499,11725729,0.0,0.0,0.0,0.069,0.052
2014-01-27,隆鑫通用,sh603766,9.82,9.58,9.78,9.61,9.9,9.767738,8909985,0.0,0.0,0.0,0.0242,-0.0173
2014-01-28,隆鑫通用,sh603766,9.86,9.56,9.62,9.58,9.61,9.737244,5762950,0.0,0.0,0.0,0.0312,-0.0041
2014-01-29,隆鑫通用,sh603766,9.68,9.44,9.58,9.57,9.58,9.7270775,6273934,0.0,0.0,0.0,0.025,-0.001
2014-01-30,隆鑫通用,sh603766,9.76,9.52,9.6,9.62,9.57,9.777902,4273550,0.0,0.0,0.0,0.025,0.002
2014-02-07,隆鑫通用,sh603766,9.68,9.43,9.5,9.65,9.62,9.808399,3801356,0.0,0.0,0.0,0.0259,0.0157
2014-02-10,隆鑫通用,sh603766,10.0,9.59,9.61,10.0,9.65,10.16414,10333978,0.0,0.0,0.0,0.0424,0.0405
2014-02-11,隆鑫通用,sh603766,10.44,9.91,9.95,10.19,10.0,10.357259,14305536,0.0,0.0,0.0,0.0529,0.0241
2014-02-12,隆鑫通用,sh603766,10.45,10.07,10.23,10.43,10.19,10.601203,10345565,0.0,0.0,0.0,0.0372,0.0195
2014-02-13,隆鑫通用,sh603766,10.55,10.1,10.35,10.15,10.43,10.316603,13391939,0.0,0.0,0.0,0.0431,-0.0193
2014-02-14,隆鑫通用,sh603766,10.75,10.12,10.12,10.56,10.15,10.733332,14494781,0.0,0.0,0.0,0.062,0.0434
2014-02-17,隆鑫通用,sh603766,10.7,10.44,10.52,10.67,10.56,10.84514,13868730,0.0,0.0,0.0,0.0246,0.0142
2014-02-18,隆鑫通用,sh603766,11.1,10.61,10.7,11.01,10.67,11.1907215,20602037,0.0,0.0,0.0,0.0459,0.0289
2014-02-19,隆鑫通用,sh603766,11.1,10.74,10.9,10.92,11.01,11.099248,15806769,0.0,0.0,0.0,0.0326,0.0018
2014-02-20,隆鑫通用,sh603766,10.99,10.52,10.95,10.68,10.92,10.8553095,13403536,0.0,0.0,0.0,0.043,-0.0246
2014-02-21,隆鑫通用,sh603766,10.96,10.29,10.58,10.92,10.68,11.09925,13789664,0.0,0.0,0.0,0.0627,0.0321
2014-02-24,隆鑫通用,sh603766,10.79,10.29,10.79,10.3,10.92,10.469068,15601893,0.0,0.0,0.0,0.0457,-0.0454
2014-02-25,隆鑫通用,sh603766,10.48,9.84,10.23,9.97,10.3,10.133649,10420619,0.0,0.0,0.0,0.0621,-0.0254
2014-02-26,隆鑫通用,sh603766,10.16,9.82,9.91,10.11,9.97,10.275946,5626376,0.0,0.0,0.0,0.0341,0.0201
2014-02-27,隆鑫通用,sh603766,10.34,9.85,10.15,9.87,10.11,10.032005,6026002,0.0,0.0,0.0,0.0484,-0.0275
2014-02-28,隆鑫通用,sh603766,10.03,9.83,9.86,9.98,9.87,10.143812,4754226,0.0,0.0,0.0,0.0202,0.0121
2014-03-03,隆鑫通用,sh603766,10.4,10.02,10.02,10.34,9.98,10.509719,7367652,0.0,0.0,0.0,0.038,0.0319
2014-03-04,隆鑫通用,sh603766,10.45,10.15,10.32,10.24,10.34,10.40808,6679790,0.0,0.0,0.0,0.029,-0.0077
2014-03-05,隆鑫通用,sh603766,10.37,10.12,10.25,10.25,10.24,10.418248,4067559,0.0,0.0,0.0,0.0244,0.0
2014-03-06,隆鑫通用,sh603766,10.29,9.74,10.2,9.81,10.25,9.9710245,9332981,0.0,0.0,0.0,0.0536,-0.0382
2014-03-07,隆鑫通用,sh603766,9.96,9.76,9.81,9.84,9.81,10.001515,3705777,0.0,0.0,0.0,0.0203,0.003
2014-03-10,隆鑫通用,sh603766,9.8,9.0,9.76,9.2,9.84,9.351007,8014036,0.0,0.0,0.0,0.0813,-0.0573
2014-03-11,隆鑫通用,sh603766,9.29,9.12,9.2,9.25,9.2,9.40183,2763036,0.0,0.0,0.0,0.0184,0.0054
2014-03-12,隆鑫通用,sh603766,9.37,9.15,9.25,9.31,9.25,9.4628105,3988228,0.0,0.0,0.0,0.0237,0.0064
2014-03-13,隆鑫通用,sh603766,9.47,9.31,9.31,9.35,9.31,9.503463,2840662,0.0,0.0,0.0,0.0171,0.0042
2014-03-14,隆鑫通用,sh603766,9.39,9.22,9.34,9.27,9.35,9.422151,1974735,0.0,0.0,0.0,0.0181,-0.0074
2014-03-17,隆鑫通用,sh603766,9.55,9.26,9.26,9.53,9.27,9.686414,3273901,0.0,0.0,0.0,0.0312,0.0291
2014-03-18,隆鑫通用,sh603766,9.59,9.39,9.59,9.45,9.53,9.605097,4844648,0.0,0.0,0.0,0.0209,-0.0145
2014-03-19,隆鑫通用,sh603766,9.45,9.13,9.4,9.22,9.45,9.371318,4429467,0.0,0.0,0.0,0.0338,-0.0191
2014-03-20,隆鑫通用,sh603766,9.34,9.1,9.18,9.12,9.22,9.269676,4185570,0.0,0.0,0.0,0.026,-0.0065
2014-03-21,隆鑫通用,sh603766,9.36,9.01,9.08,9.36,9.12,9.5136175,3906708,0.0,0.0,0.0,0.0383,0.0308
2014-03-24,隆鑫通用,sh603766,9.48,9.32,9.37,9.38,9.36,9.533948,4720370,0.0,0.0,0.0,0.017,0.001
2014-03-25,隆鑫通用,sh603766,9.52,9.29,9.36,9.47,9.38,9.625426,3458185,0.0,0.0,0.0,0.0245,0.0117
2014-03-26,隆鑫通用,sh603766,9.55,9.34,9.45,9.46,9.47,9.615262,3832322,0.0,0.0,0.0,0.0221,0.001
2014-03-27,隆鑫通用,sh603766,9.61,9.18,9.48,9.2,9.46,9.350996,7690128,0.0,0.0,0.0,0.0454,-0.0295
2014-03-28,隆鑫通用,sh603766,9.26,8.8,9.16,8.87,9.2,9.015575,8506094,0.0,0.0,0.0,0.0499,-0.0316
2014-03-31,隆鑫通用,sh603766,8.91,8.53,8.86,8.6,8.87,8.741141,7420839,0.0,0.0,0.0,0.0428,-0.0293
2014-04-01,隆鑫通用,sh603766,8.81,8.6,8.6,8.8,8.6,8.944426,3658245,0.0,0.0,0.0,0.0244,0.0232
2014-04-02,隆鑫通用,sh603766,8.82,8.74,8.81,8.77,8.8,8.913934,2505979,0.0,0.0,0.0,0.009,-0.0045
2014-04-03,隆鑫通用,sh603766,8.97,8.81,8.9,8.86,8.77,9.005409,3509615,0.0,0.0,0.0,0.0182,-0.0044
2014-04-04,隆鑫通用,sh603766,9.16,8.78,8.78,9.09,8.86,9.239181,4631775,0.0,0.0,0.0,0.0428,0.0353
2014-04-08,隆鑫通用,sh603766,9.44,9.09,9.09,9.4,9.09,9.554264,6544684,0.0,0.0,0.0,0.0385,0.0341
2014-04-09,隆鑫通用,sh603766,9.46,9.31,9.44,9.37,9.4,9.523776,3861728,0.0,0.0,0.0,0.0159,-0.0074
2014-04-10,隆鑫通用,sh603766,9.48,9.32,9.4,9.36,9.37,9.513615,3678279,0.0,0.0,0.0,0.017,-0.0042
2014-04-11,隆鑫通用,sh603766,9.64,9.36,9.36,9.55,9.36,9.706732,6275208,0.0,0.0,0.0,0.0299,0.0202
2014-04-14,隆鑫通用,sh603766,9.6,9.24,9.56,9.4,9.55,9.554268,5269997,0.0,0.0,0.0,0.0376,-0.0167
2014-04-15,隆鑫通用,sh603766,9.47,9.31,9.4,9.33,9.4,9.483117,2779845,0.0,0.0,0.0,0.017,-0.0074
2014-04-16,隆鑫通用,sh603766,9.95,9.29,9.3,9.76,9.33,9.920175,13422088,0.0,0.0,0.0,0.0707,0.0494
2014-04-17,隆鑫通用,sh603766,9.94,9.69,9.8,9.87,9.76,10.031976,9601423,0.0,0.0,0.0,0.0256,0.0071
2014-04-18,隆鑫通用,sh603766,9.88,9.57,9.88,9.82,9.87,9.9811535,7913997,0.0,0.0,0.0,0.0314,-0.006
2014-04-21,隆鑫通用,sh603766,9.86,9.55,9.75,9.56,9.82,9.716883,5053598,0.0,0.0,0.0,0.0315,-0.0194
2014-04-22,隆鑫通用,sh603766,9.62,9.22,9.52,9.42,9.56,9.574589,5854901,0.0,0.0,0.0,0.0418,-0.0105
2014-04-23,隆鑫通用,sh603766,9.49,9.18,9.38,9.19,9.42,9.340816,5332446,0.0,0.0,0.0,0.0329,-0.0202
2014-04-24,隆鑫通用,sh603766,9.3,9.15,9.19,9.18,9.19,9.330652,3727454,0.0,0.0,0.0,0.0163,-0.001
2014-04-25,隆鑫通用,sh603766,9.25,8.9,9.17,9.03,9.18,9.178189,3576872,0.0,0.0,0.0,0.0381,-0.0152
2014-04-28,隆鑫通用,sh603766,8.89,8.62,8.89,8.67,9.03,9.023693,2742372,0.0,0.0,0.0,0.0299,-0.0247
2014-04-29,隆鑫通用,sh603766,8.9,8.63,8.65,8.88,8.67,9.242256,2646079,0.0,0.0,0.0,0.0311,0.0265
2014-04-30,隆鑫通用,sh603766,8.97,8.86,8.86,8.9,8.88,9.263069,1573910,0.0,0.0,0.0,0.0123,0.0045
2014-05-05,隆鑫通用,sh603766,9.04,8.92,8.92,9.03,8.9,9.3983755,1980687,0.0,0.0,0.0,0.0134,0.0123
2014-05-06,隆鑫通用,sh603766,9.09,8.92,9.04,8.97,9.03,9.335923,2298998,0.0,0.0,0.0,0.0188,-0.0077
2014-05-07,隆鑫通用,sh603766,8.97,8.75,8.97,8.79,8.97,9.148579,2348335,0.0,0.0,0.0,0.0245,-0.02
2014-05-08,隆鑫通用,sh603766,8.92,8.73,8.78,8.77,8.79,9.127766,1641311,0.0,0.0,0.0,0.0216,-0.0011
2014-05-09,隆鑫通用,sh603766,8.89,8.7,8.77,8.8,8.77,9.158992,1750867,0.0,0.0,0.0,0.0216,0.0034
2014-05-12,隆鑫通用,sh603766,9.11,8.81,8.91,9.07,8.8,9.440008,3511196,0.0,0.0,0.0,0.034,0.0179
2014-05-13,隆鑫通用,sh603766,9.1,8.95,9.08,9.01,9.07,9.3775625,2545603,0.0,0.0,0.0,0.0165,-0.0077
2014-05-14,隆鑫通用,sh603766,9.06,8.94,9.05,9.0,9.01,9.367153,1273644,0.0,0.0,0.0,0.0133,-0.0055
2014-05-15,隆鑫通用,sh603766,8.96,8.53,8.96,8.56,9.0,8.909203,4169527,0.0,0.0,0.0,0.0477,-0.0446
2014-05-16,隆鑫通用,sh603766,8.6,8.3,8.56,8.42,8.56,8.763493,3390337,0.0,0.0,0.0,0.035,-0.0163
2014-05-19,隆鑫通用,sh603766,8.49,8.24,8.4,8.48,8.42,8.825941,3013458,0.0,0.0,0.0,0.0296,0.0095
2014-05-20,隆鑫通用,sh603766,8.6,8.4,8.5,8.43,8.48,8.773904,1885857,0.0,0.0,0.0,0.0235,-0.0082
2014-05-21,隆鑫通用,sh603766,8.59,8.33,8.4,8.55,8.43,8.8988,2831033,0.0,0.0,0.0,0.0308,0.0178
2014-05-22,隆鑫通用,sh603766,8.65,8.4,8.55,8.48,8.55,8.825946,3575349,0.0,0.0,0.0,0.0292,-0.0081
2014-05-23,隆鑫通用,sh603766,8.54,8.3,8.47,8.52,8.48,8.867578,4140032,0.0,0.0,0.0,0.0283,0.0059
2014-05-26,隆鑫通用,sh603766,8.63,8.48,8.54,8.6,8.52,8.950844,3257473,0.0,0.0,0.0,0.0176,0.007
2014-05-27,隆鑫通用,sh603766,8.72,8.53,8.59,8.59,8.6,8.940434,4231265,0.0,0.0,0.0,0.022,0.0
2014-05-28,隆鑫通用,sh603766,8.67,8.49,8.55,8.66,8.59,9.01329,2619157,0.0,0.0,0.0,0.0209,0.0128
2014-05-29,隆鑫通用,sh603766,8.71,8.58,8.65,8.6,8.66,8.950846,1691475,0.0,0.0,0.0,0.015,-0.0057
2014-05-30,隆鑫通用,sh603766,8.8,8.55,8.59,8.72,8.6,9.075737,2901097,0.0,0.0,0.0,0.029,0.0151
2014-06-03,隆鑫通用,sh603766,8.78,8.6,8.75,8.61,8.72,8.9612465,1852930,0.0,0.0,0.0,0.0206,-0.016
2014-06-04,隆鑫通用,sh603766,8.65,8.38,8.65,8.4,8.61,8.7426815,2137800,0.0,0.0,0.0,0.0313,-0.0289
2014-06-05,隆鑫通用,sh603766,8.52,8.37,8.41,8.49,8.4,8.836351,2228886,0.0,0.0,0.0,0.0178,0.0095
2014-06-06,隆鑫通用,sh603766,8.55,8.4,8.49,8.5,8.49,8.84676,2398783,0.0,0.0,0.0,0.0176,0.0011
2014-06-09,隆鑫通用,sh603766,8.54,8.35,8.5,8.37,8.5,8.711458,2058945,0.0,0.0,0.0,0.0223,-0.0152
2014-06-10,隆鑫通用,sh603766,8.52,8.35,8.37,8.52,8.37,8.867576,2421672,0.0,0.0,0.0,0.0203,0.0179
2014-06-11,隆鑫通用,sh603766,8.58,8.43,8.53,8.48,8.52,8.825943,2245952,0.0,0.0,0.0,0.0176,-0.0058
2014-06-12,隆鑫通用,sh603766,8.57,8.46,8.48,8.53,8.48,8.87798,2061210,0.0,0.0,0.0,0.0129,0.0058
2014-06-13,隆鑫通用,sh603766,8.85,8.51,8.53,8.79,8.53,9.14859,4303629,0.0,0.0,0.0,0.0398,0.0304
2014-06-16,隆鑫通用,sh603766,8.85,8.7,8.82,8.82,8.79,9.179814,2444554,0.0,0.0,0.0,0.017,0.0
2014-06-17,隆鑫通用,sh603766,8.81,8.65,8.79,8.71,8.82,9.065324,2094777,0.0,0.0,0.0,0.0181,-0.0091
2014-06-18,隆鑫通用,sh603766,8.75,8.6,8.75,8.63,8.71,8.982059,1621258,0.0,0.0,0.0,0.0172,-0.0137
2014-06-19,隆鑫通用,sh603766,8.67,8.31,8.65,8.4,8.63,8.742678,2350572,0.0,0.0,0.0,0.0417,-0.0289
2014-06-20,隆鑫通用,sh603766,8.45,8.32,8.41,8.42,8.4,8.7634945,1729099,0.0,0.0,0.0,0.0154,0.0011
2014-06-23,隆鑫通用,sh603766,8.45,8.34,8.45,8.38,8.42,8.721859,3155471,0.0,0.0,0.0,0.013,-0.0082
2014-06-24,隆鑫通用,sh603766,8.63,8.34,8.34,8.62,8.38,8.971653,3269226,0.0,0.0,0.0,0.0346,0.0335
2014-06-25,隆鑫通用,sh603766,8.62,8.47,8.56,8.5,8.62,8.846758,2482063,0.0,0.0,0.0,0.0174,-0.007
2014-06-26,隆鑫通用,sh603766,8.73,8.47,8.52,8.68,8.5,9.034098,3177810,0.0,0.0,0.0,0.0305,0.0187
2014-06-27,隆鑫通用,sh603766,8.84,8.59,8.67,8.78,8.68,9.138179,4978238,0.0,0.0,0.0,0.0288,0.0126
2014-06-30,隆鑫通用,sh603766,8.89,8.72,8.84,8.84,8.78,9.200629,4017907,0.0,0.0,0.0,0.0193,0.0
2014-07-01,隆鑫通用,sh603766,9.1,8.8,8.8,8.98,8.84,9.34634,6457930,0.0,0.0,0.0,0.0339,0.0204
2014-07-02,隆鑫通用,sh603766,9.27,8.96,8.98,9.17,8.98,9.544089,7306714,0.0,0.0,0.0,0.0345,0.0211
2014-07-03,隆鑫通用,sh603766,9.63,9.2,9.2,9.44,9.17,9.825106,18463217,0.0,0.0,0.0,0.0468,0.026
2014-07-04,隆鑫通用,sh603766,9.62,9.38,9.49,9.42,9.44,9.804286,8856752,0.0,0.0,0.0,0.0254,-0.0073
2014-07-07,隆鑫通用,sh603766,9.53,9.29,9.45,9.49,9.42,9.877142,6168086,0.0,0.0,0.0,0.0254,0.0042
2014-07-08,隆鑫通用,sh603766,10.3,9.48,9.5,10.01,9.49,10.41836,21609181,0.0,0.0,0.0,0.0864,0.0536
2014-07-09,隆鑫通用,sh603766,10.33,9.89,9.99,10.12,10.01,10.532847,23708265,0.0,0.0,0.0,0.0439,0.013
2014-07-10,隆鑫通用,sh603766,10.2,9.85,10.05,9.87,10.12,10.272644,11685656,0.0,0.0,0.0,0.0345,-0.0179
2014-07-11,隆鑫通用,sh603766,10.33,9.75,9.94,10.15,9.87,10.564069,10656691,0.0,0.0,0.0,0.0587,0.0211
2014-07-14,隆鑫通用,sh603766,10.92,10.1,10.1,10.87,10.15,11.313441,21550214,0.0,0.0,0.0,0.0807,0.0762
2014-07-15,隆鑫通用,sh603766,10.95,10.55,10.61,10.84,10.87,11.282216,15761462,0.0,0.0,0.0,0.0367,0.0216
2014-07-16,隆鑫通用,sh603766,10.86,10.5,10.75,10.56,10.84,10.990797,9526553,0.0,0.0,0.0,0.0332,-0.0176
2014-07-17,隆鑫通用,sh603766,10.66,10.01,10.61,10.2,10.56,10.61611,10748117,0.0,0.0,0.0,0.0615,-0.0386
2014-07-18,隆鑫通用,sh603766,11.22,10.15,10.15,11.01,10.2,11.459156,39014332,0.0,0.0,0.0,0.1049,0.0847
2014-07-21,隆鑫通用,sh603766,11.09,10.66,10.8,10.89,11.01,11.334263,16518445,0.0,0.0,0.0,0.039,0.0083
2014-07-22,隆鑫通用,sh603766,11.55,10.73,10.73,11.3,10.89,11.760986,24081085,0.0,0.0,0.0,0.0752,0.0531
2014-07-23,隆鑫通用,sh603766,11.4,10.92,11.21,11.01,11.3,11.459152,9426809,0.0,0.0,0.0,0.0424,-0.0178
2014-07-24,隆鑫通用,sh603766,11.2,10.68,11.1,11.04,11.01,11.490378,9976471,0.0,0.0,0.0,0.0472,-0.0054
2014-07-25,隆鑫通用,sh603766,11.3,10.9,11.05,11.05,11.04,11.500789,6456602,0.0,0.0,0.0,0.0362,0.0
2014-07-28,隆鑫通用,sh603766,11.1,10.81,11.1,10.98,11.05,11.427931,9457683,0.0,0.0,0.0,0.0262,-0.0108
2014-07-29,隆鑫通用,sh603766,11.26,10.71,10.96,10.97,10.98,11.4175205,12141889,0.0,0.0,0.0,0.05,9.0E-4
2014-07-30,隆鑫通用,sh603766,11.61,10.81,10.9,11.53,10.97,12.000362,14716670,0.0,0.0,0.0,0.0729,0.0577
2014-07-31,隆鑫通用,sh603766,12.2,11.36,11.38,11.79,11.53,12.27097,17275606,0.0,0.0,0.0,0.0728,0.036
2014-08-01,隆鑫通用,sh603766,12.02,11.56,11.79,11.73,11.79,12.208523,6473946,0.0,0.0,0.0,0.039,-0.005
2014-08-04,隆鑫通用,sh603766,11.96,11.64,11.7,11.76,11.73,12.239753,5835323,0.0,0.0,0.0,0.0272,0.0051
2014-08-05,隆鑫通用,sh603766,11.75,11.34,11.75,11.53,11.76,12.000367,9352804,0.0,0.0,0.0,0.0348,-0.0187
2014-08-06,隆鑫通用,sh603766,11.62,11.29,11.48,11.53,11.53,12.000367,12377047,0.0,0.0,0.0,0.0286,0.0043
2014-08-07,隆鑫通用,sh603766,11.59,11.34,11.56,11.45,11.53,11.917109,4230304,0.0,0.0,0.0,0.0216,-0.0095
2014-08-08,隆鑫通用,sh603766,11.59,11.41,11.41,11.53,11.45,12.000374,3359673,0.0,0.0,0.0,0.0157,0.0105
2014-08-11,隆鑫通用,sh603766,12.15,11.55,11.55,12.0,11.53,12.489545,10319942,0.0,0.0,0.0,0.052,0.0389
2014-08-12,隆鑫通用,sh603766,11.99,11.72,11.99,11.83,12.0,12.312606,5171699,0.0,0.0,0.0,0.0224,-0.0133
2014-08-13,隆鑫通用,sh603766,11.95,11.3,11.78,11.45,11.83,11.9171,9851948,0.0,0.0,0.0,0.0549,-0.028
2014-08-14,隆鑫通用,sh603766,11.78,11.35,11.45,11.4,11.45,11.865058,7619356,0.0,0.0,0.0,0.0375,-0.0043
2014-08-15,隆鑫通用,sh603766,11.6,11.33,11.4,11.53,11.4,12.000367,4238951,0.0,0.0,0.0,0.0236,0.0114
2014-08-18,隆鑫通用,sh603766,11.68,11.3,11.55,11.59,11.53,12.062818,7040667,0.0,0.0,0.0,0.0329,0.0034
2014-08-19,隆鑫通用,sh603766,12.2,11.53,11.61,12.12,11.59,12.614438,16342470,0.0,0.0,0.0,0.0578,0.0439
2014-08-20,隆鑫通用,sh603766,12.11,11.9,12.01,12.02,12.12,12.510356,5521749,0.0,0.0,0.0,0.0173,8.0E-4
2014-08-21,隆鑫通用,sh603766,12.17,11.68,12.05,11.88,12.02,12.364648,9277706,0.0,0.0,0.0,0.0407,-0.0141
2014-08-22,隆鑫通用,sh603766,12.4,11.76,11.81,12.32,11.88,12.8225975,8537532,0.0,0.0,0.0,0.0538,0.0431
2014-08-25,隆鑫通用,sh603766,13.5,12.5,13.11,12.53,12.32,13.041159,21323748,0.0,0.0,0.0,0.0811,-0.0442
2014-08-26,隆鑫通用,sh603766,13.35,12.2,12.25,12.89,12.53,13.415844,18527559,0.0,0.0,0.0,0.0917,0.0522
2014-08-27,隆鑫通用,sh603766,13.82,12.74,12.81,13.44,12.89,13.988285,18328205,0.0,0.0,0.0,0.0837,0.0491
2014-08-28,隆鑫通用,sh603766,13.7,13.19,13.6,13.23,13.44,13.769718,7554142,0.0,0.0,0.0,0.0379,-0.0272
2014-08-29,隆鑫通用,sh603766,13.49,13.08,13.18,13.41,13.23,13.957055,6998550,0.0,0.0,0.0,0.0309,0.0174
2014-09-01,隆鑫通用,sh603766,13.53,12.96,13.47,13.28,13.41,13.821755,12388450,0.0,0.0,0.0,0.0425,-0.0141
2014-09-02,隆鑫通用,sh603766,13.35,12.95,13.22,13.29,13.28,13.832163,17395541,0.0,0.0,0.0,0.0301,0.0052
2014-09-03,隆鑫通用,sh603766,13.87,13.28,13.38,13.6,13.29,14.154812,14989772,0.0,0.0,0.0,0.0443,0.0164
2014-09-04,隆鑫通用,sh603766,13.75,13.35,13.6,13.43,13.6,13.977877,15855084,0.0,0.0,0.0,0.0294,-0.0124
2014-09-05,隆鑫通用,sh603766,13.44,13.06,13.38,13.16,13.43,13.696865,18078623,0.0,0.0,0.0,0.0282,-0.0164
2014-09-09,隆鑫通用,sh603766,13.28,13.01,13.23,13.24,13.16,13.7801285,11242271,0.0,0.0,0.0,0.0205,7.0E-4
2014-09-10,隆鑫通用,sh603766,13.42,13.02,13.2,13.38,13.24,13.925839,12897864,0.0,0.0,0.0,0.0302,0.0136
2014-09-11,隆鑫通用,sh603766,13.77,13.08,13.34,13.17,13.38,13.7072735,17405412,0.0,0.0,0.0,0.0515,-0.0127
2014-09-12,隆鑫通用,sh603766,13.33,12.93,13.24,13.22,13.17,13.75932,14964455,0.0,0.0,0.0,0.0303,-0.0015
2014-09-15,隆鑫通用,sh603766,14.39,13.4,13.4,14.09,13.22,14.664807,24858626,0.0,0.0,0.0,0.0748,0.0514
2014-09-16,隆鑫通用,sh603766,14.19,13.1,14.19,13.15,14.09,13.68646,18774910,0.0,0.0,0.0,0.0773,-0.0732
2014-09-17,隆鑫通用,sh603766,14.05,13.21,13.21,13.99,13.15,14.560723,21621750,0.0,0.0,0.0,0.0638,0.059
2014-09-18,隆鑫通用,sh603766,14.43,13.78,13.96,13.91,13.99,14.477465,17960214,0.0,0.0,0.0,0.0464,-0.0035
2014-09-19,隆鑫通用,sh603766,14.43,13.84,13.9,14.28,13.91,14.862565,19390376,0.0,0.0,0.0,0.0424,0.0273
2014-09-22,隆鑫通用,sh603766,14.62,13.96,14.27,14.38,14.28,14.966648,18530814,0.0,0.0,0.0,0.0462,0.0077
2014-09-23,隆鑫通用,sh603766,14.67,14.2,14.3,14.62,14.38,15.216441,12457114,0.0,0.0,0.0,0.0326,0.0223
2014-09-24,隆鑫通用,sh603766,14.77,14.39,14.51,14.58,14.62,15.174809,13991761,0.0,0.0,0.0,0.0259,0.0048
2014-09-25,隆鑫通用,sh603766,15.1,14.6,14.7,14.72,14.58,15.320518,13946193,0.0,0.0,0.0,0.0342,0.0013
2014-09-26,隆鑫通用,sh603766,15.7,14.7,14.83,15.64,14.72,16.27805,21531673,0.0,0.0,0.0,0.0679,0.0546
2014-09-29,隆鑫通用,sh603766,16.98,15.7,15.71,16.82,15.64,17.506197,19329873,0.0,0.0,0.0,0.0818,0.0706
2014-09-30,隆鑫通用,sh603766,16.86,16.36,16.6,16.81,16.82,17.49578,14410079,0.0,0.0,0.0,0.0297,0.0126
2014-10-08,隆鑫通用,sh603766,17.17,16.33,16.8,16.79,16.81,17.47496,13079154,0.0,0.0,0.0,0.0499,-5.0E-4
2014-10-09,隆鑫通用,sh603766,16.89,16.33,16.85,16.62,16.79,17.298027,13751693,0.0,0.0,0.0,0.0333,-0.0136
2014-10-10,隆鑫通用,sh603766,18.0,16.41,16.6,17.58,16.62,18.297195,16673320,0.0,0.0,0.0,0.0956,0.059
2014-10-13,隆鑫通用,sh603766,18.45,17.0,17.0,18.27,17.58,19.01534,17790486,0.0,0.0,0.0,0.0824,0.0747
2014-10-14,隆鑫通用,sh603766,18.81,17.35,18.02,17.78,18.27,18.50535,18764394,0.0,0.0,0.0,0.0799,-0.0133
2014-10-15,隆鑫通用,sh603766,17.95,17.23,17.6,17.4,17.78,18.109854,13930696,0.0,0.0,0.0,0.0404,-0.0113
2014-10-16,隆鑫通用,sh603766,17.22,16.22,17.2,16.38,17.4,17.048235,20506110,0.0,0.0,0.0,0.0574,-0.0476
2014-10-17,隆鑫通用,sh603766,16.9,16.26,16.34,16.62,16.38,17.298027,13015269,0.0,0.0,0.0,0.039,0.0171
2014-10-20,隆鑫通用,sh603766,17.37,16.42,16.58,17.34,16.62,18.047394,12135635,0.0,0.0,0.0,0.0571,0.0458
2014-10-21,隆鑫通用,sh603766,17.94,16.71,17.29,16.83,17.34,17.516584,13353350,0.0,0.0,0.0,0.0709,-0.0266
2014-10-22,隆鑫通用,sh603766,16.85,15.42,16.8,15.61,16.83,16.246807,27702172,0.0,0.0,0.0,0.0849,-0.0708
2014-10-23,隆鑫通用,sh603766,15.78,14.86,15.3,15.76,15.61,16.402924,17188904,0.0,0.0,0.0,0.0589,0.03
2014-10-24,隆鑫通用,sh603766,15.93,15.31,15.68,15.34,15.76,15.965785,8070233,0.0,0.0,0.0,0.0393,-0.0216
2014-10-27,隆鑫通用,sh603766,16.19,15.3,15.69,15.86,15.34,16.506992,13013239,0.0,0.0,0.0,0.058,0.0108
2014-10-28,隆鑫通用,sh603766,16.22,15.61,15.89,16.18,15.86,16.840055,12681034,0.0,0.0,0.0,0.0384,0.0182
2014-10-29,隆鑫通用,sh603766,17.05,16.1,16.3,16.78,16.18,17.464535,14060794,0.0,0.0,0.0,0.0587,0.0294
2014-10-30,隆鑫通用,sh603766,17.02,16.44,16.85,16.53,16.78,17.20433,12255490,0.0,0.0,0.0,0.0345,-0.0189
2014-10-31,隆鑫通用,sh603766,16.84,16.0,16.58,16.34,16.53,17.006584,11414898,0.0,0.0,0.0,0.0508,-0.0144
2014-11-03,隆鑫通用,sh603766,16.89,16.43,16.43,16.55,16.34,17.225153,9355074,0.0,0.0,0.0,0.0281,0.0073
2014-11-04,隆鑫通用,sh603766,16.93,16.44,16.54,16.7,16.55,17.381264,11055657,0.0,0.0,0.0,0.0296,0.0096
2014-11-05,隆鑫通用,sh603766,16.87,16.41,16.63,16.64,16.7,17.318813,8770765,0.0,0.0,0.0,0.0275,6.0E-4
2014-11-06,隆鑫通用,sh603766,17.38,16.57,16.7,17.3,16.64,18.00573,19829214,0.0,0.0,0.0,0.0486,0.0359
2014-11-07,隆鑫通用,sh603766,17.95,17.03,17.37,17.4,17.3,18.109802,23256472,0.0,0.0,0.0,0.0531,0.0017
2014-11-10,隆鑫通用,sh603766,17.75,17.11,17.59,17.44,17.4,18.151436,13026339,0.0,0.0,0.0,0.0367,-0.0085
2014-11-11,隆鑫通用,sh603766,17.58,16.01,17.5,16.05,17.44,16.704731,16517332,0.0,0.0,0.0,0.09,-0.0828
2014-11-12,隆鑫通用,sh603766,16.3,15.57,16.24,15.86,16.05,16.50698,15465217,0.0,0.0,0.0,0.0454,-0.0233
2014-11-13,隆鑫通用,sh603766,16.55,15.45,15.89,16.48,15.86,17.152271,16555758,0.0,0.0,0.0,0.0693,0.0371
2014-12-19,隆鑫通用,sh603766,17.03,14.83,17.03,15.41,16.48,16.038626,47679840,0.0,0.0,0.0,0.1334,-0.0951
2014-12-22,隆鑫通用,sh603766,15.0,13.87,15.0,13.87,15.41,14.435805,26096682,0.0,0.0,0.0,0.0733,-0.0753
2014-12-23,隆鑫通用,sh603766,14.35,13.19,13.19,13.51,13.87,14.061124,17554541,0.0,0.0,0.0,0.0836,0.0242
2014-12-24,隆鑫通用,sh603766,14.8,14.0,14.8,14.23,13.51,14.810498,20313788,0.0,0.0,0.0,0.0592,-0.0385
2014-12-25,隆鑫通用,sh603766,14.66,14.3,14.33,14.45,14.23,15.039468,9997658,0.0,0.0,0.0,0.0252,0.0083
2014-12-26,隆鑫通用,sh603766,14.62,14.0,14.5,14.36,14.45,14.945803,11655047,0.0,0.0,0.0,0.0429,-0.0096
2014-12-29,隆鑫通用,sh603766,14.3,13.39,14.3,13.5,14.36,14.050714,19880804,0.0,0.0,0.0,0.0633,-0.0559
2014-12-30,隆鑫通用,sh603766,13.64,12.82,13.5,13.02,13.5,13.5511265,17410732,0.0,0.0,0.0,0.0607,-0.0355
2014-12-31,隆鑫通用,sh603766,13.55,12.88,13.15,13.44,13.02,13.988258,15693766,0.0,0.0,0.0,0.0514,0.022
2015-01-01,隆鑫通用,sh603766,13.44,13.44,13.44,13.44,13.44,13.29,0,0.0,0.0,0.0,0.0,0.0
2015-01-02,隆鑫通用,sh603766,13.44,13.44,13.44,13.44,13.44,13.29,0,0.0,0.0,0.0,0.0,0.0
2015-01-05,隆鑫通用,sh603766,13.93,13.52,13.68,13.8,13.44,13.65,116351,0.0,0.0,0.0,0.0305,0.0087
2015-01-06,隆鑫通用,sh603766,14.64,14.05,14.28,14.63,13.8,14.47,205590,0.0,0.0,0.0,0.0427,0.0245
2015-01-07,隆鑫通用,sh603766,14.59,14.27,14.39,14.38,14.63,14.22,113550,0.0,0.0,0.0,0.0218,-6.0E-4
2015-01-08,隆鑫通用,sh603766,14.59,14.21,14.33,14.3,14.38,14.14,83295,0.0,0.0,0.0,0.0264,-0.002
2015-01-09,隆鑫通用,sh603766,14.4,14.0,14.31,14.0,14.3,13.85,96729,0.0,0.0,0.0,0.0279,-0.0216
2015-01-12,隆鑫通用,sh603766,13.85,13.22,13.85,13.42,14.0,13.27,106047,0.0,0.0,0.0,0.0449,-0.031
2015-01-13,隆鑫通用,sh603766,14.07,13.32,13.47,13.97,13.42,13.82,90795,0.0,0.0,0.0,0.0558,0.0371
2015-01-14,隆鑫通用,sh603766,14.44,13.89,13.99,14.08,13.97,13.93,95724,0.0,0.0,0.0,0.0393,0.0064
2015-01-15,隆鑫通用,sh603766,14.72,14.17,14.17,14.59,14.08,14.43,179120,0.0,0.0,0.0,0.039,0.0296
2015-01-16,隆鑫通用,sh603766,14.87,14.36,14.59,14.62,14.59,14.46,123705,0.0,0.0,0.0,0.0349,0.002
2015-01-19,隆鑫通用,sh603766,14.7,13.9,14.0,14.09,14.62,13.94,117689,0.0,0.0,0.0,0.0547,0.0064
2015-01-20,隆鑫通用,sh603766,14.86,14.22,14.22,14.83,14.09,14.67,128157,0.0,0.0,0.0,0.0454,0.0428
2015-01-21,隆鑫通用,sh603766,15.34,14.88,14.97,15.11,14.83,14.95,154201,0.0,0.0,0.0,0.031,0.0093
2015-01-22,隆鑫通用,sh603766,15.31,14.8,15.3,14.93,15.11,14.77,155608,0.0,0.0,0.0,0.0337,-0.0241
2015-01-23,隆鑫通用,sh603766,15.08,14.5,14.89,14.58,14.93,14.42,121171,0.0,0.0,0.0,0.0388,-0.0208
2015-01-26,隆鑫通用,sh603766,15.42,14.83,14.99,15.31,14.58,15.14,214928,0.0,0.0,0.0,0.0404,0.0213
2015-01-27,隆鑫通用,sh603766,15.4,14.78,15.38,15.13,15.31,14.97,153872,0.0,0.0,0.0,0.0404,-0.0162
2015-01-28,隆鑫通用,sh603766,15.13,14.87,15.03,14.95,15.13,14.79,73440,0.0,0.0,0.0,0.0171,-0.0053
2015-01-29,隆鑫通用,sh603766,14.96,14.64,14.85,14.72,14.95,14.56,93919,0.0,0.0,0.0,0.0214,-0.0087
2015-01-30,隆鑫通用,sh603766,14.94,14.5,14.72,14.51,14.72,14.35,64525,0.0,0.0,0.0,0.0298,-0.0142
2015-02-02,隆鑫通用,sh603766,14.48,14.05,14.48,14.1,14.51,13.95,90810,0.0,0.0,0.0,0.0296,-0.0262
2015-02-03,隆鑫通用,sh603766,14.45,14.16,14.2,14.38,14.1,14.22,89139,0.0,0.0,0.0,0.0205,0.0126
2015-02-04,隆鑫通用,sh603766,14.46,14.11,14.45,14.13,14.38,13.98,82193,0.0,0.0,0.0,0.0243,-0.0221
2015-02-05,隆鑫通用,sh603766,14.36,14.02,14.32,14.07,14.13,13.92,85578,0.0,0.0,0.0,0.024,-0.0174
2015-02-06,隆鑫通用,sh603766,14.14,13.3,14.02,13.45,14.07,13.3,122251,0.0,0.0,0.0,0.0597,-0.0406
2015-02-09,隆鑫通用,sh603766,13.65,13.37,13.47,13.6,13.45,13.45,68037,0.0,0.0,0.0,0.0208,0.0096
2015-02-10,隆鑫通用,sh603766,13.7,13.38,13.6,13.65,13.6,13.5,67375,0.0,0.0,0.0,0.0235,0.0036
2015-02-11,隆鑫通用,sh603766,14.2,13.62,13.69,14.19,13.65,14.04,76430,0.0,0.0,0.0,0.0424,0.0365
2015-02-12,隆鑫通用,sh603766,14.5,14.13,14.38,14.4,14.19,14.24,82383,0.0,0.0,0.0,0.026,0.0013
2015-02-13,隆鑫通用,sh603766,14.65,14.4,14.41,14.44,14.4,14.28,105549,0.0,0.0,0.0,0.0173,0.002
2015-02-16,隆鑫通用,sh603766,14.76,14.44,14.45,14.64,14.44,14.48,86905,0.0,0.0,0.0,0.0221,0.0131
2015-02-17,隆鑫通用,sh603766,15.32,14.66,14.66,14.92,14.64,14.76,134980,0.0,0.0,0.0,0.045,0.0177
2015-02-18,隆鑫通用,sh603766,14.92,14.92,14.92,14.92,14.92,14.76,0,0.0,0.0,0.0,0.0,0.0
2015-02-19,隆鑫通用,sh603766,14.92,14.92,14.92,14.92,14.92,14.76,0,0.0,0.0,0.0,0.0,0.0
2015-02-20,隆鑫通用,sh603766,14.92,14.92,14.92,14.92,14.92,14.76,0,0.0,0.0,0.0,0.0,0.0
2015-02-23,隆鑫通用,sh603766,14.92,14.92,14.92,14.92,14.92,14.76,0,0.0,0.0,0.0,0.0,0.0
2015-02-24,隆鑫通用,sh603766,14.92,14.92,14.92,14.92,14.92,14.76,0,0.0,0.0,0.0,0.0,0.0
2015-02-25,隆鑫通用,sh603766,15.26,14.94,14.98,15.02,14.92,14.86,110727,0.0,0.0,0.0,0.0214,0.0026
2015-02-26,隆鑫通用,sh603766,15.12,14.72,15.02,14.87,15.02,14.71,66454,0.0,0.0,0.0,0.0266,-0.0099
2015-02-27,隆鑫通用,sh603766,15.27,14.85,14.87,15.04,14.87,14.88,113589,0.0,0.0,0.0,0.0282,0.0114
2015-03-02,隆鑫通用,sh603766,15.36,15.04,15.16,15.19,15.04,15.03,141587,0.0,0.0,0.0,0.0212,0.0019
2015-03-03,隆鑫通用,sh603766,15.3,14.8,15.26,14.84,15.19,14.68,127366,0.0,0.0,0.0,0.0329,-0.0275
2015-03-04,隆鑫通用,sh603766,16.02,14.83,14.86,15.81,14.84,15.64,239832,0.0,0.0,0.0,0.0801,0.0639
2015-03-05,隆鑫通用,sh603766,16.26,15.6,15.71,16.04,15.81,15.87,248325,0.0,0.0,0.0,0.0417,0.021
2015-03-06,隆鑫通用,sh603766,16.44,15.77,16.04,15.88,16.04,15.71,160637,0.0,0.0,0.0,0.0417,-0.0099
2015-03-09,隆鑫通用,sh603766,16.88,15.56,15.88,16.72,15.88,16.54,239097,0.0,0.0,0.0,0.0831,0.0528
2015-03-10,隆鑫通用,sh603766,17.14,16.47,16.69,16.86,16.72,16.68,186356,0.0,0.0,0.0,0.04,0.0101
2015-03-11,隆鑫通用,sh603766,16.98,16.51,16.75,16.9,16.86,16.72,126080,0.0,0.0,0.0,0.0278,0.0089
2015-03-12,隆鑫通用,sh603766,16.9,16.2,16.9,16.25,16.9,16.07,121041,0.0,0.0,0.0,0.0414,-0.0384
2015-03-13,隆鑫通用,sh603766,16.91,16.18,16.62,16.34,16.25,16.16,121251,0.0,0.0,0.0,0.0449,-0.0168
2015-03-16,隆鑫通用,sh603766,16.86,16.4,16.5,16.75,16.34,16.57,140774,0.0,0.0,0.0,0.0281,0.0151
2015-03-17,隆鑫通用,sh603766,17.22,16.66,16.81,17.11,16.75,16.92,192567,0.0,0.0,0.0,0.0334,0.0178
2015-03-18,隆鑫通用,sh603766,17.65,16.83,17.0,17.32,17.11,17.13,194662,0.0,0.0,0.0,0.0479,0.0188
2015-03-19,隆鑫通用,sh603766,18.38,17.33,17.33,17.72,17.32,17.53,273622,0.0,0.0,0.0,0.0606,0.0225
2015-03-20,隆鑫通用,sh603766,18.5,17.5,17.75,18.48,17.72,18.28,205009,0.0,0.0,0.0,0.0564,0.0411
2015-03-23,隆鑫通用,sh603766,19.65,18.87,19.0,19.26,18.48,19.05,307456,0.0,0.0,0.0,0.0422,0.0136
2015-03-24,隆鑫通用,sh603766,19.69,18.19,19.28,19.59,19.26,19.38,328493,0.0,0.0,0.0,0.0778,0.016
2015-03-25,隆鑫通用,sh603766,19.18,18.31,19.0,18.64,19.59,18.44,362690,0.0,0.0,0.0,0.0444,-0.0189
2015-03-26,隆鑫通用,sh603766,18.84,18.19,18.65,18.2,18.64,18.0,199593,0.0,0.0,0.0,0.0348,-0.0241
2015-03-27,隆鑫通用,sh603766,19.15,18.2,18.2,19.13,18.2,18.92,211277,0.0,0.0,0.0,0.0521,0.051
2015-03-30,隆鑫通用,sh603766,19.99,19.16,19.59,19.24,19.13,19.03,240135,0.0,0.0,0.0,0.0433,-0.0178
2015-03-31,隆鑫通用,sh603766,19.22,18.63,19.15,18.91,19.24,18.7,185400,0.0,0.0,0.0,0.0306,-0.0125
2015-04-01,隆鑫通用,sh603766,19.5,18.75,18.91,19.29,18.91,19.08,211607,0.0,0.0,0.0,0.0396,0.02
2015-04-02,隆鑫通用,sh603766,19.6,18.98,19.29,19.17,19.29,18.96,188153,0.0,0.0,0.0,0.0321,-0.0062
2015-04-03,隆鑫通用,sh603766,19.36,18.62,19.0,19.23,19.17,19.02,259525,0.0,0.0,0.0,0.0386,0.0121
2015-04-06,隆鑫通用,sh603766,19.23,19.23,19.23,19.23,19.23,19.02,0,0.0,0.0,0.0,0.0,0.0
2015-04-07,隆鑫通用,sh603766,21.15,19.1,19.2,20.67,19.23,20.45,363788,0.0,0.0,0.0,0.1066,0.0765
2015-04-08,隆鑫通用,sh603766,20.5,19.7,20.5,20.01,20.67,19.79,258990,0.0,0.0,0.0,0.0387,-0.0239
2015-04-09,隆鑫通用,sh603766,20.28,18.01,20.05,19.11,20.01,18.9,206943,0.0,0.0,0.0,0.1134,-0.0468
2015-04-10,隆鑫通用,sh603766,19.93,18.7,18.9,19.42,19.11,19.21,137882,0.0,0.0,0.0,0.0643,0.0275
2015-04-13,隆鑫通用,sh603766,19.76,19.07,19.4,19.5,19.42,19.29,167415,0.0,0.0,0.0,0.0355,0.0051
2015-04-14,隆鑫通用,sh603766,20.91,19.26,19.26,20.49,19.5,20.27,286513,0.0,0.0,0.0,0.0846,0.0638
2015-04-15,隆鑫通用,sh603766,20.84,19.3,20.35,19.38,20.49,19.17,179884,0.0,0.0,0.0,0.0751,-0.0476
2015-04-16,隆鑫通用,sh603766,20.5,18.68,19.45,20.08,19.38,19.86,191395,0.0,0.0,0.0,0.0939,0.0323
2015-04-17,隆鑫通用,sh603766,22.09,20.75,21.1,22.09,20.08,21.85,375438,0.0,0.0,0.0,0.0667,0.0469
2015-04-20,隆鑫通用,sh603766,24.25,22.1,22.61,22.31,22.09,22.07,428509,0.0,0.0,0.0,0.0973,-0.0132
2015-04-21,隆鑫通用,sh603766,23.54,21.97,23.01,23.14,22.31,22.89,211517,0.0,0.0,0.0,0.0703,0.0056
2015-04-22,隆鑫通用,sh603766,24.17,22.8,23.35,23.0,23.14,22.75,239835,0.0,0.0,0.0,0.0592,-0.0149
2015-04-23,隆鑫通用,sh603766,23.0,23.0,23.0,23.0,23.0,22.75,0,0.0,0.0,0.0,0.0,0.0
2015-04-24,隆鑫通用,sh603766,23.0,23.0,23.0,23.0,23.0,22.75,0,0.0,0.0,0.0,0.0,0.0
2015-04-27,隆鑫通用,sh603766,23.7,22.0,23.7,22.4,23.0,22.16,251310,0.0,0.0,0.0,0.0739,-0.0548
2015-04-28,隆鑫通用,sh603766,22.57,20.75,22.35,20.98,22.4,20.75,246172,0.0,0.0,0.0,0.0812,-0.0612
2015-04-29,隆鑫通用,sh603766,21.43,20.62,20.83,21.08,20.98,20.85,125576,0.0,0.0,0.0,0.0386,0.012
2015-04-30,隆鑫通用,sh603766,23.19,21.2,21.3,22.45,21.08,22.21,202199,0.0,0.0,0.0,0.0944,0.0539
2015-05-01,隆鑫通用,sh603766,22.45,22.45,22.45,22.45,22.45,22.21,0,0.0,0.0,0.0,0.0,0.0
2015-05-04,隆鑫通用,sh603766,23.18,22.16,22.47,22.29,22.45,22.05,123336,0.0,0.0,0.0,0.0454,-0.008
2015-05-05,隆鑫通用,sh603766,22.28,20.91,22.28,21.24,22.29,21.01,160354,0.0,0.0,0.0,0.0614,-0.0466
2015-05-06,隆鑫通用,sh603766,21.79,20.75,21.24,21.03,21.24,20.8,94416,0.0,0.0,0.0,0.0489,-0.0098
2015-05-07,隆鑫通用,sh603766,20.9,19.56,20.79,19.6,21.03,19.6,98031,0.0,0.0,0.0,0.0637,-0.0572
2015-05-08,隆鑫通用,sh603766,20.5,19.64,19.64,20.38,19.6,20.38,116395,0.0,0.0,0.0,0.0438,0.0376
2015-05-11,隆鑫通用,sh603766,22.18,20.53,20.53,22.15,20.38,22.15,138662,0.0,0.0,0.0,0.0809,0.0789
2015-05-12,隆鑫通用,sh603766,22.94,21.88,22.27,22.68,22.15,22.68,195972,0.0,0.0,0.0,0.0478,0.0184
2015-05-13,隆鑫通用,sh603766,23.76,22.96,23.0,23.49,22.68,23.49,229299,0.0,0.0,0.0,0.0352,0.0213
2015-05-14,隆鑫通用,sh603766,23.76,22.79,23.5,23.0,23.49,23.0,130290,0.0,0.0,0.0,0.0412,-0.0212
2015-05-15,隆鑫通用,sh603766,23.92,22.3,23.0,23.5,23.0,23.5,180627,0.0,0.0,0.0,0.0704,0.0217
2015-05-18,隆鑫通用,sh603766,25.19,23.31,23.57,24.78,23.5,24.78,171610,0.0,0.0,0.0,0.08,0.0513
2015-05-19,隆鑫通用,sh603766,25.76,24.21,24.79,25.24,24.78,25.24,133705,0.0,0.0,0.0,0.0625,0.0181
2015-05-20,隆鑫通用,sh603766,27.76,25.14,25.14,27.57,25.24,27.57,216737,0.0,0.0,0.0,0.1038,0.0966
2015-05-21,隆鑫通用,sh603766,30.33,27.3,27.7,30.19,27.57,30.19,210436,0.0,0.0,0.0,0.1099,0.0898
2015-05-22,隆鑫通用,sh603766,31.09,28.5,30.35,29.84,30.19,29.84,212145,0.0,0.0,0.0,0.0857,-0.0168
2015-05-25,隆鑫通用,sh603766,32.16,29.0,29.68,30.96,29.84,30.96,165493,0.0,0.0,0.0,0.1058,0.0431
2015-05-26,隆鑫通用,sh603766,31.69,30.1,31.33,31.23,30.96,31.23,217816,0.0,0.0,0.0,0.0513,-0.0031
2015-05-27,隆鑫通用,sh603766,31.2,29.9,31.15,30.51,31.23,30.51,202291,0.0,0.0,0.0,0.0416,-0.0205
2015-05-28,隆鑫通用,sh603766,31.82,28.9,30.1,28.95,30.51,28.95,230125,0.0,0.0,0.0,0.0957,-0.0382
2015-05-29,隆鑫通用,sh603766,30.25,27.61,28.89,29.28,28.95,29.28,166167,0.0,0.0,0.0,0.0911,0.0134
2015-06-01,隆鑫通用,sh603766,31.57,29.88,29.98,31.14,29.28,31.14,173972,0.0,0.0,0.0,0.0577,0.0386
2015-06-02,隆鑫通用,sh603766,34.25,31.9,31.91,34.25,31.14,34.25,187797,0.0,0.0,0.0,0.0754,0.0733
2015-06-03,隆鑫通用,sh603766,36.95,33.65,35.05,36.08,34.25,36.08,223326,0.0,0.0,0.0,0.0963,0.0293
2015-06-04,隆鑫通用,sh603766,36.95,32.81,36.73,35.1,36.08,35.1,278341,0.0,0.0,0.0,0.1147,-0.0443
2015-06-05,隆鑫通用,sh603766,36.62,34.3,36.03,35.31,35.1,35.31,190075,0.0,0.0,0.0,0.066,-0.0199
2015-06-08,隆鑫通用,sh603766,38.61,35.42,36.8,35.68,35.31,35.68,225641,0.0,0.0,0.0,0.0903,-0.0304
2015-06-09,隆鑫通用,sh603766,36.65,33.99,35.38,35.74,35.68,35.74,186668,0.0,0.0,0.0,0.0745,0.0101
2015-06-10,隆鑫通用,sh603766,37.06,34.5,35.58,36.54,35.74,36.54,163242,0.0,0.0,0.0,0.0716,0.0269
2015-06-11,隆鑫通用,sh603766,36.79,35.2,36.57,35.54,36.54,35.54,206619,0.0,0.0,0.0,0.0435,-0.0281
2015-06-12,隆鑫通用,sh603766,39.03,34.71,35.6,38.33,35.54,38.33,244673,0.0,0.0,0.0,0.1215,0.0766
2015-06-15,隆鑫通用,sh603766,39.48,37.3,37.7,38.2,38.33,38.2,170526,0.0,0.0,0.0,0.0568,0.0132
2015-06-16,隆鑫通用,sh603766,37.4,34.4,37.4,35.26,38.2,35.26,173404,0.0,0.0,0.0,0.0785,-0.0572
2015-06-17,隆鑫通用,sh603766,35.5,32.8,35.26,35.0,35.26,35.0,146649,0.0,0.0,0.0,0.0765,-0.0073
2015-06-18,隆鑫通用,sh603766,35.5,33.12,34.75,33.31,35.0,33.31,100119,0.0,0.0,0.0,0.068,-0.0414
2015-06-19,隆鑫通用,sh603766,33.0,29.98,33.0,30.26,33.31,30.26,152766,0.0,0.0,0.0,0.0906,-0.083
2015-06-22,隆鑫通用,sh603766,30.26,30.26,30.26,30.26,30.26,30.26,0,0.0,0.0,0.0,0.0,0.0
2015-06-23,隆鑫通用,sh603766,31.49,27.32,29.7,31.26,30.26,31.26,148417,0.0,0.0,0.0,0.1378,0.0525
2015-06-24,隆鑫通用,sh603766,32.5,29.91,31.73,30.49,31.26,30.49,220889,0.0,0.0,0.0,0.0828,-0.039
2015-06-25,隆鑫通用,sh603766,30.95,27.44,30.52,28.17,30.49,28.17,184607,0.0,0.0,0.0,0.1151,-0.0769
2015-06-26,隆鑫通用,sh603766,27.31,25.35,27.0,25.35,28.17,25.35,132450,0.0,0.0,0.0,0.0695,-0.0611
2015-06-29,隆鑫通用,sh603766,26.15,22.82,26.0,22.82,25.35,22.82,360050,0.0,0.0,0.0,0.1313,-0.1223
2015-06-30,隆鑫通用,sh603766,25.1,20.54,22.77,25.1,22.82,25.1,266084,0.0,0.0,0.0,0.1998,0.1023
2015-07-01,隆鑫通用,sh603766,27.61,24.48,25.57,25.28,25.1,25.28,342129,0.0,0.0,0.0,0.1247,-0.0113
2015-07-02,隆鑫通用,sh603766,27.17,24.38,26.0,25.36,25.28,25.36,411182,0.0,0.0,0.0,0.1103,-0.0246
2015-07-03,隆鑫通用,sh603766,25.36,25.36,25.36,25.36,25.36,25.36,0,0.0,0.0,0.0,0.0,0.0
2015-07-06,隆鑫通用,sh603766,25.36,25.36,25.36,25.36,25.36,25.36,0,0.0,0.0,0.0,0.0,0.0
2015-07-07,隆鑫通用,sh603766,25.36,25.36,25.36,25.36,25.36,25.36,0,0.0,0.0,0.0,0.0,0.0
2015-07-08,隆鑫通用,sh603766,25.36,25.36,25.36,25.36,25.36,25.36,0,0.0,0.0,0.0,0.0,0.0
2015-07-09,隆鑫通用,sh603766,25.36,25.36,25.36,25.36,25.36,25.36,0,0.0,0.0,0.0,0.0,0.0
2015-07-10,隆鑫通用,sh603766,27.9,26.0,26.0,27.9,25.36,27.9,269707,0.0,0.0,0.0,0.0749,0.073
2015-07-13,隆鑫通用,sh603766,30.51,26.95,29.57,30.29,27.9,30.29,417378,0.0,0.0,0.0,0.1275,0.0243
2015-07-14,隆鑫通用,sh603766,31.2,28.0,29.01,28.42,30.29,28.42,369897,0.0,0.0,0.0,0.1056,-0.0203
2015-07-15,隆鑫通用,sh603766,27.6,25.58,27.5,25.58,28.42,25.58,216909,0.0,0.0,0.0,0.071,-0.0698
2015-07-16,隆鑫通用,sh603766,26.88,23.02,25.58,24.77,25.58,24.77,235999,0.0,0.0,0.0,0.1508,-0.0316
2015-07-17,隆鑫通用,sh603766,26.94,24.9,24.95,26.33,24.77,26.33,196364,0.0,0.0,0.0,0.0823,0.0553
2015-07-20,隆鑫通用,sh603766,26.9,25.0,26.42,25.48,26.33,25.48,249130,0.0,0.0,0.0,0.0721,-0.0355
2015-07-21,隆鑫通用,sh603766,28.03,24.4,24.8,28.03,25.48,28.03,320098,0.0,0.0,0.0,0.1424,0.1302
2015-07-22,隆鑫通用,sh603766,29.82,28.0,29.4,28.9,28.03,28.9,308854,0.0,0.0,0.0,0.0649,-0.017
2015-07-23,隆鑫通用,sh603766,28.9,28.9,28.9,28.9,28.9,28.9,0,0.0,0.0,0.0,0.0,0.0
2015-07-24,隆鑫通用,sh603766,28.9,28.9,28.9,28.9,28.9,28.9,0,0.0,0.0,0.0,0.0,0.0
2015-07-27,隆鑫通用,sh603766,28.9,28.9,28.9,28.9,28.9,28.9,0,0.0,0.0,0.0,0.0,0.0
2015-07-28,隆鑫通用,sh603766,28.9,28.9,28.9,28.9,28.9,28.9,0,0.0,0.0,0.0,0.0,0.0
2015-07-29,隆鑫通用,sh603766,28.9,28.9,28.9,28.9,28.9,28.9,0,0.0,0.0,0.0,0.0,0.0
2015-07-30,隆鑫通用,sh603766,28.9,28.9,28.9,28.9,28.9,28.9,0,0.0,0.0,0.0,0.0,0.0
2015-07-31,隆鑫通用,sh603766,28.3,26.01,28.3,26.01,28.9,26.01,272230,0.0,0.0,0.0,0.0792,-0.0809
2015-08-03,隆鑫通用,sh603766,25.5,23.41,24.0,23.41,26.01,23.41,153919,0.0,0.0,0.0,0.0803,-0.0245
2015-08-04,隆鑫通用,sh603766,25.49,21.3,23.22,24.28,23.41,24.28,379818,0.0,0.0,0.0,0.1789,0.0456
2015-08-05,隆鑫通用,sh603766,24.2,22.13,24.1,22.18,24.28,22.18,271517,0.0,0.0,0.0,0.0852,-0.0796
2015-08-06,隆鑫通用,sh603766,22.34,20.58,20.66,21.63,22.18,21.63,164233,0.0,0.0,0.0,0.0793,0.0469
2015-08-07,隆鑫通用,sh603766,22.76,22.02,22.21,22.65,21.63,22.65,149425,0.0,0.0,0.0,0.0342,0.0198
2015-08-10,隆鑫通用,sh603766,24.67,23.13,23.5,24.59,22.65,24.59,200877,0.0,0.0,0.0,0.0679,0.0463
2015-08-11,隆鑫通用,sh603766,25.8,24.39,24.89,24.86,24.59,24.86,256559,0.0,0.0,0.0,0.0573,-0.0012
2015-08-12,隆鑫通用,sh603766,25.3,24.0,24.5,24.05,24.86,24.05,179075,0.0,0.0,0.0,0.0522,-0.0183
2015-08-13,隆鑫通用,sh603766,24.76,23.5,24.1,24.7,24.05,24.7,148394,0.0,0.0,0.0,0.0523,0.0248
2015-08-14,隆鑫通用,sh603766,25.24,24.61,25.0,25.04,24.7,25.04,174361,0.0,0.0,0.0,0.0255,0.0015
2015-08-17,隆鑫通用,sh603766,25.68,24.9,25.21,25.5,25.04,25.5,179287,0.0,0.0,0.0,0.0311,0.0115
2015-08-18,隆鑫通用,sh603766,25.95,22.95,25.81,22.95,25.5,22.95,196533,0.0,0.0,0.0,0.1176,-0.1108
2015-08-19,隆鑫通用,sh603766,23.68,20.7,22.0,23.29,22.95,23.29,169882,0.0,0.0,0.0,0.1298,0.0586
2015-08-20,隆鑫通用,sh603766,22.97,21.11,22.89,21.2,23.29,21.2,204138,0.0,0.0,0.0,0.0798,-0.0738
2015-08-21,隆鑫通用,sh603766,21.23,19.2,20.84,19.24,21.2,19.24,184016,0.0,0.0,0.0,0.0957,-0.0767
2015-08-24,隆鑫通用,sh603766,18.19,17.32,18.13,17.32,19.24,17.32,64868,0.0,0.0,0.0,0.0452,-0.0446
2015-08-25,隆鑫通用,sh603766,16.1,15.59,15.59,15.59,17.32,15.59,274684,0.0,0.0,0.0,0.0294,0.0
2015-08-26,隆鑫通用,sh603766,15.97,14.05,15.0,14.11,15.59,14.11,317539,0.0,0.0,0.0,0.1231,-0.0593
2015-08-27,隆鑫通用,sh603766,15.5,14.15,14.51,15.44,14.11,15.44,238826,0.0,0.0,0.0,0.0956,0.064
2015-08-28,隆鑫通用,sh603766,16.83,15.56,15.91,16.8,15.44,16.8,297710,0.0,0.0,0.0,0.0822,0.0559
2015-08-31,隆鑫通用,sh603766,16.69,15.46,16.69,15.48,16.8,15.48,224843,0.0,0.0,0.0,0.0732,-0.0724
2015-09-01,隆鑫通用,sh603766,15.4,13.93,15.15,13.93,15.48,13.93,203817,0.0,0.0,0.0,0.0949,-0.0805
2015-09-02,隆鑫通用,sh603766,14.83,13.0,13.25,14.62,13.93,14.62,307440,0.0,0.0,0.0,0.1313,0.1033
2015-09-03,隆鑫通用,sh603766,14.62,14.62,14.62,14.62,14.62,14.62,0,0.0,0.0,0.0,0.0,0.0
2015-09-04,隆鑫通用,sh603766,14.62,14.62,14.62,14.62,14.62,14.62,0,0.0,0.0,0.0,0.0,0.0
2015-09-07,隆鑫通用,sh603766,15.9,14.79,14.98,15.04,14.62,15.04,164101,0.0,0.0,0.0,0.0759,0.004
2015-09-08,隆鑫通用,sh603766,16.07,14.63,15.07,15.99,15.04,15.99,161644,0.0,0.0,0.0,0.0957,0.061
2015-09-09,隆鑫通用,sh603766,17.11,15.8,15.91,16.82,15.99,16.82,261935,0.0,0.0,0.0,0.0819,0.0571
2015-09-10,隆鑫通用,sh603766,16.74,15.8,16.38,15.89,16.82,15.89,181979,0.0,0.0,0.0,0.0558,-0.0299
2015-09-11,隆鑫通用,sh603766,16.21,15.68,15.95,16.12,15.89,16.12,119109,0.0,0.0,0.0,0.0333,0.0106
2015-09-14,隆鑫通用,sh603766,16.19,14.51,16.11,14.51,16.12,14.51,160812,0.0,0.0,0.0,0.1042,-0.0993
2015-09-15,隆鑫通用,sh603766,14.38,13.22,14.0,13.4,14.51,13.4,125368,0.0,0.0,0.0,0.0799,-0.0428
2015-09-16,隆鑫通用,sh603766,14.74,13.4,13.58,14.74,13.4,14.74,153828,0.0,0.0,0.0,0.0999,0.0854
2015-09-17,隆鑫通用,sh603766,15.22,14.3,14.58,14.34,14.74,14.34,177298,0.0,0.0,0.0,0.0624,-0.0164
2015-09-18,隆鑫通用,sh603766,14.89,14.4,14.66,14.84,14.34,14.84,126526,0.0,0.0,0.0,0.0341,0.0122
2015-09-21,隆鑫通用,sh603766,16.32,14.71,14.9,16.32,14.84,16.32,270257,0.0,0.0,0.0,0.1084,0.0953
2015-09-22,隆鑫通用,sh603766,17.3,16.4,16.6,16.98,16.32,16.98,348982,0.0,0.0,0.0,0.0551,0.0228
2015-09-23,隆鑫通用,sh603766,17.17,16.46,16.72,16.81,16.98,16.81,182143,0.0,0.0,0.0,0.0418,0.0053
2015-09-24,隆鑫通用,sh603766,17.15,16.5,16.96,16.85,16.81,16.85,192002,0.0,0.0,0.0,0.0386,-0.0064
2015-09-25,隆鑫通用,sh603766,16.85,15.18,16.85,15.3,16.85,15.3,239587,0.0,0.0,0.0,0.0991,-0.0919
2015-09-28,隆鑫通用,sh603766,15.3,15.3,15.3,15.3,15.3,15.3,0,0.0,0.0,0.0,0.0,0.0
2015-09-29,隆鑫通用,sh603766,15.6,15.11,15.3,15.46,15.3,15.46,106654,0.0,0.0,0.0,0.032,0.0104
2015-09-30,隆鑫通用,sh603766,16.05,15.51,15.6,15.84,15.46,15.84,116615,0.0,0.0,0.0,0.0349,0.0153
2015-10-01,隆鑫通用,sh603766,15.84,15.84,15.84,15.84,15.84,15.84,0,0.0,0.0,0.0,0.0,0.0
2015-10-02,隆鑫通用,sh603766,15.84,15.84,15.84,15.84,15.84,15.84,0,0.0,0.0,0.0,0.0,0.0
2015-10-05,隆鑫通用,sh603766,15.84,15.84,15.84,15.84,15.84,15.84,0,0.0,0.0,0.0,0.0,0.0
2015-10-06,隆鑫通用,sh603766,15.84,15.84,15.84,15.84,15.84,15.84,0,0.0,0.0,0.0,0.0,0.0
2015-10-07,隆鑫通用,sh603766,15.84,15.84,15.84,15.84,15.84,15.84,0,0.0,0.0,0.0,0.0,0.0
2015-10-08,隆鑫通用,sh603766,16.94,16.1,16.5,16.37,15.84,16.37,241953,0.0,0.0,0.0,0.053,-0.0078
2015-10-09,隆鑫通用,sh603766,17.29,16.31,16.46,17.14,16.37,17.14,226343,0.0,0.0,0.0,0.0598,0.0413
2015-10-12,隆鑫通用,sh603766,18.85,17.78,17.8,18.85,17.14,18.85,326024,0.0,0.0,0.0,0.0624,0.0589
2015-10-13,隆鑫通用,sh603766,19.33,18.4,18.59,19.01,18.85,19.01,229135,0.0,0.0,0.0,0.0493,0.0225
2015-10-14,隆鑫通用,sh603766,19.15,18.18,19.0,18.24,19.01,18.24,205432,0.0,0.0,0.0,0.051,-0.04
2015-10-15,隆鑫通用,sh603766,19.11,18.1,18.16,19.09,18.24,19.09,234426,0.0,0.0,0.0,0.0553,0.0512
2015-10-16,隆鑫通用,sh603766,19.5,18.41,19.49,18.96,19.09,18.96,245410,0.0,0.0,0.0,0.057,-0.0271
2015-10-19,隆鑫通用,sh603766,19.8,18.5,18.97,19.45,18.96,19.45,306546,0.0,0.0,0.0,0.0685,0.0253
2015-10-20,隆鑫通用,sh603766,19.54,18.85,19.38,19.45,19.45,19.45,210898,0.0,0.0,0.0,0.0354,0.0036
2015-10-21,隆鑫通用,sh603766,19.74,17.51,19.5,17.51,19.45,17.51,273088,0.0,0.0,0.0,0.1146,-0.102
2015-10-22,隆鑫通用,sh603766,18.62,17.45,17.53,18.35,17.51,18.35,224500,0.0,0.0,0.0,0.0668,0.0467
2015-10-23,隆鑫通用,sh603766,18.96,18.11,18.4,18.91,18.35,18.91,182097,0.0,0.0,0.0,0.0463,0.0277
2015-10-26,隆鑫通用,sh603766,20.8,18.92,19.4,20.43,18.91,20.43,462132,0.0,0.0,0.0,0.0994,0.053
2015-10-27,隆鑫通用,sh603766,20.37,19.05,20.07,20.25,20.43,20.25,234499,0.0,0.0,0.0,0.0646,0.0089
2015-10-28,隆鑫通用,sh603766,21.16,19.72,19.9,19.8,20.25,19.8,243732,0.0,0.0,0.0,0.0711,-0.005
2015-10-29,隆鑫通用,sh603766,21.0,19.68,20.1,20.32,19.8,20.32,217404,0.0,0.0,0.0,0.0666,0.0109
2015-10-30,隆鑫通用,sh603766,21.1,19.9,20.01,20.38,20.32,20.38,226202,0.0,0.0,0.0,0.059,0.0184
2015-11-02,隆鑫通用,sh603766,21.4,19.8,19.97,20.49,20.38,20.49,234749,0.0,0.0,0.0,0.0785,0.026
2015-11-03,隆鑫通用,sh603766,21.2,19.68,20.68,19.97,20.49,19.97,221341,0.0,0.0,0.0,0.0741,-0.0343
2015-11-04,隆鑫通用,sh603766,21.32,19.88,20.01,21.17,19.97,21.17,277184,0.0,0.0,0.0,0.0721,0.0579
2015-11-05,隆鑫通用,sh603766,21.4,20.58,21.04,21.32,21.17,21.32,293873,0.0,0.0,0.0,0.0387,0.0133
2015-11-06,隆鑫通用,sh603766,21.95,21.42,21.58,21.63,21.32,21.63,220443,0.0,0.0,0.0,0.0248,0.0023
2015-11-09,隆鑫通用,sh603766,21.84,20.81,21.45,21.65,21.63,21.65,282005,0.0,0.0,0.0,0.0476,0.0093
2015-11-10,隆鑫通用,sh603766,22.2,21.3,21.47,21.87,21.65,21.87,246159,0.0,0.0,0.0,0.0415,0.0186
2015-11-11,隆鑫通用,sh603766,22.38,21.37,22.08,22.27,21.87,22.27,246902,0.0,0.0,0.0,0.0461,0.0086
2015-11-12,隆鑫通用,sh603766,22.3,21.71,22.2,22.14,22.27,22.14,191483,0.0,0.0,0.0,0.0264,-0.0027
2015-11-13,隆鑫通用,sh603766,21.9,20.9,21.78,21.38,22.14,21.38,234315,0.0,0.0,0.0,0.0451,-0.0183
2015-11-16,隆鑫通用,sh603766,22.17,20.78,21.2,22.09,21.38,22.09,167548,0.0,0.0,0.0,0.065,0.0419
2015-11-17,隆鑫通用,sh603766,22.49,21.52,22.35,21.54,22.09,21.54,265474,0.0,0.0,0.0,0.0439,-0.0362
2015-11-18,隆鑫通用,sh603766,21.67,20.5,21.54,21.08,21.54,21.08,172739,0.0,0.0,0.0,0.0543,-0.0213
2015-11-19,隆鑫通用,sh603766,21.36,20.69,20.99,21.32,21.08,21.32,168638,0.0,0.0,0.0,0.0317,0.0157
2015-11-20,隆鑫通用,sh603766,21.88,21.17,21.23,21.29,21.32,21.29,194570,0.0,0.0,0.0,0.0333,0.0028
2015-11-23,隆鑫通用,sh603766,21.53,20.77,21.29,20.79,21.29,20.79,131050,0.0,0.0,0.0,0.0356,-0.0234
2015-11-24,隆鑫通用,sh603766,21.44,20.67,20.75,21.42,20.79,21.42,127815,0.0,0.0,0.0,0.037,0.0322
2015-11-25,隆鑫通用,sh603766,22.28,21.22,21.47,22.2,21.42,22.2,204908,0.0,0.0,0.0,0.0494,0.034
2015-11-26,隆鑫通用,sh603766,22.89,22.08,22.38,22.33,22.2,22.33,240999,0.0,0.0,0.0,0.0364,-0.0022
2015-11-27,隆鑫通用,sh603766,22.96,21.01,22.4,21.84,22.33,21.84,286965,0.0,0.0,0.0,0.0873,-0.0249
2015-11-30,隆鑫通用,sh603766,22.5,20.18,21.96,22.26,21.84,22.26,241034,0.0,0.0,0.0,0.1062,0.0136
2015-12-01,隆鑫通用,sh603766,24.49,21.91,22.28,23.92,22.26,23.92,445711,0.0,0.0,0.0,0.1159,0.0736
2015-12-02,隆鑫通用,sh603766,23.97,22.3,23.76,23.73,23.92,23.73,259156,0.0,0.0,0.0,0.0698,-0.0012
2015-12-03,隆鑫通用,sh603766,24.65,23.75,23.75,24.14,23.73,24.14,201484,0.0,0.0,0.0,0.0379,0.0164
2015-12-04,隆鑫通用,sh603766,24.12,23.45,23.88,23.62,24.14,23.62,146650,0.0,0.0,0.0,0.0277,-0.0108
2015-12-07,隆鑫通用,sh603766,23.67,22.94,23.62,23.38,23.62,23.38,139490,0.0,0.0,0.0,0.0309,-0.0101
2015-12-08,隆鑫通用,sh603766,23.28,22.0,23.26,22.49,23.38,22.49,157975,0.0,0.0,0.0,0.0547,-0.0331
2015-12-09,隆鑫通用,sh603766,22.58,21.87,22.21,22.23,22.49,22.23,101166,0.0,0.0,0.0,0.0315,9.0E-4
2015-12-10,隆鑫通用,sh603766,22.8,22.02,22.26,22.38,22.23,22.38,117011,0.0,0.0,0.0,0.035,0.0053
2015-12-11,隆鑫通用,sh603766,22.65,22.08,22.38,22.34,22.38,22.34,112436,0.0,0.0,0.0,0.0254,-0.0017
2015-12-14,隆鑫通用,sh603766,22.69,21.64,22.1,22.64,22.34,22.64,126156,0.0,0.0,0.0,0.047,0.0244
2015-12-15,隆鑫通用,sh603766,24.22,22.5,22.67,23.87,22.64,23.87,242541,0.0,0.0,0.0,0.0759,0.0529
2015-12-16,隆鑫通用,sh603766,24.18,23.63,23.8,23.88,23.87,23.88,160842,0.0,0.0,0.0,0.023,0.0033
2015-12-17,隆鑫通用,sh603766,24.36,23.48,23.9,24.03,23.88,24.03,261618,0.0,0.0,0.0,0.0368,0.0054
2015-12-18,隆鑫通用,sh603766,24.12,23.49,24.01,23.89,24.03,23.89,170451,0.0,0.0,0.0,0.0262,-0.0049
2015-12-21,隆鑫通用,sh603766,24.6,23.73,23.8,24.3,23.89,24.3,218489,0.0,0.0,0.0,0.0364,0.021
2015-12-22,隆鑫通用,sh603766,24.85,23.76,24.6,24.81,24.3,24.81,226598,0.0,0.0,0.0,0.0448,0.0085
2015-12-23,隆鑫通用,sh603766,25.52,24.5,25.18,24.94,24.81,24.94,250852,0.0,0.0,0.0,0.0411,-0.0095
2015-12-24,隆鑫通用,sh603766,24.93,23.82,24.8,24.34,24.94,24.34,164042,0.0,0.0,0.0,0.0445,-0.0185
2015-12-25,隆鑫通用,sh603766,25.14,24.3,24.47,25.1,24.34,25.1,125718,0.0,0.0,0.0,0.0345,0.0257
2015-12-28,隆鑫通用,sh603766,25.52,23.75,25.1,23.82,25.1,23.82,213417,0.0,0.0,0.0,0.0705,-0.0509
2015-12-29,隆鑫通用,sh603766,24.28,23.62,23.62,24.11,23.82,24.11,89922,0.0,0.0,0.0,0.0277,0.0207
2015-12-30,隆鑫通用,sh603766,24.37,23.64,24.25,23.84,24.11,23.84,105952,0.0,0.0,0.0,0.0302,-0.0169
2015-12-31,隆鑫通用,sh603766,24.09,23.5,24.0,23.73,23.84,23.73,109913,0.0,0.0,0.0,0.0247,-0.0112
2016-01-01,隆鑫通用,sh603766,24.09,23.5,24.0,23.73,23.73,23.73,109913,0.0,0.0,0.0,0.0248,-0.0112
2016-01-04,隆鑫通用,sh603766,23.79,21.36,23.64,21.36,23.73,21.36,109457,0.0,0.0,0.0,0.1024,-0.0964
2016-01-05,隆鑫通用,sh603766,21.48,19.71,20.71,21.05,21.36,21.05,203741,0.0,0.0,0.0,0.0828,0.0164
2016-01-06,隆鑫通用,sh603766,21.19,20.07,20.99,21.09,21.05,21.09,238206,0.0,0.0,0.0,0.0532,0.0047
2016-01-07,隆鑫通用,sh603766,20.73,18.98,20.68,18.98,21.09,18.98,50692,0.0,0.0,0.0,0.0829,-0.0822
2016-01-08,隆鑫通用,sh603766,19.74,18.44,18.44,19.04,18.98,19.04,197960,0.0,0.0,0.0,0.0684,0.0325
2016-01-11,隆鑫通用,sh603766,18.7,17.14,18.51,17.14,19.04,17.14,155353,0.0,0.0,0.0,0.0819,-0.074
2016-01-12,隆鑫通用,sh603766,17.39,16.08,17.22,16.81,17.14,16.81,145380,0.0,0.0,0.0,0.0764,-0.0238
2016-01-13,隆鑫通用,sh603766,17.52,16.36,17.05,16.57,16.81,16.57,182348,0.0,0.0,0.0,0.069,-0.0281
2016-01-14,隆鑫通用,sh603766,17.21,15.82,15.99,17.2,16.57,17.2,154747,0.0,0.0,0.0,0.0838,0.0756
2016-01-15,隆鑫通用,sh603766,17.43,16.5,17.2,16.72,17.2,16.72,157792,0.0,0.0,0.0,0.054,-0.0279
2016-01-18,隆鑫通用,sh603766,17.21,16.29,16.35,17.15,16.72,17.15,136791,0.0,0.0,0.0,0.055,0.0489
2016-01-19,隆鑫通用,sh603766,18.14,17.01,17.05,18.01,17.15,18.01,172862,0.0,0.0,0.0,0.0658,0.0563
2016-01-20,隆鑫通用,sh603766,18.35,17.7,17.97,17.85,18.01,17.85,166088,0.0,0.0,0.0,0.036,-0.0066
2016-01-21,隆鑫通用,sh603766,18.1,16.87,17.49,17.02,17.85,17.02,96920,0.0,0.0,0.0,0.0689,-0.0268
2016-01-22,隆鑫通用,sh603766,17.58,16.45,17.32,17.5,17.02,17.5,108201,0.0,0.0,0.0,0.0663,0.0103
2016-01-25,隆鑫通用,sh603766,17.9,17.38,17.7,17.82,17.5,17.82,96075,0.0,0.0,0.0,0.0297,0.0067
2016-01-26,隆鑫通用,sh603766,17.6,16.04,17.52,16.32,17.82,16.32,116515,0.0,0.0,0.0,0.0875,-0.0684
2016-01-27,隆鑫通用,sh603766,16.49,14.9,16.35,15.91,16.32,15.91,123472,0.0,0.0,0.0,0.0974,-0.0269
2016-01-28,隆鑫通用,sh603766,16.0,14.81,15.7,14.89,15.91,14.89,84961,0.0,0.0,0.0,0.0747,-0.0515
2016-01-29,隆鑫通用,sh603766,15.8,14.8,14.92,15.72,14.89,15.72,99228,0.0,0.0,0.0,0.0671,0.0536
2016-02-01,隆鑫通用,sh603766,16.38,15.5,15.84,15.87,15.72,15.87,126534,0.0,0.0,0.0,0.0559,0.0018
2016-02-02,隆鑫通用,sh603766,17.13,15.81,15.81,16.95,15.87,16.95,144341,0.0,0.0,0.0,0.0831,0.0721
2016-02-03,隆鑫通用,sh603766,17.62,16.5,16.65,17.53,16.95,17.53,105162,0.0,0.0,0.0,0.066,0.0528
2016-02-04,隆鑫通用,sh603766,18.0,17.47,17.6,17.79,17.53,17.79,109428,0.0,0.0,0.0,0.0302,0.0107
2016-02-05,隆鑫通用,sh603766,17.85,17.46,17.75,17.57,17.79,17.57,64459,0.0,0.0,0.0,0.0219,-0.0101
2016-02-08,隆鑫通用,sh603766,17.85,17.46,17.75,17.57,17.57,17.57,64459,0.0,0.0,0.0,0.0221,-0.0101
2016-02-09,隆鑫通用,sh603766,17.85,17.46,17.75,17.57,17.57,17.57,64459,0.0,0.0,0.0,0.0221,-0.0101
2016-02-10,隆鑫通用,sh603766,17.85,17.46,17.75,17.57,17.57,17.57,64459,0.0,0.0,0.0,0.0221,-0.0101
2016-02-11,隆鑫通用,sh603766,17.85,17.46,17.75,17.57,17.57,17.57,64459,0.0,0.0,0.0,0.0221,-0.0101
2016-02-12,隆鑫通用,sh603766,17.85,17.46,17.75,17.57,17.57,17.57,64459,0.0,0.0,0.0,0.0221,-0.0101
2016-02-15,隆鑫通用,sh603766,17.5,16.68,16.68,17.44,17.57,17.44,64890,0.0,0.0,0.0,0.0466,0.0455
2016-02-16,隆鑫通用,sh603766,18.2,17.45,17.45,18.03,17.44,18.03,104143,0.0,0.0,0.0,0.043,0.0332
2016-02-17,隆鑫通用,sh603766,18.35,17.8,17.95,18.14,18.03,18.14,87328,0.0,0.0,0.0,0.0305,0.0105
2016-02-18,隆鑫通用,sh603766,18.63,18.18,18.26,18.28,18.14,18.28,158287,0.0,0.0,0.0,0.0248,0.001
2016-02-19,隆鑫通用,sh603766,18.38,18.01,18.26,18.29,18.28,18.29,70842,0.0,0.0,0.0,0.0202,0.0016
2016-02-22,隆鑫通用,sh603766,18.85,18.19,18.44,18.79,18.29,18.79,146522,0.0,0.0,0.0,0.036,0.0189
2016-02-23,隆鑫通用,sh603766,19.14,18.58,18.78,18.94,18.79,18.94,144584,0.0,0.0,0.0,0.0298,0.0085
2016-02-24,隆鑫通用,sh603766,19.25,18.1,18.8,18.92,18.94,18.92,152284,0.0,0.0,0.0,0.0607,0.0063
2016-02-25,隆鑫通用,sh603766,18.76,17.03,18.69,17.03,18.92,17.03,148701,0.0,0.0,0.0,0.0914,-0.0888
2016-02-26,隆鑫通用,sh603766,17.5,15.93,17.12,16.53,17.03,16.53,161981,0.0,0.0,0.0,0.0921,-0.0344
2016-02-29,隆鑫通用,sh603766,16.36,14.88,16.35,15.0,16.53,15.0,135468,0.0,0.0,0.0,0.0895,-0.0825
2016-03-01,隆鑫通用,sh603766,15.72,14.96,15.25,15.64,15.0,15.64,150778,0.0,0.0,0.0,0.0506,0.0255
2016-03-02,隆鑫通用,sh603766,16.69,15.56,15.66,16.59,15.64,16.59,177464,0.0,0.0,0.0,0.0722,0.0593
2016-03-03,隆鑫通用,sh603766,16.98,16.2,16.5,16.65,16.59,16.65,138603,0.0,0.0,0.0,0.047,0.009
2016-03-04,隆鑫通用,sh603766,16.59,15.51,16.38,16.06,16.65,16.06,121026,0.0,0.0,0.0,0.0648,-0.0195
2016-03-07,隆鑫通用,sh603766,16.7,16.2,16.25,16.47,16.06,16.47,69881,0.0,0.0,0.0,0.0311,0.0135
2016-03-08,隆鑫通用,sh603766,16.5,15.46,16.45,16.48,16.47,16.48,90057,0.0,0.0,0.0,0.0631,0.0018
2016-03-09,隆鑫通用,sh603766,16.24,15.91,16.09,16.09,16.48,16.09,53084,0.0,0.0,0.0,0.02,0.0
2016-03-10,隆鑫通用,sh603766,16.15,15.51,16.0,15.58,16.09,15.58,58189,0.0,0.0,0.0,0.0397,-0.0262
2016-03-11,隆鑫通用,sh603766,15.76,15.19,15.4,15.73,15.58,15.73,66171,0.0,0.0,0.0,0.0365,0.0214
2016-03-14,隆鑫通用,sh603766,16.76,15.8,15.98,16.45,15.73,16.45,125309,0.0,0.0,0.0,0.061,0.0294
2016-03-15,隆鑫通用,sh603766,16.52,16.21,16.41,16.38,16.45,16.38,63831,0.0,0.0,0.0,0.0188,-0.0018
2016-03-16,隆鑫通用,sh603766,16.6,15.88,16.47,16.17,16.38,16.17,70182,0.0,0.0,0.0,0.0439,-0.0182
2016-03-17,隆鑫通用,sh603766,17.05,16.17,16.23,16.98,16.17,16.98,144879,0.0,0.0,0.0,0.0544,0.0462
2016-03-18,隆鑫通用,sh603766,17.81,16.96,17.08,17.64,16.98,17.64,139905,0.0,0.0,0.0,0.05,0.0327
2016-03-21,隆鑫通用,sh603766,18.17,17.68,17.98,17.97,17.64,17.97,134400,0.0,0.0,0.0,0.0277,-5.0E-4
2016-03-22,隆鑫通用,sh603766,18.2,17.64,17.71,17.95,17.97,17.95,102590,0.0,0.0,0.0,0.0311,0.0135
2016-03-23,隆鑫通用,sh603766,18.06,17.7,17.81,18.0,17.95,18.0,87445,0.0,0.0,0.0,0.02,0.0106
2016-03-24,隆鑫通用,sh603766,18.33,17.65,17.8,18.03,18.0,18.03,126351,0.0,0.0,0.0,0.0377,0.0129
2016-03-25,隆鑫通用,sh603766,18.79,17.9,17.95,18.62,18.03,18.62,200256,0.0,0.0,0.0,0.0493,0.0373
