2016-03-25
2012-06-01,隆基股份,sh601012,17.43999,17.16999,17.39001,17.21001,17.34,5.6405,2455300,0.0,0.0,0.0,0.0155,-0.0103
2012-06-04,隆基股份,sh601012,17.09001,16.89999,17.00001,16.92,17.21001,5.54545,2353700,0.0,0.0,0.0,0.011,-0.0047
2012-06-05,隆基股份,sh601012,17.03001,16.88001,16.95,16.89999,16.92,5.53889,1171000,0.0,0.0,0.0,0.0088,-0.0029
2012-06-06,隆基股份,sh601012,17.04999,16.80999,17.00001,16.88001,16.89999,5.53234,1284700,0.0,0.0,0.0,0.0142,-0.007
2012-06-07,隆基股份,sh601012,17.04999,16.8,16.98999,16.82001,16.88001,5.51268,1544800,0.0,0.0,0.0,0.0148,-0.01
2012-06-08,隆基股份,sh601012,17.01999,16.82001,17.01999,16.95,16.82001,5.55528,1457900,0.0,0.0,0.0,0.0118,-0.0041
2012-06-11,隆基股份,sh601012,17.1,16.89999,16.98,17.09001,16.95,5.60117,1661500,0.0,0.0,0.0,0.0118,0.0064
2012-06-12,隆基股份,sh601012,17.10999,16.95,17.04,16.98,17.09001,5.56511,1597300,0.0,0.0,0.0,0.0093,-0.0035
2012-06-13,隆基股份,sh601012,17.15001,16.95,16.95,17.13999,16.98,5.61755,1637900,0.0,0.0,0.0,0.0117,0.0112
2012-06-14,隆基股份,sh601012,17.28,17.07,17.10999,17.16999,17.13999,5.62738,2152600,0.0,0.0,0.0,0.0122,0.0035
2012-06-15,隆基股份,sh601012,17.24001,16.98,17.22,17.1,17.16999,5.60444,1580300,0.0,0.0,0.0,0.0151,-0.0069
2012-06-18,隆基股份,sh601012,17.1,17.1,17.1,17.1,17.1,5.60444,0,0.0,0.0,0.0,0.0,0.0
2012-06-19,隆基股份,sh601012,17.49999,17.19,17.28,17.31999,17.1,5.67654,5323800,0.0,0.0,0.0,0.0181,0.0023
2012-06-20,隆基股份,sh601012,17.42001,17.19999,17.33001,17.22,17.31999,5.64377,2302700,0.0,0.0,0.0,0.0127,-0.0063
2012-06-21,隆基股份,sh601012,17.42001,17.22,17.28999,17.36001,17.22,5.68966,2759400,0.0,0.0,0.0,0.0116,0.004
2012-06-22,隆基股份,sh601012,17.36001,17.36001,17.36001,17.36001,17.36001,5.68966,0,0.0,0.0,0.0,0.0,0.0
2012-06-25,隆基股份,sh601012,17.49,16.94001,17.48001,17.00001,17.36001,5.57167,3176300,0.0,0.0,0.0,0.0316,-0.0274
2012-06-26,隆基股份,sh601012,9.54999,9.18,9.18,9.47001,17.00001,3.10375,1962000,0.0,0.0,0.0,0.0217,0.0315
2012-06-27,隆基股份,sh601012,9.45999,9.02001,9.44001,9.05001,9.47001,2.9661,5483400,0.0,0.0,0.0,0.0464,-0.0413
2012-06-28,隆基股份,sh601012,9.14001,8.69001,9.09,8.7,9.05001,2.85138,6044900,0.0,0.0,0.0,0.0497,-0.0429
2012-06-29,隆基股份,sh601012,8.88,8.52,8.69001,8.79,8.7,2.88088,3860700,0.0,0.0,0.0,0.0413,0.0115
2012-07-02,隆基股份,sh601012,8.87001,8.64999,8.85999,8.73,8.79,2.86121,3786900,0.0,0.0,0.0,0.025,-0.0146
2012-07-03,隆基股份,sh601012,8.99001,8.64999,8.64999,8.94,8.73,2.93004,5655100,0.0,0.0,0.0,0.0389,0.0335
2012-07-04,隆基股份,sh601012,9.27999,8.90001,8.90001,9.20001,8.94,3.01526,9626300,0.0,0.0,0.0,0.0425,0.0337
2012-07-05,隆基股份,sh601012,9.3,9.0,9.09999,9.24999,9.20001,3.03164,6062400,0.0,0.0,0.0,0.0326,0.0164
2012-07-06,隆基股份,sh601012,9.35001,9.03999,9.24,9.21,9.24999,3.01853,6193900,0.0,0.0,0.0,0.0335,-0.0032
2012-07-09,隆基股份,sh601012,9.15,8.91,9.15,8.99001,9.21,2.94643,3893000,0.0,0.0,0.0,0.026,-0.0174
2012-07-10,隆基股份,sh601012,9.12,8.94,8.97999,9.00999,8.99001,2.95298,4184500,0.0,0.0,0.0,0.02,0.0033
2012-07-11,隆基股份,sh601012,9.03999,8.7,9.03999,8.76,9.00999,2.87105,3706500,0.0,0.0,0.0,0.0377,-0.0309
2012-07-12,隆基股份,sh601012,8.84001,8.43,8.78001,8.52,8.76,2.79239,7270300,0.0,0.0,0.0,0.0468,-0.0296
2012-07-13,隆基股份,sh601012,8.61999,8.4,8.49999,8.42001,8.52,2.75962,3307100,0.0,0.0,0.0,0.0258,-0.0094
2012-07-16,隆基股份,sh601012,8.43,7.58001,8.42001,7.58001,8.42001,2.48431,14523600,0.0,0.0,0.0,0.1009,-0.0997
2012-07-17,隆基股份,sh601012,7.50999,7.01001,7.50999,7.11999,7.58001,2.33354,13950300,0.0,0.0,0.0,0.0659,-0.0519
2012-07-18,隆基股份,sh601012,7.17999,7.02999,7.11999,7.14999,7.11999,2.34337,5672000,0.0,0.0,0.0,0.021,0.0042
2012-07-19,隆基股份,sh601012,7.32,7.14999,7.14999,7.23999,7.14999,2.37287,4757600,0.0,0.0,0.0,0.0237,0.0125
2012-07-20,隆基股份,sh601012,7.25001,7.11999,7.23999,7.13001,7.23999,2.33683,3651800,0.0,0.0,0.0,0.0179,-0.0151
2012-07-23,隆基股份,sh601012,7.11999,7.04001,7.05,7.08,7.13001,2.32044,2518300,0.0,0.0,0.0,0.0112,0.0042
2012-07-24,隆基股份,sh601012,7.16001,6.99999,7.05999,7.11999,7.08,2.33354,2574200,0.0,0.0,0.0,0.0226,0.0084
2012-07-25,隆基股份,sh601012,7.26999,7.02,7.05999,7.14,7.11999,2.3401,3528900,0.0,0.0,0.0,0.0351,0.0113
2012-07-26,隆基股份,sh601012,7.17999,7.04001,7.17999,7.05999,7.14,2.31388,2716500,0.0,0.0,0.0,0.0196,-0.0167
2012-07-27,隆基股份,sh601012,7.14999,7.02999,7.10001,7.08,7.05999,2.32044,1516900,0.0,0.0,0.0,0.0169,-0.0028
2012-07-30,隆基股份,sh601012,7.11,6.56001,7.05,6.60999,7.08,2.16639,7207700,0.0,0.0,0.0,0.0776,-0.0624
2012-07-31,隆基股份,sh601012,6.60999,6.29001,6.60999,6.32001,6.60999,2.07135,7775500,0.0,0.0,0.0,0.0484,-0.0438
2012-08-01,隆基股份,sh601012,6.42999,6.27999,6.32001,6.33,6.32001,2.07463,6052300,0.0,0.0,0.0,0.0237,0.0015
2012-08-02,隆基股份,sh601012,6.42,6.24999,6.35001,6.33999,6.33,2.0779,5160200,0.0,0.0,0.0,0.0268,-0.0015
2012-08-03,隆基股份,sh601012,6.66,6.27999,6.32001,6.59001,6.33999,2.15984,11930000,0.0,0.0,0.0,0.0599,0.0427
2012-08-06,隆基股份,sh601012,6.63,6.44001,6.51999,6.62001,6.59001,2.16968,9140700,0.0,0.0,0.0,0.0288,0.0153
2012-08-07,隆基股份,sh601012,6.98001,6.57,6.57999,6.72999,6.62001,2.20572,11093900,0.0,0.0,0.0,0.0619,0.0227
2012-08-08,隆基股份,sh601012,6.80001,6.66,6.72,6.66999,6.72999,2.18606,6538000,0.0,0.0,0.0,0.0208,-0.0074
2012-08-09,隆基股份,sh601012,6.75999,6.57,6.68001,6.75999,6.66999,2.21555,7670300,0.0,0.0,0.0,0.0284,0.0119
2012-08-10,隆基股份,sh601012,7.17999,6.72999,6.75,7.05999,6.75999,2.31388,20175400,0.0,0.0,0.0,0.0665,0.0459
2012-08-13,隆基股份,sh601012,7.37001,6.99999,7.05,7.02999,7.05999,2.30404,23811800,0.0,0.0,0.0,0.0524,-0.0028
2012-08-14,隆基股份,sh601012,7.02,6.72,6.96,6.9,7.02999,2.26144,10809100,0.0,0.0,0.0,0.0426,-0.0086
2012-08-15,隆基股份,sh601012,7.08,6.81,6.89001,7.01001,6.9,2.2975,8078600,0.0,0.0,0.0,0.0391,0.0174
2012-08-16,隆基股份,sh601012,7.02999,6.87999,6.99999,6.89001,7.01001,2.25817,3590400,0.0,0.0,0.0,0.0213,-0.0157
2012-08-17,隆基股份,sh601012,6.99999,6.84,6.86001,6.90999,6.89001,2.26472,3676700,0.0,0.0,0.0,0.0232,0.0072
2012-08-20,隆基股份,sh601012,6.96,6.81,6.89001,6.93,6.90999,2.27127,2853500,0.0,0.0,0.0,0.0217,0.0058
2012-08-21,隆基股份,sh601012,7.05,6.89001,6.93999,7.01001,6.93,2.2975,6927400,0.0,0.0,0.0,0.023,0.01
2012-08-22,隆基股份,sh601012,6.99999,6.81999,6.99999,6.84999,7.01001,2.24505,4366500,0.0,0.0,0.0,0.0256,-0.0214
2012-08-23,隆基股份,sh601012,6.95001,6.77001,6.87999,6.93999,6.84999,2.27455,5810000,0.0,0.0,0.0,0.0262,0.0087
2012-08-24,隆基股份,sh601012,6.9,6.69,6.89001,6.75999,6.93999,2.21555,4806600,0.0,0.0,0.0,0.0302,-0.0188
2012-08-27,隆基股份,sh601012,6.74001,6.45,6.74001,6.50001,6.75999,2.13035,4480500,0.0,0.0,0.0,0.0429,-0.0356
2012-08-28,隆基股份,sh601012,6.6,6.47001,6.50001,6.54999,6.50001,2.14673,2294100,0.0,0.0,0.0,0.0199,0.0076
2012-08-29,隆基股份,sh601012,6.69,6.51,6.54,6.59001,6.54999,2.15984,3008400,0.0,0.0,0.0,0.0274,0.0076
2012-08-30,隆基股份,sh601012,6.68001,6.39999,6.59001,6.54999,6.59001,2.14673,3658300,0.0,0.0,0.0,0.0424,-0.006
2012-08-31,隆基股份,sh601012,6.65001,6.45,6.57999,6.51999,6.54999,2.13689,2631000,0.0,0.0,0.0,0.0305,-0.0091
2012-09-03,隆基股份,sh601012,6.6,6.48,6.51999,6.6,6.51999,2.16312,2521000,0.0,0.0,0.0,0.0184,0.0122
2012-09-04,隆基股份,sh601012,6.62001,6.36,6.6,6.39999,6.6,2.09757,5329800,0.0,0.0,0.0,0.0393,-0.0303
2012-09-05,隆基股份,sh601012,6.51,6.33999,6.44001,6.45,6.39999,2.11396,3196400,0.0,0.0,0.0,0.0265,0.0015
2012-09-06,隆基股份,sh601012,6.59001,6.44001,6.45,6.57999,6.45,2.15656,4050800,0.0,0.0,0.0,0.0232,0.0201
2012-09-07,隆基股份,sh601012,6.87,6.53001,6.57,6.86001,6.57999,2.24833,13866500,0.0,0.0,0.0,0.0516,0.0441
2012-09-10,隆基股份,sh601012,7.08999,6.75,6.80001,7.04001,6.86001,2.30733,14372500,0.0,0.0,0.0,0.0495,0.0352
2012-09-11,隆基股份,sh601012,7.02,6.9,7.02,6.96999,7.04001,2.28438,7434200,0.0,0.0,0.0,0.017,-0.0071
2012-09-12,隆基股份,sh601012,7.05,6.90999,7.05,6.96999,6.96999,2.28438,5463800,0.0,0.0,0.0,0.02,-0.0113
2012-09-13,隆基股份,sh601012,7.37001,6.95001,6.99,6.99,6.96999,2.29094,18933400,0.0,0.0,0.0,0.0602,0.0
2012-09-14,隆基股份,sh601012,7.02999,6.80001,6.99999,6.89001,6.99,2.25817,10297600,0.0,0.0,0.0,0.0329,-0.0157
2012-09-17,隆基股份,sh601012,6.87999,6.54999,6.87999,6.57999,6.89001,2.15656,7410800,0.0,0.0,0.0,0.0478,-0.0436
2012-09-18,隆基股份,sh601012,6.63999,6.54,6.62001,6.56001,6.57999,2.15001,4125200,0.0,0.0,0.0,0.0151,-0.009
2012-09-19,隆基股份,sh601012,6.62001,6.50001,6.56001,6.6,6.56001,2.16312,2500200,0.0,0.0,0.0,0.0182,0.006
2012-09-20,隆基股份,sh601012,6.6,6.38001,6.6,6.39,6.6,2.09429,4276100,0.0,0.0,0.0,0.0333,-0.0318
2012-09-21,隆基股份,sh601012,6.54999,6.36,6.39,6.51,6.39,2.13362,3477100,0.0,0.0,0.0,0.0297,0.0187
2012-09-24,隆基股份,sh601012,6.63999,6.33,6.45,6.6,6.51,2.16312,3380600,0.0,0.0,0.0,0.0476,0.0232
2012-09-25,隆基股份,sh601012,6.6,6.44001,6.53001,6.48999,6.6,2.12706,1803400,0.0,0.0,0.0,0.0242,-0.0061
2012-09-26,隆基股份,sh601012,6.51,6.26001,6.45999,6.41001,6.48999,2.10085,3408700,0.0,0.0,0.0,0.0385,-0.0077
2012-09-27,隆基股份,sh601012,6.65001,6.3,6.35001,6.6,6.41001,2.16312,5373700,0.0,0.0,0.0,0.0546,0.0393
2012-09-28,隆基股份,sh601012,6.63,6.50001,6.50001,6.6,6.6,2.16312,5442400,0.0,0.0,0.0,0.0196,0.0153
2012-10-01,隆基股份,sh601012,6.6,6.6,6.6,6.6,6.6,2.16312,0,0.0,0.0,0.0,0.0,0.0
2012-10-02,隆基股份,sh601012,6.6,6.6,6.6,6.6,6.6,2.16312,0,0.0,0.0,0.0,0.0,0.0
2012-10-03,隆基股份,sh601012,6.6,6.6,6.6,6.6,6.6,2.16312,0,0.0,0.0,0.0,0.0,0.0
2012-10-04,隆基股份,sh601012,6.6,6.6,6.6,6.6,6.6,2.16312,0,0.0,0.0,0.0,0.0,0.0
2012-10-05,隆基股份,sh601012,6.6,6.6,6.6,6.6,6.6,2.16312,0,0.0,0.0,0.0,0.0,0.0
2012-10-08,隆基股份,sh601012,6.6,6.45,6.59001,6.50001,6.6,2.13035,3470100,0.0,0.0,0.0,0.0227,-0.0136
2012-10-09,隆基股份,sh601012,6.66999,6.50001,6.50001,6.65001,6.50001,2.17951,10324800,0.0,0.0,0.0,0.0261,0.023
2012-10-10,隆基股份,sh601012,6.72999,6.56001,6.60999,6.69999,6.65001,2.19589,8838400,0.0,0.0,0.0,0.0255,0.0136
2012-10-11,隆基股份,sh601012,6.63999,6.45,6.63999,6.48,6.69999,2.12379,8843300,0.0,0.0,0.0,0.0283,-0.024
2012-10-12,隆基股份,sh601012,6.54,6.32001,6.48,6.50001,6.48,2.13035,8426800,0.0,0.0,0.0,0.0339,0.003
2012-10-15,隆基股份,sh601012,6.45999,6.3,6.45999,6.33999,6.50001,2.0779,3752700,0.0,0.0,0.0,0.0246,-0.0185
2012-10-16,隆基股份,sh601012,6.50001,6.30999,6.30999,6.48,6.33999,2.12379,6554300,0.0,0.0,0.0,0.0299,0.0269
2012-10-17,隆基股份,sh601012,6.54999,6.36,6.44001,6.53001,6.48,2.14018,8269200,0.0,0.0,0.0,0.0293,0.0139
2012-10-18,隆基股份,sh601012,6.59001,6.47001,6.48,6.57,6.53001,2.15329,11655100,0.0,0.0,0.0,0.0183,0.0138
2012-10-19,隆基股份,sh601012,6.60999,6.51,6.56001,6.53001,6.57,2.14018,7248500,0.0,0.0,0.0,0.0152,-0.0045
2012-10-22,隆基股份,sh601012,6.68001,6.39999,6.50001,6.66999,6.53001,2.18606,12160300,0.0,0.0,0.0,0.0428,0.0261
2012-10-23,隆基股份,sh601012,6.9,6.54999,6.69999,6.54999,6.66999,2.14673,13007600,0.0,0.0,0.0,0.0524,-0.0223
2012-10-24,隆基股份,sh601012,6.81999,6.51,6.51999,6.78999,6.54999,2.22539,14579700,0.0,0.0,0.0,0.0473,0.0414
2012-10-25,隆基股份,sh601012,7.08999,6.74001,6.74001,6.99999,6.78999,2.29421,28311000,0.0,0.0,0.0,0.0515,0.0385
2012-10-26,隆基股份,sh601012,7.02999,6.57999,7.02999,6.69999,6.99999,2.19589,16921800,0.0,0.0,0.0,0.0642,-0.0469
2012-10-29,隆基股份,sh601012,6.9,6.66999,6.72,6.81999,6.69999,2.23522,12188200,0.0,0.0,0.0,0.0343,0.0148
2012-10-30,隆基股份,sh601012,6.78999,6.60999,6.75999,6.65001,6.81999,2.17951,8640500,0.0,0.0,0.0,0.0263,-0.0162
2012-10-31,隆基股份,sh601012,6.6,6.47001,6.57999,6.51999,6.65001,2.13689,7575100,0.0,0.0,0.0,0.0195,-0.0091
2012-11-01,隆基股份,sh601012,6.63999,6.54,6.54,6.63999,6.51999,2.17622,3924200,0.0,0.0,0.0,0.0153,0.0152
2012-11-02,隆基股份,sh601012,6.66,6.53001,6.62001,6.57999,6.63999,2.15656,5321100,0.0,0.0,0.0,0.0195,-0.006
2012-11-05,隆基股份,sh601012,6.60999,6.50001,6.6,6.59001,6.57999,2.15984,4302900,0.0,0.0,0.0,0.0167,-0.0015
2012-11-06,隆基股份,sh601012,6.69,6.51,6.66999,6.63999,6.59001,2.17622,4348200,0.0,0.0,0.0,0.0273,-0.0044
2012-11-07,隆基股份,sh601012,6.81999,6.62001,6.63999,6.81,6.63999,2.23194,8653100,0.0,0.0,0.0,0.0301,0.0256
2012-11-08,隆基股份,sh601012,6.75999,6.48999,6.75999,6.50001,6.81,2.13035,8464300,0.0,0.0,0.0,0.0396,-0.0384
2012-11-09,隆基股份,sh601012,6.53001,6.42999,6.48,6.45,6.50001,2.11396,2871900,0.0,0.0,0.0,0.0153,-0.0046
2012-11-12,隆基股份,sh601012,6.54999,6.32001,6.50001,6.54,6.45,2.14345,5245400,0.0,0.0,0.0,0.0356,0.0061
2012-11-13,隆基股份,sh601012,6.48,6.35001,6.48,6.44001,6.54,2.11068,3127900,0.0,0.0,0.0,0.0198,-0.0061
2012-11-14,隆基股份,sh601012,6.50001,6.33,6.41001,6.48,6.44001,2.12379,2511700,0.0,0.0,0.0,0.0263,0.0109
2012-11-15,隆基股份,sh601012,6.6,6.36,6.45,6.54,6.48,2.14345,4086200,0.0,0.0,0.0,0.037,0.0139
2012-11-16,隆基股份,sh601012,6.6,6.45,6.48,6.56001,6.54,2.15001,4785800,0.0,0.0,0.0,0.0229,0.0123
2012-11-19,隆基股份,sh601012,6.66,6.54999,6.54999,6.63999,6.56001,2.17622,4669100,0.0,0.0,0.0,0.0167,0.0137
2012-11-20,隆基股份,sh601012,6.68001,6.57999,6.66,6.59001,6.63999,2.15984,2902200,0.0,0.0,0.0,0.015,-0.0105
2012-11-21,隆基股份,sh601012,6.65001,6.45,6.57999,6.57999,6.59001,2.15656,3161600,0.0,0.0,0.0,0.0303,0.0
2012-11-22,隆基股份,sh601012,6.53001,6.39999,6.50001,6.45999,6.57999,2.11723,3571500,0.0,0.0,0.0,0.0197,-0.0061
2012-11-23,隆基股份,sh601012,6.51,6.42999,6.50001,6.48,6.45999,2.12379,1740900,0.0,0.0,0.0,0.0123,-0.003
2012-11-26,隆基股份,sh601012,6.48999,6.39,6.47001,6.45,6.48,2.11396,2005900,0.0,0.0,0.0,0.0154,-0.003
2012-11-27,隆基股份,sh601012,6.57999,6.27,6.41001,6.51,6.45,2.13362,6154200,0.0,0.0,0.0,0.048,0.0155
2012-11-28,隆基股份,sh601012,6.42999,6.27999,6.42,6.27999,6.51,2.05824,3303600,0.0,0.0,0.0,0.023,-0.0218
2012-11-29,隆基股份,sh601012,6.3,6.00999,6.29001,6.00999,6.27999,1.96974,4179500,0.0,0.0,0.0,0.0461,-0.0445
2012-11-30,隆基股份,sh601012,6.12999,6.0,6.03,6.02001,6.00999,1.97303,2242700,0.0,0.0,0.0,0.0216,-0.0016
2012-12-03,隆基股份,sh601012,6.06,5.67999,6.00999,5.70999,6.02001,1.87142,3446000,0.0,0.0,0.0,0.0631,-0.0499
2012-12-04,隆基股份,sh601012,5.94999,5.58999,5.73,5.94,5.70999,1.94681,4124400,0.0,0.0,0.0,0.063,0.0366
2012-12-05,隆基股份,sh601012,6.21,5.85999,5.85999,6.14001,5.94,2.01236,5981500,0.0,0.0,0.0,0.0589,0.0477
2012-12-06,隆基股份,sh601012,6.18999,6.05001,6.12999,6.14001,6.14001,2.01236,2720100,0.0,0.0,0.0,0.0227,0.0016
2012-12-07,隆基股份,sh601012,6.51,6.09,6.14001,6.48999,6.14001,2.12706,7175200,0.0,0.0,0.0,0.0684,0.0569
2012-12-10,隆基股份,sh601012,6.57,6.36,6.48,6.44001,6.48999,2.11068,9372200,0.0,0.0,0.0,0.0323,-0.0061
2012-12-11,隆基股份,sh601012,6.50001,6.36,6.47001,6.36,6.44001,2.08446,3792000,0.0,0.0,0.0,0.0217,-0.017
2012-12-12,隆基股份,sh601012,6.45,6.26001,6.41001,6.39999,6.36,2.09757,3903200,0.0,0.0,0.0,0.0298,-0.0015
2012-12-13,隆基股份,sh601012,6.72,6.33,6.39999,6.68001,6.39999,2.18934,20271700,0.0,0.0,0.0,0.0609,0.0437
2012-12-14,隆基股份,sh601012,6.93,6.62001,6.68001,6.84,6.68001,2.24178,24284400,0.0,0.0,0.0,0.0464,0.0239
2012-12-17,隆基股份,sh601012,7.04001,6.69999,6.81999,6.9,6.84,2.26144,19886500,0.0,0.0,0.0,0.0497,0.0117
2012-12-18,隆基股份,sh601012,7.04001,6.75,6.9,6.81999,6.9,2.23522,16083000,0.0,0.0,0.0,0.042,-0.0115
2012-12-19,隆基股份,sh601012,6.93999,6.75999,6.9,6.78999,6.81999,2.22539,9907400,0.0,0.0,0.0,0.0263,-0.0159
2012-12-20,隆基股份,sh601012,7.2,6.78,6.99999,6.84999,6.78999,2.24505,30988100,0.0,0.0,0.0,0.0618,-0.0214
2012-12-21,隆基股份,sh601012,6.78,6.57999,6.72,6.62001,6.84999,2.16968,16197400,0.0,0.0,0.0,0.0291,-0.0148
2012-12-24,隆基股份,sh601012,6.69999,6.57,6.60999,6.62001,6.62001,2.16968,9469000,0.0,0.0,0.0,0.0196,0.0015
2012-12-25,隆基股份,sh601012,6.75,6.54,6.60999,6.74001,6.62001,2.20901,11059700,0.0,0.0,0.0,0.0317,0.0196
2012-12-26,隆基股份,sh601012,6.89001,6.69999,6.72,6.84,6.74001,2.24178,9025800,0.0,0.0,0.0,0.0281,0.0178
2012-12-27,隆基股份,sh601012,6.90999,6.68001,6.84,6.69,6.84,2.19261,8396700,0.0,0.0,0.0,0.0336,-0.0219
2012-12-28,隆基股份,sh601012,6.80001,6.59001,6.6,6.75999,6.69,2.21555,11357600,0.0,0.0,0.0,0.0313,0.0242
2012-12-31,隆基股份,sh601012,6.9,6.75999,6.80001,6.80001,6.75999,2.22867,8399300,0.0,0.0,0.0,0.0207,0.0
2013-01-04,隆基股份,sh601012,7.48,6.91,6.91,7.48,6.80001,13.582431,8263951,0.0,0.0,0.0,0.0838,0.0824
2013-01-07,隆基股份,sh601012,8.23,7.88,8.0,8.23,7.48,14.944301,24551982,0.0,0.0,0.0,0.0467,0.0287
2013-01-08,隆基股份,sh601012,8.99,8.38,8.55,8.71,8.23,15.815897,38499294,0.0,0.0,0.0,0.0741,0.0187
2013-01-09,隆基股份,sh601012,8.76,8.28,8.6,8.4,8.71,15.252993,19682182,0.0,0.0,0.0,0.0551,-0.0232
2013-01-10,隆基股份,sh601012,9.24,8.41,8.41,9.24,8.4,16.778292,14519458,0.0,0.0,0.0,0.0988,0.0986
2013-01-11,隆基股份,sh601012,10.16,9.46,9.8,9.66,9.24,17.540949,54672641,0.0,0.0,0.0,0.0757,-0.0142
2013-01-14,隆基股份,sh601012,9.71,9.1,9.55,9.62,9.66,17.468313,34841301,0.0,0.0,0.0,0.0631,0.0073
2013-01-15,隆基股份,sh601012,10.17,9.24,9.35,9.65,9.62,17.522797,35121708,0.0,0.0,0.0,0.0966,0.032
2013-01-16,隆基股份,sh601012,10.1,9.39,9.95,9.43,9.65,17.123312,25797500,0.0,0.0,0.0,0.0735,-0.0522
2013-01-17,隆基股份,sh601012,9.67,9.1,9.2,9.39,9.43,17.050674,16827511,0.0,0.0,0.0,0.0604,0.0206
2013-01-18,隆基股份,sh601012,9.46,8.81,9.24,9.2,9.39,16.705671,16277104,0.0,0.0,0.0,0.0692,-0.0043
2013-01-21,隆基股份,sh601012,9.22,8.87,9.1,8.91,9.2,16.179075,13205364,0.0,0.0,0.0,0.038,-0.0208
2013-01-22,隆基股份,sh601012,9.08,8.48,8.91,8.6,8.91,15.616173,16120085,0.0,0.0,0.0,0.0673,-0.0347
2013-01-23,隆基股份,sh601012,8.92,8.52,8.62,8.83,8.6,16.033812,13134134,0.0,0.0,0.0,0.0465,0.0243
2013-01-24,隆基股份,sh601012,8.88,8.33,8.82,8.58,8.83,15.579846,14511521,0.0,0.0,0.0,0.0622,-0.0272
2013-01-25,隆基股份,sh601012,8.58,8.32,8.49,8.54,8.58,15.507213,7395335,0.0,0.0,0.0,0.0303,0.0058
2013-01-28,隆基股份,sh601012,8.74,8.42,8.43,8.72,8.54,15.834059,9908694,0.0,0.0,0.0,0.0374,0.0344
2013-01-29,隆基股份,sh601012,8.72,8.43,8.61,8.71,8.72,15.815897,10916504,0.0,0.0,0.0,0.0332,0.0116
2013-01-30,隆基股份,sh601012,8.88,8.5,8.88,8.55,8.71,15.525359,8668307,0.0,0.0,0.0,0.0436,-0.0371
2013-01-31,隆基股份,sh601012,8.48,8.18,8.46,8.29,8.55,15.053248,7227930,0.0,0.0,0.0,0.035,-0.02
2013-02-01,隆基股份,sh601012,8.53,8.27,8.35,8.44,8.29,15.325622,7646950,0.0,0.0,0.0,0.0313,0.0107
2013-02-04,隆基股份,sh601012,8.45,8.01,8.4,8.06,8.44,14.635601,7799849,0.0,0.0,0.0,0.0521,-0.0404
2013-02-05,隆基股份,sh601012,8.25,8.02,8.06,8.17,8.06,14.835347,3327261,0.0,0.0,0.0,0.0285,0.0136
2013-02-06,隆基股份,sh601012,8.54,8.13,8.17,8.31,8.17,15.089566,7774110,0.0,0.0,0.0,0.0501,0.0171
2013-02-07,隆基股份,sh601012,8.35,8.18,8.31,8.34,8.31,15.144039,4037419,0.0,0.0,0.0,0.0204,0.0036
2013-02-08,隆基股份,sh601012,8.5,8.29,8.34,8.35,8.34,15.162197,4719727,0.0,0.0,0.0,0.0251,0.0011
2013-02-18,隆基股份,sh601012,8.9,8.46,8.46,8.82,8.35,16.01563,13973891,0.0,0.0,0.0,0.0526,0.0425
2013-02-19,隆基股份,sh601012,8.77,8.48,8.73,8.53,8.82,15.4890375,8508093,0.0,0.0,0.0,0.0328,-0.0229
2013-02-20,隆基股份,sh601012,8.61,8.37,8.5,8.59,8.53,15.597987,5515071,0.0,0.0,0.0,0.0281,0.0105
2013-02-21,隆基股份,sh601012,8.72,8.22,8.5,8.25,8.59,14.980603,7083707,0.0,0.0,0.0,0.0582,-0.0294
2013-02-22,隆基股份,sh601012,8.38,8.18,8.25,8.23,8.25,14.94429,5031250,0.0,0.0,0.0,0.0242,-0.0024
2013-02-25,隆基股份,sh601012,8.42,8.2,8.25,8.38,8.23,15.216665,6530877,0.0,0.0,0.0,0.0267,0.0157
2013-02-26,隆基股份,sh601012,8.5,7.95,8.37,8.04,8.38,14.599279,6689976,0.0,0.0,0.0,0.0656,-0.0394
2013-02-27,隆基股份,sh601012,8.12,7.9,8.03,8.0,8.04,14.5266485,5121918,0.0,0.0,0.0,0.0273,-0.0037
2013-02-28,隆基股份,sh601012,8.68,8.02,8.02,8.55,8.0,15.525355,13677708,0.0,0.0,0.0,0.0825,0.066
2013-03-01,隆基股份,sh601012,8.59,8.36,8.5,8.55,8.55,15.525355,8250775,0.0,0.0,0.0,0.0269,0.0058
2013-03-04,隆基股份,sh601012,8.79,8.35,8.56,8.47,8.55,15.380084,11225904,0.0,0.0,0.0,0.0514,-0.0105
2013-03-05,隆基股份,sh601012,8.68,8.35,8.49,8.62,8.47,15.652466,6731837,0.0,0.0,0.0,0.0389,0.0153
2013-03-06,隆基股份,sh601012,9.0,8.55,8.63,8.91,8.62,16.179062,12713399,0.0,0.0,0.0,0.0522,0.0324
2013-03-07,隆基股份,sh601012,9.01,8.55,8.81,8.66,8.91,15.725109,9899253,0.0,0.0,0.0,0.0516,-0.017
2013-03-08,隆基股份,sh601012,8.72,8.43,8.62,8.48,8.66,15.398263,4764741,0.0,0.0,0.0,0.0334,-0.0162
2013-03-11,隆基股份,sh601012,8.58,8.27,8.45,8.31,8.48,15.089574,3625084,0.0,0.0,0.0,0.0365,-0.0165
2013-03-12,隆基股份,sh601012,8.39,8.0,8.33,8.11,8.31,14.726414,4656515,0.0,0.0,0.0,0.0469,-0.0264
2013-03-13,隆基股份,sh601012,8.16,7.91,8.06,7.98,8.11,14.490349,2735462,0.0,0.0,0.0,0.0308,-0.0099
2013-03-14,隆基股份,sh601012,8.06,7.94,7.99,8.04,7.98,14.599302,2012460,0.0,0.0,0.0,0.015,0.0062
2013-03-15,隆基股份,sh601012,8.03,7.54,8.03,7.8,8.04,14.163498,5828944,0.0,0.0,0.0,0.0609,-0.0286
2013-03-18,隆基股份,sh601012,7.79,7.5,7.71,7.56,7.8,13.727701,4534969,0.0,0.0,0.0,0.0371,-0.0194
2013-03-19,隆基股份,sh601012,7.58,7.3,7.54,7.45,7.56,13.527964,4104930,0.0,0.0,0.0,0.037,-0.0119
2013-03-20,隆基股份,sh601012,7.85,7.33,7.35,7.79,7.45,14.145352,6731835,0.0,0.0,0.0,0.0697,0.0598
2013-03-21,隆基股份,sh601012,7.91,7.45,7.52,7.88,7.79,14.308774,8608369,0.0,0.0,0.0,0.059,0.0478
2013-03-22,隆基股份,sh601012,7.85,7.63,7.81,7.72,7.88,14.018234,5453782,0.0,0.0,0.0,0.0279,-0.0115
2013-03-25,隆基股份,sh601012,7.8,7.54,7.64,7.79,7.72,14.145337,3629987,0.0,0.0,0.0,0.0336,0.0196
2013-03-26,隆基股份,sh601012,7.87,7.7,7.75,7.83,7.79,14.217974,3746093,0.0,0.0,0.0,0.0218,0.0103
2013-03-27,隆基股份,sh601012,7.86,7.52,7.85,7.65,7.83,13.891117,4732455,0.0,0.0,0.0,0.0434,-0.0254
2013-03-28,隆基股份,sh601012,7.56,7.31,7.56,7.32,7.65,13.291896,2746583,0.0,0.0,0.0,0.0326,-0.0317
2013-03-29,隆基股份,sh601012,7.5,7.18,7.32,7.23,7.32,13.128471,1830321,0.0,0.0,0.0,0.0437,-0.0122
2013-04-01,隆基股份,sh601012,7.36,7.07,7.15,7.28,7.23,13.219269,2242154,0.0,0.0,0.0,0.0401,0.0181
2013-04-02,隆基股份,sh601012,7.36,7.03,7.29,7.06,7.28,12.819782,2694744,0.0,0.0,0.0,0.0453,-0.0315
2013-04-03,隆基股份,sh601012,7.13,7.04,7.04,7.07,7.06,12.8379345,1504886,0.0,0.0,0.0,0.0127,0.0042
2013-04-08,隆基股份,sh601012,6.97,6.76,6.95,6.89,7.07,12.511081,2889766,0.0,0.0,0.0,0.0297,-0.0086
2013-04-09,隆基股份,sh601012,7.3,6.89,6.89,7.28,6.89,13.219258,6625550,0.0,0.0,0.0,0.0595,0.0566
2013-04-10,隆基股份,sh601012,8.01,8.01,8.01,8.01,7.28,14.54482,16872084,0.0,0.0,0.0,0.0,0.0
2013-04-11,隆基股份,sh601012,8.34,8.0,8.16,8.18,8.01,14.853504,23719394,0.0,0.0,0.0,0.0424,0.0024
2013-04-12,隆基股份,sh601012,8.11,7.71,8.1,7.91,8.18,14.3632345,11713972,0.0,0.0,0.0,0.0488,-0.0234
2013-04-15,隆基股份,sh601012,7.75,7.49,7.72,7.58,7.91,13.764014,8471041,0.0,0.0,0.0,0.0328,-0.0181
2013-04-16,隆基股份,sh601012,7.61,7.4,7.45,7.56,7.58,13.727692,5795468,0.0,0.0,0.0,0.0277,0.0147
2013-04-17,隆基股份,sh601012,7.64,7.54,7.55,7.62,7.56,13.836648,5669498,0.0,0.0,0.0,0.0132,0.0092
2013-04-18,隆基股份,sh601012,7.59,7.33,7.5,7.38,7.62,13.400849,5928843,0.0,0.0,0.0,0.0341,-0.016
2013-04-19,隆基股份,sh601012,7.56,7.34,7.34,7.53,7.38,13.673222,3637048,0.0,0.0,0.0,0.0298,0.0258
2013-04-22,隆基股份,sh601012,7.66,7.39,7.4,7.66,7.53,13.909276,4826819,0.0,0.0,0.0,0.0358,0.0351
2013-04-23,隆基股份,sh601012,7.92,7.55,7.63,7.9,7.66,14.345081,9641215,0.0,0.0,0.0,0.0483,0.0353
2013-04-24,隆基股份,sh601012,7.95,7.73,7.91,7.9,7.9,14.345081,5712451,0.0,0.0,0.0,0.0278,-0.0012
2013-04-25,隆基股份,sh601012,7.95,7.73,7.87,7.82,7.9,14.199809,6431548,0.0,0.0,0.0,0.0278,-0.0063
2013-04-26,隆基股份,sh601012,7.84,7.33,7.78,7.44,7.82,13.509797,6835724,0.0,0.0,0.0,0.0652,-0.0437
2013-05-02,隆基股份,sh601012,7.64,7.0,7.49,7.47,7.44,13.564269,2462689,0.0,0.0,0.0,0.086,-0.0026
2013-05-03,隆基股份,sh601012,7.68,7.45,7.45,7.65,7.47,13.891113,3979612,0.0,0.0,0.0,0.0307,0.0268
2013-05-06,隆基股份,sh601012,7.49,7.25,7.3,7.43,7.65,13.491632,6525200,0.0,0.0,0.0,0.0313,0.0178
2013-05-07,隆基股份,sh601012,7.8,7.33,7.35,7.49,7.43,13.600577,6199007,0.0,0.0,0.0,0.0632,0.019
2013-05-08,隆基股份,sh601012,7.6,7.39,7.49,7.59,7.49,13.782159,4078781,0.0,0.0,0.0,0.028,0.0133
2013-05-09,隆基股份,sh601012,7.68,7.2,7.57,7.43,7.59,13.4916315,7274172,0.0,0.0,0.0,0.0632,-0.0184
2013-05-10,隆基股份,sh601012,7.48,7.29,7.38,7.43,7.43,13.4916315,4189190,0.0,0.0,0.0,0.0255,0.0067
2013-05-13,隆基股份,sh601012,7.53,7.35,7.48,7.38,7.43,13.400846,3418685,0.0,0.0,0.0,0.0242,-0.0133
2013-05-14,隆基股份,sh601012,7.89,7.39,7.41,7.67,7.38,13.927432,13803688,0.0,0.0,0.0,0.0677,0.035
2013-05-15,隆基股份,sh601012,8.1,7.51,7.58,8.01,7.67,14.544822,14181002,0.0,0.0,0.0,0.0769,0.0567
2013-05-16,隆基股份,sh601012,8.57,7.98,8.0,8.15,8.01,14.799036,18054320,0.0,0.0,0.0,0.0736,0.0187
2013-05-17,隆基股份,sh601012,8.5,7.94,8.09,8.32,8.15,15.107729,11926615,0.0,0.0,0.0,0.0687,0.0284
2013-05-20,隆基股份,sh601012,9.0,8.13,8.18,8.82,8.32,16.015642,16014770,0.0,0.0,0.0,0.1045,0.0782
2013-05-21,隆基股份,sh601012,9.7,9.56,9.7,9.7,8.82,17.613571,19637949,0.0,0.0,0.0,0.0158,0.0
2013-05-22,隆基股份,sh601012,10.62,9.81,10.0,10.09,9.7,18.321743,36240013,0.0,0.0,0.0,0.0835,0.0089
2013-05-23,隆基股份,sh601012,9.95,9.28,9.35,9.74,10.09,17.6862,18793843,0.0,0.0,0.0,0.0664,0.0417
2013-05-24,隆基股份,sh601012,10.08,9.56,9.75,10.04,9.74,18.230951,15569743,0.0,0.0,0.0,0.0533,0.0297
2013-05-27,隆基股份,sh601012,10.06,9.47,9.9,9.85,10.04,17.885948,21986486,0.0,0.0,0.0,0.0587,-0.005
2013-05-28,隆基股份,sh601012,10.2,9.5,9.71,9.64,9.85,17.50462,15887746,0.0,0.0,0.0,0.071,-0.0072
2013-05-29,隆基股份,sh601012,9.89,9.41,9.52,9.69,9.64,17.595417,9766186,0.0,0.0,0.0,0.0497,0.0178
2013-05-30,隆基股份,sh601012,9.7,9.36,9.5,9.39,9.69,17.050663,9121405,0.0,0.0,0.0,0.035,-0.0115
2013-05-31,隆基股份,sh601012,9.52,9.1,9.32,9.11,9.39,16.542229,8201233,0.0,0.0,0.0,0.0447,-0.0225
2013-06-03,隆基股份,sh601012,9.42,9.03,9.03,9.41,9.11,17.08698,9836293,0.0,0.0,0.0,0.0428,0.042
2013-06-04,隆基股份,sh601012,9.63,9.03,9.37,9.55,9.41,17.341202,13295430,0.0,0.0,0.0,0.0637,0.0192
2013-06-05,隆基股份,sh601012,9.49,9.09,9.49,9.27,9.55,16.832775,5592223,0.0,0.0,0.0,0.0418,-0.0231
2013-06-06,隆基股份,sh601012,9.4,8.96,9.09,9.11,9.27,16.54224,7542876,0.0,0.0,0.0,0.0474,0.0022
2013-06-07,隆基股份,sh601012,9.14,8.21,9.14,8.4,9.11,15.253004,13721019,0.0,0.0,0.0,0.102,-0.0809
2013-06-13,隆基股份,sh601012,8.9,8.25,8.36,8.78,8.4,15.94302,12148219,0.0,0.0,0.0,0.0773,0.0502
2013-06-14,隆基股份,sh601012,9.16,8.63,8.64,8.98,8.78,16.306187,8117499,0.0,0.0,0.0,0.0603,0.0393
2013-06-17,隆基股份,sh601012,9.69,8.99,9.21,9.36,8.98,16.996199,18176032,0.0,0.0,0.0,0.0779,0.0162
2013-06-18,隆基股份,sh601012,9.64,9.13,9.38,9.56,9.36,17.359373,9832571,0.0,0.0,0.0,0.0544,0.0191
2013-06-19,隆基股份,sh601012,9.6,9.24,9.31,9.42,9.56,17.105162,5247638,0.0,0.0,0.0,0.0376,0.0118
2013-06-20,隆基股份,sh601012,9.42,8.6,9.42,8.69,9.42,15.779598,10347007,0.0,0.0,0.0,0.087,-0.0774
2013-06-21,隆基股份,sh601012,9.56,8.4,8.48,9.55,8.69,17.34121,18106131,0.0,0.0,0.0,0.1334,0.1261
2013-06-24,隆基股份,sh601012,9.85,9.12,9.77,9.33,9.55,16.941721,16610845,0.0,0.0,0.0,0.0764,-0.045
2013-06-25,隆基股份,sh601012,9.94,8.63,9.15,9.8,9.33,17.79516,18029402,0.0,0.0,0.0,0.1404,0.071
2013-06-26,隆基股份,sh601012,10.38,9.57,9.78,10.34,9.8,18.77571,25766078,0.0,0.0,0.0,0.0826,0.0572
2013-06-27,隆基股份,sh601012,10.78,9.57,10.34,9.81,10.34,17.813322,23119471,0.0,0.0,0.0,0.117,-0.0512
2013-06-28,隆基股份,sh601012,10.13,9.32,9.64,9.52,9.81,17.286724,16030334,0.0,0.0,0.0,0.0825,-0.0124
2013-07-01,隆基股份,sh601012,9.9,9.12,9.25,9.76,9.52,17.722523,9073648,0.0,0.0,0.0,0.0819,0.0551
2013-07-02,隆基股份,sh601012,10.22,9.61,9.7,10.12,9.76,18.376219,9985915,0.0,0.0,0.0,0.0625,0.0432
2013-07-03,隆基股份,sh601012,10.47,9.74,9.96,10.2,10.12,18.521482,13415830,0.0,0.0,0.0,0.0721,0.024
2013-07-04,隆基股份,sh601012,10.3,9.86,10.0,9.95,10.2,18.06752,9737474,0.0,0.0,0.0,0.0431,-0.005
2013-07-05,隆基股份,sh601012,9.95,9.39,9.86,9.44,9.95,17.141453,11450465,0.0,0.0,0.0,0.0562,-0.0425
2013-07-08,隆基股份,sh601012,9.7,9.18,9.28,9.3,9.44,16.887228,7587075,0.0,0.0,0.0,0.055,0.0021
2013-07-09,隆基股份,sh601012,9.44,8.87,9.24,9.06,9.3,16.451435,9027268,0.0,0.0,0.0,0.0612,-0.0194
2013-07-10,隆基股份,sh601012,9.53,8.91,9.01,9.45,9.06,17.159603,6165516,0.0,0.0,0.0,0.0684,0.0488
2013-07-11,隆基股份,sh601012,9.87,9.4,9.43,9.63,9.45,17.48646,7427299,0.0,0.0,0.0,0.0497,0.0212
2013-07-12,隆基股份,sh601012,10.35,9.75,10.0,10.21,9.63,18.539635,16576637,0.0,0.0,0.0,0.0623,0.021
2013-07-15,隆基股份,sh601012,10.73,10.01,10.22,10.5,10.21,19.066235,16219232,0.0,0.0,0.0,0.0705,0.0273
2013-07-16,隆基股份,sh601012,11.55,10.91,10.91,11.55,10.5,20.972858,33663256,0.0,0.0,0.0,0.0609,0.0586
2013-07-17,隆基股份,sh601012,11.62,11.21,11.35,11.41,11.55,20.718645,17825621,0.0,0.0,0.0,0.0354,0.0052
2013-07-18,隆基股份,sh601012,11.86,11.06,11.22,11.57,11.41,21.009184,11000759,0.0,0.0,0.0,0.0701,0.0311
2013-07-19,隆基股份,sh601012,12.25,11.13,11.38,11.25,11.57,20.428112,18478657,0.0,0.0,0.0,0.0968,-0.0114
2013-07-22,隆基股份,sh601012,11.88,11.25,11.3,11.79,11.25,21.40866,8570113,0.0,0.0,0.0,0.056,0.0433
2013-07-23,隆基股份,sh601012,12.37,11.6,11.77,12.34,11.79,22.407375,14022656,0.0,0.0,0.0,0.0653,0.0484
2013-07-24,隆基股份,sh601012,12.37,11.96,12.35,12.11,12.34,21.989723,6402034,0.0,0.0,0.0,0.0332,-0.0194
2013-07-25,隆基股份,sh601012,12.23,11.3,12.05,11.87,12.11,21.553932,9638509,0.0,0.0,0.0,0.0767,-0.0149
2013-07-26,隆基股份,sh601012,11.95,11.5,11.73,11.86,11.87,21.535784,6336747,0.0,0.0,0.0,0.0379,0.011
2013-07-29,隆基股份,sh601012,12.5,11.57,12.5,11.59,11.86,21.0455,11003766,0.0,0.0,0.0,0.0784,-0.0728
2013-07-30,隆基股份,sh601012,11.6,11.03,11.39,11.25,11.59,20.428108,6068010,0.0,0.0,0.0,0.0491,-0.0122
2013-07-31,隆基股份,sh601012,12.01,11.25,11.25,11.57,11.25,21.009165,4426594,0.0,0.0,0.0,0.0675,0.0284
2013-08-01,隆基股份,sh601012,12.15,11.5,11.5,11.88,11.57,21.572063,4374074,0.0,0.0,0.0,0.0561,0.033
2013-08-02,隆基股份,sh601012,12.25,11.84,12.1,11.87,11.88,21.5539,4434364,0.0,0.0,0.0,0.0345,-0.019
2013-08-05,隆基股份,sh601012,12.25,11.7,11.8,11.93,11.87,21.662855,7120139,0.0,0.0,0.0,0.0463,0.011
2013-08-06,隆基股份,sh601012,12.12,11.8,11.99,12.07,11.93,21.917068,4445106,0.0,0.0,0.0,0.0268,0.0066
2013-08-07,隆基股份,sh601012,12.95,11.87,12.16,12.69,12.07,23.042883,10393335,0.0,0.0,0.0,0.0894,0.0435
2013-08-08,隆基股份,sh601012,13.96,12.58,12.7,13.96,12.69,25.348991,15648592,0.0,0.0,0.0,0.1087,0.0992
2013-08-09,隆基股份,sh601012,14.57,13.91,14.57,14.34,13.96,26.039017,15948691,0.0,0.0,0.0,0.0472,-0.0157
2013-08-12,隆基股份,sh601012,14.4,13.95,14.21,14.0,14.34,25.42163,11412636,0.0,0.0,0.0,0.0313,-0.0147
2013-08-13,隆基股份,sh601012,14.68,13.54,14.2,14.13,14.0,25.657698,10794572,0.0,0.0,0.0,0.0814,-0.0049
2013-08-14,隆基股份,sh601012,14.2,13.64,13.91,13.88,14.13,25.203735,6582779,0.0,0.0,0.0,0.0396,-0.0021
2013-08-15,隆基股份,sh601012,14.28,13.48,13.78,14.09,13.88,25.585068,8119560,0.0,0.0,0.0,0.0576,0.0224
2013-08-16,隆基股份,sh601012,14.12,13.2,13.96,13.51,14.09,24.531883,7345291,0.0,0.0,0.0,0.0652,-0.0322
2013-08-19,隆基股份,sh601012,13.95,13.21,13.21,13.72,13.51,24.913208,4662355,0.0,0.0,0.0,0.0547,0.0386
2013-08-20,隆基股份,sh601012,14.33,13.65,13.79,13.93,13.72,25.294529,4263191,0.0,0.0,0.0,0.0495,0.0101
2013-08-21,隆基股份,sh601012,15.13,13.9,13.93,14.89,13.93,27.037727,9760795,0.0,0.0,0.0,0.0882,0.0689
2013-08-22,隆基股份,sh601012,15.51,14.61,14.66,15.16,14.89,27.528002,9312879,0.0,0.0,0.0,0.0604,0.0341
2013-08-23,隆基股份,sh601012,15.52,14.55,14.9,14.94,15.16,27.128515,5210846,0.0,0.0,0.0,0.0639,0.0026
2013-08-26,隆基股份,sh601012,15.0,14.61,14.85,14.94,14.94,27.128515,4349800,0.0,0.0,0.0,0.0261,0.006
2013-08-27,隆基股份,sh601012,14.94,14.43,14.93,14.76,14.94,26.801672,4758812,0.0,0.0,0.0,0.0341,-0.0113
2013-08-28,隆基股份,sh601012,14.94,14.22,14.69,14.49,14.76,26.311388,5060429,0.0,0.0,0.0,0.0487,-0.0136
2013-08-29,隆基股份,sh601012,14.89,14.3,14.5,14.8,14.49,26.874294,3307320,0.0,0.0,0.0,0.0407,0.0206
2013-08-30,隆基股份,sh601012,15.72,14.46,14.81,15.3,14.8,27.782215,8204376,0.0,0.0,0.0,0.0851,0.033
2013-09-02,隆基股份,sh601012,15.79,14.1,15.47,14.37,15.3,26.093502,11399892,0.0,0.0,0.0,0.1104,-0.0711
2013-09-03,隆基股份,sh601012,14.95,14.0,14.28,14.65,14.37,26.601933,5055475,0.0,0.0,0.0,0.0661,0.0259
2013-09-04,隆基股份,sh601012,15.35,14.48,14.6,15.09,14.65,27.400896,5529366,0.0,0.0,0.0,0.0593,0.0335
2013-09-05,隆基股份,sh601012,15.5,14.9,15.1,15.18,15.09,27.564314,4822178,0.0,0.0,0.0,0.0397,0.0052
2013-09-06,隆基股份,sh601012,15.22,14.68,15.12,14.79,15.18,26.856133,2973485,0.0,0.0,0.0,0.0355,-0.0218
2013-09-09,隆基股份,sh601012,14.85,13.6,14.79,14.05,14.79,25.512413,9287367,0.0,0.0,0.0,0.0845,-0.05
2013-09-10,隆基股份,sh601012,14.42,13.79,13.98,14.36,14.05,26.075317,4193745,0.0,0.0,0.0,0.0448,0.0271
2013-09-11,隆基股份,sh601012,14.37,13.5,14.3,13.52,14.36,24.550016,5836951,0.0,0.0,0.0,0.0605,-0.0545
2013-09-12,隆基股份,sh601012,13.95,13.32,13.45,13.44,13.52,24.404755,5301366,0.0,0.0,0.0,0.0465,-7.0E-4
2013-09-13,隆基股份,sh601012,13.85,13.4,13.48,13.7,13.44,24.876863,4176427,0.0,0.0,0.0,0.0334,0.0163
2013-09-16,隆基股份,sh601012,15.07,13.65,13.71,15.07,13.7,27.36455,9021686,0.0,0.0,0.0,0.1036,0.0991
2013-09-17,隆基股份,sh601012,15.2,14.66,14.95,15.07,15.07,27.36455,5370127,0.0,0.0,0.0,0.0358,0.008
2013-09-18,隆基股份,sh601012,16.25,14.72,15.07,15.81,15.07,28.70826,7388930,0.0,0.0,0.0,0.1015,0.0491
2013-09-23,隆基股份,sh601012,16.26,15.52,15.83,15.91,15.81,28.88984,6224868,0.0,0.0,0.0,0.0468,0.005
2013-09-24,隆基股份,sh601012,16.16,15.29,15.77,15.3,15.91,27.782173,5420585,0.0,0.0,0.0,0.0546,-0.0298
2013-09-25,隆基股份,sh601012,15.9,15.25,15.28,15.31,15.3,27.800343,4538845,0.0,0.0,0.0,0.0424,0.0019
2013-09-26,隆基股份,sh601012,15.91,14.8,15.3,15.05,15.31,27.328238,5049489,0.0,0.0,0.0,0.0725,-0.0163
2013-09-27,隆基股份,sh601012,16.09,14.92,15.08,15.95,15.05,28.962494,7055970,0.0,0.0,0.0,0.0777,0.0576
2013-09-30,隆基股份,sh601012,17.19,16.08,16.08,16.83,15.95,30.560413,8305666,0.0,0.0,0.0,0.0695,0.0466
2013-10-08,隆基股份,sh601012,18.51,16.59,16.61,18.51,16.83,33.611015,8784937,0.0,0.0,0.0,0.114,0.1143
2013-10-09,隆基股份,sh601012,18.69,17.92,18.5,18.46,18.51,33.52023,6470954,0.0,0.0,0.0,0.0415,-0.0021
2013-10-10,隆基股份,sh601012,19.05,18.06,18.06,18.99,18.46,34.48263,8739063,0.0,0.0,0.0,0.0536,0.0514
2013-10-11,隆基股份,sh601012,19.1,18.28,18.6,18.62,18.99,33.810772,6039611,0.0,0.0,0.0,0.0431,0.001
2013-10-14,隆基股份,sh601012,18.5,17.6,18.47,18.07,18.62,32.81207,6613155,0.0,0.0,0.0,0.0483,-0.0216
2013-10-15,隆基股份,sh601012,18.59,17.75,18.02,18.1,18.07,32.866535,4818729,0.0,0.0,0.0,0.0464,0.0044
2013-10-16,隆基股份,sh601012,18.88,17.1,18.63,17.17,18.1,31.17782,5370889,0.0,0.0,0.0,0.0983,-0.0783
2013-10-17,隆基股份,sh601012,18.3,17.23,17.39,17.52,17.17,31.813349,7437546,0.0,0.0,0.0,0.0623,0.0074
2013-10-18,隆基股份,sh601012,17.88,17.08,17.51,17.5,17.52,31.777018,3079969,0.0,0.0,0.0,0.0456,-5.0E-4
2013-10-21,隆基股份,sh601012,18.98,17.32,17.4,18.92,17.5,34.3555,8883448,0.0,0.0,0.0,0.0948,0.0873
2013-10-22,隆基股份,sh601012,19.35,18.16,18.97,18.42,18.92,33.44759,6726510,0.0,0.0,0.0,0.0628,-0.0289
2013-10-23,隆基股份,sh601012,18.65,16.58,18.55,16.58,18.42,30.106476,7690231,0.0,0.0,0.0,0.1123,-0.1061
2013-10-24,隆基股份,sh601012,17.17,15.96,15.96,16.41,16.58,29.797792,5222978,0.0,0.0,0.0,0.0729,0.0281
2013-10-25,隆基股份,sh601012,16.99,14.9,16.2,16.03,16.41,29.107765,8246929,0.0,0.0,0.0,0.1273,-0.0104
2013-10-28,隆基股份,sh601012,16.99,15.77,16.0,16.93,16.03,30.742022,6311574,0.0,0.0,0.0,0.0761,0.0581
2013-10-29,隆基股份,sh601012,16.91,15.24,16.91,16.65,16.93,30.23358,7804233,0.0,0.0,0.0,0.0986,-0.0153
2013-10-30,隆基股份,sh601012,16.59,15.9,16.59,16.32,16.65,29.63435,4315523,0.0,0.0,0.0,0.0414,-0.0162
2013-10-31,隆基股份,sh601012,16.19,15.0,16.19,15.17,16.32,27.546135,5887521,0.0,0.0,0.0,0.0729,-0.063
2013-11-01,隆基股份,sh601012,15.77,14.43,15.25,15.58,15.17,28.290625,9058874,0.0,0.0,0.0,0.0883,0.0216
2013-11-04,隆基股份,sh601012,16.1,15.51,15.6,16.02,15.58,29.08958,5769645,0.0,0.0,0.0,0.0378,0.0269
2013-11-05,隆基股份,sh601012,17.18,16.03,16.25,16.8,16.02,30.505922,6897141,0.0,0.0,0.0,0.0717,0.0338
2013-11-06,隆基股份,sh601012,18.45,16.65,16.8,17.62,16.8,31.994917,9149421,0.0,0.0,0.0,0.1071,0.0488
2013-11-07,隆基股份,sh601012,18.4,17.2,17.62,17.37,17.62,31.540974,6777667,0.0,0.0,0.0,0.0681,-0.0141
2013-11-08,隆基股份,sh601012,17.2,15.78,17.05,16.44,17.37,29.852238,5451590,0.0,0.0,0.0,0.0817,-0.0357
2013-11-11,隆基股份,sh601012,17.1,16.02,16.26,16.8,16.44,30.505941,3860103,0.0,0.0,0.0,0.0656,0.0332
2013-11-12,隆基股份,sh601012,17.73,16.8,16.8,17.17,16.8,31.177805,4199553,0.0,0.0,0.0,0.0553,0.022
2013-11-13,隆基股份,sh601012,17.1,16.15,17.1,16.25,17.17,29.507236,3064427,0.0,0.0,0.0,0.0553,-0.0497
2013-11-14,隆基股份,sh601012,17.0,16.31,16.39,16.76,16.25,30.433321,3401974,0.0,0.0,0.0,0.0424,0.0225
2013-11-15,隆基股份,sh601012,17.5,16.51,16.51,16.9,16.76,30.68753,4961786,0.0,0.0,0.0,0.059,0.0236
2013-11-18,隆基股份,sh601012,17.85,16.57,16.9,17.74,16.9,32.212822,4774969,0.0,0.0,0.0,0.0757,0.0497
2013-11-19,隆基股份,sh601012,18.18,17.52,17.52,17.81,17.74,32.339935,3591924,0.0,0.0,0.0,0.0372,0.0165
2013-11-20,隆基股份,sh601012,17.99,17.25,17.83,17.89,17.81,32.485207,2852379,0.0,0.0,0.0,0.0415,0.0033
2013-11-21,隆基股份,sh601012,17.85,17.41,17.55,17.64,17.89,32.031258,2347486,0.0,0.0,0.0,0.0245,0.0051
2013-11-22,隆基股份,sh601012,17.76,16.42,17.6,16.86,17.64,30.614899,5653653,0.0,0.0,0.0,0.0759,-0.042
2013-11-25,隆基股份,sh601012,16.67,16.24,16.67,16.3,16.86,29.598026,3319030,0.0,0.0,0.0,0.0255,-0.0221
2013-11-26,隆基股份,sh601012,16.62,15.87,16.3,16.58,16.3,30.10646,3240613,0.0,0.0,0.0,0.046,0.0171
2013-11-27,隆基股份,sh601012,17.03,16.36,16.58,16.68,16.58,30.288033,4232483,0.0,0.0,0.0,0.0404,0.006
2013-11-28,隆基股份,sh601012,16.87,16.28,16.68,16.63,16.68,30.19723,4805386,0.0,0.0,0.0,0.0353,-0.0029
2013-11-29,隆基股份,sh601012,16.65,15.95,16.49,16.31,16.63,29.616175,9204677,0.0,0.0,0.0,0.042,-0.0109
2013-12-02,隆基股份,sh601012,16.95,15.56,15.88,15.89,16.31,28.853527,4942485,0.0,0.0,0.0,0.0852,6.0E-4
2013-12-03,隆基股份,sh601012,16.35,15.64,15.7,16.31,15.89,29.616184,3575459,0.0,0.0,0.0,0.0446,0.0388
2013-12-04,隆基股份,sh601012,16.8,16.2,16.2,16.56,16.31,30.07014,3857303,0.0,0.0,0.0,0.0367,0.0222
2013-12-05,隆基股份,sh601012,16.6,15.8,16.45,16.02,16.56,29.089584,4056540,0.0,0.0,0.0,0.0483,-0.0261
2013-12-06,隆基股份,sh601012,16.0,14.92,15.9,15.7,16.02,28.50852,8326041,0.0,0.0,0.0,0.0674,-0.0125
2013-12-09,隆基股份,sh601012,15.63,15.08,15.61,15.34,15.7,27.854818,5030241,0.0,0.0,0.0,0.035,-0.0172
2013-12-10,隆基股份,sh601012,15.64,15.2,15.36,15.53,15.34,28.19983,4810487,0.0,0.0,0.0,0.0286,0.011
2013-12-11,隆基股份,sh601012,15.72,14.78,15.72,14.94,15.53,27.128489,6022751,0.0,0.0,0.0,0.0605,-0.0496
2013-12-12,隆基股份,sh601012,15.25,14.69,14.83,14.95,14.94,27.146639,3303179,0.0,0.0,0.0,0.0374,0.008
2013-12-13,隆基股份,sh601012,15.25,14.7,14.98,15.19,14.95,27.58245,4318095,0.0,0.0,0.0,0.0367,0.014
2013-12-16,隆基股份,sh601012,15.45,14.92,15.08,15.41,15.19,27.981926,4604726,0.0,0.0,0.0,0.0348,0.0218
2014-01-13,隆基股份,sh601012,16.17,14.7,14.78,14.92,15.41,27.092157,7562663,0.0,0.0,0.0,0.0953,0.0094
2014-01-14,隆基股份,sh601012,15.64,14.75,14.75,15.34,14.92,27.854801,3825639,0.0,0.0,0.0,0.0596,0.0399
2014-01-15,隆基股份,sh601012,16.6,15.4,15.65,16.58,15.34,30.106417,8639977,0.0,0.0,0.0,0.0782,0.0594
2014-01-16,隆基股份,sh601012,17.13,16.6,16.6,16.76,16.58,30.433252,5697603,0.0,0.0,0.0,0.0319,0.0096
2014-01-17,隆基股份,sh601012,16.86,16.4,16.8,16.52,16.76,29.997448,2941394,0.0,0.0,0.0,0.0274,-0.0166
2014-01-20,隆基股份,sh601012,16.66,16.0,16.5,16.43,16.52,29.834023,3847574,0.0,0.0,0.0,0.0399,-0.0042
2014-01-21,隆基股份,sh601012,16.68,16.17,16.4,16.46,16.43,29.888498,1109692,0.0,0.0,0.0,0.031,0.0036
2014-01-22,隆基股份,sh601012,16.99,16.46,16.47,16.85,16.46,30.596678,2919106,0.0,0.0,0.0,0.0321,0.023
2014-01-23,隆基股份,sh601012,17.83,16.77,16.77,17.44,16.85,31.66802,7154793,0.0,0.0,0.0,0.0629,0.0399
2014-01-24,隆基股份,sh601012,18.17,17.25,17.25,17.56,17.44,31.885927,6360173,0.0,0.0,0.0,0.0527,0.0179
2014-01-27,隆基股份,sh601012,17.28,16.33,17.28,16.38,17.56,29.743258,6808234,0.0,0.0,0.0,0.0541,-0.052
2014-01-28,隆基股份,sh601012,16.55,15.9,16.4,16.0,16.38,29.053244,3975906,0.0,0.0,0.0,0.0396,-0.0243
2014-01-29,隆基股份,sh601012,16.33,15.93,16.04,16.25,16.0,29.5072,2532322,0.0,0.0,0.0,0.0249,0.013
2014-01-30,隆基股份,sh601012,16.3,15.31,16.3,15.4,16.25,27.963737,3808247,0.0,0.0,0.0,0.0609,-0.0552
2014-02-07,隆基股份,sh601012,15.75,15.2,15.4,15.42,15.4,28.000063,2434249,0.0,0.0,0.0,0.0357,0.0012
2014-02-10,隆基股份,sh601012,16.21,15.27,15.3,16.15,15.42,29.325613,5847968,0.0,0.0,0.0,0.0609,0.0555
2014-02-11,隆基股份,sh601012,16.98,16.03,16.15,16.95,16.15,30.778286,7905336,0.0,0.0,0.0,0.0588,0.0495
2014-02-12,隆基股份,sh601012,16.96,16.36,16.95,16.76,16.95,30.433292,5952268,0.0,0.0,0.0,0.0353,-0.0112
2014-02-13,隆基股份,sh601012,16.69,16.18,16.69,16.2,16.76,29.416426,4710626,0.0,0.0,0.0,0.0304,-0.0293
2014-02-14,隆基股份,sh601012,16.43,15.74,16.2,15.92,16.2,28.907991,6039735,0.0,0.0,0.0,0.0425,-0.0172
2014-02-17,隆基股份,sh601012,16.6,15.36,15.85,16.42,15.92,29.815905,11789493,0.0,0.0,0.0,0.0778,0.0359
2014-02-18,隆基股份,sh601012,16.42,15.8,16.25,16.11,16.42,29.25301,6696878,0.0,0.0,0.0,0.0377,-0.0086
2014-02-19,隆基股份,sh601012,16.0,15.56,15.99,15.84,16.11,28.76273,5188315,0.0,0.0,0.0,0.0273,-0.0093
2014-02-20,隆基股份,sh601012,15.91,15.42,15.84,15.44,15.84,28.036385,4265672,0.0,0.0,0.0,0.0309,-0.0252
2014-02-21,隆基股份,sh601012,15.63,14.99,15.5,15.14,15.44,27.491638,5332790,0.0,0.0,0.0,0.0414,-0.0232
2014-02-24,隆基股份,sh601012,15.18,14.01,15.18,14.48,15.14,26.293196,7869471,0.0,0.0,0.0,0.0772,-0.0461
2014-02-25,隆基股份,sh601012,14.7,13.03,14.51,13.03,14.48,23.660248,9073374,0.0,0.0,0.0,0.1153,-0.1019
2014-02-26,隆基股份,sh601012,13.58,12.66,13.2,12.99,13.03,23.58761,8369461,0.0,0.0,0.0,0.0706,-0.0159
2014-02-27,隆基股份,sh601012,13.47,13.04,13.04,13.17,12.99,23.914463,4851241,0.0,0.0,0.0,0.0331,0.0099
2014-02-28,隆基股份,sh601012,13.2,12.25,13.2,12.59,13.17,22.861294,7860466,0.0,0.0,0.0,0.0721,-0.0462
2014-03-03,隆基股份,sh601012,12.95,12.3,12.57,12.44,12.59,22.588924,9827512,0.0,0.0,0.0,0.0516,-0.0103
2014-03-04,隆基股份,sh601012,12.92,12.29,12.38,12.79,12.44,23.224464,7877896,0.0,0.0,0.0,0.0506,0.0331
2014-03-05,隆基股份,sh601012,13.06,12.6,12.81,12.7,12.79,23.061033,7777100,0.0,0.0,0.0,0.0359,-0.0085
2014-03-06,隆基股份,sh601012,12.62,11.95,12.62,12.2,12.7,22.15312,10507623,0.0,0.0,0.0,0.0527,-0.0332
2014-03-07,隆基股份,sh601012,13.12,12.22,12.27,12.99,12.2,23.587624,14336381,0.0,0.0,0.0,0.0737,0.0586
2014-03-10,隆基股份,sh601012,13.55,12.5,12.89,13.28,12.99,24.114218,13815921,0.0,0.0,0.0,0.0808,0.0302
2014-03-11,隆基股份,sh601012,13.49,12.91,13.29,13.2,13.28,23.968954,8880861,0.0,0.0,0.0,0.0436,-0.0067
2014-03-12,隆基股份,sh601012,13.2,12.71,13.15,13.1,13.2,23.787365,4418827,0.0,0.0,0.0,0.0371,-0.0038
2014-03-13,隆基股份,sh601012,13.72,13.1,13.14,13.58,13.1,24.658958,8388521,0.0,0.0,0.0,0.0473,0.0334
2014-03-14,隆基股份,sh601012,13.58,13.25,13.46,13.35,13.58,24.241308,4565100,0.0,0.0,0.0,0.0243,-0.0081
2014-03-17,隆基股份,sh601012,13.46,13.18,13.3,13.43,13.35,24.386587,3740742,0.0,0.0,0.0,0.0209,0.0097
2014-03-18,隆基股份,sh601012,13.46,13.16,13.43,13.26,13.43,24.077902,4403048,0.0,0.0,0.0,0.0223,-0.0126
2014-03-19,隆基股份,sh601012,13.24,12.54,13.24,12.64,13.26,22.952091,5518057,0.0,0.0,0.0,0.0527,-0.0453
2014-03-20,隆基股份,sh601012,12.98,12.3,12.58,12.32,12.64,22.371037,4792851,0.0,0.0,0.0,0.0537,-0.0206
2014-03-21,隆基股份,sh601012,12.57,12.07,12.3,12.47,12.32,22.643404,5663649,0.0,0.0,0.0,0.0405,0.0138
2014-03-24,隆基股份,sh601012,13.72,12.52,12.58,13.54,12.47,24.586344,10153740,0.0,0.0,0.0,0.0962,0.0763
2014-03-25,隆基股份,sh601012,13.6,13.22,13.38,13.5,13.54,24.513716,4173837,0.0,0.0,0.0,0.028,0.0089
2014-03-26,隆基股份,sh601012,13.74,13.37,13.48,13.46,13.5,24.441082,4613532,0.0,0.0,0.0,0.0274,-0.0014
2014-03-27,隆基股份,sh601012,13.71,13.33,13.45,13.49,13.46,24.49556,5955601,0.0,0.0,0.0,0.0282,0.0029
2014-03-28,隆基股份,sh601012,13.65,13.05,13.47,13.11,13.49,23.805546,5386110,0.0,0.0,0.0,0.0444,-0.0267
2014-03-31,隆基股份,sh601012,13.2,12.55,12.95,13.15,13.11,23.878176,3694964,0.0,0.0,0.0,0.0495,0.0154
2014-04-01,隆基股份,sh601012,13.57,13.0,13.18,13.35,13.15,24.241339,2303605,0.0,0.0,0.0,0.0433,0.0128
2014-04-02,隆基股份,sh601012,13.65,13.3,13.43,13.48,13.35,24.477402,2717151,0.0,0.0,0.0,0.0262,0.0037
2014-04-03,隆基股份,sh601012,13.65,13.4,13.4,13.44,13.48,24.404776,3072101,0.0,0.0,0.0,0.0185,0.0029
2014-04-04,隆基股份,sh601012,14.09,13.4,13.44,13.98,13.44,25.385336,6984096,0.0,0.0,0.0,0.0513,0.0401
2014-04-08,隆基股份,sh601012,14.45,13.92,14.11,14.37,13.98,26.093512,8938247,0.0,0.0,0.0,0.0379,0.0184
2014-04-09,隆基股份,sh601012,14.75,14.3,14.41,14.5,14.37,26.329578,7628132,0.0,0.0,0.0,0.0313,0.0062
2014-04-10,隆基股份,sh601012,14.98,14.48,14.79,14.51,14.5,26.347746,8964815,0.0,0.0,0.0,0.0344,-0.0189
2014-04-11,隆基股份,sh601012,14.6,14.21,14.4,14.52,14.51,26.3659,4297792,0.0,0.0,0.0,0.0268,0.0083
2014-04-14,隆基股份,sh601012,14.66,14.25,14.52,14.37,14.52,26.093513,2945053,0.0,0.0,0.0,0.0282,-0.0103
2014-04-15,隆基股份,sh601012,15.08,14.3,14.37,15.02,14.37,27.273802,6630626,0.0,0.0,0.0,0.0542,0.0452
2014-04-16,隆基股份,sh601012,15.4,14.9,15.06,14.91,15.02,27.074049,3797269,0.0,0.0,0.0,0.0332,-0.0099
2014-04-17,隆基股份,sh601012,15.19,14.74,14.91,14.86,14.91,26.983269,3394836,0.0,0.0,0.0,0.0301,-0.0033
2014-04-18,隆基股份,sh601012,15.22,14.8,14.8,15.05,14.86,27.328278,3323487,0.0,0.0,0.0,0.0282,0.0168
2014-04-21,隆基股份,sh601012,15.16,14.51,14.92,14.61,15.05,26.529308,3302100,0.0,0.0,0.0,0.0431,-0.0207
2014-04-22,隆基股份,sh601012,14.74,13.9,14.61,14.11,14.61,25.621395,5387501,0.0,0.0,0.0,0.0574,-0.0342
2014-04-23,隆基股份,sh601012,14.49,14.06,14.22,14.41,14.11,26.166157,1704335,0.0,0.0,0.0,0.0304,0.0133
2014-04-24,隆基股份,sh601012,14.64,13.94,14.25,14.24,14.41,25.857475,3294076,0.0,0.0,0.0,0.0485,-7.0E-4
2014-04-25,隆基股份,sh601012,14.22,13.49,14.22,13.52,14.24,24.55007,3040117,0.0,0.0,0.0,0.0512,-0.0492
2014-04-28,隆基股份,sh601012,13.62,12.95,13.52,13.11,13.52,23.805588,2119920,0.0,0.0,0.0,0.0495,-0.0303
2014-04-29,隆基股份,sh601012,13.55,13.0,13.0,13.51,13.11,24.531921,1335533,0.0,0.0,0.0,0.0419,0.0392
2014-04-30,隆基股份,sh601012,13.69,13.35,13.63,13.51,13.51,24.531921,3743756,0.0,0.0,0.0,0.0251,-0.0088
2014-05-05,隆基股份,sh601012,13.64,13.37,13.5,13.55,13.51,24.604559,1971241,0.0,0.0,0.0,0.0199,0.0037
2014-05-06,隆基股份,sh601012,13.95,13.5,13.5,13.72,13.55,24.913248,3058324,0.0,0.0,0.0,0.0332,0.0162
2014-05-07,隆基股份,sh601012,13.7,13.2,13.7,13.21,13.72,23.987173,2154647,0.0,0.0,0.0,0.0364,-0.0357
2014-05-08,隆基股份,sh601012,13.4,13.04,13.11,13.25,13.21,24.059807,2184140,0.0,0.0,0.0,0.0272,0.0106
2014-05-09,隆基股份,sh601012,13.85,13.13,13.25,13.42,13.25,24.368494,1915578,0.0,0.0,0.0,0.0543,0.0128
2014-05-12,隆基股份,sh601012,13.79,13.47,13.47,13.65,13.42,24.786146,3361511,0.0,0.0,0.0,0.0238,0.0133
2014-05-13,隆基股份,sh601012,13.74,13.25,13.62,13.3,13.65,24.150604,2383669,0.0,0.0,0.0,0.0358,-0.0234
2014-05-14,隆基股份,sh601012,13.63,13.2,13.31,13.45,13.3,24.422974,4566812,0.0,0.0,0.0,0.0323,0.0105
2014-05-15,隆基股份,sh601012,13.45,12.68,13.4,13.13,13.45,23.841904,6948883,0.0,0.0,0.0,0.0572,-0.0201
2014-05-16,隆基股份,sh601012,13.12,12.85,13.12,12.97,13.13,23.551365,2046913,0.0,0.0,0.0,0.0205,-0.0114
2014-05-19,隆基股份,sh601012,13.1,12.8,12.88,13.02,12.97,23.642157,1634331,0.0,0.0,0.0,0.0231,0.0108
2014-05-20,隆基股份,sh601012,13.33,12.96,13.19,13.13,13.02,23.84191,1794852,0.0,0.0,0.0,0.0284,-0.0045
2014-05-21,隆基股份,sh601012,13.15,12.64,13.15,13.01,13.13,23.624018,5044645,0.0,0.0,0.0,0.0388,-0.0106
2014-05-22,隆基股份,sh601012,13.31,13.0,13.11,13.03,13.01,23.660328,2955878,0.0,0.0,0.0,0.0238,-0.0061
2014-05-23,隆基股份,sh601012,13.19,12.81,13.02,13.15,13.03,23.878239,4403037,0.0,0.0,0.0,0.0291,0.0099
2014-05-26,隆基股份,sh601012,13.6,13.15,13.25,13.58,13.15,24.659058,3761368,0.0,0.0,0.0,0.0342,0.0249
2014-05-27,隆基股份,sh601012,13.78,13.44,13.49,13.6,13.58,24.695381,4730940,0.0,0.0,0.0,0.025,0.0081
2014-05-28,隆基股份,sh601012,13.65,13.32,13.65,13.54,13.6,24.586424,4895152,0.0,0.0,0.0,0.0242,-0.008
2014-05-29,隆基股份,sh601012,13.65,13.33,13.54,13.44,13.54,24.404829,3921454,0.0,0.0,0.0,0.0236,-0.0073
2014-05-30,隆基股份,sh601012,13.73,13.46,13.49,13.56,13.44,24.62274,3176145,0.0,0.0,0.0,0.02,0.0051
2014-06-03,隆基股份,sh601012,13.72,13.31,13.53,13.33,13.56,24.20509,2519462,0.0,0.0,0.0,0.0302,-0.0147
2014-06-04,隆基股份,sh601012,13.3,12.81,13.22,13.0,13.33,23.605867,5731796,0.0,0.0,0.0,0.0367,-0.0166
2014-06-05,隆基股份,sh601012,13.02,12.72,12.92,13.0,13.0,23.605867,3618477,0.0,0.0,0.0,0.023,0.0061
2014-06-06,隆基股份,sh601012,13.03,12.86,12.98,12.89,13.0,23.406115,973089,0.0,0.0,0.0,0.013,-0.0069
2014-06-09,隆基股份,sh601012,13.06,12.7,12.88,13.02,12.89,23.642166,2350677,0.0,0.0,0.0,0.0279,0.0108
2014-06-10,隆基股份,sh601012,13.13,12.84,13.02,13.03,13.02,23.660322,3311868,0.0,0.0,0.0,0.0222,7.0E-4
2014-06-11,隆基股份,sh601012,13.48,12.92,13.05,13.39,13.03,24.314034,5051505,0.0,0.0,0.0,0.0429,0.026
2014-06-12,隆基股份,sh601012,13.64,13.3,13.38,13.52,13.39,24.550098,3635746,0.0,0.0,0.0,0.0253,0.0104
2014-06-13,隆基股份,sh601012,13.74,13.34,13.42,13.48,13.52,24.477455,5518828,0.0,0.0,0.0,0.0295,0.0044
2014-06-16,隆基股份,sh601012,13.98,13.45,13.46,13.96,13.48,25.349049,6480343,0.0,0.0,0.0,0.0393,0.0371
2014-06-17,隆基股份,sh601012,14.45,13.86,13.96,14.09,13.96,25.585098,7713911,0.0,0.0,0.0,0.0422,0.0093
2014-06-18,隆基股份,sh601012,15.5,14.48,15.5,15.5,14.09,28.145426,32614650,0.0,0.0,0.0,0.0723,0.0
2014-07-01,隆基股份,sh601012,16.54,14.95,15.6,16.25,15.5,29.507298,28555294,0.0,0.0,0.0,0.1025,0.0416
2014-07-02,隆基股份,sh601012,16.27,15.51,16.22,15.93,16.25,28.926239,11126750,0.0,0.0,0.0,0.0467,-0.0178
2014-07-03,隆基股份,sh601012,16.12,15.78,15.9,15.97,15.93,28.998873,10303757,0.0,0.0,0.0,0.0213,0.0044
2014-07-04,隆基股份,sh601012,16.22,15.58,16.01,15.59,15.97,28.308846,6629791,0.0,0.0,0.0,0.04,-0.0262
2014-07-07,隆基股份,sh601012,15.87,15.52,15.66,15.83,15.59,28.744633,5694194,0.0,0.0,0.0,0.0224,0.0108
2014-07-08,隆基股份,sh601012,16.3,15.62,15.83,16.15,15.83,29.325705,9052353,0.0,0.0,0.0,0.0429,0.0202
2014-07-09,隆基股份,sh601012,16.16,15.6,16.15,15.61,16.15,28.34514,6685289,0.0,0.0,0.0,0.0346,-0.0334
2014-07-10,隆基股份,sh601012,15.94,14.78,15.66,15.09,15.61,27.491697,9606043,0.0,0.0,0.0,0.0743,-0.0363
2014-07-11,隆基股份,sh601012,15.45,14.87,15.04,15.13,15.09,27.564577,6965691,0.0,0.0,0.0,0.0384,0.0059
2014-07-14,隆基股份,sh601012,15.5,15.1,15.1,15.31,15.13,27.892513,5229878,0.0,0.0,0.0,0.0264,0.0139
2014-07-15,隆基股份,sh601012,15.64,15.18,15.34,15.29,15.31,27.856085,7329250,0.0,0.0,0.0,0.03,-0.0032
2014-07-16,隆基股份,sh601012,15.48,14.88,15.22,15.13,15.29,27.5646,3870310,0.0,0.0,0.0,0.0392,-0.0059
2014-07-17,隆基股份,sh601012,15.39,14.78,15.0,15.11,15.13,27.52816,3517371,0.0,0.0,0.0,0.0403,0.0073
2014-07-18,隆基股份,sh601012,15.48,15.08,15.21,15.29,15.11,27.856102,5153306,0.0,0.0,0.0,0.0264,0.0052
2014-07-21,隆基股份,sh601012,16.14,15.57,15.7,15.71,15.29,28.62128,14412434,0.0,0.0,0.0,0.0372,6.0E-4
2014-07-22,隆基股份,sh601012,16.13,15.46,15.58,15.94,15.71,29.040297,10413358,0.0,0.0,0.0,0.0426,0.0231
2014-07-23,隆基股份,sh601012,16.52,15.76,15.84,16.39,15.94,29.860134,11018902,0.0,0.0,0.0,0.0476,0.0347
2014-07-24,隆基股份,sh601012,16.75,16.01,16.3,16.16,16.39,29.441107,8080833,0.0,0.0,0.0,0.0451,-0.0085
2014-07-25,隆基股份,sh601012,16.39,15.86,16.24,15.98,16.16,29.113161,4618160,0.0,0.0,0.0,0.0327,-0.016
2014-07-28,隆基股份,sh601012,16.95,15.81,15.94,16.89,15.98,30.77104,12699256,0.0,0.0,0.0,0.0713,0.0595
2014-07-29,隆基股份,sh601012,17.27,16.63,16.88,16.88,16.89,30.752823,10441004,0.0,0.0,0.0,0.0378,0.0
2014-07-30,隆基股份,sh601012,17.03,16.47,16.89,16.52,16.88,30.096958,7933651,0.0,0.0,0.0,0.0331,-0.0219
2014-07-31,隆基股份,sh601012,16.8,16.27,16.3,16.69,16.52,30.406687,4305896,0.0,0.0,0.0,0.032,0.0239
2014-08-01,隆基股份,sh601012,16.67,15.81,16.56,15.89,16.69,28.949202,9636999,0.0,0.0,0.0,0.0515,-0.0404
2014-08-04,隆基股份,sh601012,16.19,15.3,15.9,16.13,15.89,29.386452,10447395,0.0,0.0,0.0,0.056,0.0144
2014-08-05,隆基股份,sh601012,16.36,15.87,16.12,16.25,16.13,29.605085,7200323,0.0,0.0,0.0,0.0303,0.008
2014-08-06,隆基股份,sh601012,17.86,16.22,16.22,17.29,16.25,31.499811,17245192,0.0,0.0,0.0,0.1009,0.0659
2014-08-07,隆基股份,sh601012,17.85,17.5,17.5,17.64,17.29,32.137463,15726862,0.0,0.0,0.0,0.0202,0.008
2014-08-08,隆基股份,sh601012,18.2,17.29,17.6,17.32,17.64,31.554457,12079251,0.0,0.0,0.0,0.0515,-0.0159
2014-08-11,隆基股份,sh601012,18.41,17.55,17.59,18.2,17.32,33.157677,14079757,0.0,0.0,0.0,0.0496,0.0346
2014-08-12,隆基股份,sh601012,18.4,17.83,18.18,18.12,18.2,33.011913,6547874,0.0,0.0,0.0,0.0313,-0.0033
2014-08-13,隆基股份,sh601012,18.3,17.78,18.01,18.0,18.12,32.793278,6415851,0.0,0.0,0.0,0.0286,-5.0E-4
2014-08-14,隆基股份,sh601012,18.37,17.6,18.07,17.85,18.0,32.52001,5648058,0.0,0.0,0.0,0.0427,-0.0121
2014-08-15,隆基股份,sh601012,18.15,17.78,17.78,17.91,17.85,32.62931,5297036,0.0,0.0,0.0,0.0207,0.0073
2014-08-18,隆基股份,sh601012,18.55,17.75,17.8,18.5,17.91,33.704185,6573811,0.0,0.0,0.0,0.0446,0.0393
2014-08-19,隆基股份,sh601012,18.67,18.03,18.38,18.42,18.5,33.55845,4444944,0.0,0.0,0.0,0.0345,0.0021
2014-08-20,隆基股份,sh601012,18.75,18.1,18.3,18.53,18.42,33.758858,4870458,0.0,0.0,0.0,0.0352,0.0125
2014-08-21,隆基股份,sh601012,18.65,18.12,18.4,18.55,18.53,33.795284,4690535,0.0,0.0,0.0,0.0286,0.0081
2014-08-22,隆基股份,sh601012,19.87,18.33,18.55,19.44,18.55,35.416714,9696677,0.0,0.0,0.0,0.083,0.0479
2014-08-25,隆基股份,sh601012,19.86,19.18,19.61,19.58,19.44,35.671787,6439363,0.0,0.0,0.0,0.0349,-0.0015
2014-08-26,隆基股份,sh601012,19.58,18.54,19.48,18.71,19.58,34.08678,6977990,0.0,0.0,0.0,0.0531,-0.0395
2014-08-27,隆基股份,sh601012,19.07,18.36,18.72,18.98,18.71,34.57869,3929334,0.0,0.0,0.0,0.0379,0.0138
2014-08-28,隆基股份,sh601012,19.8,18.88,19.0,19.19,18.98,34.961266,4617980,0.0,0.0,0.0,0.0484,0.01
2014-08-29,隆基股份,sh601012,19.5,18.71,19.19,19.47,19.19,35.471386,3604096,0.0,0.0,0.0,0.0411,0.0145
2014-09-01,隆基股份,sh601012,19.95,19.05,19.4,19.8,19.47,36.07259,7872818,0.0,0.0,0.0,0.0462,0.0206
2014-09-02,隆基股份,sh601012,20.02,19.56,19.8,19.85,19.8,36.163673,7271260,0.0,0.0,0.0,0.0232,0.0025
2014-09-03,隆基股份,sh601012,20.5,19.62,19.87,20.26,19.85,36.910633,9375588,0.0,0.0,0.0,0.0443,0.0196
2014-09-04,隆基股份,sh601012,20.65,19.96,20.27,20.61,20.26,37.548267,8950907,0.0,0.0,0.0,0.034,0.0167
2014-09-05,隆基股份,sh601012,21.6,20.21,20.9,20.59,20.61,37.511845,14779043,0.0,0.0,0.0,0.0674,-0.0148
2014-09-09,隆基股份,sh601012,20.81,19.96,20.5,20.61,20.59,37.548267,5986051,0.0,0.0,0.0,0.0412,0.0053
2014-09-10,隆基股份,sh601012,21.3,20.55,20.73,21.23,20.61,38.677795,7881655,0.0,0.0,0.0,0.0363,0.0241
2014-09-11,隆基股份,sh601012,22.19,21.01,21.1,21.63,21.23,39.406525,9747676,0.0,0.0,0.0,0.0555,0.0251
2014-09-12,隆基股份,sh601012,21.96,21.2,21.55,21.83,21.63,39.770878,4793694,0.0,0.0,0.0,0.0351,0.0129
2014-09-15,隆基股份,sh601012,22.04,21.61,21.88,21.86,21.83,39.82552,4781990,0.0,0.0,0.0,0.0196,-9.0E-4
2014-09-16,隆基股份,sh601012,21.8,20.33,21.8,20.47,21.86,37.293175,8631160,0.0,0.0,0.0,0.0672,-0.061
2014-09-17,隆基股份,sh601012,20.78,19.77,20.5,20.07,20.47,36.56443,7300463,0.0,0.0,0.0,0.0493,-0.0209
2014-09-18,隆基股份,sh601012,20.65,20.0,20.0,20.42,20.07,37.202076,5118712,0.0,0.0,0.0,0.0323,0.021
2014-09-19,隆基股份,sh601012,20.6,19.1,20.6,19.91,20.42,36.27292,9867954,0.0,0.0,0.0,0.0734,-0.0334
2014-09-22,隆基股份,sh601012,20.1,19.28,19.81,19.97,19.91,36.382244,7277447,0.0,0.0,0.0,0.0411,0.008
2014-09-23,隆基股份,sh601012,20.17,19.82,19.82,19.96,19.97,36.364017,4712723,0.0,0.0,0.0,0.0175,0.007
2014-09-24,隆基股份,sh601012,20.42,19.61,19.96,20.41,19.96,37.183846,6231287,0.0,0.0,0.0,0.0405,0.0225
2014-09-25,隆基股份,sh601012,21.86,20.42,20.42,21.01,20.41,38.276936,7590045,0.0,0.0,0.0,0.0705,0.0288
2014-09-26,隆基股份,sh601012,21.1,20.62,20.64,20.86,21.01,38.003677,3967755,0.0,0.0,0.0,0.0228,0.0106
2014-09-29,隆基股份,sh601012,21.08,20.2,20.81,20.35,20.86,37.074528,7269964,0.0,0.0,0.0,0.0421,-0.0221
2014-09-30,隆基股份,sh601012,20.87,20.22,20.35,20.75,20.35,37.803265,7212352,0.0,0.0,0.0,0.0319,0.0196
2014-10-08,隆基股份,sh601012,20.88,20.38,20.88,20.76,20.75,37.821484,5297055,0.0,0.0,0.0,0.024,-0.0057
2014-10-09,隆基股份,sh601012,20.75,20.25,20.66,20.35,20.76,37.07451,5956680,0.0,0.0,0.0,0.024,-0.015
2014-10-10,隆基股份,sh601012,20.5,18.98,20.5,19.21,20.35,34.997597,17984122,0.0,0.0,0.0,0.0746,-0.0629
2014-10-13,隆基股份,sh601012,19.25,18.63,19.06,19.22,19.21,35.01583,9531759,0.0,0.0,0.0,0.0322,0.0083
2014-10-14,隆基股份,sh601012,19.86,19.01,19.2,19.69,19.22,35.87211,13138937,0.0,0.0,0.0,0.0442,0.0255
2014-10-15,隆基股份,sh601012,19.76,19.2,19.54,19.37,19.69,35.289112,4795050,0.0,0.0,0.0,0.0284,-0.0087
2014-10-16,隆基股份,sh601012,19.44,18.72,19.3,18.75,19.37,34.15958,6945106,0.0,0.0,0.0,0.0371,-0.0284
2014-10-17,隆基股份,sh601012,18.82,18.12,18.62,18.54,18.75,33.776993,6049553,0.0,0.0,0.0,0.0373,-0.0042
2014-10-20,隆基股份,sh601012,19.08,18.41,18.6,19.0,18.54,34.615032,6458984,0.0,0.0,0.0,0.0361,0.0215
2014-10-21,隆基股份,sh601012,19.15,18.7,19.01,18.99,19.0,34.596825,4150284,0.0,0.0,0.0,0.0236,-0.001
2014-10-23,隆基股份,sh601012,19.99,18.7,19.0,18.71,18.99,34.086697,10583487,0.0,0.0,0.0,0.0679,-0.0152
2014-10-24,隆基股份,sh601012,19.08,18.12,18.8,18.57,18.71,33.831623,6044992,0.0,0.0,0.0,0.0513,-0.0122
2014-10-27,隆基股份,sh601012,19.45,18.37,18.59,19.27,18.57,35.106907,4848427,0.0,0.0,0.0,0.0581,0.0365
2014-10-28,隆基股份,sh601012,19.53,19.16,19.3,19.5,19.27,35.525944,6839074,0.0,0.0,0.0,0.0192,0.0103
2014-10-29,隆基股份,sh601012,19.67,19.33,19.67,19.4,19.5,35.343765,8928876,0.0,0.0,0.0,0.0174,-0.0137
2014-10-30,隆基股份,sh601012,19.55,19.36,19.55,19.43,19.4,35.398407,5394719,0.0,0.0,0.0,0.0097,-0.0061
2014-10-31,隆基股份,sh601012,19.75,19.32,19.53,19.63,19.43,35.762764,7527828,0.0,0.0,0.0,0.0221,0.0051
2014-11-03,隆基股份,sh601012,19.77,19.39,19.67,19.54,19.63,35.598793,6956741,0.0,0.0,0.0,0.0193,-0.0066
2014-11-04,隆基股份,sh601012,19.64,19.18,19.55,19.29,19.54,35.14334,7698866,0.0,0.0,0.0,0.0235,-0.0132
2014-11-05,隆基股份,sh601012,19.42,19.05,19.32,19.14,19.29,34.870068,5765570,0.0,0.0,0.0,0.0191,-0.0093
2014-11-06,隆基股份,sh601012,19.57,19.14,19.19,19.54,19.14,35.598816,9174771,0.0,0.0,0.0,0.0224,0.0182
2014-11-07,隆基股份,sh601012,19.73,19.14,19.56,19.17,19.54,34.924717,8335363,0.0,0.0,0.0,0.0301,-0.0199
2014-11-10,隆基股份,sh601012,19.43,19.11,19.3,19.39,19.17,35.325512,5186510,0.0,0.0,0.0,0.0166,0.0046
2014-11-11,隆基股份,sh601012,19.47,18.81,19.4,19.2,19.39,34.97936,7199136,0.0,0.0,0.0,0.034,-0.0103
2014-11-12,隆基股份,sh601012,19.16,18.55,19.16,19.01,19.2,34.6332,5411443,0.0,0.0,0.0,0.0317,-0.0078
2014-11-13,隆基股份,sh601012,19.25,18.11,19.25,18.21,19.01,33.17573,9551995,0.0,0.0,0.0,0.0599,-0.054
2014-11-14,隆基股份,sh601012,18.15,17.65,18.01,18.09,18.21,32.957104,5621637,0.0,0.0,0.0,0.0274,0.0044
2014-11-17,隆基股份,sh601012,18.32,17.68,18.29,17.88,18.09,32.574505,8489447,0.0,0.0,0.0,0.0353,-0.0224
2014-11-18,隆基股份,sh601012,17.92,17.73,17.9,17.79,17.88,32.410526,4642878,0.0,0.0,0.0,0.0106,-0.0061
2014-11-19,隆基股份,sh601012,18.17,17.76,17.76,18.06,17.79,32.90242,6066473,0.0,0.0,0.0,0.023,0.0168
2014-11-20,隆基股份,sh601012,18.1,17.83,18.06,17.84,18.06,32.501602,3330232,0.0,0.0,0.0,0.0149,-0.0121
2014-11-21,隆基股份,sh601012,18.36,17.84,17.84,18.2,17.84,33.15745,6366729,0.0,0.0,0.0,0.0291,0.0201
2014-11-24,隆基股份,sh601012,18.7,18.32,18.4,18.45,18.2,33.612904,7976131,0.0,0.0,0.0,0.0208,0.0027
2014-11-25,隆基股份,sh601012,19.09,18.31,18.44,19.0,18.45,34.614902,8166604,0.0,0.0,0.0,0.0422,0.0303
2014-11-26,隆基股份,sh601012,19.12,18.56,19.08,18.75,19.0,34.159443,7675881,0.0,0.0,0.0,0.0294,-0.0172
2014-11-27,隆基股份,sh601012,18.84,17.98,18.84,18.12,18.75,33.011684,15686681,0.0,0.0,0.0,0.0458,-0.0382
2014-11-28,隆基股份,sh601012,18.17,17.76,18.16,17.87,18.12,32.55622,10452346,0.0,0.0,0.0,0.0226,-0.0159
2014-12-01,隆基股份,sh601012,17.83,17.02,17.83,17.2,17.87,31.335592,16570613,0.0,0.0,0.0,0.0453,-0.0353
2014-12-02,隆基股份,sh601012,17.32,17.08,17.17,17.28,17.2,31.481333,8312831,0.0,0.0,0.0,0.0139,0.0064
2014-12-03,隆基股份,sh601012,17.3,16.8,17.29,17.08,17.28,31.116968,18720750,0.0,0.0,0.0,0.0289,-0.0121
2014-12-04,隆基股份,sh601012,17.52,17.1,17.18,17.34,17.08,31.590631,14979531,0.0,0.0,0.0,0.0245,0.0093
2014-12-05,隆基股份,sh601012,17.52,16.42,17.37,16.56,17.34,30.16959,17862136,0.0,0.0,0.0,0.0634,-0.0466
2014-12-08,隆基股份,sh601012,16.53,16.07,16.53,16.34,16.56,29.768787,15368556,0.0,0.0,0.0,0.0277,-0.0114
2014-12-09,隆基股份,sh601012,16.66,15.98,16.33,16.38,16.34,29.841661,16461975,0.0,0.0,0.0,0.0416,0.003
2014-12-10,隆基股份,sh601012,17.47,16.38,16.38,17.45,16.38,31.791037,27130869,0.0,0.0,0.0,0.0665,0.0653
2014-12-11,隆基股份,sh601012,17.65,17.18,17.38,17.52,17.45,31.91855,12435080,0.0,0.0,0.0,0.0269,0.008
2014-12-12,隆基股份,sh601012,17.57,17.16,17.52,17.25,17.52,31.426655,13260942,0.0,0.0,0.0,0.0234,-0.0154
2014-12-15,隆基股份,sh601012,17.57,17.14,17.21,17.54,17.25,31.955,10265407,0.0,0.0,0.0,0.0249,0.0191
2014-12-16,隆基股份,sh601012,17.87,17.47,17.72,17.55,17.54,31.973213,8449668,0.0,0.0,0.0,0.0228,-0.0095
2014-12-17,隆基股份,sh601012,17.75,17.04,17.48,17.29,17.55,31.49953,10281945,0.0,0.0,0.0,0.0404,-0.0108
2014-12-18,隆基股份,sh601012,17.98,17.17,17.3,17.9,17.29,32.610867,15746581,0.0,0.0,0.0,0.0468,0.0346
2014-12-19,隆基股份,sh601012,17.95,17.5,17.84,17.62,17.9,32.100765,7888926,0.0,0.0,0.0,0.0251,-0.0123
2014-12-22,隆基股份,sh601012,17.89,16.6,17.88,16.7,17.62,30.424688,9138737,0.0,0.0,0.0,0.0732,-0.0659
2014-12-23,隆基股份,sh601012,17.03,16.15,16.65,16.17,16.7,29.4591,7430835,0.0,0.0,0.0,0.0526,-0.0288
2014-12-24,隆基股份,sh601012,17.48,16.48,16.48,17.44,16.17,31.772848,15380937,0.0,0.0,0.0,0.0618,0.0582
2014-12-25,隆基股份,sh601012,18.4,17.3,17.59,18.02,17.44,32.829517,18660344,0.0,0.0,0.0,0.063,0.0244
2014-12-26,隆基股份,sh601012,18.44,17.8,18.2,18.3,18.02,33.339622,15152632,0.0,0.0,0.0,0.0355,0.0054
2014-12-29,隆基股份,sh601012,20.13,20.13,20.13,20.13,18.3,36.673584,2533737,0.0,0.0,0.0,0.0,0.0
2014-12-30,隆基股份,sh601012,22.14,20.81,21.8,22.14,20.13,40.33548,97498503,0.0,0.0,0.0,0.066,0.0155
2014-12-31,隆基股份,sh601012,21.78,20.72,21.29,20.84,22.14,37.967102,41563493,0.0,0.0,0.0,0.0478,-0.0211
2015-01-01,隆基股份,sh601012,20.84001,20.84001,20.84001,20.84001,20.84,6.89648,0,0.0,0.0,0.0,0.0,0.0
2015-01-02,隆基股份,sh601012,20.84001,20.84001,20.84001,20.84001,20.84001,6.89648,0,0.0,0.0,0.0,0.0,0.0
2015-01-05,隆基股份,sh601012,21.89001,21.03,21.81999,21.20001,20.84001,7.01561,850692,0.0,0.0,0.0,0.0412,-0.0284
2015-01-06,隆基股份,sh601012,21.66,20.40999,20.76999,21.57,21.20001,7.13805,921170,0.0,0.0,0.0,0.0589,0.0385
2015-01-07,隆基股份,sh601012,22.56999,20.90001,21.41001,22.25001,21.57,7.36309,1092874,0.0,0.0,0.0,0.0774,0.0392
2015-01-08,隆基股份,sh601012,22.68,21.84999,21.99999,21.9,22.25001,7.24726,768760,0.0,0.0,0.0,0.0373,-0.0045
2015-01-09,隆基股份,sh601012,23.31,21.65001,21.65001,22.34001,21.9,7.39287,943728,0.0,0.0,0.0,0.0757,0.0318
2015-01-12,隆基股份,sh601012,23.27001,21.80001,21.99,23.07999,22.34001,7.63775,930613,0.0,0.0,0.0,0.0658,0.0495
2015-01-13,隆基股份,sh601012,24.95001,22.71999,22.88001,24.78,23.07999,8.20032,1348625,0.0,0.0,0.0,0.0966,0.083
2015-01-14,隆基股份,sh601012,26.79999,24.30999,24.47001,26.37,24.78,8.72649,1656917,0.0,0.0,0.0,0.1004,0.0776
2015-01-15,隆基股份,sh601012,26.49,24.89001,26.25,24.99,26.37,8.26982,1478656,0.0,0.0,0.0,0.0606,-0.048
2015-01-16,隆基股份,sh601012,26.28999,24.51,24.75,25.32999,24.99,8.38233,1245754,0.0,0.0,0.0,0.0712,0.0234
2015-01-19,隆基股份,sh601012,25.79001,23.37999,24.18,23.85999,25.32999,7.89587,1340686,0.0,0.0,0.0,0.0951,-0.0132
2015-01-20,隆基股份,sh601012,25.68999,24.20001,24.33,25.46001,23.85999,8.42535,1105987,0.0,0.0,0.0,0.0624,0.0464
2015-01-21,隆基股份,sh601012,25.74999,25.04001,25.40001,25.55001,25.46001,8.45514,953237,0.0,0.0,0.0,0.0278,0.0059
2015-01-22,隆基股份,sh601012,26.64,25.55001,25.55001,25.8,25.55001,8.53787,966367,0.0,0.0,0.0,0.0426,0.0097
2015-01-23,隆基股份,sh601012,25.8,24.63,25.61001,24.72,25.8,8.18047,900465,0.0,0.0,0.0,0.0453,-0.0347
2015-01-26,隆基股份,sh601012,25.11999,24.27999,24.27999,24.87999,24.72,8.23341,515206,0.0,0.0,0.0,0.0339,0.0247
2015-01-27,隆基股份,sh601012,25.10001,23.90001,24.95001,24.36999,24.87999,8.06464,579244,0.0,0.0,0.0,0.0482,-0.0232
2015-01-28,隆基股份,sh601012,24.69999,23.81001,24.0,24.33,24.36999,8.05141,431557,0.0,0.0,0.0,0.0365,0.0137
2015-01-29,隆基股份,sh601012,25.29999,24.39999,24.51,24.54999,24.33,8.12421,726093,0.0,0.0,0.0,0.0369,0.0016
2015-01-30,隆基股份,sh601012,25.17999,24.24999,24.9,24.75,24.54999,8.19039,416998,0.0,0.0,0.0,0.0378,-0.006
2015-02-02,隆基股份,sh601012,25.8,24.42,24.57999,25.49001,24.75,8.43528,777577,0.0,0.0,0.0,0.0557,0.037
2015-02-03,隆基股份,sh601012,25.80999,24.84999,25.74999,25.38,25.49001,8.39888,619623,0.0,0.0,0.0,0.0376,-0.0143
2015-02-04,隆基股份,sh601012,27.81999,25.62,25.98,27.0,25.38,8.93498,1180389,0.0,0.0,0.0,0.0866,0.0392
2015-02-05,隆基股份,sh601012,27.48999,26.4,26.88,26.82,27.0,8.87541,745745,0.0,0.0,0.0,0.0403,-0.0022
2015-02-06,隆基股份,sh601012,27.27999,25.28001,26.99001,25.59,26.82,8.46837,657271,0.0,0.0,0.0,0.0745,-0.0518
2015-02-09,隆基股份,sh601012,25.44999,24.12,25.10001,24.38001,25.59,8.06796,467457,0.0,0.0,0.0,0.0519,-0.0286
2015-02-10,隆基股份,sh601012,24.98001,24.00999,24.38001,24.83001,24.38001,8.21687,387307,0.0,0.0,0.0,0.0397,0.0184
2015-02-11,隆基股份,sh601012,24.95001,24.32001,24.80001,24.75,24.83001,8.19039,406628,0.0,0.0,0.0,0.0253,-0.002
2015-02-12,隆基股份,sh601012,25.52001,24.66999,24.81,25.29,24.75,8.36909,401937,0.0,0.0,0.0,0.0343,0.0193
2015-02-13,隆基股份,sh601012,26.45001,25.55001,25.70001,25.65999,25.29,8.49153,551943,0.0,0.0,0.0,0.0355,-0.0015
2015-02-16,隆基股份,sh601012,26.94999,25.74999,25.83,26.90001,25.65999,8.90189,566055,0.0,0.0,0.0,0.0467,0.0414
2015-02-17,隆基股份,sh601012,26.69001,25.85001,26.69001,25.92999,26.90001,8.58088,656218,0.0,0.0,0.0,0.0312,-0.0284
2015-02-18,隆基股份,sh601012,25.92999,25.92999,25.92999,25.92999,25.92999,8.58088,0,0.0,0.0,0.0,0.0,0.0
2015-02-19,隆基股份,sh601012,25.92999,25.92999,25.92999,25.92999,25.92999,8.58088,0,0.0,0.0,0.0,0.0,0.0
2015-02-20,隆基股份,sh601012,25.92999,25.92999,25.92999,25.92999,25.92999,8.58088,0,0.0,0.0,0.0,0.0,0.0
2015-02-23,隆基股份,sh601012,25.92999,25.92999,25.92999,25.92999,25.92999,8.58088,0,0.0,0.0,0.0,0.0,0.0
2015-02-24,隆基股份,sh601012,25.92999,25.92999,25.92999,25.92999,25.92999,8.58088,0,0.0,0.0,0.0,0.0,0.0
2015-02-25,隆基股份,sh601012,26.49999,25.70001,26.07999,26.13999,25.92999,8.65038,448793,0.0,0.0,0.0,0.0308,0.0023
2015-02-26,隆基股份,sh601012,26.18001,25.65,26.01,26.03001,26.13999,8.61398,357090,0.0,0.0,0.0,0.0202,7.0E-4
2015-02-27,隆基股份,sh601012,26.64,26.13,26.13999,26.55,26.03001,8.78606,516618,0.0,0.0,0.0,0.0195,0.0156
2015-03-02,隆基股份,sh601012,28.46001,26.45001,26.67999,28.2,26.55,9.33209,975050,0.0,0.0,0.0,0.0757,0.0569
2015-03-03,隆基股份,sh601012,29.48001,27.50001,28.25001,28.29,28.2,9.36187,933353,0.0,0.0,0.0,0.0702,0.0014
2015-03-04,隆基股份,sh601012,29.27001,28.2,28.29999,28.88001,28.29,9.55712,662128,0.0,0.0,0.0,0.0378,0.0204
2015-03-05,隆基股份,sh601012,29.30001,28.20999,28.97001,28.35999,28.88001,9.38503,601430,0.0,0.0,0.0,0.0377,-0.021
2015-03-06,隆基股份,sh601012,31.1901,28.59999,28.59999,30.3399,28.35999,10.04023,1243376,0.0,0.0,0.0,0.0913,0.0608
2015-03-09,隆基股份,sh601012,32.97,30.2001,30.4101,32.25,30.3399,10.67233,1058461,0.0,0.0,0.0,0.0912,0.0605
2015-03-10,隆基股份,sh601012,32.7501,31.6101,32.2299,32.0499,32.25,10.60611,703194,0.0,0.0,0.0,0.0353,-0.0055
2015-03-11,隆基股份,sh601012,34.38,32.2599,32.2599,34.2801,32.0499,11.34414,939009,0.0,0.0,0.0,0.0661,0.0626
2015-03-12,隆基股份,sh601012,34.2,30.8499,34.1901,32.4999,34.2801,10.75503,1036359,0.0,0.0,0.0,0.0977,-0.0494
2015-03-13,隆基股份,sh601012,33.0,31.4001,32.4999,32.8899,32.4999,10.88409,529334,0.0,0.0,0.0,0.0492,0.012
2015-03-16,隆基股份,sh601012,34.3599,32.3901,32.8899,33.9801,32.8899,11.24487,654037,0.0,0.0,0.0,0.0598,0.0331
2015-03-17,隆基股份,sh601012,36.57,33.7299,34.1901,36.45,33.9801,12.06222,1017192,0.0,0.0,0.0,0.0835,0.066
2015-03-18,隆基股份,sh601012,38.7501,36.0399,36.42,37.83,36.45,12.51889,1081326,0.0,0.0,0.0,0.0743,0.0387
2015-03-19,隆基股份,sh601012,39.5799,37.2501,37.83,39.2199,37.83,12.97885,982313,0.0,0.0,0.0,0.0615,0.0367
2015-03-20,隆基股份,sh601012,43.14,38.7,39.0,43.14,39.2199,14.27611,1098958,0.0,0.0,0.0,0.1132,0.1061
2015-03-23,隆基股份,sh601012,47.4501,43.6599,43.7001,47.4501,43.14,15.70243,1204675,0.0,0.0,0.0,0.0878,0.0858
2015-03-24,隆基股份,sh601012,51.72,45.0201,48.4701,49.9101,47.4501,16.5165,1619379,0.0,0.0,0.0,0.1411,0.0297
2015-03-25,隆基股份,sh601012,54.9,48.5001,49.6599,54.5901,49.9101,18.06523,1231208,0.0,0.0,0.0,0.1282,0.0992
2015-03-26,隆基股份,sh601012,54.3,49.1301,52.8399,49.1301,54.5901,16.25838,1739423,0.0,0.0,0.0,0.0947,-0.0702
2015-03-27,隆基股份,sh601012,48.84,44.3499,46.5501,47.4801,49.1301,15.71235,1319323,0.0,0.0,0.0,0.0913,0.0199
2015-03-30,隆基股份,sh601012,48.4899,46.2801,46.53,46.9899,47.4801,15.55013,830754,0.0,0.0,0.0,0.0465,0.0098
2015-03-31,隆基股份,sh601012,51.69,47.0001,47.3799,51.69,46.9899,17.10551,1253909,0.0,0.0,0.0,0.0998,0.0909
2015-04-01,隆基股份,sh601012,56.8599,51.69,51.9399,56.8599,51.69,18.81636,1190917,0.0,0.0,0.0,0.1,0.0947
2015-04-02,隆基股份,sh601012,62.3601,54.4101,58.2,60.6099,56.8599,20.05733,1832711,0.0,0.0,0.0,0.1398,0.0414
2015-04-03,隆基股份,sh601012,63.3,57.51,58.5801,60.5301,60.6099,20.03093,1378911,0.0,0.0,0.0,0.0955,0.0332
2015-04-06,隆基股份,sh601012,60.5301,60.5301,60.5301,60.5301,60.5301,20.03093,0,0.0,0.0,0.0,0.0,0.0
2015-04-07,隆基股份,sh601012,63.5799,58.56,60.5001,62.8899,60.5301,20.81184,1316084,0.0,0.0,0.0,0.0829,0.0395
2015-04-08,隆基股份,sh601012,62.88,58.8,61.2999,60.1101,62.8899,19.89194,1238814,0.0,0.0,0.0,0.0648,-0.0194
2015-04-09,隆基股份,sh601012,60.4299,54.15,60.2601,57.8901,60.1101,19.15728,1194942,0.0,0.0,0.0,0.1044,-0.0393
2015-04-10,隆基股份,sh601012,63.6801,56.9799,56.9799,63.6801,57.8901,21.07334,1046585,0.0,0.0,0.0,0.1157,0.1175
2015-04-13,隆基股份,sh601012,70.05,63.99,66.6201,68.22,63.6801,22.57571,1614619,0.0,0.0,0.0,0.0951,0.024
2015-04-14,隆基股份,sh601012,67.8999,63.7701,66.0,64.74,68.22,21.42409,1057034,0.0,0.0,0.0,0.0605,-0.019
2015-04-15,隆基股份,sh601012,63.0,58.2699,63.0,58.2699,64.74,19.28297,1168686,0.0,0.0,0.0,0.073,-0.075
2015-04-16,隆基股份,sh601012,61.5501,53.0199,54.6999,59.4201,58.2699,19.6636,1002913,0.0,0.0,0.0,0.1463,0.0862
2015-04-17,隆基股份,sh601012,59.9799,55.1199,58.5,55.2201,59.4201,18.27371,881834,0.0,0.0,0.0,0.0817,-0.056
2015-04-20,隆基股份,sh601012,54.96,49.7001,53.5599,49.7301,55.2201,16.45693,1419025,0.0,0.0,0.0,0.0952,-0.0715
2015-04-21,隆基股份,sh601012,54.6999,49.8801,49.8801,54.2601,49.7301,17.95603,1044655,0.0,0.0,0.0,0.0969,0.0878
2015-04-22,隆基股份,sh601012,57.4899,53.7201,54.2001,55.9899,54.2601,18.52846,930950,0.0,0.0,0.0,0.0694,0.033
2015-04-23,隆基股份,sh601012,56.0199,52.5201,56.0199,54.27,55.9899,17.9593,893054,0.0,0.0,0.0,0.0625,-0.0312
2015-04-24,隆基股份,sh601012,59.7,52.1001,52.8,59.7,54.27,19.75622,1203378,0.0,0.0,0.0,0.14,0.1306
2015-04-27,隆基股份,sh601012,62.73,58.5,60.0,60.39,59.7,19.98456,981330,0.0,0.0,0.0,0.0708,0.0065
2015-04-28,隆基股份,sh601012,62.61,54.3501,62.61,54.4701,60.39,18.02552,1203055,0.0,0.0,0.0,0.1367,-0.13
2015-04-29,隆基股份,sh601012,57.9999,54.8001,55.2999,55.4901,54.4701,18.36306,811258,0.0,0.0,0.0,0.0587,0.0034
2015-04-30,隆基股份,sh601012,18.6533,17.5333,18.5,17.69,55.4901,5.85406,861669,0.0,0.0,0.0,0.0201,-0.0437
2015-05-01,隆基股份,sh601012,17.69,17.69,17.69,17.69,17.69,5.85406,0,0.0,0.0,0.0,0.0,0.0
2015-05-04,隆基股份,sh601012,18.23,16.6667,17.7667,17.9933,17.69,5.95443,704159,0.0,0.0,0.0,0.0883,0.0127
2015-05-05,隆基股份,sh601012,19.56,17.36,18.56,17.77,17.9933,17.77,426433,0.0,0.0,0.0,0.1222,-0.0425
2015-05-06,隆基股份,sh601012,17.56,16.31,16.6,16.84,17.77,16.84,907904,0.0,0.0,0.0,0.0703,0.0144
2015-05-07,隆基股份,sh601012,16.79,15.16,16.4,15.19,16.84,15.19,704235,0.0,0.0,0.0,0.0967,-0.0737
2015-05-08,隆基股份,sh601012,16.35,14.59,15.31,16.24,15.19,16.24,962744,0.0,0.0,0.0,0.1158,0.0607
2015-05-11,隆基股份,sh601012,17.75,15.81,16.25,17.28,16.24,17.28,939220,0.0,0.0,0.0,0.1194,0.0633
2015-05-12,隆基股份,sh601012,18.41,16.93,17.27,18.32,17.28,18.32,1039493,0.0,0.0,0.0,0.0856,0.0607
2015-05-13,隆基股份,sh601012,18.84,17.65,18.2,18.25,18.32,18.25,885902,0.0,0.0,0.0,0.0649,0.0027
2015-05-14,隆基股份,sh601012,19.97,18.19,18.43,19.72,18.25,19.72,1129877,0.0,0.0,0.0,0.0975,0.0699
2015-05-15,隆基股份,sh601012,19.55,18.5,19.55,18.56,19.72,18.56,974200,0.0,0.0,0.0,0.0532,-0.0506
2015-05-18,隆基股份,sh601012,18.46,17.7,18.06,17.8,18.56,17.8,648820,0.0,0.0,0.0,0.0409,-0.0143
2015-05-19,隆基股份,sh601012,18.31,17.2,17.55,18.0,17.8,18.0,796173,0.0,0.0,0.0,0.0623,0.0256
2015-05-20,隆基股份,sh601012,19.25,17.72,17.88,18.39,18.0,18.39,992342,0.0,0.0,0.0,0.085,0.0285
2015-05-21,隆基股份,sh601012,18.61,17.8,17.99,18.44,18.39,18.44,1003577,0.0,0.0,0.0,0.044,0.025
2015-05-22,隆基股份,sh601012,20.28,18.65,18.65,20.28,18.44,20.28,1785480,0.0,0.0,0.0,0.0883,0.0873
2015-05-25,隆基股份,sh601012,21.0,19.51,19.95,20.62,20.28,20.62,1772508,0.0,0.0,0.0,0.0734,0.0335
2015-05-26,隆基股份,sh601012,21.68,20.31,20.31,21.39,20.62,21.39,1396819,0.0,0.0,0.0,0.0664,0.0531
2015-05-27,隆基股份,sh601012,23.1,21.8,22.4,22.75,21.39,22.75,1666021,0.0,0.0,0.0,0.0607,0.0156
2015-05-28,隆基股份,sh601012,22.66,20.48,22.65,20.48,22.75,20.48,1638933,0.0,0.0,0.0,0.0958,-0.0958
2015-05-29,隆基股份,sh601012,20.56,18.47,19.62,19.62,20.48,19.62,1060653,0.0,0.0,0.0,0.102,0.0
2015-06-01,隆基股份,sh601012,20.3,19.5,19.62,20.29,19.62,20.29,799743,0.0,0.0,0.0,0.0407,0.0341
2015-06-02,隆基股份,sh601012,21.55,19.91,20.48,21.37,20.29,21.37,1064855,0.0,0.0,0.0,0.0808,0.0434
2015-06-03,隆基股份,sh601012,22.58,21.0,21.66,21.84,21.37,21.84,1224214,0.0,0.0,0.0,0.0739,0.0083
2015-06-04,隆基股份,sh601012,22.2,19.9,21.86,21.19,21.84,21.19,903170,0.0,0.0,0.0,0.1053,-0.0306
2015-06-05,隆基股份,sh601012,22.45,21.06,22.01,21.55,21.19,21.55,1018963,0.0,0.0,0.0,0.0655,-0.0208
2015-06-08,隆基股份,sh601012,21.7,20.32,21.7,21.05,21.55,21.05,819435,0.0,0.0,0.0,0.064,-0.0299
2015-06-09,隆基股份,sh601012,21.38,20.38,20.9,21.21,21.05,21.21,690340,0.0,0.0,0.0,0.0475,0.0148
2015-06-10,隆基股份,sh601012,21.57,20.55,21.0,21.2,21.21,21.2,678396,0.0,0.0,0.0,0.048,0.0095
2015-06-11,隆基股份,sh601012,21.17,20.5,21.0,20.61,21.2,20.61,671475,0.0,0.0,0.0,0.0316,-0.0185
2015-06-12,隆基股份,sh601012,21.4,20.52,20.6,20.8,20.61,20.8,755188,0.0,0.0,0.0,0.0426,0.0097
2015-06-15,隆基股份,sh601012,20.96,19.51,20.82,19.7,20.8,19.7,860483,0.0,0.0,0.0,0.0697,-0.0537
2015-06-16,隆基股份,sh601012,19.3,18.0,19.3,18.1,19.7,18.1,695984,0.0,0.0,0.0,0.0659,-0.0621
2015-06-17,隆基股份,sh601012,18.39,17.19,18.0,18.34,18.1,18.34,559880,0.0,0.0,0.0,0.0662,0.0188
2015-06-18,隆基股份,sh601012,19.28,18.11,18.76,18.18,18.34,18.18,487494,0.0,0.0,0.0,0.0637,-0.0309
2015-06-19,隆基股份,sh601012,17.92,16.86,17.88,17.54,18.18,17.54,439585,0.0,0.0,0.0,0.0583,-0.019
2015-06-22,隆基股份,sh601012,17.54,17.54,17.54,17.54,17.54,17.54,0,0.0,0.0,0.0,0.0,0.0
2015-06-23,隆基股份,sh601012,17.72,15.98,17.52,17.22,17.54,17.22,400090,0.0,0.0,0.0,0.0992,-0.0171
2015-06-24,隆基股份,sh601012,18.0,17.34,17.6,17.86,17.22,17.86,466463,0.0,0.0,0.0,0.0383,0.0147
2015-06-25,隆基股份,sh601012,18.0,16.51,17.9,16.73,17.86,16.73,463436,0.0,0.0,0.0,0.0834,-0.0653
2015-06-26,隆基股份,sh601012,17.44,15.06,17.0,15.51,16.73,15.51,697719,0.0,0.0,0.0,0.1422,-0.0876
2015-06-29,隆基股份,sh601012,16.5,14.0,16.15,14.51,15.51,14.51,714786,0.0,0.0,0.0,0.1611,-0.1015
2015-06-30,隆基股份,sh601012,15.9,13.07,14.18,15.74,14.51,15.74,780490,0.0,0.0,0.0,0.195,0.11
2015-07-01,隆基股份,sh601012,16.0,14.21,15.5,14.26,15.74,14.26,668586,0.0,0.0,0.0,0.1137,-0.08
2015-07-02,隆基股份,sh601012,14.85,13.0,14.8,13.21,14.26,13.21,521782,0.0,0.0,0.0,0.1297,-0.1074
2015-07-03,隆基股份,sh601012,13.4,11.89,12.71,11.89,13.21,11.89,529101,0.0,0.0,0.0,0.1143,-0.0645
2015-07-06,隆基股份,sh601012,13.08,10.7,13.08,11.69,11.89,11.69,833665,0.0,0.0,0.0,0.2001,-0.1062
2015-07-07,隆基股份,sh601012,11.5,10.52,11.2,10.52,11.69,10.52,433032,0.0,0.0,0.0,0.0838,-0.0607
2015-07-08,隆基股份,sh601012,10.3,9.47,9.47,9.7,10.52,9.7,1786885,0.0,0.0,0.0,0.0788,0.0242
2015-07-09,隆基股份,sh601012,10.67,9.15,9.15,10.67,9.7,10.67,684744,0.0,0.0,0.0,0.1567,0.1661
2015-07-10,隆基股份,sh601012,11.74,11.11,11.68,11.74,10.67,11.74,222069,0.0,0.0,0.0,0.059,0.0051
2015-07-13,隆基股份,sh601012,12.91,12.5,12.91,12.91,11.74,12.91,210718,0.0,0.0,0.0,0.0349,0.0
2015-07-14,隆基股份,sh601012,14.18,13.0,13.5,13.52,12.91,13.52,1101117,0.0,0.0,0.0,0.0914,0.0014
2015-07-15,隆基股份,sh601012,13.4,12.17,12.83,12.17,13.52,12.17,574001,0.0,0.0,0.0,0.0909,-0.0514
2015-07-16,隆基股份,sh601012,13.28,11.76,12.17,13.14,12.17,13.14,600350,0.0,0.0,0.0,0.1248,0.0797
2015-07-17,隆基股份,sh601012,14.0,13.17,13.5,13.75,13.14,13.75,720917,0.0,0.0,0.0,0.0631,0.0185
2015-07-20,隆基股份,sh601012,14.19,13.26,13.48,13.8,13.75,13.8,615092,0.0,0.0,0.0,0.0676,0.0237
2015-07-21,隆基股份,sh601012,14.0,13.35,13.49,13.66,13.8,13.66,432523,0.0,0.0,0.0,0.0471,0.0126
2015-07-22,隆基股份,sh601012,13.95,13.38,13.58,13.68,13.66,13.68,437240,0.0,0.0,0.0,0.0417,0.0073
2015-07-23,隆基股份,sh601012,14.46,13.76,13.78,14.32,13.68,14.32,598332,0.0,0.0,0.0,0.0511,0.0391
2015-07-24,隆基股份,sh601012,15.53,14.4,15.13,14.67,14.32,14.67,1046788,0.0,0.0,0.0,0.0789,-0.0304
2015-07-27,隆基股份,sh601012,14.49,13.2,14.05,13.2,14.67,13.2,612704,0.0,0.0,0.0,0.0879,-0.0604
2015-07-28,隆基股份,sh601012,13.79,11.88,12.91,12.76,13.2,12.76,592802,0.0,0.0,0.0,0.1446,-0.0116
2015-07-29,隆基股份,sh601012,13.61,12.52,13.21,13.57,12.76,13.57,376687,0.0,0.0,0.0,0.0854,0.0272
2015-07-30,隆基股份,sh601012,13.69,12.8,13.6,13.03,13.57,13.03,364467,0.0,0.0,0.0,0.0655,-0.0419
2015-07-31,隆基股份,sh601012,13.09,12.34,12.77,12.59,13.03,12.59,277959,0.0,0.0,0.0,0.0575,-0.014
2015-08-03,隆基股份,sh601012,12.57,11.6,12.38,11.97,12.59,11.97,258613,0.0,0.0,0.0,0.077,-0.0331
2015-08-04,隆基股份,sh601012,12.79,11.98,12.03,12.78,11.97,12.78,284885,0.0,0.0,0.0,0.0676,0.0623
2015-08-05,隆基股份,sh601012,12.95,12.31,12.78,12.4,12.78,12.4,268423,0.0,0.0,0.0,0.05,-0.0297
2015-08-06,隆基股份,sh601012,13.6,12.1,12.3,13.23,12.4,13.23,553636,0.0,0.0,0.0,0.1209,0.0756
2015-08-07,隆基股份,sh601012,13.55,13.04,13.35,13.47,13.23,13.47,481761,0.0,0.0,0.0,0.0385,0.0089
2015-08-10,隆基股份,sh601012,14.35,13.4,13.62,14.1,13.47,14.1,538731,0.0,0.0,0.0,0.0705,0.0352
2015-08-11,隆基股份,sh601012,14.68,14.1,14.15,14.29,14.1,14.29,549438,0.0,0.0,0.0,0.0411,0.0098
2015-08-12,隆基股份,sh601012,14.25,13.69,14.01,13.72,14.29,13.72,380684,0.0,0.0,0.0,0.0391,-0.0206
2015-08-13,隆基股份,sh601012,13.99,13.43,13.71,13.97,13.72,13.97,286325,0.0,0.0,0.0,0.0408,0.0189
2015-08-14,隆基股份,sh601012,14.24,13.7,14.1,13.81,13.97,13.81,330389,0.0,0.0,0.0,0.0386,-0.0205
2015-08-17,隆基股份,sh601012,13.88,13.5,13.81,13.87,13.81,13.87,270344,0.0,0.0,0.0,0.0275,0.0043
2015-08-18,隆基股份,sh601012,14.4,12.6,13.93,12.8,13.87,12.8,525634,0.0,0.0,0.0,0.1297,-0.0811
2015-08-19,隆基股份,sh601012,13.1,11.92,12.2,13.02,12.8,13.02,392917,0.0,0.0,0.0,0.0921,0.0672
2015-08-20,隆基股份,sh601012,12.96,12.33,12.9,12.36,13.02,12.36,248821,0.0,0.0,0.0,0.0483,-0.0418
2015-08-21,隆基股份,sh601012,12.32,11.5,12.05,11.59,12.36,11.59,240959,0.0,0.0,0.0,0.0663,-0.0381
2015-08-24,隆基股份,sh601012,11.01,10.43,11.0,10.44,11.59,10.44,497771,0.0,0.0,0.0,0.05,-0.0509
2015-08-25,隆基股份,sh601012,10.08,9.4,9.85,9.4,10.44,9.4,347412,0.0,0.0,0.0,0.0651,-0.0456
2015-08-26,隆基股份,sh601012,10.17,8.8,9.68,9.05,9.4,9.05,332690,0.0,0.0,0.0,0.1457,-0.065
2015-08-27,隆基股份,sh601012,9.75,9.05,9.4,9.73,9.05,9.73,289133,0.0,0.0,0.0,0.0773,0.0351
2015-08-28,隆基股份,sh601012,10.47,9.57,9.74,10.36,9.73,10.36,415882,0.0,0.0,0.0,0.0924,0.0636
2015-08-31,隆基股份,sh601012,10.14,9.5,10.1,9.54,10.36,9.54,266605,0.0,0.0,0.0,0.0617,-0.0554
2015-09-01,隆基股份,sh601012,9.6,8.76,9.55,8.79,9.54,8.79,231233,0.0,0.0,0.0,0.088,-0.0795
2015-09-02,隆基股份,sh601012,9.29,8.29,8.5,9.19,8.79,9.19,329530,0.0,0.0,0.0,0.1137,0.0811
2015-09-03,隆基股份,sh601012,9.19,9.19,9.19,9.19,9.19,9.19,0,0.0,0.0,0.0,0.0,0.0
2015-09-04,隆基股份,sh601012,9.19,9.19,9.19,9.19,9.19,9.19,0,0.0,0.0,0.0,0.0,0.0
2015-09-07,隆基股份,sh601012,9.78,9.1,9.1,9.32,9.19,9.32,162429,0.0,0.0,0.0,0.0739,0.0241
2015-09-08,隆基股份,sh601012,9.85,9.28,9.41,9.79,9.32,9.79,157840,0.0,0.0,0.0,0.0611,0.0403
2015-09-09,隆基股份,sh601012,10.48,9.82,9.94,10.38,9.79,10.38,327354,0.0,0.0,0.0,0.0674,0.0442
2015-09-10,隆基股份,sh601012,10.22,9.81,10.2,9.88,10.38,9.88,186526,0.0,0.0,0.0,0.0394,-0.0313
2015-09-11,隆基股份,sh601012,10.1,9.79,9.79,9.92,9.88,9.92,113981,0.0,0.0,0.0,0.0313,0.0132
2015-09-14,隆基股份,sh601012,10.02,8.93,9.95,8.93,9.92,8.93,186230,0.0,0.0,0.0,0.1098,-0.1025
2015-09-15,隆基股份,sh601012,8.83,8.05,8.7,8.08,8.93,8.08,199021,0.0,0.0,0.0,0.0873,-0.0712
2015-09-16,隆基股份,sh601012,8.89,8.1,8.1,8.89,8.08,8.89,203203,0.0,0.0,0.0,0.0977,0.0975
2015-09-17,隆基股份,sh601012,9.15,8.58,8.92,8.6,8.89,8.6,209690,0.0,0.0,0.0,0.0641,-0.0358
2015-09-18,隆基股份,sh601012,8.93,8.62,8.65,8.78,8.6,8.78,111489,0.0,0.0,0.0,0.036,0.015
2015-09-21,隆基股份,sh601012,9.42,8.59,8.7,9.38,8.78,9.38,213421,0.0,0.0,0.0,0.0945,0.0781
2015-09-22,隆基股份,sh601012,9.67,9.31,9.4,9.42,9.38,9.42,186394,0.0,0.0,0.0,0.0383,0.0021
2015-09-23,隆基股份,sh601012,9.39,9.11,9.2,9.18,9.42,9.18,133595,0.0,0.0,0.0,0.0297,-0.0021
2015-09-24,隆基股份,sh601012,9.52,9.19,9.25,9.44,9.18,9.44,165123,0.0,0.0,0.0,0.0359,0.0205
2015-09-25,隆基股份,sh601012,10.14,9.4,10.02,9.56,9.44,9.56,587501,0.0,0.0,0.0,0.0783,-0.0459
2015-09-28,隆基股份,sh601012,9.56,9.56,9.56,9.56,9.56,9.56,0,0.0,0.0,0.0,0.0,0.0
2015-09-29,隆基股份,sh601012,9.44,8.98,9.44,9.11,9.56,9.11,189758,0.0,0.0,0.0,0.0481,-0.0349
2015-09-30,隆基股份,sh601012,9.25,9.05,9.05,9.15,9.11,9.15,102780,0.0,0.0,0.0,0.0219,0.011
2015-10-01,隆基股份,sh601012,9.15,9.15,9.15,9.15,9.15,9.15,0,0.0,0.0,0.0,0.0,0.0
2015-10-02,隆基股份,sh601012,9.15,9.15,9.15,9.15,9.15,9.15,0,0.0,0.0,0.0,0.0,0.0
2015-10-05,隆基股份,sh601012,9.15,9.15,9.15,9.15,9.15,9.15,0,0.0,0.0,0.0,0.0,0.0
2015-10-06,隆基股份,sh601012,9.15,9.15,9.15,9.15,9.15,9.15,0,0.0,0.0,0.0,0.0,0.0
2015-10-07,隆基股份,sh601012,9.15,9.15,9.15,9.15,9.15,9.15,0,0.0,0.0,0.0,0.0,0.0
2015-10-08,隆基股份,sh601012,9.73,9.43,9.59,9.58,9.15,9.58,232153,0.0,0.0,0.0,0.0327,-0.001
2015-10-09,隆基股份,sh601012,9.72,9.52,9.58,9.66,9.58,9.66,170119,0.0,0.0,0.0,0.0208,0.0083
2015-10-12,隆基股份,sh601012,10.63,9.68,9.68,10.63,9.66,10.63,519258,0.0,0.0,0.0,0.0983,0.0981
2015-10-13,隆基股份,sh601012,11.69,10.87,10.98,11.69,10.63,11.69,886702,0.0,0.0,0.0,0.0771,0.0646
2015-10-14,隆基股份,sh601012,12.72,11.45,12.0,12.1,11.69,12.1,1125396,0.0,0.0,0.0,0.1086,0.0083
2015-10-15,隆基股份,sh601012,12.7,11.86,11.99,12.43,12.1,12.43,731301,0.0,0.0,0.0,0.0694,0.0366
2015-10-16,隆基股份,sh601012,12.52,12.0,12.45,12.36,12.43,12.36,677965,0.0,0.0,0.0,0.0418,-0.0072
2015-10-19,隆基股份,sh601012,12.88,12.24,12.38,12.53,12.36,12.53,690837,0.0,0.0,0.0,0.0517,0.0121
2015-10-20,隆基股份,sh601012,13.36,12.6,13.01,12.78,12.53,12.78,824964,0.0,0.0,0.0,0.0606,-0.0176
2015-10-21,隆基股份,sh601012,12.78,11.5,12.65,11.5,12.78,11.5,841479,0.0,0.0,0.0,0.1001,-0.0909
2015-10-22,隆基股份,sh601012,11.93,11.21,11.35,11.8,11.5,11.8,476658,0.0,0.0,0.0,0.0626,0.0396
2015-10-23,隆基股份,sh601012,12.18,11.69,11.98,11.9,11.8,11.9,575214,0.0,0.0,0.0,0.0415,-0.0066
2015-10-26,隆基股份,sh601012,12.95,11.7,12.14,12.87,11.9,12.87,898036,0.0,0.0,0.0,0.105,0.0601
2015-10-27,隆基股份,sh601012,12.66,11.58,12.45,12.49,12.87,12.49,679069,0.0,0.0,0.0,0.0839,0.0032
2015-10-28,隆基股份,sh601012,12.85,12.25,12.49,12.33,12.49,12.33,497217,0.0,0.0,0.0,0.048,-0.0128
2015-10-29,隆基股份,sh601012,12.8,12.12,12.38,12.52,12.33,12.52,457226,0.0,0.0,0.0,0.0551,0.0113
2015-10-30,隆基股份,sh601012,12.67,12.13,12.6,12.33,12.52,12.33,313993,0.0,0.0,0.0,0.0431,-0.0214
2015-11-02,隆基股份,sh601012,12.45,11.73,11.99,11.82,12.33,11.82,294454,0.0,0.0,0.0,0.0583,-0.0141
2015-11-03,隆基股份,sh601012,12.16,11.59,11.82,12.01,11.82,12.01,269658,0.0,0.0,0.0,0.0482,0.016
2015-11-04,隆基股份,sh601012,12.7,12.03,12.05,12.6,12.01,12.6,454879,0.0,0.0,0.0,0.0557,0.0456
2015-11-05,隆基股份,sh601012,12.8,12.3,12.6,12.39,12.6,12.39,607341,0.0,0.0,0.0,0.0396,-0.0166
2015-11-06,隆基股份,sh601012,13.14,12.39,12.39,12.78,12.39,12.78,597949,0.0,0.0,0.0,0.0605,0.0314
2015-11-09,隆基股份,sh601012,13.3,12.48,12.53,12.9,12.78,12.9,794997,0.0,0.0,0.0,0.0641,0.0295
2015-11-10,隆基股份,sh601012,13.18,12.5,12.83,12.59,12.9,12.59,682705,0.0,0.0,0.0,0.0527,-0.0187
2015-11-11,隆基股份,sh601012,13.8,12.63,12.63,13.68,12.59,13.68,963198,0.0,0.0,0.0,0.0929,0.0831
2015-11-12,隆基股份,sh601012,13.6,13.1,13.6,13.4,13.68,13.4,790183,0.0,0.0,0.0,0.0365,-0.0147
2015-11-13,隆基股份,sh601012,14.12,13.0,13.19,13.73,13.4,13.73,809013,0.0,0.0,0.0,0.0835,0.0409
2015-11-16,隆基股份,sh601012,14.12,13.25,13.35,14.08,13.73,14.08,611275,0.0,0.0,0.0,0.0633,0.0546
2015-11-17,隆基股份,sh601012,14.65,13.66,14.12,13.79,14.08,13.79,827124,0.0,0.0,0.0,0.0703,-0.0233
2015-11-18,隆基股份,sh601012,13.93,13.16,13.67,13.29,13.79,13.29,484395,0.0,0.0,0.0,0.0558,-0.0277
2015-11-19,隆基股份,sh601012,14.2,13.58,13.58,14.12,13.29,14.12,594923,0.0,0.0,0.0,0.0466,0.0397
2015-11-20,隆基股份,sh601012,14.23,13.7,14.12,13.98,14.12,13.98,607396,0.0,0.0,0.0,0.0375,-0.0099
2015-11-23,隆基股份,sh601012,14.16,13.61,14.01,13.74,13.98,13.74,352751,0.0,0.0,0.0,0.0393,-0.0192
2015-11-24,隆基股份,sh601012,14.15,13.74,13.75,13.97,13.74,13.97,318592,0.0,0.0,0.0,0.0298,0.016
2015-11-25,隆基股份,sh601012,14.03,13.68,13.99,13.89,13.97,13.89,373674,0.0,0.0,0.0,0.025,-0.0071
2015-11-26,隆基股份,sh601012,14.13,13.74,13.98,13.93,13.89,13.93,470451,0.0,0.0,0.0,0.028,-0.0035
2015-11-27,隆基股份,sh601012,13.86,12.55,13.8,12.77,13.93,12.77,477299,0.0,0.0,0.0,0.094,-0.0746
2015-11-30,隆基股份,sh601012,13.85,12.8,13.33,13.75,12.77,13.75,538635,0.0,0.0,0.0,0.0822,0.0315
2015-12-01,隆基股份,sh601012,14.1,13.41,13.68,14.05,13.75,14.05,499351,0.0,0.0,0.0,0.0501,0.027
2015-12-02,隆基股份,sh601012,14.09,13.23,14.08,13.77,14.05,13.77,318691,0.0,0.0,0.0,0.0612,-0.022
2015-12-03,隆基股份,sh601012,14.58,13.76,13.82,14.56,13.77,14.56,684474,0.0,0.0,0.0,0.0595,0.0535
2015-12-04,隆基股份,sh601012,14.49,14.06,14.38,14.31,14.56,14.31,519242,0.0,0.0,0.0,0.0295,-0.0048
2015-12-07,隆基股份,sh601012,14.64,14.0,14.56,14.17,14.31,14.17,394526,0.0,0.0,0.0,0.0447,-0.0267
2015-12-08,隆基股份,sh601012,14.34,13.65,14.19,13.7,14.17,13.7,375269,0.0,0.0,0.0,0.0486,-0.0345
2015-12-09,隆基股份,sh601012,13.87,13.52,13.61,13.61,13.7,13.61,249711,0.0,0.0,0.0,0.0255,0.0
2015-12-10,隆基股份,sh601012,13.75,13.44,13.55,13.63,13.61,13.63,222093,0.0,0.0,0.0,0.0227,0.0059
2015-12-11,隆基股份,sh601012,13.64,13.19,13.64,13.24,13.63,13.24,214385,0.0,0.0,0.0,0.033,-0.0293
2015-12-14,隆基股份,sh601012,13.58,12.96,13.16,13.53,13.24,13.53,196480,0.0,0.0,0.0,0.0468,0.0281
2015-12-15,隆基股份,sh601012,13.65,13.45,13.55,13.54,13.53,13.54,169277,0.0,0.0,0.0,0.0147,-7.0E-4
2015-12-16,隆基股份,sh601012,13.8,13.51,13.8,13.52,13.54,13.52,183123,0.0,0.0,0.0,0.0214,-0.0202
2015-12-17,隆基股份,sh601012,13.95,13.61,13.82,13.92,13.52,13.92,385689,0.0,0.0,0.0,0.0251,0.0072
2015-12-18,隆基股份,sh601012,14.28,13.78,14.08,13.97,13.92,13.97,506348,0.0,0.0,0.0,0.0359,-0.0078
2015-12-21,隆基股份,sh601012,14.15,13.83,14.02,14.02,13.97,14.02,304593,0.0,0.0,0.0,0.0229,0.0
2015-12-22,隆基股份,sh601012,14.37,13.82,13.95,14.24,14.02,14.24,393792,0.0,0.0,0.0,0.0392,0.0207
2015-12-23,隆基股份,sh601012,0.0,0.0,0.0,14.24,14.24,14.24,0,0.0,0.0,0.0,0.0,0.0
2015-12-24,隆基股份,sh601012,0.0,0.0,0.0,14.24,14.24,14.24,0,0.0,0.0,0.0,0.0,0.0
2015-12-25,隆基股份,sh601012,0.0,0.0,0.0,14.24,14.24,14.24,0,0.0,0.0,0.0,0.0,0.0
2015-12-28,隆基股份,sh601012,0.0,0.0,0.0,14.24,14.24,14.24,0,0.0,0.0,0.0,0.0,0.0
2015-12-29,隆基股份,sh601012,0.0,0.0,0.0,14.24,14.24,14.24,0,0.0,0.0,0.0,0.0,0.0
2015-12-30,隆基股份,sh601012,14.98,14.07,14.7,14.24,14.24,14.24,630268,0.0,0.0,0.0,0.0639,-0.0312
2015-12-31,隆基股份,sh601012,14.08,13.62,14.07,13.65,14.24,13.65,317555,0.0,0.0,0.0,0.0323,-0.0298
2016-01-01,隆基股份,sh601012,14.08,13.62,14.07,13.65,13.65,13.65,317555,0.0,0.0,0.0,0.0336,-0.0298
2016-01-04,隆基股份,sh601012,13.86,12.29,13.46,12.36,13.65,12.36,264421,0.0,0.0,0.0,0.115,-0.0817
2016-01-05,隆基股份,sh601012,12.6,11.2,11.9,11.88,12.36,11.88,347593,0.0,0.0,0.0,0.1132,-0.0016
2016-01-06,隆基股份,sh601012,12.19,11.86,11.96,12.12,11.88,12.12,222320,0.0,0.0,0.0,0.0277,0.0133
2016-01-07,隆基股份,sh601012,12.0,11.17,11.9,11.38,12.12,11.38,95690,0.0,0.0,0.0,0.0684,-0.0436
2016-01-08,隆基股份,sh601012,12.52,11.51,11.62,12.41,11.38,12.41,670788,0.0,0.0,0.0,0.0887,0.0679
2016-01-11,隆基股份,sh601012,12.39,11.35,12.09,11.49,12.41,11.49,306716,0.0,0.0,0.0,0.0838,-0.0496
2016-01-12,隆基股份,sh601012,11.94,11.41,11.8,11.57,11.49,11.57,261613,0.0,0.0,0.0,0.0461,-0.0194
2016-01-13,隆基股份,sh601012,12.14,11.39,11.67,11.53,11.57,11.53,204360,0.0,0.0,0.0,0.0648,-0.0119
2016-01-14,隆基股份,sh601012,12.21,11.2,11.55,12.14,11.53,12.14,347746,0.0,0.0,0.0,0.0875,0.051
2016-01-15,隆基股份,sh601012,12.52,11.78,12.1,12.2,12.14,12.2,312010,0.0,0.0,0.0,0.0609,0.0082
2016-01-18,隆基股份,sh601012,12.66,12.0,12.0,12.53,12.2,12.53,286363,0.0,0.0,0.0,0.054,0.0441
2016-01-19,隆基股份,sh601012,12.99,12.33,12.35,12.92,12.53,12.92,262428,0.0,0.0,0.0,0.0526,0.0461
2016-01-20,隆基股份,sh601012,13.1,12.3,12.87,12.48,12.92,12.48,307804,0.0,0.0,0.0,0.0619,-0.0303
2016-01-21,隆基股份,sh601012,12.63,11.7,12.28,11.89,12.48,11.89,242826,0.0,0.0,0.0,0.0745,-0.0317
2016-01-22,隆基股份,sh601012,12.13,11.15,11.99,11.65,11.89,11.65,284583,0.0,0.0,0.0,0.0824,-0.0283
2016-01-25,隆基股份,sh601012,12.28,11.85,11.97,12.11,11.65,12.11,203441,0.0,0.0,0.0,0.0369,0.0116
2016-01-26,隆基股份,sh601012,12.2,10.96,12.19,11.16,12.11,11.16,342556,0.0,0.0,0.0,0.1023,-0.0844
2016-01-27,隆基股份,sh601012,11.22,10.04,11.21,10.26,11.16,10.26,402952,0.0,0.0,0.0,0.1057,-0.0847
2016-01-28,隆基股份,sh601012,10.38,9.87,10.25,9.95,10.26,9.95,240979,0.0,0.0,0.0,0.0497,-0.0292
2016-01-29,隆基股份,sh601012,10.57,10.0,10.0,10.41,9.95,10.41,232705,0.0,0.0,0.0,0.0572,0.041
2016-02-01,隆基股份,sh601012,10.5,9.94,10.43,10.16,10.41,10.16,156694,0.0,0.0,0.0,0.0537,-0.0258
2016-02-02,隆基股份,sh601012,10.73,10.16,10.19,10.47,10.16,10.47,172538,0.0,0.0,0.0,0.0561,0.0274
2016-02-03,隆基股份,sh601012,10.84,10.25,10.31,10.69,10.47,10.69,177404,0.0,0.0,0.0,0.0563,0.0368
2016-02-04,隆基股份,sh601012,11.33,10.77,10.83,11.08,10.69,11.08,241442,0.0,0.0,0.0,0.0523,0.023
2016-02-05,隆基股份,sh601012,11.28,10.9,11.11,10.91,11.08,10.91,96103,0.0,0.0,0.0,0.0342,-0.018
2016-02-08,隆基股份,sh601012,11.28,10.9,11.11,10.91,10.91,10.91,96103,0.0,0.0,0.0,0.0348,-0.018
2016-02-09,隆基股份,sh601012,11.28,10.9,11.11,10.91,10.91,10.91,96103,0.0,0.0,0.0,0.0348,-0.018
2016-02-10,隆基股份,sh601012,11.28,10.9,11.11,10.91,10.91,10.91,96103,0.0,0.0,0.0,0.0348,-0.018
2016-02-11,隆基股份,sh601012,11.28,10.9,11.11,10.91,10.91,10.91,96103,0.0,0.0,0.0,0.0348,-0.018
2016-02-12,隆基股份,sh601012,11.28,10.9,11.11,10.91,10.91,10.91,96103,0.0,0.0,0.0,0.0348,-0.018
2016-02-15,隆基股份,sh601012,10.92,10.47,10.5,10.78,10.91,10.78,134517,0.0,0.0,0.0,0.0412,0.0266
2016-02-16,隆基股份,sh601012,11.21,10.8,10.92,11.17,10.78,11.17,175631,0.0,0.0,0.0,0.038,0.0228
2016-02-17,隆基股份,sh601012,11.3,11.02,11.18,11.19,11.17,11.19,144504,0.0,0.0,0.0,0.025,8.0E-4
2016-02-18,隆基股份,sh601012,11.4,11.07,11.31,11.09,11.19,11.09,162849,0.0,0.0,0.0,0.0294,-0.0194
2016-02-19,隆基股份,sh601012,11.6,11.24,11.28,11.3,11.09,11.3,230129,0.0,0.0,0.0,0.0324,0.0017
2016-02-22,隆基股份,sh601012,11.69,11.35,11.59,11.45,11.3,11.45,165467,0.0,0.0,0.0,0.03,-0.012
2016-02-23,隆基股份,sh601012,11.55,11.26,11.54,11.33,11.45,11.33,131070,0.0,0.0,0.0,0.0253,-0.0181
2016-02-24,隆基股份,sh601012,11.88,11.34,11.46,11.77,11.33,11.77,243443,0.0,0.0,0.0,0.0476,0.027
2016-02-25,隆基股份,sh601012,11.77,10.59,11.72,10.6,11.77,10.6,265031,0.0,0.0,0.0,0.1002,-0.0955
2016-02-26,隆基股份,sh601012,11.11,10.61,10.62,10.87,10.6,10.87,190766,0.0,0.0,0.0,0.0471,0.0235
2016-02-29,隆基股份,sh601012,11.05,10.11,10.88,10.59,10.87,10.59,180078,0.0,0.0,0.0,0.0864,-0.0266
2016-03-01,隆基股份,sh601012,10.9,10.13,10.65,10.84,10.59,10.84,204819,0.0,0.0,0.0,0.0727,0.0178
2016-03-02,隆基股份,sh601012,11.33,10.76,10.98,11.26,10.84,11.26,207247,0.0,0.0,0.0,0.0525,0.0255
2016-03-03,隆基股份,sh601012,11.55,11.14,11.31,11.17,11.26,11.17,184752,0.0,0.0,0.0,0.0364,-0.0123
2016-03-04,隆基股份,sh601012,11.5,10.8,11.45,11.25,11.17,11.25,254377,0.0,0.0,0.0,0.0626,-0.0174
2016-03-07,隆基股份,sh601012,11.66,11.32,11.36,11.45,11.25,11.45,160285,0.0,0.0,0.0,0.0302,0.0079
2016-03-08,隆基股份,sh601012,11.49,10.86,11.46,11.39,11.45,11.39,196157,0.0,0.0,0.0,0.055,-0.0061
2016-03-09,隆基股份,sh601012,11.56,11.0,11.01,11.35,11.39,11.35,170912,0.0,0.0,0.0,0.0491,0.0308
2016-03-10,隆基股份,sh601012,11.48,11.1,11.36,11.15,11.35,11.15,88949,0.0,0.0,0.0,0.0334,-0.0184
2016-03-11,隆基股份,sh601012,11.27,10.93,11.15,11.2,11.15,11.2,95762,0.0,0.0,0.0,0.0304,0.0044
2016-03-14,隆基股份,sh601012,11.65,11.3,11.43,11.53,11.2,11.53,276294,0.0,0.0,0.0,0.0312,0.0087
2016-03-15,隆基股份,sh601012,11.8,11.4,11.59,11.72,11.53,11.72,261737,0.0,0.0,0.0,0.0346,0.0112
2016-03-16,隆基股份,sh601012,11.9,11.52,11.78,11.61,11.72,11.61,158846,0.0,0.0,0.0,0.0324,-0.0144
2016-03-17,隆基股份,sh601012,12.12,11.66,11.68,12.09,11.61,12.09,285154,0.0,0.0,0.0,0.0396,0.0351
2016-03-18,隆基股份,sh601012,12.45,12.05,12.17,12.09,12.09,12.09,375797,0.0,0.0,0.0,0.033,-0.0065
2016-03-21,隆基股份,sh601012,12.45,12.15,12.25,12.35,12.09,12.35,216100,0.0,0.0,0.0,0.0248,0.0081
2016-03-22,隆基股份,sh601012,12.4,12.1,12.25,12.29,12.35,12.29,207798,0.0,0.0,0.0,0.0242,0.0032
2016-03-23,隆基股份,sh601012,12.32,12.14,12.22,12.27,12.29,12.27,127115,0.0,0.0,0.0,0.0146,0.004
2016-03-24,隆基股份,sh601012,12.28,12.0,12.27,12.06,12.27,12.06,189927,0.0,0.0,0.0,0.0228,-0.0171
2016-03-25,隆基股份,sh601012,12.22,11.98,12.05,12.12,12.06,12.12,128688,0.0,0.0,0.0,0.0199,0.0058
