2016-03-25
2011-08-16,方正证券,sh601901,6.13,5.86,6.01,5.87,6.06,5.76,200175700,0.0,0.0,0.0,0.0445,-0.0232
2011-08-17,方正证券,sh601901,6.37,5.9,5.95,6.13,5.87,6.02,270148400,0.0,0.0,0.0,0.08,0.0302
2011-08-18,方正证券,sh601901,6.11,5.96,6.03,6.03,6.13,5.92,149350800,0.0,0.0,0.0,0.0244,0.0
2011-08-19,方正证券,sh601901,6.1,5.85,5.9,5.96,6.03,5.85,133842700,0.0,0.0,0.0,0.0414,0.0101
2011-08-22,方正证券,sh601901,6.09,5.53,6.08,5.66,5.96,5.55,183903300,0.0,0.0,0.0,0.0939,-0.069
2011-08-23,方正证券,sh601901,5.84,5.56,5.69,5.82,5.66,5.71,136741100,0.0,0.0,0.0,0.0494,0.0228
2011-08-24,方正证券,sh601901,5.82,5.64,5.79,5.69,5.82,5.58,113919100,0.0,0.0,0.0,0.0309,-0.0172
2011-08-25,方正证券,sh601901,6.26,5.68,5.72,6.26,5.69,6.14,314450800,0.0,0.0,0.0,0.1019,0.0944
2011-08-26,方正证券,sh601901,6.4,6.14,6.3,6.23,6.26,6.11,285183000,0.0,0.0,0.0,0.0415,-0.0111
2011-08-29,方正证券,sh601901,6.17,6.0,6.12,6.06,6.23,5.95,143615900,0.0,0.0,0.0,0.0272,-0.0098
2011-08-30,方正证券,sh601901,6.37,6.07,6.11,6.09,6.06,5.98,197802900,0.0,0.0,0.0,0.0495,-0.0032
2011-08-31,方正证券,sh601901,6.13,5.91,6.07,6.04,6.09,5.93,104083800,0.0,0.0,0.0,0.0361,-0.0049
2011-09-01,方正证券,sh601901,6.24,6.0,6.06,6.07,6.04,5.96,114713200,0.0,0.0,0.0,0.0397,0.0016
2011-09-02,方正证券,sh601901,6.23,5.97,6.01,6.17,6.07,6.05,144191200,0.0,0.0,0.0,0.0428,0.0266
2011-09-05,方正证券,sh601901,6.19,6.02,6.05,6.05,6.17,5.94,104857900,0.0,0.0,0.0,0.0275,0.0
2011-09-06,方正证券,sh601901,6.01,5.74,5.94,5.85,6.05,5.74,113692100,0.0,0.0,0.0,0.0446,-0.0151
2011-09-07,方正证券,sh601901,6.39,5.86,5.95,6.22,5.85,6.1,204246900,0.0,0.0,0.0,0.0905,0.0453
2011-09-08,方正证券,sh601901,6.35,6.18,6.26,6.23,6.22,6.11,151441700,0.0,0.0,0.0,0.0273,-0.0047
2011-09-09,方正证券,sh601901,6.85,6.2,6.2,6.47,6.23,6.35,296359500,0.0,0.0,0.0,0.1043,0.0435
2011-09-13,方正证券,sh601901,6.72,6.31,6.36,6.7,6.47,6.57,194950100,0.0,0.0,0.0,0.0633,0.0534
2011-09-14,方正证券,sh601901,7.13,6.54,6.64,7.01,6.7,6.88,239710200,0.0,0.0,0.0,0.088,0.0557
2011-09-15,方正证券,sh601901,7.45,6.93,6.99,7.15,7.01,7.02,228686300,0.0,0.0,0.0,0.0741,0.0228
2011-09-16,方正证券,sh601901,7.2,6.95,7.14,6.98,7.15,6.85,162232500,0.0,0.0,0.0,0.0349,-0.0224
2011-09-19,方正证券,sh601901,7.02,6.67,6.87,6.86,6.98,6.73,140787000,0.0,0.0,0.0,0.0501,-0.0014
2011-09-20,方正证券,sh601901,7.28,6.79,6.81,7.25,6.86,7.11,188123900,0.0,0.0,0.0,0.0714,0.0646
2011-09-21,方正证券,sh601901,7.45,7.12,7.19,7.27,7.25,7.13,189587700,0.0,0.0,0.0,0.0455,0.0111
2011-09-22,方正证券,sh601901,7.22,6.88,7.15,6.93,7.27,6.8,145150400,0.0,0.0,0.0,0.0467,-0.0307
2011-09-23,方正证券,sh601901,6.97,6.59,6.72,6.83,6.93,6.7,124206400,0.0,0.0,0.0,0.0548,0.0163
2011-09-26,方正证券,sh601901,6.9,6.63,6.75,6.7,6.83,6.57,75175300,0.0,0.0,0.0,0.0395,-0.0074
2011-09-27,方正证券,sh601901,7.1,6.66,6.77,6.98,6.7,6.85,146146700,0.0,0.0,0.0,0.0656,0.031
2011-09-28,方正证券,sh601901,7.04,6.63,6.97,6.7,6.98,6.57,101356300,0.0,0.0,0.0,0.0587,-0.0387
2011-09-30,方正证券,sh601901,6.81,6.38,6.71,6.51,6.7,6.39,82807900,0.0,0.0,0.0,0.0641,-0.0298
2011-10-10,方正证券,sh601901,6.63,6.36,6.56,6.59,6.51,6.47,59092200,0.0,0.0,0.0,0.0414,0.0045
2011-10-11,方正证券,sh601901,7.07,6.5,6.93,6.7,6.59,6.57,134793800,0.0,0.0,0.0,0.0864,-0.0331
2011-10-12,方正证券,sh601901,7.37,6.51,6.56,7.36,6.7,7.22,299121500,0.0,0.0,0.0,0.1283,0.1219
2011-10-13,方正证券,sh601901,7.35,7.13,7.2,7.2,7.36,7.07,207458800,0.0,0.0,0.0,0.0298,0.0
2011-10-14,方正证券,sh601901,7.23,7.02,7.08,7.17,7.2,7.04,121509700,0.0,0.0,0.0,0.0291,0.0127
2011-10-17,方正证券,sh601901,7.28,7.09,7.16,7.18,7.17,7.05,89080500,0.0,0.0,0.0,0.0264,0.0027
2011-10-18,方正证券,sh601901,7.12,6.6,7.1,6.64,7.18,6.52,161641600,0.0,0.0,0.0,0.0724,-0.0647
2011-10-19,方正证券,sh601901,6.83,6.55,6.67,6.69,6.64,6.57,85375200,0.0,0.0,0.0,0.0421,0.0029
2011-10-20,方正证券,sh601901,6.81,6.53,6.6,6.71,6.69,6.58,88183900,0.0,0.0,0.0,0.0418,0.0166
2011-10-21,方正证券,sh601901,6.74,6.5,6.66,6.51,6.71,6.39,58780900,0.0,0.0,0.0,0.0357,-0.0225
2011-10-24,方正证券,sh601901,6.81,6.41,6.52,6.73,6.51,6.6,94813900,0.0,0.0,0.0,0.0614,0.0322
2011-10-25,方正证券,sh601901,6.99,6.55,6.7,6.83,6.73,6.7,121122300,0.0,0.0,0.0,0.0653,0.0194
2011-10-26,方正证券,sh601901,6.89,6.7,6.76,6.71,6.83,6.58,90853500,0.0,0.0,0.0,0.0278,-0.0073
2011-10-27,方正证券,sh601901,6.78,6.6,6.73,6.64,6.71,6.52,74830800,0.0,0.0,0.0,0.0268,-0.0133
2011-10-28,方正证券,sh601901,6.89,6.65,6.76,6.8,6.64,6.67,111229300,0.0,0.0,0.0,0.0361,0.0059
2011-10-31,方正证券,sh601901,6.89,6.68,6.84,6.74,6.8,6.61,75106300,0.0,0.0,0.0,0.0308,-0.0146
2011-11-01,方正证券,sh601901,6.73,6.56,6.61,6.65,6.74,6.53,90873400,0.0,0.0,0.0,0.0252,0.006
2011-11-02,方正证券,sh601901,6.75,6.36,6.5,6.63,6.65,6.51,125710300,0.0,0.0,0.0,0.0586,0.0199
2011-11-03,方正证券,sh601901,6.7,6.5,6.64,6.52,6.63,6.4,132359900,0.0,0.0,0.0,0.0301,-0.018
2011-11-04,方正证券,sh601901,6.58,6.41,6.55,6.45,6.52,6.33,81268400,0.0,0.0,0.0,0.026,-0.0152
2011-11-07,方正证券,sh601901,6.39,6.18,6.39,6.23,6.45,6.11,90071200,0.0,0.0,0.0,0.0325,-0.025
2011-11-08,方正证券,sh601901,6.34,6.17,6.19,6.27,6.23,6.15,62743500,0.0,0.0,0.0,0.0272,0.0129
2011-11-09,方正证券,sh601901,6.31,6.11,6.29,6.23,6.27,6.11,72247400,0.0,0.0,0.0,0.0318,-0.0095
2011-11-10,方正证券,sh601901,5.96,5.74,5.88,5.81,6.23,5.7,418018000,0.0,0.0,0.0,0.0353,-0.0119
2011-11-11,方正证券,sh601901,5.83,5.67,5.76,5.72,5.81,5.61,150603000,0.0,0.0,0.0,0.0275,-0.0069
2011-11-14,方正证券,sh601901,5.94,5.72,5.77,5.92,5.72,5.81,183088900,0.0,0.0,0.0,0.0384,0.0259
2011-11-15,方正证券,sh601901,5.96,5.83,5.87,5.87,5.92,5.76,109910200,0.0,0.0,0.0,0.0219,0.0
2011-11-16,方正证券,sh601901,5.88,5.6,5.87,5.64,5.87,5.53,138593100,0.0,0.0,0.0,0.0477,-0.0391
2011-11-17,方正证券,sh601901,5.67,5.5,5.64,5.56,5.64,5.46,91850100,0.0,0.0,0.0,0.0301,-0.0141
2011-11-18,方正证券,sh601901,5.72,5.48,5.52,5.64,5.56,5.53,140729300,0.0,0.0,0.0,0.0431,0.0217
2011-11-21,方正证券,sh601901,5.67,5.52,5.65,5.66,5.64,5.55,68530900,0.0,0.0,0.0,0.0265,0.0017
2011-11-22,方正证券,sh601901,5.67,5.55,5.6,5.66,5.66,5.55,70317000,0.0,0.0,0.0,0.0212,0.0107
2011-11-23,方正证券,sh601901,5.66,5.5,5.66,5.52,5.66,5.42,68969900,0.0,0.0,0.0,0.0282,-0.0247
2011-11-24,方正证券,sh601901,5.59,5.45,5.46,5.53,5.52,5.43,74424600,0.0,0.0,0.0,0.0253,0.0128
2011-11-25,方正证券,sh601901,5.57,5.47,5.5,5.49,5.53,5.39,54916800,0.0,0.0,0.0,0.018,-0.0018
2011-11-28,方正证券,sh601901,5.69,5.48,5.53,5.61,5.49,5.51,90063500,0.0,0.0,0.0,0.0382,0.0144
2011-11-29,方正证券,sh601901,5.72,5.6,5.66,5.65,5.61,5.54,96621300,0.0,0.0,0.0,0.0213,-0.0017
2011-11-30,方正证券,sh601901,5.66,5.12,5.62,5.19,5.65,5.09,135859700,0.0,0.0,0.0,0.0955,-0.0765
2011-12-01,方正证券,sh601901,5.53,5.28,5.41,5.35,5.19,5.25,140198700,0.0,0.0,0.0,0.0481,-0.011
2011-12-02,方正证券,sh601901,5.3,5.1,5.27,5.14,5.35,5.04,85348700,0.0,0.0,0.0,0.0373,-0.0246
2011-12-05,方正证券,sh601901,5.18,4.95,5.16,4.97,5.14,4.88,66784500,0.0,0.0,0.0,0.0447,-0.0368
2011-12-06,方正证券,sh601901,5.02,4.91,4.93,4.98,4.97,4.89,46603900,0.0,0.0,0.0,0.0221,0.0101
2011-12-07,方正证券,sh601901,5.02,4.93,4.96,4.96,4.98,4.87,40875200,0.0,0.0,0.0,0.018,0.0
2011-12-08,方正证券,sh601901,4.96,4.72,4.95,4.85,4.96,4.76,86570400,0.0,0.0,0.0,0.0483,-0.0202
2011-12-09,方正证券,sh601901,4.84,4.73,4.78,4.73,4.85,4.64,65002800,0.0,0.0,0.0,0.0226,-0.0104
2011-12-12,方正证券,sh601901,4.77,4.56,4.74,4.57,4.73,4.48,60084900,0.0,0.0,0.0,0.0443,-0.0358
2011-12-13,方正证券,sh601901,4.65,4.52,4.55,4.55,4.57,4.47,79997100,0.0,0.0,0.0,0.0284,0.0
2011-12-14,方正证券,sh601901,4.56,4.34,4.54,4.44,4.55,4.36,64655500,0.0,0.0,0.0,0.0483,-0.022
2011-12-15,方正证券,sh601901,4.54,4.35,4.41,4.36,4.44,4.28,96938100,0.0,0.0,0.0,0.0427,-0.0113
2011-12-16,方正证券,sh601901,4.43,4.16,4.38,4.43,4.36,4.35,107297400,0.0,0.0,0.0,0.0619,0.0114
2011-12-19,方正证券,sh601901,4.42,4.17,4.34,4.39,4.43,4.31,93914000,0.0,0.0,0.0,0.0564,0.0115
2011-12-20,方正证券,sh601901,4.42,4.28,4.35,4.29,4.39,4.21,64359500,0.0,0.0,0.0,0.0318,-0.0137
2011-12-21,方正证券,sh601901,4.36,4.13,4.35,4.14,4.29,4.06,62069200,0.0,0.0,0.0,0.0536,-0.0482
2011-12-22,方正证券,sh601901,4.12,3.91,4.04,4.02,4.14,3.94,73416600,0.0,0.0,0.0,0.0507,-0.0049
2011-12-23,方正证券,sh601901,4.15,3.98,4.01,4.06,4.02,3.98,64986400,0.0,0.0,0.0,0.0422,0.0124
2011-12-26,方正证券,sh601901,4.09,3.97,4.03,3.97,4.06,3.9,42940000,0.0,0.0,0.0,0.0295,-0.0148
2011-12-27,方正证券,sh601901,4.19,3.91,3.95,4.07,3.97,3.99,124577900,0.0,0.0,0.0,0.0705,0.0303
2011-12-28,方正证券,sh601901,4.25,3.98,4.0,4.23,4.07,4.15,139517000,0.0,0.0,0.0,0.0663,0.0575
2011-12-29,方正证券,sh601901,4.2,4.1,4.15,4.11,4.23,4.03,82932400,0.0,0.0,0.0,0.0236,-0.0096
2011-12-30,方正证券,sh601901,4.23,4.13,4.15,4.17,4.11,4.09,59579000,0.0,0.0,0.0,0.0243,0.0048
2012-01-02,方正证券,sh601901,4.23,4.13,4.15,4.17,4.17,4.09,59579000,0.0,0.0,0.0,0.0239,0.0048
2012-01-03,方正证券,sh601901,4.23,4.13,4.15,4.17,4.17,4.09,59579000,0.0,0.0,0.0,0.0239,0.0048
2012-01-04,方正证券,sh601901,4.2,3.99,4.2,4.0,4.17,3.93,60694200,0.0,0.0,0.0,0.0503,-0.0476
2012-01-05,方正证券,sh601901,4.06,3.92,3.97,3.94,4.0,3.87,53331700,0.0,0.0,0.0,0.0349,-0.0075
2012-01-06,方正证券,sh601901,4.1,3.85,3.91,4.05,3.94,3.97,86763400,0.0,0.0,0.0,0.0634,0.0358
2012-01-09,方正证券,sh601901,4.23,3.97,4.03,4.2,4.05,4.12,107762700,0.0,0.0,0.0,0.0641,0.0421
2012-01-10,方正证券,sh601901,4.41,4.12,4.15,4.4,4.2,4.32,158085700,0.0,0.0,0.0,0.069,0.0602
2012-01-11,方正证券,sh601901,4.38,4.25,4.35,4.31,4.4,4.23,107382500,0.0,0.0,0.0,0.0295,-0.0091
2012-01-12,方正证券,sh601901,4.36,4.23,4.26,4.26,4.31,4.18,62512900,0.0,0.0,0.0,0.0301,0.0
2012-01-13,方正证券,sh601901,4.32,4.05,4.24,4.08,4.26,4.0,82348600,0.0,0.0,0.0,0.0633,-0.0377
2012-01-16,方正证券,sh601901,4.1,3.96,4.03,3.97,4.08,3.9,39546200,0.0,0.0,0.0,0.0343,-0.0148
2012-01-17,方正证券,sh601901,4.3,3.95,3.95,4.27,3.97,4.19,102908700,0.0,0.0,0.0,0.0881,0.081
2012-01-18,方正证券,sh601901,4.7,4.23,4.26,4.42,4.27,4.34,254076400,0.0,0.0,0.0,0.11,0.0375
2012-01-19,方正证券,sh601901,4.58,4.38,4.41,4.55,4.42,4.47,164209300,0.0,0.0,0.0,0.0452,0.0317
2012-01-20,方正证券,sh601901,4.56,4.42,4.53,4.49,4.55,4.41,99781300,0.0,0.0,0.0,0.0307,-0.0088
2012-01-23,方正证券,sh601901,4.49,4.49,4.49,4.49,4.49,4.41,0,0.0,0.0,0.0,0.0,0.0
2012-01-24,方正证券,sh601901,4.49,4.49,4.49,4.49,4.49,4.41,0,0.0,0.0,0.0,0.0,0.0
2012-01-25,方正证券,sh601901,4.49,4.49,4.49,4.49,4.49,4.41,0,0.0,0.0,0.0,0.0,0.0
2012-01-26,方正证券,sh601901,4.49,4.49,4.49,4.49,4.49,4.41,0,0.0,0.0,0.0,0.0,0.0
2012-01-27,方正证券,sh601901,4.49,4.49,4.49,4.49,4.49,4.41,0,0.0,0.0,0.0,0.0,0.0
2012-01-30,方正证券,sh601901,4.48,4.33,4.46,4.35,4.49,4.27,67369100,0.0,0.0,0.0,0.0334,-0.0246
2012-01-31,方正证券,sh601901,4.44,4.31,4.34,4.43,4.35,4.35,51912400,0.0,0.0,0.0,0.0298,0.0207
2012-02-01,方正证券,sh601901,4.43,4.28,4.38,4.31,4.43,4.23,52942000,0.0,0.0,0.0,0.0338,-0.0159
2012-02-02,方正证券,sh601901,4.45,4.27,4.33,4.44,4.31,4.36,80307900,0.0,0.0,0.0,0.0417,0.0254
2012-02-03,方正证券,sh601901,4.46,4.36,4.41,4.44,4.44,4.36,70801500,0.0,0.0,0.0,0.0225,0.0068
2012-02-06,方正证券,sh601901,4.51,4.37,4.45,4.42,4.44,4.34,85455700,0.0,0.0,0.0,0.0315,-0.0067
2012-02-07,方正证券,sh601901,4.39,4.21,4.38,4.26,4.42,4.18,79339400,0.0,0.0,0.0,0.0407,-0.0273
2012-02-08,方正证券,sh601901,4.5,4.22,4.25,4.43,4.26,4.35,99948400,0.0,0.0,0.0,0.0657,0.0423
2012-02-09,方正证券,sh601901,4.46,4.35,4.4,4.4,4.43,4.32,97266800,0.0,0.0,0.0,0.0248,0.0
2012-02-10,方正证券,sh601901,4.52,4.37,4.38,4.42,4.4,4.34,109241700,0.0,0.0,0.0,0.034,0.0091
2012-02-13,方正证券,sh601901,4.45,4.33,4.35,4.4,4.42,4.32,78309900,0.0,0.0,0.0,0.0271,0.0114
2012-02-14,方正证券,sh601901,4.51,4.36,4.4,4.43,4.4,4.35,99942400,0.0,0.0,0.0,0.034,0.0068
2012-02-15,方正证券,sh601901,4.58,4.39,4.42,4.52,4.43,4.44,166540800,0.0,0.0,0.0,0.0428,0.0226
2012-02-16,方正证券,sh601901,4.54,4.43,4.49,4.49,4.52,4.41,102124700,0.0,0.0,0.0,0.0243,0.0
2012-02-17,方正证券,sh601901,4.55,4.47,4.51,4.51,4.49,4.43,97027700,0.0,0.0,0.0,0.0178,0.0
2012-02-20,方正证券,sh601901,4.62,4.48,4.58,4.49,4.51,4.41,104535600,0.0,0.0,0.0,0.031,-0.0196
2012-02-21,方正证券,sh601901,4.52,4.41,4.48,4.51,4.49,4.43,77219900,0.0,0.0,0.0,0.0244,0.0066
2012-02-22,方正证券,sh601901,4.92,4.49,4.5,4.82,4.51,4.73,288833700,0.0,0.0,0.0,0.0953,0.0711
2012-02-23,方正证券,sh601901,4.85,4.73,4.76,4.77,4.82,4.68,157897300,0.0,0.0,0.0,0.0248,0.0021
2012-02-24,方正证券,sh601901,5.06,4.75,4.76,4.93,4.77,4.84,232178800,0.0,0.0,0.0,0.0649,0.0357
2012-02-27,方正证券,sh601901,5.18,4.92,4.94,4.99,4.93,4.9,242767800,0.0,0.0,0.0,0.0527,0.0101
2012-02-28,方正证券,sh601901,5.03,4.86,4.95,4.93,4.99,4.84,130213600,0.0,0.0,0.0,0.034,-0.004
2012-02-29,方正证券,sh601901,4.91,4.78,4.91,4.81,4.93,4.72,101501300,0.0,0.0,0.0,0.0263,-0.0203
2012-03-01,方正证券,sh601901,4.95,4.77,4.77,4.85,4.81,4.76,92547000,0.0,0.0,0.0,0.0374,0.0167
2012-03-02,方正证券,sh601901,5.03,4.86,4.88,5.0,4.85,4.91,120038400,0.0,0.0,0.0,0.035,0.0245
2012-03-05,方正证券,sh601901,5.1,4.95,5.03,4.96,5.0,4.87,112273500,0.0,0.0,0.0,0.0299,-0.0139
2012-03-06,方正证券,sh601901,4.98,4.88,4.93,4.91,4.96,4.82,77385500,0.0,0.0,0.0,0.0201,-0.004
2012-03-07,方正证券,sh601901,4.97,4.8,4.84,4.86,4.91,4.77,76596100,0.0,0.0,0.0,0.0346,0.0041
2012-03-08,方正证券,sh601901,5.18,4.89,4.9,5.05,4.86,4.96,181193000,0.0,0.0,0.0,0.0596,0.0306
2012-03-09,方正证券,sh601901,5.13,5.03,5.07,5.1,5.05,5.0,111597000,0.0,0.0,0.0,0.0198,0.0059
2012-03-12,方正证券,sh601901,5.13,4.99,5.1,5.05,5.1,4.96,81800800,0.0,0.0,0.0,0.0274,-0.0098
2012-03-13,方正证券,sh601901,5.09,5.01,5.06,5.09,5.05,4.99,70465600,0.0,0.0,0.0,0.0158,0.0059
2012-03-14,方正证券,sh601901,5.22,4.8,5.12,4.86,5.09,4.77,175096100,0.0,0.0,0.0,0.0825,-0.0507
2012-03-15,方正证券,sh601901,4.9,4.7,4.85,4.75,4.86,4.66,90109700,0.0,0.0,0.0,0.0411,-0.0206
2012-03-16,方正证券,sh601901,4.86,4.71,4.78,4.85,4.75,4.76,76652600,0.0,0.0,0.0,0.0315,0.0146
2012-03-19,方正证券,sh601901,4.89,4.76,4.81,4.88,4.85,4.79,62468200,0.0,0.0,0.0,0.0268,0.0145
2012-03-20,方正证券,sh601901,4.85,4.67,4.85,4.68,4.88,4.59,85654900,0.0,0.0,0.0,0.0368,-0.035
2012-03-21,方正证券,sh601901,4.76,4.61,4.73,4.66,4.68,4.57,78820300,0.0,0.0,0.0,0.032,-0.0147
2012-03-22,方正证券,sh601901,4.74,4.6,4.64,4.68,4.66,4.59,52893900,0.0,0.0,0.0,0.03,0.0086
2012-03-23,方正证券,sh601901,4.67,4.5,4.64,4.54,4.68,4.46,68302500,0.0,0.0,0.0,0.0363,-0.0215
2012-03-26,方正证券,sh601901,4.57,4.44,4.52,4.5,4.54,4.42,41267500,0.0,0.0,0.0,0.0286,-0.0044
2012-03-27,方正证券,sh601901,4.56,4.45,4.54,4.46,4.5,4.38,38168500,0.0,0.0,0.0,0.0244,-0.0176
2012-03-28,方正证券,sh601901,4.47,4.22,4.42,4.24,4.46,4.16,69493000,0.0,0.0,0.0,0.056,-0.0407
2012-03-29,方正证券,sh601901,4.23,4.09,4.2,4.15,4.24,4.07,59919800,0.0,0.0,0.0,0.033,-0.0119
2012-03-30,方正证券,sh601901,4.23,4.13,4.17,4.18,4.15,4.1,58280100,0.0,0.0,0.0,0.024,0.0023
2012-04-02,方正证券,sh601901,4.18,4.18,4.18,4.18,4.18,4.1,0,0.0,0.0,0.0,0.0,0.0
2012-04-03,方正证券,sh601901,4.18,4.18,4.18,4.18,4.18,4.1,0,0.0,0.0,0.0,0.0,0.0
2012-04-04,方正证券,sh601901,4.18,4.18,4.18,4.18,4.18,4.1,0,0.0,0.0,0.0,0.0,0.0
2012-04-05,方正证券,sh601901,4.46,4.15,4.2,4.37,4.18,4.29,96096600,0.0,0.0,0.0,0.0741,0.0404
2012-04-06,方正证券,sh601901,4.41,4.3,4.33,4.36,4.37,4.28,58197300,0.0,0.0,0.0,0.0251,0.0069
2012-04-09,方正证券,sh601901,4.38,4.26,4.31,4.27,4.36,4.19,43304100,0.0,0.0,0.0,0.0275,-0.0092
2012-04-10,方正证券,sh601901,4.4,4.15,4.25,4.38,4.27,4.3,58838000,0.0,0.0,0.0,0.0585,0.0305
2012-04-11,方正证券,sh601901,4.42,4.28,4.3,4.36,4.38,4.28,53011300,0.0,0.0,0.0,0.0319,0.0139
2012-04-12,方正证券,sh601901,4.58,4.32,4.36,4.51,4.36,4.43,113273500,0.0,0.0,0.0,0.0596,0.0344
2012-04-13,方正证券,sh601901,4.71,4.5,4.51,4.55,4.51,4.47,114408000,0.0,0.0,0.0,0.0465,0.0088
2012-04-16,方正证券,sh601901,4.74,4.47,4.5,4.66,4.55,4.57,119935500,0.0,0.0,0.0,0.0593,0.0355
2012-04-17,方正证券,sh601901,4.68,4.49,4.63,4.51,4.66,4.43,92778500,0.0,0.0,0.0,0.0407,-0.0259
2012-04-18,方正证券,sh601901,4.96,4.48,4.53,4.88,4.51,4.79,244259500,0.0,0.0,0.0,0.1064,0.0772
2012-04-19,方正证券,sh601901,5.02,4.81,4.83,4.92,4.88,4.83,222905200,0.0,0.0,0.0,0.043,0.0186
2012-04-20,方正证券,sh601901,5.41,4.9,4.91,5.41,4.92,5.31,468810800,0.0,0.0,0.0,0.1036,0.1018
2012-04-23,方正证券,sh601901,5.69,5.38,5.45,5.43,5.41,5.33,515298600,0.0,0.0,0.0,0.0573,-0.0036
2012-04-24,方正证券,sh601901,5.49,5.08,5.38,5.33,5.43,5.23,320176200,0.0,0.0,0.0,0.0755,-0.0092
2012-04-25,方正证券,sh601901,5.45,5.19,5.28,5.23,5.33,5.13,263049300,0.0,0.0,0.0,0.0487,-0.0094
2012-04-26,方正证券,sh601901,5.23,5.23,5.23,5.23,5.23,5.13,0,0.0,0.0,0.0,0.0,0.0
2012-04-27,方正证券,sh601901,5.45,5.22,5.3,5.27,5.23,5.17,220429300,0.0,0.0,0.0,0.0439,-0.0056
2012-04-30,方正证券,sh601901,5.27,5.27,5.27,5.27,5.27,5.17,0,0.0,0.0,0.0,0.0,0.0
2012-05-01,方正证券,sh601901,5.27,5.27,5.27,5.27,5.27,5.17,0,0.0,0.0,0.0,0.0,0.0
2012-05-02,方正证券,sh601901,5.57,5.3,5.49,5.33,5.27,5.23,215857700,0.0,0.0,0.0,0.0512,-0.0291
2012-05-03,方正证券,sh601901,5.59,5.23,5.28,5.5,5.33,5.4,230342600,0.0,0.0,0.0,0.0675,0.0416
2012-05-04,方正证券,sh601901,5.55,5.3,5.48,5.41,5.5,5.31,162384400,0.0,0.0,0.0,0.0454,-0.0127
2012-05-07,方正证券,sh601901,5.46,5.21,5.35,5.32,5.41,5.22,127434700,0.0,0.0,0.0,0.0462,-0.0056
2012-05-08,方正证券,sh601901,5.39,5.15,5.36,5.17,5.32,5.07,110217200,0.0,0.0,0.0,0.0451,-0.0354
2012-05-09,方正证券,sh601901,5.29,5.09,5.1,5.16,5.17,5.06,91669500,0.0,0.0,0.0,0.0386,0.0117
2012-05-10,方正证券,sh601901,5.28,5.1,5.13,5.21,5.16,5.11,89994100,0.0,0.0,0.0,0.0348,0.0155
2012-05-11,方正证券,sh601901,5.25,5.09,5.17,5.11,5.21,5.01,74407800,0.0,0.0,0.0,0.0307,-0.0116
2012-05-14,方正证券,sh601901,5.26,5.1,5.19,5.16,5.11,5.06,107472200,0.0,0.0,0.0,0.0313,-0.0057
2012-05-15,方正证券,sh601901,5.23,5.05,5.09,5.21,5.16,5.11,93758200,0.0,0.0,0.0,0.0348,0.0235
2012-05-16,方正证券,sh601901,5.31,5.13,5.18,5.15,5.21,5.05,97910700,0.0,0.0,0.0,0.0345,-0.0057
2012-05-17,方正证券,sh601901,5.54,5.14,5.14,5.43,5.15,5.33,212858700,0.0,0.0,0.0,0.0776,0.0564
2012-05-18,方正证券,sh601901,5.42,5.23,5.34,5.26,5.43,5.16,141207000,0.0,0.0,0.0,0.0349,-0.0149
2012-05-21,方正证券,sh601901,5.23,5.02,5.2,5.09,5.26,4.99,105594300,0.0,0.0,0.0,0.0399,-0.0211
2012-05-22,方正证券,sh601901,5.2,5.1,5.12,5.17,5.09,5.07,70734900,0.0,0.0,0.0,0.0196,0.0097
2012-05-23,方正证券,sh601901,5.3,5.11,5.14,5.29,5.17,5.19,122057300,0.0,0.0,0.0,0.0367,0.0291
2012-05-24,方正证券,sh601901,5.32,5.13,5.26,5.16,5.29,5.06,83370900,0.0,0.0,0.0,0.0359,-0.019
2012-05-25,方正证券,sh601901,5.23,5.08,5.17,5.11,5.16,5.01,70542400,0.0,0.0,0.0,0.029,-0.0116
2012-05-28,方正证券,sh601901,5.11,4.88,5.05,5.1,5.11,5.0,86349000,0.0,0.0,0.0,0.045,0.0099
2012-05-29,方正证券,sh601901,5.34,5.07,5.08,5.25,5.1,5.15,132161400,0.0,0.0,0.0,0.0529,0.0334
2012-05-30,方正证券,sh601901,5.28,5.2,5.22,5.22,5.25,5.12,67933100,0.0,0.0,0.0,0.0152,0.0
2012-05-31,方正证券,sh601901,5.29,5.15,5.18,5.22,5.22,5.12,81188400,0.0,0.0,0.0,0.0268,0.0077
2012-06-01,方正证券,sh601901,5.48,5.23,5.23,5.32,5.22,5.22,172426800,0.0,0.0,0.0,0.0478,0.0172
2012-06-04,方正证券,sh601901,5.63,5.23,5.24,5.37,5.32,5.27,251482200,0.0,0.0,0.0,0.0751,0.0248
2012-06-05,方正证券,sh601901,5.43,5.13,5.43,5.21,5.37,5.11,125090600,0.0,0.0,0.0,0.0558,-0.0405
2012-06-06,方正证券,sh601901,5.35,5.17,5.2,5.24,5.21,5.14,91576900,0.0,0.0,0.0,0.0345,0.0076
2012-06-07,方正证券,sh601901,5.37,5.16,5.32,5.19,5.24,5.09,104727100,0.0,0.0,0.0,0.04,-0.0244
2012-06-08,方正证券,sh601901,5.35,5.17,5.25,5.25,5.19,5.15,114037200,0.0,0.0,0.0,0.0346,0.0
2012-06-11,方正证券,sh601901,5.33,5.18,5.27,5.32,5.25,5.22,104936500,0.0,0.0,0.0,0.0285,0.0094
2012-06-12,方正证券,sh601901,5.33,5.22,5.26,5.24,5.32,5.14,76006000,0.0,0.0,0.0,0.0206,-0.0038
2012-06-13,方正证券,sh601901,5.52,5.26,5.27,5.43,5.24,5.33,201147600,0.0,0.0,0.0,0.0496,0.0303
2012-06-14,方正证券,sh601901,5.47,5.34,5.38,5.36,5.43,5.26,108683100,0.0,0.0,0.0,0.0239,-0.0037
2012-06-15,方正证券,sh601901,5.49,5.28,5.39,5.4,5.36,5.3,120387800,0.0,0.0,0.0,0.0391,0.0018
2012-06-18,方正证券,sh601901,5.53,5.42,5.47,5.5,5.4,5.4,112591600,0.0,0.0,0.0,0.0203,0.0054
2012-06-19,方正证券,sh601901,5.43,5.33,5.43,5.35,5.5,5.32,70980900,0.0,0.0,0.0,0.0181,-0.0147
2012-06-20,方正证券,sh601901,5.4,5.26,5.37,5.26,5.35,5.23,66402800,0.0,0.0,0.0,0.0261,-0.0204
2012-06-21,方正证券,sh601901,5.24,5.06,5.23,5.1,5.26,5.07,85141000,0.0,0.0,0.0,0.0342,-0.0248
2012-06-22,方正证券,sh601901,5.1,5.1,5.1,5.1,5.1,5.07,0,0.0,0.0,0.0,0.0,0.0
2012-06-25,方正证券,sh601901,5.14,4.97,5.08,5.06,5.1,5.03,65978300,0.0,0.0,0.0,0.0333,-0.0039
2012-06-26,方正证券,sh601901,5.11,4.98,5.0,5.08,5.06,5.05,55214100,0.0,0.0,0.0,0.0256,0.016
2012-06-27,方正证券,sh601901,5.09,4.98,5.07,4.98,5.08,4.95,57319600,0.0,0.0,0.0,0.0216,-0.0177
2012-06-28,方正证券,sh601901,5.05,4.83,5.01,4.85,4.98,4.82,53633500,0.0,0.0,0.0,0.0441,-0.0319
2012-06-29,方正证券,sh601901,5.08,4.79,4.81,5.08,4.85,5.05,79781300,0.0,0.0,0.0,0.0597,0.0561
2012-07-02,方正证券,sh601901,5.12,5.01,5.07,5.04,5.08,5.01,55857500,0.0,0.0,0.0,0.0216,-0.0059
2012-07-03,方正证券,sh601901,5.09,4.96,5.04,5.02,5.04,4.99,44071400,0.0,0.0,0.0,0.0257,-0.0039
2012-07-04,方正证券,sh601901,5.04,4.96,5.02,4.98,5.02,4.95,26282100,0.0,0.0,0.0,0.0159,-0.0079
2012-07-05,方正证券,sh601901,4.96,4.78,4.96,4.79,4.98,4.76,46519300,0.0,0.0,0.0,0.0361,-0.0342
2012-07-06,方正证券,sh601901,4.99,4.7,4.86,4.95,4.79,4.92,57083600,0.0,0.0,0.0,0.0605,0.0185
2012-07-09,方正证券,sh601901,4.96,4.77,4.9,4.8,4.95,4.77,45915400,0.0,0.0,0.0,0.0383,-0.0204
2012-07-10,方正证券,sh601901,4.83,4.7,4.77,4.71,4.8,4.68,41591700,0.0,0.0,0.0,0.027,-0.0125
2012-07-11,方正证券,sh601901,4.73,4.58,4.71,4.67,4.71,4.64,45636500,0.0,0.0,0.0,0.0318,-0.0084
2012-07-12,方正证券,sh601901,4.78,4.45,4.65,4.71,4.67,4.68,83407400,0.0,0.0,0.0,0.0706,0.0129
2012-07-13,方正证券,sh601901,4.74,4.61,4.65,4.62,4.71,4.59,43836500,0.0,0.0,0.0,0.0276,-0.0064
2012-07-16,方正证券,sh601901,4.65,4.44,4.65,4.45,4.62,4.42,39098500,0.0,0.0,0.0,0.0454,-0.043
2012-07-17,方正证券,sh601901,4.63,4.41,4.43,4.54,4.45,4.51,37576100,0.0,0.0,0.0,0.0494,0.0248
2012-07-18,方正证券,sh601901,4.61,4.44,4.5,4.6,4.54,4.57,41028600,0.0,0.0,0.0,0.0374,0.0222
2012-07-19,方正证券,sh601901,4.86,4.53,4.56,4.73,4.6,4.7,101359800,0.0,0.0,0.0,0.0717,0.0372
2012-07-20,方正证券,sh601901,4.77,4.67,4.68,4.72,4.73,4.69,52025000,0.0,0.0,0.0,0.0211,0.0085
2012-07-23,方正证券,sh601901,4.77,4.6,4.66,4.71,4.72,4.68,41104300,0.0,0.0,0.0,0.036,0.0107
2012-07-24,方正证券,sh601901,4.91,4.66,4.66,4.82,4.71,4.79,79167500,0.0,0.0,0.0,0.053,0.0343
2012-07-25,方正证券,sh601901,4.81,4.64,4.75,4.66,4.82,4.63,55376800,0.0,0.0,0.0,0.0352,-0.0189
2012-07-26,方正证券,sh601901,4.77,4.64,4.68,4.67,4.66,4.64,37210100,0.0,0.0,0.0,0.0278,-0.0021
2012-07-27,方正证券,sh601901,4.74,4.59,4.7,4.65,4.67,4.62,37001800,0.0,0.0,0.0,0.0321,-0.0106
2012-07-30,方正证券,sh601901,4.7,4.53,4.65,4.54,4.65,4.51,37509200,0.0,0.0,0.0,0.0365,-0.0236
2012-07-31,方正证券,sh601901,4.57,4.4,4.53,4.47,4.54,4.44,30233000,0.0,0.0,0.0,0.0374,-0.0132
2012-08-01,方正证券,sh601901,4.59,4.44,4.45,4.53,4.47,4.5,33003700,0.0,0.0,0.0,0.0335,0.0179
2012-08-02,方正证券,sh601901,4.53,4.42,4.51,4.44,4.53,4.41,25620700,0.0,0.0,0.0,0.0242,-0.0155
2012-08-03,方正证券,sh601901,4.55,4.45,4.49,4.54,4.44,4.51,35958900,0.0,0.0,0.0,0.0225,0.0111
2012-08-06,方正证券,sh601901,4.65,4.5,4.51,4.63,4.54,4.6,49607700,0.0,0.0,0.0,0.033,0.0266
2012-08-07,方正证券,sh601901,4.62,4.55,4.58,4.58,4.63,4.55,44056200,0.0,0.0,0.0,0.0151,0.0
2012-08-08,方正证券,sh601901,4.7,4.58,4.61,4.6,4.58,4.57,46591800,0.0,0.0,0.0,0.0262,-0.0021
2012-08-09,方正证券,sh601901,4.59,4.48,4.58,4.57,4.6,4.54,48798100,0.0,0.0,0.0,0.0239,-0.0021
2012-08-10,方正证券,sh601901,4.59,4.51,4.55,4.55,4.57,4.52,29514400,0.0,0.0,0.0,0.0175,0.0
2012-08-13,方正证券,sh601901,4.53,4.2,4.52,4.31,4.55,4.28,66924600,0.0,0.0,0.0,0.0725,-0.0464
2012-08-14,方正证券,sh601901,4.33,4.18,4.31,4.28,4.31,4.25,39293200,0.0,0.0,0.0,0.0348,-0.0069
2012-08-15,方正证券,sh601901,4.28,4.22,4.25,4.23,4.28,4.2,18093200,0.0,0.0,0.0,0.014,-0.0047
2012-08-16,方正证券,sh601901,4.27,4.19,4.21,4.21,4.23,4.18,21867600,0.0,0.0,0.0,0.0189,0.0
2012-08-17,方正证券,sh601901,4.23,4.17,4.19,4.21,4.21,4.18,17449300,0.0,0.0,0.0,0.0142,0.0047
2012-08-20,方正证券,sh601901,4.24,4.16,4.18,4.21,4.21,4.18,17587500,0.0,0.0,0.0,0.019,0.0071
2012-08-21,方正证券,sh601901,4.29,4.21,4.21,4.25,4.21,4.22,25022000,0.0,0.0,0.0,0.019,0.0095
2012-08-22,方正证券,sh601901,4.28,4.19,4.26,4.21,4.25,4.18,17031000,0.0,0.0,0.0,0.0211,-0.0117
2012-08-23,方正证券,sh601901,4.3,4.23,4.25,4.26,4.21,4.23,21669900,0.0,0.0,0.0,0.0166,0.0023
2012-08-24,方正证券,sh601901,4.26,4.17,4.25,4.18,4.26,4.15,16856200,0.0,0.0,0.0,0.0211,-0.0164
2012-08-27,方正证券,sh601901,4.2,3.99,4.17,4.01,4.18,3.99,28911800,0.0,0.0,0.0,0.0502,-0.0383
2012-08-28,方正证券,sh601901,4.16,4.01,4.01,4.09,4.01,4.07,32041000,0.0,0.0,0.0,0.0374,0.0199
2012-08-29,方正证券,sh601901,4.08,4.0,4.07,4.02,4.09,4.0,26129400,0.0,0.0,0.0,0.0195,-0.0122
2012-08-30,方正证券,sh601901,4.18,3.99,4.01,4.12,4.02,4.1,56189600,0.0,0.0,0.0,0.0472,0.0274
2012-08-31,方正证券,sh601901,4.11,4.05,4.09,4.07,4.12,4.05,25904800,0.0,0.0,0.0,0.0145,-0.0048
2012-09-03,方正证券,sh601901,4.18,4.06,4.07,4.14,4.07,4.12,40185300,0.0,0.0,0.0,0.0294,0.0171
2012-09-04,方正证券,sh601901,4.16,4.07,4.15,4.08,4.14,4.06,31715200,0.0,0.0,0.0,0.0217,-0.0168
2012-09-05,方正证券,sh601901,4.14,4.06,4.09,4.08,4.08,4.06,24323900,0.0,0.0,0.0,0.0196,-0.0024
2012-09-06,方正证券,sh601901,4.13,4.07,4.07,4.12,4.08,4.1,25369100,0.0,0.0,0.0,0.0147,0.0122
2012-09-07,方正证券,sh601901,4.52,4.14,4.15,4.44,4.12,4.41,141327900,0.0,0.0,0.0,0.0922,0.0698
2012-09-10,方正证券,sh601901,4.57,4.38,4.4,4.47,4.44,4.44,84914900,0.0,0.0,0.0,0.0427,0.0159
2012-09-11,方正证券,sh601901,4.43,4.32,4.43,4.41,4.47,4.38,56563600,0.0,0.0,0.0,0.0246,-0.0045
2012-09-12,方正证券,sh601901,4.48,4.36,4.44,4.45,4.41,4.42,43611600,0.0,0.0,0.0,0.0272,0.0022
2012-09-13,方正证券,sh601901,4.47,4.39,4.44,4.41,4.45,4.38,49464600,0.0,0.0,0.0,0.0179,-0.0067
2012-09-14,方正证券,sh601901,4.51,4.39,4.47,4.43,4.41,4.4,83574100,0.0,0.0,0.0,0.0272,-0.0089
2012-09-17,方正证券,sh601901,4.42,4.23,4.41,4.23,4.43,4.2,47465100,0.0,0.0,0.0,0.0428,-0.0408
2012-09-18,方正证券,sh601901,4.28,4.14,4.21,4.17,4.23,4.14,32983600,0.0,0.0,0.0,0.033,-0.0095
2012-09-19,方正证券,sh601901,4.25,4.17,4.2,4.22,4.17,4.19,28715100,0.0,0.0,0.0,0.0191,0.0047
2012-09-20,方正证券,sh601901,4.2,4.07,4.2,4.08,4.22,4.06,36604200,0.0,0.0,0.0,0.0308,-0.0285
2012-09-21,方正证券,sh601901,4.15,4.05,4.07,4.09,4.08,4.07,27425200,0.0,0.0,0.0,0.0245,0.0049
2012-09-24,方正证券,sh601901,4.17,4.0,4.05,4.13,4.09,4.11,45154900,0.0,0.0,0.0,0.0415,0.0197
2012-09-25,方正证券,sh601901,4.19,4.09,4.11,4.1,4.13,4.08,29475900,0.0,0.0,0.0,0.0242,-0.0024
2012-09-26,方正证券,sh601901,4.17,4.05,4.1,4.07,4.1,4.05,29888500,0.0,0.0,0.0,0.0292,-0.0073
2012-09-27,方正证券,sh601901,4.38,4.05,4.07,4.29,4.07,4.26,98561800,0.0,0.0,0.0,0.081,0.054
2012-09-28,方正证券,sh601901,4.34,4.21,4.23,4.32,4.29,4.29,70980900,0.0,0.0,0.0,0.0303,0.0212
2012-10-01,方正证券,sh601901,4.32,4.32,4.32,4.32,4.32,4.29,0,0.0,0.0,0.0,0.0,0.0
2012-10-02,方正证券,sh601901,4.32,4.32,4.32,4.32,4.32,4.29,0,0.0,0.0,0.0,0.0,0.0
2012-10-03,方正证券,sh601901,4.32,4.32,4.32,4.32,4.32,4.29,0,0.0,0.0,0.0,0.0,0.0
2012-10-04,方正证券,sh601901,4.32,4.32,4.32,4.32,4.32,4.29,0,0.0,0.0,0.0,0.0,0.0
2012-10-05,方正证券,sh601901,4.32,4.32,4.32,4.32,4.32,4.29,0,0.0,0.0,0.0,0.0,0.0
2012-10-08,方正证券,sh601901,4.35,4.22,4.29,4.25,4.32,4.22,39746200,0.0,0.0,0.0,0.03,-0.0093
2012-10-09,方正证券,sh601901,4.6,4.26,4.27,4.47,4.25,4.44,112624500,0.0,0.0,0.0,0.0799,0.0468
2012-10-10,方正证券,sh601901,4.5,4.41,4.45,4.47,4.47,4.44,54865700,0.0,0.0,0.0,0.0201,0.0044
2012-10-11,方正证券,sh601901,4.53,4.4,4.45,4.42,4.47,4.39,59798200,0.0,0.0,0.0,0.029,-0.0067
2012-10-12,方正证券,sh601901,4.52,4.34,4.43,4.44,4.42,4.41,46736700,0.0,0.0,0.0,0.0407,0.0022
2012-10-15,方正证券,sh601901,4.49,4.38,4.46,4.48,4.44,4.45,42124400,0.0,0.0,0.0,0.0247,0.0044
2012-10-16,方正证券,sh601901,4.53,4.42,4.47,4.43,4.48,4.4,57003600,0.0,0.0,0.0,0.0245,-0.0089
2012-10-17,方正证券,sh601901,4.5,4.39,4.48,4.46,4.43,4.43,46688300,0.0,0.0,0.0,0.0248,-0.0044
2012-10-18,方正证券,sh601901,4.54,4.44,4.46,4.52,4.46,4.49,71835000,0.0,0.0,0.0,0.0224,0.0134
2012-10-19,方正证券,sh601901,4.53,4.47,4.5,4.49,4.52,4.46,34841100,0.0,0.0,0.0,0.0132,-0.0022
2012-10-22,方正证券,sh601901,4.52,4.42,4.48,4.5,4.49,4.47,40463500,0.0,0.0,0.0,0.0222,0.0044
2012-10-23,方正证券,sh601901,4.51,4.36,4.49,4.4,4.5,4.37,49540000,0.0,0.0,0.0,0.0333,-0.02
2012-10-24,方正证券,sh601901,4.42,4.36,4.38,4.37,4.4,4.34,27277200,0.0,0.0,0.0,0.0136,-0.0022
2012-10-25,方正证券,sh601901,4.41,4.34,4.36,4.35,4.37,4.32,29189700,0.0,0.0,0.0,0.016,-0.0022
2012-10-26,方正证券,sh601901,4.37,4.2,4.34,4.24,4.35,4.21,35576400,0.0,0.0,0.0,0.039,-0.023
2012-10-29,方正证券,sh601901,4.26,4.17,4.23,4.21,4.24,4.18,21396700,0.0,0.0,0.0,0.0212,-0.0047
2012-10-30,方正证券,sh601901,4.29,4.2,4.2,4.23,4.21,4.2,26528200,0.0,0.0,0.0,0.0213,0.0071
2012-10-31,方正证券,sh601901,4.26,4.19,4.23,4.25,4.23,4.22,31575600,0.0,0.0,0.0,0.0165,0.0047
2012-11-01,方正证券,sh601901,4.41,4.25,4.26,4.34,4.25,4.31,56371500,0.0,0.0,0.0,0.0376,0.0187
2012-11-02,方正证券,sh601901,4.38,4.31,4.34,4.37,4.34,4.34,33683300,0.0,0.0,0.0,0.0161,0.0069
2012-11-05,方正证券,sh601901,4.38,4.28,4.35,4.32,4.37,4.29,31158500,0.0,0.0,0.0,0.0228,-0.0068
2012-11-06,方正证券,sh601901,4.38,4.21,4.33,4.35,4.32,4.32,47082300,0.0,0.0,0.0,0.0393,0.0046
2012-11-07,方正证券,sh601901,4.33,4.24,4.31,4.25,4.35,4.22,28933300,0.0,0.0,0.0,0.0206,-0.0139
2012-11-08,方正证券,sh601901,4.24,4.11,4.2,4.12,4.25,4.1,34724900,0.0,0.0,0.0,0.0305,-0.019
2012-11-09,方正证券,sh601901,4.12,4.06,4.1,4.08,4.12,4.06,31365000,0.0,0.0,0.0,0.0145,-0.0048
2012-11-12,方正证券,sh601901,4.14,4.07,4.11,4.12,4.08,4.1,24495500,0.0,0.0,0.0,0.0171,0.0024
2012-11-13,方正证券,sh601901,4.12,4.02,4.1,4.03,4.12,4.01,29101500,0.0,0.0,0.0,0.0242,-0.017
2012-11-14,方正证券,sh601901,4.08,4.03,4.03,4.08,4.03,4.06,20594500,0.0,0.0,0.0,0.0124,0.0124
2012-11-15,方正证券,sh601901,4.09,4.01,4.04,4.02,4.08,4.0,21929700,0.0,0.0,0.0,0.0196,-0.0049
2012-11-16,方正证券,sh601901,4.07,4.01,4.02,4.05,4.02,4.03,21126700,0.0,0.0,0.0,0.0149,0.0074
2012-11-19,方正证券,sh601901,4.11,4.04,4.05,4.1,4.05,4.08,26511200,0.0,0.0,0.0,0.0172,0.0123
2012-11-20,方正证券,sh601901,4.13,4.03,4.12,4.05,4.1,4.03,19188400,0.0,0.0,0.0,0.0243,-0.0169
2012-11-21,方正证券,sh601901,4.15,4.04,4.04,4.13,4.05,4.11,37949500,0.0,0.0,0.0,0.0271,0.0222
2012-11-22,方正证券,sh601901,4.11,4.05,4.09,4.07,4.13,4.05,23462300,0.0,0.0,0.0,0.0145,-0.0048
2012-11-23,方正证券,sh601901,4.12,4.06,4.08,4.08,4.07,4.06,23295800,0.0,0.0,0.0,0.0147,0.0
2012-11-26,方正证券,sh601901,4.09,4.04,4.08,4.05,4.08,4.03,14107500,0.0,0.0,0.0,0.0122,-0.0073
2012-11-27,方正证券,sh601901,4.06,4.01,4.04,4.01,4.05,3.99,24286400,0.0,0.0,0.0,0.0123,-0.0074
2012-11-28,方正证券,sh601901,4.01,3.89,4.0,3.9,4.01,3.88,26613100,0.0,0.0,0.0,0.0299,-0.025
2012-11-29,方正证券,sh601901,3.95,3.68,3.91,3.74,3.9,3.72,42665500,0.0,0.0,0.0,0.0692,-0.0434
2012-11-30,方正证券,sh601901,3.77,3.64,3.73,3.74,3.74,3.72,27341300,0.0,0.0,0.0,0.0347,0.0026
2012-12-03,方正证券,sh601901,3.77,3.65,3.73,3.66,3.74,3.64,21104300,0.0,0.0,0.0,0.032,-0.0187
2012-12-04,方正证券,sh601901,3.76,3.6,3.65,3.73,3.66,3.71,25737900,0.0,0.0,0.0,0.0437,0.0219
2012-12-05,方正证券,sh601901,4.02,3.69,3.7,3.9,3.73,3.88,86334900,0.0,0.0,0.0,0.0884,0.054
2012-12-06,方正证券,sh601901,3.92,3.84,3.89,3.85,3.9,3.83,37668300,0.0,0.0,0.0,0.0205,-0.0102
2012-12-07,方正证券,sh601901,3.96,3.85,3.88,3.93,3.85,3.91,53845100,0.0,0.0,0.0,0.0285,0.0128
2012-12-10,方正证券,sh601901,4.01,3.93,3.96,3.97,3.93,3.95,51842700,0.0,0.0,0.0,0.0203,0.0025
2012-12-11,方正证券,sh601901,3.98,3.9,3.98,3.91,3.97,3.89,31850000,0.0,0.0,0.0,0.0201,-0.0175
2012-12-12,方正证券,sh601901,3.96,3.86,3.9,3.92,3.91,3.9,31177400,0.0,0.0,0.0,0.0255,0.0051
2012-12-13,方正证券,sh601901,3.89,3.82,3.89,3.82,3.92,3.8,25667900,0.0,0.0,0.0,0.0178,-0.0179
2012-12-14,方正证券,sh601901,4.15,3.82,3.83,4.1,3.82,4.08,135064800,0.0,0.0,0.0,0.0863,0.0704
2012-12-17,方正证券,sh601901,4.19,4.07,4.12,4.13,4.1,4.11,101368800,0.0,0.0,0.0,0.0292,0.0024
2012-12-18,方正证券,sh601901,4.33,4.07,4.11,4.2,4.13,4.17,120228700,0.0,0.0,0.0,0.0629,0.0218
2012-12-19,方正证券,sh601901,4.21,4.13,4.17,4.16,4.2,4.13,46671000,0.0,0.0,0.0,0.019,-0.0023
2012-12-20,方正证券,sh601901,4.26,4.09,4.14,4.22,4.16,4.19,71833600,0.0,0.0,0.0,0.0408,0.0193
2012-12-21,方正证券,sh601901,4.25,4.1,4.2,4.14,4.22,4.12,64319400,0.0,0.0,0.0,0.0355,-0.0142
2012-12-24,方正证券,sh601901,4.25,4.11,4.12,4.17,4.14,4.14,57912500,0.0,0.0,0.0,0.0338,0.0121
2012-12-25,方正证券,sh601901,4.37,4.12,4.14,4.27,4.17,4.24,115479200,0.0,0.0,0.0,0.0599,0.0314
2012-12-26,方正证券,sh601901,4.32,4.23,4.25,4.3,4.27,4.27,73556500,0.0,0.0,0.0,0.021,0.0117
2012-12-27,方正证券,sh601901,4.37,4.24,4.3,4.25,4.3,4.22,61752600,0.0,0.0,0.0,0.0302,-0.0116
2012-12-28,方正证券,sh601901,4.43,4.25,4.29,4.38,4.25,4.35,101244900,0.0,0.0,0.0,0.0423,0.0209
2012-12-31,方正证券,sh601901,4.43,4.33,4.41,4.41,4.38,4.38,76136400,0.0,0.0,0.0,0.0228,0.0
2013-01-04,方正证券,sh601901,4.47,4.32,4.45,4.37,4.41,4.427171,68808908,0.0,0.0,0.0,0.034,-0.0179
2013-01-07,方正证券,sh601901,4.74,4.31,4.31,4.61,4.37,4.6703115,167119378,0.0,0.0,0.0,0.0983,0.0696
2013-01-15,方正证券,sh601901,5.07,4.75,4.75,5.07,4.61,5.136329,197581255,0.0,0.0,0.0,0.0694,0.0673
2013-01-16,方正证券,sh601901,5.43,5.01,5.21,5.32,5.07,5.3896017,224227047,0.0,0.0,0.0,0.0828,0.0211
2013-01-17,方正证券,sh601901,5.4,5.13,5.28,5.22,5.32,5.2882934,135816422,0.0,0.0,0.0,0.0507,-0.0113
2013-01-18,方正证券,sh601901,5.4,5.2,5.2,5.23,5.22,5.2984257,84332383,0.0,0.0,0.0,0.0383,0.0057
2013-01-21,方正证券,sh601901,5.29,5.18,5.23,5.23,5.23,5.2984257,52902423,0.0,0.0,0.0,0.021,0.0
2013-01-22,方正证券,sh601901,5.3,5.12,5.21,5.15,5.23,5.217381,66667467,0.0,0.0,0.0,0.0344,-0.0115
2013-01-23,方正证券,sh601901,5.18,4.98,5.1,5.08,5.15,5.1464663,50777912,0.0,0.0,0.0,0.0388,-0.0039
2013-01-24,方正证券,sh601901,5.49,5.09,5.11,5.16,5.08,5.227513,156129597,0.0,0.0,0.0,0.0787,0.0097
2013-01-25,方正证券,sh601901,5.27,5.07,5.11,5.16,5.16,5.227513,84614458,0.0,0.0,0.0,0.0387,0.0097
2013-01-28,方正证券,sh601901,5.49,5.13,5.13,5.43,5.16,5.5010476,126025642,0.0,0.0,0.0,0.0697,0.0584
2013-01-29,方正证券,sh601901,5.82,5.33,5.41,5.75,5.43,5.8252354,147136145,0.0,0.0,0.0,0.0902,0.0628
2013-01-30,方正证券,sh601901,5.94,5.61,5.77,5.71,5.75,5.784709,84808902,0.0,0.0,0.0,0.0573,-0.0103
2013-01-31,方正证券,sh601901,5.9,5.64,5.7,5.79,5.71,5.865759,77922598,0.0,0.0,0.0,0.0455,0.0157
2013-02-01,方正证券,sh601901,6.37,5.7,5.73,6.37,5.79,6.4533496,160923382,0.0,0.0,0.0,0.1157,0.1116
2013-02-04,方正证券,sh601901,6.68,6.17,6.68,6.25,6.37,6.3317814,222390091,0.0,0.0,0.0,0.08,-0.0643
2013-02-05,方正证券,sh601901,6.4,6.08,6.12,6.36,6.25,6.4432206,139501261,0.0,0.0,0.0,0.0512,0.0392
2013-02-06,方正证券,sh601901,6.64,6.31,6.36,6.45,6.36,6.5343986,120236766,0.0,0.0,0.0,0.0518,0.0141
2013-02-07,方正证券,sh601901,6.6,6.08,6.45,6.39,6.45,6.4736156,143673941,0.0,0.0,0.0,0.0806,-0.0093
2013-02-08,方正证券,sh601901,6.42,6.23,6.29,6.26,6.39,6.3419166,84487151,0.0,0.0,0.0,0.0297,-0.0047
2013-02-18,方正证券,sh601901,6.31,6.06,6.28,6.07,6.26,6.1494327,84908497,0.0,0.0,0.0,0.0399,-0.0334
2013-02-19,方正证券,sh601901,6.13,5.85,6.05,5.93,6.07,6.007602,102175036,0.0,0.0,0.0,0.0461,-0.0198
2013-02-20,方正证券,sh601901,6.03,5.88,5.92,6.0,5.93,6.078516,81480236,0.0,0.0,0.0,0.0252,0.0135
2013-02-21,方正证券,sh601901,5.92,5.55,5.9,5.67,6.0,5.744198,128360510,0.0,0.0,0.0,0.0616,-0.0389
2013-02-22,方正证券,sh601901,5.72,5.58,5.64,5.62,5.67,5.6935453,68032603,0.0,0.0,0.0,0.0246,-0.0035
2013-02-25,方正证券,sh601901,6.06,5.65,5.65,5.95,5.62,6.0278645,127683992,0.0,0.0,0.0,0.0729,0.053
2013-02-26,方正证券,sh601901,6.05,5.76,5.83,5.83,5.95,5.906295,107546202,0.0,0.0,0.0,0.0487,0.0
2013-02-27,方正证券,sh601901,6.28,5.88,5.88,6.15,5.83,6.2304854,137115949,0.0,0.0,0.0,0.0686,0.0459
2013-02-28,方正证券,sh601901,6.77,6.1,6.21,6.77,6.15,6.858599,287348675,0.0,0.0,0.0,0.1089,0.0901
2013-03-01,方正证券,sh601901,7.06,6.71,6.77,6.92,6.77,7.0105653,285537176,0.0,0.0,0.0,0.0516,0.0221
2013-03-04,方正证券,sh601901,7.0,6.43,6.7,6.84,6.92,6.929516,265726351,0.0,0.0,0.0,0.0823,0.0208
2013-03-05,方正证券,sh601901,7.52,6.66,6.8,7.52,6.84,7.618414,336223025,0.0,0.0,0.0,0.1257,0.1058
2013-03-06,方正证券,sh601901,7.93,7.36,7.5,7.53,7.52,7.628546,297029279,0.0,0.0,0.0,0.0757,0.004
2013-03-07,方正证券,sh601901,7.65,7.17,7.53,7.34,7.53,7.436063,216118154,0.0,0.0,0.0,0.0637,-0.0252
2013-03-08,方正证券,sh601901,7.38,6.89,7.36,6.97,7.34,7.0612183,210030765,0.0,0.0,0.0,0.0667,-0.0529
2013-03-11,方正证券,sh601901,7.34,6.86,6.89,7.12,6.97,7.213183,173336862,0.0,0.0,0.0,0.0688,0.0333
2013-03-12,方正证券,sh601901,7.35,6.88,7.11,7.18,7.12,7.273968,169796639,0.0,0.0,0.0,0.066,0.0098
2013-03-13,方正证券,sh601901,7.17,6.86,7.09,6.98,7.18,7.071352,120281528,0.0,0.0,0.0,0.0431,-0.0155
2013-03-14,方正证券,sh601901,7.27,6.9,6.9,7.09,6.98,7.1827893,153163938,0.0,0.0,0.0,0.053,0.0275
2013-03-15,方正证券,sh601901,7.63,6.81,7.1,7.21,7.09,7.304358,313332659,0.0,0.0,0.0,0.1156,0.0154
2013-03-18,方正证券,sh601901,7.41,7.03,7.14,7.13,7.21,7.223309,164899078,0.0,0.0,0.0,0.0527,-0.0014
2013-03-19,方正证券,sh601901,7.37,6.91,7.07,7.24,7.13,7.33475,161564644,0.0,0.0,0.0,0.0645,0.024
2013-03-20,方正证券,sh601901,7.96,7.2,7.2,7.96,7.24,8.064177,344444403,0.0,0.0,0.0,0.1049,0.1055
2013-03-21,方正证券,sh601901,8.02,7.8,7.9,7.97,7.96,8.074305,221141457,0.0,0.0,0.0,0.0276,0.0088
2013-03-22,方正证券,sh601901,7.99,7.81,7.92,7.9,7.97,8.003388,126891370,0.0,0.0,0.0,0.0225,-0.0025
2013-03-25,方正证券,sh601901,8.25,7.73,7.99,7.79,7.9,7.891949,202238184,0.0,0.0,0.0,0.0658,-0.025
2013-03-26,方正证券,sh601901,7.71,7.42,7.65,7.56,7.79,7.6589394,190062298,0.0,0.0,0.0,0.0372,-0.0117
2013-03-27,方正证券,sh601901,7.91,7.55,7.6,7.79,7.56,7.8919473,180159017,0.0,0.0,0.0,0.0476,0.025
2013-03-28,方正证券,sh601901,7.65,7.37,7.58,7.43,7.79,7.527237,174188292,0.0,0.0,0.0,0.0359,-0.0197
2013-03-29,方正证券,sh601901,7.55,7.1,7.52,7.12,7.43,7.2131777,148054933,0.0,0.0,0.0,0.0605,-0.0531
2013-04-01,方正证券,sh601901,7.32,7.09,7.16,7.2,7.12,7.294225,89589790,0.0,0.0,0.0,0.0323,0.0055
2013-04-02,方正证券,sh601901,7.53,7.21,7.24,7.49,7.2,7.5880218,181191958,0.0,0.0,0.0,0.0444,0.0345
2013-04-03,方正证券,sh601901,7.54,7.25,7.41,7.33,7.49,7.4259267,101589249,0.0,0.0,0.0,0.0387,-0.0107
2013-04-08,方正证券,sh601901,7.23,6.95,7.11,7.18,7.33,7.2739625,107421068,0.0,0.0,0.0,0.0381,0.0098
2013-04-09,方正证券,sh601901,7.6,7.22,7.26,7.41,7.18,7.5069695,140748881,0.0,0.0,0.0,0.0529,0.0206
2013-04-10,方正证券,sh601901,7.42,7.05,7.38,7.22,7.41,7.314483,112922074,0.0,0.0,0.0,0.0499,-0.0216
2013-04-11,方正证券,sh601901,7.38,7.06,7.32,7.07,7.22,7.1625175,95078044,0.0,0.0,0.0,0.0443,-0.0341
2013-04-12,方正证券,sh601901,7.05,6.53,7.03,6.59,7.07,6.676233,227649184,0.0,0.0,0.0,0.0735,-0.0625
2013-04-15,方正证券,sh601901,6.59,6.28,6.5,6.52,6.59,6.6053176,146635259,0.0,0.0,0.0,0.047,0.003
2013-04-16,方正证券,sh601901,6.75,6.39,6.41,6.68,6.52,6.767412,147916273,0.0,0.0,0.0,0.0552,0.0421
2013-04-17,方正证券,sh601901,6.74,6.46,6.69,6.54,6.68,6.625581,112135448,0.0,0.0,0.0,0.0419,-0.0224
2013-04-18,方正证券,sh601901,6.72,6.45,6.46,6.65,6.54,6.737023,127255798,0.0,0.0,0.0,0.0412,0.0294
2013-04-19,方正证券,sh601901,7.32,6.66,6.68,7.24,6.65,7.334745,341998849,0.0,0.0,0.0,0.0992,0.0838
2013-04-22,方正证券,sh601901,7.31,7.14,7.16,7.3,7.24,7.3955283,186835616,0.0,0.0,0.0,0.0234,0.0195
2013-04-23,方正证券,sh601901,7.3,6.8,7.3,6.85,7.3,6.939638,201577123,0.0,0.0,0.0,0.0684,-0.0616
2013-04-24,方正证券,sh601901,7.42,6.84,6.85,7.28,6.85,7.375267,244648923,0.0,0.0,0.0,0.0846,0.0627
2013-04-25,方正证券,sh601901,7.61,7.08,7.15,7.38,7.28,7.476574,292388272,0.0,0.0,0.0,0.0728,0.0321
2013-04-26,方正证券,sh601901,7.5,7.1,7.43,7.19,7.38,7.2840896,161804398,0.0,0.0,0.0,0.0542,-0.0323
2013-05-02,方正证券,sh601901,7.5,7.16,7.2,7.44,7.19,7.5373645,155748788,0.0,0.0,0.0,0.0472,0.0333
2013-05-03,方正证券,sh601901,7.93,7.47,7.53,7.68,7.44,7.7805047,231710960,0.0,0.0,0.0,0.0618,0.0199
2013-05-06,方正证券,sh601901,7.81,7.61,7.74,7.77,7.68,7.8716846,198797050,0.0,0.0,0.0,0.026,0.0038
2013-05-07,方正证券,sh601901,7.72,7.46,7.68,7.59,7.77,7.689329,167367964,0.0,0.0,0.0,0.0334,-0.0117
2013-05-08,方正证券,sh601901,7.63,7.2,7.5,7.4,7.59,7.496842,225259227,0.0,0.0,0.0,0.0566,-0.0133
2013-05-09,方正证券,sh601901,7.37,7.04,7.37,7.31,7.4,7.4056654,231514620,0.0,0.0,0.0,0.0445,-0.0081
2013-05-10,方正证券,sh601901,7.38,7.16,7.18,7.25,7.31,7.3448796,117363031,0.0,0.0,0.0,0.03,0.0097
2013-05-13,方正证券,sh601901,7.28,7.08,7.21,7.22,7.25,7.3144865,98410656,0.0,0.0,0.0,0.0275,0.0013
2013-05-14,方正证券,sh601901,7.36,7.14,7.16,7.29,7.22,7.385401,132333630,0.0,0.0,0.0,0.0304,0.0181
2013-05-15,方正证券,sh601901,7.37,7.16,7.34,7.21,7.29,7.304353,108348330,0.0,0.0,0.0,0.0288,-0.0177
2013-05-16,方正证券,sh601901,7.55,7.07,7.18,7.46,7.21,7.5576243,222792942,0.0,0.0,0.0,0.0665,0.0389
2013-05-17,方正证券,sh601901,7.53,7.35,7.42,7.46,7.46,7.5576243,166924448,0.0,0.0,0.0,0.0241,0.0053
2013-05-20,方正证券,sh601901,7.67,7.4,7.52,7.49,7.46,7.5880136,178843318,0.0,0.0,0.0,0.0361,-0.0039
2013-05-21,方正证券,sh601901,7.46,7.32,7.41,7.43,7.49,7.527226,132498359,0.0,0.0,0.0,0.0186,0.0026
2013-05-22,方正证券,sh601901,7.58,7.39,7.45,7.45,7.43,7.547489,121526834,0.0,0.0,0.0,0.0255,0.0
2013-05-23,方正证券,sh601901,7.47,7.24,7.4,7.29,7.45,7.3853917,126655834,0.0,0.0,0.0,0.0308,-0.0148
2013-05-24,方正证券,sh601901,7.38,7.24,7.32,7.3,7.29,7.3955245,73202290,0.0,0.0,0.0,0.0192,-0.0027
2013-05-27,方正证券,sh601901,7.43,7.22,7.29,7.35,7.3,7.4461765,93967355,0.0,0.0,0.0,0.0287,0.0082
2013-05-28,方正证券,sh601901,7.89,7.31,7.34,7.87,7.35,7.9729786,375271995,0.0,0.0,0.0,0.0789,0.0722
2013-05-29,方正证券,sh601901,7.93,7.68,7.9,7.74,7.87,7.841281,274097140,0.0,0.0,0.0,0.0317,-0.0202
2013-05-30,方正证券,sh601901,7.88,7.64,7.76,7.71,7.74,7.8108883,191531515,0.0,0.0,0.0,0.031,-0.0064
2013-05-31,方正证券,sh601901,7.77,7.54,7.73,7.56,7.71,7.6589274,130056189,0.0,0.0,0.0,0.0298,-0.0219
2013-06-03,方正证券,sh601901,7.83,7.55,7.61,7.67,7.56,7.7703648,143995100,0.0,0.0,0.0,0.037,0.0078
2013-06-04,方正证券,sh601901,7.6,7.38,7.6,7.45,7.67,7.5474873,128204598,0.0,0.0,0.0,0.0286,-0.0197
2013-06-05,方正证券,sh601901,7.57,7.39,7.51,7.46,7.45,7.557616,79106541,0.0,0.0,0.0,0.0241,-0.0066
2013-06-06,方正证券,sh601901,7.51,7.35,7.46,7.39,7.46,7.486703,77462098,0.0,0.0,0.0,0.0214,-0.0093
2013-06-07,方正证券,sh601901,7.54,6.86,7.44,7.04,7.39,7.1321254,167530416,0.0,0.0,0.0,0.092,-0.0537
2013-06-13,方正证券,sh601901,6.9,6.51,6.9,6.64,7.04,6.726892,112206115,0.0,0.0,0.0,0.0553,-0.0376
2013-06-14,方正证券,sh601901,6.73,6.56,6.67,6.69,6.64,6.7775455,84897616,0.0,0.0,0.0,0.0256,0.0029
2013-06-17,方正证券,sh601901,6.78,6.57,6.68,6.63,6.69,6.716758,76841326,0.0,0.0,0.0,0.0313,-0.0074
2013-06-18,方正证券,sh601901,6.83,6.67,6.73,6.72,6.63,6.8079376,77106527,0.0,0.0,0.0,0.0241,-0.0014
2013-06-19,方正证券,sh601901,6.75,6.41,6.65,6.73,6.72,6.818068,108036053,0.0,0.0,0.0,0.0505,0.012
2013-06-20,方正证券,sh601901,6.69,6.5,6.65,6.55,6.73,6.635712,70890853,0.0,0.0,0.0,0.0282,-0.015
2013-06-21,方正证券,sh601901,6.64,6.35,6.46,6.54,6.55,6.6255794,91568679,0.0,0.0,0.0,0.0442,0.0123
2013-06-24,方正证券,sh601901,6.5,5.89,6.5,5.89,6.54,5.9670763,141146569,0.0,0.0,0.0,0.0932,-0.0938
2013-06-25,方正证券,sh601901,5.83,5.3,5.65,5.72,5.89,5.7948546,204523000,0.0,0.0,0.0,0.0899,0.0123
2013-06-26,方正证券,sh601901,5.81,5.43,5.62,5.65,5.72,5.723937,128524463,0.0,0.0,0.0,0.0664,0.0053
2013-06-27,方正证券,sh601901,5.77,5.33,5.7,5.35,5.65,5.420013,117345816,0.0,0.0,0.0,0.0778,-0.0614
2013-06-28,方正证券,sh601901,5.71,5.2,5.34,5.53,5.35,5.6023693,144939496,0.0,0.0,0.0,0.0953,0.0355
2013-07-01,方正证券,sh601901,5.52,5.3,5.4,5.48,5.53,5.551713,93687389,0.0,0.0,0.0,0.0397,0.0148
2013-07-02,方正证券,sh601901,5.76,5.4,5.49,5.68,5.48,5.7543283,156005248,0.0,0.0,0.0,0.0656,0.0346
2013-07-03,方正证券,sh601901,5.68,5.46,5.59,5.6,5.68,5.6732783,111888161,0.0,0.0,0.0,0.0387,0.0017
2013-07-04,方正证券,sh601901,5.8,5.4,5.49,5.65,5.6,5.723935,143936820,0.0,0.0,0.0,0.0714,0.0291
2013-07-05,方正证券,sh601901,5.78,5.62,5.63,5.63,5.65,5.7036724,117819874,0.0,0.0,0.0,0.0283,0.0
2013-07-08,方正证券,sh601901,5.57,5.33,5.48,5.34,5.63,5.4098763,106266478,0.0,0.0,0.0,0.0426,-0.0255
2013-07-09,方正证券,sh601901,5.38,5.11,5.28,5.12,5.34,5.1869946,108252612,0.0,0.0,0.0,0.0505,-0.0303
2013-07-10,方正证券,sh601901,5.58,5.13,5.13,5.56,5.12,5.632755,189395315,0.0,0.0,0.0,0.0878,0.0838
2013-07-11,方正证券,sh601901,6.12,5.47,5.56,6.05,5.56,6.1291637,357505774,0.0,0.0,0.0,0.1169,0.0881
2013-07-12,方正证券,sh601901,6.09,5.77,5.94,5.78,6.05,5.8556314,256547879,0.0,0.0,0.0,0.0528,-0.0269
2013-07-15,方正证券,sh601901,6.34,5.83,5.94,6.15,5.78,6.230474,280635793,0.0,0.0,0.0,0.0882,0.0353
2013-07-16,方正证券,sh601901,6.22,6.0,6.04,6.17,6.15,6.288218,126540304,0.0,0.0,0.0,0.0357,0.0215
2013-07-17,方正证券,sh601901,6.27,6.01,6.14,6.05,6.17,6.1659184,125501761,0.0,0.0,0.0,0.0421,-0.0146
2013-07-18,方正证券,sh601901,6.05,5.87,6.0,5.89,6.05,6.0028543,99203889,0.0,0.0,0.0,0.0297,-0.0183
2013-07-19,方正证券,sh601901,6.0,5.66,5.88,5.67,5.89,5.7786417,106260725,0.0,0.0,0.0,0.0577,-0.0357
2013-07-22,方正证券,sh601901,5.86,5.55,5.67,5.85,5.67,5.9620905,96116396,0.0,0.0,0.0,0.0546,0.0317
2013-07-23,方正证券,sh601901,6.27,5.81,5.85,6.19,5.85,6.308607,196291080,0.0,0.0,0.0,0.0786,0.0581
2013-07-24,方正证券,sh601901,6.23,6.02,6.09,6.18,6.19,6.298413,143824288,0.0,0.0,0.0,0.0339,0.0147
2013-07-25,方正证券,sh601901,6.36,6.03,6.19,6.12,6.18,6.2372613,129070418,0.0,0.0,0.0,0.0533,-0.0113
2013-07-26,方正证券,sh601901,6.13,6.0,6.03,6.05,6.12,6.1659193,81152428,0.0,0.0,0.0,0.0212,0.0033
2013-07-29,方正证券,sh601901,6.02,5.86,6.0,5.88,6.05,5.9926634,68020971,0.0,0.0,0.0,0.0264,-0.02
2013-07-30,方正证券,sh601901,6.18,5.84,5.94,6.02,5.88,6.135349,139761852,0.0,0.0,0.0,0.0578,0.0134
2013-07-31,方正证券,sh601901,6.19,5.92,6.1,5.96,6.02,6.074198,109065529,0.0,0.0,0.0,0.0448,-0.0229
2013-08-01,方正证券,sh601901,6.18,5.96,6.0,6.15,5.96,6.267837,125989512,0.0,0.0,0.0,0.0369,0.025
2013-08-02,方正证券,sh601901,6.24,6.07,6.2,6.1,6.15,6.2168794,90647627,0.0,0.0,0.0,0.0276,-0.0161
2013-08-05,方正证券,sh601901,6.17,6.06,6.08,6.15,6.1,6.2678394,75294767,0.0,0.0,0.0,0.018,0.0115
2013-08-06,方正证券,sh601901,6.18,6.06,6.14,6.14,6.15,6.2576475,95929563,0.0,0.0,0.0,0.0195,0.0
2013-08-07,方正证券,sh601901,6.28,6.1,6.16,6.12,6.14,6.2372665,117604907,0.0,0.0,0.0,0.0293,-0.0064
2013-08-08,方正证券,sh601901,6.16,6.02,6.08,6.07,6.12,6.186308,84261984,0.0,0.0,0.0,0.0228,-0.0016
2013-08-09,方正证券,sh601901,6.16,6.02,6.11,6.1,6.07,6.216881,71926853,0.0,0.0,0.0,0.023,-0.0016
2013-08-12,方正证券,sh601901,6.33,6.09,6.14,6.32,6.1,6.4410987,205402254,0.0,0.0,0.0,0.0393,0.0293
2013-08-13,方正证券,sh601901,6.35,6.22,6.28,6.27,6.32,6.3901434,112023936,0.0,0.0,0.0,0.0205,-0.0015
2013-08-14,方正证券,sh601901,6.34,6.14,6.27,6.17,6.27,6.288227,119297100,0.0,0.0,0.0,0.0318,-0.0159
2013-08-15,方正证券,sh601901,6.21,6.08,6.14,6.09,6.17,6.2066936,73412992,0.0,0.0,0.0,0.021,-0.0081
2013-08-16,方正证券,sh601901,6.7,5.9,6.03,6.0,6.09,6.114971,279041227,0.0,0.0,0.0,0.1313,-0.0049
2013-08-19,方正证券,sh601901,5.9,5.56,5.7,5.83,6.0,5.9417157,142518036,0.0,0.0,0.0,0.0566,0.0228
2013-08-20,方正证券,sh601901,5.95,5.76,5.79,5.84,5.83,5.9519057,92554409,0.0,0.0,0.0,0.0325,0.0086
2013-08-21,方正证券,sh601901,5.91,5.81,5.85,5.9,5.84,6.013056,61186912,0.0,0.0,0.0,0.0171,0.0085
2013-08-22,方正证券,sh601901,6.02,5.87,5.89,5.95,5.9,6.0640163,75170100,0.0,0.0,0.0,0.0254,0.0101
2013-08-23,方正证券,sh601901,6.04,5.77,5.98,5.91,5.95,6.023248,66637195,0.0,0.0,0.0,0.0453,-0.0117
2014-01-13,方正证券,sh601901,6.39,5.91,6.24,6.01,5.91,6.125161,213312200,0.0,0.0,0.0,0.0812,-0.0368
2014-01-14,方正证券,sh601901,6.07,5.64,6.03,5.73,6.01,5.839796,109784567,0.0,0.0,0.0,0.0715,-0.0497
2014-01-15,方正证券,sh601901,5.79,5.49,5.7,5.6,5.73,5.707303,80046596,0.0,0.0,0.0,0.0523,-0.0175
2014-01-16,方正证券,sh601901,5.73,5.58,5.58,5.63,5.6,5.737877,59732809,0.0,0.0,0.0,0.0267,0.0089
2014-01-17,方正证券,sh601901,5.6,5.45,5.58,5.45,5.63,5.5544257,71926799,0.0,0.0,0.0,0.0266,-0.0232
2014-01-20,方正证券,sh601901,5.49,5.32,5.48,5.33,5.45,5.432128,54730939,0.0,0.0,0.0,0.0311,-0.0273
2014-01-21,方正证券,sh601901,5.65,5.33,5.33,5.58,5.33,5.686917,95786764,0.0,0.0,0.0,0.06,0.0469
2014-01-22,方正证券,sh601901,5.75,5.55,5.55,5.7,5.58,5.8092136,83158010,0.0,0.0,0.0,0.0358,0.027
2014-01-23,方正证券,sh601901,5.73,5.63,5.68,5.67,5.7,5.77864,56198263,0.0,0.0,0.0,0.0175,-0.0017
2014-01-24,方正证券,sh601901,5.93,5.64,5.64,5.87,5.67,5.98247,105570264,0.0,0.0,0.0,0.0511,0.0407
2014-01-27,方正证券,sh601901,5.91,5.79,5.81,5.81,5.87,5.9213233,72486204,0.0,0.0,0.0,0.0204,0.0
2014-01-28,方正证券,sh601901,5.95,5.75,5.88,5.81,5.81,5.9213233,49603421,0.0,0.0,0.0,0.0344,-0.0119
2014-01-29,方正证券,sh601901,5.87,5.74,5.81,5.8,5.81,5.9111323,49266617,0.0,0.0,0.0,0.0223,-0.0017
2014-01-30,方正证券,sh601901,5.81,5.61,5.79,5.63,5.8,5.7378774,49078322,0.0,0.0,0.0,0.0344,-0.0276
2014-02-07,方正证券,sh601901,5.71,5.48,5.58,5.67,5.63,5.778645,48160196,0.0,0.0,0.0,0.0408,0.0161
2014-02-10,方正证券,sh601901,5.83,5.67,5.67,5.79,5.67,5.900944,71599697,0.0,0.0,0.0,0.0282,0.0211
2014-02-11,方正证券,sh601901,5.96,5.75,5.8,5.89,5.79,6.002859,104900806,0.0,0.0,0.0,0.0362,0.0155
2014-02-12,方正证券,sh601901,5.97,5.82,5.9,5.9,5.89,6.013052,83736665,0.0,0.0,0.0,0.0254,0.0
2014-02-13,方正证券,sh601901,5.92,5.8,5.88,5.8,5.9,5.911137,77163486,0.0,0.0,0.0,0.0203,-0.0136
2014-02-14,方正证券,sh601901,5.87,5.78,5.81,5.84,5.8,5.951906,46859347,0.0,0.0,0.0,0.0155,0.0051
2014-02-17,方正证券,sh601901,5.92,5.83,5.88,5.87,5.84,5.982481,65161274,0.0,0.0,0.0,0.0154,-0.0017
2014-02-18,方正证券,sh601901,5.88,5.65,5.88,5.67,5.87,5.778646,83601830,0.0,0.0,0.0,0.0391,-0.0357
2014-02-19,方正证券,sh601901,5.78,5.6,5.67,5.71,5.67,5.819414,71241473,0.0,0.0,0.0,0.0317,0.007
2014-02-20,方正证券,sh601901,5.79,5.54,5.72,5.55,5.71,5.656348,76700016,0.0,0.0,0.0,0.0437,-0.0297
2014-02-21,方正证券,sh601901,5.56,5.38,5.51,5.43,5.55,5.5340466,59111919,0.0,0.0,0.0,0.0324,-0.0145
2014-02-24,方正证券,sh601901,5.4,5.21,5.39,5.32,5.43,5.421938,65328421,0.0,0.0,0.0,0.0349,-0.0129
2014-02-25,方正证券,sh601901,5.35,5.08,5.33,5.14,5.32,5.238487,60593272,0.0,0.0,0.0,0.0507,-0.0356
2014-02-26,方正证券,sh601901,5.13,5.01,5.13,5.09,5.14,5.1875267,47769086,0.0,0.0,0.0,0.0233,-0.0077
2014-02-27,方正证券,sh601901,5.39,5.17,5.34,5.19,5.09,5.289441,81437849,0.0,0.0,0.0,0.0432,-0.028
2014-02-28,方正证券,sh601901,5.71,5.15,5.16,5.71,5.19,5.819406,151158708,0.0,0.0,0.0,0.1078,0.1065
2014-03-03,方正证券,sh601901,5.9,5.68,5.73,5.83,5.71,5.9417067,215066665,0.0,0.0,0.0,0.0385,0.0174
2014-03-04,方正证券,sh601901,5.95,5.73,5.87,5.86,5.83,5.9722824,154136511,0.0,0.0,0.0,0.0377,-0.0017
2014-03-05,方正证券,sh601901,5.87,5.68,5.84,5.69,5.86,5.7990265,114298328,0.0,0.0,0.0,0.0324,-0.0256
2014-03-06,方正证券,sh601901,5.85,5.52,5.69,5.73,5.69,5.8397937,139941849,0.0,0.0,0.0,0.0579,0.007
2014-03-07,方正证券,sh601901,5.83,5.56,5.65,5.63,5.73,5.737878,98039941,0.0,0.0,0.0,0.0471,-0.0035
2014-03-10,方正证券,sh601901,5.7,5.5,5.53,5.56,5.63,5.6665387,93158955,0.0,0.0,0.0,0.0355,0.0054
2014-03-11,方正证券,sh601901,5.65,5.44,5.52,5.55,5.56,5.6563444,61916698,0.0,0.0,0.0,0.0377,0.0054
2014-03-12,方正证券,sh601901,5.58,5.28,5.5,5.4,5.55,5.5034704,76544424,0.0,0.0,0.0,0.054,-0.0181
2014-03-13,方正证券,sh601901,5.74,5.38,5.46,5.6,5.4,5.7073026,98553614,0.0,0.0,0.0,0.0666,0.0256
2014-03-14,方正证券,sh601901,5.65,5.45,5.53,5.5,5.6,5.605387,59062902,0.0,0.0,0.0,0.0357,-0.0054
2014-03-17,方正证券,sh601901,5.53,5.4,5.5,5.53,5.5,5.635965,51087964,0.0,0.0,0.0,0.0236,0.0054
2014-03-18,方正证券,sh601901,5.53,5.44,5.53,5.46,5.53,5.564625,48041303,0.0,0.0,0.0,0.0162,-0.0126
2014-03-19,方正证券,sh601901,5.43,5.35,5.42,5.4,5.46,5.503475,40832055,0.0,0.0,0.0,0.0146,-0.0036
2014-03-20,方正证券,sh601901,5.48,5.24,5.4,5.25,5.4,5.3505993,47111233,0.0,0.0,0.0,0.0444,-0.0277
2014-03-21,方正证券,sh601901,5.67,5.19,5.22,5.6,5.25,5.707308,127821199,0.0,0.0,0.0,0.0914,0.0727
2014-03-24,方正证券,sh601901,5.86,5.47,5.59,5.72,5.6,5.82961,189219972,0.0,0.0,0.0,0.0696,0.0232
2014-03-25,方正证券,sh601901,5.79,5.61,5.64,5.68,5.72,5.788843,98439063,0.0,0.0,0.0,0.0314,0.007
2014-03-26,方正证券,sh601901,5.85,5.59,5.79,5.62,5.68,5.727696,84966502,0.0,0.0,0.0,0.0457,-0.0293
2014-03-27,方正证券,sh601901,5.69,5.48,5.59,5.53,5.62,5.6359725,87943459,0.0,0.0,0.0,0.0373,-0.0107
2014-03-28,方正证券,sh601901,5.58,5.43,5.52,5.46,5.53,5.5646324,61957228,0.0,0.0,0.0,0.0271,-0.0108
2014-03-31,方正证券,sh601901,5.52,5.36,5.5,5.4,5.46,5.503483,38600467,0.0,0.0,0.0,0.0293,-0.0181
2014-04-01,方正证券,sh601901,5.52,5.42,5.44,5.47,5.4,5.5748243,39611820,0.0,0.0,0.0,0.0185,0.0055
2014-04-02,方正证券,sh601901,5.57,5.44,5.48,5.5,5.47,5.6053967,43595486,0.0,0.0,0.0,0.0237,0.0036
2014-04-03,方正证券,sh601901,5.67,5.49,5.56,5.51,5.5,5.615587,75860269,0.0,0.0,0.0,0.0327,-0.0089
2014-04-04,方正证券,sh601901,5.61,5.46,5.48,5.59,5.51,5.6971197,48359215,0.0,0.0,0.0,0.0272,0.02
2014-04-08,方正证券,sh601901,5.82,5.54,5.56,5.78,5.59,5.8907595,142510192,0.0,0.0,0.0,0.05,0.0395
2014-04-09,方正证券,sh601901,5.8,5.7,5.78,5.74,5.78,5.849995,74231230,0.0,0.0,0.0,0.0173,-0.0069
2014-04-10,方正证券,sh601901,6.08,5.73,5.79,5.96,5.74,6.074214,246450322,0.0,0.0,0.0,0.0609,0.0293
2014-04-11,方正证券,sh601901,6.01,5.85,5.92,5.88,5.96,5.9926796,128268102,0.0,0.0,0.0,0.0268,-0.0067
2014-04-14,方正证券,sh601901,5.94,5.83,5.88,5.91,5.88,6.0232544,63015135,0.0,0.0,0.0,0.0187,0.0051
2014-04-15,方正证券,sh601901,5.89,5.74,5.89,5.75,5.91,5.8601866,74436441,0.0,0.0,0.0,0.0253,-0.0237
2014-04-16,方正证券,sh601901,6.14,5.75,5.76,5.92,5.75,6.033443,177925342,0.0,0.0,0.0,0.0678,0.0277
2014-04-17,方正证券,sh601901,6.04,5.83,5.91,5.95,5.92,6.0640206,115700912,0.0,0.0,0.0,0.0354,0.0067
2014-04-18,方正证券,sh601901,6.1,5.86,5.9,6.04,5.95,6.155745,119329639,0.0,0.0,0.0,0.0403,0.0237
2014-04-21,方正证券,sh601901,6.13,5.93,6.02,5.93,6.04,6.043637,122939672,0.0,0.0,0.0,0.0331,-0.0149
2014-04-22,方正证券,sh601901,5.96,5.78,5.85,5.95,5.93,6.064022,106023243,0.0,0.0,0.0,0.0303,0.017
2014-04-23,方正证券,sh601901,5.95,5.82,5.92,5.86,5.95,5.9722977,55946806,0.0,0.0,0.0,0.0218,-0.0101
2014-04-24,方正证券,sh601901,5.97,5.81,5.84,5.87,5.86,5.9824862,64682870,0.0,0.0,0.0,0.0273,0.0051
2014-04-25,方正证券,sh601901,5.94,5.82,5.9,5.83,5.87,5.9417214,63575430,0.0,0.0,0.0,0.0204,-0.0118
2014-04-28,方正证券,sh601901,5.86,5.56,5.81,5.58,5.83,5.6869287,71281047,0.0,0.0,0.0,0.0514,-0.0395
2014-04-29,方正证券,sh601901,5.7,5.49,5.59,5.69,5.58,5.799035,68831878,0.0,0.0,0.0,0.0376,0.0178
2014-04-30,方正证券,sh601901,5.73,5.63,5.63,5.7,5.69,5.809224,43004265,0.0,0.0,0.0,0.0175,0.0124
2014-05-05,方正证券,sh601901,5.76,5.59,5.66,5.75,5.7,5.8601823,45539253,0.0,0.0,0.0,0.0298,0.0159
2014-05-06,方正证券,sh601901,5.81,5.7,5.71,5.74,5.75,5.849992,45818723,0.0,0.0,0.0,0.0191,0.0052
2014-05-07,方正证券,sh601901,5.83,5.69,5.69,5.73,5.74,5.839801,47349094,0.0,0.0,0.0,0.0243,0.007
2014-05-08,方正证券,sh601901,5.92,5.69,5.7,5.77,5.73,5.8805685,74964708,0.0,0.0,0.0,0.0401,0.0122
2014-05-09,方正证券,sh601901,5.85,5.67,5.78,5.82,5.77,5.9315295,71380573,0.0,0.0,0.0,0.0311,0.0069
2014-05-12,方正证券,sh601901,6.09,5.82,5.92,6.01,5.82,6.12517,148056348,0.0,0.0,0.0,0.0463,0.0152
2014-05-13,方正证券,sh601901,6.02,5.93,5.99,5.97,6.01,6.084401,59552797,0.0,0.0,0.0,0.0149,-0.0033
2014-05-14,方正证券,sh601901,6.03,5.94,6.01,5.99,5.97,6.104784,52089837,0.0,0.0,0.0,0.015,-0.0033
2014-05-15,方正证券,sh601901,6.0,5.78,6.0,5.79,5.99,5.9009514,74573890,0.0,0.0,0.0,0.0367,-0.0349
2014-05-16,方正证券,sh601901,5.86,5.71,5.79,5.75,5.79,5.8601875,44800827,0.0,0.0,0.0,0.0259,-0.0069
2014-05-19,方正证券,sh601901,5.76,5.66,5.76,5.68,5.75,5.7888455,39579367,0.0,0.0,0.0,0.0173,-0.0138
2014-05-20,方正证券,sh601901,5.76,5.66,5.72,5.68,5.68,5.7888455,33255447,0.0,0.0,0.0,0.0176,-0.0069
2014-05-21,方正证券,sh601901,5.77,5.62,5.67,5.77,5.68,5.88057,41043163,0.0,0.0,0.0,0.0264,0.0176
2014-05-22,方正证券,sh601901,5.87,5.73,5.77,5.74,5.77,5.8499966,53167264,0.0,0.0,0.0,0.0242,-0.0051
2014-05-23,方正证券,sh601901,5.83,5.72,5.73,5.82,5.74,5.931528,46647850,0.0,0.0,0.0,0.0191,0.0157
2014-05-26,方正证券,sh601901,5.84,5.75,5.83,5.79,5.82,5.900951,39577180,0.0,0.0,0.0,0.0154,-0.0068
2014-05-27,方正证券,sh601901,5.79,5.7,5.78,5.7,5.79,5.8092265,30986635,0.0,0.0,0.0,0.0155,-0.0138
2014-05-28,方正证券,sh601901,5.81,5.66,5.7,5.79,5.7,5.9009485,64302374,0.0,0.0,0.0,0.0263,0.0157
2014-05-29,方正证券,sh601901,5.8,5.63,5.78,5.64,5.79,5.7480726,53307886,0.0,0.0,0.0,0.0293,-0.0242
2014-05-30,方正证券,sh601901,5.71,5.61,5.63,5.63,5.64,5.737881,35891052,0.0,0.0,0.0,0.0177,0.0
2014-06-03,方正证券,sh601901,5.7,5.57,5.66,5.58,5.63,5.6869235,35331017,0.0,0.0,0.0,0.023,-0.0141
2014-06-04,方正证券,sh601901,5.59,5.51,5.57,5.54,5.58,5.6461596,30727219,0.0,0.0,0.0,0.0143,-0.0053
2014-06-05,方正证券,sh601901,5.62,5.51,5.54,5.61,5.54,5.717499,30603430,0.0,0.0,0.0,0.0198,0.0126
2014-06-06,方正证券,sh601901,5.61,5.5,5.6,5.54,5.61,5.646156,31741625,0.0,0.0,0.0,0.0196,-0.0107
2014-06-09,方正证券,sh601901,5.59,5.49,5.51,5.51,5.54,5.615582,29655863,0.0,0.0,0.0,0.018,0.0
2014-06-10,方正证券,sh601901,5.63,5.51,5.53,5.62,5.51,5.727691,49347526,0.0,0.0,0.0,0.0217,0.0162
2014-06-11,方正证券,sh601901,5.63,5.55,5.6,5.58,5.62,5.6869273,24562090,0.0,0.0,0.0,0.0142,-0.0035
2014-06-12,方正证券,sh601901,5.59,5.52,5.56,5.53,5.58,5.635967,27742906,0.0,0.0,0.0,0.0125,-0.0053
2014-06-13,方正证券,sh601901,5.65,5.52,5.52,5.59,5.53,5.697117,46346260,0.0,0.0,0.0,0.0235,0.0126
2014-06-16,方正证券,sh601901,5.65,5.57,5.59,5.63,5.59,5.7378855,36736698,0.0,0.0,0.0,0.0143,0.0071
2014-06-17,方正证券,sh601901,5.63,5.53,5.63,5.55,5.63,5.65635,32180843,0.0,0.0,0.0,0.0177,-0.0142
2014-06-18,方正证券,sh601901,5.58,5.46,5.56,5.47,5.55,5.5748196,36788687,0.0,0.0,0.0,0.0216,-0.0161
2014-06-19,方正证券,sh601901,5.51,5.26,5.46,5.29,5.47,5.391369,41898668,0.0,0.0,0.0,0.0457,-0.0311
2014-06-20,方正证券,sh601901,5.37,5.26,5.31,5.34,5.29,5.442328,26724823,0.0,0.0,0.0,0.0207,0.0056
2014-06-23,方正证券,sh601901,5.38,5.32,5.35,5.33,5.34,5.4321346,18944162,0.0,0.0,0.0,0.0112,-0.0037
2014-06-24,方正证券,sh601901,5.37,5.33,5.33,5.35,5.33,5.452516,20482456,0.0,0.0,0.0,0.0075,0.0037
2014-06-25,方正证券,sh601901,5.35,5.3,5.35,5.32,5.35,5.4219437,16394900,0.0,0.0,0.0,0.0093,-0.0056
2014-06-26,方正证券,sh601901,5.41,5.32,5.33,5.36,5.32,5.4627113,27678859,0.0,0.0,0.0,0.0169,0.0056
2014-06-27,方正证券,sh601901,5.4,5.33,5.37,5.37,5.36,5.4729047,26792383,0.0,0.0,0.0,0.013,0.0
2014-06-30,方正证券,sh601901,5.45,5.36,5.39,5.43,5.37,5.534054,42635962,0.0,0.0,0.0,0.0167,0.0074
2014-07-01,方正证券,sh601901,5.45,5.38,5.44,5.42,5.43,5.52386,24685563,0.0,0.0,0.0,0.0128,-0.0036
2014-07-02,方正证券,sh601901,5.46,5.39,5.41,5.45,5.42,5.5544343,38267876,0.0,0.0,0.0,0.0129,0.0073
2014-07-03,方正证券,sh601901,5.48,5.4,5.44,5.44,5.45,5.544242,36005005,0.0,0.0,0.0,0.0146,0.0
2014-07-04,方正证券,sh601901,5.45,5.39,5.43,5.4,5.44,5.503475,29627731,0.0,0.0,0.0,0.011,-0.0055
2014-07-07,方正证券,sh601901,5.43,5.36,5.4,5.38,5.4,5.4830904,24822200,0.0,0.0,0.0,0.0129,-0.0037
2014-07-08,方正证券,sh601901,5.39,5.34,5.36,5.38,5.38,5.4830904,24081786,0.0,0.0,0.0,0.0092,0.0037
2014-07-09,方正证券,sh601901,5.42,5.32,5.38,5.33,5.38,5.4321303,35862093,0.0,0.0,0.0,0.0185,-0.0092
2014-07-10,方正证券,sh601901,5.38,5.33,5.35,5.37,5.33,5.4728985,25634271,0.0,0.0,0.0,0.0093,0.0037
2014-07-21,方正证券,sh601901,5.56,5.42,5.5,5.44,5.37,5.544238,83899559,0.0,0.0,0.0,0.026,-0.0109
2014-07-22,方正证券,sh601901,5.53,5.39,5.41,5.52,5.44,5.6257715,71120371,0.0,0.0,0.0,0.0257,0.0203
2014-07-23,方正证券,sh601901,5.58,5.47,5.51,5.49,5.52,5.5951953,70118937,0.0,0.0,0.0,0.0199,-0.0036
2014-07-24,方正证券,sh601901,5.75,5.49,5.49,5.64,5.49,5.7480674,118990436,0.0,0.0,0.0,0.0473,0.0273
2014-07-25,方正证券,sh601901,5.71,5.6,5.64,5.68,5.64,5.7888327,84680739,0.0,0.0,0.0,0.0195,0.007
2014-07-28,方正证券,sh601901,6.25,5.79,5.85,6.09,5.68,6.206688,332089802,0.0,0.0,0.0,0.0809,0.041
2014-07-29,方正证券,sh601901,6.15,6.01,6.07,6.08,6.09,6.1964965,151179666,0.0,0.0,0.0,0.0229,0.0016
2014-07-30,方正证券,sh601901,6.18,6.04,6.07,6.1,6.08,6.216877,158567229,0.0,0.0,0.0,0.023,0.0049
2014-07-31,方正证券,sh601901,6.16,6.05,6.08,6.13,6.1,6.2474513,119451011,0.0,0.0,0.0,0.018,0.0082
2014-08-01,方正证券,sh601901,6.18,5.98,6.09,6.0,6.13,6.1149616,156451387,0.0,0.0,0.0,0.0326,-0.0147
2014-08-04,方正证券,sh601901,6.35,6.09,6.17,6.28,6.0,6.4003286,251030710,0.0,0.0,0.0,0.0433,0.0178
2014-08-05,方正证券,sh601901,6.28,6.16,6.25,6.22,6.28,6.33918,120366472,0.0,0.0,0.0,0.0191,-0.0048
2014-08-06,方正证券,sh601901,6.21,6.07,6.17,6.16,6.22,6.2780323,113797578,0.0,0.0,0.0,0.0225,-0.0016
2014-08-07,方正证券,sh601901,6.18,5.99,6.17,6.0,6.16,6.1149664,104616321,0.0,0.0,0.0,0.0308,-0.0275
2014-08-08,方正证券,sh601901,6.07,5.96,6.0,6.0,6.0,6.1149664,71413068,0.0,0.0,0.0,0.0183,0.0
2014-08-11,方正证券,sh601901,6.15,6.01,6.01,6.09,6.0,6.206691,81262688,0.0,0.0,0.0,0.0233,0.0133
2014-08-12,方正证券,sh601901,6.12,6.02,6.1,6.07,6.09,6.1863084,62953949,0.0,0.0,0.0,0.0164,-0.0049
2014-08-13,方正证券,sh601901,6.16,6.03,6.09,6.08,6.07,6.196497,79140566,0.0,0.0,0.0,0.0214,-0.0016
2014-08-14,方正证券,sh601901,6.1,5.95,6.08,5.96,6.08,6.074197,75923892,0.0,0.0,0.0,0.0246,-0.0197
2014-08-15,方正证券,sh601901,6.1,5.93,5.97,6.07,5.96,6.186302,84381418,0.0,0.0,0.0,0.0285,0.0167
2014-08-18,方正证券,sh601901,6.13,6.02,6.09,6.07,6.07,6.186302,80637336,0.0,0.0,0.0,0.0181,-0.0032
2014-08-19,方正证券,sh601901,6.11,6.01,6.09,6.07,6.07,6.186302,61171575,0.0,0.0,0.0,0.0164,-0.0032
2014-08-20,方正证券,sh601901,6.09,6.03,6.06,6.05,6.07,6.1659184,58954409,0.0,0.0,0.0,0.0098,-0.0016
2014-08-21,方正证券,sh601901,6.06,5.88,6.04,5.95,6.05,6.064002,82375062,0.0,0.0,0.0,0.0297,-0.0149
2014-08-22,方正证券,sh601901,5.99,5.92,5.94,5.97,5.95,6.084383,55188683,0.0,0.0,0.0,0.0117,0.005
2014-08-25,方正证券,sh601901,6.0,5.88,5.98,5.89,5.97,6.0028524,44348625,0.0,0.0,0.0,0.0201,-0.015
2014-08-26,方正证券,sh601901,5.92,5.76,5.87,5.78,5.89,5.890743,50653051,0.0,0.0,0.0,0.0271,-0.0153
2014-08-27,方正证券,sh601901,5.88,5.78,5.8,5.8,5.78,5.911125,39917582,0.0,0.0,0.0,0.0173,0.0
2014-08-28,方正证券,sh601901,5.87,5.77,5.8,5.81,5.8,5.9213157,37349557,0.0,0.0,0.0,0.0172,0.0017
2014-08-29,方正证券,sh601901,5.91,5.81,5.81,5.9,5.81,6.013043,44267303,0.0,0.0,0.0,0.0172,0.0154
2014-09-01,方正证券,sh601901,5.95,5.88,5.92,5.93,5.9,6.043619,37637446,0.0,0.0,0.0,0.0118,0.0016
2014-09-02,方正证券,sh601901,6.03,5.89,5.92,6.02,5.93,6.135343,99441702,0.0,0.0,0.0,0.0236,0.0168
2014-09-03,方正证券,sh601901,6.07,6.0,6.01,6.02,6.02,6.135343,78103241,0.0,0.0,0.0,0.0116,0.0016
2014-09-04,方正证券,sh601901,6.09,6.01,6.02,6.08,6.02,6.196494,81090157,0.0,0.0,0.0,0.0132,0.0099
2014-09-05,方正证券,sh601901,6.19,6.07,6.14,6.11,6.08,6.2270675,112287951,0.0,0.0,0.0,0.0197,-0.0048
2014-09-09,方正证券,sh601901,6.12,6.02,6.11,6.05,6.11,6.165918,64616576,0.0,0.0,0.0,0.0163,-0.0098
2014-09-10,方正证券,sh601901,6.04,5.98,6.02,6.03,6.05,6.145533,50463229,0.0,0.0,0.0,0.0099,0.0016
2014-09-11,方正证券,sh601901,6.14,6.0,6.01,6.03,6.03,6.145533,96250347,0.0,0.0,0.0,0.0232,0.0033
2014-09-12,方正证券,sh601901,6.04,5.96,6.01,6.04,6.03,6.1557226,57921878,0.0,0.0,0.0,0.0132,0.0049
2014-09-15,方正证券,sh601901,6.04,5.98,6.03,6.02,6.04,6.135341,64898417,0.0,0.0,0.0,0.0099,-0.0016
2014-09-16,方正证券,sh601901,6.05,5.87,6.01,5.88,6.02,5.9926577,100552413,0.0,0.0,0.0,0.0299,-0.0216
2014-09-17,方正证券,sh601901,5.93,5.82,5.91,5.89,5.88,6.002851,58490979,0.0,0.0,0.0,0.0187,-0.0033
2014-09-18,方正证券,sh601901,6.02,5.85,5.88,5.95,5.89,6.064002,77309836,0.0,0.0,0.0,0.0288,0.0119
2014-09-19,方正证券,sh601901,5.99,5.91,5.97,5.95,5.95,6.064002,45413421,0.0,0.0,0.0,0.0134,-0.0033
2014-09-22,方正证券,sh601901,5.96,5.84,5.96,5.84,5.95,5.9518967,46962490,0.0,0.0,0.0,0.0201,-0.0201
2014-09-23,方正证券,sh601901,5.97,5.85,5.85,5.92,5.84,6.033432,54889203,0.0,0.0,0.0,0.0205,0.0119
2014-09-24,方正证券,sh601901,6.21,5.89,5.9,6.14,5.92,6.257646,198803826,0.0,0.0,0.0,0.054,0.0406
2014-09-25,方正证券,sh601901,6.18,6.04,6.16,6.06,6.14,6.1761155,134106348,0.0,0.0,0.0,0.0228,-0.0162
2014-09-26,方正证券,sh601901,6.14,6.04,6.06,6.1,6.06,6.216884,79126214,0.0,0.0,0.0,0.0165,0.0066
2014-09-29,方正证券,sh601901,6.22,6.12,6.16,6.15,6.1,6.2678437,116247591,0.0,0.0,0.0,0.0163,-0.0016
2014-09-30,方正证券,sh601901,6.2,6.12,6.17,6.14,6.15,6.2576523,83386182,0.0,0.0,0.0,0.013,-0.0048
2014-10-08,方正证券,sh601901,6.25,6.11,6.17,6.21,6.14,6.3289957,98465354,0.0,0.0,0.0,0.0228,0.0064
2014-10-09,方正证券,sh601901,6.28,6.12,6.24,6.16,6.21,6.2780347,89990333,0.0,0.0,0.0,0.0257,-0.0128
2014-10-10,方正证券,sh601901,6.23,6.1,6.13,6.15,6.16,6.2678456,81804564,0.0,0.0,0.0,0.0211,0.0032
2014-10-13,方正证券,sh601901,6.12,6.03,6.11,6.08,6.15,6.1965046,65059206,0.0,0.0,0.0,0.0146,-0.0049
2014-10-14,方正证券,sh601901,6.14,6.03,6.06,6.06,6.08,6.1761246,62409600,0.0,0.0,0.0,0.018,0.0
2014-10-15,方正证券,sh601901,6.38,6.05,6.07,6.3,6.06,6.420724,232589030,0.0,0.0,0.0,0.0544,0.0378
2014-10-16,方正证券,sh601901,6.36,6.2,6.23,6.22,6.3,6.3391933,166509823,0.0,0.0,0.0,0.0253,-0.0016
2014-10-17,方正证券,sh601901,6.37,6.1,6.23,6.32,6.22,6.4411087,185012716,0.0,0.0,0.0,0.0434,0.0144
2014-10-20,方正证券,sh601901,6.51,6.27,6.33,6.45,6.32,6.573602,179060521,0.0,0.0,0.0,0.0379,0.0189
2014-10-21,方正证券,sh601901,6.55,6.33,6.45,6.35,6.45,6.471685,139979629,0.0,0.0,0.0,0.0341,-0.0155
2014-10-22,方正证券,sh601901,6.42,6.19,6.34,6.22,6.35,6.3391967,97325554,0.0,0.0,0.0,0.0362,-0.0189
2014-10-23,方正证券,sh601901,6.26,6.14,6.2,6.18,6.22,6.2984295,69834025,0.0,0.0,0.0,0.0192,-0.0032
2014-10-24,方正证券,sh601901,6.23,6.07,6.2,6.09,6.18,6.206705,77905857,0.0,0.0,0.0,0.0258,-0.0177
2014-10-27,方正证券,sh601901,5.99,5.85,5.95,5.87,6.09,5.982488,109872831,0.0,0.0,0.0,0.0229,-0.0134
2014-10-28,方正证券,sh601901,6.05,5.89,5.89,6.03,5.87,6.1455526,90313990,0.0,0.0,0.0,0.0272,0.0237
2014-10-29,方正证券,sh601901,6.29,6.01,6.05,6.16,6.03,6.2780447,139516220,0.0,0.0,0.0,0.0464,0.0181
2014-10-30,方正证券,sh601901,6.23,6.12,6.16,6.19,6.16,6.308619,103398278,0.0,0.0,0.0,0.0178,0.0048
2014-10-31,方正证券,sh601901,6.45,6.21,6.27,6.37,6.19,6.4920673,204479440,0.0,0.0,0.0,0.0387,0.0159
2014-11-03,方正证券,sh601901,6.58,6.33,6.41,6.36,6.37,6.4818745,252809764,0.0,0.0,0.0,0.0392,-0.0078
2014-11-04,方正证券,sh601901,6.31,6.17,6.27,6.23,6.36,6.3493853,230218947,0.0,0.0,0.0,0.022,-0.0063
2014-11-05,方正证券,sh601901,6.55,6.19,6.25,6.39,6.23,6.51245,248746680,0.0,0.0,0.0,0.0577,0.0223
2014-11-06,方正证券,sh601901,6.65,6.34,6.37,6.58,6.39,6.7060914,291748532,0.0,0.0,0.0,0.0485,0.0329
2014-11-07,方正证券,sh601901,7.1,6.51,6.57,6.77,6.58,6.8997297,424350575,0.0,0.0,0.0,0.0896,0.0304
2014-11-11,方正证券,sh601901,7.45,7.04,7.12,7.24,6.77,7.3787365,607280483,0.0,0.0,0.0,0.0605,0.0168
2014-11-12,方正证券,sh601901,7.47,7.05,7.07,7.45,7.24,7.592764,356596539,0.0,0.0,0.0,0.058,0.0537
2014-11-13,方正证券,sh601901,7.58,7.16,7.4,7.21,7.45,7.348163,365982547,0.0,0.0,0.0,0.0563,-0.0256
2014-11-14,方正证券,sh601901,7.21,6.96,7.1,7.11,7.21,7.246244,208920638,0.0,0.0,0.0,0.0346,0.0014
2014-11-17,方正证券,sh601901,7.21,6.87,7.15,6.95,7.11,7.0831747,212019957,0.0,0.0,0.0,0.0478,-0.0279
2014-11-18,方正证券,sh601901,7.02,6.89,6.91,6.93,6.95,7.0627894,125315254,0.0,0.0,0.0,0.0187,0.0028
2014-11-19,方正证券,sh601901,6.99,6.86,6.93,6.88,6.93,7.0118313,111009721,0.0,0.0,0.0,0.0187,-0.0072
2014-11-20,方正证券,sh601901,7.04,6.81,6.84,6.95,6.88,7.0831695,133234121,0.0,0.0,0.0,0.0334,0.016
2014-11-21,方正证券,sh601901,7.47,6.9,6.95,7.39,6.95,7.531598,335999654,0.0,0.0,0.0,0.082,0.0633
2014-11-24,方正证券,sh601901,8.13,7.52,7.59,8.13,7.39,8.285774,601592942,0.0,0.0,0.0,0.0825,0.0711
2014-11-25,方正证券,sh601901,8.65,8.01,8.12,8.4,8.13,8.5609455,483783663,0.0,0.0,0.0,0.0787,0.0344
2014-11-26,方正证券,sh601901,9.12,8.33,8.38,8.85,8.4,9.019564,457480423,0.0,0.0,0.0,0.094,0.056
2014-11-27,方正证券,sh601901,9.74,8.7,8.88,9.74,8.85,9.926616,517516475,0.0,0.0,0.0,0.1175,0.0968
2014-11-28,方正证券,sh601901,10.46,9.54,9.7,9.89,9.74,10.079486,579686048,0.0,0.0,0.0,0.0944,0.0195
2014-12-01,方正证券,sh601901,10.26,9.52,9.95,9.89,9.89,10.079486,407357288,0.0,0.0,0.0,0.0748,-0.006
2014-12-02,方正证券,sh601901,10.88,9.61,9.7,10.88,9.89,11.088452,503797416,0.0,0.0,0.0,0.1284,0.1216
2014-12-03,方正证券,sh601901,11.97,10.8,10.9,11.71,10.88,11.934358,688391510,0.0,0.0,0.0,0.1075,0.0743
2014-12-04,方正证券,sh601901,12.88,11.35,11.45,12.88,11.71,13.126779,495950110,0.0,0.0,0.0,0.1306,0.1248
2014-12-05,方正证券,sh601901,14.17,12.66,13.41,14.17,12.88,14.441491,615894816,0.0,0.0,0.0,0.1172,0.0566
2014-12-08,方正证券,sh601901,15.59,13.5,13.9,15.59,14.17,15.888701,519041841,0.0,0.0,0.0,0.1474,0.1215
2014-12-09,方正证券,sh601901,17.15,14.03,15.68,15.12,15.59,15.409689,708183569,0.0,0.0,0.0,0.2001,-0.0357
2014-12-10,方正证券,sh601901,15.78,13.63,14.9,15.16,15.12,15.450463,637672282,0.0,0.0,0.0,0.1421,0.0174
2014-12-11,方正证券,sh601901,14.86,13.64,14.42,13.64,15.16,13.901338,417909193,0.0,0.0,0.0,0.0804,-0.054
2014-12-12,方正证券,sh601901,14.65,13.15,13.15,13.79,13.64,14.054211,442671438,0.0,0.0,0.0,0.1099,0.0486
2014-12-15,方正证券,sh601901,14.05,13.3,13.68,13.94,13.79,14.207079,286789403,0.0,0.0,0.0,0.0543,0.019
2014-12-16,方正证券,sh601901,15.33,13.82,14.01,15.33,13.94,15.623709,542122169,0.0,0.0,0.0,0.1083,0.0942
2014-12-17,方正证券,sh601901,16.38,14.5,15.91,15.49,15.33,15.786774,622464866,0.0,0.0,0.0,0.1226,-0.0263
2014-12-18,方正证券,sh601901,15.09,14.15,14.9,14.18,15.49,14.451671,347513441,0.0,0.0,0.0,0.0606,-0.0483
2014-12-19,方正证券,sh601901,14.45,13.26,14.06,13.88,14.18,14.145916,271359979,0.0,0.0,0.0,0.0839,-0.0128
2014-12-22,方正证券,sh601901,14.11,13.1,13.71,13.65,13.88,13.911505,255215814,0.0,0.0,0.0,0.0727,-0.0043
2014-12-23,方正证券,sh601901,14.13,13.55,13.7,13.82,13.65,14.084759,207390330,0.0,0.0,0.0,0.0424,0.0087
2014-12-24,方正证券,sh601901,14.12,12.44,13.98,12.64,13.82,12.882145,257602291,0.0,0.0,0.0,0.1215,-0.0958
2014-12-25,方正证券,sh601901,13.44,12.22,12.55,13.19,12.64,13.442686,261244900,0.0,0.0,0.0,0.0965,0.0509
2014-12-26,方正证券,sh601901,14.5,13.03,13.15,14.49,13.19,14.767597,402224813,0.0,0.0,0.0,0.1114,0.1019
2014-12-29,方正证券,sh601901,14.95,13.55,14.85,13.83,14.49,14.094948,328217683,0.0,0.0,0.0,0.0966,-0.0686
2014-12-30,方正证券,sh601901,14.33,13.33,13.65,13.87,13.83,14.135711,238545765,0.0,0.0,0.0,0.0723,0.0161
2014-12-31,方正证券,sh601901,14.64,13.56,13.86,14.09,13.87,14.359931,272672889,0.0,0.0,0.0,0.0778,0.0165
2015-01-01,方正证券,sh601901,14.09,14.09,14.09,14.09,14.09,14.09,0,0.0,0.0,0.0,0.0,0.0
2015-01-02,方正证券,sh601901,14.09,14.09,14.09,14.09,14.09,14.09,0,0.0,0.0,0.0,0.0,0.0
2015-01-05,方正证券,sh601901,13.72,12.91,13.39,13.52,14.09,13.52,4015143,0.0,0.0,0.0,0.0574,0.0097
2015-01-06,方正证券,sh601901,13.35,12.71,13.0,13.1,13.52,13.1,2962989,0.0,0.0,0.0,0.0473,0.0076
2015-01-07,方正证券,sh601901,13.8,12.72,12.86,13.18,13.1,13.18,3435082,0.0,0.0,0.0,0.0824,0.0248
2015-01-08,方正证券,sh601901,13.1,12.38,13.1,12.47,13.18,12.47,2808712,0.0,0.0,0.0,0.0546,-0.048
2015-01-09,方正证券,sh601901,13.44,12.45,12.5,12.86,12.47,12.86,3670614,0.0,0.0,0.0,0.0793,0.0287
2015-01-12,方正证券,sh601901,13.04,12.5,12.78,12.92,12.86,12.92,2233225,0.0,0.0,0.0,0.0419,0.0109
2015-01-13,方正证券,sh601901,12.9,12.58,12.9,12.71,12.92,12.71,1229333,0.0,0.0,0.0,0.0247,-0.0147
2015-01-14,方正证券,sh601901,13.01,12.7,12.8,12.91,12.71,12.91,1349591,0.0,0.0,0.0,0.0243,0.0085
2015-01-15,方正证券,sh601901,13.52,12.86,12.96,13.49,12.91,13.49,2710859,0.0,0.0,0.0,0.0511,0.0408
2015-01-16,方正证券,sh601901,13.88,13.29,13.69,13.66,13.49,13.66,2765113,0.0,0.0,0.0,0.0437,-0.0021
2015-01-19,方正证券,sh601901,12.7,12.29,12.3,12.29,13.66,12.29,1929333,0.0,0.0,0.0,0.03,-8.0E-4
2015-01-20,方正证券,sh601901,12.2,11.42,11.91,11.77,12.29,11.77,2472593,0.0,0.0,0.0,0.0634,-0.0117
2015-01-21,方正证券,sh601901,12.8,11.93,11.95,12.64,11.77,12.64,2698458,0.0,0.0,0.0,0.0739,0.0577
2015-01-22,方正证券,sh601901,12.78,12.45,12.7,12.65,12.64,12.65,1474182,0.0,0.0,0.0,0.0261,-0.0039
2015-01-23,方正证券,sh601901,13.3,12.54,12.54,12.68,12.65,12.68,2312174,0.0,0.0,0.0,0.06,0.0111
2015-01-26,方正证券,sh601901,12.65,12.2,12.62,12.58,12.68,12.58,1393549,0.0,0.0,0.0,0.0354,-0.0031
2015-01-27,方正证券,sh601901,12.96,12.5,12.68,12.84,12.58,12.84,1907164,0.0,0.0,0.0,0.0365,0.0126
2015-01-28,方正证券,sh601901,13.04,12.59,12.7,12.72,12.84,12.72,1604361,0.0,0.0,0.0,0.035,0.0015
2015-01-29,方正证券,sh601901,12.6,12.22,12.33,12.33,12.72,12.33,1127418,0.0,0.0,0.0,0.0298,0.0
2015-01-30,方正证券,sh601901,12.54,12.05,12.36,12.06,12.33,12.06,856374,0.0,0.0,0.0,0.0397,-0.0242
2015-02-02,方正证券,sh601901,11.98,11.55,11.66,11.59,12.06,11.59,994483,0.0,0.0,0.0,0.0356,-0.006
2015-02-03,方正证券,sh601901,11.99,11.54,11.82,11.9,11.59,11.9,1360130,0.0,0.0,0.0,0.0388,0.0067
2015-02-04,方正证券,sh601901,12.12,11.58,11.88,11.6,11.9,11.6,1339864,0.0,0.0,0.0,0.0453,-0.0235
2015-02-05,方正证券,sh601901,12.08,11.48,12.0,11.49,11.6,11.49,1514617,0.0,0.0,0.0,0.0517,-0.0424
2015-02-06,方正证券,sh601901,11.88,11.45,11.48,11.63,11.49,11.63,1133547,0.0,0.0,0.0,0.0374,0.013
2015-02-09,方正证券,sh601901,12.5,11.67,11.67,12.31,11.63,12.31,2272604,0.0,0.0,0.0,0.0713,0.0548
2015-02-10,方正证券,sh601901,13.28,12.18,12.31,13.11,12.31,13.11,3519505,0.0,0.0,0.0,0.0893,0.0649
2015-02-11,方正证券,sh601901,13.22,12.85,13.15,13.11,13.11,13.11,1609590,0.0,0.0,0.0,0.0282,-0.003
2015-02-12,方正证券,sh601901,13.15,12.84,13.15,13.04,13.11,13.04,1030027,0.0,0.0,0.0,0.0236,-0.0083
2015-02-13,方正证券,sh601901,13.25,12.9,13.1,12.94,13.04,12.94,1725572,0.0,0.0,0.0,0.0268,-0.0122
2015-02-16,方正证券,sh601901,13.05,12.85,12.94,12.96,12.94,12.96,1047275,0.0,0.0,0.0,0.0154,0.0015
2015-02-17,方正证券,sh601901,13.55,13.04,13.05,13.16,12.96,13.16,1758219,0.0,0.0,0.0,0.0393,0.0084
2015-02-18,方正证券,sh601901,13.16,13.16,13.16,13.16,13.16,13.16,0,0.0,0.0,0.0,0.0,0.0
2015-02-19,方正证券,sh601901,13.16,13.16,13.16,13.16,13.16,13.16,0,0.0,0.0,0.0,0.0,0.0
2015-02-20,方正证券,sh601901,13.16,13.16,13.16,13.16,13.16,13.16,0,0.0,0.0,0.0,0.0,0.0
2015-02-23,方正证券,sh601901,13.16,13.16,13.16,13.16,13.16,13.16,0,0.0,0.0,0.0,0.0,0.0
2015-02-24,方正证券,sh601901,13.16,13.16,13.16,13.16,13.16,13.16,0,0.0,0.0,0.0,0.0,0.0
2015-02-25,方正证券,sh601901,13.18,12.85,13.18,12.91,13.16,12.91,921636,0.0,0.0,0.0,0.025,-0.0204
2015-02-26,方正证券,sh601901,13.55,12.67,12.88,13.42,12.91,13.42,2388831,0.0,0.0,0.0,0.0681,0.0419
2015-02-27,方正证券,sh601901,13.43,13.16,13.37,13.21,13.42,13.21,1506512,0.0,0.0,0.0,0.0201,-0.0119
2015-03-02,方正证券,sh601901,13.69,13.3,13.55,13.39,13.21,13.39,1890896,0.0,0.0,0.0,0.0295,-0.0118
2015-03-03,方正证券,sh601901,13.3,12.8,13.3,12.83,13.39,12.83,1621454,0.0,0.0,0.0,0.0373,-0.0353
2015-03-04,方正证券,sh601901,13.01,12.75,12.82,12.87,12.83,12.87,908413,0.0,0.0,0.0,0.0202,0.0039
2015-03-05,方正证券,sh601901,13.18,12.75,12.8,12.99,12.87,12.99,1285000,0.0,0.0,0.0,0.0334,0.0148
2015-03-06,方正证券,sh601901,13.17,12.83,13.0,12.86,12.99,12.86,899743,0.0,0.0,0.0,0.0261,-0.0107
2015-03-09,方正证券,sh601901,12.66,12.05,12.4,12.52,12.86,12.52,1392067,0.0,0.0,0.0,0.0474,0.0096
2015-03-10,方正证券,sh601901,12.82,12.38,12.47,12.56,12.52,12.56,923293,0.0,0.0,0.0,0.0351,0.0072
2015-03-11,方正证券,sh601901,12.88,12.5,12.5,12.6,12.56,12.6,826040,0.0,0.0,0.0,0.0302,0.0079
2015-03-12,方正证券,sh601901,13.0,12.52,12.7,12.82,12.6,12.82,1167441,0.0,0.0,0.0,0.038,0.0094
2015-03-13,方正证券,sh601901,13.19,12.75,12.9,12.85,12.82,12.85,1176092,0.0,0.0,0.0,0.0343,-0.0038
2015-03-16,方正证券,sh601901,13.18,12.71,12.89,13.05,12.85,13.05,1434925,0.0,0.0,0.0,0.0365,0.0124
2015-03-17,方正证券,sh601901,13.47,13.03,13.25,13.38,13.05,13.38,2408503,0.0,0.0,0.0,0.0337,0.0098
2015-03-18,方正证券,sh601901,13.6,13.34,13.45,13.54,13.38,13.54,2293581,0.0,0.0,0.0,0.0194,0.0066
2015-03-19,方正证券,sh601901,13.59,13.31,13.55,13.44,13.54,13.44,1681540,0.0,0.0,0.0,0.0206,-0.0081
2015-03-20,方正证券,sh601901,14.7,13.3,13.44,14.16,13.44,14.16,4325659,0.0,0.0,0.0,0.1041,0.0535
2015-03-23,方正证券,sh601901,14.38,13.98,14.2,14.26,14.16,14.26,2941019,0.0,0.0,0.0,0.0282,0.0042
2015-03-24,方正证券,sh601901,14.32,13.61,14.29,13.93,14.26,13.93,2434552,0.0,0.0,0.0,0.0497,-0.0251
2015-03-25,方正证券,sh601901,14.21,13.67,13.94,13.7,13.93,13.7,2327662,0.0,0.0,0.0,0.0387,-0.0172
2015-03-26,方正证券,sh601901,13.98,13.49,13.63,13.79,13.7,13.79,1523889,0.0,0.0,0.0,0.0357,0.0117
2015-03-27,方正证券,sh601901,14.06,13.72,13.81,13.87,13.79,13.87,1471420,0.0,0.0,0.0,0.0246,0.0043
2015-03-30,方正证券,sh601901,14.25,13.74,13.87,14.16,13.87,14.16,2280773,0.0,0.0,0.0,0.0367,0.0209
2015-03-31,方正证券,sh601901,14.97,14.05,14.31,14.09,14.16,14.09,2967249,0.0,0.0,0.0,0.0649,-0.0153
2015-04-01,方正证券,sh601901,14.49,14.06,14.19,14.42,14.09,14.42,2256428,0.0,0.0,0.0,0.0305,0.0162
2015-04-02,方正证券,sh601901,14.7,14.1,14.62,14.3,14.42,14.3,1924334,0.0,0.0,0.0,0.0416,-0.0218
2015-04-03,方正证券,sh601901,14.69,14.11,14.13,14.61,14.3,14.61,2838625,0.0,0.0,0.0,0.0405,0.0339
2015-04-06,方正证券,sh601901,14.61,14.61,14.61,14.61,14.61,14.61,0,0.0,0.0,0.0,0.0,0.0
2015-04-07,方正证券,sh601901,14.94,14.49,14.74,14.77,14.61,14.77,2529706,0.0,0.0,0.0,0.0308,0.002
2015-04-08,方正证券,sh601901,15.65,14.6,14.85,15.48,14.77,15.48,4203904,0.0,0.0,0.0,0.071,0.0424
2015-04-09,方正证券,sh601901,16.98,15.21,15.7,16.07,15.48,16.07,4627137,0.0,0.0,0.0,0.1143,0.0235
2015-04-10,方正证券,sh601901,16.22,15.7,16.18,16.06,16.07,16.06,2753741,0.0,0.0,0.0,0.0323,-0.0074
2015-04-13,方正证券,sh601901,16.17,15.6,16.11,15.87,16.06,15.87,2554646,0.0,0.0,0.0,0.0354,-0.0148
2015-04-14,方正证券,sh601901,16.16,15.35,15.78,16.01,15.87,16.01,2735230,0.0,0.0,0.0,0.051,0.0145
2015-04-15,方正证券,sh601901,16.09,15.35,15.85,15.38,16.01,15.38,1869440,0.0,0.0,0.0,0.0462,-0.0296
2015-04-16,方正证券,sh601901,15.74,15.01,15.24,15.57,15.38,15.57,1745350,0.0,0.0,0.0,0.0474,0.0216
2015-04-17,方正证券,sh601901,15.99,15.51,15.69,15.77,15.57,15.77,2372229,0.0,0.0,0.0,0.0308,0.005
2015-04-20,方正证券,sh601901,15.77,14.87,15.77,14.89,15.77,14.89,2446899,0.0,0.0,0.0,0.057,-0.0558
2015-04-21,方正证券,sh601901,15.76,14.89,14.89,15.58,14.89,15.58,2097768,0.0,0.0,0.0,0.0584,0.0463
2015-04-22,方正证券,sh601901,16.6,15.6,15.73,16.47,15.58,16.47,3567272,0.0,0.0,0.0,0.0641,0.047
2015-04-23,方正证券,sh601901,16.88,16.01,16.53,16.21,16.47,16.21,3096159,0.0,0.0,0.0,0.0528,-0.0193
2015-04-24,方正证券,sh601901,15.99,15.41,15.8,15.63,16.21,15.63,2055972,0.0,0.0,0.0,0.0357,-0.0107
2015-04-27,方正证券,sh601901,16.0,15.62,15.65,15.78,15.63,15.78,1616498,0.0,0.0,0.0,0.0243,0.0083
2015-04-28,方正证券,sh601901,15.96,15.54,15.8,15.64,15.78,15.64,1936159,0.0,0.0,0.0,0.0266,-0.0101
2015-04-29,方正证券,sh601901,15.81,15.3,15.64,15.65,15.64,15.65,1318705,0.0,0.0,0.0,0.0326,6.0E-4
2015-04-30,方正证券,sh601901,15.58,15.07,15.47,15.09,15.65,15.09,2012448,0.0,0.0,0.0,0.0325,-0.0245
2015-05-01,方正证券,sh601901,15.09,15.09,15.09,15.09,15.09,15.09,0,0.0,0.0,0.0,0.0,0.0
2015-05-04,方正证券,sh601901,15.05,14.71,15.04,14.86,15.09,14.86,1218867,0.0,0.0,0.0,0.0225,-0.0119
2015-05-05,方正证券,sh601901,15.27,14.2,14.87,14.35,14.86,14.35,1538078,0.0,0.0,0.0,0.072,-0.0349
2015-05-06,方正证券,sh601901,14.89,14.13,14.65,14.4,14.35,14.4,1440580,0.0,0.0,0.0,0.0529,-0.017
2015-05-07,方正证券,sh601901,14.63,14.21,14.31,14.41,14.4,14.41,1193873,0.0,0.0,0.0,0.0291,0.0069
2015-05-08,方正证券,sh601901,14.72,14.11,14.62,14.55,14.41,14.55,1228105,0.0,0.0,0.0,0.0423,-0.0047
2015-05-11,方正证券,sh601901,14.85,14.45,14.66,14.77,14.55,14.77,1981087,0.0,0.0,0.0,0.0274,0.0075
2015-05-12,方正证券,sh601901,15.43,14.6,14.71,15.09,14.77,15.09,2413456,0.0,0.0,0.0,0.0561,0.0258
2015-05-13,方正证券,sh601901,15.07,14.51,15.07,14.61,15.09,14.61,1486340,0.0,0.0,0.0,0.0371,-0.0305
2015-05-14,方正证券,sh601901,14.76,14.42,14.65,14.5,14.61,14.5,1153109,0.0,0.0,0.0,0.0232,-0.0102
2015-05-15,方正证券,sh601901,14.7,14.24,14.46,14.4,14.5,14.4,1211377,0.0,0.0,0.0,0.0317,-0.0041
2015-05-18,方正证券,sh601901,14.13,13.8,14.07,13.83,14.4,13.83,1396235,0.0,0.0,0.0,0.0229,-0.017
2015-05-19,方正证券,sh601901,14.97,13.75,13.79,14.63,13.83,14.63,2333731,0.0,0.0,0.0,0.0882,0.0609
2015-05-20,方正证券,sh601901,14.65,14.33,14.6,14.38,14.63,14.38,1731314,0.0,0.0,0.0,0.0218,-0.015
2015-05-21,方正证券,sh601901,14.48,14.19,14.39,14.3,14.38,14.3,1188232,0.0,0.0,0.0,0.0201,-0.0062
2015-05-22,方正证券,sh601901,14.88,14.38,14.46,14.7,14.3,14.7,2391580,0.0,0.0,0.0,0.0349,0.0165
2015-05-25,方正证券,sh601901,15.29,14.71,14.71,15.06,14.7,15.06,2835534,0.0,0.0,0.0,0.0394,0.0237
2015-05-26,方正证券,sh601901,15.65,14.81,15.14,15.52,15.06,15.52,3535857,0.0,0.0,0.0,0.0557,0.025
2015-05-27,方正证券,sh601901,15.7,15.29,15.56,15.41,15.52,15.41,2510456,0.0,0.0,0.0,0.0264,-0.0096
2015-05-28,方正证券,sh601901,15.51,13.87,15.34,13.87,15.41,13.87,2772036,0.0,0.0,0.0,0.1064,-0.0958
2015-05-29,方正证券,sh601901,14.18,13.51,13.95,13.77,13.87,13.77,1969989,0.0,0.0,0.0,0.0483,-0.0129
2015-06-01,方正证券,sh601901,14.68,13.56,13.77,14.48,13.77,14.48,2106334,0.0,0.0,0.0,0.0813,0.0515
2015-06-02,方正证券,sh601901,14.64,14.21,14.4,14.5,14.48,14.5,1527083,0.0,0.0,0.0,0.0296,0.0069
2015-06-03,方正证券,sh601901,14.75,14.38,14.52,14.44,14.5,14.44,1432499,0.0,0.0,0.0,0.0255,-0.0055
2015-06-04,方正证券,sh601901,14.83,13.8,14.42,14.72,14.44,14.72,2054784,0.0,0.0,0.0,0.0713,0.0208
2015-06-05,方正证券,sh601901,15.15,14.33,15.0,14.76,14.72,14.76,2185700,0.0,0.0,0.0,0.0557,-0.016
2015-06-08,方正证券,sh601901,15.49,14.61,14.8,15.42,14.76,15.42,3596119,0.0,0.0,0.0,0.0596,0.0418
2015-06-09,方正证券,sh601901,15.57,14.89,15.44,15.11,15.42,15.11,2373321,0.0,0.0,0.0,0.044,-0.0213
2015-06-10,方正证券,sh601901,15.41,14.8,15.0,15.11,15.11,15.11,1967263,0.0,0.0,0.0,0.0403,0.0073
2015-06-11,方正证券,sh601901,15.11,14.78,15.11,14.92,15.11,14.92,1481381,0.0,0.0,0.0,0.0218,-0.0125
2015-06-12,方正证券,sh601901,15.33,14.97,14.98,15.06,14.92,15.06,1909395,0.0,0.0,0.0,0.0241,0.0053
2015-06-15,方正证券,sh601901,15.44,14.72,15.3,14.76,15.06,14.76,2025989,0.0,0.0,0.0,0.0478,-0.0352
2015-06-16,方正证券,sh601901,15.19,14.43,14.7,14.61,14.76,14.61,1675535,0.0,0.0,0.0,0.0514,-0.0061
2015-06-17,方正证券,sh601901,14.77,14.11,14.52,14.63,14.61,14.63,1444736,0.0,0.0,0.0,0.0451,0.0075
2015-06-18,方正证券,sh601901,14.6,13.77,14.48,13.81,14.63,13.81,1256430,0.0,0.0,0.0,0.0567,-0.0462
2015-06-19,方正证券,sh601901,14.05,12.88,13.65,12.92,13.81,12.92,1291962,0.0,0.0,0.0,0.0847,-0.0534
2015-06-22,方正证券,sh601901,12.92,12.92,12.92,12.92,12.92,12.92,0,0.0,0.0,0.0,0.0,0.0
2015-06-23,方正证券,sh601901,13.42,12.18,12.95,13.3,12.92,13.3,1324536,0.0,0.0,0.0,0.0959,0.027
2015-06-24,方正证券,sh601901,13.38,13.01,13.32,13.36,13.3,13.36,1329093,0.0,0.0,0.0,0.0278,0.003
2015-06-25,方正证券,sh601901,13.76,12.91,13.42,13.08,13.36,13.08,1524153,0.0,0.0,0.0,0.0636,-0.0253
2015-06-26,方正证券,sh601901,13.39,11.77,12.81,11.77,13.08,11.77,2097867,0.0,0.0,0.0,0.1238,-0.0811
2015-06-29,方正证券,sh601901,12.22,10.59,12.11,10.85,11.77,10.85,2175191,0.0,0.0,0.0,0.1384,-0.104
2015-06-30,方正证券,sh601901,11.91,10.38,10.82,11.89,10.85,11.89,2043814,0.0,0.0,0.0,0.141,0.0988
2015-07-01,方正证券,sh601901,12.14,10.98,11.8,11.17,11.89,11.17,1553771,0.0,0.0,0.0,0.0975,-0.0533
2015-07-02,方正证券,sh601901,11.79,10.56,11.55,11.18,11.17,11.18,1785062,0.0,0.0,0.0,0.1101,-0.032
2015-07-03,方正证券,sh601901,11.53,10.18,11.17,10.69,11.18,10.69,1581652,0.0,0.0,0.0,0.1207,-0.0429
2015-07-06,方正证券,sh601901,11.76,10.9,11.76,11.52,10.69,11.52,2637825,0.0,0.0,0.0,0.0804,-0.0204
2015-07-07,方正证券,sh601901,11.58,10.37,11.25,10.78,11.52,10.78,3203112,0.0,0.0,0.0,0.105,-0.0417
2015-07-08,方正证券,sh601901,10.59,9.7,9.7,9.7,10.78,9.7,3353796,0.0,0.0,0.0,0.0825,0.0
2015-07-09,方正证券,sh601901,10.67,8.83,9.7,10.67,9.7,10.67,2243110,0.0,0.0,0.0,0.1896,0.1
2015-07-10,方正证券,sh601901,11.74,10.47,10.57,11.71,10.67,11.71,2477202,0.0,0.0,0.0,0.119,0.1078
2015-07-13,方正证券,sh601901,12.21,11.3,11.5,11.78,11.71,11.78,2646728,0.0,0.0,0.0,0.0777,0.0243
2015-07-14,方正证券,sh601901,11.59,10.9,11.47,11.02,11.78,11.02,1879476,0.0,0.0,0.0,0.0585,-0.0392
2015-07-15,方正证券,sh601901,10.77,9.92,10.08,10.3,11.02,10.3,2448404,0.0,0.0,0.0,0.0771,0.0218
2015-07-16,方正证券,sh601901,10.57,9.92,10.3,10.19,10.3,10.19,1149241,0.0,0.0,0.0,0.0631,-0.0106
2015-07-17,方正证券,sh601901,10.74,10.12,10.27,10.59,10.19,10.59,1402811,0.0,0.0,0.0,0.0608,0.0311
2015-07-20,方正证券,sh601901,10.62,10.25,10.54,10.32,10.59,10.32,1149884,0.0,0.0,0.0,0.0349,-0.0208
2015-07-21,方正证券,sh601901,10.62,10.01,10.2,10.39,10.32,10.39,1304489,0.0,0.0,0.0,0.0591,0.0186
2015-07-22,方正证券,sh601901,10.39,10.12,10.26,10.21,10.39,10.21,855719,0.0,0.0,0.0,0.0259,-0.0048
2015-07-23,方正证券,sh601901,10.52,10.25,10.25,10.44,10.21,10.44,1206600,0.0,0.0,0.0,0.0264,0.0185
2015-07-24,方正证券,sh601901,10.54,10.09,10.48,10.21,10.44,10.21,1093970,0.0,0.0,0.0,0.0431,-0.0257
2015-07-27,方正证券,sh601901,10.12,9.19,9.94,9.19,10.21,9.19,1276158,0.0,0.0,0.0,0.091,-0.0754
2015-07-28,方正证券,sh601901,9.6,8.35,8.95,9.38,9.19,9.38,1988301,0.0,0.0,0.0,0.136,0.048
2015-07-29,方正证券,sh601901,9.32,8.97,9.29,9.3,9.38,9.3,1444031,0.0,0.0,0.0,0.0373,0.001
2015-07-30,方正证券,sh601901,9.34,8.56,9.25,8.69,9.3,8.69,1231907,0.0,0.0,0.0,0.0838,-0.0605
2015-07-31,方正证券,sh601901,8.84,8.52,8.6,8.69,8.69,8.69,930174,0.0,0.0,0.0,0.0368,0.0104
2015-08-03,方正证券,sh601901,8.8,8.49,8.6,8.76,8.69,8.76,945200,0.0,0.0,0.0,0.0356,0.0186
2015-08-04,方正证券,sh601901,9.08,8.66,8.78,9.06,8.76,9.06,881281,0.0,0.0,0.0,0.0479,0.0318
2015-08-05,方正证券,sh601901,9.05,8.75,9.0,8.78,9.06,8.78,724011,0.0,0.0,0.0,0.0331,-0.0244
2015-08-06,方正证券,sh601901,8.96,8.56,8.7,8.68,8.78,8.68,506250,0.0,0.0,0.0,0.0455,-0.0022
2015-08-07,方正证券,sh601901,8.95,8.75,8.85,8.85,8.68,8.85,683029,0.0,0.0,0.0,0.023,0.0
2015-08-10,方正证券,sh601901,9.63,8.88,8.92,9.51,8.85,9.51,1531607,0.0,0.0,0.0,0.0847,0.0661
2015-08-11,方正证券,sh601901,9.55,9.32,9.37,9.39,9.51,9.39,1035590,0.0,0.0,0.0,0.0241,0.0021
2015-08-12,方正证券,sh601901,9.63,9.22,9.27,9.39,9.39,9.39,870419,0.0,0.0,0.0,0.0436,0.0129
2015-08-13,方正证券,sh601901,9.58,9.31,9.49,9.55,9.39,9.55,797518,0.0,0.0,0.0,0.0287,0.0063
2015-08-14,方正证券,sh601901,9.69,9.5,9.65,9.55,9.55,9.55,455762,0.0,0.0,0.0,0.0198,-0.0103
2015-08-17,方正证券,sh601901,9.55,9.55,9.55,9.55,9.55,9.55,0,0.0,0.0,0.0,0.0,0.0
2015-08-18,方正证券,sh601901,9.55,9.55,9.55,9.55,9.55,9.55,0,0.0,0.0,0.0,0.0,0.0
2015-08-19,方正证券,sh601901,9.55,9.55,9.55,9.55,9.55,9.55,0,0.0,0.0,0.0,0.0,0.0
2015-08-20,方正证券,sh601901,9.35,8.8,8.96,8.82,9.55,8.82,1019606,0.0,0.0,0.0,0.0575,-0.0156
2015-08-21,方正证券,sh601901,8.83,8.02,8.69,8.06,8.82,8.06,727237,0.0,0.0,0.0,0.0918,-0.0724
2015-08-24,方正证券,sh601901,7.89,7.25,7.75,7.25,8.06,7.25,939623,0.0,0.0,0.0,0.0794,-0.0645
2015-08-25,方正证券,sh601901,7.0,6.53,6.6,6.53,7.25,6.53,997673,0.0,0.0,0.0,0.0648,-0.0106
2015-08-26,方正证券,sh601901,6.88,6.04,6.33,6.26,6.53,6.26,1616667,0.0,0.0,0.0,0.1286,-0.011
2015-08-27,方正证券,sh601901,6.74,6.22,6.45,6.72,6.26,6.72,1312113,0.0,0.0,0.0,0.083,0.0418
2015-08-28,方正证券,sh601901,7.04,6.63,6.72,7.01,6.72,7.01,1572390,0.0,0.0,0.0,0.061,0.0431
2015-08-31,方正证券,sh601901,7.03,6.4,6.89,7.0,7.01,7.0,1499069,0.0,0.0,0.0,0.0898,0.0159
2015-09-01,方正证券,sh601901,7.29,6.45,6.8,7.21,7.0,7.21,1993302,0.0,0.0,0.0,0.1199,0.0602
2015-09-02,方正证券,sh601901,7.38,6.71,6.8,7.29,7.21,7.29,1885482,0.0,0.0,0.0,0.0929,0.072
2015-09-03,方正证券,sh601901,7.29,7.29,7.29,7.29,7.29,7.29,0,0.0,0.0,0.0,0.0,0.0
2015-09-04,方正证券,sh601901,7.29,7.29,7.29,7.29,7.29,7.29,0,0.0,0.0,0.0,0.0,0.0
2015-09-07,方正证券,sh601901,7.6,6.97,7.15,6.99,7.29,6.99,805162,0.0,0.0,0.0,0.0864,-0.0223
2015-09-08,方正证券,sh601901,7.19,6.62,6.88,7.17,6.99,7.17,757504,0.0,0.0,0.0,0.0815,0.0421
2015-09-09,方正证券,sh601901,7.49,7.09,7.15,7.34,7.17,7.34,1008936,0.0,0.0,0.0,0.0557,0.0265
2015-09-10,方正证券,sh601901,7.22,7.0,7.19,7.04,7.34,7.04,751175,0.0,0.0,0.0,0.0299,-0.0208
2015-09-11,方正证券,sh601901,7.13,6.9,7.02,6.96,7.04,6.96,497635,0.0,0.0,0.0,0.0326,-0.0085
2015-09-14,方正证券,sh601901,6.96,6.26,6.95,6.35,6.96,6.35,852082,0.0,0.0,0.0,0.1005,-0.0863
2015-09-15,方正证券,sh601901,6.48,5.94,6.22,5.99,6.35,5.99,584053,0.0,0.0,0.0,0.085,-0.0369
2015-09-16,方正证券,sh601901,6.59,5.99,6.06,6.48,5.99,6.48,738648,0.0,0.0,0.0,0.1001,0.0693
2015-09-17,方正证券,sh601901,6.64,6.29,6.4,6.31,6.48,6.31,722630,0.0,0.0,0.0,0.054,-0.014
2015-09-18,方正证券,sh601901,6.45,6.3,6.32,6.37,6.31,6.37,390759,0.0,0.0,0.0,0.0237,0.0079
2015-09-21,方正证券,sh601901,6.58,6.23,6.3,6.55,6.37,6.55,432144,0.0,0.0,0.0,0.0549,0.0396
2015-09-22,方正证券,sh601901,7.05,6.55,6.59,6.82,6.55,6.82,947109,0.0,0.0,0.0,0.0763,0.0349
2015-09-23,方正证券,sh601901,6.76,6.54,6.67,6.56,6.82,6.56,544750,0.0,0.0,0.0,0.0322,-0.0164
2015-09-24,方正证券,sh601901,6.69,6.55,6.58,6.68,6.56,6.68,378036,0.0,0.0,0.0,0.0213,0.0151
2015-09-25,方正证券,sh601901,6.68,6.35,6.64,6.39,6.68,6.39,386063,0.0,0.0,0.0,0.0494,-0.0376
2015-09-28,方正证券,sh601901,6.39,6.39,6.39,6.39,6.39,6.39,0,0.0,0.0,0.0,0.0,0.0
2015-09-29,方正证券,sh601901,6.58,6.18,6.35,6.35,6.39,6.35,430289,0.0,0.0,0.0,0.0625,0.0
2015-09-30,方正证券,sh601901,6.53,6.32,6.35,6.35,6.35,6.35,385391,0.0,0.0,0.0,0.033,0.0
2015-10-01,方正证券,sh601901,6.35,6.35,6.35,6.35,6.35,6.35,0,0.0,0.0,0.0,0.0,0.0
2015-10-02,方正证券,sh601901,6.35,6.35,6.35,6.35,6.35,6.35,0,0.0,0.0,0.0,0.0,0.0
2015-10-05,方正证券,sh601901,6.35,6.35,6.35,6.35,6.35,6.35,0,0.0,0.0,0.0,0.0,0.0
2015-10-06,方正证券,sh601901,6.35,6.35,6.35,6.35,6.35,6.35,0,0.0,0.0,0.0,0.0,0.0
2015-10-07,方正证券,sh601901,6.35,6.35,6.35,6.35,6.35,6.35,0,0.0,0.0,0.0,0.0,0.0
2015-10-08,方正证券,sh601901,6.7,6.58,6.7,6.62,6.35,6.62,561290,0.0,0.0,0.0,0.0188,-0.0119
2015-10-09,方正证券,sh601901,6.89,6.59,6.62,6.81,6.62,6.81,622074,0.0,0.0,0.0,0.0453,0.0287
2015-10-12,方正证券,sh601901,7.35,6.76,6.84,7.18,6.81,7.18,1125370,0.0,0.0,0.0,0.0866,0.0497
2015-10-13,方正证券,sh601901,7.25,7.08,7.13,7.22,7.18,7.22,677225,0.0,0.0,0.0,0.0236,0.0126
2015-10-14,方正证券,sh601901,7.37,7.07,7.18,7.08,7.22,7.08,778753,0.0,0.0,0.0,0.0415,-0.0139
2015-10-15,方正证券,sh601901,7.28,7.02,7.03,7.27,7.08,7.27,740737,0.0,0.0,0.0,0.0367,0.0341
2015-10-16,方正证券,sh601901,7.48,7.26,7.38,7.39,7.27,7.39,1149387,0.0,0.0,0.0,0.0302,0.0013
2015-10-19,方正证券,sh601901,7.76,7.38,7.44,7.51,7.39,7.51,1286446,0.0,0.0,0.0,0.0514,0.0094
2015-10-20,方正证券,sh601901,7.58,7.31,7.47,7.56,7.51,7.56,748234,0.0,0.0,0.0,0.0359,0.012
2015-10-21,方正证券,sh601901,7.58,6.96,7.58,7.02,7.56,7.02,1005103,0.0,0.0,0.0,0.082,-0.0738
2015-10-22,方正证券,sh601901,7.2,6.96,7.05,7.19,7.02,7.19,666730,0.0,0.0,0.0,0.0341,0.0198
2015-10-23,方正证券,sh601901,7.38,7.15,7.23,7.33,7.19,7.33,713837,0.0,0.0,0.0,0.0319,0.0138
2015-10-26,方正证券,sh601901,7.69,7.36,7.45,7.44,7.33,7.44,1387012,0.0,0.0,0.0,0.045,-0.0013
2015-10-27,方正证券,sh601901,7.39,7.06,7.36,7.35,7.44,7.35,738615,0.0,0.0,0.0,0.0443,-0.0013
2015-10-28,方正证券,sh601901,7.4,7.14,7.28,7.18,7.35,7.18,552184,0.0,0.0,0.0,0.0353,-0.0137
2015-10-29,方正证券,sh601901,7.3,7.14,7.23,7.22,7.18,7.22,458318,0.0,0.0,0.0,0.0222,-0.0013
2015-10-30,方正证券,sh601901,7.6,7.1,7.21,7.37,7.22,7.37,1030545,0.0,0.0,0.0,0.0692,0.0221
2015-11-02,方正证券,sh601901,7.46,7.2,7.29,7.21,7.37,7.21,721928,0.0,0.0,0.0,0.0352,-0.0109
2015-11-03,方正证券,sh601901,7.51,7.22,7.23,7.37,7.21,7.37,825705,0.0,0.0,0.0,0.0402,0.0193
2015-11-04,方正证券,sh601901,8.11,7.4,7.41,8.11,7.37,8.11,1849696,0.0,0.0,0.0,0.0963,0.0944
2015-11-05,方正证券,sh601901,8.92,8.5,8.67,8.92,8.11,8.92,3230602,0.0,0.0,0.0,0.0517,0.0288
2015-11-06,方正证券,sh601901,9.81,8.77,8.9,9.81,8.92,9.81,3758188,0.0,0.0,0.0,0.1165,0.1022
2015-11-09,方正证券,sh601901,10.79,10.39,10.5,10.77,9.81,10.77,4888275,0.0,0.0,0.0,0.0407,0.0257
2015-11-10,方正证券,sh601901,11.85,10.55,10.55,11.28,10.77,11.28,6555856,0.0,0.0,0.0,0.1207,0.0691
2015-11-11,方正证券,sh601901,11.72,10.81,11.05,11.48,11.28,11.48,4500815,0.0,0.0,0.0,0.0806,0.0389
2015-11-12,方正证券,sh601901,11.47,10.88,11.26,11.1,11.48,11.1,3560251,0.0,0.0,0.0,0.0513,-0.0142
2015-11-13,方正证券,sh601901,12.21,11.01,11.01,11.57,11.1,11.57,5256078,0.0,0.0,0.0,0.1081,0.0508
2015-11-16,方正证券,sh601901,11.33,10.88,10.99,11.17,11.57,11.17,2706782,0.0,0.0,0.0,0.0388,0.0163
2015-11-17,方正证券,sh601901,12.0,10.91,11.42,10.96,11.17,10.96,5365978,0.0,0.0,0.0,0.0975,-0.0402
2015-11-18,方正证券,sh601901,10.88,9.98,10.8,10.21,10.96,10.21,3159442,0.0,0.0,0.0,0.0821,-0.0546
2015-11-19,方正证券,sh601901,10.53,10.08,10.33,10.51,10.21,10.51,1981734,0.0,0.0,0.0,0.044,0.0174
2015-11-20,方正证券,sh601901,10.41,10.1,10.4,10.36,10.51,10.36,1589321,0.0,0.0,0.0,0.0294,-0.0038
2015-11-23,方正证券,sh601901,10.59,9.95,10.47,9.99,10.36,9.99,2144930,0.0,0.0,0.0,0.0617,-0.0458
2015-11-24,方正证券,sh601901,10.66,9.91,9.95,10.42,9.99,10.42,2544735,0.0,0.0,0.0,0.075,0.0472
2015-11-25,方正证券,sh601901,10.53,10.13,10.2,10.4,10.42,10.4,2033173,0.0,0.0,0.0,0.0383,0.0196
2015-11-26,方正证券,sh601901,10.67,10.14,10.52,10.2,10.4,10.2,1861321,0.0,0.0,0.0,0.0509,-0.0304
2015-11-27,方正证券,sh601901,10.13,9.18,10.02,9.18,10.2,9.18,2385946,0.0,0.0,0.0,0.0931,-0.0838
2015-11-30,方正证券,sh601901,9.59,8.95,9.2,9.48,9.18,9.48,2385258,0.0,0.0,0.0,0.0697,0.0304
2015-12-01,方正证券,sh601901,9.43,9.14,9.3,9.39,9.48,9.39,1489488,0.0,0.0,0.0,0.0305,0.0096
2015-12-02,方正证券,sh601901,10.09,9.23,9.3,9.87,9.39,9.87,2672184,0.0,0.0,0.0,0.0915,0.0612
2015-12-03,方正证券,sh601901,9.97,9.55,9.72,9.79,9.87,9.79,1748760,0.0,0.0,0.0,0.0425,0.0072
2015-12-04,方正证券,sh601901,9.72,9.35,9.66,9.48,9.79,9.48,1293329,0.0,0.0,0.0,0.0377,-0.0186
2015-12-07,方正证券,sh601901,9.45,9.2,9.41,9.31,9.48,9.31,954031,0.0,0.0,0.0,0.0263,-0.0106
2015-12-08,方正证券,sh601901,9.5,9.19,9.21,9.26,9.31,9.26,1074293,0.0,0.0,0.0,0.0332,0.0054
2015-12-09,方正证券,sh601901,9.43,9.2,9.3,9.28,9.26,9.28,835763,0.0,0.0,0.0,0.0248,-0.0021
2015-12-10,方正证券,sh601901,9.77,9.26,9.35,9.29,9.28,9.29,1735940,0.0,0.0,0.0,0.0549,-0.0064
2015-12-11,方正证券,sh601901,9.52,9.02,9.19,9.29,9.29,9.29,1278125,0.0,0.0,0.0,0.0538,0.0108
2015-12-14,方正证券,sh601901,10.22,9.11,9.13,10.22,9.29,10.22,2405668,0.0,0.0,0.0,0.1194,0.1193
2015-12-15,方正证券,sh601901,10.27,9.82,10.22,9.87,10.22,9.87,2121144,0.0,0.0,0.0,0.044,-0.0342
2015-12-16,方正证券,sh601901,10.2,9.82,9.91,9.91,9.87,9.91,1547787,0.0,0.0,0.0,0.0385,0.0
2015-12-17,方正证券,sh601901,10.26,9.88,10.06,10.03,9.91,10.03,1709837,0.0,0.0,0.0,0.0383,-0.0029
2015-12-18,方正证券,sh601901,10.08,9.86,9.96,9.92,10.03,9.92,1118189,0.0,0.0,0.0,0.0219,-0.004
2015-12-21,方正证券,sh601901,10.2,9.81,9.83,10.06,9.92,10.06,1381907,0.0,0.0,0.0,0.0393,0.0233
2015-12-22,方正证券,sh601901,10.36,9.96,10.09,10.2,10.06,10.2,1574079,0.0,0.0,0.0,0.0397,0.0109
2015-12-23,方正证券,sh601901,10.75,10.15,10.2,10.27,10.2,10.27,2967300,0.0,0.0,0.0,0.0588,0.0068
2015-12-24,方正证券,sh601901,10.26,9.53,10.17,9.82,10.27,9.82,1599691,0.0,0.0,0.0,0.071,-0.0344
2015-12-25,方正证券,sh601901,9.97,9.77,9.82,9.89,9.82,9.89,730366,0.0,0.0,0.0,0.0203,0.0071
2015-12-28,方正证券,sh601901,10.07,9.57,9.99,9.59,9.89,9.59,1072852,0.0,0.0,0.0,0.0505,-0.04
2015-12-29,方正证券,sh601901,9.77,9.59,9.59,9.75,9.59,9.75,648279,0.0,0.0,0.0,0.0187,0.0166
2015-12-30,方正证券,sh601901,9.81,9.55,9.75,9.72,9.75,9.72,687564,0.0,0.0,0.0,0.0266,-0.003
2015-12-31,方正证券,sh601901,9.78,9.57,9.7,9.6,9.72,9.6,564258,0.0,0.0,0.0,0.0216,-0.0103
2016-01-01,方正证券,sh601901,9.78,9.57,9.7,9.6,9.6,9.6,564258,0.0,0.0,0.0,0.0218,-0.0103
2016-01-04,方正证券,sh601901,9.58,8.64,9.58,8.64,9.6,8.64,882759,0.0,0.0,0.0,0.0979,-0.0981
2016-01-05,方正证券,sh601901,8.8,8.15,8.25,8.62,8.64,8.62,1117702,0.0,0.0,0.0,0.0752,0.0448
2016-01-06,方正证券,sh601901,8.89,8.49,8.62,8.81,8.62,8.81,931399,0.0,0.0,0.0,0.0464,0.022
2016-01-07,方正证券,sh601901,8.68,7.93,8.62,7.94,8.81,7.94,291845,0.0,0.0,0.0,0.0851,-0.0788
2016-01-08,方正证券,sh601901,8.65,7.58,8.18,8.24,7.94,8.24,1349697,0.0,0.0,0.0,0.1347,0.0073
2016-01-11,方正证券,sh601901,8.15,7.45,8.0,7.52,8.24,7.52,989502,0.0,0.0,0.0,0.0849,-0.06
2016-01-12,方正证券,sh601901,7.91,7.53,7.67,7.7,7.52,7.7,937760,0.0,0.0,0.0,0.0505,0.0039
2016-01-13,方正证券,sh601901,7.91,7.61,7.78,7.63,7.7,7.63,1026069,0.0,0.0,0.0,0.0389,-0.0192
2016-01-14,方正证券,sh601901,7.9,7.25,7.3,7.82,7.63,7.82,932173,0.0,0.0,0.0,0.0851,0.0712
2016-01-15,方正证券,sh601901,7.79,7.39,7.75,7.48,7.82,7.48,874587,0.0,0.0,0.0,0.0511,-0.0348
2016-01-18,方正证券,sh601901,7.66,7.31,7.31,7.54,7.48,7.54,685655,0.0,0.0,0.0,0.0467,0.0314
2016-01-19,方正证券,sh601901,7.9,7.44,7.53,7.83,7.54,7.83,1003957,0.0,0.0,0.0,0.061,0.0398
2016-01-20,方正证券,sh601901,7.89,7.62,7.76,7.7,7.83,7.7,747267,0.0,0.0,0.0,0.0344,-0.0077
2016-01-21,方正证券,sh601901,7.84,7.35,7.55,7.37,7.7,7.37,731497,0.0,0.0,0.0,0.0636,-0.0238
2016-01-22,方正证券,sh601901,7.54,7.22,7.49,7.46,7.37,7.46,508767,0.0,0.0,0.0,0.0434,-0.004
2016-01-25,方正证券,sh601901,7.61,7.42,7.51,7.51,7.46,7.51,432026,0.0,0.0,0.0,0.0254,0.0
2016-01-26,方正证券,sh601901,7.44,6.76,7.41,6.77,7.51,6.77,790986,0.0,0.0,0.0,0.0905,-0.0863
2016-01-27,方正证券,sh601901,6.82,6.35,6.75,6.68,6.77,6.68,872897,0.0,0.0,0.0,0.0694,-0.0103
2016-01-28,方正证券,sh601901,6.85,6.35,6.6,6.41,6.68,6.41,788625,0.0,0.0,0.0,0.0748,-0.0287
2016-01-29,方正证券,sh601901,6.92,6.4,6.45,6.77,6.41,6.77,1053680,0.0,0.0,0.0,0.0811,0.0496
2016-02-01,方正证券,sh601901,6.77,6.5,6.7,6.65,6.77,6.65,641719,0.0,0.0,0.0,0.0398,-0.0074
2016-02-02,方正证券,sh601901,6.93,6.65,6.65,6.85,6.65,6.85,784737,0.0,0.0,0.0,0.0421,0.03
2016-02-03,方正证券,sh601901,6.85,6.69,6.75,6.82,6.85,6.82,490417,0.0,0.0,0.0,0.0233,0.0103
2016-02-04,方正证券,sh601901,7.05,6.84,6.85,6.95,6.82,6.95,612859,0.0,0.0,0.0,0.0307,0.0145
2016-02-05,方正证券,sh601901,6.94,6.75,6.9,6.77,6.95,6.77,494003,0.0,0.0,0.0,0.0273,-0.0188
2016-02-08,方正证券,sh601901,6.94,6.75,6.9,6.77,6.77,6.77,494003,0.0,0.0,0.0,0.028,-0.0188
2016-02-09,方正证券,sh601901,6.94,6.75,6.9,6.77,6.77,6.77,494003,0.0,0.0,0.0,0.028,-0.0188
2016-02-10,方正证券,sh601901,6.94,6.75,6.9,6.77,6.77,6.77,494003,0.0,0.0,0.0,0.028,-0.0188
2016-02-11,方正证券,sh601901,6.94,6.75,6.9,6.77,6.77,6.77,494003,0.0,0.0,0.0,0.028,-0.0188
2016-02-12,方正证券,sh601901,6.94,6.75,6.9,6.77,6.77,6.77,494003,0.0,0.0,0.0,0.028,-0.0188
2016-02-15,方正证券,sh601901,6.73,6.49,6.51,6.69,6.77,6.69,372096,0.0,0.0,0.0,0.0354,0.0276
2016-02-16,方正证券,sh601901,7.1,6.74,6.74,7.02,6.69,7.02,756234,0.0,0.0,0.0,0.0538,0.0415
2016-02-17,方正证券,sh601901,7.11,6.92,6.99,7.09,7.02,7.09,777446,0.0,0.0,0.0,0.027,0.0143
2016-02-18,方正证券,sh601901,7.35,7.05,7.15,7.06,7.09,7.06,865621,0.0,0.0,0.0,0.0423,-0.0125
2016-02-19,方正证券,sh601901,7.14,6.99,7.04,7.07,7.06,7.07,539202,0.0,0.0,0.0,0.0212,0.0042
2016-02-22,方正证券,sh601901,7.44,7.1,7.18,7.3,7.07,7.3,1036574,0.0,0.0,0.0,0.048,0.0167
2016-02-23,方正证券,sh601901,7.31,7.07,7.31,7.16,7.3,7.16,730455,0.0,0.0,0.0,0.0328,-0.0205
2016-02-24,方正证券,sh601901,7.25,7.03,7.12,7.24,7.16,7.24,679701,0.0,0.0,0.0,0.0307,0.0168
2016-02-25,方正证券,sh601901,7.26,6.52,7.24,6.59,7.24,6.59,1056169,0.0,0.0,0.0,0.1022,-0.0897
2016-02-26,方正证券,sh601901,6.73,6.52,6.65,6.67,6.59,6.67,587708,0.0,0.0,0.0,0.0318,0.003
2016-02-29,方正证券,sh601901,6.65,6.16,6.65,6.37,6.67,6.37,759335,0.0,0.0,0.0,0.0734,-0.0421
2016-03-01,方正证券,sh601901,6.8,6.32,6.39,6.6,6.37,6.6,929553,0.0,0.0,0.0,0.0753,0.0328
2016-03-02,方正证券,sh601901,7.04,6.56,6.58,7.0,6.6,7.0,1338934,0.0,0.0,0.0,0.0727,0.0638
2016-03-03,方正证券,sh601901,7.14,6.92,6.96,7.02,7.0,7.02,1064831,0.0,0.0,0.0,0.0314,0.0086
2016-03-04,方正证券,sh601901,7.15,6.83,7.0,7.1,7.02,7.1,1385828,0.0,0.0,0.0,0.0455,0.0142
2016-03-07,方正证券,sh601901,7.27,7.09,7.18,7.17,7.1,7.17,912994,0.0,0.0,0.0,0.0253,-0.0013
2016-03-08,方正证券,sh601901,7.18,6.71,7.1,7.17,7.17,7.17,932988,0.0,0.0,0.0,0.0655,0.0098
2016-03-09,方正证券,sh601901,7.11,6.85,6.96,7.1,7.17,7.1,741948,0.0,0.0,0.0,0.0362,0.0201
2016-03-10,方正证券,sh601901,7.1,6.81,7.03,6.82,7.1,6.82,445020,0.0,0.0,0.0,0.0408,-0.0298
2016-03-11,方正证券,sh601901,6.97,6.71,6.74,6.9,6.82,6.9,565892,0.0,0.0,0.0,0.0381,0.0237
2016-03-14,方正证券,sh601901,7.33,6.95,6.99,7.1,6.9,7.1,1090231,0.0,0.0,0.0,0.055,0.0157
2016-03-15,方正证券,sh601901,7.14,6.96,7.08,7.08,7.1,7.08,581938,0.0,0.0,0.0,0.0253,0.0
2016-03-16,方正证券,sh601901,7.18,7.04,7.09,7.12,7.08,7.12,973937,0.0,0.0,0.0,0.0197,0.0042
2016-03-17,方正证券,sh601901,7.37,7.1,7.16,7.27,7.12,7.27,1271364,0.0,0.0,0.0,0.0379,0.0153
2016-03-18,方正证券,sh601901,7.7,7.25,7.28,7.49,7.27,7.49,2002706,0.0,0.0,0.0,0.0618,0.0288
2016-03-21,方正证券,sh601901,8.24,7.68,7.8,8.24,7.49,8.24,3537424,0.0,0.0,0.0,0.0747,0.0564
2016-03-22,方正证券,sh601901,8.46,8.06,8.24,8.13,8.24,8.13,3071570,0.0,0.0,0.0,0.0485,-0.0133
2016-03-23,方正证券,sh601901,8.3,7.92,8.02,8.2,8.13,8.2,2335201,0.0,0.0,0.0,0.0467,0.0224
2016-03-24,方正证券,sh601901,8.1,7.79,8.05,7.82,8.2,7.82,1609705,0.0,0.0,0.0,0.0378,-0.0285
2016-03-25,方正证券,sh601901,7.94,7.78,7.79,7.9,7.82,7.9,1075074,0.0,0.0,0.0,0.0204,0.0141
