2016-03-25
2012-06-29,中国汽研,sh601965,6.91,6.71,6.79999,6.87,6.81,4.37091,8622500,0.0,0.0,0.0,0.0293,0.0102
2012-07-02,中国汽研,sh601965,6.9,6.81,6.88,6.84,6.87,4.35183,6687100,0.0,0.0,0.0,0.0131,-0.0058
2012-07-03,中国汽研,sh601965,6.94,6.79,6.87,6.88999,6.84,4.38364,8641300,0.0,0.0,0.0,0.0219,0.0029
2012-07-04,中国汽研,sh601965,6.97999,6.85999,6.87,6.88999,6.88999,4.38364,7300900,0.0,0.0,0.0,0.0174,0.0029
2012-07-05,中国汽研,sh601965,6.88,6.71,6.87,6.72,6.88999,4.27548,6989500,0.0,0.0,0.0,0.0246,-0.0218
2012-07-06,中国汽研,sh601965,6.76999,6.59,6.76,6.74,6.72,4.2882,9717400,0.0,0.0,0.0,0.0267,-0.0029
2012-07-09,中国汽研,sh601965,6.82,6.65,6.69,6.70001,6.74,4.26276,8806500,0.0,0.0,0.0,0.0252,0.0014
2012-07-10,中国汽研,sh601965,6.97,6.79,6.85,6.94,6.70001,4.41545,20831600,0.0,0.0,0.0,0.0268,0.0131
2012-07-11,中国汽研,sh601965,7.02,6.85,6.88999,6.96,6.94,4.42818,11486200,0.0,0.0,0.0,0.0244,0.0101
2012-07-12,中国汽研,sh601965,6.97,6.79999,6.91999,6.96,6.96,4.42818,9660300,0.0,0.0,0.0,0.0244,0.0057
2012-07-13,中国汽研,sh601965,6.96,6.75,6.94999,6.79,6.96,4.32002,9450900,0.0,0.0,0.0,0.0301,-0.023
2012-07-16,中国汽研,sh601965,6.79,6.51,6.79,6.55001,6.79,4.16732,10854300,0.0,0.0,0.0,0.0412,-0.0353
2012-07-17,中国汽研,sh601965,6.57,6.47,6.55001,6.55001,6.55001,4.16732,5306300,0.0,0.0,0.0,0.0152,0.0
2012-07-18,中国汽研,sh601965,6.58001,6.37,6.56,6.48,6.55001,4.12278,7955600,0.0,0.0,0.0,0.032,-0.0121
2012-07-19,中国汽研,sh601965,6.70001,6.46001,6.49001,6.62,6.48,4.21185,10718900,0.0,0.0,0.0,0.037,0.02
2012-07-20,中国汽研,sh601965,6.67001,6.45,6.59,6.51,6.62,4.14187,7080300,0.0,0.0,0.0,0.0332,-0.0121
2012-07-23,中国汽研,sh601965,6.45,6.38,6.44,6.43001,6.51,4.09098,5660600,0.0,0.0,0.0,0.0107,-0.0015
2012-07-24,中国汽研,sh601965,6.51,6.40001,6.42,6.49001,6.43001,4.12915,4414500,0.0,0.0,0.0,0.0171,0.0109
2012-07-25,中国汽研,sh601965,6.63,6.44,6.45,6.54,6.49001,4.16096,8767400,0.0,0.0,0.0,0.0292,0.0139
2012-07-26,中国汽研,sh601965,6.65,6.47,6.55001,6.49001,6.54,4.12915,6246300,0.0,0.0,0.0,0.0275,-0.0091
2012-07-27,中国汽研,sh601965,6.61001,6.51,6.52001,6.58001,6.49001,4.18641,6316800,0.0,0.0,0.0,0.0154,0.0092
2012-07-30,中国汽研,sh601965,6.72,6.57,6.62,6.58001,6.58001,4.18641,8899900,0.0,0.0,0.0,0.0227,-0.006
2012-07-31,中国汽研,sh601965,6.61001,6.47,6.51,6.49001,6.58001,4.12915,4924600,0.0,0.0,0.0,0.0212,-0.003
2012-08-01,中国汽研,sh601965,6.61001,6.47,6.5,6.56,6.49001,4.17368,3750500,0.0,0.0,0.0,0.0215,0.0092
2012-08-02,中国汽研,sh601965,6.61001,6.52001,6.53,6.59,6.56,4.19277,3827600,0.0,0.0,0.0,0.0137,0.0091
2012-08-03,中国汽研,sh601965,6.67001,6.56,6.6,6.65,6.59,4.23094,5605200,0.0,0.0,0.0,0.0166,0.0075
2012-08-06,中国汽研,sh601965,6.71,6.61001,6.61001,6.70001,6.65,4.26276,6689000,0.0,0.0,0.0,0.015,0.0136
2012-08-07,中国汽研,sh601965,6.73001,6.65,6.68,6.70001,6.70001,4.26276,5642800,0.0,0.0,0.0,0.0119,0.0029
2012-08-08,中国汽研,sh601965,6.71,6.62,6.71,6.63,6.70001,4.21822,5957400,0.0,0.0,0.0,0.0134,-0.0119
2012-08-09,中国汽研,sh601965,6.88,6.62,6.66,6.81,6.63,4.33274,15374400,0.0,0.0,0.0,0.0392,0.0225
2012-08-10,中国汽研,sh601965,6.82,6.71,6.82,6.74,6.81,4.2882,12210700,0.0,0.0,0.0,0.0161,-0.0117
2012-08-13,中国汽研,sh601965,6.79999,6.63,6.73001,6.66,6.74,4.23731,7498100,0.0,0.0,0.0,0.0252,-0.0104
2012-08-14,中国汽研,sh601965,6.69,6.55001,6.66,6.68,6.66,4.25003,5570800,0.0,0.0,0.0,0.021,0.003
2012-08-15,中国汽研,sh601965,6.68,6.57,6.65,6.63,6.68,4.21822,4820300,0.0,0.0,0.0,0.0164,-0.003
2012-08-16,中国汽研,sh601965,6.62,6.54,6.61001,6.55001,6.63,4.16732,3500500,0.0,0.0,0.0,0.012,-0.009
2012-08-17,中国汽研,sh601965,6.63,6.49001,6.55001,6.61001,6.55001,4.2055,3739200,0.0,0.0,0.0,0.0213,0.0091
2012-08-20,中国汽研,sh601965,6.65,6.54,6.58001,6.59,6.61001,4.19277,2936200,0.0,0.0,0.0,0.0166,0.0015
2012-08-21,中国汽研,sh601965,6.76999,6.65,6.66,6.74,6.59,4.2882,12305700,0.0,0.0,0.0,0.0182,0.012
2012-08-22,中国汽研,sh601965,6.74,6.64001,6.71,6.69,6.74,4.25639,6213000,0.0,0.0,0.0,0.0148,-0.0029
2012-08-23,中国汽研,sh601965,6.82999,6.66,6.66,6.79,6.69,4.32002,11135400,0.0,0.0,0.0,0.0254,0.0195
2012-08-24,中国汽研,sh601965,6.82,6.66,6.74,6.66,6.79,4.23731,6179100,0.0,0.0,0.0,0.0235,-0.0118
2012-08-27,中国汽研,sh601965,6.63,6.47,6.62,6.52001,6.66,4.14824,5411700,0.0,0.0,0.0,0.024,-0.0151
2012-08-28,中国汽研,sh601965,6.59,6.5,6.5,6.54,6.52001,4.16096,2772500,0.0,0.0,0.0,0.0138,0.0061
2012-08-29,中国汽研,sh601965,6.56,6.49001,6.55001,6.5,6.54,4.13551,2926700,0.0,0.0,0.0,0.0107,-0.0076
2012-08-30,中国汽研,sh601965,6.54,6.40001,6.52001,6.44,6.5,4.09733,4057800,0.0,0.0,0.0,0.0215,-0.0122
2012-08-31,中国汽研,sh601965,6.54,6.45,6.45,6.52001,6.44,4.14824,1714900,0.0,0.0,0.0,0.0139,0.0108
2012-09-03,中国汽研,sh601965,6.62,6.51,6.51,6.6,6.52001,4.19913,3533900,0.0,0.0,0.0,0.0168,0.0138
2012-09-04,中国汽研,sh601965,6.63,6.55001,6.63,6.58001,6.6,4.18641,2817300,0.0,0.0,0.0,0.0121,-0.0075
2012-09-05,中国汽研,sh601965,6.61001,6.53,6.55001,6.58001,6.58001,4.18641,2507800,0.0,0.0,0.0,0.0121,0.0045
2012-09-06,中国汽研,sh601965,6.79999,6.62,6.62,6.74,6.58001,4.2882,14798200,0.0,0.0,0.0,0.0273,0.0181
2012-09-07,中国汽研,sh601965,7.05,6.75,6.81,6.94999,6.74,4.42181,24330900,0.0,0.0,0.0,0.0445,0.0205
2012-09-10,中国汽研,sh601965,7.22,6.88999,6.97999,7.08,6.94999,4.50452,28655600,0.0,0.0,0.0,0.0474,0.0143
2012-09-11,中国汽研,sh601965,7.12,6.94999,7.02,7.00999,7.08,4.45998,11569600,0.0,0.0,0.0,0.024,-0.0014
2012-09-12,中国汽研,sh601965,7.14,6.99,7.06,7.06,7.00999,4.4918,11830100,0.0,0.0,0.0,0.0213,0.0
2012-09-13,中国汽研,sh601965,7.06,6.81,7.06,6.82,7.06,4.33911,14444700,0.0,0.0,0.0,0.0354,-0.0339
2012-09-14,中国汽研,sh601965,6.93,6.79,6.88,6.87,6.82,4.37091,9624000,0.0,0.0,0.0,0.0205,-0.0014
2012-09-17,中国汽研,sh601965,6.88999,6.72,6.85999,6.74,6.87,4.2882,6666700,0.0,0.0,0.0,0.0247,-0.0174
2012-09-18,中国汽研,sh601965,6.79999,6.71,6.72,6.76999,6.74,4.30729,3914800,0.0,0.0,0.0,0.0133,0.0074
2012-09-19,中国汽研,sh601965,6.9,6.75,6.76999,6.88999,6.76999,4.38364,5753300,0.0,0.0,0.0,0.0221,0.0177
2012-09-20,中国汽研,sh601965,6.9,6.68,6.88999,6.69,6.88999,4.25639,6136900,0.0,0.0,0.0,0.0319,-0.029
2012-09-21,中国汽研,sh601965,6.72,6.59,6.65,6.6,6.69,4.19913,4147300,0.0,0.0,0.0,0.0194,-0.0075
2012-09-24,中国汽研,sh601965,6.67001,6.49001,6.56,6.64001,6.6,4.22458,3016800,0.0,0.0,0.0,0.0272,0.0121
2012-09-25,中国汽研,sh601965,6.65,6.53,6.6,6.55001,6.64001,4.16732,2118300,0.0,0.0,0.0,0.018,-0.0075
2012-09-26,中国汽研,sh601965,6.57,6.45,6.55001,6.47,6.55001,4.11642,2564100,0.0,0.0,0.0,0.0183,-0.0122
2012-09-27,中国汽研,sh601965,6.72,6.45,6.45,6.68,6.47,4.25003,5841200,0.0,0.0,0.0,0.0417,0.0356
2012-09-28,中国汽研,sh601965,6.85,6.61001,6.65,6.81,6.68,4.33274,6846200,0.0,0.0,0.0,0.0359,0.024
2012-10-01,中国汽研,sh601965,6.81,6.81,6.81,6.81,6.81,4.33274,0,0.0,0.0,0.0,0.0,0.0
2012-10-02,中国汽研,sh601965,6.81,6.81,6.81,6.81,6.81,4.33274,0,0.0,0.0,0.0,0.0,0.0
2012-10-03,中国汽研,sh601965,6.81,6.81,6.81,6.81,6.81,4.33274,0,0.0,0.0,0.0,0.0,0.0
2012-10-04,中国汽研,sh601965,6.81,6.81,6.81,6.81,6.81,4.33274,0,0.0,0.0,0.0,0.0,0.0
2012-10-05,中国汽研,sh601965,6.81,6.81,6.81,6.81,6.81,4.33274,0,0.0,0.0,0.0,0.0,0.0
2012-10-08,中国汽研,sh601965,6.82999,6.70001,6.81,6.76,6.81,4.30093,2782500,0.0,0.0,0.0,0.019,-0.0073
2012-10-09,中国汽研,sh601965,6.94999,6.76999,6.79,6.93,6.76,4.40909,8881500,0.0,0.0,0.0,0.0266,0.0206
2012-10-10,中国汽研,sh601965,7.03,6.88,6.9,6.94,6.93,4.41545,8039700,0.0,0.0,0.0,0.0216,0.0057
2012-10-11,中国汽研,sh601965,6.96,6.78,6.91,6.79,6.94,4.32002,5858600,0.0,0.0,0.0,0.0259,-0.0173
2012-10-12,中国汽研,sh601965,6.85999,6.68,6.79,6.73001,6.79,4.28185,6873100,0.0,0.0,0.0,0.0265,-0.0088
2012-10-15,中国汽研,sh601965,6.75,6.66,6.75,6.72,6.73001,4.27548,3037100,0.0,0.0,0.0,0.0133,-0.0044
2012-10-16,中国汽研,sh601965,6.81,6.70001,6.73001,6.73001,6.72,4.28185,3293300,0.0,0.0,0.0,0.0163,0.0
2012-10-17,中国汽研,sh601965,6.82,6.68,6.76999,6.74,6.73001,4.2882,2992800,0.0,0.0,0.0,0.0208,-0.0044
2012-10-18,中国汽研,sh601965,6.88,6.74,6.75,6.85999,6.74,4.36455,6655400,0.0,0.0,0.0,0.0207,0.0162
2012-10-19,中国汽研,sh601965,6.91999,6.82,6.88,6.88,6.85999,4.37728,6036700,0.0,0.0,0.0,0.0145,0.0
2012-10-22,中国汽研,sh601965,6.93,6.84,6.85999,6.88,6.88,4.37728,4728200,0.0,0.0,0.0,0.013,0.0029
2012-10-23,中国汽研,sh601965,6.91999,6.79,6.88,6.81,6.88,4.33274,5994700,0.0,0.0,0.0,0.0188,-0.0101
2012-10-24,中国汽研,sh601965,6.91999,6.76999,6.76999,6.87,6.81,4.37091,6107500,0.0,0.0,0.0,0.022,0.0147
2012-10-25,中国汽研,sh601965,6.93,6.79999,6.88,6.81,6.87,4.33274,5748400,0.0,0.0,0.0,0.0189,-0.0101
2012-10-26,中国汽研,sh601965,6.85,6.63,6.79999,6.82999,6.81,4.34546,9688300,0.0,0.0,0.0,0.0323,0.0044
2012-10-29,中国汽研,sh601965,6.94,6.82,6.85,6.85999,6.82999,4.36455,8753600,0.0,0.0,0.0,0.0175,0.0014
2012-10-30,中国汽研,sh601965,7.05,6.85,6.88,7.00999,6.85999,4.45998,13947200,0.0,0.0,0.0,0.0291,0.0188
2012-10-31,中国汽研,sh601965,7.05,6.96,6.99,7.02,7.00999,4.46635,7832300,0.0,0.0,0.0,0.0128,0.0042
2012-11-01,中国汽研,sh601965,7.12,6.97,7.03,7.02,7.02,4.46635,12064000,0.0,0.0,0.0,0.0213,-0.0014
2012-11-02,中国汽研,sh601965,7.06,6.93,7.02,7.02,7.02,4.46635,8358600,0.0,0.0,0.0,0.0185,0.0
2012-11-05,中国汽研,sh601965,7.16,7.0,7.06999,7.00999,7.02,4.45998,8733400,0.0,0.0,0.0,0.0227,-0.0084
2012-11-06,中国汽研,sh601965,7.03,6.9,6.99,7.0,7.00999,4.45363,10093500,0.0,0.0,0.0,0.0185,0.0014
2012-11-07,中国汽研,sh601965,7.02,6.88,6.96,6.93,7.0,4.40909,6987600,0.0,0.0,0.0,0.0199,-0.0043
2012-11-08,中国汽研,sh601965,6.9,6.79999,6.87,6.81,6.93,4.33274,6345400,0.0,0.0,0.0,0.0144,-0.0087
2012-11-09,中国汽研,sh601965,6.88999,6.75,6.82999,6.82999,6.81,4.34546,5480300,0.0,0.0,0.0,0.0205,0.0
2012-11-12,中国汽研,sh601965,6.93,6.84,6.85,6.91,6.82999,4.39637,4093200,0.0,0.0,0.0,0.0131,0.0087
2012-11-13,中国汽研,sh601965,6.91,6.65,6.88,6.69,6.91,4.25639,5871500,0.0,0.0,0.0,0.0376,-0.0276
2012-11-14,中国汽研,sh601965,6.73001,6.64001,6.70001,6.71,6.69,4.26911,4000400,0.0,0.0,0.0,0.0134,0.0014
2012-11-15,中国汽研,sh601965,6.74,6.59,6.68,6.61001,6.71,4.2055,3942400,0.0,0.0,0.0,0.0223,-0.0104
2012-11-16,中国汽研,sh601965,6.67001,6.56,6.6,6.65,6.61001,4.23094,4214700,0.0,0.0,0.0,0.0166,0.0075
2012-11-19,中国汽研,sh601965,6.73001,6.62,6.63,6.71,6.65,4.26911,3581200,0.0,0.0,0.0,0.0165,0.012
2012-11-20,中国汽研,sh601965,6.76999,6.64001,6.75,6.65,6.71,4.23094,3140000,0.0,0.0,0.0,0.0193,-0.0148
2012-11-21,中国汽研,sh601965,6.74,6.55001,6.66,6.72,6.65,4.27548,3825800,0.0,0.0,0.0,0.0285,0.009
2012-11-22,中国汽研,sh601965,6.73001,6.62,6.69,6.64001,6.72,4.22458,4206900,0.0,0.0,0.0,0.0163,-0.0074
2012-11-23,中国汽研,sh601965,6.72,6.62,6.67001,6.67001,6.64001,4.24367,3402100,0.0,0.0,0.0,0.015,0.0
2012-11-26,中国汽研,sh601965,6.74,6.59,6.67001,6.61001,6.67001,4.2055,2790100,0.0,0.0,0.0,0.0224,-0.0089
2012-11-27,中国汽研,sh601965,6.67001,6.40001,6.59,6.41,6.61001,4.07825,6078500,0.0,0.0,0.0,0.0408,-0.0273
2012-11-28,中国汽研,sh601965,6.43001,6.33,6.39,6.42,6.41,4.08461,3733500,0.0,0.0,0.0,0.0156,0.0046
2012-11-29,中国汽研,sh601965,6.47,6.24,6.42,6.28,6.42,3.99554,3854500,0.0,0.0,0.0,0.0358,-0.0218
2012-11-30,中国汽研,sh601965,6.46001,6.24,6.24,6.38,6.28,4.05916,4480400,0.0,0.0,0.0,0.035,0.0224
2012-12-03,中国汽研,sh601965,6.45,6.31999,6.34999,6.34,6.38,4.03371,2686500,0.0,0.0,0.0,0.0203,-0.0015
2012-12-04,中国汽研,sh601965,6.44,6.28999,6.34,6.43001,6.34,4.09098,3224900,0.0,0.0,0.0,0.0236,0.0141
2012-12-05,中国汽研,sh601965,6.69,6.39,6.42,6.63,6.43001,4.21822,9645500,0.0,0.0,0.0,0.0466,0.0327
2012-12-06,中国汽研,sh601965,6.65,6.53,6.6,6.54,6.63,4.16096,4280900,0.0,0.0,0.0,0.018,-0.009
2012-12-07,中国汽研,sh601965,6.76,6.53,6.55001,6.71,6.54,4.26911,8260200,0.0,0.0,0.0,0.0351,0.0244
2012-12-10,中国汽研,sh601965,6.78,6.69,6.71,6.76,6.71,4.30093,8441800,0.0,0.0,0.0,0.0134,0.0074
2012-12-11,中国汽研,sh601965,6.82,6.67001,6.72,6.68,6.76,4.25003,6349300,0.0,0.0,0.0,0.0221,-0.0059
2012-12-12,中国汽研,sh601965,6.73001,6.62,6.69,6.68,6.68,4.25003,4088600,0.0,0.0,0.0,0.0164,-0.0014
2012-12-13,中国汽研,sh601965,6.71,6.58001,6.70001,6.6,6.68,4.19913,4079500,0.0,0.0,0.0,0.0194,-0.0149
2012-12-14,中国汽研,sh601965,6.9,6.59,6.59,6.85,6.6,4.35819,14314700,0.0,0.0,0.0,0.0469,0.0394
2012-12-17,中国汽研,sh601965,6.91999,6.81,6.9,6.82999,6.85,4.34546,10977000,0.0,0.0,0.0,0.016,-0.0101
2012-12-18,中国汽研,sh601965,6.93,6.79,6.82999,6.82999,6.82999,4.34546,10870500,0.0,0.0,0.0,0.0204,0.0
2012-12-19,中国汽研,sh601965,6.94999,6.79999,6.84,6.93,6.82999,4.40909,9801100,0.0,0.0,0.0,0.0219,0.0131
2012-12-20,中国汽研,sh601965,6.91999,6.82999,6.85999,6.87,6.93,4.37091,9180500,0.0,0.0,0.0,0.0129,0.0014
2012-12-21,中国汽研,sh601965,6.94999,6.82999,6.88,6.94,6.87,4.41545,11534900,0.0,0.0,0.0,0.0174,0.0087
2012-12-24,中国汽研,sh601965,7.2,6.91999,6.93,7.11,6.94,4.52361,24402900,0.0,0.0,0.0,0.0403,0.0259
2012-12-25,中国汽研,sh601965,7.43,7.06,7.09999,7.32,7.11,4.65722,27257400,0.0,0.0,0.0,0.052,0.0309
2012-12-26,中国汽研,sh601965,7.93001,7.29,7.37,7.83,7.32,4.9817,37976200,0.0,0.0,0.0,0.0874,0.0624
2012-12-27,中国汽研,sh601965,8.1,7.69999,7.84,7.78,7.83,4.94989,40462000,0.0,0.0,0.0,0.051,-0.0076
2012-12-28,中国汽研,sh601965,8.04,7.69999,7.74,7.96001,7.78,5.06441,32693400,0.0,0.0,0.0,0.0437,0.0284
2012-12-31,中国汽研,sh601965,8.24,7.81999,7.98,7.89,7.96001,5.01987,32413500,0.0,0.0,0.0,0.0527,-0.0112
2013-01-04,中国汽研,sh601965,7.98,7.73,7.95,7.77,7.89,7.7699704,14207818,0.0,0.0,0.0,0.0316,-0.0226
2013-01-07,中国汽研,sh601965,7.83,7.6,7.72,7.81,7.77,7.8099704,13423011,0.0,0.0,0.0,0.0296,0.0116
2013-01-08,中国汽研,sh601965,7.88,7.65,7.76,7.86,7.81,7.8599696,16139419,0.0,0.0,0.0,0.0294,0.0128
2013-01-09,中国汽研,sh601965,7.93,7.7,7.8,7.77,7.86,7.7699733,11556470,0.0,0.0,0.0,0.0292,-0.0038
2013-01-10,中国汽研,sh601965,7.82,7.64,7.76,7.7,7.77,7.6999736,11631588,0.0,0.0,0.0,0.0231,-0.0077
2013-01-11,中国汽研,sh601965,7.92,7.66,7.7,7.74,7.7,7.739975,16718387,0.0,0.0,0.0,0.0337,0.0051
2013-01-14,中国汽研,sh601965,8.36,7.7,7.74,8.28,7.74,8.279969,26590590,0.0,0.0,0.0,0.0852,0.0697
2013-01-15,中国汽研,sh601965,8.31,8.1,8.3,8.22,8.28,8.219973,18360665,0.0,0.0,0.0,0.0253,-0.0096
2013-01-16,中国汽研,sh601965,8.24,7.93,8.18,7.99,8.22,7.9899697,16716590,0.0,0.0,0.0,0.0377,-0.0232
2013-01-17,中国汽研,sh601965,8.03,7.77,7.94,7.84,7.99,7.8399744,11024782,0.0,0.0,0.0,0.0325,-0.0125
2013-01-18,中国汽研,sh601965,7.99,7.78,7.89,7.88,7.84,7.879974,11014839,0.0,0.0,0.0,0.0267,-0.0012
2013-01-21,中国汽研,sh601965,8.05,7.89,7.94,8.01,7.88,8.00997,9081689,0.0,0.0,0.0,0.0203,0.0088
2013-01-22,中国汽研,sh601965,8.05,7.77,8.0,7.82,8.01,7.8199735,9325431,0.0,0.0,0.0,0.0349,-0.0224
2013-01-23,中国汽研,sh601965,7.85,7.61,7.81,7.8,7.82,7.7999697,8991475,0.0,0.0,0.0,0.0306,-0.0012
2013-01-24,中国汽研,sh601965,7.95,7.56,7.83,7.61,7.8,7.60997,11705111,0.0,0.0,0.0,0.05,-0.028
2013-01-25,中国汽研,sh601965,7.8,7.59,7.59,7.66,7.61,7.659968,6822669,0.0,0.0,0.0,0.0275,0.0092
2013-01-28,中国汽研,sh601965,8.09,7.67,7.67,8.07,7.66,8.069967,12913555,0.0,0.0,0.0,0.0548,0.0521
2013-01-29,中国汽研,sh601965,8.27,8.0,8.12,8.07,8.07,8.069967,14844974,0.0,0.0,0.0,0.0334,-0.0061
2013-01-30,中国汽研,sh601965,8.48,8.13,8.26,8.42,8.07,8.4199705,24438140,0.0,0.0,0.0,0.0433,0.0193
2013-01-31,中国汽研,sh601965,8.95,8.34,8.43,8.69,8.42,8.689973,25466833,0.0,0.0,0.0,0.0724,0.0308
2013-02-01,中国汽研,sh601965,8.95,8.58,8.62,8.68,8.69,8.679971,17689247,0.0,0.0,0.0,0.0425,0.0069
2013-02-04,中国汽研,sh601965,8.8,8.45,8.67,8.47,8.68,8.469968,13893596,0.0,0.0,0.0,0.0403,-0.023
2013-02-05,中国汽研,sh601965,8.59,8.36,8.42,8.48,8.47,8.479971,9591538,0.0,0.0,0.0,0.0271,0.0071
2013-02-06,中国汽研,sh601965,9.12,8.45,8.5,8.95,8.48,8.949973,14705907,0.0,0.0,0.0,0.079,0.0529
2013-02-07,中国汽研,sh601965,9.45,9.01,9.03,9.05,8.95,9.049972,14218433,0.0,0.0,0.0,0.0491,0.0022
2013-02-08,中国汽研,sh601965,9.37,8.98,9.0,9.19,9.05,9.189975,9192774,0.0,0.0,0.0,0.043,0.0211
2013-02-18,中国汽研,sh601965,9.17,8.9,9.14,9.02,9.19,9.019979,12196946,0.0,0.0,0.0,0.0293,-0.0131
2013-02-19,中国汽研,sh601965,9.0,8.6,9.0,8.67,9.02,8.669976,10797877,0.0,0.0,0.0,0.0443,-0.0366
2013-02-20,中国汽研,sh601965,8.86,8.63,8.63,8.8,8.67,8.7999735,6729594,0.0,0.0,0.0,0.0265,0.0196
2013-02-21,中国汽研,sh601965,8.71,8.41,8.71,8.54,8.8,8.539979,8407870,0.0,0.0,0.0,0.034,-0.0195
2013-02-22,中国汽研,sh601965,8.64,8.45,8.54,8.52,8.54,8.519978,5894852,0.0,0.0,0.0,0.0222,-0.0023
2013-02-25,中国汽研,sh601965,8.88,8.54,8.54,8.85,8.52,8.849974,7619916,0.0,0.0,0.0,0.0399,0.0362
2013-02-26,中国汽研,sh601965,9.04,8.7,8.75,8.81,8.85,8.809972,11953839,0.0,0.0,0.0,0.0384,0.0068
2013-02-27,中国汽研,sh601965,9.02,8.58,8.76,8.76,8.81,8.759975,6857845,0.0,0.0,0.0,0.0499,0.0
2013-02-28,中国汽研,sh601965,8.99,8.6,8.6,8.98,8.76,8.979973,8530460,0.0,0.0,0.0,0.0445,0.0441
2013-03-01,中国汽研,sh601965,9.03,8.87,8.91,8.97,8.98,8.96997,7758989,0.0,0.0,0.0,0.0178,0.0067
2013-03-04,中国汽研,sh601965,8.88,8.29,8.86,8.39,8.97,8.389972,11395535,0.0,0.0,0.0,0.0657,-0.053
2013-03-05,中国汽研,sh601965,8.57,8.25,8.43,8.53,8.39,8.529975,8282237,0.0,0.0,0.0,0.0381,0.0118
2013-03-06,中国汽研,sh601965,8.59,8.37,8.53,8.53,8.53,8.529975,7980169,0.0,0.0,0.0,0.0257,0.0
2013-03-07,中国汽研,sh601965,8.5,8.29,8.49,8.33,8.53,8.329972,7352416,0.0,0.0,0.0,0.0246,-0.0188
2013-03-08,中国汽研,sh601965,8.43,8.05,8.32,8.13,8.33,8.12997,8583208,0.0,0.0,0.0,0.0456,-0.0228
2013-03-11,中国汽研,sh601965,8.27,8.01,8.14,8.25,8.13,8.249969,4524290,0.0,0.0,0.0,0.0319,0.0135
2013-03-12,中国汽研,sh601965,8.4,8.05,8.24,8.34,8.25,8.339967,7357100,0.0,0.0,0.0,0.0424,0.0121
2013-03-13,中国汽研,sh601965,8.34,8.06,8.19,8.17,8.34,8.169965,6053108,0.0,0.0,0.0,0.0335,-0.0024
2013-03-14,中国汽研,sh601965,8.38,8.15,8.19,8.28,8.17,8.279965,5878873,0.0,0.0,0.0,0.0281,0.0109
2013-03-15,中国汽研,sh601965,8.68,8.25,8.31,8.47,8.28,8.469966,12159718,0.0,0.0,0.0,0.0519,0.0192
2013-03-18,中国汽研,sh601965,8.54,8.28,8.47,8.44,8.47,8.439965,7330309,0.0,0.0,0.0,0.0306,-0.0035
2013-03-19,中国汽研,sh601965,8.51,8.3,8.37,8.4,8.44,8.399968,5593580,0.0,0.0,0.0,0.0248,0.0035
2013-03-20,中国汽研,sh601965,8.98,8.32,8.41,8.94,8.4,8.939969,15730616,0.0,0.0,0.0,0.0785,0.063
2013-03-21,中国汽研,sh601965,9.1,8.79,8.91,8.97,8.94,8.969972,15053136,0.0,0.0,0.0,0.0346,0.0067
2013-03-22,中国汽研,sh601965,9.15,8.83,8.9,9.1,8.97,9.099973,7527443,0.0,0.0,0.0,0.0356,0.0224
2013-03-25,中国汽研,sh601965,9.24,8.97,9.1,9.14,9.1,9.1399765,8140670,0.0,0.0,0.0,0.0296,0.0043
2013-03-26,中国汽研,sh601965,9.19,8.87,9.06,9.05,9.14,9.049975,7728962,0.0,0.0,0.0,0.035,-0.0011
2013-03-27,中国汽研,sh601965,9.2,8.91,9.03,9.04,9.05,9.039975,5677386,0.0,0.0,0.0,0.032,0.0011
2013-03-28,中国汽研,sh601965,8.99,8.61,8.99,8.72,9.04,8.719978,6988639,0.0,0.0,0.0,0.042,-0.03
2013-03-29,中国汽研,sh601965,8.78,8.55,8.78,8.68,8.72,8.679979,6528434,0.0,0.0,0.0,0.0263,-0.0113
2013-04-01,中国汽研,sh601965,8.94,8.53,8.62,8.93,8.68,8.92998,6085204,0.0,0.0,0.0,0.0472,0.0359
2013-04-02,中国汽研,sh601965,9.12,8.84,8.91,9.0,8.93,8.999982,9128043,0.0,0.0,0.0,0.0313,0.0101
2013-04-03,中国汽研,sh601965,9.1,8.71,9.1,8.8,9.0,8.799985,4653960,0.0,0.0,0.0,0.0433,-0.0329
2013-04-08,中国汽研,sh601965,9.25,8.48,8.5,9.2,8.8,9.199988,7748376,0.0,0.0,0.0,0.0874,0.0823
2013-04-09,中国汽研,sh601965,9.55,9.12,9.2,9.43,9.2,9.429988,9555968,0.0,0.0,0.0,0.0467,0.025
2013-04-10,中国汽研,sh601965,9.48,9.24,9.39,9.42,9.43,9.4199915,6181365,0.0,0.0,0.0,0.0254,0.0031
2013-04-11,中国汽研,sh601965,9.65,9.36,9.42,9.53,9.42,9.529989,9595722,0.0,0.0,0.0,0.0307,0.0116
2013-04-12,中国汽研,sh601965,9.57,9.24,9.48,9.34,9.53,9.33999,6452078,0.0,0.0,0.0,0.0346,-0.0147
2013-04-15,中国汽研,sh601965,9.37,9.06,9.3,9.1,9.34,9.099989,4522634,0.0,0.0,0.0,0.0331,-0.0215
2013-04-16,中国汽研,sh601965,9.28,8.84,8.99,9.21,9.1,9.20999,5145268,0.0,0.0,0.0,0.0483,0.0244
2013-04-17,中国汽研,sh601965,9.38,9.06,9.15,9.14,9.21,9.139994,4497956,0.0,0.0,0.0,0.0347,-0.001
2013-04-18,中国汽研,sh601965,9.74,9.06,9.1,9.72,9.14,9.719991,10330615,0.0,0.0,0.0,0.0743,0.0681
2013-04-19,中国汽研,sh601965,9.87,9.59,9.66,9.82,9.72,9.81999,11770427,0.0,0.0,0.0,0.0288,0.0165
2013-04-22,中国汽研,sh601965,10.05,9.63,9.75,9.82,9.82,9.81999,8831671,0.0,0.0,0.0,0.0427,0.0071
2013-04-23,中国汽研,sh601965,9.94,9.46,9.82,9.48,9.82,9.479993,8968125,0.0,0.0,0.0,0.0488,-0.0346
2013-04-24,中国汽研,sh601965,10.25,9.49,9.53,10.19,9.48,10.189997,15263811,0.0,0.0,0.0,0.0801,0.0692
2013-04-25,中国汽研,sh601965,10.44,9.88,10.1,10.0,10.19,9.999993,14519771,0.0,0.0,0.0,0.0549,-0.0099
2013-04-26,中国汽研,sh601965,10.14,9.43,9.94,9.56,10.0,9.559994,11684581,0.0,0.0,0.0,0.071,-0.0382
2013-05-02,中国汽研,sh601965,9.93,9.31,9.45,9.88,9.56,9.879995,8487176,0.0,0.0,0.0,0.0648,0.0455
2013-05-03,中国汽研,sh601965,10.27,9.86,9.88,10.0,9.88,9.999998,8198476,0.0,0.0,0.0,0.0414,0.0121
2013-05-06,中国汽研,sh601965,10.88,10.1,10.18,10.8,10.0,10.799998,14215355,0.0,0.0,0.0,0.078,0.0609
2013-05-07,中国汽研,sh601965,10.99,10.55,10.67,10.97,10.8,10.970001,9601095,0.0,0.0,0.0,0.0407,0.0281
2013-05-08,中国汽研,sh601965,11.03,10.66,11.0,10.85,10.97,10.85,8562937,0.0,0.0,0.0,0.0337,-0.0136
2013-05-09,中国汽研,sh601965,11.4,10.67,10.84,11.14,10.85,11.139998,12489363,0.0,0.0,0.0,0.0672,0.0276
2013-05-10,中国汽研,sh601965,11.35,10.71,11.01,10.77,11.14,10.769995,12434263,0.0,0.0,0.0,0.0574,-0.0217
2013-05-13,中国汽研,sh601965,11.05,10.54,10.66,10.87,10.77,10.869994,8911604,0.0,0.0,0.0,0.0473,0.0196
2013-05-14,中国汽研,sh601965,11.06,10.63,10.86,11.04,10.87,11.03999,7004828,0.0,0.0,0.0,0.0395,0.0165
2013-05-15,中国汽研,sh601965,11.37,10.8,11.04,11.35,11.04,11.349993,9026514,0.0,0.0,0.0,0.0516,0.028
2013-05-16,中国汽研,sh601965,12.33,11.11,11.34,12.05,11.35,12.049993,17099977,0.0,0.0,0.0,0.1074,0.0626
2013-05-17,中国汽研,sh601965,12.43,11.76,11.96,11.86,12.05,11.859988,14509429,0.0,0.0,0.0,0.0556,-0.0083
2013-05-20,中国汽研,sh601965,12.39,11.7,11.9,12.12,11.86,12.119983,10911012,0.0,0.0,0.0,0.0581,0.0184
2013-05-21,中国汽研,sh601965,12.34,11.95,12.07,12.24,12.12,12.239983,8410017,0.0,0.0,0.0,0.0321,0.014
2013-05-22,中国汽研,sh601965,12.35,12.06,12.3,12.21,12.24,12.209983,5913419,0.0,0.0,0.0,0.0236,-0.0073
2013-05-23,中国汽研,sh601965,12.18,11.69,12.18,11.79,12.21,11.789984,9938266,0.0,0.0,0.0,0.0401,-0.032
2013-05-24,中国汽研,sh601965,12.18,11.8,11.81,12.15,11.79,12.149979,8073115,0.0,0.0,0.0,0.0322,0.0287
2013-05-27,中国汽研,sh601965,12.33,12.01,12.14,12.1,12.15,12.099982,6586477,0.0,0.0,0.0,0.0263,-0.0032
2013-05-28,中国汽研,sh601965,12.25,11.8,12.1,11.89,12.1,11.889987,7133909,0.0,0.0,0.0,0.0371,-0.0173
2013-05-29,中国汽研,sh601965,12.24,11.76,11.95,11.87,11.89,11.8699875,8477858,0.0,0.0,0.0,0.0403,-0.0066
2013-05-30,中国汽研,sh601965,11.98,11.6,11.78,11.63,11.87,11.629989,9891529,0.0,0.0,0.0,0.032,-0.0127
2013-05-31,中国汽研,sh601965,11.82,11.51,11.63,11.59,11.63,11.589993,6990170,0.0,0.0,0.0,0.0266,-0.0034
2013-06-03,中国汽研,sh601965,11.72,10.89,11.54,10.9,11.59,10.899994,11234682,0.0,0.0,0.0,0.0716,-0.0554
2013-06-04,中国汽研,sh601965,11.05,10.51,10.85,10.96,10.9,11.059984,9651443,0.0,0.0,0.0,0.0495,0.0101
2013-06-05,中国汽研,sh601965,11.09,10.65,10.87,10.7,10.96,10.797608,7018246,0.0,0.0,0.0,0.0401,-0.0156
2013-06-06,中国汽研,sh601965,10.86,10.3,10.58,10.4,10.7,10.494876,7192733,0.0,0.0,0.0,0.0523,-0.017
2013-06-07,中国汽研,sh601965,10.75,10.25,10.47,10.53,10.4,10.626061,8535811,0.0,0.0,0.0,0.048,0.0057
2013-06-13,中国汽研,sh601965,10.39,9.9,10.37,10.21,10.53,10.303146,6694779,0.0,0.0,0.0,0.0465,-0.0154
2013-06-14,中国汽研,sh601965,10.76,10.18,10.24,10.68,10.21,10.7774315,8141518,0.0,0.0,0.0,0.0568,0.0429
2013-06-17,中国汽研,sh601965,11.05,10.49,10.73,10.95,10.68,11.049895,8771260,0.0,0.0,0.0,0.0524,0.0205
2013-06-18,中国汽研,sh601965,11.03,10.63,10.93,10.81,10.95,10.908623,4288121,0.0,0.0,0.0,0.0365,-0.0109
2013-06-19,中国汽研,sh601965,10.72,10.3,10.72,10.61,10.81,10.706802,3869183,0.0,0.0,0.0,0.0388,-0.0102
2013-06-20,中国汽研,sh601965,10.69,10.38,10.48,10.39,10.61,10.484797,3494750,0.0,0.0,0.0,0.0292,-0.0085
2013-06-21,中国汽研,sh601965,10.37,9.8,10.08,10.17,10.39,10.262792,7096786,0.0,0.0,0.0,0.0548,0.0089
2013-06-24,中国汽研,sh601965,10.1,9.15,10.1,9.19,10.17,9.273849,11289108,0.0,0.0,0.0,0.0934,-0.09
2013-06-25,中国汽研,sh601965,9.48,8.33,8.95,9.33,9.19,9.415126,9141875,0.0,0.0,0.0,0.1251,0.0424
2013-06-26,中国汽研,sh601965,9.72,9.17,9.2,9.61,9.33,9.697683,5575528,0.0,0.0,0.0,0.0589,0.0445
2013-06-27,中国汽研,sh601965,9.84,9.3,9.61,9.31,9.61,9.394951,4849160,0.0,0.0,0.0,0.0561,-0.0312
2013-06-28,中国汽研,sh601965,9.55,9.1,9.12,9.25,9.31,9.3344,4312387,0.0,0.0,0.0,0.0483,0.0142
2013-07-01,中国汽研,sh601965,9.34,8.85,9.17,9.21,9.25,9.294039,5349287,0.0,0.0,0.0,0.0529,0.0043
2013-07-02,中国汽研,sh601965,9.89,9.16,9.22,9.87,9.21,9.960058,8457332,0.0,0.0,0.0,0.0792,0.0704
2013-07-03,中国汽研,sh601965,9.8,9.48,9.77,9.62,9.87,9.70778,6569786,0.0,0.0,0.0,0.0324,-0.0153
2013-07-04,中国汽研,sh601965,10.13,9.48,9.51,9.88,9.62,9.970152,7158824,0.0,0.0,0.0,0.0675,0.0389
2013-07-05,中国汽研,sh601965,10.05,9.71,9.81,9.8,9.88,9.889424,4957791,0.0,0.0,0.0,0.0344,-0.001
2013-07-08,中国汽研,sh601965,9.62,9.21,9.62,9.27,9.8,9.354584,4081270,0.0,0.0,0.0,0.0418,-0.0363
2013-07-09,中国汽研,sh601965,9.47,9.0,9.25,9.15,9.27,9.233489,2943268,0.0,0.0,0.0,0.0507,-0.0108
2013-07-10,中国汽研,sh601965,9.6,9.09,9.09,9.56,9.15,9.647232,4209540,0.0,0.0,0.0,0.0557,0.0517
2013-07-11,中国汽研,sh601965,10.04,9.5,9.5,9.7,9.56,9.7885065,12025105,0.0,0.0,0.0,0.0564,0.021
2013-07-12,中国汽研,sh601965,9.85,9.5,9.72,9.52,9.7,9.606861,7853377,0.0,0.0,0.0,0.036,-0.0205
2013-07-15,中国汽研,sh601965,9.78,9.55,9.55,9.65,9.52,9.738043,7858824,0.0,0.0,0.0,0.0241,0.0104
2013-07-16,中国汽研,sh601965,9.7,9.29,9.64,9.45,9.65,9.536222,9195722,0.0,0.0,0.0,0.0424,-0.0197
2013-07-17,中国汽研,sh601965,9.5,9.0,9.46,9.01,9.45,9.092206,9507933,0.0,0.0,0.0,0.0529,-0.0475
2013-07-18,中国汽研,sh601965,9.29,8.6,9.29,8.66,9.01,8.73901,11799156,0.0,0.0,0.0,0.0765,-0.0678
2013-07-19,中国汽研,sh601965,8.79,8.26,8.67,8.34,8.66,8.416086,8177002,0.0,0.0,0.0,0.0612,-0.038
2013-07-22,中国汽研,sh601965,8.85,8.31,8.38,8.82,8.34,8.900466,8146554,0.0,0.0,0.0,0.0647,0.0525
2013-07-23,中国汽研,sh601965,9.11,8.81,8.83,9.02,8.82,9.102293,9258513,0.0,0.0,0.0,0.034,0.0215
2013-07-24,中国汽研,sh601965,9.06,8.8,8.98,9.02,9.02,9.102293,5379221,0.0,0.0,0.0,0.0288,0.0044
2013-07-25,中国汽研,sh601965,9.09,8.63,9.0,8.66,9.02,8.739011,5489885,0.0,0.0,0.0,0.0509,-0.0377
2013-07-26,中国汽研,sh601965,8.74,8.56,8.61,8.64,8.66,8.718833,3780475,0.0,0.0,0.0,0.0207,0.0034
2013-07-29,中国汽研,sh601965,8.69,8.28,8.65,8.42,8.64,8.496825,4602774,0.0,0.0,0.0,0.0474,-0.0265
2013-07-30,中国汽研,sh601965,8.55,8.2,8.46,8.5,8.42,8.577554,3732603,0.0,0.0,0.0,0.0415,0.0047
2013-07-31,中国汽研,sh601965,8.83,8.46,8.46,8.63,8.5,8.708738,4740435,0.0,0.0,0.0,0.0435,0.02
2013-08-01,中国汽研,sh601965,8.88,8.56,8.63,8.83,8.63,8.910563,6546021,0.0,0.0,0.0,0.037,0.0231
2013-08-02,中国汽研,sh601965,9.13,8.83,8.9,8.94,8.83,9.021571,8333696,0.0,0.0,0.0,0.0339,0.0044
2013-08-05,中国汽研,sh601965,9.63,8.95,8.95,9.49,8.94,9.576588,11304299,0.0,0.0,0.0,0.076,0.0603
2013-08-06,中国汽研,sh601965,9.73,9.3,9.48,9.6,9.49,9.68759,8666561,0.0,0.0,0.0,0.0453,0.0126
2013-08-07,中国汽研,sh601965,9.67,9.35,9.6,9.39,9.6,9.475674,6867612,0.0,0.0,0.0,0.0333,-0.0218
2013-08-08,中国汽研,sh601965,9.53,9.32,9.32,9.43,9.39,9.51604,3788014,0.0,0.0,0.0,0.0223,0.0118
2013-08-09,中国汽研,sh601965,9.51,9.18,9.31,9.39,9.43,9.475673,4025743,0.0,0.0,0.0,0.0349,0.0085
2013-08-12,中国汽研,sh601965,9.97,9.42,9.7,9.82,9.39,9.909593,9883228,0.0,0.0,0.0,0.0585,0.0123
2013-08-13,中国汽研,sh601965,9.9,9.73,9.88,9.84,9.82,9.929778,5059814,0.0,0.0,0.0,0.0173,-0.004
2013-08-14,中国汽研,sh601965,10.23,9.84,9.85,9.92,9.84,10.010508,7499761,0.0,0.0,0.0,0.0396,0.0071
2013-08-15,中国汽研,sh601965,9.93,9.56,9.93,9.6,9.92,9.687589,5569798,0.0,0.0,0.0,0.0372,-0.0332
2013-08-16,中国汽研,sh601965,9.88,9.38,9.5,9.47,9.6,9.556399,5355118,0.0,0.0,0.0,0.052,-0.0031
2013-08-19,中国汽研,sh601965,9.63,9.37,9.37,9.62,9.47,9.707763,3821558,0.0,0.0,0.0,0.0274,0.0266
2013-08-20,中国汽研,sh601965,10.02,9.6,9.65,9.81,9.62,9.899501,6813760,0.0,0.0,0.0,0.0436,0.0165
2013-08-21,中国汽研,sh601965,9.96,9.65,9.84,9.92,9.81,10.010504,4399600,0.0,0.0,0.0,0.0316,0.0081
2013-08-22,中国汽研,sh601965,9.98,9.75,9.92,9.84,9.92,9.9297695,4075957,0.0,0.0,0.0,0.0231,-0.008
2013-08-23,中国汽研,sh601965,10.16,9.82,9.9,10.08,9.84,10.171956,7853416,0.0,0.0,0.0,0.0345,0.0181
2013-08-26,中国汽研,sh601965,10.47,10.03,10.08,10.42,10.08,10.515057,6754686,0.0,0.0,0.0,0.0436,0.0337
2013-08-27,中国汽研,sh601965,10.72,10.31,10.39,10.66,10.42,10.75725,6710488,0.0,0.0,0.0,0.0393,0.0259
2013-08-28,中国汽研,sh601965,10.56,10.24,10.56,10.26,10.66,10.353605,6351414,0.0,0.0,0.0,0.03,-0.0284
2013-08-29,中国汽研,sh601965,10.64,10.3,10.36,10.37,10.26,10.464606,5073284,0.0,0.0,0.0,0.0331,9.0E-4
2013-08-30,中国汽研,sh601965,10.42,9.95,10.3,10.02,10.37,10.111416,5199963,0.0,0.0,0.0,0.0453,-0.0271
2013-09-02,中国汽研,sh601965,10.28,9.86,10.05,10.27,10.02,10.363695,4440235,0.0,0.0,0.0,0.0419,0.0218
2013-09-03,中国汽研,sh601965,10.44,10.2,10.32,10.44,10.27,10.535246,4977524,0.0,0.0,0.0,0.0233,0.0116
2013-09-04,中国汽研,sh601965,10.48,10.14,10.41,10.24,10.44,10.333422,4073440,0.0,0.0,0.0,0.0325,-0.0163
2013-09-05,中国汽研,sh601965,10.28,10.02,10.28,10.09,10.24,10.182058,3958204,0.0,0.0,0.0,0.0253,-0.0184
2013-09-06,中国汽研,sh601965,10.42,9.99,10.08,10.31,10.09,10.404067,4630263,0.0,0.0,0.0,0.0426,0.0228
2013-09-09,中国汽研,sh601965,10.4,10.2,10.25,10.35,10.31,10.444435,3953483,0.0,0.0,0.0,0.0193,0.0097
2013-09-10,中国汽研,sh601965,10.55,10.22,10.35,10.35,10.35,10.444435,5099404,0.0,0.0,0.0,0.0318,0.0
2013-09-11,中国汽研,sh601965,10.39,9.88,10.3,9.9,10.35,9.990333,12329552,0.0,0.0,0.0,0.0492,-0.0388
2013-09-12,中国汽研,sh601965,10.06,9.78,9.89,9.93,9.9,10.020603,4102377,0.0,0.0,0.0,0.0282,0.004
2013-09-13,中国汽研,sh601965,9.93,9.67,9.93,9.87,9.93,9.960058,4847816,0.0,0.0,0.0,0.0261,-0.006
2013-09-16,中国汽研,sh601965,10.04,9.82,9.87,10.0,9.87,10.091242,3740331,0.0,0.0,0.0,0.0222,0.0131
2013-09-17,中国汽研,sh601965,10.03,9.6,9.92,9.72,10.0,9.808687,3999977,0.0,0.0,0.0,0.0429,-0.0201
2013-09-18,中国汽研,sh601965,9.76,9.61,9.66,9.74,9.72,9.828874,2424281,0.0,0.0,0.0,0.0154,0.0082
2013-09-23,中国汽研,sh601965,10.17,9.75,9.75,10.16,9.74,10.252705,5888431,0.0,0.0,0.0,0.0431,0.042
2013-09-24,中国汽研,sh601965,10.3,10.11,10.18,10.18,10.16,10.272892,4796512,0.0,0.0,0.0,0.0187,0.0
2013-09-25,中国汽研,sh601965,10.26,9.92,10.11,9.93,10.18,10.020611,3727979,0.0,0.0,0.0,0.0333,-0.0178
2013-09-26,中国汽研,sh601965,10.05,9.81,9.95,9.85,9.93,9.939884,2855236,0.0,0.0,0.0,0.0241,-0.01
2013-09-27,中国汽研,sh601965,10.0,9.84,9.86,9.9,9.85,9.990339,2057179,0.0,0.0,0.0,0.0162,0.004
2013-09-30,中国汽研,sh601965,10.13,9.87,9.87,10.11,9.9,10.202254,2702895,0.0,0.0,0.0,0.0262,0.0243
2013-10-08,中国汽研,sh601965,10.35,10.12,10.13,10.31,10.11,10.404076,3666118,0.0,0.0,0.0,0.0227,0.0177
2013-10-09,中国汽研,sh601965,10.7,10.28,10.31,10.5,10.31,10.595812,6516517,0.0,0.0,0.0,0.0407,0.0184
2013-10-10,中国汽研,sh601965,10.5,10.13,10.49,10.28,10.5,10.373809,5980274,0.0,0.0,0.0,0.0352,-0.02
2013-10-11,中国汽研,sh601965,10.43,10.18,10.33,10.3,10.28,10.393996,6209232,0.0,0.0,0.0,0.0243,-0.0029
2013-10-14,中国汽研,sh601965,11.33,10.25,10.27,11.14,10.3,11.241657,19474727,0.0,0.0,0.0,0.1048,0.0847
2013-10-15,中国汽研,sh601965,11.06,10.83,10.98,10.98,11.14,11.0801935,5272674,0.0,0.0,0.0,0.0206,0.0
2013-10-16,中国汽研,sh601965,10.97,10.4,10.97,10.43,10.98,10.525176,6639885,0.0,0.0,0.0,0.0519,-0.0492
2013-10-17,中国汽研,sh601965,10.67,10.36,10.6,10.4,10.43,10.494905,5952014,0.0,0.0,0.0,0.0297,-0.0188
2013-10-18,中国汽研,sh601965,10.62,10.3,10.48,10.49,10.4,10.585729,2920677,0.0,0.0,0.0,0.0307,9.0E-4
2013-10-21,中国汽研,sh601965,10.78,10.43,10.5,10.65,10.49,10.747192,7101849,0.0,0.0,0.0,0.0333,0.0142
2013-10-22,中国汽研,sh601965,11.07,10.6,10.64,10.93,10.65,11.029747,8271813,0.0,0.0,0.0,0.0441,0.0272
2013-10-23,中国汽研,sh601965,10.99,10.24,10.9,10.26,10.93,10.353635,7765872,0.0,0.0,0.0,0.0686,-0.0587
2013-10-24,中国汽研,sh601965,10.4,10.02,10.25,10.23,10.26,10.32336,4374973,0.0,0.0,0.0,0.037,-0.0019
2013-10-25,中国汽研,sh601965,10.27,9.94,10.18,10.03,10.23,10.121539,3621025,0.0,0.0,0.0,0.0322,-0.0147
2013-10-28,中国汽研,sh601965,10.4,9.98,10.08,10.35,10.03,10.444456,5230340,0.0,0.0,0.0,0.0418,0.0267
2013-10-29,中国汽研,sh601965,10.52,9.65,10.34,10.04,10.35,10.131624,7107979,0.0,0.0,0.0,0.084,-0.029
2013-10-30,中国汽研,sh601965,10.6,9.83,10.08,10.59,10.04,10.686645,6831740,0.0,0.0,0.0,0.0766,0.0505
2013-10-31,中国汽研,sh601965,10.94,10.45,10.53,10.46,10.59,10.555455,5919305,0.0,0.0,0.0,0.0462,-0.0066
2013-11-01,中国汽研,sh601965,10.99,10.37,10.49,10.97,10.46,11.070107,9625569,0.0,0.0,0.0,0.0592,0.0457
2013-11-04,中国汽研,sh601965,11.21,10.79,10.97,11.09,10.97,11.191203,8123613,0.0,0.0,0.0,0.0382,0.0109
2013-11-05,中国汽研,sh601965,11.09,10.85,11.0,11.0,11.09,11.100387,4603169,0.0,0.0,0.0,0.0216,0.0
2013-11-06,中国汽研,sh601965,10.98,10.66,10.95,10.71,11.0,10.807736,4456260,0.0,0.0,0.0,0.029,-0.0219
2013-11-07,中国汽研,sh601965,10.88,10.5,10.74,10.62,10.71,10.716919,2846764,0.0,0.0,0.0,0.0354,-0.0111
2013-11-08,中国汽研,sh601965,10.71,10.34,10.58,10.64,10.62,10.737099,3330092,0.0,0.0,0.0,0.0348,0.0056
2013-11-11,中国汽研,sh601965,11.1,10.55,10.63,11.03,10.64,11.130656,6500698,0.0,0.0,0.0,0.0516,0.0376
2013-11-12,中国汽研,sh601965,11.5,11.0,11.0,11.49,11.03,11.59485,11779229,0.0,0.0,0.0,0.0453,0.0445
2013-11-13,中国汽研,sh601965,11.49,10.99,11.34,11.01,11.49,11.110475,5830048,0.0,0.0,0.0,0.0435,-0.0291
2013-11-14,中国汽研,sh601965,11.46,10.9,11.0,11.27,11.01,11.3728485,4939743,0.0,0.0,0.0,0.0508,0.0245
2013-11-15,中国汽研,sh601965,11.68,11.13,11.21,11.42,11.27,11.52422,6720162,0.0,0.0,0.0,0.0488,0.0187
2013-11-18,中国汽研,sh601965,11.77,11.31,11.62,11.68,11.42,11.7865925,6557072,0.0,0.0,0.0,0.0402,0.0051
2013-11-19,中国汽研,sh601965,11.85,11.51,11.67,11.6,11.68,11.705867,4691838,0.0,0.0,0.0,0.0291,-0.0059
2013-11-20,中国汽研,sh601965,12.15,11.53,11.7,11.97,11.6,12.079248,5126862,0.0,0.0,0.0,0.0534,0.023
2013-11-21,中国汽研,sh601965,12.07,11.75,11.97,11.98,11.97,12.0893345,4669198,0.0,0.0,0.0,0.0267,8.0E-4
2013-11-22,中国汽研,sh601965,12.06,11.73,11.98,11.74,11.98,11.847149,3462361,0.0,0.0,0.0,0.0275,-0.02
2013-11-25,中国汽研,sh601965,12.01,11.61,11.7,11.92,11.74,12.0287895,3929526,0.0,0.0,0.0,0.034,0.0188
2013-11-26,中国汽研,sh601965,11.98,11.46,11.81,11.57,11.92,11.6756,4283174,0.0,0.0,0.0,0.0436,-0.0203
2013-11-27,中国汽研,sh601965,11.78,11.46,11.52,11.68,11.57,11.7866,4075145,0.0,0.0,0.0,0.0276,0.0138
2013-11-28,中国汽研,sh601965,12.15,11.6,11.61,11.88,11.68,11.988422,4595671,0.0,0.0,0.0,0.047,0.0232
2013-11-29,中国汽研,sh601965,12.04,11.76,11.9,11.91,11.88,12.018693,2699053,0.0,0.0,0.0,0.0235,8.0E-4
2013-12-02,中国汽研,sh601965,12.41,11.48,11.75,11.79,11.91,11.897593,6822986,0.0,0.0,0.0,0.078,0.0034
2013-12-03,中国汽研,sh601965,12.57,11.55,11.65,12.52,11.79,12.634255,7462760,0.0,0.0,0.0,0.0865,0.0746
2013-12-04,中国汽研,sh601965,12.88,12.46,12.52,12.67,12.52,12.785626,9157744,0.0,0.0,0.0,0.0335,0.0119
2013-12-05,中国汽研,sh601965,13.38,12.43,12.64,13.26,12.67,13.381015,9750315,0.0,0.0,0.0,0.0749,0.049
2013-12-06,中国汽研,sh601965,13.58,12.8,13.2,12.91,13.26,13.027823,8317072,0.0,0.0,0.0,0.0588,-0.0219
2013-12-09,中国汽研,sh601965,13.13,12.65,12.95,13.02,12.91,13.138833,5425505,0.0,0.0,0.0,0.0371,0.0054
2013-12-10,中国汽研,sh601965,13.07,12.6,13.03,12.62,13.02,12.735182,5709736,0.0,0.0,0.0,0.036,-0.0314
2013-12-11,中国汽研,sh601965,12.88,12.58,12.67,12.86,12.62,12.977366,4283301,0.0,0.0,0.0,0.0237,0.0149
2013-12-12,中国汽研,sh601965,13.8,12.72,12.81,13.77,12.86,13.895671,8816655,0.0,0.0,0.0,0.0839,0.0749
2013-12-13,中国汽研,sh601965,13.85,13.14,13.65,13.33,13.77,13.451649,10857266,0.0,0.0,0.0,0.0515,-0.0234
2013-12-16,中国汽研,sh601965,13.54,12.65,13.24,12.7,13.33,12.815897,8107614,0.0,0.0,0.0,0.0667,-0.0407
2013-12-17,中国汽研,sh601965,12.79,12.36,12.75,12.49,12.7,12.603987,4287019,0.0,0.0,0.0,0.0338,-0.0203
2013-12-18,中国汽研,sh601965,12.69,12.39,12.43,12.58,12.49,12.694811,2366727,0.0,0.0,0.0,0.024,0.012
2013-12-19,中国汽研,sh601965,12.74,12.43,12.69,12.5,12.58,12.614084,3646579,0.0,0.0,0.0,0.0246,-0.0149
2013-12-20,中国汽研,sh601965,12.55,11.82,12.47,12.29,12.5,12.402167,4586859,0.0,0.0,0.0,0.0584,-0.0144
2013-12-23,中国汽研,sh601965,12.65,12.0,12.29,12.4,12.29,12.513167,2746025,0.0,0.0,0.0,0.0528,0.0089
2013-12-24,中国汽研,sh601965,12.88,12.33,12.4,12.74,12.4,12.856266,3433777,0.0,0.0,0.0,0.0443,0.0274
2013-12-25,中国汽研,sh601965,13.24,12.63,12.75,13.1,12.74,13.219545,3097934,0.0,0.0,0.0,0.0478,0.0274
2013-12-26,中国汽研,sh601965,13.16,12.74,13.06,12.92,13.1,13.037909,3519921,0.0,0.0,0.0,0.032,-0.0107
2013-12-27,中国汽研,sh601965,13.25,12.86,12.91,13.14,12.92,13.259918,2456788,0.0,0.0,0.0,0.0301,0.0178
2013-12-30,中国汽研,sh601965,13.65,13.08,13.28,13.37,13.14,13.49202,2858596,0.0,0.0,0.0,0.0433,0.0067
2013-12-31,中国汽研,sh601965,13.46,12.9,13.43,13.4,13.37,13.522296,4056472,0.0,0.0,0.0,0.0418,-0.0022
2014-01-02,中国汽研,sh601965,13.37,12.61,13.37,12.69,13.4,12.805817,4915795,0.0,0.0,0.0,0.0567,-0.0508
2014-01-03,中国汽研,sh601965,12.76,12.3,12.69,12.53,12.69,12.6443615,4757933,0.0,0.0,0.0,0.0362,-0.0126
2014-01-06,中国汽研,sh601965,12.73,12.2,12.39,12.48,12.53,12.59391,3234697,0.0,0.0,0.0,0.0422,0.0072
2014-01-07,中国汽研,sh601965,12.95,12.42,12.44,12.91,12.48,13.027833,3787498,0.0,0.0,0.0,0.0424,0.0377
2014-01-08,中国汽研,sh601965,13.09,12.05,12.85,12.12,12.91,12.230621,4910117,0.0,0.0,0.0,0.0805,-0.0568
2014-01-09,中国汽研,sh601965,12.42,12.07,12.28,12.25,12.12,12.361807,4106163,0.0,0.0,0.0,0.0288,-0.0024
2014-01-10,中国汽研,sh601965,12.6,11.91,12.25,12.14,12.25,12.250798,4001598,0.0,0.0,0.0,0.0563,-0.0089
2014-01-13,中国汽研,sh601965,12.52,12.11,12.13,12.45,12.14,12.5636215,2700565,0.0,0.0,0.0,0.0337,0.0263
2014-01-14,中国汽研,sh601965,13.22,12.37,12.37,13.03,12.45,13.1489105,4285386,0.0,0.0,0.0,0.0682,0.0533
2014-01-15,中国汽研,sh601965,13.13,12.95,13.0,13.09,13.03,13.209461,1902890,0.0,0.0,0.0,0.0138,0.0069
2014-01-16,中国汽研,sh601965,13.46,12.91,13.17,13.2,13.09,13.32046,3395845,0.0,0.0,0.0,0.042,0.0022
2014-01-17,中国汽研,sh601965,13.29,12.91,13.1,13.1,13.2,13.219544,2732311,0.0,0.0,0.0,0.0287,0.0
2014-01-20,中国汽研,sh601965,13.21,12.8,12.99,13.1,13.1,13.219544,3881001,0.0,0.0,0.0,0.0312,0.0084
2014-01-21,中国汽研,sh601965,13.2,12.67,13.01,12.93,13.1,13.047995,3601131,0.0,0.0,0.0,0.0404,-0.0061
2014-01-22,中国汽研,sh601965,14.22,13.31,13.38,14.22,12.93,14.349767,11728749,0.0,0.0,0.0,0.0703,0.0627
2014-01-23,中国汽研,sh601965,14.95,14.01,14.08,14.84,14.22,14.975431,8383468,0.0,0.0,0.0,0.0661,0.0539
2014-01-24,中国汽研,sh601965,14.89,14.3,14.86,14.79,14.84,14.924979,5600979,0.0,0.0,0.0,0.0397,-0.0047
2014-01-27,中国汽研,sh601965,15.0,14.43,14.87,14.57,14.79,14.7029705,3577264,0.0,0.0,0.0,0.0385,-0.0201
2014-01-28,中国汽研,sh601965,14.69,14.05,14.53,14.5,14.57,14.632337,3885236,0.0,0.0,0.0,0.0439,-0.002
2014-01-29,中国汽研,sh601965,14.66,14.28,14.45,14.56,14.5,14.692885,2190424,0.0,0.0,0.0,0.0262,0.0076
2014-01-30,中国汽研,sh601965,14.56,14.05,14.53,14.45,14.56,14.581881,1765672,0.0,0.0,0.0,0.035,-0.0055
2014-02-07,中国汽研,sh601965,15.46,14.12,14.31,15.11,14.45,15.247909,2000195,0.0,0.0,0.0,0.0927,0.0559
2014-02-10,中国汽研,sh601965,15.8,15.14,15.14,15.35,15.11,15.490106,3718843,0.0,0.0,0.0,0.0436,0.0138
2014-02-11,中国汽研,sh601965,15.66,14.98,15.48,15.08,15.35,15.217635,2767912,0.0,0.0,0.0,0.0442,-0.0258
2014-02-12,中国汽研,sh601965,16.59,15.0,15.0,16.21,15.08,16.357954,4591924,0.0,0.0,0.0,0.1054,0.0806
2014-02-13,中国汽研,sh601965,16.5,15.75,16.26,15.94,16.21,16.085495,1965582,0.0,0.0,0.0,0.0462,-0.0196
2014-02-14,中国汽研,sh601965,16.35,15.58,15.81,16.0,15.94,16.146042,2073003,0.0,0.0,0.0,0.0483,0.012
2014-02-17,中国汽研,sh601965,17.18,15.96,16.04,16.75,16.0,16.902887,3658362,0.0,0.0,0.0,0.0762,0.0442
2014-02-18,中国汽研,sh601965,17.06,16.52,16.81,16.69,16.75,16.84234,2162358,0.0,0.0,0.0,0.0322,-0.0071
2014-02-19,中国汽研,sh601965,16.89,16.22,16.71,16.4,16.69,16.549688,1999629,0.0,0.0,0.0,0.0401,-0.0185
2014-02-20,中国汽研,sh601965,16.58,15.55,16.4,15.63,16.4,15.772664,3561869,0.0,0.0,0.0,0.0628,-0.0469
2014-02-21,中国汽研,sh601965,16.25,15.21,15.85,15.55,15.63,15.691939,2463165,0.0,0.0,0.0,0.0665,-0.0189
2014-02-24,中国汽研,sh601965,15.97,15.25,15.57,15.89,15.55,16.035044,2255167,0.0,0.0,0.0,0.0463,0.0205
2014-02-25,中国汽研,sh601965,16.0,14.3,15.9,14.48,15.89,14.612174,6860216,0.0,0.0,0.0,0.1069,-0.0893
2014-02-26,中国汽研,sh601965,15.26,14.04,14.5,15.05,14.48,15.187382,3618368,0.0,0.0,0.0,0.0842,0.0379
2014-02-27,中国汽研,sh601965,15.2,14.49,15.0,14.57,15.05,14.702995,2589929,0.0,0.0,0.0,0.0471,-0.0286
2014-02-28,中国汽研,sh601965,14.97,14.42,14.54,14.92,14.57,15.056191,1190659,0.0,0.0,0.0,0.0377,0.0261
2014-03-03,中国汽研,sh601965,15.6,14.8,14.8,15.51,14.92,15.651573,2726469,0.0,0.0,0.0,0.0536,0.0479
2014-03-04,中国汽研,sh601965,16.99,15.4,15.5,16.11,15.51,16.257053,5260446,0.0,0.0,0.0,0.1025,0.0393
2014-03-05,中国汽研,sh601965,16.35,15.62,16.11,15.88,16.11,16.024952,3232066,0.0,0.0,0.0,0.0453,-0.0142
2014-03-06,中国汽研,sh601965,15.95,15.42,15.95,15.76,15.88,15.9038515,1991097,0.0,0.0,0.0,0.0333,-0.0119
2014-03-07,中国汽研,sh601965,15.92,14.66,15.7,14.79,15.76,14.925001,3981977,0.0,0.0,0.0,0.0799,-0.0579
2014-03-10,中国汽研,sh601965,15.18,14.32,14.68,14.61,14.79,14.743364,2521659,0.0,0.0,0.0,0.0581,-0.0047
2014-03-11,中国汽研,sh601965,15.05,14.55,14.7,14.95,14.61,15.086472,1933101,0.0,0.0,0.0,0.0342,0.017
2014-03-12,中国汽研,sh601965,15.15,14.4,15.1,14.57,14.95,14.703004,1502978,0.0,0.0,0.0,0.0501,-0.035
2014-03-13,中国汽研,sh601965,15.4,14.33,14.33,15.35,14.57,15.490129,2702355,0.0,0.0,0.0,0.0734,0.0711
2014-03-14,中国汽研,sh601965,15.31,14.81,15.21,15.14,15.35,15.278209,2782762,0.0,0.0,0.0,0.0325,-0.0046
2014-03-17,中国汽研,sh601965,15.75,14.9,15.0,15.62,15.14,15.7625885,2705215,0.0,0.0,0.0,0.0561,0.0413
2014-03-18,中国汽研,sh601965,15.9,15.35,15.62,15.89,15.62,16.03506,2669876,0.0,0.0,0.0,0.0352,0.0172
2014-03-19,中国汽研,sh601965,16.25,15.53,15.8,16.1,15.89,16.24698,2246852,0.0,0.0,0.0,0.0453,0.0189
2014-03-20,中国汽研,sh601965,16.1,15.18,16.02,15.2,16.1,15.3387575,3049204,0.0,0.0,0.0,0.0571,-0.0511
2014-03-21,中国汽研,sh601965,15.98,15.01,15.1,15.71,15.2,15.853419,2518474,0.0,0.0,0.0,0.0638,0.0403
2014-03-24,中国汽研,sh601965,16.7,15.71,15.74,15.91,15.71,16.055248,3719771,0.0,0.0,0.0,0.063,0.0108
2014-03-25,中国汽研,sh601965,16.5,15.88,15.98,16.3,15.91,16.44881,3035282,0.0,0.0,0.0,0.0389,0.02
2014-03-26,中国汽研,sh601965,17.45,16.21,16.3,17.33,16.3,17.488213,6102252,0.0,0.0,0.0,0.076,0.0631
2014-03-27,中国汽研,sh601965,17.68,16.73,17.33,16.83,17.33,16.983643,3773344,0.0,0.0,0.0,0.0548,-0.0288
2014-03-28,中国汽研,sh601965,16.92,15.5,16.83,16.03,16.83,16.176342,5025291,0.0,0.0,0.0,0.0843,-0.0475
2014-03-31,中国汽研,sh601965,15.95,14.74,15.75,14.95,16.03,15.086476,5863594,0.0,0.0,0.0,0.0754,-0.0507
2014-04-01,中国汽研,sh601965,15.65,14.94,14.94,15.3,14.95,15.439666,3750994,0.0,0.0,0.0,0.0474,0.024
2014-04-02,中国汽研,sh601965,16.14,15.26,15.3,15.74,15.3,15.88368,4483014,0.0,0.0,0.0,0.0575,0.0287
2014-04-03,中国汽研,sh601965,15.9,15.19,15.75,15.56,15.74,15.702034,3061280,0.0,0.0,0.0,0.0451,-0.012
2014-04-04,中国汽研,sh601965,15.74,15.43,15.55,15.59,15.56,15.732308,1465396,0.0,0.0,0.0,0.0199,0.0025
2014-04-08,中国汽研,sh601965,15.68,15.06,15.66,15.51,15.59,15.651586,2801603,0.0,0.0,0.0,0.0397,-0.0095
2014-04-09,中国汽研,sh601965,15.85,15.39,15.55,15.76,15.51,15.903873,2091172,0.0,0.0,0.0,0.0296,0.0135
2014-04-10,中国汽研,sh601965,16.29,15.56,15.82,16.18,15.76,16.327711,2573662,0.0,0.0,0.0,0.0463,0.0227
2014-04-11,中国汽研,sh601965,16.27,15.59,16.25,15.76,16.18,15.903877,3220672,0.0,0.0,0.0,0.042,-0.0301
2014-04-14,中国汽研,sh601965,15.76,15.3,15.76,15.6,15.76,15.742421,2297142,0.0,0.0,0.0,0.0291,-0.0101
2014-04-15,中国汽研,sh601965,15.73,15.47,15.62,15.6,15.6,15.742421,1362846,0.0,0.0,0.0,0.0166,-0.0012
2014-04-16,中国汽研,sh601965,15.6,15.32,15.48,15.53,15.6,15.671784,1670135,0.0,0.0,0.0,0.0179,0.0032
2014-04-17,中国汽研,sh601965,15.87,15.4,15.53,15.85,15.53,15.994701,1558036,0.0,0.0,0.0,0.0302,0.0206
2014-04-18,中国汽研,sh601965,16.0,15.48,15.84,15.62,15.85,15.762603,2011921,0.0,0.0,0.0,0.0328,-0.0138
2014-04-21,中国汽研,sh601965,15.4,14.06,15.32,14.3,15.62,14.4305525,14984745,0.0,0.0,0.0,0.0857,-0.0665
2014-04-22,中国汽研,sh601965,14.16,13.24,14.14,13.43,14.3,13.552612,9616083,0.0,0.0,0.0,0.0643,-0.0502
2014-04-23,中国汽研,sh601965,13.83,13.33,13.45,13.58,13.43,13.703981,4976619,0.0,0.0,0.0,0.0372,0.0096
2014-04-24,中国汽研,sh601965,13.62,13.2,13.58,13.45,13.58,13.572793,2535864,0.0,0.0,0.0,0.0309,-0.0095
2014-04-25,中国汽研,sh601965,13.56,12.8,13.39,12.84,13.45,12.957226,2722288,0.0,0.0,0.0,0.0565,-0.041
2014-04-28,中国汽研,sh601965,12.8,12.33,12.8,12.4,12.84,12.513207,3420527,0.0,0.0,0.0,0.0366,-0.0312
2014-04-29,中国汽研,sh601965,12.68,12.36,12.48,12.6,12.4,12.715034,3295631,0.0,0.0,0.0,0.0258,0.0096
2014-04-30,中国汽研,sh601965,13.53,12.5,12.6,13.32,12.6,13.441608,3413702,0.0,0.0,0.0,0.0817,0.0571
2014-05-05,中国汽研,sh601965,13.75,13.0,13.31,13.56,13.32,13.683799,2761388,0.0,0.0,0.0,0.0563,0.0187
2014-05-06,中国汽研,sh601965,13.76,13.42,13.55,13.58,13.56,13.703983,2213617,0.0,0.0,0.0,0.025,0.0022
2014-05-07,中国汽研,sh601965,13.45,13.07,13.41,13.1,13.58,13.219602,1209741,0.0,0.0,0.0,0.0279,-0.0231
2014-05-08,中国汽研,sh601965,13.23,12.96,13.0,13.0,13.1,13.118684,1576981,0.0,0.0,0.0,0.0206,0.0
2014-05-09,中国汽研,sh601965,12.95,12.18,12.95,12.49,13.0,12.604024,3215518,0.0,0.0,0.0,0.0592,-0.0355
2014-05-12,中国汽研,sh601965,12.2,11.24,11.87,11.62,12.49,11.726078,22034217,0.0,0.0,0.0,0.0768,-0.021
2014-05-26,中国汽研,sh601965,12.03,10.85,11.2,11.84,11.62,12.149906,18152615,0.0,0.0,0.0,0.1015,0.0571
2014-05-27,中国汽研,sh601965,12.1,11.52,11.8,11.92,11.84,12.232002,7351842,0.0,0.0,0.0,0.0489,0.0101
2014-05-28,中国汽研,sh601965,12.28,11.75,11.9,12.23,11.92,12.55012,5597252,0.0,0.0,0.0,0.0444,0.0277
2014-05-29,中国汽研,sh601965,12.45,11.89,12.45,11.91,12.23,12.221746,4463147,0.0,0.0,0.0,0.0457,-0.0433
2014-05-30,中国汽研,sh601965,12.0,11.65,11.91,11.82,11.91,12.129387,2506399,0.0,0.0,0.0,0.0293,-0.0075
2014-06-03,中国汽研,sh601965,12.16,11.8,11.87,11.98,11.82,12.2935705,2702649,0.0,0.0,0.0,0.0304,0.0092
2014-06-04,中国汽研,sh601965,11.96,11.66,11.96,11.71,11.98,12.016498,2456099,0.0,0.0,0.0,0.025,-0.0209
2014-06-05,中国汽研,sh601965,12.1,11.63,11.63,12.06,11.71,12.375659,3485375,0.0,0.0,0.0,0.0401,0.0369
2014-06-06,中国汽研,sh601965,12.18,11.8,12.09,11.93,12.06,12.242262,2998987,0.0,0.0,0.0,0.0315,-0.0132
2014-06-09,中国汽研,sh601965,11.94,11.77,11.94,11.88,11.93,12.190954,1461588,0.0,0.0,0.0,0.0142,-0.005
2014-06-10,中国汽研,sh601965,11.95,11.75,11.88,11.85,11.88,12.160172,2250798,0.0,0.0,0.0,0.0168,-0.0025
2014-06-11,中国汽研,sh601965,11.91,11.65,11.91,11.72,11.85,12.026775,1890641,0.0,0.0,0.0,0.0219,-0.0159
2014-06-12,中国汽研,sh601965,11.74,11.58,11.74,11.66,11.72,11.96521,2139460,0.0,0.0,0.0,0.0136,-0.0068
2014-06-13,中国汽研,sh601965,11.94,11.6,11.66,11.86,11.66,12.170449,2803306,0.0,0.0,0.0,0.0291,0.0171
2014-06-16,中国汽研,sh601965,12.11,11.83,11.83,11.99,11.86,12.303849,3608198,0.0,0.0,0.0,0.0236,0.0135
2014-06-17,中国汽研,sh601965,12.01,11.79,11.93,11.83,11.99,12.139667,2503500,0.0,0.0,0.0,0.0183,-0.0083
2014-06-18,中国汽研,sh601965,11.89,11.58,11.87,11.59,11.83,11.89339,2032913,0.0,0.0,0.0,0.0262,-0.0235
2014-06-19,中国汽研,sh601965,11.67,10.98,11.67,11.14,11.59,11.431604,3417873,0.0,0.0,0.0,0.0595,-0.0454
2014-06-20,中国汽研,sh601965,11.47,10.96,11.11,11.42,11.14,11.718938,2188939,0.0,0.0,0.0,0.0457,0.0279
2014-06-23,中国汽研,sh601965,11.45,11.25,11.33,11.31,11.42,11.606061,1004651,0.0,0.0,0.0,0.0175,-0.0017
2014-06-24,中国汽研,sh601965,11.54,11.26,11.32,11.48,11.31,11.780512,1289740,0.0,0.0,0.0,0.0247,0.0141
2014-06-25,中国汽研,sh601965,11.56,11.34,11.5,11.48,11.48,11.780512,885573,0.0,0.0,0.0,0.0191,-0.0017
2014-06-26,中国汽研,sh601965,11.94,11.45,11.45,11.92,11.48,12.232036,4230461,0.0,0.0,0.0,0.0426,0.041
2014-06-27,中国汽研,sh601965,12.08,11.79,11.9,12.04,11.92,12.355176,2803345,0.0,0.0,0.0,0.0243,0.0117
2014-06-30,中国汽研,sh601965,12.82,12.3,12.3,12.37,12.04,12.693818,4873959,0.0,0.0,0.0,0.0431,0.0056
2014-07-01,中国汽研,sh601965,12.46,12.13,12.46,12.37,12.37,12.693818,2143606,0.0,0.0,0.0,0.0266,-0.0072
2014-07-02,中国汽研,sh601965,12.68,12.22,12.37,12.57,12.37,12.899053,2996600,0.0,0.0,0.0,0.0371,0.0161
2014-07-03,中国汽研,sh601965,12.85,12.51,12.65,12.7,12.57,13.0324545,3030810,0.0,0.0,0.0,0.027,0.0039
2014-07-04,中国汽研,sh601965,12.81,12.28,12.81,12.33,12.7,12.652766,2564262,0.0,0.0,0.0,0.0417,-0.0374
2014-07-07,中国汽研,sh601965,12.47,12.07,12.33,12.22,12.33,12.539891,2334724,0.0,0.0,0.0,0.0324,-0.0089
2014-07-08,中国汽研,sh601965,12.35,12.01,12.16,12.24,12.22,12.560419,1964441,0.0,0.0,0.0,0.0278,0.0065
2014-07-09,中国汽研,sh601965,12.27,11.87,12.2,11.89,12.24,12.201254,2816774,0.0,0.0,0.0,0.0326,-0.0254
2014-07-10,中国汽研,sh601965,12.17,11.9,11.93,11.94,11.89,12.252561,3041324,0.0,0.0,0.0,0.0227,8.0E-4
2014-07-11,中国汽研,sh601965,12.05,11.6,11.94,11.75,11.94,12.057585,5127091,0.0,0.0,0.0,0.0376,-0.0159
2014-07-14,中国汽研,sh601965,12.62,11.65,11.8,12.47,11.75,12.796438,7956095,0.0,0.0,0.0,0.0825,0.0567
2014-07-15,中国汽研,sh601965,12.85,12.35,12.4,12.84,12.47,13.176121,10751461,0.0,0.0,0.0,0.04,0.0354
2014-07-16,中国汽研,sh601965,12.88,12.44,12.69,12.57,12.84,12.899054,4924047,0.0,0.0,0.0,0.0342,-0.0094
2014-07-17,中国汽研,sh601965,12.48,12.01,12.48,12.09,12.57,12.40649,5874253,0.0,0.0,0.0,0.0373,-0.0312
2014-07-18,中国汽研,sh601965,12.22,11.91,12.1,12.04,12.09,12.355177,5876041,0.0,0.0,0.0,0.0256,-0.0049
2014-07-21,中国汽研,sh601965,12.1,11.81,12.0,11.93,12.04,12.2423,2319747,0.0,0.0,0.0,0.024,-0.0058
2014-07-22,中国汽研,sh601965,12.46,11.88,11.93,12.37,11.93,12.693821,4131845,0.0,0.0,0.0,0.0486,0.0368
2014-07-23,中国汽研,sh601965,12.42,12.11,12.37,12.18,12.37,12.498843,3217028,0.0,0.0,0.0,0.025,-0.0153
2014-07-24,中国汽研,sh601965,12.28,11.84,12.25,12.04,12.18,12.355182,3477718,0.0,0.0,0.0,0.0361,-0.0171
2014-07-25,中国汽研,sh601965,12.22,11.95,12.05,12.14,12.04,12.457804,2559835,0.0,0.0,0.0,0.0224,0.0074
2014-07-28,中国汽研,sh601965,12.57,12.17,12.23,12.38,12.14,12.7040825,8353953,0.0,0.0,0.0,0.0329,0.0122
2014-07-29,中国汽研,sh601965,12.78,12.38,12.38,12.56,12.38,12.8888,8126372,0.0,0.0,0.0,0.0323,0.0145
2014-07-30,中国汽研,sh601965,12.64,12.37,12.59,12.6,12.56,12.929851,4799721,0.0,0.0,0.0,0.0214,7.0E-4
2014-07-31,中国汽研,sh601965,13.05,12.52,12.52,12.94,12.6,13.278749,8634040,0.0,0.0,0.0,0.042,0.0335
2014-08-01,中国汽研,sh601965,12.97,12.51,12.88,12.61,12.94,12.940115,6115757,0.0,0.0,0.0,0.0355,-0.0209
2014-08-04,中国汽研,sh601965,12.85,12.56,12.56,12.85,12.61,13.186404,4628058,0.0,0.0,0.0,0.0229,0.023
2014-08-05,中国汽研,sh601965,12.94,12.62,12.86,12.93,12.85,13.268502,5162149,0.0,0.0,0.0,0.0249,0.0054
2014-08-06,中国汽研,sh601965,13.24,12.82,12.93,13.2,12.93,13.545575,8505818,0.0,0.0,0.0,0.0324,0.0208
2014-08-07,中国汽研,sh601965,13.36,12.93,13.2,12.94,13.2,13.278769,5707684,0.0,0.0,0.0,0.0325,-0.0196
2014-08-08,中国汽研,sh601965,13.05,12.79,12.88,12.97,12.94,13.309548,3838040,0.0,0.0,0.0,0.02,0.0069
2014-08-11,中国汽研,sh601965,13.24,13.02,13.02,13.23,12.97,13.576352,4307721,0.0,0.0,0.0,0.0169,0.0161
2014-08-12,中国汽研,sh601965,13.24,13.0,13.24,13.14,13.23,13.483992,5679213,0.0,0.0,0.0,0.0181,-0.0075
2014-08-13,中国汽研,sh601965,13.13,12.8,13.13,12.91,13.14,13.247968,4964538,0.0,0.0,0.0,0.0251,-0.0167
2014-08-14,中国汽研,sh601965,13.18,12.81,12.92,12.86,12.91,13.196659,6316448,0.0,0.0,0.0,0.0286,-0.0046
2014-08-15,中国汽研,sh601965,12.99,12.8,12.9,12.94,12.86,13.278755,5277874,0.0,0.0,0.0,0.0147,0.0031
2014-08-18,中国汽研,sh601965,13.12,12.9,13.01,13.07,12.94,13.412153,5592610,0.0,0.0,0.0,0.017,0.0046
2014-08-19,中国汽研,sh601965,13.14,12.94,13.1,13.06,13.07,13.401893,6517337,0.0,0.0,0.0,0.0153,-0.003
2014-08-20,中国汽研,sh601965,13.69,13.02,13.02,13.66,13.06,14.017603,16758770,0.0,0.0,0.0,0.0513,0.0491
2014-08-21,中国汽研,sh601965,13.96,13.42,13.64,13.55,13.66,13.904719,11428022,0.0,0.0,0.0,0.0395,-0.0065
2014-08-22,中国汽研,sh601965,13.65,13.31,13.59,13.61,13.55,13.9662895,5898738,0.0,0.0,0.0,0.025,0.0014
2014-08-25,中国汽研,sh601965,13.59,13.26,13.59,13.34,13.61,13.689226,4676213,0.0,0.0,0.0,0.0242,-0.0183
2014-08-26,中国汽研,sh601965,13.45,12.85,13.3,12.94,13.34,13.278754,5498210,0.0,0.0,0.0,0.0449,-0.027
2014-08-27,中国汽研,sh601965,13.1,12.85,12.85,13.04,12.94,13.381372,3458314,0.0,0.0,0.0,0.0193,0.0147
2014-08-28,中国汽研,sh601965,13.09,12.59,13.04,12.61,13.04,12.940122,5148828,0.0,0.0,0.0,0.0383,-0.0329
2014-08-29,中国汽研,sh601965,12.89,12.6,12.61,12.86,12.61,13.196672,2974493,0.0,0.0,0.0,0.0229,0.0198
2014-09-01,中国汽研,sh601965,13.04,12.81,12.85,13.03,12.86,13.3711195,4709622,0.0,0.0,0.0,0.0178,0.014
2014-09-02,中国汽研,sh601965,13.24,13.03,13.07,13.18,13.03,13.525048,6411424,0.0,0.0,0.0,0.0161,0.0084
2014-09-03,中国汽研,sh601965,13.31,13.16,13.23,13.29,13.18,13.637928,7404489,0.0,0.0,0.0,0.0113,0.0045
2014-09-04,中国汽研,sh601965,13.45,13.27,13.35,13.39,13.29,13.74054,6686936,0.0,0.0,0.0,0.0135,0.0029
2014-09-05,中国汽研,sh601965,13.5,13.3,13.41,13.48,13.39,13.83289,6271611,0.0,0.0,0.0,0.0149,0.0052
2014-09-09,中国汽研,sh601965,13.8,13.35,13.53,13.64,13.48,13.997072,9204582,0.0,0.0,0.0,0.0333,0.0081
2014-09-10,中国汽研,sh601965,13.65,13.34,13.65,13.39,13.64,13.740534,7780377,0.0,0.0,0.0,0.0227,-0.019
2014-09-11,中国汽研,sh601965,13.62,13.29,13.4,13.48,13.39,13.832885,8580775,0.0,0.0,0.0,0.0246,0.0059
2014-09-12,中国汽研,sh601965,13.54,13.37,13.45,13.53,13.48,13.884191,4994949,0.0,0.0,0.0,0.0126,0.0059
2014-09-15,中国汽研,sh601965,13.9,13.5,13.54,13.9,13.53,14.263882,10414212,0.0,0.0,0.0,0.0295,0.0265
2014-09-16,中国汽研,sh601965,14.07,13.33,13.88,13.38,13.9,13.730269,10257700,0.0,0.0,0.0,0.0532,-0.036
2014-09-17,中国汽研,sh601965,13.57,13.29,13.38,13.52,13.38,13.873929,4766759,0.0,0.0,0.0,0.0209,0.0104
2014-09-18,中国汽研,sh601965,13.71,13.42,13.42,13.66,13.52,14.017594,3682050,0.0,0.0,0.0,0.0214,0.0178
2014-09-19,中国汽研,sh601965,13.8,13.5,13.67,13.68,13.66,14.0381155,4306053,0.0,0.0,0.0,0.0219,7.0E-4
2014-09-22,中国汽研,sh601965,13.68,13.33,13.67,13.36,13.68,13.709736,4120987,0.0,0.0,0.0,0.0255,-0.0226
2014-09-23,中国汽研,sh601965,13.58,13.33,13.38,13.53,13.36,13.884192,3656603,0.0,0.0,0.0,0.0187,0.0112
2014-09-24,中国汽研,sh601965,13.78,13.41,13.46,13.72,13.53,14.079168,5149366,0.0,0.0,0.0,0.0273,0.0193
2014-09-25,中国汽研,sh601965,13.86,13.55,13.73,13.62,13.72,13.976545,5289460,0.0,0.0,0.0,0.0225,-0.008
2014-09-26,中国汽研,sh601965,13.6,13.43,13.57,13.54,13.62,13.894447,4118079,0.0,0.0,0.0,0.0124,-0.0022
2014-09-29,中国汽研,sh601965,13.8,13.54,13.63,13.74,13.54,14.099682,4704499,0.0,0.0,0.0,0.0192,0.008
2014-09-30,中国汽研,sh601965,13.95,13.62,13.8,13.9,13.74,14.263873,6782940,0.0,0.0,0.0,0.024,0.0072
2014-10-08,中国汽研,sh601965,14.04,13.67,13.9,13.99,13.9,14.356232,6972866,0.0,0.0,0.0,0.0266,0.0064
2014-10-09,中国汽研,sh601965,14.24,13.75,14.0,13.92,13.99,14.284392,9688805,0.0,0.0,0.0,0.035,-0.0057
2014-10-10,中国汽研,sh601965,13.87,13.62,13.85,13.71,13.92,14.068898,7264889,0.0,0.0,0.0,0.0179,-0.0101
2014-10-13,中国汽研,sh601965,13.79,13.48,13.65,13.75,13.71,14.109951,5775772,0.0,0.0,0.0,0.0226,0.0073
2014-10-14,中国汽研,sh601965,13.79,13.39,13.77,13.5,13.75,13.853404,6728455,0.0,0.0,0.0,0.029,-0.0196
2014-10-15,中国汽研,sh601965,13.64,13.44,13.5,13.59,13.5,13.945765,3552800,0.0,0.0,0.0,0.0148,0.0066
2014-10-16,中国汽研,sh601965,13.54,13.11,13.52,13.13,13.59,13.473728,9384798,0.0,0.0,0.0,0.0316,-0.0288
2014-10-17,中国汽研,sh601965,13.22,12.79,13.13,12.95,13.13,13.289018,5992515,0.0,0.0,0.0,0.0327,-0.0137
2014-10-20,中国汽研,sh601965,13.16,12.9,13.0,13.14,12.95,13.483994,4378832,0.0,0.0,0.0,0.02,0.0107
2014-10-21,中国汽研,sh601965,13.25,12.98,13.12,13.03,13.14,13.3711195,3559605,0.0,0.0,0.0,0.0205,-0.0068
2014-10-22,中国汽研,sh601965,13.19,12.82,13.01,12.83,13.03,13.165886,2567801,0.0,0.0,0.0,0.0283,-0.0138
2014-10-23,中国汽研,sh601965,12.88,12.61,12.8,12.64,12.83,12.970912,3222182,0.0,0.0,0.0,0.021,-0.0125
2014-10-24,中国汽研,sh601965,12.73,12.54,12.66,12.57,12.64,12.899079,2728770,0.0,0.0,0.0,0.015,-0.0071
2014-10-27,中国汽研,sh601965,12.69,12.35,12.48,12.68,12.57,13.011959,2801365,0.0,0.0,0.0,0.027,0.016
2014-10-28,中国汽研,sh601965,12.92,12.68,12.75,12.91,12.68,13.247983,4453570,0.0,0.0,0.0,0.0189,0.0125
2014-10-29,中国汽研,sh601965,13.07,12.83,12.89,12.95,12.91,13.289025,5307067,0.0,0.0,0.0,0.0185,0.0046
2014-10-30,中国汽研,sh601965,13.17,12.92,12.96,13.09,12.95,13.4326935,6593614,0.0,0.0,0.0,0.0193,0.01
2014-10-31,中国汽研,sh601965,13.37,13.05,13.15,13.35,13.09,13.699493,9453336,0.0,0.0,0.0,0.0244,0.0152
2014-11-03,中国汽研,sh601965,13.8,13.28,13.36,13.69,13.35,14.048392,17238533,0.0,0.0,0.0,0.0389,0.0247
2014-11-04,中国汽研,sh601965,13.89,13.52,13.63,13.81,13.69,14.17154,14980248,0.0,0.0,0.0,0.027,0.0132
2014-11-05,中国汽研,sh601965,13.77,13.5,13.77,13.5,13.81,13.853417,8381591,0.0,0.0,0.0,0.0195,-0.0196
2014-11-06,中国汽研,sh601965,13.49,13.14,13.4,13.37,13.5,13.720009,9683433,0.0,0.0,0.0,0.0259,-0.0022
2014-11-07,中国汽研,sh601965,13.39,12.97,13.38,13.07,13.37,13.412159,8668414,0.0,0.0,0.0,0.0314,-0.0231
2014-11-10,中国汽研,sh601965,13.19,13.02,13.1,13.16,13.07,13.504516,5481609,0.0,0.0,0.0,0.013,0.0045
2014-11-11,中国汽研,sh601965,13.2,12.35,13.16,12.62,13.16,12.950385,8178713,0.0,0.0,0.0,0.0645,-0.041
2014-11-12,中国汽研,sh601965,12.83,12.5,12.58,12.82,12.62,13.1556225,3583982,0.0,0.0,0.0,0.0261,0.019
2014-11-13,中国汽研,sh601965,12.93,12.7,12.85,12.81,12.82,13.145361,3589860,0.0,0.0,0.0,0.0179,-0.0031
2014-11-14,中国汽研,sh601965,12.86,12.62,12.78,12.73,12.81,13.063269,4810336,0.0,0.0,0.0,0.0187,-0.0039
2014-11-17,中国汽研,sh601965,12.8,12.59,12.8,12.74,12.73,13.073536,4782793,0.0,0.0,0.0,0.0164,-0.0046
2014-11-18,中国汽研,sh601965,12.83,12.59,12.74,12.66,12.74,12.991447,4238423,0.0,0.0,0.0,0.0188,-0.0062
2014-11-19,中国汽研,sh601965,12.67,12.48,12.67,12.61,12.66,12.940144,4621477,0.0,0.0,0.0,0.015,-0.0047
2014-11-20,中国汽研,sh601965,12.72,12.52,12.61,12.71,12.61,13.042759,3015006,0.0,0.0,0.0,0.0158,0.0079
2014-11-21,中国汽研,sh601965,12.87,12.67,12.7,12.86,12.71,13.19669,4477133,0.0,0.0,0.0,0.0157,0.0125
2014-11-24,中国汽研,sh601965,13.01,12.8,12.94,13.01,12.86,13.350616,7306735,0.0,0.0,0.0,0.0163,0.0054
2014-11-25,中国汽研,sh601965,13.15,12.93,13.02,13.02,13.01,13.360883,5965929,0.0,0.0,0.0,0.0169,0.0
2014-11-26,中国汽研,sh601965,13.09,12.83,13.02,12.97,13.02,13.309577,5924328,0.0,0.0,0.0,0.0199,-0.0038
2014-11-27,中国汽研,sh601965,13.2,12.95,13.01,13.11,12.97,13.45324,9935877,0.0,0.0,0.0,0.0192,0.0076
2014-11-28,中国汽研,sh601965,13.16,12.87,13.11,12.93,13.11,13.268528,7023558,0.0,0.0,0.0,0.0221,-0.0137
2014-12-01,中国汽研,sh601965,12.97,12.67,12.91,12.78,12.93,13.114599,5697654,0.0,0.0,0.0,0.0232,-0.01
2014-12-02,中国汽研,sh601965,12.95,12.78,12.78,12.93,12.78,13.268525,4810304,0.0,0.0,0.0,0.0133,0.0117
2014-12-03,中国汽研,sh601965,13.21,12.78,12.95,13.19,12.93,13.535329,7877081,0.0,0.0,0.0,0.0332,0.0185
2014-12-04,中国汽研,sh601965,13.36,13.09,13.19,13.3,13.19,13.648213,10317244,0.0,0.0,0.0,0.0204,0.0083
2014-12-05,中国汽研,sh601965,13.36,12.72,13.35,12.84,13.3,13.176177,7862835,0.0,0.0,0.0,0.0481,-0.0382
2014-12-08,中国汽研,sh601965,12.98,12.77,12.9,12.94,12.84,13.278792,8301265,0.0,0.0,0.0,0.0163,0.0031
2014-12-09,中国汽研,sh601965,14.23,12.96,13.02,13.45,12.94,13.80215,32257159,0.0,0.0,0.0,0.0981,0.033
2014-12-10,中国汽研,sh601965,14.2,13.4,13.61,13.98,13.45,14.346024,20406357,0.0,0.0,0.0,0.0594,0.0271
2014-12-11,中国汽研,sh601965,14.5,13.8,13.98,13.92,13.98,14.284451,17905848,0.0,0.0,0.0,0.05,-0.0042
2014-12-12,中国汽研,sh601965,14.03,13.62,13.9,13.98,13.92,14.346016,11553592,0.0,0.0,0.0,0.0294,0.0057
2014-12-15,中国汽研,sh601965,14.45,13.91,14.0,14.39,13.98,14.766756,16166597,0.0,0.0,0.0,0.0386,0.0278
2014-12-16,中国汽研,sh601965,14.42,14.02,14.4,14.07,14.39,14.438373,11782603,0.0,0.0,0.0,0.0277,-0.0229
2014-12-17,中国汽研,sh601965,14.02,13.4,14.02,13.61,14.07,13.966325,12787701,0.0,0.0,0.0,0.044,-0.0292
2014-12-18,中国汽研,sh601965,13.8,13.5,13.52,13.56,13.61,13.915012,6269542,0.0,0.0,0.0,0.022,0.0029
2014-12-19,中国汽研,sh601965,14.23,13.42,13.5,14.2,13.56,14.571774,19339071,0.0,0.0,0.0,0.0597,0.0518
2014-12-22,中国汽研,sh601965,14.66,13.31,14.49,13.51,14.2,13.863702,18064478,0.0,0.0,0.0,0.095,-0.0676
2014-12-23,中国汽研,sh601965,13.46,12.73,13.32,12.85,13.51,13.186419,9954458,0.0,0.0,0.0,0.054,-0.0352
2014-12-24,中国汽研,sh601965,13.05,12.71,12.88,12.98,12.85,13.319825,9216793,0.0,0.0,0.0,0.0264,0.0077
2014-12-25,中国汽研,sh601965,13.12,12.76,13.05,13.1,12.98,13.442967,8023935,0.0,0.0,0.0,0.0277,0.0038
2014-12-26,中国汽研,sh601965,13.16,12.85,13.12,12.97,13.1,13.309559,9359383,0.0,0.0,0.0,0.0236,-0.0114
2014-12-29,中国汽研,sh601965,12.97,12.44,12.96,12.52,12.97,12.847784,12391721,0.0,0.0,0.0,0.0408,-0.0339
2014-12-30,中国汽研,sh601965,12.55,12.06,12.45,12.13,12.52,12.447576,11249044,0.0,0.0,0.0,0.0391,-0.0257
2014-12-31,中国汽研,sh601965,12.34,12.15,12.17,12.24,12.13,12.560451,4925180,0.0,0.0,0.0,0.0156,0.0057
2015-01-01,中国汽研,sh601965,12.24,12.24,12.24,12.24,12.24,8.10541,0,0.0,0.0,0.0,0.0,0.0
2015-01-02,中国汽研,sh601965,12.24,12.24,12.24,12.24,12.24,8.10541,0,0.0,0.0,0.0,0.0,0.0
2015-01-05,中国汽研,sh601965,12.58999,12.15,12.34999,12.49,12.24,8.27096,98377,0.0,0.0,0.0,0.0359,0.0113
2015-01-06,中国汽研,sh601965,12.89,12.32,12.40001,12.70001,12.49,8.41002,125095,0.0,0.0,0.0,0.0456,0.0241
2015-01-07,中国汽研,sh601965,12.84,12.6,12.84,12.69,12.70001,8.4034,85192,0.0,0.0,0.0,0.0188,-0.0116
2015-01-08,中国汽研,sh601965,12.74,12.42,12.70999,12.49,12.69,8.27096,85333,0.0,0.0,0.0,0.0252,-0.0173
2015-01-09,中国汽研,sh601965,12.54,12.37,12.39,12.38,12.49,8.19811,73028,0.0,0.0,0.0,0.0136,-8.0E-4
2015-01-12,中国汽研,sh601965,12.42,12.07,12.39,12.15,12.38,8.04581,69041,0.0,0.0,0.0,0.0282,-0.0193
2015-01-13,中国汽研,sh601965,12.6,12.21,12.25,12.52001,12.15,8.29083,83993,0.0,0.0,0.0,0.032,0.022
2015-01-14,中国汽研,sh601965,12.72,12.42,12.54,12.6,12.52001,8.3438,72614,0.0,0.0,0.0,0.0239,0.0047
2015-01-15,中国汽研,sh601965,12.82,12.54,12.6,12.70001,12.6,8.41002,89141,0.0,0.0,0.0,0.0222,0.0079
2015-01-16,中国汽研,sh601965,12.77,12.55,12.67,12.68,12.70001,8.39677,68142,0.0,0.0,0.0,0.0173,7.0E-4
2015-01-19,中国汽研,sh601965,12.77,12.24,12.5,12.3,12.68,8.14514,95480,0.0,0.0,0.0,0.0417,-0.0159
2015-01-20,中国汽研,sh601965,12.95,12.40001,12.40001,12.91999,12.3,8.5557,171305,0.0,0.0,0.0,0.0447,0.0419
2015-01-21,中国汽研,sh601965,13.39999,12.84,12.97999,13.23,12.91999,8.76099,164113,0.0,0.0,0.0,0.0433,0.0192
2015-01-22,中国汽研,sh601965,13.3,13.05,13.15001,13.21001,13.23,8.74775,91615,0.0,0.0,0.0,0.0188,0.0045
2015-01-23,中国汽研,sh601965,13.45001,13.09001,13.23,13.12,13.21001,8.68815,108087,0.0,0.0,0.0,0.0272,-0.0083
2015-01-26,中国汽研,sh601965,13.39999,13.02,13.09999,13.33999,13.12,8.83383,97480,0.0,0.0,0.0,0.0289,0.0183
2015-01-27,中国汽研,sh601965,13.45999,13.18,13.39999,13.42,13.33999,8.88681,92284,0.0,0.0,0.0,0.0209,0.0014
2015-01-28,中国汽研,sh601965,13.39999,13.18,13.3,13.25,13.42,8.77423,100338,0.0,0.0,0.0,0.0163,-0.0037
2015-01-29,中国汽研,sh601965,13.32,13.08,13.15001,13.29,13.25,8.80072,64886,0.0,0.0,0.0,0.0181,0.0106
2015-01-30,中国汽研,sh601965,13.47,13.27001,13.27001,13.33001,13.29,8.82721,93177,0.0,0.0,0.0,0.015,0.0045
2015-02-02,中国汽研,sh601965,13.59,13.03001,13.26,13.41,13.33001,8.88019,115627,0.0,0.0,0.0,0.042,0.0113
2015-02-03,中国汽研,sh601965,13.75,13.35,13.48,13.66999,13.41,9.05236,109609,0.0,0.0,0.0,0.0298,0.014
2015-02-04,中国汽研,sh601965,13.76,13.53,13.76,13.66999,13.66999,9.05236,71613,0.0,0.0,0.0,0.0168,-0.0065
2015-02-05,中国汽研,sh601965,13.75,13.41,13.74,13.41,13.66999,8.88019,91577,0.0,0.0,0.0,0.0248,-0.024
2015-02-06,中国汽研,sh601965,13.38,12.96,13.38,13.03001,13.41,8.62855,59056,0.0,0.0,0.0,0.0313,-0.0261
2015-02-09,中国汽研,sh601965,13.27001,12.93,12.93,13.09999,13.03001,8.6749,35172,0.0,0.0,0.0,0.026,0.0131
2015-02-10,中国汽研,sh601965,13.21001,13.0,13.09999,13.15001,13.09999,8.70802,31727,0.0,0.0,0.0,0.016,0.0038
2015-02-11,中国汽研,sh601965,13.26,13.07,13.19,13.17,13.15001,8.72126,40218,0.0,0.0,0.0,0.0144,-0.0015
2015-02-12,中国汽研,sh601965,13.54999,13.11,13.21999,13.44,13.17,8.90005,60552,0.0,0.0,0.0,0.0334,0.0166
2015-02-13,中国汽研,sh601965,13.72001,13.51,13.52,13.53,13.44,8.95965,65486,0.0,0.0,0.0,0.0156,7.0E-4
2015-02-16,中国汽研,sh601965,13.8,13.53,13.53,13.74,13.53,9.09872,65227,0.0,0.0,0.0,0.0199,0.0155
2015-02-17,中国汽研,sh601965,13.87,13.65,13.84999,13.74,13.74,9.09872,51721,0.0,0.0,0.0,0.016,-0.0079
2015-02-18,中国汽研,sh601965,13.74,13.74,13.74,13.74,13.74,9.09872,0,0.0,0.0,0.0,0.0,0.0
2015-02-19,中国汽研,sh601965,13.74,13.74,13.74,13.74,13.74,9.09872,0,0.0,0.0,0.0,0.0,0.0
2015-02-20,中国汽研,sh601965,13.74,13.74,13.74,13.74,13.74,9.09872,0,0.0,0.0,0.0,0.0,0.0
2015-02-23,中国汽研,sh601965,13.74,13.74,13.74,13.74,13.74,9.09872,0,0.0,0.0,0.0,0.0,0.0
2015-02-24,中国汽研,sh601965,13.74,13.74,13.74,13.74,13.74,9.09872,0,0.0,0.0,0.0,0.0,0.0
2015-02-25,中国汽研,sh601965,13.77,13.47,13.77,13.5,13.74,8.93979,64654,0.0,0.0,0.0,0.0218,-0.0196
2015-02-26,中国汽研,sh601965,13.7,13.41,13.5,13.68,13.5,9.05898,61989,0.0,0.0,0.0,0.0214,0.0133
2015-02-27,中国汽研,sh601965,13.84001,13.65,13.74,13.78999,13.68,9.13182,74297,0.0,0.0,0.0,0.0138,0.0036
2015-03-02,中国汽研,sh601965,15.06,13.88,13.95,14.98,13.78999,9.91985,313114,0.0,0.0,0.0,0.0855,0.0738
2015-03-03,中国汽研,sh601965,15.25005,14.64,14.76,14.83999,14.98,9.82714,185718,0.0,0.0,0.0,0.0407,0.0054
2015-03-04,中国汽研,sh601965,15.19005,14.73,14.8,14.87,14.83999,9.84701,110177,0.0,0.0,0.0,0.031,0.0047
2015-03-05,中国汽研,sh601965,15.18,14.73,14.89999,15.13005,14.87,10.01922,103670,0.0,0.0,0.0,0.0302,0.0154
2015-03-06,中国汽研,sh601965,15.12,14.59001,15.01995,14.59999,15.13005,9.66821,88362,0.0,0.0,0.0,0.035,-0.0279
2015-03-09,中国汽研,sh601965,14.8,14.41001,14.5,14.75,14.59999,9.76754,72555,0.0,0.0,0.0,0.0267,0.0172
2015-03-10,中国汽研,sh601965,15.01995,14.62,14.7,14.95001,14.75,9.89999,87671,0.0,0.0,0.0,0.0271,0.017
2015-03-11,中国汽研,sh601965,14.98,14.65999,14.95001,14.83001,14.95001,9.82052,69838,0.0,0.0,0.0,0.0214,-0.008
2015-03-12,中国汽研,sh601965,14.99,14.52,14.85,14.68,14.83001,9.72119,78692,0.0,0.0,0.0,0.0316,-0.0114
2015-03-13,中国汽研,sh601965,14.79,14.29999,14.68,14.59999,14.68,9.66821,103927,0.0,0.0,0.0,0.0333,-0.0054
2015-03-16,中国汽研,sh601965,15.10005,14.62,14.62,15.04005,14.59999,9.95962,161382,0.0,0.0,0.0,0.0328,0.0287
2015-03-17,中国汽研,sh601965,15.22995,14.86,15.04995,15.07995,15.04005,9.98604,174454,0.0,0.0,0.0,0.0245,0.0019
2015-03-18,中国汽研,sh601965,16.24005,15.10005,15.10005,16.15005,15.07995,10.69467,226010,0.0,0.0,0.0,0.0755,0.0695
2015-03-19,中国汽研,sh601965,16.90005,16.06995,16.15005,16.30995,16.15005,10.80055,207497,0.0,0.0,0.0,0.0513,0.0099
2015-03-20,中国汽研,sh601965,16.53,15.9,16.53,16.29,16.30995,10.78734,182429,0.0,0.0,0.0,0.0386,-0.0145
2015-03-23,中国汽研,sh601965,16.60005,16.15005,16.2,16.51995,16.29,10.93962,145318,0.0,0.0,0.0,0.0276,0.0197
2015-03-24,中国汽研,sh601965,16.71,15.9,16.69995,16.35,16.51995,10.82707,173134,0.0,0.0,0.0,0.049,-0.0209
2015-03-25,中国汽研,sh601965,17.98995,16.15005,16.32,17.65995,16.35,11.69453,298846,0.0,0.0,0.0,0.1125,0.0821
2015-03-26,中国汽研,sh601965,18.52005,17.20005,17.4,17.71995,17.65995,11.73426,204614,0.0,0.0,0.0,0.0747,0.0183
2015-03-27,中国汽研,sh601965,17.85,17.50005,17.7,17.76,17.71995,11.76079,80500,0.0,0.0,0.0,0.0197,0.0033
2015-03-30,中国汽研,sh601965,17.95995,17.53005,17.79,17.91,17.76,11.86012,105933,0.0,0.0,0.0,0.0242,0.0067
2015-03-31,中国汽研,sh601965,18.45,17.50005,17.92005,17.64,17.91,11.68132,120029,0.0,0.0,0.0,0.053,-0.0156
2015-04-01,中国汽研,sh601965,18.88005,17.61,17.62005,18.69,17.64,12.37664,185617,0.0,0.0,0.0,0.0719,0.0607
2015-04-02,中国汽研,sh601965,19.75995,18.40995,18.69,19.56,18.69,12.95276,202333,0.0,0.0,0.0,0.0722,0.0465
2015-04-03,中国汽研,sh601965,20.29995,19.18005,19.30995,19.51005,19.56,12.91968,131375,0.0,0.0,0.0,0.0572,0.0103
2015-04-06,中国汽研,sh601965,19.51005,19.51005,19.51005,19.51005,19.51005,12.91968,0,0.0,0.0,0.0,0.0,0.0
2015-04-07,中国汽研,sh601965,20.22,19.42005,19.47,19.98,19.51005,13.23088,126947,0.0,0.0,0.0,0.041,0.0261
2015-04-08,中国汽研,sh601965,19.95,18.40005,19.95,18.9,19.98,12.5157,198972,0.0,0.0,0.0,0.0775,-0.0526
2015-04-09,中国汽研,sh601965,18.91995,17.71995,18.91005,18.40995,18.9,12.19119,123775,0.0,0.0,0.0,0.0634,-0.0264
2015-04-10,中国汽研,sh601965,19.05,18.19995,18.51,18.81,18.40995,12.4561,147795,0.0,0.0,0.0,0.0461,0.0162
2015-04-13,中国汽研,sh601965,19.15005,18.64995,18.85005,19.12995,18.81,12.66797,130108,0.0,0.0,0.0,0.0265,0.0148
2015-04-14,中国汽研,sh601965,19.2,18.49995,19.12995,18.82995,19.12995,12.46931,154572,0.0,0.0,0.0,0.0365,-0.0156
2015-04-15,中国汽研,sh601965,18.94995,18.07005,18.66,18.57,18.82995,12.29717,118515,0.0,0.0,0.0,0.0467,-0.0048
2015-04-16,中国汽研,sh601965,19.03005,18.10005,18.40005,18.79995,18.57,12.44945,87355,0.0,0.0,0.0,0.05,0.0217
2015-04-17,中国汽研,sh601965,19.05,18.45,18.85005,18.94005,18.79995,12.54222,136395,0.0,0.0,0.0,0.0319,0.0047
2015-04-20,中国汽研,sh601965,18.81,17.59995,18.81,17.74005,18.94005,11.74757,191336,0.0,0.0,0.0,0.0638,-0.0568
2015-04-21,中国汽研,sh601965,18.33,17.7,17.7,18.28005,17.74005,12.10517,115041,0.0,0.0,0.0,0.0355,0.0327
2015-04-22,中国汽研,sh601965,18.96,18.42,18.42,18.69,18.28005,12.37664,124686,0.0,0.0,0.0,0.0295,0.0146
2015-04-23,中国汽研,sh601965,18.85005,18.3,18.76995,18.48,18.69,12.23757,173459,0.0,0.0,0.0,0.0294,-0.0154
2015-04-24,中国汽研,sh601965,18.34005,17.85,18.33,18.21,18.48,12.05878,111789,0.0,0.0,0.0,0.0265,-0.0065
2015-04-27,中国汽研,sh601965,18.67005,18.22005,18.36,18.48,18.21,12.23757,176055,0.0,0.0,0.0,0.0247,0.0065
2015-04-28,中国汽研,sh601965,20.29995,19.41,19.44,19.87005,18.48,13.15807,488990,0.0,0.0,0.0,0.0481,0.0221
2015-04-29,中国汽研,sh601965,20.1,19.2,19.99995,19.69995,19.87005,13.04543,184713,0.0,0.0,0.0,0.0452,-0.015
2015-04-30,中国汽研,sh601965,19.84995,19.36995,19.68,19.48995,19.69995,12.90637,139542,0.0,0.0,0.0,0.0243,-0.0096
2015-05-01,中国汽研,sh601965,19.48995,19.48995,19.48995,19.48995,19.48995,12.90637,0,0.0,0.0,0.0,0.0,0.0
2015-05-04,中国汽研,sh601965,19.54005,19.05,19.45995,19.32,19.48995,12.79383,117088,0.0,0.0,0.0,0.0251,-0.0071
2015-05-05,中国汽研,sh601965,19.42005,18.10005,19.36995,18.18,19.32,12.03891,144422,0.0,0.0,0.0,0.0683,-0.0614
2015-05-06,中国汽研,sh601965,18.40005,17.32005,18.3,17.46,18.18,11.56212,128162,0.0,0.0,0.0,0.0594,-0.0459
2015-05-07,中国汽研,sh601965,17.50005,16.87995,17.47005,17.02005,17.46,11.27079,101875,0.0,0.0,0.0,0.0355,-0.0257
2015-05-08,中国汽研,sh601965,17.77005,17.23005,17.32995,17.68995,17.02005,11.7144,94642,0.0,0.0,0.0,0.0317,0.0207
2015-05-11,中国汽研,sh601965,18.37005,17.71995,17.88,18.36,17.68995,12.15811,103934,0.0,0.0,0.0,0.0367,0.0268
2015-05-12,中国汽研,sh601965,18.49995,17.94,18.45,18.31995,18.36,12.13159,108655,0.0,0.0,0.0,0.0304,-0.007
2015-05-13,中国汽研,sh601965,18.46005,18.01005,18.16005,18.27,18.31995,12.09851,83941,0.0,0.0,0.0,0.0245,0.006
2015-05-14,中国汽研,sh601965,18.40005,18.01995,18.40005,18.22005,18.27,12.06543,76734,0.0,0.0,0.0,0.0208,-0.0097
2015-05-15,中国汽研,sh601965,18.22995,17.7,18.22995,17.83005,18.22005,11.80717,77340,0.0,0.0,0.0,0.029,-0.0219
2015-05-18,中国汽研,sh601965,18.22995,17.50005,17.7,18.16995,17.83005,12.03226,88756,0.0,0.0,0.0,0.0409,0.0265
2015-05-19,中国汽研,sh601965,19.09995,18.10005,18.16995,19.00995,18.16995,12.58851,207669,0.0,0.0,0.0,0.055,0.0462
2015-05-20,中国汽研,sh601965,19.87005,19.05,19.06005,19.21995,19.00995,12.72757,243677,0.0,0.0,0.0,0.0431,0.0083
2015-05-21,中国汽研,sh601965,21.13995,19.09995,19.21995,21.13995,19.21995,13.99901,297920,0.0,0.0,0.0,0.1061,0.0998
2015-05-22,中国汽研,sh601965,22.5,21.15,21.79995,22.00995,21.13995,14.57513,290207,0.0,0.0,0.0,0.0638,0.0096
2015-05-25,中国汽研,sh601965,23.25,22.11,22.11,22.32,22.00995,14.78045,223640,0.0,0.0,0.0,0.0517,0.0094
2015-05-26,中国汽研,sh601965,23.29995,22.06995,22.39995,23.16,22.32,15.3367,270839,0.0,0.0,0.0,0.0551,0.0339
2015-05-27,中国汽研,sh601965,15.64,15.0,15.3333,15.4333,23.16,10.22003,198143,0.0,0.0,0.0,0.0276,0.0065
2015-05-28,中国汽研,sh601965,16.2533,14.8733,15.44,14.9467,15.4333,9.8978,275034,0.0,0.0,0.0,0.0894,-0.0319
2015-05-29,中国汽研,sh601965,15.48,14.1,15.03,15.1,14.9467,15.1,129318,0.0,0.0,0.0,0.0923,0.0046
2015-06-01,中国汽研,sh601965,16.61,14.8,15.1,16.3,15.1,16.3,333895,0.0,0.0,0.0,0.1198,0.0794
2015-06-02,中国汽研,sh601965,16.3,15.71,16.16,16.05,16.3,16.05,285369,0.0,0.0,0.0,0.0361,-0.0068
2015-06-03,中国汽研,sh601965,16.24,15.26,16.1,15.65,16.05,15.65,229681,0.0,0.0,0.0,0.061,-0.0279
2015-06-04,中国汽研,sh601965,15.5,14.35,15.4,15.23,15.65,15.23,242376,0.0,0.0,0.0,0.0734,-0.011
2015-06-05,中国汽研,sh601965,16.56,15.21,15.46,16.41,15.23,16.41,389576,0.0,0.0,0.0,0.0886,0.0614
2015-06-08,中国汽研,sh601965,16.74,15.95,16.44,16.17,16.41,16.17,322462,0.0,0.0,0.0,0.0481,-0.0164
2015-06-09,中国汽研,sh601965,16.0,15.45,16.0,15.67,16.17,15.67,193785,0.0,0.0,0.0,0.034,-0.0206
2015-06-10,中国汽研,sh601965,16.1,15.4,15.6,15.85,15.67,15.85,190145,0.0,0.0,0.0,0.0446,0.016
2015-06-11,中国汽研,sh601965,16.26,15.65,15.85,16.25,15.85,16.25,219050,0.0,0.0,0.0,0.0384,0.0252
2015-06-12,中国汽研,sh601965,17.24,16.0,16.3,17.11,16.25,17.11,345363,0.0,0.0,0.0,0.0763,0.0496
2015-06-15,中国汽研,sh601965,17.08,16.28,17.08,16.36,17.11,16.36,245774,0.0,0.0,0.0,0.0467,-0.0421
2015-06-16,中国汽研,sh601965,16.15,14.82,16.09,15.19,16.36,15.19,212625,0.0,0.0,0.0,0.0812,-0.0559
2015-06-17,中国汽研,sh601965,15.58,14.61,15.15,15.52,15.19,15.52,155613,0.0,0.0,0.0,0.0638,0.0244
2015-06-18,中国汽研,sh601965,15.72,14.88,15.4,14.96,15.52,14.96,126763,0.0,0.0,0.0,0.0541,-0.0285
2015-06-19,中国汽研,sh601965,14.85,13.46,14.62,13.46,14.96,13.46,147157,0.0,0.0,0.0,0.0929,-0.0793
2015-06-22,中国汽研,sh601965,13.46,13.46,13.46,13.46,13.46,13.46,0,0.0,0.0,0.0,0.0,0.0
2015-06-23,中国汽研,sh601965,14.43,13.01,13.46,14.03,13.46,14.03,216160,0.0,0.0,0.0,0.1054,0.0423
2015-06-24,中国汽研,sh601965,14.5,13.92,14.27,14.36,14.03,14.36,145934,0.0,0.0,0.0,0.0413,0.0063
2015-06-25,中国汽研,sh601965,14.88,13.7,14.5,14.01,14.36,14.01,151600,0.0,0.0,0.0,0.0821,-0.0337
2015-06-26,中国汽研,sh601965,13.79,12.61,13.61,12.66,14.01,12.66,188438,0.0,0.0,0.0,0.0842,-0.0698
2015-06-29,中国汽研,sh601965,13.26,11.39,13.03,12.0,12.66,12.0,234300,0.0,0.0,0.0,0.1477,-0.079
2015-06-30,中国汽研,sh601965,13.05,10.97,12.02,13.01,12.0,13.01,200407,0.0,0.0,0.0,0.1733,0.0823
2015-07-01,中国汽研,sh601965,13.4,11.99,12.8,12.19,13.01,12.19,183303,0.0,0.0,0.0,0.1083,-0.0476
2015-07-02,中国汽研,sh601965,12.46,11.0,12.45,11.04,12.19,11.04,164799,0.0,0.0,0.0,0.1197,-0.1132
2015-07-03,中国汽研,sh601965,11.3,9.94,10.83,9.94,11.04,9.94,181821,0.0,0.0,0.0,0.1231,-0.0821
2015-07-06,中国汽研,sh601965,10.93,9.09,10.93,10.0,9.94,10.0,203034,0.0,0.0,0.0,0.1851,-0.085
2015-07-07,中国汽研,sh601965,10.82,9.1,9.84,9.18,10.0,9.18,305478,0.0,0.0,0.0,0.172,-0.067
2015-07-08,中国汽研,sh601965,9.49,8.26,8.26,8.9,9.18,8.9,436504,0.0,0.0,0.0,0.1339,0.0774
2015-07-09,中国汽研,sh601965,9.79,8.91,8.91,9.79,8.9,9.79,262417,0.0,0.0,0.0,0.0988,0.0987
2015-07-10,中国汽研,sh601965,10.77,10.01,10.04,10.77,9.79,10.77,278160,0.0,0.0,0.0,0.0776,0.0727
2015-07-13,中国汽研,sh601965,11.85,10.99,11.2,11.85,10.77,11.85,291102,0.0,0.0,0.0,0.0798,0.058
2015-07-14,中国汽研,sh601965,12.23,11.21,11.75,11.32,11.85,11.32,286065,0.0,0.0,0.0,0.086,-0.0365
2015-07-15,中国汽研,sh601965,11.19,10.19,10.98,10.19,11.32,10.19,155360,0.0,0.0,0.0,0.0883,-0.0719
2015-07-16,中国汽研,sh601965,10.7,9.51,10.19,10.33,10.19,10.33,137444,0.0,0.0,0.0,0.1167,0.0137
2015-07-17,中国汽研,sh601965,11.14,10.41,10.43,11.06,10.33,11.06,127087,0.0,0.0,0.0,0.0706,0.0604
2015-07-20,中国汽研,sh601965,11.3,10.8,11.05,11.09,11.06,11.09,136112,0.0,0.0,0.0,0.0452,0.0036
2015-07-21,中国汽研,sh601965,11.69,10.8,10.9,11.62,11.09,11.62,154669,0.0,0.0,0.0,0.0802,0.066
2015-07-22,中国汽研,sh601965,12.06,11.27,11.95,11.6,11.62,11.6,217429,0.0,0.0,0.0,0.0679,-0.0292
2015-07-23,中国汽研,sh601965,11.9,11.45,11.59,11.87,11.6,11.87,181204,0.0,0.0,0.0,0.0387,0.0241
2015-07-24,中国汽研,sh601965,11.94,11.29,11.85,11.49,11.87,11.49,179383,0.0,0.0,0.0,0.0547,-0.0303
2015-07-27,中国汽研,sh601965,11.58,10.34,11.2,10.34,11.49,10.34,138933,0.0,0.0,0.0,0.1079,-0.0767
2015-07-28,中国汽研,sh601965,10.48,9.4,9.97,10.29,10.34,10.29,184538,0.0,0.0,0.0,0.1044,0.032
2015-07-29,中国汽研,sh601965,11.04,10.01,10.33,10.97,10.29,10.97,95149,0.0,0.0,0.0,0.1,0.0619
2015-07-30,中国汽研,sh601965,11.18,10.49,11.0,10.6,10.97,10.6,110449,0.0,0.0,0.0,0.0628,-0.0363
2015-07-31,中国汽研,sh601965,10.8,10.4,10.4,10.69,10.6,10.69,95796,0.0,0.0,0.0,0.0377,0.0278
2015-08-03,中国汽研,sh601965,11.32,10.36,10.6,11.27,10.69,11.27,181856,0.0,0.0,0.0,0.0898,0.0632
2015-08-04,中国汽研,sh601965,11.75,11.24,11.24,11.69,11.27,11.69,120844,0.0,0.0,0.0,0.0452,0.04
2015-08-05,中国汽研,sh601965,11.69,11.2,11.58,11.25,11.69,11.25,93055,0.0,0.0,0.0,0.0419,-0.0284
2015-08-06,中国汽研,sh601965,10.9,10.2,10.5,10.8,11.25,10.8,158978,0.0,0.0,0.0,0.0622,0.0285
2015-08-07,中国汽研,sh601965,11.18,10.58,10.8,11.16,10.8,11.16,145418,0.0,0.0,0.0,0.0555,0.0333
2015-08-10,中国汽研,sh601965,11.85,11.2,11.2,11.7,11.16,11.7,165518,0.0,0.0,0.0,0.0582,0.0446
2015-08-11,中国汽研,sh601965,12.02,11.45,11.6,11.99,11.7,11.99,208409,0.0,0.0,0.0,0.0487,0.0336
2015-08-12,中国汽研,sh601965,11.96,11.48,11.81,11.52,11.99,11.52,168001,0.0,0.0,0.0,0.04,-0.0245
2015-08-13,中国汽研,sh601965,11.88,11.46,11.52,11.87,11.52,11.87,121742,0.0,0.0,0.0,0.0364,0.0303
2015-08-14,中国汽研,sh601965,12.15,11.84,12.05,11.92,11.87,11.92,169784,0.0,0.0,0.0,0.0261,-0.0107
2015-08-17,中国汽研,sh601965,13.11,12.0,12.01,13.11,11.92,13.11,284413,0.0,0.0,0.0,0.0931,0.0915
2015-08-18,中国汽研,sh601965,14.0,11.85,13.7,11.95,13.11,11.95,462414,0.0,0.0,0.0,0.1639,-0.1277
2015-08-19,中国汽研,sh601965,12.69,10.8,11.3,12.51,11.95,12.51,258302,0.0,0.0,0.0,0.1581,0.107
2015-08-20,中国汽研,sh601965,12.34,11.55,12.25,11.57,12.51,11.57,151728,0.0,0.0,0.0,0.0631,-0.0555
2015-08-21,中国汽研,sh601965,11.75,10.41,11.25,10.42,11.57,10.42,205910,0.0,0.0,0.0,0.1158,-0.0737
2015-08-24,中国汽研,sh601965,10.02,9.38,9.8,9.38,10.42,9.38,165960,0.0,0.0,0.0,0.0614,-0.0428
2015-08-25,中国汽研,sh601965,8.97,8.44,8.54,8.44,9.38,8.44,235468,0.0,0.0,0.0,0.0565,-0.0117
2015-08-26,中国汽研,sh601965,8.93,8.02,8.45,8.15,8.44,8.15,166656,0.0,0.0,0.0,0.1078,-0.0355
2015-08-27,中国汽研,sh601965,8.6,8.06,8.4,8.59,8.15,8.59,134738,0.0,0.0,0.0,0.0662,0.0226
2015-08-28,中国汽研,sh601965,9.27,8.6,8.8,9.24,8.59,9.24,200751,0.0,0.0,0.0,0.0779,0.0499
2015-08-31,中国汽研,sh601965,9.1,8.55,9.09,8.56,9.24,8.56,143033,0.0,0.0,0.0,0.0595,-0.0583
2015-09-01,中国汽研,sh601965,8.47,7.72,8.47,7.78,8.56,7.78,135728,0.0,0.0,0.0,0.0876,-0.0814
2015-09-02,中国汽研,sh601965,8.07,7.21,7.26,7.97,7.78,7.97,200241,0.0,0.0,0.0,0.1105,0.0977
2015-09-03,中国汽研,sh601965,7.97,7.97,7.97,7.97,7.97,7.97,0,0.0,0.0,0.0,0.0,0.0
2015-09-04,中国汽研,sh601965,7.97,7.97,7.97,7.97,7.97,7.97,0,0.0,0.0,0.0,0.0,0.0
2015-09-07,中国汽研,sh601965,8.45,7.9,8.01,7.99,7.97,7.99,114157,0.0,0.0,0.0,0.069,-0.0024
2015-09-08,中国汽研,sh601965,8.34,7.66,7.95,8.28,7.99,8.28,97042,0.0,0.0,0.0,0.0851,0.0415
2015-09-09,中国汽研,sh601965,8.65,8.17,8.31,8.56,8.28,8.56,171818,0.0,0.0,0.0,0.0579,0.03
2015-09-10,中国汽研,sh601965,8.47,8.2,8.39,8.21,8.56,8.21,95414,0.0,0.0,0.0,0.0315,-0.0214
2015-09-11,中国汽研,sh601965,8.42,8.12,8.21,8.26,8.21,8.26,79044,0.0,0.0,0.0,0.0365,0.006
2015-09-14,中国汽研,sh601965,8.56,7.43,8.5,7.43,8.26,7.43,124692,0.0,0.0,0.0,0.1368,-0.1258
2015-09-15,中国汽研,sh601965,7.4,7.0,7.27,7.02,7.43,7.02,70823,0.0,0.0,0.0,0.0538,-0.0343
2015-09-16,中国汽研,sh601965,7.72,7.1,7.12,7.72,7.02,7.72,83368,0.0,0.0,0.0,0.0883,0.0842
2015-09-17,中国汽研,sh601965,7.9,7.48,7.67,7.5,7.72,7.5,97143,0.0,0.0,0.0,0.0544,-0.0221
2015-09-18,中国汽研,sh601965,7.65,7.4,7.59,7.52,7.5,7.52,56579,0.0,0.0,0.0,0.0333,-0.0092
2015-09-21,中国汽研,sh601965,7.8,7.41,7.48,7.79,7.52,7.79,69534,0.0,0.0,0.0,0.0518,0.0414
2015-09-22,中国汽研,sh601965,7.9,7.71,7.82,7.82,7.79,7.82,81734,0.0,0.0,0.0,0.0243,0.0
2015-09-23,中国汽研,sh601965,8.6,7.62,7.69,8.6,7.82,8.6,320275,0.0,0.0,0.0,0.1253,0.1183
2015-09-24,中国汽研,sh601965,9.1,8.39,8.9,8.65,8.6,8.65,304162,0.0,0.0,0.0,0.0825,-0.028
2015-09-25,中国汽研,sh601965,9.09,8.4,8.85,8.64,8.65,8.64,224830,0.0,0.0,0.0,0.0797,-0.0237
2015-09-28,中国汽研,sh601965,8.64,8.64,8.64,8.64,8.64,8.64,0,0.0,0.0,0.0,0.0,0.0
2015-09-29,中国汽研,sh601965,8.41,8.0,8.25,8.12,8.64,8.12,116902,0.0,0.0,0.0,0.0474,-0.0157
2015-09-30,中国汽研,sh601965,8.35,8.0,8.26,8.16,8.12,8.16,82390,0.0,0.0,0.0,0.0431,-0.0121
2015-10-01,中国汽研,sh601965,8.16,8.16,8.16,8.16,8.16,8.16,0,0.0,0.0,0.0,0.0,0.0
2015-10-02,中国汽研,sh601965,8.16,8.16,8.16,8.16,8.16,8.16,0,0.0,0.0,0.0,0.0,0.0
2015-10-05,中国汽研,sh601965,8.16,8.16,8.16,8.16,8.16,8.16,0,0.0,0.0,0.0,0.0,0.0
2015-10-06,中国汽研,sh601965,8.16,8.16,8.16,8.16,8.16,8.16,0,0.0,0.0,0.0,0.0,0.0
2015-10-07,中国汽研,sh601965,8.16,8.16,8.16,8.16,8.16,8.16,0,0.0,0.0,0.0,0.0,0.0
2015-10-08,中国汽研,sh601965,8.67,8.32,8.44,8.48,8.16,8.48,113497,0.0,0.0,0.0,0.0428,0.0047
2015-10-09,中国汽研,sh601965,8.65,8.36,8.42,8.58,8.48,8.58,105408,0.0,0.0,0.0,0.0341,0.019
2015-10-12,中国汽研,sh601965,9.08,8.58,8.58,8.95,8.58,8.95,219628,0.0,0.0,0.0,0.0582,0.0431
2015-10-13,中国汽研,sh601965,9.08,8.72,8.8,9.02,8.95,9.02,165246,0.0,0.0,0.0,0.0402,0.0249
2015-10-14,中国汽研,sh601965,9.02,8.63,8.9,8.64,9.02,8.64,121806,0.0,0.0,0.0,0.0432,-0.0292
2015-10-15,中国汽研,sh601965,9.06,8.58,8.58,8.98,8.64,8.98,179577,0.0,0.0,0.0,0.0555,0.0466
2015-10-16,中国汽研,sh601965,9.15,8.86,9.02,9.12,8.98,9.12,235119,0.0,0.0,0.0,0.0322,0.011
2015-10-19,中国汽研,sh601965,10.03,9.52,9.53,10.03,9.12,10.03,388168,0.0,0.0,0.0,0.0559,0.0524
2015-10-20,中国汽研,sh601965,10.38,9.78,10.23,10.04,10.03,10.04,412585,0.0,0.0,0.0,0.0598,-0.0185
2015-10-21,中国汽研,sh601965,10.03,9.04,10.03,9.04,10.04,9.04,297391,0.0,0.0,0.0,0.0986,-0.0987
2015-10-22,中国汽研,sh601965,9.45,8.95,9.01,9.39,9.04,9.39,206872,0.0,0.0,0.0,0.0553,0.0421
2015-10-23,中国汽研,sh601965,10.25,9.85,10.25,10.05,9.39,10.05,379263,0.0,0.0,0.0,0.0425,-0.0195
2015-10-26,中国汽研,sh601965,10.04,9.67,9.99,9.94,10.05,9.94,225432,0.0,0.0,0.0,0.0368,-0.005
2015-10-27,中国汽研,sh601965,9.96,9.39,9.82,9.89,9.94,9.89,180311,0.0,0.0,0.0,0.0573,0.0071
2015-10-28,中国汽研,sh601965,10.17,9.66,9.67,10.11,9.89,10.11,217491,0.0,0.0,0.0,0.0515,0.0455
2015-10-29,中国汽研,sh601965,10.14,9.85,10.07,10.0,10.11,10.0,184569,0.0,0.0,0.0,0.0286,-0.0069
2015-10-30,中国汽研,sh601965,10.01,9.66,10.0,9.73,10.0,9.73,126821,0.0,0.0,0.0,0.0349,-0.0269
2015-11-02,中国汽研,sh601965,9.69,9.23,9.45,9.25,9.73,9.25,127509,0.0,0.0,0.0,0.0472,-0.0211
2015-11-03,中国汽研,sh601965,9.37,8.99,9.3,9.09,9.25,9.09,97277,0.0,0.0,0.0,0.041,-0.0225
2015-11-04,中国汽研,sh601965,9.59,9.12,9.14,9.57,9.09,9.57,151668,0.0,0.0,0.0,0.0517,0.047
2015-11-05,中国汽研,sh601965,9.91,9.47,9.54,9.68,9.57,9.68,184419,0.0,0.0,0.0,0.0459,0.0146
2015-11-06,中国汽研,sh601965,9.85,9.65,9.7,9.8,9.68,9.8,143822,0.0,0.0,0.0,0.0206,0.0103
2015-11-09,中国汽研,sh601965,10.05,9.65,9.75,9.93,9.8,9.93,185779,0.0,0.0,0.0,0.0408,0.0184
2015-11-10,中国汽研,sh601965,9.95,9.72,9.95,9.87,9.93,9.87,151791,0.0,0.0,0.0,0.0231,-0.008
2015-11-11,中国汽研,sh601965,10.15,9.8,9.91,10.12,9.87,10.12,182643,0.0,0.0,0.0,0.0354,0.0211
2015-11-12,中国汽研,sh601965,10.14,9.79,10.14,9.91,10.12,9.91,155890,0.0,0.0,0.0,0.0345,-0.0226
2015-11-13,中国汽研,sh601965,10.5,9.72,9.8,10.24,9.91,10.24,310275,0.0,0.0,0.0,0.0787,0.0448
2015-11-16,中国汽研,sh601965,10.18,9.85,10.0,10.15,10.24,10.15,177480,0.0,0.0,0.0,0.0322,0.015
2015-11-17,中国汽研,sh601965,10.44,9.95,10.19,9.98,10.15,9.98,165229,0.0,0.0,0.0,0.0482,-0.0206
2015-11-18,中国汽研,sh601965,10.05,9.7,10.01,9.73,9.98,9.73,109977,0.0,0.0,0.0,0.035,-0.0279
2015-11-19,中国汽研,sh601965,9.92,9.65,9.74,9.89,9.73,9.89,81438,0.0,0.0,0.0,0.0277,0.0154
2015-11-20,中国汽研,sh601965,10.06,9.82,9.9,9.91,9.89,9.91,106933,0.0,0.0,0.0,0.0242,0.001
2015-11-23,中国汽研,sh601965,9.97,9.77,9.92,9.84,9.91,9.84,93460,0.0,0.0,0.0,0.0201,-0.008
2015-11-24,中国汽研,sh601965,10.09,9.82,9.86,10.04,9.84,10.04,91307,0.0,0.0,0.0,0.0274,0.0182
2015-11-25,中国汽研,sh601965,10.11,9.94,10.02,10.1,10.04,10.1,121465,0.0,0.0,0.0,0.0169,0.0079
2015-11-26,中国汽研,sh601965,10.23,9.97,10.14,10.01,10.1,10.01,114976,0.0,0.0,0.0,0.0257,-0.0128
2015-11-27,中国汽研,sh601965,10.07,9.01,9.93,9.11,10.01,9.11,134854,0.0,0.0,0.0,0.1058,-0.0825
2015-11-30,中国汽研,sh601965,9.27,8.4,9.11,9.02,9.11,9.02,98452,0.0,0.0,0.0,0.0954,-0.0098
2015-12-01,中国汽研,sh601965,9.12,8.82,8.96,9.03,9.02,9.03,68869,0.0,0.0,0.0,0.0332,0.0078
2015-12-02,中国汽研,sh601965,9.07,8.63,9.01,9.01,9.03,9.01,98308,0.0,0.0,0.0,0.0487,0.0
2015-12-03,中国汽研,sh601965,9.21,8.89,8.89,9.18,9.01,9.18,69148,0.0,0.0,0.0,0.0355,0.0326
2015-12-04,中国汽研,sh601965,9.2,8.96,9.18,9.1,9.18,9.1,79343,0.0,0.0,0.0,0.0261,-0.0087
2015-12-07,中国汽研,sh601965,9.15,9.0,9.0,9.1,9.1,9.1,77722,0.0,0.0,0.0,0.0164,0.0111
2015-12-08,中国汽研,sh601965,9.09,8.86,9.05,8.93,9.1,8.93,81254,0.0,0.0,0.0,0.0252,-0.0132
2015-12-09,中国汽研,sh601965,9.03,8.9,8.98,8.95,8.93,8.95,47912,0.0,0.0,0.0,0.0145,-0.0033
2015-12-10,中国汽研,sh601965,9.04,8.86,8.95,8.87,8.95,8.87,45167,0.0,0.0,0.0,0.0201,-0.0089
2015-12-11,中国汽研,sh601965,8.95,8.63,8.9,8.7,8.87,8.7,49289,0.0,0.0,0.0,0.036,-0.0224
2015-12-14,中国汽研,sh601965,8.95,8.6,8.63,8.94,8.7,8.94,45489,0.0,0.0,0.0,0.0402,0.0359
2015-12-15,中国汽研,sh601965,9.0,8.81,8.98,8.91,8.94,8.91,58199,0.0,0.0,0.0,0.0212,-0.0077
2015-12-16,中国汽研,sh601965,9.0,8.9,8.91,8.93,8.91,8.93,44590,0.0,0.0,0.0,0.0112,0.0022
2015-12-17,中国汽研,sh601965,9.46,9.0,9.0,9.31,8.93,9.31,104016,0.0,0.0,0.0,0.0515,0.0344
2015-12-18,中国汽研,sh601965,9.33,9.17,9.28,9.28,9.31,9.28,61297,0.0,0.0,0.0,0.0171,0.0
2015-12-21,中国汽研,sh601965,9.58,9.18,9.28,9.44,9.28,9.44,78902,0.0,0.0,0.0,0.0431,0.0172
2015-12-22,中国汽研,sh601965,9.66,9.32,9.5,9.46,9.44,9.46,58238,0.0,0.0,0.0,0.036,-0.0042
2015-12-23,中国汽研,sh601965,9.5,9.2,9.46,9.24,9.46,9.24,73471,0.0,0.0,0.0,0.0317,-0.0232
2015-12-24,中国汽研,sh601965,9.43,9.2,9.26,9.31,9.24,9.31,63663,0.0,0.0,0.0,0.0248,0.0053
2015-12-25,中国汽研,sh601965,9.41,9.25,9.4,9.4,9.31,9.4,45356,0.0,0.0,0.0,0.0171,0.0
2015-12-28,中国汽研,sh601965,9.58,9.3,9.41,9.33,9.4,9.33,74156,0.0,0.0,0.0,0.0297,-0.0085
2015-12-29,中国汽研,sh601965,9.54,9.25,9.25,9.5,9.33,9.5,47081,0.0,0.0,0.0,0.031,0.027
2015-12-30,中国汽研,sh601965,9.76,9.49,9.54,9.65,9.5,9.65,90484,0.0,0.0,0.0,0.0284,0.0115
2015-12-31,中国汽研,sh601965,9.71,9.35,9.64,9.39,9.65,9.39,53628,0.0,0.0,0.0,0.0373,-0.0259
2016-01-01,中国汽研,sh601965,9.71,9.35,9.64,9.39,9.39,9.39,53628,0.0,0.0,0.0,0.0383,-0.0259
2016-01-04,中国汽研,sh601965,9.6,8.48,9.39,8.51,9.39,8.51,64518,0.0,0.0,0.0,0.1192,-0.0937
2016-01-05,中国汽研,sh601965,8.79,8.22,8.4,8.65,8.51,8.65,72280,0.0,0.0,0.0,0.0669,0.0297
2016-01-06,中国汽研,sh601965,8.79,8.6,8.65,8.77,8.65,8.77,60005,0.0,0.0,0.0,0.0219,0.0138
2016-01-07,中国汽研,sh601965,8.71,7.89,8.7,7.9,8.77,7.9,17399,0.0,0.0,0.0,0.0935,-0.0919
2016-01-08,中国汽研,sh601965,8.29,7.66,8.15,8.15,7.9,8.15,79136,0.0,0.0,0.0,0.0797,0.0
2016-01-11,中国汽研,sh601965,8.14,7.5,8.08,7.57,8.15,7.57,55833,0.0,0.0,0.0,0.0785,-0.0631
2016-01-12,中国汽研,sh601965,7.8,7.52,7.61,7.66,7.57,7.66,40939,0.0,0.0,0.0,0.0369,0.0065
2016-01-13,中国汽研,sh601965,7.77,7.31,7.71,7.39,7.66,7.39,34088,0.0,0.0,0.0,0.06,-0.0415
2016-01-14,中国汽研,sh601965,7.79,7.21,7.33,7.72,7.39,7.72,49524,0.0,0.0,0.0,0.0784,0.0532
2016-01-15,中国汽研,sh601965,7.85,7.5,7.71,7.55,7.72,7.55,41608,0.0,0.0,0.0,0.0453,-0.0207
2016-01-18,中国汽研,sh601965,7.73,7.34,7.45,7.62,7.55,7.62,35331,0.0,0.0,0.0,0.0516,0.0228
2016-01-19,中国汽研,sh601965,7.87,7.55,7.62,7.84,7.62,7.84,44721,0.0,0.0,0.0,0.0419,0.0288
2016-01-20,中国汽研,sh601965,7.88,7.63,7.8,7.68,7.84,7.68,42742,0.0,0.0,0.0,0.0318,-0.0153
2016-01-21,中国汽研,sh601965,7.77,7.38,7.58,7.39,7.68,7.39,49873,0.0,0.0,0.0,0.0507,-0.025
2016-01-22,中国汽研,sh601965,7.55,7.25,7.45,7.52,7.39,7.52,31171,0.0,0.0,0.0,0.0405,0.0093
2016-01-25,中国汽研,sh601965,7.79,7.55,7.6,7.63,7.52,7.63,28840,0.0,0.0,0.0,0.0319,0.0039
2016-01-26,中国汽研,sh601965,7.81,7.14,7.52,7.21,7.63,7.21,77492,0.0,0.0,0.0,0.0878,-0.0412
2016-01-27,中国汽研,sh601965,7.26,6.72,7.26,6.97,7.21,6.97,71801,0.0,0.0,0.0,0.0748,-0.0399
2016-01-28,中国汽研,sh601965,7.05,6.5,6.93,6.53,6.97,6.53,54080,0.0,0.0,0.0,0.0789,-0.0577
2016-01-29,中国汽研,sh601965,6.82,6.45,6.53,6.69,6.53,6.69,53951,0.0,0.0,0.0,0.0566,0.0245
2016-02-01,中国汽研,sh601965,7.36,6.71,6.83,7.36,6.69,7.36,187814,0.0,0.0,0.0,0.0971,0.0775
2016-02-02,中国汽研,sh601965,7.66,7.33,7.45,7.62,7.36,7.62,237164,0.0,0.0,0.0,0.0448,0.0228
2016-02-03,中国汽研,sh601965,7.45,7.13,7.31,7.41,7.62,7.41,147123,0.0,0.0,0.0,0.0419,0.0136
2016-02-04,中国汽研,sh601965,7.62,7.29,7.38,7.52,7.41,7.52,128974,0.0,0.0,0.0,0.0445,0.0189
2016-02-05,中国汽研,sh601965,8.07,7.36,7.41,7.9,7.52,7.9,167606,0.0,0.0,0.0,0.0944,0.0661
2016-02-08,中国汽研,sh601965,8.07,7.36,7.41,7.9,7.9,7.9,167606,0.0,0.0,0.0,0.0898,0.0661
2016-02-09,中国汽研,sh601965,8.07,7.36,7.41,7.9,7.9,7.9,167606,0.0,0.0,0.0,0.0898,0.0661
2016-02-10,中国汽研,sh601965,8.07,7.36,7.41,7.9,7.9,7.9,167606,0.0,0.0,0.0,0.0898,0.0661
2016-02-11,中国汽研,sh601965,8.07,7.36,7.41,7.9,7.9,7.9,167606,0.0,0.0,0.0,0.0898,0.0661
2016-02-12,中国汽研,sh601965,8.07,7.36,7.41,7.9,7.9,7.9,167606,0.0,0.0,0.0,0.0898,0.0661
2016-02-15,中国汽研,sh601965,8.3,7.4,7.6,8.01,7.9,8.01,157442,0.0,0.0,0.0,0.1139,0.0539
2016-02-16,中国汽研,sh601965,8.72,7.9,8.01,8.5,8.01,8.5,200139,0.0,0.0,0.0,0.1023,0.0611
2016-02-17,中国汽研,sh601965,8.49,8.2,8.4,8.41,8.5,8.41,123751,0.0,0.0,0.0,0.0341,0.0011
2016-02-18,中国汽研,sh601965,8.43,8.18,8.4,8.23,8.41,8.23,81586,0.0,0.0,0.0,0.0297,-0.0202
2016-02-19,中国汽研,sh601965,8.59,8.12,8.17,8.26,8.23,8.26,96939,0.0,0.0,0.0,0.0571,0.011
2016-02-22,中国汽研,sh601965,8.39,8.22,8.31,8.31,8.26,8.31,97730,0.0,0.0,0.0,0.0205,0.0
2016-02-23,中国汽研,sh601965,8.34,7.93,8.31,8.1,8.31,8.1,119482,0.0,0.0,0.0,0.0493,-0.0252
2016-02-24,中国汽研,sh601965,8.5,8.01,8.06,8.46,8.1,8.46,136227,0.0,0.0,0.0,0.0604,0.0496
2016-02-25,中国汽研,sh601965,8.46,7.61,8.46,7.65,8.46,7.65,144159,0.0,0.0,0.0,0.1004,-0.0957
2016-02-26,中国汽研,sh601965,7.87,7.5,7.71,7.69,7.65,7.69,80658,0.0,0.0,0.0,0.0483,-0.0025
2016-02-29,中国汽研,sh601965,7.66,6.95,7.62,7.14,7.69,7.14,78742,0.0,0.0,0.0,0.0923,-0.0629
2016-03-01,中国汽研,sh601965,7.48,7.0,7.1,7.38,7.14,7.38,75573,0.0,0.0,0.0,0.0672,0.0394
2016-03-02,中国汽研,sh601965,8.0,7.31,7.31,7.97,7.38,7.97,120284,0.0,0.0,0.0,0.0934,0.0902
2016-03-03,中国汽研,sh601965,8.09,7.83,7.96,7.94,7.97,7.94,107061,0.0,0.0,0.0,0.0326,-0.0025
2016-03-04,中国汽研,sh601965,8.08,7.53,7.87,7.64,7.94,7.64,99111,0.0,0.0,0.0,0.0692,-0.0292
2016-03-07,中国汽研,sh601965,7.98,7.65,7.7,7.74,7.64,7.74,83555,0.0,0.0,0.0,0.0431,0.0051
2016-03-08,中国汽研,sh601965,7.77,7.3,7.71,7.7,7.74,7.7,70808,0.0,0.0,0.0,0.0607,-0.0012
2016-03-09,中国汽研,sh601965,7.59,7.18,7.5,7.39,7.7,7.39,58507,0.0,0.0,0.0,0.0532,-0.0146
2016-03-10,中国汽研,sh601965,7.5,7.12,7.44,7.16,7.39,7.16,92483,0.0,0.0,0.0,0.0514,-0.0376
2016-03-11,中国汽研,sh601965,7.5,6.97,7.14,7.31,7.16,7.31,75417,0.0,0.0,0.0,0.074,0.0238
2016-03-14,中国汽研,sh601965,7.67,7.25,7.33,7.55,7.31,7.55,109351,0.0,0.0,0.0,0.0574,0.03
2016-03-15,中国汽研,sh601965,7.54,7.33,7.54,7.4,7.55,7.4,57627,0.0,0.0,0.0,0.0278,-0.0185
2016-03-16,中国汽研,sh601965,7.49,7.27,7.41,7.3,7.4,7.3,45186,0.0,0.0,0.0,0.0297,-0.0148
2016-03-17,中国汽研,sh601965,7.57,7.27,7.35,7.55,7.3,7.55,96746,0.0,0.0,0.0,0.041,0.0272
2016-03-18,中国汽研,sh601965,8.31,7.51,7.57,8.31,7.55,8.31,162210,0.0,0.0,0.0,0.1059,0.0977
2016-03-21,中国汽研,sh601965,9.14,8.68,8.9,9.0,8.31,9.0,529103,0.0,0.0,0.0,0.0553,0.0112
2016-03-22,中国汽研,sh601965,8.88,8.7,8.87,8.77,9.0,8.77,223384,0.0,0.0,0.0,0.02,-0.0112
2016-03-23,中国汽研,sh601965,9.07,8.58,8.58,8.91,8.77,8.91,285238,0.0,0.0,0.0,0.0558,0.0384
2016-03-24,中国汽研,sh601965,9.8,8.61,8.71,9.45,8.91,9.45,519689,0.0,0.0,0.0,0.1335,0.0849
2016-03-25,中国汽研,sh601965,9.46,8.92,9.26,9.13,9.45,9.13,292507,0.0,0.0,0.0,0.0571,-0.014
