2016-03-25
2014-09-30,节能风电,sh601016,3.43,3.43,3.43,3.43,3.12,3.43,182200,0.001025,0.0,0.0,0.0,0.0
2014-10-08,节能风电,sh601016,3.77,3.77,3.77,3.77,3.43,3.7699988,142200,8.0E-4,0.0,0.0,0.0,0.0
2014-10-09,节能风电,sh601016,4.15,4.15,4.15,4.15,3.77,4.1499996,203149,0.001143,0.0,0.0,0.0,0.0
2014-10-10,节能风电,sh601016,4.57,4.57,4.57,4.57,4.15,4.57,622300,0.0035,0.0,0.0,0.0,0.0
2014-10-13,节能风电,sh601016,5.03,5.03,5.03,5.03,4.57,5.0299983,1068920,0.006013,0.0,0.0,0.0,0.0
2014-10-14,节能风电,sh601016,5.53,5.53,5.53,5.53,5.03,5.53,1291380,0.007264,0.0,0.0,0.0,0.0
2014-10-15,节能风电,sh601016,6.08,6.08,6.08,6.08,5.53,6.0800033,1222961,0.006879,0.0,0.0,0.0,0.0
2014-10-16,节能风电,sh601016,6.69,6.69,6.69,6.69,6.08,6.690004,1904350,0.010712,0.0,0.0,0.0,0.0
2014-10-17,节能风电,sh601016,7.36,7.36,7.36,7.36,6.69,7.3600006,6072032,0.034155,0.0,0.0,0.0,0.0
2014-10-20,节能风电,sh601016,8.1,7.6,7.95,8.1,7.36,8.0999975,94484976,0.531471,0.0,0.0,0.0679,0.0188
2014-10-21,节能风电,sh601016,8.88,7.82,8.07,8.71,8.1,8.71,118473985,0.666408,0.0,0.0,0.1308,0.0793
2014-10-22,节能风电,sh601016,8.79,8.29,8.32,8.52,8.71,8.52,66894743,0.376278,0.0,0.0,0.0574,0.024
2014-10-23,节能风电,sh601016,9.27,8.37,8.41,8.82,8.52,8.819998,74465572,0.418864,0.0,0.0,0.1056,0.0487
2014-10-24,节能风电,sh601016,8.87,8.42,8.65,8.57,8.82,8.569995,45345455,0.255065,0.0,0.0,0.051,-0.0092
2014-10-27,节能风电,sh601016,8.56,7.83,8.56,8.01,8.57,8.009997,34402210,0.19351,0.0,0.0,0.0851,-0.0642
2014-10-28,节能风电,sh601016,8.36,8.02,8.02,8.19,8.01,8.189998,31177849,0.175373,0.0,0.0,0.0424,0.0211
2014-10-29,节能风电,sh601016,9.01,8.2,8.29,9.01,8.19,9.009997,51197294,0.287981,0.0,0.0,0.0989,0.0868
2014-10-30,节能风电,sh601016,9.35,8.8,9.01,8.9,9.01,8.899994,70230507,0.395042,0.0,0.0,0.061,-0.0122
2014-10-31,节能风电,sh601016,9.14,8.6,8.66,8.93,8.9,8.929996,40677406,0.228808,0.0,0.0,0.0606,0.0311
2014-11-03,节能风电,sh601016,9.18,8.71,8.89,8.98,8.93,8.979995,36953733,0.207862,0.0,0.0,0.0526,0.0101
2014-11-04,节能风电,sh601016,8.98,8.68,8.98,8.73,8.98,8.729992,32349455,0.181963,0.0,0.0,0.0334,-0.0278
2014-11-05,节能风电,sh601016,9.59,8.51,8.77,9.09,8.73,9.089991,57465618,0.32324,0.0,0.0,0.1237,0.0364
2014-11-06,节能风电,sh601016,10.0,8.87,8.9,10.0,9.09,9.9999895,67459848,0.379457,0.0,0.0,0.1243,0.1235
2014-11-07,节能风电,sh601016,11.0,10.59,10.59,11.0,10.0,10.999989,26168804,0.147198,0.0,0.0,0.041,0.0387
2014-11-10,节能风电,sh601016,12.1,11.51,12.1,12.1,11.0,12.099987,78924095,0.443942,0.0,0.0,0.0536,0.0
2014-11-11,节能风电,sh601016,13.31,12.55,12.7,13.31,12.1,13.309986,56988883,0.320558,0.0,0.0,0.0628,0.048
2014-11-12,节能风电,sh601016,14.56,11.98,13.75,13.75,13.31,13.749988,101741741,0.57229,0.0,0.0,0.1938,0.0
2014-11-13,节能风电,sh601016,14.1,12.5,12.85,12.82,13.75,12.819993,64543405,0.363052,0.0,0.0,0.1163,-0.0023
2014-11-14,节能风电,sh601016,12.52,11.54,12.29,11.56,12.82,11.559993,48750389,0.274218,0.0,0.0,0.0764,-0.0593
2014-11-17,节能风电,sh601016,12.3,10.89,11.39,11.99,11.56,11.98999,38834996,0.218444,0.0,0.0,0.1219,0.0526
2014-11-18,节能风电,sh601016,11.9,11.41,11.9,11.77,11.99,11.769986,23563550,0.132543,0.0,0.0,0.0408,-0.0109
2014-11-19,节能风电,sh601016,11.88,11.39,11.63,11.62,11.77,11.619989,21246278,0.119509,0.0,0.0,0.0416,-8.0E-4
2014-11-20,节能风电,sh601016,12.67,11.38,11.38,12.43,11.62,12.429983,42771771,0.240588,0.0,0.0,0.111,0.0922
2014-11-21,节能风电,sh601016,13.6,12.09,12.2,13.14,12.43,13.139984,52538988,0.295528,0.0,0.0,0.1214,0.077
2014-11-24,节能风电,sh601016,13.75,12.99,13.13,13.25,13.14,13.249979,47566690,0.267559,0.0,0.0,0.0578,0.0091
2014-11-25,节能风电,sh601016,13.18,12.65,12.87,12.95,13.25,12.949973,32404021,0.18227,0.0,0.0,0.0399,0.0062
2014-11-26,节能风电,sh601016,13.6,12.72,12.88,13.31,12.95,13.309969,37546196,0.211195,0.0,0.0,0.0679,0.0333
2014-11-27,节能风电,sh601016,13.42,12.87,13.27,13.06,13.31,13.059968,26615192,0.149709,0.0,0.0,0.0413,-0.0158
2014-11-28,节能风电,sh601016,13.14,12.7,13.06,12.98,13.06,12.979962,22732186,0.127867,0.0,0.0,0.0336,-0.0061
2014-12-01,节能风电,sh601016,13.1,12.67,12.81,12.85,12.98,12.849969,17488198,0.09837,0.0,0.0,0.0331,0.0031
2014-12-02,节能风电,sh601016,13.85,12.61,12.7,13.44,12.85,13.439962,49395131,0.277844,0.0,0.0,0.0964,0.0582
2014-12-03,节能风电,sh601016,13.55,12.9,13.35,13.17,13.44,13.169967,30891638,0.173763,0.0,0.0,0.0483,-0.0134
2014-12-04,节能风电,sh601016,13.1,12.91,13.0,13.03,13.17,13.02997,22178535,0.124753,0.0,0.0,0.0144,0.0023
2014-12-05,节能风电,sh601016,12.99,12.13,12.92,12.4,13.03,12.399971,24323094,0.136816,0.0,0.0,0.066,-0.0402
2014-12-08,节能风电,sh601016,12.64,11.68,12.32,12.32,12.4,12.319966,24737763,0.139148,0.0,0.0,0.0774,0.0
2014-12-09,节能风电,sh601016,12.2,11.47,12.2,11.48,12.32,11.479966,21367051,0.120188,0.0,0.0,0.0592,-0.059
2014-12-10,节能风电,sh601016,11.83,11.13,11.22,11.72,11.48,11.719966,10942258,0.061549,0.0,0.0,0.0609,0.0445
2014-12-11,节能风电,sh601016,12.47,11.72,11.9,12.37,11.72,12.369967,20011442,0.112563,0.0,0.0,0.0639,0.0394
2014-12-12,节能风电,sh601016,12.35,12.01,12.21,12.14,12.37,12.139973,11195942,0.062976,0.0,0.0,0.0274,-0.0057
2014-12-15,节能风电,sh601016,12.11,11.81,12.11,11.99,12.14,11.989971,9826586,0.055274,0.0,0.0,0.0247,-0.0099
2014-12-16,节能风电,sh601016,12.11,11.86,11.89,12.0,11.99,11.99997,8686887,0.048863,0.0,0.0,0.0208,0.0092
2014-12-17,节能风电,sh601016,11.99,11.58,11.99,11.69,12.0,11.689976,11084771,0.062351,0.0,0.0,0.0341,-0.025
2014-12-18,节能风电,sh601016,11.91,11.46,11.6,11.57,11.69,11.569978,7798772,0.043868,0.0,0.0,0.0384,-0.0025
2014-12-19,节能风电,sh601016,11.54,11.01,11.54,11.11,11.57,11.109979,11964828,0.067301,0.0,0.0,0.0458,-0.0372
2014-12-22,节能风电,sh601016,11.05,10.0,11.05,10.19,11.11,10.189983,12303743,0.069208,0.0,0.0,0.0945,-0.0778
2014-12-23,节能风电,sh601016,10.68,9.68,10.13,10.3,10.19,10.299985,8364331,0.047049,0.0,0.0,0.0981,0.0167
2014-12-24,节能风电,sh601016,10.68,10.26,10.31,10.64,10.3,10.639987,7224069,0.040635,0.0,0.0,0.0407,0.032
2014-12-25,节能风电,sh601016,10.8,10.43,10.72,10.62,10.64,10.619984,6831007,0.038424,0.0,0.0,0.0347,-0.0093
2014-12-26,节能风电,sh601016,10.64,10.45,10.62,10.62,10.62,10.619984,6677478,0.03756,0.0,0.0,0.0178,0.0
2014-12-29,节能风电,sh601016,11.51,10.52,11.35,10.59,10.62,10.589982,10112547,0.056882,0.0,0.0,0.0932,-0.0669
2014-12-30,节能风电,sh601016,10.58,10.18,10.49,10.19,10.59,10.189988,5017889,0.028225,0.0,0.0,0.0377,-0.0285
2014-12-31,节能风电,sh601016,10.34,10.0,10.19,10.25,10.19,10.249987,4336576,0.024393,0.0,0.0,0.0333,0.0058
2015-01-01,节能风电,sh601016,10.25,10.25,10.25,10.25,10.25,10.23,0,0.0,0.0,0.0,0.0,0.0
2015-01-02,节能风电,sh601016,10.25,10.25,10.25,10.25,10.25,10.23,0,0.0,0.0,0.0,0.0,0.0
2015-01-05,节能风电,sh601016,10.79,10.1,10.25,10.62,10.25,10.6,81525,0.045857,0.0,0.0,0.0673,0.036
2015-01-06,节能风电,sh601016,10.75,10.31,10.59,10.69,10.62,10.67,97706,0.054959,0.0,0.0,0.0414,0.0094
2015-01-07,节能风电,sh601016,10.7,10.49,10.55,10.6,10.69,10.58,70768,0.039807,0.0,0.0,0.0196,0.0047
2015-01-08,节能风电,sh601016,11.66,10.43,10.55,11.66,10.6,11.64,382650,0.215238,0.0,0.0,0.116,0.1052
2015-01-09,节能风电,sh601016,11.8,11.11,11.75,11.29,11.66,11.27,350758,0.197299,0.0,0.0,0.0591,-0.0391
2015-01-12,节能风电,sh601016,10.83,10.19,10.83,10.42,11.29,10.4,158515,0.089164,0.0,0.0,0.0566,-0.0378
2015-01-13,节能风电,sh601016,10.53,10.2,10.34,10.35,10.42,10.33,79750,0.044859,0.0,0.0,0.0316,9.0E-4
2015-01-14,节能风电,sh601016,10.45,10.23,10.29,10.29,10.35,10.27,57601,0.032401,0.0,0.0,0.0212,0.0
2015-01-15,节能风电,sh601016,10.38,10.18,10.28,10.33,10.29,10.31,60388,0.033968,0.0,0.0,0.0194,0.0048
2015-01-16,节能风电,sh601016,10.63,10.3,10.32,10.51,10.33,10.49,81244,0.045699,0.0,0.0,0.0319,0.0184
2015-01-19,节能风电,sh601016,10.99,10.02,10.4,10.5,10.51,10.48,123975,0.069735,0.0,0.0,0.0922,0.0096
2015-01-20,节能风电,sh601016,11.25,10.41,10.46,10.98,10.5,10.96,152513,0.085788,0.0,0.0,0.0799,0.0497
2015-01-21,节能风电,sh601016,11.25,10.89,10.98,11.09,10.98,11.07,153288,0.086224,0.0,0.0,0.0327,0.01
2015-01-22,节能风电,sh601016,11.11,10.91,11.11,11.08,11.09,11.06,99128,0.055759,0.0,0.0,0.018,-0.0027
2015-01-23,节能风电,sh601016,11.08,10.87,11.06,10.9,11.08,10.88,83046,0.046713,0.0,0.0,0.0189,-0.0144
2015-01-26,节能风电,sh601016,11.07,10.9,10.95,10.99,10.9,10.97,61094,0.034365,0.0,0.0,0.0155,0.0036
2015-01-27,节能风电,sh601016,11.11,10.8,11.05,10.88,10.99,10.86,73996,0.041622,0.0,0.0,0.0282,-0.0153
2015-01-28,节能风电,sh601016,10.88,10.74,10.88,10.79,10.88,10.77,47420,0.026674,0.0,0.0,0.0128,-0.0082
2015-01-29,节能风电,sh601016,10.79,10.61,10.74,10.62,10.79,10.6,45158,0.025401,0.0,0.0,0.0166,-0.0111
2015-01-30,节能风电,sh601016,10.7,10.45,10.59,10.46,10.62,10.44,43760,0.024615,0.0,0.0,0.0235,-0.0122
2015-02-02,节能风电,sh601016,10.43,10.25,10.38,10.34,10.46,10.32,33466,0.018825,0.0,0.0,0.0172,-0.0038
2015-02-03,节能风电,sh601016,10.54,10.37,10.38,10.54,10.34,10.52,29273,0.016466,0.0,0.0,0.0164,0.0154
2015-02-04,节能风电,sh601016,10.62,10.37,10.55,10.39,10.54,10.37,31746,0.017857,0.0,0.0,0.0237,-0.0151
2015-02-05,节能风电,sh601016,10.51,10.3,10.5,10.31,10.39,10.29,33971,0.019109,0.0,0.0,0.0202,-0.018
2015-02-06,节能风电,sh601016,10.3,10.1,10.3,10.12,10.31,10.1,39721,0.022343,0.0,0.0,0.0193,-0.0174
2015-02-09,节能风电,sh601016,10.12,10.02,10.11,10.03,10.12,10.01,25959,0.014602,0.0,0.0,0.0098,-0.0079
2015-02-10,节能风电,sh601016,10.11,9.98,9.98,10.08,10.03,10.06,29061,0.016347,0.0,0.0,0.0129,0.01
2015-02-11,节能风电,sh601016,10.15,10.02,10.08,10.06,10.08,10.04,24084,0.013547,0.0,0.0,0.0128,-0.0019
2015-02-12,节能风电,sh601016,10.8,10.05,10.09,10.66,10.06,10.64,101484,0.057084,0.0,0.0,0.0745,0.0564
2015-02-13,节能风电,sh601016,10.74,10.45,10.65,10.54,10.66,10.52,72246,0.040638,0.0,0.0,0.0272,-0.0103
2015-02-16,节能风电,sh601016,10.57,10.42,10.54,10.53,10.54,10.51,39614,0.022283,0.0,0.0,0.0142,-9.0E-4
2015-02-17,节能风电,sh601016,10.61,10.49,10.5,10.55,10.53,10.53,33621,0.018912,0.0,0.0,0.0113,0.0047
2015-02-18,节能风电,sh601016,10.55,10.55,10.55,10.55,10.55,10.53,0,0.0,0.0,0.0,0.0,0.0
2015-02-19,节能风电,sh601016,10.55,10.55,10.55,10.55,10.55,10.53,0,0.0,0.0,0.0,0.0,0.0
2015-02-20,节能风电,sh601016,10.55,10.55,10.55,10.55,10.55,10.53,0,0.0,0.0,0.0,0.0,0.0
2015-02-23,节能风电,sh601016,10.55,10.55,10.55,10.55,10.55,10.53,0,0.0,0.0,0.0,0.0,0.0
2015-02-24,节能风电,sh601016,10.55,10.55,10.55,10.55,10.55,10.53,0,0.0,0.0,0.0,0.0,0.0
2015-02-25,节能风电,sh601016,10.59,10.46,10.59,10.53,10.55,10.51,30575,0.017198,0.0,0.0,0.0123,-0.0056
2015-02-26,节能风电,sh601016,10.58,10.43,10.49,10.56,10.53,10.54,39601,0.022275,0.0,0.0,0.0142,0.0066
2015-02-27,节能风电,sh601016,10.84,10.5,10.56,10.7,10.56,10.68,71138,0.040015,0.0,0.0,0.0321,0.0132
2015-03-02,节能风电,sh601016,10.7,10.7,10.7,10.7,10.7,10.68,0,0.0,0.0,0.0,0.0,0.0
2015-03-03,节能风电,sh601016,10.7,10.7,10.7,10.7,10.7,10.68,0,0.0,0.0,0.0,0.0,0.0
2015-03-04,节能风电,sh601016,10.7,10.7,10.7,10.7,10.7,10.68,0,0.0,0.0,0.0,0.0,0.0
2015-03-05,节能风电,sh601016,10.7,10.7,10.7,10.7,10.7,10.68,0,0.0,0.0,0.0,0.0,0.0
2015-03-06,节能风电,sh601016,10.7,10.7,10.7,10.7,10.7,10.68,0,0.0,0.0,0.0,0.0,0.0
2015-03-09,节能风电,sh601016,10.7,10.7,10.7,10.7,10.7,10.68,0,0.0,0.0,0.0,0.0,0.0
2015-03-10,节能风电,sh601016,10.7,10.7,10.7,10.7,10.7,10.68,0,0.0,0.0,0.0,0.0,0.0
2015-03-11,节能风电,sh601016,11.77,11.77,11.77,11.77,10.7,11.75,42878,0.024119,0.0,0.0,0.0,0.0
2015-03-12,节能风电,sh601016,12.95,11.94,12.95,12.02,11.77,12.0,429180,0.241411,0.0,0.0,0.0858,-0.0718
2015-03-13,节能风电,sh601016,12.02,11.4,11.56,11.8,12.02,11.78,161763,0.090991,0.0,0.0,0.0515,0.0207
2015-03-16,节能风电,sh601016,12.05,11.51,11.8,11.9,11.8,11.88,184885,0.103997,0.0,0.0,0.0457,0.0084
2015-03-17,节能风电,sh601016,12.0,11.8,11.95,11.9,11.9,11.88,150186,0.084479,0.0,0.0,0.0168,-0.0041
2015-03-18,节能风电,sh601016,11.96,11.8,11.9,11.95,11.9,11.93,146342,0.082317,116.700356,6.654093,0.0134,0.0042
2015-03-19,节能风电,sh601016,12.94,12.0,12.0,12.52,11.95,12.5,303758,0.170862,122.266846,6.971487,0.0786,0.0433
2015-03-20,节能风电,sh601016,12.67,12.35,12.55,12.45,12.52,12.43,170703,0.09602,121.58325,6.93251,0.0255,-0.0079
2015-03-23,节能风电,sh601016,12.55,12.28,12.48,12.49,12.45,12.47,153259,0.086208,121.9739,6.954784,0.0216,8.0E-4
2015-03-24,节能风电,sh601016,12.48,11.98,12.48,12.22,12.49,12.2,153998,0.086623,119.33719,6.804442,0.04,-0.0208
2015-03-25,节能风电,sh601016,12.78,12.01,12.22,12.65,12.22,12.63,251240,0.141321,123.53643,7.043877,0.063,0.0351
2015-03-26,节能风电,sh601016,12.63,12.31,12.63,12.43,12.65,12.41,148012,0.083256,121.38801,6.921377,0.0252,-0.0158
2015-03-27,节能风电,sh601016,12.5,12.37,12.38,12.44,12.43,12.42,92537,0.052051,121.485725,6.926948,0.0104,0.0048
2015-03-30,节能风电,sh601016,12.67,12.39,12.58,12.63,12.44,12.61,188090,0.1058,123.34118,7.032744,0.0225,0.0039
2015-03-31,节能风电,sh601016,12.88,12.61,12.65,12.79,12.63,12.77,202958,0.114163,124.90366,7.121835,0.0213,0.011
2015-04-01,节能风电,sh601016,12.88,12.47,12.6,12.64,12.79,12.62,209436,0.117806,123.43879,7.03831,0.032,0.0031
2015-04-02,节能风电,sh601016,13.59,12.56,12.66,13.44,12.64,13.42,373892,0.210312,131.25136,7.483771,0.0814,0.0616
2015-04-03,节能风电,sh601016,14.78,13.17,13.26,14.78,13.44,14.76,427430,0.240427,144.33737,8.229918,0.1197,0.1146
2015-04-06,节能风电,sh601016,14.78,14.78,14.78,14.78,14.78,14.76,0,0.0,0.0,0.0,0.0,0.0
2015-04-07,节能风电,sh601016,15.68,14.66,15.52,14.81,14.78,14.79,462506,0.260156,144.63039,8.246625,0.069,-0.0457
2015-04-08,节能风电,sh601016,15.25,14.58,14.92,15.02,14.81,15.0,281448,0.158313,146.68124,8.363562,0.0452,0.0067
2015-04-09,节能风电,sh601016,14.95,13.58,14.95,14.23,15.02,14.21,190933,0.107399,138.96625,7.923664,0.0912,-0.0481
2015-04-10,节能风电,sh601016,15.21,14.25,14.25,14.57,14.23,14.55,182948,0.102907,142.28658,8.112984,0.0674,0.0224
2015-04-13,节能风电,sh601016,14.78,14.4,14.7,14.6,14.57,14.58,141610,0.079655,142.57954,8.129689,0.026,-0.0068
2015-04-14,节能风电,sh601016,14.92,14.38,14.6,14.6,14.6,14.58,239645,0.134799,142.57954,8.129689,0.0369,0.0
2015-04-15,节能风电,sh601016,14.86,14.16,14.4,14.2,14.6,14.18,196904,0.110757,138.6733,7.90696,0.0479,-0.0138
2015-04-16,节能风电,sh601016,15.35,13.36,14.01,14.97,14.2,14.95,330214,0.185744,146.19284,8.335714,0.1401,0.0685
2015-04-17,节能风电,sh601016,15.07,14.76,15.01,14.86,14.97,14.84,244678,0.13763,145.11862,8.274464,0.0207,-0.0099
2015-04-20,节能风电,sh601016,15.56,14.42,14.69,15.5,14.86,15.48,365740,0.205726,151.36873,8.630836,0.0767,0.0551
2015-04-21,节能风电,sh601016,16.27,15.36,15.58,15.99,15.5,15.97,285121,0.160379,156.15396,8.903683,0.0587,0.0263
2015-04-22,节能风电,sh601016,16.96,15.68,15.8,16.14,15.99,16.12,246628,0.138727,157.61884,8.987209,0.08,0.0215
2015-04-23,节能风电,sh601016,16.25,15.6,15.96,15.7,16.14,15.68,187207,0.105303,153.32199,8.742208,0.0402,-0.0162
2015-04-24,节能风电,sh601016,16.5,15.25,15.48,16.48,15.7,16.45,196583,0.110577,160.93933,9.176539,0.0796,0.0645
2015-04-27,节能风电,sh601016,16.75,16.13,16.48,16.27,16.48,16.25,150596,0.08471,158.88847,9.059602,0.0376,-0.0127
2015-04-28,节能风电,sh601016,16.2,15.28,16.2,15.41,16.27,15.39,139387,0.078404,150.48996,8.58073,0.0565,-0.0487
2015-04-29,节能风电,sh601016,15.9,15.06,15.06,15.85,15.41,15.83,78083,0.043921,154.7869,8.825735,0.0545,0.0524
2015-04-30,节能风电,sh601016,16.45,15.7,15.83,16.28,15.85,16.26,148388,0.083467,158.9861,9.065169,0.0473,0.0284
2015-05-01,节能风电,sh601016,16.28,16.28,16.28,16.28,16.28,16.26,0,0.0,0.0,0.0,0.0,0.0
2015-05-04,节能风电,sh601016,16.85,16.06,16.36,16.69,16.28,16.66,148066,0.083286,162.99,9.293466,0.0485,0.0201
2015-05-05,节能风电,sh601016,16.7,15.65,16.69,16.13,16.69,16.11,148426,0.083489,157.52121,8.981642,0.0629,-0.0335
2015-05-06,节能风电,sh601016,16.69,15.7,16.08,16.21,16.13,16.19,128426,0.072239,158.30252,9.026191,0.0613,0.008
2015-05-07,节能风电,sh601016,16.35,15.12,16.1,16.28,16.21,16.26,91581,0.051514,158.98607,9.065166,0.0758,0.0111
2015-05-08,节能风电,sh601016,17.91,16.19,16.33,17.79,16.28,17.76,220534,0.124049,173.73235,9.905978,0.1056,0.0894
2015-05-11,节能风电,sh601016,18.39,17.45,17.89,18.04,17.79,18.01,195591,0.110019,176.1738,10.045187,0.0528,0.0083
2015-05-12,节能风电,sh601016,18.43,17.72,17.86,18.18,18.04,18.15,142392,0.080095,177.54109,10.123148,0.0393,0.0179
2015-05-13,节能风电,sh601016,18.57,17.79,18.08,18.5,18.18,18.47,116736,0.065663,180.66617,10.301335,0.0429,0.0232
2015-05-14,节能风电,sh601016,18.96,18.1,18.55,18.46,18.5,18.43,112697,0.063391,180.27556,10.279064,0.0464,-0.0048
2015-05-15,节能风电,sh601016,18.49,17.39,18.4,18.3,18.46,18.27,102585,0.057703,178.71312,10.189975,0.0595,-0.0054
2015-05-18,节能风电,sh601016,18.88,17.86,18.2,18.68,18.3,18.65,107359,0.060389,182.42409,10.40157,0.0557,0.0263
2015-05-19,节能风电,sh601016,18.65,18.08,18.65,18.38,18.68,18.35,87437,0.049183,179.49435,10.234521,0.0305,-0.0144
2015-05-20,节能风电,sh601016,19.44,18.15,18.39,19.13,18.38,19.1,157220,0.088435,186.81863,10.652141,0.0701,0.0402
2015-05-21,节能风电,sh601016,20.2,18.81,19.15,20.18,19.13,20.15,135943,0.076458,197.07266,11.236811,0.0726,0.0537
2015-05-22,节能风电,sh601016,21.6,19.88,20.18,21.13,20.18,21.1,134422,0.075621,206.35011,11.765799,0.0852,0.047
2015-05-25,节能风电,sh601016,23.24,20.83,21.15,23.24,21.13,23.2,159087,0.089477,226.95583,12.940708,0.114,0.0988
2015-05-26,节能风电,sh601016,25.56,23.8,23.81,25.56,23.24,25.52,162091,0.091176,249.61235,14.232552,0.0757,0.0734
2015-05-27,节能风电,sh601016,28.12,26.0,26.18,28.12,25.56,28.08,311202,0.175055,274.61264,15.658034,0.0829,0.0741
2015-05-28,节能风电,sh601016,30.93,28.51,29.77,30.16,28.12,30.11,408633,0.229847,294.53476,16.793964,0.086,0.0131
2015-05-29,节能风电,sh601016,30.19,27.1,28.03,28.97,30.16,28.97,261500,0.1471,283.38333,16.158127,0.1024,0.0335
2015-06-01,节能风电,sh601016,30.09,26.96,28.5,29.52,28.97,29.52,196609,0.110593,288.7634,16.464891,0.108,0.0357
2015-06-02,节能风电,sh601016,31.76,28.2,29.9,29.32,29.52,29.32,217850,0.122528,286.807,16.35334,0.1205,-0.0193
2015-06-03,节能风电,sh601016,30.5,26.92,29.2,30.26,29.32,30.26,194908,0.109627,296.00204,16.877628,0.1221,0.0363
2015-06-04,节能风电,sh601016,32.9,28.5,30.0,31.99,30.26,31.99,232089,0.130553,312.92484,17.842543,0.1454,0.0663
2015-06-05,节能风电,sh601016,33.05,30.4,32.51,31.92,31.99,31.92,179270,0.100833,312.2401,17.8035,0.0828,-0.0181
2015-06-08,节能风电,sh601016,31.84,29.7,31.84,31.0,31.92,31.0,124689,0.070139,303.2407,17.290365,0.067,-0.0263
2015-06-09,节能风电,sh601016,31.18,30.13,31.18,30.45,31.0,30.45,64730,0.036413,297.86063,16.983603,0.0338,-0.0234
2015-06-10,节能风电,sh601016,30.5,28.5,30.15,30.41,30.45,30.41,99689,0.056077,297.46933,16.961292,0.0656,0.0086
2015-06-11,节能风电,sh601016,30.48,29.0,30.48,29.73,30.41,29.73,84788,0.047696,290.8176,16.58202,0.0486,-0.0246
2015-06-12,节能风电,sh601016,30.9,28.77,29.39,30.34,29.73,30.34,129597,0.072895,296.7846,16.922249,0.0716,0.0323
2015-06-15,节能风电,sh601016,30.05,28.92,30.05,29.17,30.34,29.17,57815,0.03252,285.33972,16.269676,0.0372,-0.0292
2015-06-16,节能风电,sh601016,30.03,27.51,28.09,29.73,29.17,29.73,101059,0.056849,290.8176,16.58202,0.0863,0.0583
2015-06-17,节能风电,sh601016,30.45,28.5,29.5,30.06,29.73,30.06,76085,0.042798,294.04565,16.766079,0.0655,0.0189
2015-06-18,节能风电,sh601016,30.97,29.35,30.19,30.31,30.06,30.31,104776,0.05893,296.49115,16.905516,0.0538,0.0039
2015-06-19,节能风电,sh601016,30.5,28.5,30.17,30.37,30.31,30.37,100255,0.056395,297.07806,16.93898,0.0659,0.0066
2015-06-22,节能风电,sh601016,30.37,30.37,30.37,30.37,30.37,30.37,0,0.0,0.0,0.0,0.0,0.0
2015-06-23,节能风电,sh601016,31.08,29.02,30.15,30.98,30.37,30.98,138581,0.077946,303.04504,17.279211,0.0678,0.0275
2015-06-24,节能风电,sh601016,33.99,31.22,31.22,33.06,30.98,33.06,338143,0.190216,323.39154,18.439339,0.0894,0.0589
2015-06-25,节能风电,sh601016,32.9,29.75,32.9,30.78,33.06,30.78,234844,0.1321,301.08865,17.16766,0.0952,-0.0644
2015-06-26,节能风电,sh601016,33.86,27.7,28.5,33.77,30.78,33.77,161856,0.091037,330.33673,18.835344,0.2001,0.1849
2015-06-29,节能风电,sh601016,33.75,30.39,33.75,30.39,33.77,30.39,316461,0.177998,297.2737,16.950136,0.0994,-0.0995
2015-06-30,节能风电,sh601016,30.45,27.35,27.35,28.86,30.39,28.86,267850,0.150656,282.3073,16.096773,0.102,0.0552
2015-07-01,节能风电,sh601016,29.55,25.97,27.9,27.14,28.86,27.14,254227,0.142999,265.48233,15.137437,0.124,-0.0272
2015-07-02,节能风电,sh601016,27.98,24.43,27.14,24.43,27.14,24.43,141778,0.079752,238.97324,13.625924,0.1308,-0.0998
2015-07-03,节能风电,sh601016,22.8,21.99,21.99,21.99,24.43,21.99,113779,0.064006,215.10526,12.265005,0.0331,0.0
2015-07-06,节能风电,sh601016,23.6,19.79,23.6,21.43,21.99,21.43,282901,0.159123,209.62737,11.952663,0.1732,-0.0919
2015-07-07,节能风电,sh601016,20.0,19.29,19.8,19.29,21.43,19.29,110288,0.062043,188.69397,10.75907,0.0331,-0.0257
2015-07-08,节能风电,sh601016,17.37,17.36,17.36,17.36,19.29,17.36,158745,0.0893,169.81479,9.682605,5.0E-4,0.0
2015-07-09,节能风电,sh601016,17.36,17.36,17.36,17.36,17.36,17.36,0,0.0,0.0,0.0,0.0,0.0
2015-07-10,节能风电,sh601016,17.36,17.36,17.36,17.36,17.36,17.36,0,0.0,0.0,0.0,0.0,0.0
2015-07-13,节能风电,sh601016,19.1,19.1,19.1,19.1,17.36,19.1,31391,0.017655,186.8354,10.653097,0.0,0.0
2015-07-14,节能风电,sh601016,21.01,21.01,21.01,21.01,19.1,21.01,5920,0.00333,205.51894,11.718406,0.0,0.0
2015-07-15,节能风电,sh601016,23.11,19.5,23.11,21.03,21.01,21.03,264157,0.148575,205.71457,11.729561,0.1718,-0.09
2015-07-16,节能风电,sh601016,21.99,19.13,19.77,21.66,21.03,21.66,168587,0.094822,211.87721,12.080946,0.1359,0.0955
2015-07-17,节能风电,sh601016,23.8,21.3,21.87,23.46,21.66,23.46,169932,0.095579,229.48474,13.084903,0.1154,0.0727
2015-07-20,节能风电,sh601016,24.5,22.72,23.18,23.23,23.46,23.23,148324,0.083428,227.23488,12.95662,0.0758,0.0021
2015-07-21,节能风电,sh601016,23.89,22.2,22.9,23.46,23.23,23.46,123336,0.069371,229.48474,13.084903,0.0727,0.0244
2015-07-22,节能风电,sh601016,23.89,22.5,23.45,23.46,23.46,23.46,107472,0.060448,229.48474,13.084903,0.0592,4.0E-4
2015-07-23,节能风电,sh601016,24.22,22.0,23.12,23.98,23.46,23.98,163366,0.091896,234.57135,13.374935,0.0946,0.0371
2015-07-24,节能风电,sh601016,25.0,23.48,23.75,23.82,23.98,23.82,146909,0.08263,233.00624,13.285694,0.0633,0.0029
2015-07-27,节能风电,sh601016,23.99,21.5,23.1,21.9,23.82,21.9,187860,0.105677,215.59436,12.292893,0.1045,-0.0519
2015-07-28,节能风电,sh601016,22.8,19.84,21.0,22.23,21.9,22.23,148795,0.083688,217.64856,12.410021,0.1351,0.0585
2015-07-29,节能风电,sh601016,23.78,21.8,22.5,23.75,22.23,23.75,76918,0.043269,230.56075,13.146256,0.089,0.0555
2015-07-30,节能风电,sh601016,23.9,21.91,23.81,22.15,23.75,22.15,198681,0.111758,216.57256,12.348668,0.0837,-0.0697
2015-07-31,节能风电,sh601016,22.14,21.06,21.21,21.99,22.15,21.99,110347,0.062074,214.71397,12.242695,0.0487,0.0367
2015-08-03,节能风电,sh601016,22.29,21.07,21.41,22.09,21.99,22.09,86988,0.048927,215.39871,12.281738,0.0554,0.0317
2015-08-04,节能风电,sh601016,22.88,20.06,22.25,22.5,22.09,22.5,103727,0.05834,220.28969,12.560614,0.1276,0.0112
2015-08-05,节能风电,sh601016,22.52,21.55,22.52,21.66,22.5,21.66,67334,0.037872,211.87721,12.080946,0.0431,-0.0381
2015-08-06,节能风电,sh601016,23.83,21.01,21.25,22.22,21.66,22.22,60788,0.034195,217.3551,12.393288,0.1301,0.0456
2015-08-07,节能风电,sh601016,23.97,21.71,22.23,23.86,22.22,23.86,119157,0.067022,233.39752,13.308005,0.1017,0.0733
2015-08-10,节能风电,sh601016,26.25,23.89,23.89,26.25,23.86,26.25,202630,0.113971,256.7764,14.641036,0.0989,0.0987
2015-08-11,节能风电,sh601016,27.33,26.0,27.33,26.24,26.25,26.24,151347,0.085131,256.6786,14.635458,0.0506,-0.0398
2015-08-12,节能风电,sh601016,28.86,25.1,25.6,28.86,26.24,28.86,184356,0.103694,282.3073,16.096773,0.1432,0.1273
2015-08-13,节能风电,sh601016,31.75,28.05,28.6,30.91,28.86,30.91,200336,0.112691,302.36032,17.240168,0.1282,0.0807
2015-08-14,节能风电,sh601016,32.45,30.7,31.28,31.84,30.91,31.84,131547,0.073988,311.45755,17.758879,0.0566,0.0179
2015-08-17,节能风电,sh601016,34.3,31.2,32.15,33.88,31.84,33.88,157975,0.088863,331.41275,18.896696,0.0973,0.0538
2015-08-18,节能风电,sh601016,34.88,32.2,34.0,33.38,33.88,33.38,168259,0.094649,326.52176,18.61782,0.0791,-0.0182
2015-08-19,节能风电,sh601016,36.3,31.0,33.0,34.38,33.38,34.38,142174,0.079973,336.3037,19.175573,0.1587,0.0418
2015-08-20,节能风电,sh601016,35.77,32.36,35.77,33.51,34.38,33.51,108084,0.060801,327.7934,18.690329,0.0991,-0.0631
2015-08-21,节能风电,sh601016,33.51,30.17,33.51,32.85,33.51,32.85,95997,0.053998,321.3373,18.32221,0.0996,-0.0196
2015-08-24,节能风电,sh601016,31.8,29.57,30.0,29.57,32.85,29.57,39499,0.022218,289.2525,16.492779,0.0678,-0.0143
2015-08-25,节能风电,sh601016,27.44,26.61,26.61,26.61,29.57,26.61,79610,0.044777,260.2979,14.841827,0.028,0.0
2015-08-26,节能风电,sh601016,29.26,23.95,23.95,26.07,26.61,26.07,210554,0.118428,255.01564,14.54064,0.1995,0.0885
2015-08-27,节能风电,sh601016,26.69,23.46,25.4,26.14,26.07,26.14,134439,0.075624,255.70038,14.579683,0.1238,0.0291
2015-08-28,节能风电,sh601016,27.4,25.43,25.6,27.27,26.14,27.27,311807,0.175391,266.754,15.209945,0.0753,0.0652
2015-08-31,节能风电,sh601016,26.7,24.54,26.7,24.54,27.27,24.54,175130,0.098503,240.04926,13.687277,0.0792,-0.0808
2015-09-01,节能风电,sh601016,24.5,22.09,23.47,23.19,24.54,23.19,183562,0.103245,226.8436,12.93431,0.0982,-0.0119
2015-09-02,节能风电,sh601016,22.75,20.87,20.87,21.49,23.19,21.49,198220,0.111512,210.21428,11.986128,0.081,0.0297
2015-09-03,节能风电,sh601016,21.49,21.49,21.49,21.49,21.49,21.49,0,0.0,0.0,0.0,0.0,0.0
2015-09-04,节能风电,sh601016,21.49,21.49,21.49,21.49,21.49,21.49,0,0.0,0.0,0.0,0.0,0.0
2015-09-07,节能风电,sh601016,22.0,19.34,20.33,19.89,21.49,19.89,165842,0.093286,194.56314,11.093722,0.1237,-0.0216
2015-09-08,节能风电,sh601016,18.88,17.9,17.9,18.26,19.89,18.26,355168,0.199796,178.61855,10.184584,0.0492,0.0201
2015-09-09,节能风电,sh601016,20.09,17.34,18.01,20.09,18.26,20.09,670022,0.37684,196.51953,11.205273,0.1506,0.1154
2015-09-10,节能风电,sh601016,19.84,18.4,18.49,18.56,20.09,18.56,409426,0.230271,181.55315,10.35191,0.0716,0.0037
2015-09-11,节能风电,sh601016,19.47,18.25,18.47,18.8,18.56,18.8,260300,0.146428,183.9008,10.485771,0.0657,0.0178
2015-09-14,节能风电,sh601016,19.28,16.92,18.97,16.92,18.8,16.92,228315,0.128427,165.51073,9.437193,0.1255,-0.108
2015-09-15,节能风电,sh601016,15.68,15.23,15.25,15.23,16.92,15.23,154320,0.086791,148.97922,8.49459,0.0265,-0.0013
2015-09-16,节能风电,sh601016,16.69,13.86,13.86,16.01,15.23,16.01,345498,0.194358,156.60915,8.929638,0.1858,0.1551
2015-09-17,节能风电,sh601016,15.9,14.41,15.61,14.41,16.01,14.41,328041,0.184507,140.95801,8.037232,0.093,-0.0768
2015-09-18,节能风电,sh601016,14.34,13.01,14.34,13.19,14.41,13.19,352287,0.198152,129.02403,7.356772,0.0922,-0.0801
2015-09-21,节能风电,sh601016,14.06,12.17,12.84,13.85,13.19,13.85,358072,0.201434,135.48012,7.724889,0.1432,0.0786
2015-09-22,节能风电,sh601016,14.2,13.44,13.55,13.95,13.85,13.95,339873,0.191179,136.45831,7.780665,0.0548,0.0295
2015-09-23,节能风电,sh601016,15.35,13.45,13.75,15.35,13.95,15.35,491759,0.276603,150.15306,8.56152,0.1362,0.1163
2015-09-24,节能风电,sh601016,16.89,15.6,15.98,16.89,15.35,16.89,519230,0.292034,165.21727,9.420461,0.084,0.0569
2015-09-25,节能风电,sh601016,17.65,15.22,17.4,15.62,16.89,15.62,577830,0.325016,152.79419,8.712114,0.1438,-0.1022
2015-09-28,节能风电,sh601016,15.62,15.62,15.62,15.62,15.62,15.62,0,0.187087,150.05524,8.555943,0.0,0.0
2015-09-29,节能风电,sh601016,14.87,14.2,14.73,14.25,15.62,14.25,264999,0.032406,139.3929,7.947991,0.0428,-0.0325
2015-09-30,节能风电,sh601016,14.88,14.26,14.26,14.44,14.25,14.44,217552,0.026602,141.25148,8.053964,0.0435,0.0126
2015-10-01,节能风电,sh601016,14.44,14.44,14.44,14.44,14.44,14.44,0,0.0,0.0,0.0,0.0,0.0
2015-10-02,节能风电,sh601016,14.44,14.44,14.44,14.44,14.44,14.44,0,0.0,0.0,0.0,0.0,0.0
2015-10-05,节能风电,sh601016,14.44,14.44,14.44,14.44,14.44,14.44,0,0.0,0.0,0.0,0.0,0.0
2015-10-06,节能风电,sh601016,14.44,14.44,14.44,14.44,14.44,14.44,0,0.0,0.0,0.0,0.0,0.0
2015-10-07,节能风电,sh601016,14.44,14.44,14.44,14.44,14.44,14.44,0,0.0,0.0,0.0,0.0,0.0
2015-10-08,节能风电,sh601016,15.88,14.9,15.18,15.88,14.44,15.88,280512,0.034303,155.3375,8.85713,0.0678,0.0461
2015-10-09,节能风电,sh601016,16.88,15.45,15.95,16.38,15.88,16.38,331991,0.040597,160.22847,9.136006,0.09,0.0269
2015-10-12,节能风电,sh601016,17.5,16.1,16.37,16.95,16.38,16.95,340925,0.04169,165.80418,9.453926,0.0854,0.0354
2015-10-13,节能风电,sh601016,17.38,16.44,16.65,16.94,16.95,16.94,272850,0.033365,165.70638,9.448349,0.0554,0.0174
2015-10-14,节能风电,sh601016,17.8,16.3,16.72,17.23,16.94,17.23,412941,0.050497,168.54314,9.610097,0.0885,0.0305
2015-10-15,节能风电,sh601016,18.78,16.9,17.19,18.16,17.23,18.16,389243,0.047597,177.64035,10.128808,0.1091,0.0564
2015-10-16,节能风电,sh601016,18.49,17.6,18.16,18.02,18.16,18.02,352333,0.043085,176.27089,10.050723,0.049,-0.0077
2015-10-19,节能风电,sh601016,18.48,17.5,17.8,17.87,18.02,17.87,298445,0.036494,174.80359,9.96706,0.0543,0.0039
2015-10-20,节能风电,sh601016,17.98,17.44,17.82,17.85,17.87,17.85,226833,0.027738,174.60796,9.955904,0.0302,0.0016
2015-10-21,节能风电,sh601016,17.88,16.07,17.81,16.07,17.85,16.07,257090,0.031437,157.19606,8.963103,0.1014,-0.0976
2015-10-22,节能风电,sh601016,16.7,15.0,15.58,16.4,16.07,16.4,292380,0.035752,160.4241,9.147162,0.1057,0.0526
2015-10-23,节能风电,sh601016,16.67,15.97,16.43,16.39,16.4,16.39,254273,0.031094,160.3263,9.141584,0.0426,-0.0024
2015-10-26,节能风电,sh601016,18.03,16.55,16.81,18.03,16.39,18.03,395171,0.048321,176.3687,10.0563,0.0902,0.0725
2015-10-27,节能风电,sh601016,18.92,17.45,18.2,18.63,18.03,18.63,510819,0.062465,182.23788,10.390952,0.0815,0.0236
2015-10-28,节能风电,sh601016,20.18,17.91,18.3,19.16,18.63,19.16,493969,0.060402,187.42232,10.686562,0.1218,0.0469
2015-10-29,节能风电,sh601016,19.33,18.16,19.16,18.45,19.16,18.45,331355,0.040519,180.47713,10.290557,0.061,-0.037
2015-10-30,节能风电,sh601016,18.4,17.5,18.4,17.69,18.45,17.69,245273,0.029992,173.04283,9.866664,0.0487,-0.0385
2015-11-02,节能风电,sh601016,18.27,17.0,17.3,17.41,17.69,17.41,182761,0.022348,170.3039,9.710493,0.0717,0.0063
2015-11-03,节能风电,sh601016,17.85,17.03,17.55,17.53,17.41,17.53,152155,0.0,0.0,0.0,0.047,-0.0011
2015-11-04,节能风电,sh601016,18.49,17.65,17.69,18.34,17.53,18.34,248187,0.0,0.0,0.0,0.0479,0.0367
2015-11-05,节能风电,sh601016,18.55,18.01,18.35,18.19,18.34,18.19,266338,0.0,0.0,0.0,0.0294,-0.0087
2015-11-06,节能风电,sh601016,18.8,18.25,18.25,18.44,18.19,18.44,256536,0.0,0.0,0.0,0.0302,0.0104
2015-11-09,节能风电,sh601016,18.96,17.68,18.2,18.63,18.44,18.63,321793,0.0,0.0,0.0,0.0694,0.0236
2015-11-10,节能风电,sh601016,18.94,18.2,18.4,18.49,18.63,18.49,250553,0.0,0.0,0.0,0.0397,0.0048
2015-11-11,节能风电,sh601016,18.74,18.18,18.49,18.69,18.49,18.69,254389,0.0,0.0,0.0,0.0302,0.0108
2015-11-12,节能风电,sh601016,19.66,18.75,19.44,19.14,18.69,19.14,358593,0.0,0.0,0.0,0.0486,-0.0154
2015-11-13,节能风电,sh601016,18.99,18.06,18.99,18.17,19.14,18.17,233518,0.0,0.0,0.0,0.0485,-0.0431
2015-11-16,节能风电,sh601016,18.27,17.51,17.74,18.26,18.17,18.26,181113,0.0,0.0,0.0,0.0418,0.0293
2015-11-17,节能风电,sh601016,18.54,17.84,18.5,17.91,18.26,17.91,196433,0.0,0.0,0.0,0.0383,-0.0318
2015-11-18,节能风电,sh601016,18.67,17.93,17.93,18.39,17.91,18.39,257218,0.0,0.0,0.0,0.0413,0.0256
2015-11-19,节能风电,sh601016,18.59,18.02,18.51,18.49,18.39,18.49,186707,0.0,0.0,0.0,0.0309,-0.001
2015-11-20,节能风电,sh601016,19.43,18.29,18.47,19.18,18.49,19.18,346462,0.0,0.0,0.0,0.0616,0.0384
2015-11-23,节能风电,sh601016,19.98,18.8,19.19,18.85,19.18,18.85,297094,0.0,0.0,0.0,0.0615,-0.0177
2015-11-24,节能风电,sh601016,18.85,18.17,18.85,18.68,18.85,18.68,162589,0.0,0.0,0.0,0.036,-0.009
2015-11-25,节能风电,sh601016,19.19,18.45,18.57,18.82,18.68,18.82,170472,0.0,0.0,0.0,0.0396,0.0134
2015-11-26,节能风电,sh601016,18.97,18.36,18.85,18.42,18.82,18.42,163533,0.0,0.0,0.0,0.0324,-0.0228
2015-11-27,节能风电,sh601016,18.4,16.58,18.3,16.59,18.42,16.59,204189,0.0,0.0,0.0,0.0988,-0.0934
2015-11-30,节能风电,sh601016,17.18,15.1,16.61,16.74,16.59,16.74,179530,0.0,0.0,0.0,0.1253,0.0078
2015-12-01,节能风电,sh601016,16.89,16.15,16.8,16.45,16.74,16.45,122249,0.0,0.0,0.0,0.0442,-0.0208
2015-12-02,节能风电,sh601016,16.48,15.5,16.43,16.34,16.45,16.34,104610,0.0,0.0,0.0,0.0595,-0.0054
2015-12-03,节能风电,sh601016,16.83,16.3,16.48,16.75,16.34,16.75,131265,0.0,0.0,0.0,0.0324,0.0163
2015-12-04,节能风电,sh601016,16.69,16.25,16.69,16.43,16.75,16.43,109007,0.0,0.0,0.0,0.0262,-0.0155
2015-12-07,节能风电,sh601016,16.74,16.16,16.4,16.57,16.43,16.57,96052,0.0,0.0,0.0,0.0353,0.0103
2015-12-08,节能风电,sh601016,16.47,15.93,16.47,16.01,16.57,16.01,97148,0.0,0.0,0.0,0.0325,-0.0279
2015-12-09,节能风电,sh601016,17.0,16.1,16.25,16.42,16.01,16.42,161506,0.0,0.0,0.0,0.0562,0.0104
2015-12-10,节能风电,sh601016,16.29,16.0,16.15,16.08,16.42,16.08,97652,0.0,0.0,0.0,0.0176,-0.0043
2015-12-11,节能风电,sh601016,16.2,15.65,16.08,15.71,16.08,15.71,94154,0.0,0.0,0.0,0.0342,-0.023
2015-12-14,节能风电,sh601016,16.0,15.33,15.48,15.93,15.71,15.93,88091,0.0,0.0,0.0,0.0426,0.029
2015-12-15,节能风电,sh601016,16.38,15.83,15.83,16.11,15.93,16.11,78896,0.0,0.0,0.0,0.0345,0.0176
2015-12-16,节能风电,sh601016,16.35,16.05,16.1,16.11,16.11,16.11,78619,0.0,0.0,0.0,0.0186,6.0E-4
2015-12-17,节能风电,sh601016,16.99,16.08,16.1,16.73,16.11,16.73,146590,0.0,0.0,0.0,0.0564,0.0391
2015-12-18,节能风电,sh601016,16.73,16.33,16.73,16.45,16.73,16.45,97418,0.0,0.0,0.0,0.0239,-0.0167
2015-12-21,节能风电,sh601016,16.78,16.33,16.46,16.65,16.45,16.65,99473,0.0,0.0,0.0,0.0273,0.0115
2015-12-22,节能风电,sh601016,17.45,16.56,16.75,17.23,16.65,17.23,209676,0.0,0.0,0.0,0.0534,0.0286
2015-12-23,节能风电,sh601016,17.29,16.59,17.01,16.62,17.23,16.62,137931,0.0,0.0,0.0,0.0406,-0.0229
2015-12-24,节能风电,sh601016,16.6,16.08,16.4,16.42,16.62,16.42,79680,0.0,0.0,0.0,0.0312,0.0012
2015-12-25,节能风电,sh601016,16.6,16.36,16.47,16.45,16.42,16.45,60696,0.0,0.0,0.0,0.0146,-0.0012
2015-12-28,节能风电,sh601016,16.62,15.98,16.5,15.99,16.45,15.99,99319,0.0,0.0,0.0,0.0389,-0.0309
2015-12-29,节能风电,sh601016,16.12,15.55,15.97,15.96,15.99,15.96,101660,0.0,0.0,0.0,0.0356,-6.0E-4
2015-12-30,节能风电,sh601016,16.05,15.78,15.96,15.98,15.96,15.98,65870,0.0,0.0,0.0,0.0169,0.0012
2015-12-31,节能风电,sh601016,16.14,15.75,16.1,15.78,15.98,15.78,56664,0.0,0.0,0.0,0.0244,-0.0198
2016-01-01,节能风电,sh601016,16.14,15.75,16.1,15.78,15.78,15.78,56664,0.0,0.0,0.0,0.0247,-0.0198
2016-01-04,节能风电,sh601016,15.81,14.2,15.78,14.2,15.78,14.2,73654,0.0,0.0,0.0,0.102,-0.1001
2016-01-05,节能风电,sh601016,14.35,13.0,13.5,13.64,14.2,13.64,106535,0.0,0.0,0.0,0.095,0.0103
2016-01-06,节能风电,sh601016,14.1,13.7,13.72,14.07,13.64,14.07,77920,0.0,0.0,0.0,0.0293,0.0255
2016-01-07,节能风电,sh601016,13.93,12.67,13.93,12.77,14.07,12.77,19994,0.0,0.0,0.0,0.0895,-0.0832
2016-01-08,节能风电,sh601016,13.6,12.0,13.2,13.16,12.77,13.16,90343,0.0,0.0,0.0,0.1252,-0.003
2016-01-11,节能风电,sh601016,13.16,12.15,13.05,12.28,13.16,12.28,84646,0.0,0.0,0.0,0.0767,-0.059
2016-01-12,节能风电,sh601016,12.52,12.01,12.2,12.3,12.28,12.3,60819,0.0,0.0,0.0,0.0415,0.0081
2016-01-13,节能风电,sh601016,12.53,11.8,12.35,11.92,12.3,11.92,65298,0.0,0.0,0.0,0.0593,-0.0348
2016-01-14,节能风电,sh601016,12.2,11.35,11.5,12.18,11.92,12.18,72922,0.0,0.0,0.0,0.0713,0.0591
2016-01-15,节能风电,sh601016,12.1,11.41,12.0,11.55,12.18,11.55,62662,0.0,0.0,0.0,0.0566,-0.0374
2016-01-18,节能风电,sh601016,11.57,10.75,10.8,11.41,11.55,11.41,102581,0.0,0.0,0.0,0.0709,0.0564
2016-01-19,节能风电,sh601016,11.81,11.12,11.25,11.77,11.41,11.77,103441,0.0,0.0,0.0,0.0604,0.0462
2016-01-20,节能风电,sh601016,12.58,11.3,11.74,12.0,11.77,12.0,134992,0.0,0.0,0.0,0.1087,0.0221
2016-01-21,节能风电,sh601016,11.92,11.2,11.71,11.22,12.0,11.22,81319,0.0,0.0,0.0,0.06,-0.0418
2016-01-22,节能风电,sh601016,11.49,11.04,11.33,11.29,11.22,11.29,52049,0.0,0.0,0.0,0.0401,-0.0035
2016-01-25,节能风电,sh601016,12.0,11.3,11.42,11.83,11.29,11.83,93606,0.0,0.0,0.0,0.062,0.0359
2016-01-26,节能风电,sh601016,11.65,10.65,11.6,10.65,11.83,10.65,79012,0.0,0.0,0.0,0.0845,-0.0818
2016-01-27,节能风电,sh601016,10.85,9.8,10.78,10.14,10.65,10.14,72354,0.0,0.0,0.0,0.0985,-0.0593
2016-01-28,节能风电,sh601016,10.46,9.95,10.18,9.98,10.14,9.98,74351,0.0,0.0,0.0,0.0502,-0.0196
2016-01-29,节能风电,sh601016,10.4,9.89,10.0,10.28,9.98,10.28,70311,0.0,0.0,0.0,0.0511,0.0279
2016-02-01,节能风电,sh601016,10.45,9.95,10.2,10.09,10.28,10.09,41955,0.0,0.0,0.0,0.0486,-0.0107
2016-02-02,节能风电,sh601016,10.47,10.15,10.15,10.4,10.09,10.4,55467,0.0,0.0,0.0,0.0317,0.0246
2016-02-03,节能风电,sh601016,10.42,10.11,10.3,10.36,10.4,10.36,40657,0.0,0.0,0.0,0.0298,0.0058
2016-02-04,节能风电,sh601016,10.64,10.4,10.63,10.56,10.36,10.56,60588,0.0,0.0,0.0,0.0231,-0.0065
2016-02-05,节能风电,sh601016,10.63,10.35,10.6,10.39,10.56,10.39,43158,0.0,0.0,0.0,0.0265,-0.0198
2016-02-08,节能风电,sh601016,10.63,10.35,10.6,10.39,10.39,10.39,43158,0.0,0.0,0.0,0.0269,-0.0198
2016-02-09,节能风电,sh601016,10.63,10.35,10.6,10.39,10.39,10.39,43158,0.0,0.0,0.0,0.0269,-0.0198
2016-02-10,节能风电,sh601016,10.63,10.35,10.6,10.39,10.39,10.39,43158,0.0,0.0,0.0,0.0269,-0.0198
2016-02-11,节能风电,sh601016,10.63,10.35,10.6,10.39,10.39,10.39,43158,0.0,0.0,0.0,0.0269,-0.0198
2016-02-12,节能风电,sh601016,10.63,10.35,10.6,10.39,10.39,10.39,43158,0.0,0.0,0.0,0.0269,-0.0198
2016-02-15,节能风电,sh601016,10.33,9.9,10.0,10.18,10.39,10.18,35854,0.0,0.0,0.0,0.0413,0.0179
2016-02-16,节能风电,sh601016,10.68,10.22,10.22,10.64,10.18,10.64,73807,0.0,0.0,0.0,0.0451,0.041
2016-02-17,节能风电,sh601016,11.1,10.53,10.64,10.93,10.64,10.93,90365,0.0,0.0,0.0,0.0535,0.0272
2016-02-18,节能风电,sh601016,12.02,10.89,11.0,12.02,10.93,12.02,121356,0.0,0.0,0.0,0.1033,0.0927
2016-02-19,节能风电,sh601016,12.98,12.0,12.2,12.53,12.02,12.53,264892,0.0,0.0,0.0,0.0815,0.027
2016-02-22,节能风电,sh601016,12.8,12.22,12.69,12.63,12.53,12.63,171805,0.0,0.0,0.0,0.0462,-0.0047
2016-02-23,节能风电,sh601016,12.59,12.08,12.58,12.21,12.63,12.21,114849,0.0,0.0,0.0,0.0403,-0.0294
2016-02-24,节能风电,sh601016,12.79,12.03,12.03,12.34,12.21,12.34,101025,0.0,0.0,0.0,0.0622,0.0257
2016-02-25,节能风电,sh601016,12.29,11.11,12.29,11.11,12.34,11.11,157232,0.0,0.0,0.0,0.0956,-0.096
2016-02-26,节能风电,sh601016,11.33,10.51,11.14,10.86,11.11,10.86,90352,0.0,0.0,0.0,0.0738,-0.0251
2016-02-29,节能风电,sh601016,10.83,9.88,10.53,10.19,10.86,10.19,80454,0.0,0.0,0.0,0.0874,-0.0322
2016-03-01,节能风电,sh601016,10.45,10.08,10.19,10.42,10.19,10.42,58514,0.0,0.0,0.0,0.0363,0.0225
2016-03-02,节能风电,sh601016,10.98,10.35,10.37,10.93,10.42,10.93,92500,0.0,0.0,0.0,0.0604,0.054
2016-03-03,节能风电,sh601016,11.28,10.9,11.0,10.94,10.93,10.94,93859,0.0,0.0,0.0,0.0347,-0.0054
2016-03-04,节能风电,sh601016,11.23,10.28,11.1,10.55,10.94,10.55,87482,0.0,0.0,0.0,0.0868,-0.0495
2016-03-07,节能风电,sh601016,10.98,10.61,10.7,10.83,10.55,10.83,60479,0.0,0.0,0.0,0.035,0.0121
2016-03-08,节能风电,sh601016,10.87,10.31,10.76,10.84,10.83,10.84,58733,0.0,0.0,0.0,0.0517,0.0074
2016-03-09,节能风电,sh601016,10.94,10.43,10.68,10.7,10.84,10.7,58811,0.0,0.0,0.0,0.047,0.0018
2016-03-10,节能风电,sh601016,10.86,10.35,10.59,10.41,10.7,10.41,53845,0.0,0.0,0.0,0.0476,-0.0169
2016-03-11,节能风电,sh601016,10.44,10.16,10.29,10.35,10.41,10.35,40210,0.0,0.0,0.0,0.0268,0.0058
2016-03-14,节能风电,sh601016,10.8,10.53,10.6,10.74,10.35,10.74,64156,0.0,0.0,0.0,0.026,0.0132
2016-03-15,节能风电,sh601016,10.79,10.58,10.79,10.62,10.74,10.62,41154,0.0,0.0,0.0,0.0195,-0.0157
2016-03-16,节能风电,sh601016,10.78,10.44,10.7,10.45,10.62,10.45,39987,0.0,0.0,0.0,0.032,-0.0233
2016-03-17,节能风电,sh601016,10.85,10.44,10.56,10.73,10.45,10.73,68605,0.0,0.0,0.0,0.0392,0.016
2016-03-18,节能风电,sh601016,11.23,10.75,10.8,11.18,10.73,11.18,118942,0.0,0.0,0.0,0.0447,0.0351
2016-03-21,节能风电,sh601016,11.57,11.18,11.29,11.54,11.18,11.54,133853,0.0,0.0,0.0,0.0348,0.0221
2016-03-22,节能风电,sh601016,11.95,11.31,11.54,11.44,11.54,11.44,133435,0.0,0.0,0.0,0.0554,-0.0086
2016-03-23,节能风电,sh601016,11.48,11.26,11.3,11.43,11.44,11.43,91317,0.0,0.0,0.0,0.0192,0.0115
2016-03-24,节能风电,sh601016,11.43,11.16,11.36,11.18,11.43,11.18,81991,0.0,0.0,0.0,0.0236,-0.0158
2016-03-25,节能风电,sh601016,11.35,11.1,11.17,11.29,11.18,11.29,57438,0.0,0.0,0.0,0.0223,0.0107
