2016-03-25
2014-09-09,福斯特,sh603806,43.05,43.05,43.05,43.05,39.14,43.050007,188513,0.003142,0.0,0.0,0.0,0.0
2014-09-10,福斯特,sh603806,47.36,47.36,47.36,47.36,43.05,47.36,363070,0.006051,0.0,0.0,0.0,0.0
2014-09-11,福斯特,sh603806,52.1,52.1,52.1,52.1,47.36,52.09998,927409,0.015457,0.0,0.0,0.0,0.0
2014-09-12,福斯特,sh603806,57.31,52.0,57.31,53.18,52.1,53.179962,34001910,0.566698,0.0,0.0,0.1019,-0.072
2014-09-15,福斯特,sh603806,52.0,50.3,51.08,50.67,53.18,50.669975,13777413,0.229624,0.0,0.0,0.0319,-0.008
2014-09-16,福斯特,sh603806,50.68,47.56,50.1,47.78,50.67,47.77996,13086265,0.218104,0.0,0.0,0.0615,-0.0463
2014-09-17,福斯特,sh603806,48.38,46.51,47.66,47.83,47.78,47.829937,6758281,0.112638,0.0,0.0,0.0391,0.0035
2014-09-18,福斯特,sh603806,47.5,46.53,47.5,46.59,47.83,46.589947,5761521,0.096025,0.0,0.0,0.0202,-0.0191
2014-09-19,福斯特,sh603806,46.99,46.2,46.65,46.61,46.59,46.609936,3576601,0.05961,0.0,0.0,0.0169,-8.0E-4
2014-09-22,福斯特,sh603806,46.5,44.53,46.4,45.0,46.61,44.999935,6742574,0.112376,0.0,0.0,0.0422,-0.0301
2014-09-23,福斯特,sh603806,45.34,44.82,45.0,45.08,45.0,45.079945,3498182,0.058303,0.0,0.0,0.0115,0.0017
2014-09-24,福斯特,sh603806,46.83,44.8,44.99,45.93,45.08,45.929928,6693279,0.111555,0.0,0.0,0.045,0.0208
2014-09-25,福斯特,sh603806,46.29,45.02,45.93,45.13,45.93,45.129917,3992022,0.066534,0.0,0.0,0.0276,-0.0174
2014-09-26,福斯特,sh603806,45.12,44.6,45.03,44.63,45.13,44.629925,2843571,0.047393,0.0,0.0,0.0115,-0.0088
2014-09-29,福斯特,sh603806,45.74,44.82,44.82,45.26,44.63,45.259922,3017420,0.05029,0.0,0.0,0.0206,0.0098
2014-09-30,福斯特,sh603806,45.78,45.27,45.27,45.62,45.26,45.61992,2692301,0.044872,0.0,0.0,0.0112,0.0077
2014-10-08,福斯特,sh603806,45.79,45.23,45.62,45.67,45.62,45.669918,2542987,0.042383,0.0,0.0,0.0122,0.001
2014-10-09,福斯特,sh603806,45.73,45.01,45.69,45.19,45.67,45.189926,3375444,0.056257,0.0,0.0,0.0157,-0.0109
2014-10-10,福斯特,sh603806,45.0,44.66,45.0,44.73,45.19,44.72994,3007885,0.050131,0.0,0.0,0.0075,-0.006
2014-10-13,福斯特,sh603806,44.6,43.78,44.6,44.0,44.73,43.999947,3495644,0.058261,0.0,0.0,0.0183,-0.0134
2014-10-14,福斯特,sh603806,44.47,43.8,44.04,44.39,44.0,44.38996,2462698,0.041045,0.0,0.0,0.0152,0.0079
2014-10-15,福斯特,sh603806,44.35,43.82,44.29,44.16,44.39,44.159977,1944933,0.032416,0.0,0.0,0.0119,-0.0029
2014-10-16,福斯特,sh603806,44.45,43.79,43.88,43.96,44.16,43.959976,2667676,0.044461,0.0,0.0,0.0149,0.0018
2014-10-17,福斯特,sh603806,45.24,44.1,44.4,45.19,43.96,45.189976,6306604,0.10511,0.0,0.0,0.0259,0.0177
2014-10-20,福斯特,sh603806,45.18,44.53,45.18,44.75,45.19,44.74996,3026383,0.05044,0.0,0.0,0.0143,-0.0095
2014-10-21,福斯特,sh603806,45.16,44.6,44.71,44.98,44.75,44.979977,3464805,0.057747,0.0,0.0,0.0125,0.006
2014-10-22,福斯特,sh603806,46.48,45.08,45.08,45.53,44.98,45.52999,6225157,0.103753,0.0,0.0,0.0311,0.0099
2014-10-23,福斯特,sh603806,45.38,43.51,45.29,43.54,45.53,43.540012,4567248,0.076121,0.0,0.0,0.041,-0.0386
2014-10-24,福斯特,sh603806,43.8,41.88,43.56,42.07,43.54,42.070015,4109660,0.068494,0.0,0.0,0.044,-0.0342
2014-10-27,福斯特,sh603806,42.1,40.86,42.1,40.91,42.07,40.91002,2779860,0.046331,0.0,0.0,0.0294,-0.0282
2014-10-28,福斯特,sh603806,41.88,41.15,41.15,41.86,40.91,41.86003,2342286,0.039038,0.0,0.0,0.0178,0.0172
2014-10-29,福斯特,sh603806,42.58,41.9,41.9,42.39,41.86,42.39002,3196411,0.053274,0.0,0.0,0.0162,0.0116
2014-10-30,福斯特,sh603806,42.57,42.04,42.44,42.1,42.39,42.10003,2643620,0.04406,0.0,0.0,0.0125,-0.008
2014-10-31,福斯特,sh603806,43.55,42.12,42.12,43.23,42.1,43.230038,4782094,0.079702,0.0,0.0,0.0339,0.0263
2014-11-03,福斯特,sh603806,43.48,42.95,43.15,43.21,43.23,43.210022,2877299,0.047955,0.0,0.0,0.0122,0.0013
2014-11-04,福斯特,sh603806,43.21,42.27,43.21,42.28,43.21,42.280014,3221951,0.053699,0.0,0.0,0.0217,-0.0215
2014-11-05,福斯特,sh603806,43.36,42.18,42.4,43.06,42.28,43.059994,2908065,0.048468,0.0,0.0,0.0279,0.0155
2014-11-06,福斯特,sh603806,44.66,42.78,42.9,44.61,43.06,44.60998,6458943,0.107649,0.0,0.0,0.0436,0.0398
2014-11-07,福斯特,sh603806,48.91,44.53,44.6,46.4,44.61,46.4,14267597,0.237793,0.0,0.0,0.0981,0.0403
2014-11-10,福斯特,sh603806,47.5,45.62,46.43,46.64,46.4,46.639984,6750187,0.112503,0.0,0.0,0.0405,0.0045
2014-11-11,福斯特,sh603806,46.8,44.7,46.77,45.04,46.64,45.039997,6605481,0.110091,0.0,0.0,0.045,-0.0369
2014-11-12,福斯特,sh603806,48.6,44.73,44.81,48.13,45.04,48.130013,11000153,0.183336,0.0,0.0,0.0859,0.074
2014-11-13,福斯特,sh603806,49.3,47.0,47.1,47.51,48.13,47.510002,10779299,0.179655,0.0,0.0,0.0477,0.0087
2014-11-14,福斯特,sh603806,47.2,44.7,47.2,45.03,47.51,45.02998,6537966,0.108966,0.0,0.0,0.0526,-0.0459
2014-11-17,福斯特,sh603806,45.62,44.08,44.81,44.69,45.03,44.689957,3553750,0.059229,0.0,0.0,0.0341,-0.0026
2014-11-18,福斯特,sh603806,45.59,44.49,44.74,45.34,44.69,45.339973,2685572,0.04476,0.0,0.0,0.0246,0.0134
2014-11-19,福斯特,sh603806,45.27,44.28,45.24,44.51,45.34,44.50998,3237974,0.053966,0.0,0.0,0.0218,-0.0161
2014-11-20,福斯特,sh603806,45.33,44.28,44.45,44.68,44.51,44.679962,2718619,0.04531,0.0,0.0,0.0235,0.0051
2014-11-21,福斯特,sh603806,45.48,44.52,44.71,44.98,44.68,44.979946,3066464,0.051108,0.0,0.0,0.0214,0.006
2014-11-24,福斯特,sh603806,45.43,44.71,45.26,44.77,44.98,44.76993,3881553,0.064693,0.0,0.0,0.016,-0.0108
2014-11-25,福斯特,sh603806,45.09,43.18,44.76,43.49,44.77,43.489914,6085156,0.101419,0.0,0.0,0.0426,-0.0283
2014-11-26,福斯特,sh603806,43.83,43.28,43.4,43.67,43.49,43.66992,3159877,0.052665,0.0,0.0,0.0126,0.0062
2014-11-27,福斯特,sh603806,44.99,43.87,43.87,44.66,43.67,44.659916,4470654,0.074511,0.0,0.0,0.0256,0.018
2014-11-28,福斯特,sh603806,44.95,43.87,44.7,44.03,44.66,44.0299,3475979,0.057933,0.0,0.0,0.0241,-0.0149
2014-12-01,福斯特,sh603806,44.15,43.35,44.13,43.62,44.03,43.619892,2858561,0.047643,0.0,0.0,0.0181,-0.0115
2014-12-02,福斯特,sh603806,44.87,43.61,43.64,44.59,43.62,44.589912,3990310,0.066505,0.0,0.0,0.0288,0.0217
2014-12-03,福斯特,sh603806,44.7,43.8,44.48,44.36,44.59,44.359917,3675851,0.061264,0.0,0.0,0.0201,-0.0026
2014-12-04,福斯特,sh603806,44.63,43.5,44.38,44.39,44.36,44.389904,3529392,0.058823,0.0,0.0,0.0254,2.0E-4
2014-12-05,福斯特,sh603806,44.55,42.88,44.55,43.02,44.39,43.0199,4914081,0.081901,0.0,0.0,0.0376,-0.0343
2014-12-08,福斯特,sh603806,43.47,42.46,42.89,43.32,43.02,43.31992,2773164,0.046219,0.0,0.0,0.0234,0.01
2014-12-09,福斯特,sh603806,43.1,41.21,43.01,41.33,43.32,41.329933,4448820,0.074147,0.0,0.0,0.0436,-0.039
2014-12-10,福斯特,sh603806,42.33,41.33,41.33,42.18,41.33,42.179924,1951948,0.032532,0.0,0.0,0.0241,0.0205
2014-12-11,福斯特,sh603806,42.48,41.71,42.24,42.45,42.18,42.449917,1812458,0.030208,0.0,0.0,0.0182,0.0049
2014-12-12,福斯特,sh603806,42.48,42.02,42.48,42.41,42.45,42.40993,1621714,0.027029,0.0,0.0,0.0108,-0.0016
2014-12-15,福斯特,sh603806,42.92,42.03,42.3,42.74,42.41,42.73992,1941364,0.032356,0.0,0.0,0.0209,0.0104
2014-12-16,福斯特,sh603806,42.85,42.2,42.67,42.27,42.74,42.269913,1551491,0.025858,0.0,0.0,0.0152,-0.0093
2014-12-17,福斯特,sh603806,42.55,41.24,42.55,41.48,42.27,41.47993,2420975,0.04035,0.0,0.0,0.0309,-0.0251
2014-12-18,福斯特,sh603806,42.06,41.09,41.38,41.59,41.48,41.589935,1867062,0.031118,0.0,0.0,0.0233,0.005
2014-12-19,福斯特,sh603806,41.75,40.01,41.7,40.09,41.59,40.08995,2955898,0.049265,0.0,0.0,0.0418,-0.0386
2014-12-22,福斯特,sh603806,40.08,37.1,40.08,37.11,40.09,37.109943,3420113,0.057002,0.0,0.0,0.0743,-0.0741
2014-12-23,福斯特,sh603806,39.47,37.11,37.11,38.21,37.11,38.209957,2690178,0.044836,0.0,0.0,0.0635,0.0296
2014-12-24,福斯特,sh603806,39.38,38.52,38.55,39.24,38.21,39.239944,1947171,0.032453,0.0,0.0,0.0225,0.0178
2014-12-25,福斯特,sh603806,39.6,38.53,39.46,38.98,39.24,38.979942,1788908,0.029815,0.0,0.0,0.0272,-0.0121
2014-12-26,福斯特,sh603806,39.08,38.7,38.95,38.86,38.98,38.859924,1150870,0.019181,0.0,0.0,0.0097,-0.0023
2014-12-29,福斯特,sh603806,38.9,37.8,38.9,37.97,38.86,37.969913,1428613,0.02381,0.0,0.0,0.0283,-0.0239
2014-12-30,福斯特,sh603806,38.48,37.91,37.97,38.04,37.97,38.03993,978543,0.016309,0.0,0.0,0.015,0.0018
2014-12-31,福斯特,sh603806,38.3,37.71,38.04,38.18,38.04,38.179916,964373,0.016073,0.0,0.0,0.0155,0.0036
2015-01-01,福斯特,sh603806,38.18,38.18,38.18,38.18,38.18,37.88,0,0.0,0.0,0.0,0.0,0.0
2015-01-02,福斯特,sh603806,38.18,38.18,38.18,38.18,38.18,37.88,0,0.0,0.0,0.0,0.0,0.0
2015-01-05,福斯特,sh603806,38.89,38.16,38.44,38.78,38.18,38.47,15291,0.025486,0.0,0.0,0.0191,0.0088
2015-01-06,福斯特,sh603806,39.5,38.44,38.5,39.47,38.78,39.16,20977,0.034962,0.0,0.0,0.0273,0.0251
2015-01-07,福斯特,sh603806,39.47,38.75,39.47,39.01,39.47,38.7,14670,0.02445,0.0,0.0,0.0182,-0.0116
2015-01-08,福斯特,sh603806,39.19,38.8,38.84,38.83,39.01,38.52,12690,0.021151,0.0,0.0,0.0099,-2.0E-4
2015-01-09,福斯特,sh603806,38.91,38.2,38.67,38.28,38.83,37.98,15374,0.025624,0.0,0.0,0.0182,-0.01
2015-01-12,福斯特,sh603806,38.19,37.15,38.19,37.25,38.28,36.96,15508,0.025847,0.0,0.0,0.0271,-0.0246
2015-01-13,福斯特,sh603806,37.88,37.19,37.3,37.76,37.25,37.46,11355,0.018926,0.0,0.0,0.0185,0.0123
2015-01-14,福斯特,sh603806,37.83,36.98,37.58,37.14,37.76,36.85,16157,0.026929,0.0,0.0,0.0225,-0.0117
2015-01-15,福斯特,sh603806,37.9,37.21,37.21,37.54,37.14,37.24,10947,0.018246,0.0,0.0,0.0185,0.0088
2015-01-16,福斯特,sh603806,38.15,37.42,37.54,38.04,37.54,37.74,15512,0.025854,0.0,0.0,0.0194,0.0133
2015-01-19,福斯特,sh603806,38.98,37.28,37.84,38.07,38.04,37.77,28503,0.047507,0.0,0.0,0.0446,0.006
2015-01-20,福斯特,sh603806,40.15,38.25,38.55,40.03,38.07,39.71,44710,0.074518,0.0,0.0,0.0499,0.0383
2015-01-21,福斯特,sh603806,40.3,39.57,40.09,39.95,40.03,39.64,29617,0.049363,0.0,0.0,0.0182,-0.0034
2015-01-22,福斯特,sh603806,40.44,39.7,39.99,40.28,39.95,39.96,23723,0.039538,0.0,0.0,0.0185,0.0072
2015-01-23,福斯特,sh603806,40.5,39.5,40.28,39.53,40.28,39.22,21407,0.035679,0.0,0.0,0.0248,-0.0186
2015-01-26,福斯特,sh603806,39.78,39.22,39.5,39.72,39.53,39.41,14263,0.023772,0.0,0.0,0.0141,0.0055
2015-01-27,福斯特,sh603806,39.75,39.03,39.7,39.38,39.72,39.07,15745,0.026243,0.0,0.0,0.0181,-0.008
2015-01-28,福斯特,sh603806,40.2,39.21,39.44,39.96,39.38,39.64,22831,0.038052,0.0,0.0,0.0251,0.0131
2015-01-29,福斯特,sh603806,39.96,39.4,39.7,39.6,39.96,39.29,12162,0.02027,0.0,0.0,0.014,-0.0025
2015-01-30,福斯特,sh603806,39.84,39.02,39.71,39.05,39.6,38.74,11758,0.019597,0.0,0.0,0.0207,-0.0166
2015-02-02,福斯特,sh603806,39.0,38.54,39.0,38.63,39.05,38.33,8435,0.014059,0.0,0.0,0.0117,-0.0094
2015-02-03,福斯特,sh603806,39.6,38.69,38.69,39.48,38.63,39.17,13224,0.022041,0.0,0.0,0.0235,0.0204
2015-02-04,福斯特,sh603806,39.87,39.21,39.54,39.24,39.48,38.93,11483,0.019139,0.0,0.0,0.0167,-0.0075
2015-02-05,福斯特,sh603806,39.71,38.76,39.52,38.78,39.24,38.47,10336,0.017227,0.0,0.0,0.0242,-0.0187
2015-02-06,福斯特,sh603806,38.78,37.55,38.78,37.69,38.78,37.39,14367,0.023946,0.0,0.0,0.0317,-0.0281
2015-02-09,福斯特,sh603806,37.71,37.3,37.71,37.5,37.69,37.2,7815,0.013026,0.0,0.0,0.0108,-0.0055
2015-02-10,福斯特,sh603806,37.64,37.03,37.48,37.38,37.5,37.09,9861,0.016436,0.0,0.0,0.0162,-0.0026
2015-02-11,福斯特,sh603806,37.94,37.38,37.38,37.59,37.38,37.29,8617,0.014363,0.0,0.0,0.0149,0.0056
2015-02-12,福斯特,sh603806,38.12,37.7,37.73,38.0,37.59,37.7,8902,0.014838,0.0,0.0,0.0111,0.0071
2015-02-13,福斯特,sh603806,38.81,38.22,38.38,38.45,38.0,38.15,12319,0.020533,0.0,0.0,0.0155,0.0018
2015-02-16,福斯特,sh603806,39.04,38.48,38.48,39.02,38.45,38.71,11131,0.018553,0.0,0.0,0.0145,0.014
2015-02-17,福斯特,sh603806,39.25,38.8,39.14,38.9,39.02,38.59,10039,0.016733,0.0,0.0,0.0115,-0.0061
2015-02-18,福斯特,sh603806,38.9,38.9,38.9,38.9,38.9,38.59,0,0.0,0.0,0.0,0.0,0.0
2015-02-19,福斯特,sh603806,38.9,38.9,38.9,38.9,38.9,38.59,0,0.0,0.0,0.0,0.0,0.0
2015-02-20,福斯特,sh603806,38.9,38.9,38.9,38.9,38.9,38.59,0,0.0,0.0,0.0,0.0,0.0
2015-02-23,福斯特,sh603806,38.9,38.9,38.9,38.9,38.9,38.59,0,0.0,0.0,0.0,0.0,0.0
2015-02-24,福斯特,sh603806,38.9,38.9,38.9,38.9,38.9,38.59,0,0.0,0.0,0.0,0.0,0.0
2015-02-25,福斯特,sh603806,39.1,38.33,38.91,38.36,38.9,38.06,8595,0.014325,0.0,0.0,0.0197,-0.0141
2015-02-26,福斯特,sh603806,39.03,38.36,38.36,38.99,38.36,38.68,8035,0.013392,0.0,0.0,0.0174,0.0164
2015-02-27,福斯特,sh603806,39.41,38.88,39.09,39.34,38.99,39.03,14534,0.024224,0.0,0.0,0.0135,0.0063
2015-03-02,福斯特,sh603806,39.78,39.24,39.41,39.73,39.34,39.42,16542,0.027571,0.0,0.0,0.0137,0.0081
2015-03-03,福斯特,sh603806,39.5,39.07,39.5,39.1,39.73,38.79,21371,0.035618,0.0,0.0,0.0108,-0.0101
2015-03-04,福斯特,sh603806,39.5,38.93,39.0,39.47,39.1,39.16,15340,0.025567,0.0,0.0,0.0145,0.012
2015-03-05,福斯特,sh603806,40.99,39.42,39.7,40.96,39.47,40.64,50596,0.084328,0.0,0.0,0.0397,0.0317
2015-03-06,福斯特,sh603806,44.55,40.99,41.11,42.87,40.96,42.53,95577,0.159296,0.0,0.0,0.0869,0.0428
2015-03-09,福斯特,sh603806,42.96,40.9,42.96,41.99,42.87,41.66,41483,0.069139,0.0,0.0,0.048,-0.0225
2015-03-10,福斯特,sh603806,45.56,41.58,41.88,44.69,41.99,44.34,112419,0.187367,0.0,0.0,0.0947,0.067
2015-03-11,福斯特,sh603806,44.57,43.69,44.06,43.79,44.69,43.44,57716,0.096194,0.0,0.0,0.0196,-0.0061
2015-03-12,福斯特,sh603806,43.7,41.43,43.7,42.21,43.79,41.88,55775,0.092959,0.0,0.0,0.0518,-0.034
2015-03-13,福斯特,sh603806,42.7,41.68,41.68,42.3,42.21,41.97,26160,0.043601,0.0,0.0,0.0241,0.0148
2015-03-16,福斯特,sh603806,43.68,42.56,42.69,43.53,42.3,43.19,42865,0.071443,0.0,0.0,0.0264,0.0196
2015-03-17,福斯特,sh603806,43.79,43.01,43.55,43.4,43.53,43.06,43812,0.073021,0.0,0.0,0.0179,-0.0034
2015-03-18,福斯特,sh603806,44.0,43.21,43.4,43.98,43.4,43.63,43278,0.07213,0.0,0.0,0.0182,0.0133
2015-03-19,福斯特,sh603806,43.98,43.09,43.82,43.39,43.98,43.05,35717,0.05953,0.0,0.0,0.0202,-0.0098
2015-03-20,福斯特,sh603806,43.77,43.02,43.37,43.16,43.39,42.82,28704,0.04784,0.0,0.0,0.0172,-0.0048
2015-03-23,福斯特,sh603806,44.36,43.16,43.16,44.0,43.16,43.65,46560,0.0776,0.0,0.0,0.0278,0.0194
2015-03-24,福斯特,sh603806,44.0,42.39,44.0,43.13,44.0,42.79,49178,0.081964,0.0,0.0,0.0365,-0.0197
2015-03-25,福斯特,sh603806,43.84,42.61,43.15,43.66,43.13,43.32,48786,0.08131,0.0,0.0,0.0285,0.0118
2015-03-26,福斯特,sh603806,44.02,43.0,43.11,44.0,43.66,43.65,50363,0.083939,0.0,0.0,0.0233,0.0206
2015-03-27,福斯特,sh603806,46.85,44.11,44.11,45.48,44.0,45.12,83100,0.138501,0.0,0.0,0.0622,0.031
2015-03-30,福斯特,sh603806,45.5,44.74,45.02,45.11,45.48,44.75,43308,0.072181,0.0,0.0,0.0167,0.0019
2015-03-31,福斯特,sh603806,45.44,44.68,45.12,44.72,45.11,44.37,37388,0.062315,0.0,0.0,0.0168,-0.0088
2015-04-01,福斯特,sh603806,45.05,44.2,44.61,44.94,44.72,44.59,32717,0.054529,0.0,0.0,0.019,0.0073
2015-04-02,福斯特,sh603806,45.29,44.71,45.02,45.15,44.94,44.79,36371,0.060618,0.0,0.0,0.0129,0.0028
2015-04-03,福斯特,sh603806,46.59,44.76,45.01,46.39,45.15,46.02,64866,0.108111,0.0,0.0,0.0405,0.0306
2015-04-06,福斯特,sh603806,46.39,46.39,46.39,46.39,46.39,46.02,0,0.0,0.0,0.0,0.0,0.0
2015-04-07,福斯特,sh603806,47.29,45.9,46.53,47.16,46.39,46.79,62780,0.104634,0.0,0.0,0.0299,0.0135
2015-04-08,福斯特,sh603806,47.38,45.45,47.37,45.85,47.16,45.49,58238,0.097064,0.0,0.0,0.0409,-0.032
2015-04-09,福斯特,sh603806,46.63,44.44,45.8,45.61,45.85,45.25,45514,0.075858,0.0,0.0,0.0477,-0.0041
2015-04-10,福斯特,sh603806,46.0,44.01,44.28,45.92,45.61,45.56,62018,0.103365,42.721844,4.855109,0.0436,0.037
2015-04-13,福斯特,sh603806,47.25,45.88,45.93,47.2,45.92,46.83,70608,0.117681,43.912712,4.990445,0.0298,0.0276
2015-04-14,福斯特,sh603806,47.1,45.98,47.05,46.05,47.2,45.69,49853,0.08309,42.842827,4.868858,0.0237,-0.0212
2015-04-15,福斯特,sh603806,46.08,44.14,46.08,44.26,46.05,43.91,39779,0.066299,41.177483,4.679601,0.0421,-0.0394
2015-04-16,福斯特,sh603806,46.63,43.5,44.01,46.34,44.26,45.97,59380,0.098967,43.112617,4.899518,0.0707,0.0529
2015-04-17,福斯特,sh603806,47.94,46.6,46.71,46.71,46.34,46.34,63128,0.105215,43.45683,4.938636,0.0289,0.0
2015-04-20,福斯特,sh603806,46.98,45.58,46.25,46.41,46.71,46.04,52511,0.087519,43.177704,4.906915,0.0299,0.0034
2015-04-21,福斯特,sh603806,51.05,46.6,46.6,51.05,46.41,50.65,115699,0.192833,47.494526,5.397499,0.0958,0.0954
2015-04-22,福斯特,sh603806,54.87,50.54,51.97,54.52,51.05,54.09,115040,0.191734,50.72287,5.764383,0.0848,0.049
2015-04-23,福斯特,sh603806,54.75,53.02,53.75,54.16,54.52,53.73,58298,0.097164,50.387947,5.726321,0.0317,0.0076
2015-04-24,福斯特,sh603806,56.46,53.02,53.13,55.02,54.16,54.59,54637,0.091063,51.188057,5.817249,0.0635,0.0355
2015-04-27,福斯特,sh603806,57.5,54.33,57.5,54.4,55.02,53.97,47775,0.079626,50.61122,5.751695,0.0576,-0.0539
2015-04-28,福斯特,sh603806,55.6,53.31,55.6,54.28,54.4,53.85,39201,0.065336,50.499573,5.739006,0.042,-0.0237
2015-04-29,福斯特,sh603806,56.68,53.0,53.85,56.35,54.28,55.91,52091,0.086819,52.425423,5.957869,0.0677,0.0464
2015-04-30,福斯特,sh603806,58.77,56.0,56.19,56.38,56.35,55.94,41683,0.069472,52.453316,5.961039,0.0491,0.0033
2015-05-01,福斯特,sh603806,56.38,56.38,56.38,56.38,56.38,55.94,0,0.0,0.0,0.0,0.0,0.0
2015-05-04,福斯特,sh603806,57.49,55.51,56.0,56.83,56.38,56.38,34899,0.058166,52.871998,6.00862,0.0351,0.0148
2015-05-05,福斯特,sh603806,56.76,52.65,56.06,53.4,56.83,52.98,36238,0.060397,49.68091,5.645969,0.0723,-0.0474
2015-05-06,福斯特,sh603806,53.79,51.5,53.5,52.04,53.4,51.63,37680,0.0628,48.415634,5.502178,0.0428,-0.0272
2015-05-07,福斯特,sh603806,53.19,51.01,52.0,52.07,52.04,51.66,20949,0.034917,48.44352,5.505347,0.0418,0.0013
2015-05-08,福斯特,sh603806,54.5,52.22,52.56,54.49,52.07,54.06,26220,0.0437,50.69498,5.761214,0.0437,0.0367
2015-05-11,福斯特,sh603806,55.7,54.3,54.68,55.15,54.49,54.72,42848,0.071413,51.309,5.830993,0.0256,0.0085
2015-05-12,福斯特,sh603806,57.06,54.71,55.23,56.69,55.15,56.24,39965,0.066609,52.741753,5.993818,0.0426,0.0264
2015-05-13,福斯特,sh603806,57.37,54.89,56.69,57.08,56.69,56.63,46626,0.07771,53.104614,6.035056,0.0437,0.0068
2015-05-14,福斯特,sh603806,57.08,57.08,57.08,57.08,57.08,56.63,0,0.0,0.0,0.0,0.0,0.0
2015-05-15,福斯特,sh603806,57.08,57.08,57.08,57.08,57.08,56.63,0,0.0,0.0,0.0,0.0,0.0
2015-05-18,福斯特,sh603806,57.08,57.08,57.08,57.08,57.08,56.63,0,0.0,0.0,0.0,0.0,0.0
2015-05-19,福斯特,sh603806,57.08,57.08,57.08,57.08,57.08,56.63,0,0.0,0.0,0.0,0.0,0.0
2015-05-20,福斯特,sh603806,57.08,57.08,57.08,57.08,57.08,56.63,0,0.0,0.0,0.0,0.0,0.0
2015-05-21,福斯特,sh603806,57.08,57.08,57.08,57.08,57.08,57.08,0,0.0,0.0,0.0,0.0,0.0
2015-05-22,福斯特,sh603806,57.08,57.08,57.08,57.08,57.08,57.08,0,0.0,0.0,0.0,0.0,0.0
2015-05-25,福斯特,sh603806,57.08,57.08,57.08,57.08,57.08,57.08,0,0.0,0.0,0.0,0.0,0.0
2015-05-26,福斯特,sh603806,57.08,57.08,57.08,57.08,57.08,57.08,0,0.0,0.0,0.0,0.0,0.0
2015-05-27,福斯特,sh603806,57.08,57.08,57.08,57.08,57.08,57.08,0,0.0,0.0,0.0,0.0,0.0
2015-05-28,福斯特,sh603806,57.08,57.08,57.08,57.08,57.08,57.08,0,0.0,0.0,0.0,0.0,0.0
2015-05-29,福斯特,sh603806,57.08,57.08,57.08,57.08,57.08,57.08,0,0.0,0.0,0.0,0.0,0.0
2015-06-01,福斯特,sh603806,57.08,57.08,57.08,57.08,57.08,57.08,0,0.0,0.0,0.0,0.0,0.0
2015-06-02,福斯特,sh603806,57.08,57.08,57.08,57.08,57.08,57.08,0,0.0,0.0,0.0,0.0,0.0
2015-06-03,福斯特,sh603806,57.08,57.08,57.08,57.08,57.08,57.08,0,0.0,0.0,0.0,0.0,0.0
2015-06-04,福斯特,sh603806,57.08,57.08,57.08,57.08,57.08,57.08,0,0.0,0.0,0.0,0.0,0.0
2015-06-05,福斯特,sh603806,62.29,62.29,62.29,62.29,57.08,62.29,10167,0.016947,58.412262,6.638241,0.0,0.0
2015-06-08,福斯特,sh603806,66.0,58.45,62.66,64.98,62.29,64.98,80675,0.134451,60.934803,6.924915,0.1212,0.037
2015-06-09,福斯特,sh603806,67.0,62.7,64.98,65.23,64.98,65.23,47083,0.078468,61.16924,6.951557,0.0661,0.0038
2015-06-10,福斯特,sh603806,66.3,63.02,63.95,65.99,65.23,65.99,49457,0.082437,61.881927,7.03255,0.0502,0.0318
2015-06-11,福斯特,sh603806,67.91,65.03,65.08,66.27,65.99,66.27,33760,0.056269,62.144497,7.06239,0.0436,0.0182
2015-06-12,福斯特,sh603806,66.38,63.68,65.41,63.96,66.27,63.96,32965,0.054936,59.978302,6.816213,0.0407,-0.0221
2015-06-15,福斯特,sh603806,65.28,60.7,64.01,61.81,63.96,61.81,31667,0.052773,57.962147,6.587088,0.0716,-0.0343
2015-06-16,福斯特,sh603806,67.99,59.81,62.0,66.02,61.81,66.02,51640,0.086071,61.91006,7.035747,0.1323,0.0648
2015-06-17,福斯特,sh603806,72.0,64.5,65.2,71.63,66.02,71.63,52537,0.087558,67.17082,7.633605,0.1136,0.0986
2015-06-18,福斯特,sh603806,73.49,67.47,70.1,68.24,71.63,68.24,27228,0.045384,63.99186,7.272333,0.084,-0.0265
2015-06-19,福斯特,sh603806,66.77,61.6,65.96,64.43,68.24,64.43,22945,0.03824,60.41904,6.866301,0.0757,-0.0231
2015-06-22,福斯特,sh603806,64.43,64.43,64.43,64.43,64.43,64.43,0,0.0,0.0,0.0,0.0,0.0
2015-06-23,福斯特,sh603806,68.98,64.0,64.66,68.9,64.43,68.9,33423,0.055705,64.61077,7.342669,0.0772,0.0655
2015-06-24,福斯特,sh603806,71.45,65.0,70.0,67.53,68.9,67.53,38428,0.064044,63.326057,7.196668,0.0936,-0.0352
2015-06-25,福斯特,sh603806,67.0,63.6,66.85,65.35,67.53,65.35,26231,0.043718,61.28177,6.964345,0.0503,-0.0224
2015-06-26,福斯特,sh603806,63.86,58.82,63.1,62.94,65.35,62.94,30367,0.050617,59.021797,6.707512,0.0771,-0.0025
2015-06-29,福斯特,sh603806,64.69,56.65,63.59,62.65,62.94,62.65,43788,0.07298,58.74985,6.676607,0.1277,-0.0147
2015-06-30,福斯特,sh603806,66.0,56.81,61.0,65.19,62.65,65.19,35467,0.059118,61.13173,6.947294,0.1466,0.0686
2015-07-01,福斯特,sh603806,68.49,63.0,65.0,63.25,65.19,63.25,32137,0.053562,59.3125,6.740549,0.0842,-0.0269
2015-07-02,福斯特,sh603806,63.21,56.93,61.01,60.02,63.25,60.02,31136,0.051896,56.283577,6.396328,0.0992,-0.0162
2015-07-03,福斯特,sh603806,58.87,54.02,58.47,55.34,60.02,55.34,28552,0.047592,51.89492,5.89758,0.0808,-0.0535
2015-07-06,福斯特,sh603806,60.44,49.81,60.44,52.67,55.34,52.67,39323,0.065542,49.391136,5.613039,0.192,-0.1285
2015-07-07,福斯特,sh603806,50.87,47.4,48.35,47.4,52.67,47.4,6483,0.010805,44.44921,5.051415,0.0658,-0.0196
2015-07-08,福斯特,sh603806,47.4,47.4,47.4,47.4,47.4,47.4,0,0.0,0.0,0.0,0.0,0.0
2015-07-09,福斯特,sh603806,47.4,47.4,47.4,47.4,47.4,47.4,0,0.0,0.0,0.0,0.0,0.0
2015-07-10,福斯特,sh603806,47.4,47.4,47.4,47.4,47.4,47.4,0,0.0,0.0,0.0,0.0,0.0
2015-07-13,福斯特,sh603806,52.14,50.92,52.14,52.14,47.4,52.14,26685,0.044481,48.89413,5.556557,0.0257,0.0
2015-07-14,福斯特,sh603806,56.47,52.11,54.0,53.42,52.14,53.42,38343,0.063909,50.094448,5.692966,0.0836,-0.0107
2015-07-15,福斯特,sh603806,51.0,48.08,51.0,49.15,53.42,49.15,30334,0.050557,46.090267,5.237912,0.0546,-0.0362
2015-07-16,福斯特,sh603806,49.0,44.35,45.8,47.85,49.15,47.85,26433,0.044055,44.871197,5.099372,0.0946,0.0447
2015-07-17,福斯特,sh603806,50.94,47.22,47.65,49.72,47.85,49.72,27845,0.046411,46.624783,5.298657,0.0777,0.0434
2015-07-20,福斯特,sh603806,51.19,47.9,51.0,48.39,49.72,48.39,27906,0.046516,45.37758,5.156919,0.0661,-0.0511
2015-07-21,福斯特,sh603806,50.28,46.72,48.28,48.85,48.39,48.85,37655,0.062758,45.808945,5.205941,0.0735,0.0118
2015-07-22,福斯特,sh603806,50.0,47.15,48.86,49.18,48.85,49.18,38190,0.063646,46.1184,5.24111,0.0583,0.0065
2015-07-23,福斯特,sh603806,52.63,48.06,49.13,51.9,49.18,51.9,52453,0.087422,48.66907,5.53098,0.0929,0.0563
2015-07-24,福斯特,sh603806,52.24,49.93,51.5,50.07,51.9,50.07,41624,0.069378,46.952995,5.335957,0.0445,-0.0277
2015-07-27,福斯特,sh603806,49.4,45.06,49.0,45.06,50.07,45.06,31448,0.052406,42.254883,4.802041,0.0866,-0.0804
2015-07-28,福斯特,sh603806,43.78,40.55,40.57,40.62,45.06,40.62,43485,0.072487,38.11004,4.331002,0.0716,0.0012
2015-07-29,福斯特,sh603806,44.01,39.79,41.5,43.79,40.62,43.79,35759,0.059607,41.017056,4.661369,0.1038,0.0551
2015-07-30,福斯特,sh603806,45.57,42.16,43.0,42.76,43.79,42.76,37771,0.062942,39.9574,4.540945,0.0778,-0.0055
2015-07-31,福斯特,sh603806,42.75,40.8,41.58,41.9,42.76,41.9,26536,0.044234,39.469772,4.485529,0.0456,0.0076
2015-08-03,福斯特,sh603806,42.1,39.6,41.0,40.8,41.9,40.8,27722,0.046196,38.87899,4.41839,0.0596,-0.0048
2015-08-04,福斯特,sh603806,44.09,41.03,41.03,44.08,40.8,44.08,49417,0.082368,41.32651,4.696537,0.075,0.0743
2015-08-05,福斯特,sh603806,43.99,42.2,43.5,42.9,44.08,42.9,39573,0.065955,40.229347,4.57185,0.0406,-0.0137
2015-08-06,福斯特,sh603806,42.75,41.45,41.8,42.06,42.9,42.06,26467,0.044105,39.441643,4.482332,0.0303,0.0062
2015-08-07,福斯特,sh603806,43.65,42.21,42.41,43.59,42.06,43.59,36633,0.061064,40.876392,4.645384,0.0342,0.0278
2015-08-10,福斯特,sh603806,45.88,43.6,43.7,45.6,43.59,45.6,44867,0.074778,42.761265,4.859589,0.0523,0.0434
2015-08-11,福斯特,sh603806,45.82,44.46,45.82,44.96,45.6,44.96,42977,0.071618,42.161106,4.791384,0.0298,-0.0187
2015-08-12,福斯特,sh603806,47.06,44.32,44.58,44.86,44.96,44.86,42092,0.070143,42.067333,4.780727,0.0609,0.0062
2015-08-13,福斯特,sh603806,45.57,44.2,44.61,45.47,44.86,45.47,28979,0.048302,42.63936,4.845735,0.0305,0.0192
2015-08-14,福斯特,sh603806,45.86,44.9,45.78,45.47,45.47,45.47,31071,0.051789,42.63936,4.845735,0.0211,-0.0067
2015-08-17,福斯特,sh603806,45.5,43.0,45.4,44.66,45.47,44.66,24599,0.040992,41.879784,4.759413,0.0549,-0.0162
2015-08-18,福斯特,sh603806,44.63,40.41,44.52,40.94,44.66,40.94,38014,0.063367,38.391365,4.362973,0.0944,-0.0804
2015-08-19,福斯特,sh603806,45.03,40.1,40.33,45.03,40.94,45.03,51020,0.085027,42.22675,4.798844,0.1204,0.1165
2015-08-20,福斯特,sh603806,47.92,44.45,45.04,46.3,45.03,46.3,63607,0.106012,43.417686,4.934188,0.077,0.0279
2015-08-21,福斯特,sh603806,45.78,42.0,45.06,43.33,46.3,43.33,30520,0.050863,40.63258,4.617675,0.0816,-0.0383
2015-08-24,福斯特,sh603806,41.88,39.0,41.88,39.0,43.33,39.0,29084,0.048473,36.572136,4.156228,0.0664,-0.0687
2015-08-25,福斯特,sh603806,36.87,35.1,35.1,35.1,39.0,35.1,86614,0.144357,32.91492,3.740605,0.0453,0.0
2015-08-26,福斯特,sh603806,36.88,32.3,35.2,32.69,35.1,32.69,92206,0.153708,30.654951,3.483771,0.1304,-0.0713
2015-08-27,福斯特,sh603806,34.32,30.0,33.5,33.79,32.69,33.79,75231,0.12541,31.686474,3.600998,0.1321,0.0086
2015-08-28,福斯特,sh603806,36.07,33.2,33.74,35.99,33.79,35.99,77948,0.129937,33.749516,3.835452,0.0849,0.0666
2015-08-31,福斯特,sh603806,35.5,32.39,35.5,32.45,35.99,32.45,57930,0.09655,30.429892,3.458194,0.0864,-0.0859
2015-09-01,福斯特,sh603806,32.0,29.21,32.0,29.21,32.45,29.21,84629,0.141016,27.39159,3.112908,0.0859,-0.0871
2015-09-02,福斯特,sh603806,30.38,27.01,27.02,27.71,29.21,27.71,59096,0.09847,25.98497,2.953053,0.1153,0.0255
2015-09-03,福斯特,sh603806,27.71,27.71,27.71,27.71,27.71,27.71,0,0.0,0.0,0.0,0.0,0.0
2015-09-04,福斯特,sh603806,27.71,27.71,27.71,27.71,27.71,27.71,0,0.0,0.0,0.0,0.0,0.0
2015-09-07,福斯特,sh603806,30.1,28.58,28.6,28.86,27.71,28.86,50807,0.084659,27.06338,3.075608,0.0548,0.009
2015-09-08,福斯特,sh603806,31.47,28.5,28.78,31.15,28.86,31.15,60736,0.067328,29.21082,3.319654,0.1029,0.0823
2015-09-09,福斯特,sh603806,33.77,31.02,31.29,33.45,31.15,33.45,87025,0.096454,31.36764,3.564764,0.0882,0.069
2015-09-10,福斯特,sh603806,32.99,31.76,32.51,31.81,33.45,31.81,57315,0.063526,29.829733,3.38999,0.0367,-0.0215
2015-09-11,福斯特,sh603806,32.86,31.8,32.0,32.61,31.81,32.61,39533,0.04382,30.579931,3.475246,0.0333,0.019
2015-09-14,福斯特,sh603806,32.61,29.35,32.56,29.35,32.61,29.35,53803,0.059634,27.522877,3.127828,0.0999,-0.0985
2015-09-15,福斯特,sh603806,28.86,27.01,28.5,27.46,29.35,27.46,48500,0.053767,25.750534,2.926411,0.063,-0.0364
2015-09-16,福斯特,sh603806,30.21,27.17,27.9,30.09,27.46,30.09,49152,0.054495,28.216808,3.206689,0.1107,0.0784
2015-09-17,福斯特,sh603806,31.08,28.77,30.0,28.88,30.09,28.88,59558,0.066028,27.082134,3.07774,0.0767,-0.0373
2015-09-18,福斯特,sh603806,29.9,28.9,29.25,29.66,28.88,29.66,35292,0.039117,27.813578,3.160864,0.0346,0.014
2015-09-21,福斯特,sh603806,31.97,28.88,29.67,31.62,29.66,31.62,47390,0.052541,29.651562,3.369741,0.1041,0.0657
2015-09-22,福斯特,sh603806,32.1,31.11,31.4,31.59,31.62,31.59,45437,0.050363,29.623428,3.366544,0.0313,0.006
2015-09-23,福斯特,sh603806,32.5,30.7,30.9,31.79,31.59,31.79,49754,0.055149,29.81098,3.387858,0.0569,0.0288
2015-09-24,福斯特,sh603806,32.86,31.6,31.77,32.09,31.79,32.09,39656,0.043957,30.092302,3.419829,0.0396,0.01
2015-09-25,福斯特,sh603806,32.1,29.62,31.8,30.5,32.09,30.5,47934,0.053144,28.601286,3.250383,0.0772,-0.0408
2015-09-28,福斯特,sh603806,30.5,30.5,30.5,30.5,30.5,30.5,0,0.026939,29.370237,3.33777,0.0,0.0
2015-09-29,福斯特,sh603806,30.97,30.4,30.7,30.76,30.5,30.76,23117,0.025624,28.845098,3.278091,0.0186,0.0019
2015-09-30,福斯特,sh603806,31.75,30.7,31.08,31.42,30.76,31.42,26062,0.028894,29.464012,3.348427,0.0341,0.0109
2015-10-01,福斯特,sh603806,31.42,31.42,31.42,31.42,31.42,31.42,0,0.0,0.0,0.0,0.0,0.0
2015-10-02,福斯特,sh603806,31.42,31.42,31.42,31.42,31.42,31.42,0,0.0,0.0,0.0,0.0,0.0
2015-10-05,福斯特,sh603806,31.42,31.42,31.42,31.42,31.42,31.42,0,0.0,0.0,0.0,0.0,0.0
2015-10-06,福斯特,sh603806,31.42,31.42,31.42,31.42,31.42,31.42,0,0.0,0.0,0.0,0.0,0.0
2015-10-07,福斯特,sh603806,31.42,31.42,31.42,31.42,31.42,31.42,0,0.0,0.0,0.0,0.0,0.0
2015-10-08,福斯特,sh603806,33.63,32.36,32.61,33.09,31.42,33.09,46925,0.052018,31.03005,3.526399,0.0404,0.0147
2015-10-09,福斯特,sh603806,34.39,32.89,33.11,34.0,33.09,34.0,40304,0.04468,31.8834,3.623378,0.0453,0.0268
2015-10-12,福斯特,sh603806,35.66,34.3,34.41,35.33,34.0,35.33,53198,0.058973,33.130604,3.765116,0.0399,0.0267
2015-10-13,福斯特,sh603806,35.71,34.77,35.34,35.37,35.33,35.37,43417,0.048125,33.168114,3.769379,0.0266,8.0E-4
2015-10-14,福斯特,sh603806,36.3,34.9,35.1,35.26,35.37,35.26,50092,0.055525,33.06496,3.757656,0.0395,0.0045
2015-10-15,福斯特,sh603806,36.76,34.96,34.97,36.69,35.26,36.69,45299,0.050212,34.405937,3.910051,0.051,0.0491
2015-10-16,福斯特,sh603806,37.24,35.71,36.74,36.79,36.69,36.79,47804,0.052989,34.499714,3.920708,0.0417,0.0013
2015-10-19,福斯特,sh603806,37.58,35.6,36.9,36.18,36.79,36.18,46418,0.051452,33.92769,3.8557,0.0538,-0.0195
2015-10-20,福斯特,sh603806,36.67,35.72,35.95,36.58,36.18,36.58,31981,0.03545,34.302788,3.898328,0.0262,0.0175
2015-10-21,福斯特,sh603806,36.87,33.58,36.8,33.84,36.58,33.84,50161,0.055599,31.73336,3.606327,0.0899,-0.0804
2015-10-22,福斯特,sh603806,35.08,33.85,33.89,35.05,33.84,35.05,36973,0.040984,32.868034,3.735276,0.0363,0.0342
2015-10-23,福斯特,sh603806,36.69,34.88,35.38,36.31,35.05,36.31,44105,0.048884,34.049595,3.869554,0.0516,0.0262
2015-10-26,福斯特,sh603806,37.58,35.7,36.84,37.05,36.31,37.05,46359,0.051394,34.743526,3.948416,0.0517,0.0057
2015-10-27,福斯特,sh603806,37.2,34.09,36.96,36.75,37.05,36.75,48265,0.053506,34.462204,3.916445,0.0839,-0.0056
2015-10-28,福斯特,sh603806,38.07,36.04,36.21,36.73,36.75,36.73,50887,0.056417,34.443447,3.914314,0.0552,0.0143
2015-10-29,福斯特,sh603806,38.03,36.5,37.0,37.85,36.73,37.85,45719,0.050687,35.493725,4.033672,0.0416,0.0229
2015-10-30,福斯特,sh603806,38.38,36.72,37.87,37.71,37.85,37.71,41855,0.046395,35.362442,4.018752,0.0438,-0.0042
2015-11-02,福斯特,sh603806,39.25,36.5,36.8,37.92,37.71,37.92,51524,0.057112,35.55937,4.041132,0.0729,0.0304
2015-11-03,福斯特,sh603806,39.52,37.9,37.9,39.13,37.92,39.13,51982,0.0,0.0,0.0,0.0427,0.0324
2015-11-04,福斯特,sh603806,41.99,38.8,39.52,41.44,39.13,41.44,66907,0.0,0.0,0.0,0.0815,0.0485
2015-11-05,福斯特,sh603806,42.19,40.01,41.15,40.42,41.44,40.42,63153,0.0,0.0,0.0,0.0526,-0.0177
2015-11-06,福斯特,sh603806,41.41,40.0,40.44,41.22,40.42,41.22,41500,0.0,0.0,0.0,0.0348,0.0192
2015-11-09,福斯特,sh603806,43.0,40.75,40.96,42.23,41.22,42.23,54401,0.0,0.0,0.0,0.0545,0.031
2015-11-10,福斯特,sh603806,42.21,40.84,41.92,41.72,42.23,41.72,43592,0.0,0.0,0.0,0.0324,-0.0047
2015-11-11,福斯特,sh603806,43.2,41.01,41.55,43.09,41.72,43.09,59582,0.0,0.0,0.0,0.0524,0.037
2015-11-12,福斯特,sh603806,47.27,43.46,43.55,45.87,43.09,45.87,68967,0.0,0.0,0.0,0.0884,0.0532
2015-11-13,福斯特,sh603806,45.38,42.0,44.91,42.82,45.87,42.82,59595,0.0,0.0,0.0,0.0736,-0.0465
2015-11-16,福斯特,sh603806,43.78,41.38,41.75,43.49,42.82,43.49,36661,0.0,0.0,0.0,0.056,0.0416
2015-11-17,福斯特,sh603806,45.0,42.68,43.82,43.17,43.49,43.17,43070,0.0,0.0,0.0,0.0533,-0.0148
2015-11-18,福斯特,sh603806,43.45,41.4,43.01,41.53,43.17,41.53,34370,0.0,0.0,0.0,0.0474,-0.0344
2015-11-19,福斯特,sh603806,42.68,41.05,41.81,42.66,41.53,42.66,26668,0.0,0.0,0.0,0.0392,0.0203
2015-11-20,福斯特,sh603806,43.68,42.32,42.68,43.29,42.66,43.29,32969,0.0,0.0,0.0,0.0318,0.0142
2015-11-23,福斯特,sh603806,44.09,42.73,43.39,42.99,43.29,42.99,31064,0.0,0.0,0.0,0.0314,-0.0092
2015-11-24,福斯特,sh603806,45.2,42.8,43.0,45.14,42.99,45.14,45703,0.0,0.0,0.0,0.0558,0.0497
2015-11-25,福斯特,sh603806,46.38,44.99,45.14,45.3,45.14,45.3,44338,0.0,0.0,0.0,0.0307,0.0035
2015-11-26,福斯特,sh603806,46.88,45.12,45.38,45.58,45.3,45.58,40524,0.0,0.0,0.0,0.0388,0.0044
2015-11-27,福斯特,sh603806,46.7,43.61,45.18,43.85,45.58,43.85,55665,0.0,0.0,0.0,0.0677,-0.0294
2015-11-30,福斯特,sh603806,45.28,41.06,43.51,45.09,43.85,45.09,52640,0.0,0.0,0.0,0.0962,0.0363
2015-12-01,福斯特,sh603806,47.0,44.7,45.12,46.3,45.09,46.3,58980,0.0,0.0,0.0,0.051,0.0261
2015-12-02,福斯特,sh603806,46.19,42.03,45.68,44.37,46.3,44.37,35182,0.0,0.0,0.0,0.0898,-0.0286
2015-12-03,福斯特,sh603806,47.0,44.53,44.53,46.9,44.37,46.9,45360,0.0,0.0,0.0,0.0556,0.0532
2015-12-04,福斯特,sh603806,47.2,45.35,46.45,46.13,46.9,46.13,40530,0.0,0.0,0.0,0.0394,-0.0068
2015-12-07,福斯特,sh603806,46.3,45.18,46.28,45.95,46.13,45.95,32996,0.0,0.0,0.0,0.0242,-0.0071
2015-12-08,福斯特,sh603806,45.88,44.13,45.53,44.19,45.95,44.19,28284,0.0,0.0,0.0,0.038,-0.0294
2015-12-09,福斯特,sh603806,44.45,42.68,44.19,43.08,44.19,43.08,30536,0.0,0.0,0.0,0.04,-0.0251
2015-12-10,福斯特,sh603806,43.94,42.9,43.19,43.1,43.08,43.1,26766,0.0,0.0,0.0,0.0241,-0.002
2015-12-11,福斯特,sh603806,43.45,42.72,43.1,42.8,43.1,42.8,15288,0.0,0.0,0.0,0.0169,-0.0069
2015-12-14,福斯特,sh603806,44.18,42.38,42.75,44.13,42.8,44.13,18656,0.0,0.0,0.0,0.042,0.0322
2015-12-15,福斯特,sh603806,45.5,43.51,44.3,45.21,44.13,45.21,21305,0.0,0.0,0.0,0.045,0.0205
2015-12-16,福斯特,sh603806,45.66,44.75,45.5,44.95,45.21,44.95,19165,0.0,0.0,0.0,0.0201,-0.012
2015-12-17,福斯特,sh603806,46.5,45.24,45.37,46.34,44.95,46.34,33379,0.0,0.0,0.0,0.028,0.0213
2015-12-18,福斯特,sh603806,46.65,45.18,46.2,45.23,46.34,45.23,23823,0.0,0.0,0.0,0.0317,-0.0209
2015-12-21,福斯特,sh603806,45.81,44.71,45.0,45.79,45.23,45.79,20072,0.0,0.0,0.0,0.0243,0.0175
2015-12-22,福斯特,sh603806,46.82,45.71,46.2,46.55,45.79,46.55,26065,0.0,0.0,0.0,0.0242,0.0075
2015-12-23,福斯特,sh603806,47.26,45.86,46.5,46.16,46.55,46.16,31844,0.0,0.0,0.0,0.03,-0.0073
2015-12-24,福斯特,sh603806,46.84,45.27,46.18,46.77,46.16,46.77,22306,0.0,0.0,0.0,0.034,0.0127
2015-12-25,福斯特,sh603806,48.67,46.86,46.86,48.45,46.77,48.45,46175,0.0,0.0,0.0,0.0387,0.0339
2015-12-28,福斯特,sh603806,49.85,46.03,48.47,46.61,48.45,46.61,47219,0.0,0.0,0.0,0.0788,-0.0383
2015-12-29,福斯特,sh603806,47.94,46.33,46.82,47.92,46.61,47.92,30414,0.0,0.0,0.0,0.0345,0.0234
2015-12-30,福斯特,sh603806,48.99,47.76,47.99,48.68,47.92,48.68,25702,0.0,0.0,0.0,0.0256,0.0143
2015-12-31,福斯特,sh603806,51.22,48.53,48.95,49.99,48.68,49.99,61849,0.0,0.0,0.0,0.0552,0.0212
2016-01-01,福斯特,sh603806,51.22,48.53,48.95,49.99,49.99,49.99,61849,0.0,0.0,0.0,0.0538,0.0212
2016-01-04,福斯特,sh603806,50.09,44.99,49.99,44.99,49.99,44.99,32116,0.0,0.0,0.0,0.102,-0.1
2016-01-05,福斯特,sh603806,45.48,40.51,42.71,43.5,44.99,43.5,43486,0.0,0.0,0.0,0.1104,0.0184
2016-01-06,福斯特,sh603806,44.55,43.0,43.9,44.49,43.5,44.49,26421,0.0,0.0,0.0,0.0356,0.0134
2016-01-07,福斯特,sh603806,43.5,40.04,43.5,40.07,44.49,40.07,8948,0.0,0.0,0.0,0.0777,-0.0788
2016-01-08,福斯特,sh603806,41.95,38.0,41.2,39.89,40.07,39.89,33755,0.0,0.0,0.0,0.0985,-0.0317
2016-01-11,福斯特,sh603806,39.48,37.15,38.32,38.82,39.89,38.82,37463,0.0,0.0,0.0,0.0584,0.013
2016-01-12,福斯特,sh603806,40.39,38.0,38.7,39.61,38.82,39.61,32004,0.0,0.0,0.0,0.0615,0.0235
2016-01-13,福斯特,sh603806,40.14,38.38,39.89,38.63,39.61,38.63,15537,0.0,0.0,0.0,0.0444,-0.0315
2016-01-14,福斯特,sh603806,39.74,37.3,37.6,39.61,38.63,39.61,28206,0.0,0.0,0.0,0.0631,0.0534
2016-01-15,福斯特,sh603806,39.62,36.88,39.4,37.26,39.61,37.26,23016,0.0,0.0,0.0,0.0691,-0.0543
2016-01-18,福斯特,sh603806,37.89,36.18,36.88,37.27,37.26,37.27,26208,0.0,0.0,0.0,0.0458,0.0105
2016-01-19,福斯特,sh603806,38.39,36.68,37.27,38.29,37.27,38.29,23888,0.0,0.0,0.0,0.0458,0.0273
2016-01-20,福斯特,sh603806,38.7,37.13,37.8,37.67,38.29,37.67,18059,0.0,0.0,0.0,0.041,-0.0034
2016-01-21,福斯特,sh603806,38.0,35.44,37.0,35.57,37.67,35.57,18857,0.0,0.0,0.0,0.0679,-0.0386
2016-01-22,福斯特,sh603806,36.5,34.7,35.76,35.96,35.57,35.96,17844,0.0,0.0,0.0,0.0506,0.0055
2016-01-25,福斯特,sh603806,36.55,35.44,36.5,35.67,35.96,35.67,14722,0.0,0.0,0.0,0.0308,-0.0227
2016-01-26,福斯特,sh603806,35.43,32.6,35.1,32.8,35.67,32.8,26506,0.0,0.0,0.0,0.0793,-0.0655
2016-01-27,福斯特,sh603806,33.22,31.0,33.0,32.98,32.8,32.98,21437,0.0,0.0,0.0,0.0676,-6.0E-4
2016-01-28,福斯特,sh603806,33.64,32.15,32.6,32.5,32.98,32.5,20736,0.0,0.0,0.0,0.0451,-0.003
2016-01-29,福斯特,sh603806,34.0,32.08,32.08,33.94,32.5,33.94,30039,0.0,0.0,0.0,0.059,0.0579
2016-02-01,福斯特,sh603806,37.33,34.88,34.98,35.89,33.94,35.89,38003,0.0,0.0,0.0,0.0721,0.026
2016-02-02,福斯特,sh603806,39.48,35.28,35.28,38.17,35.89,38.17,46934,0.0,0.0,0.0,0.117,0.0819
2016-02-03,福斯特,sh603806,37.99,37.0,37.57,37.93,38.17,37.93,20201,0.0,0.0,0.0,0.0259,0.0095
2016-02-04,福斯特,sh603806,38.65,37.7,37.95,38.17,37.93,38.17,16353,0.0,0.0,0.0,0.025,0.0057
2016-02-05,福斯特,sh603806,38.88,37.51,37.8,37.73,38.17,37.73,10549,0.0,0.0,0.0,0.0358,-0.0018
2016-02-08,福斯特,sh603806,38.88,37.51,37.8,37.73,37.73,37.73,10549,0.0,0.0,0.0,0.0363,-0.0018
2016-02-09,福斯特,sh603806,38.88,37.51,37.8,37.73,37.73,37.73,10549,0.0,0.0,0.0,0.0363,-0.0018
2016-02-10,福斯特,sh603806,38.88,37.51,37.8,37.73,37.73,37.73,10549,0.0,0.0,0.0,0.0363,-0.0018
2016-02-11,福斯特,sh603806,38.88,37.51,37.8,37.73,37.73,37.73,10549,0.0,0.0,0.0,0.0363,-0.0018
2016-02-12,福斯特,sh603806,38.88,37.51,37.8,37.73,37.73,37.73,10549,0.0,0.0,0.0,0.0363,-0.0018
2016-02-15,福斯特,sh603806,37.88,35.97,36.0,37.36,37.73,37.36,13182,0.0,0.0,0.0,0.0506,0.0377
2016-02-16,福斯特,sh603806,38.9,37.3,37.31,38.67,37.36,38.67,22611,0.0,0.0,0.0,0.0428,0.0364
2016-02-17,福斯特,sh603806,38.97,37.91,38.07,38.81,38.67,38.81,43733,0.0,0.0,0.0,0.0274,0.0194
2016-02-18,福斯特,sh603806,39.56,38.5,38.5,38.89,38.81,38.89,33629,0.0,0.0,0.0,0.0273,0.0101
2016-02-19,福斯特,sh603806,38.98,37.61,38.51,38.27,38.89,38.27,26655,0.0,0.0,0.0,0.0352,-0.0062
2016-02-22,福斯特,sh603806,39.15,38.55,38.55,39.08,38.27,39.08,21487,0.0,0.0,0.0,0.0156,0.0137
2016-02-23,福斯特,sh603806,40.45,38.7,39.08,40.41,39.08,40.41,40814,0.0,0.0,0.0,0.0447,0.034
2016-02-24,福斯特,sh603806,40.3,38.4,40.3,39.35,40.41,39.35,30125,0.0,0.0,0.0,0.047,-0.0235
2016-02-25,福斯特,sh603806,39.4,35.42,39.4,35.45,39.35,35.45,38243,0.0,0.0,0.0,0.1011,-0.1002
2016-02-26,福斯特,sh603806,36.3,34.92,35.83,35.74,35.45,35.74,20874,0.0,0.0,0.0,0.0389,-0.0025
2016-02-29,福斯特,sh603806,35.69,32.78,35.62,33.31,35.74,33.31,21096,0.0,0.0,0.0,0.0814,-0.0648
2016-03-01,福斯特,sh603806,35.17,33.1,33.4,34.67,33.31,34.67,25538,0.0,0.0,0.0,0.0621,0.038
2016-03-02,福斯特,sh603806,36.54,34.46,34.76,36.47,34.67,36.47,29443,0.0,0.0,0.0,0.0599,0.0491
2016-03-03,福斯特,sh603806,37.0,36.2,36.48,36.42,36.47,36.42,22013,0.0,0.0,0.0,0.0219,-0.0016
2016-03-04,福斯特,sh603806,36.49,34.76,36.49,35.23,36.42,35.23,18202,0.0,0.0,0.0,0.0475,-0.0345
2016-03-07,福斯特,sh603806,36.59,35.33,35.33,36.04,35.23,36.04,11662,0.0,0.0,0.0,0.0357,0.02
2016-03-08,福斯特,sh603806,36.48,34.78,36.2,36.3,36.04,36.3,14054,0.0,0.0,0.0,0.0471,0.0027
2016-03-09,福斯特,sh603806,36.18,35.02,35.56,35.5,36.3,35.5,10713,0.0,0.0,0.0,0.0319,-0.0016
2016-03-10,福斯特,sh603806,36.1,35.37,35.52,35.45,35.5,35.45,10163,0.0,0.0,0.0,0.0205,-0.0019
2016-03-11,福斯特,sh603806,36.2,35.02,35.38,35.94,35.45,35.94,11179,0.0,0.0,0.0,0.0332,0.0158
2016-03-14,福斯特,sh603806,38.0,36.2,36.2,37.31,35.94,37.31,25164,0.0,0.0,0.0,0.05,0.0306
2016-03-15,福斯特,sh603806,37.69,36.16,37.27,36.97,37.31,36.97,29704,0.0,0.0,0.0,0.041,-0.008
2016-03-16,福斯特,sh603806,37.25,35.58,36.97,35.77,36.97,35.77,25922,0.0,0.0,0.0,0.0451,-0.0324
2016-03-17,福斯特,sh603806,36.96,35.53,35.8,36.71,35.77,36.71,23860,0.0,0.0,0.0,0.0399,0.0254
2016-03-18,福斯特,sh603806,38.77,36.8,36.99,38.0,36.71,38.0,36667,0.0,0.0,0.0,0.0536,0.0273
2016-03-21,福斯特,sh603806,38.65,38.12,38.63,38.6,38.0,38.6,39890,0.0,0.0,0.0,0.0139,-7.0E-4
2016-03-22,福斯特,sh603806,38.99,38.11,38.39,38.62,38.6,38.62,32153,0.0,0.0,0.0,0.0227,0.0059
2016-03-23,福斯特,sh603806,39.36,38.42,38.42,39.21,38.62,39.21,37562,0.0,0.0,0.0,0.0243,0.0205
2016-03-24,福斯特,sh603806,40.32,38.66,39.05,39.76,39.21,39.76,47974,0.0,0.0,0.0,0.0423,0.0181
2016-03-25,福斯特,sh603806,41.38,39.2,39.6,41.33,39.76,41.33,58676,0.0,0.0,0.0,0.0548,0.0436
