2016-03-25
2012-08-27,和邦生物,sh603077,16.38,16.05,16.2,16.08,16.54998,2.11692,30153700,0.0,0.0,0.0,0.0199,-0.0074
2012-08-28,和邦生物,sh603077,16.30002,15.85002,15.96,16.09002,16.08,2.11824,31145000,0.0,0.0,0.0,0.0279,0.0081
2012-08-29,和邦生物,sh603077,16.26,15.82998,15.97002,15.94998,16.09002,2.0998,28544700,0.0,0.0,0.0,0.0267,-0.0012
2012-08-30,和邦生物,sh603077,16.18002,15.25002,15.79998,15.61002,15.94998,2.05505,37600400,0.0,0.0,0.0,0.0583,-0.012
2012-08-31,和邦生物,sh603077,15.63,15.21,15.48,15.33,15.61002,2.01818,27131900,0.0,0.0,0.0,0.0269,-0.0096
2012-09-03,和邦生物,sh603077,15.61002,15.25998,15.3,15.55002,15.33,2.04715,21792900,0.0,0.0,0.0,0.0228,0.0163
2012-09-04,和邦生物,sh603077,15.64002,15.24,15.55002,15.57,15.55002,2.04978,26853100,0.0,0.0,0.0,0.0257,0.0012
2012-09-05,和邦生物,sh603077,15.96,15.42,15.48,15.76002,15.57,2.0748,28456700,0.0,0.0,0.0,0.0346,0.018
2012-09-06,和邦生物,sh603077,15.94998,15.63,15.63,15.84,15.76002,2.08533,19346400,0.0,0.0,0.0,0.0203,0.0134
2012-09-07,和邦生物,sh603077,16.47,15.9,16.03002,16.21002,15.84,2.13404,48232100,0.0,0.0,0.0,0.0359,0.0112
2012-09-10,和邦生物,sh603077,16.66002,16.15998,16.21002,16.30998,16.21002,2.1472,36567300,0.0,0.0,0.0,0.0308,0.0061
2012-09-11,和邦生物,sh603077,16.53,16.06002,16.2,16.42002,16.30998,2.16168,31960600,0.0,0.0,0.0,0.0288,0.0135
2012-09-12,和邦生物,sh603077,16.8,16.26,16.53,16.60002,16.42002,2.18538,40366400,0.0,0.0,0.0,0.0328,0.0042
2012-09-13,和邦生物,sh603077,16.51002,15.97998,16.5,16.00998,16.60002,2.1077,30257100,0.0,0.0,0.0,0.0319,-0.0296
2012-09-14,和邦生物,sh603077,16.42002,15.97002,16.2,16.26,16.00998,2.14062,28539200,0.0,0.0,0.0,0.0281,0.0037
2012-09-17,和邦生物,sh603077,16.30002,15.58002,16.2,15.64998,16.26,2.06031,30072200,0.0,0.0,0.0,0.0442,-0.0339
2012-09-18,和邦生物,sh603077,15.82998,15.51,15.55002,15.61002,15.64998,2.05505,14674200,0.0,0.0,0.0,0.0204,0.0038
2012-09-19,和邦生物,sh603077,15.82002,15.55002,15.66,15.72,15.61002,2.06953,13331700,0.0,0.0,0.0,0.0172,0.0038
2012-09-20,和邦生物,sh603077,15.69,15.3,15.69,15.31002,15.72,2.01555,21889100,0.0,0.0,0.0,0.0248,-0.0242
2012-09-21,和邦生物,sh603077,15.64998,15.25002,15.33,15.48,15.31002,2.03793,18298700,0.0,0.0,0.0,0.0261,0.0097
2012-09-24,和邦生物,sh603077,15.70002,15.22998,15.27,15.67002,15.48,2.06295,16934100,0.0,0.0,0.0,0.0303,0.0261
2012-09-25,和邦生物,sh603077,15.91998,15.51,15.61002,15.57,15.67002,2.04978,16526200,0.0,0.0,0.0,0.0261,-0.0025
2012-09-26,和邦生物,sh603077,15.55998,14.43,15.52002,14.53002,15.57,1.91287,35531600,0.0,0.0,0.0,0.0725,-0.0637
2012-09-27,和邦生物,sh603077,14.85,14.23002,14.44998,14.74998,14.53002,1.94182,35957200,0.0,0.0,0.0,0.0426,0.0207
2012-09-28,和邦生物,sh603077,15.04998,14.43,14.50002,14.95002,14.74998,1.96816,30515100,0.0,0.0,0.0,0.042,0.031
2012-10-01,和邦生物,sh603077,14.95002,14.95002,14.95002,14.95002,14.95002,1.96816,0,0.0,0.0,0.0,0.0,0.0
2012-10-02,和邦生物,sh603077,14.95002,14.95002,14.95002,14.95002,14.95002,1.96816,0,0.0,0.0,0.0,0.0,0.0
2012-10-03,和邦生物,sh603077,14.95002,14.95002,14.95002,14.95002,14.95002,1.96816,0,0.0,0.0,0.0,0.0,0.0
2012-10-04,和邦生物,sh603077,14.95002,14.95002,14.95002,14.95002,14.95002,1.96816,0,0.0,0.0,0.0,0.0,0.0
2012-10-05,和邦生物,sh603077,14.95002,14.95002,14.95002,14.95002,14.95002,1.96816,0,0.0,0.0,0.0,0.0,0.0
2012-10-08,和邦生物,sh603077,15.04002,14.59002,14.97,14.7,14.95002,1.93524,21627800,0.0,0.0,0.0,0.0301,-0.018
2012-10-09,和邦生物,sh603077,15.16002,14.74002,14.76,15.07002,14.7,1.98396,31433900,0.0,0.0,0.0,0.0285,0.021
2012-10-10,和邦生物,sh603077,15.16002,14.83998,14.95998,15.13998,15.07002,1.99317,22789200,0.0,0.0,0.0,0.0212,0.012
2012-10-11,和邦生物,sh603077,15.09,14.79,15.0,14.80002,15.13998,1.94841,19931400,0.0,0.0,0.0,0.0198,-0.0133
2012-10-12,和邦生物,sh603077,15.58002,14.80002,14.80002,15.28998,14.80002,2.01292,42972100,0.0,0.0,0.0,0.0527,0.0331
2012-10-15,和邦生物,sh603077,15.37002,14.92002,15.10998,15.16998,15.28998,1.99712,22247000,0.0,0.0,0.0,0.0294,0.0039
2012-10-16,和邦生物,sh603077,15.18,14.86998,15.15,14.92002,15.16998,1.96421,17995800,0.0,0.0,0.0,0.0204,-0.0151
2012-10-17,和邦生物,sh603077,15.07002,14.82,14.98998,14.91,14.92002,1.96289,19063300,0.0,0.0,0.0,0.0167,-0.0053
2012-10-18,和邦生物,sh603077,15.22002,14.89998,14.89998,15.16998,14.91,1.99712,26413100,0.0,0.0,0.0,0.0214,0.0181
2012-10-19,和邦生物,sh603077,16.45002,15.55002,15.75,15.64002,15.16998,2.059,81651600,0.0,0.0,0.0,0.0593,-0.0069
2012-10-22,和邦生物,sh603077,15.94998,15.31002,15.39,15.85002,15.64002,2.08664,40217400,0.0,0.0,0.0,0.0409,0.0298
2012-10-23,和邦生物,sh603077,15.85002,15.52002,15.75,15.55998,15.85002,2.04846,25306200,0.0,0.0,0.0,0.0208,-0.012
2012-10-24,和邦生物,sh603077,15.49002,14.95998,15.40002,14.98002,15.55998,1.97211,29838700,0.0,0.0,0.0,0.034,-0.0272
2012-10-25,和邦生物,sh603077,15.04002,14.59998,14.95998,14.65998,14.98002,1.92998,27707500,0.0,0.0,0.0,0.0293,-0.02
2012-10-26,和邦生物,sh603077,14.85,14.61,14.65998,14.79,14.65998,1.94709,18283300,0.0,0.0,0.0,0.0163,0.0088
2012-10-29,和邦生物,sh603077,14.85,14.41998,14.80002,14.53998,14.79,1.91418,13541500,0.0,0.0,0.0,0.029,-0.0175
2012-10-30,和邦生物,sh603077,14.86002,14.50998,14.50998,14.83998,14.53998,1.95367,18305300,0.0,0.0,0.0,0.024,0.0227
2012-10-31,和邦生物,sh603077,14.14998,13.63002,14.14998,13.96002,14.83998,1.83783,45321200,0.0,0.0,0.0,0.035,-0.0134
2012-11-01,和邦生物,sh603077,14.4,13.81998,13.90002,14.14998,13.96002,1.86284,29864900,0.0,0.0,0.0,0.0415,0.0179
2012-11-02,和邦生物,sh603077,14.23002,13.93998,14.11998,14.11002,14.14998,1.85757,19812800,0.0,0.0,0.0,0.0204,-7.0E-4
2012-11-05,和邦生物,sh603077,14.19,14.01,14.1,14.11002,14.11002,1.85757,12421800,0.0,0.0,0.0,0.0127,7.0E-4
2012-11-06,和邦生物,sh603077,14.26998,14.04,14.11998,14.25,14.11002,1.876,19506900,0.0,0.0,0.0,0.0162,0.0092
2012-11-07,和邦生物,sh603077,14.28,14.07,14.25,14.11002,14.25,1.85757,13389100,0.0,0.0,0.0,0.0147,-0.0098
2012-11-08,和邦生物,sh603077,14.04,13.33002,14.04,13.36002,14.11002,1.75884,25532700,0.0,0.0,0.0,0.0503,-0.0484
2012-11-09,和邦生物,sh603077,13.48998,13.27998,13.35,13.30998,13.36002,1.75225,12023100,0.0,0.0,0.0,0.0157,-0.0029
2012-11-12,和邦生物,sh603077,13.42998,13.27998,13.30998,13.41,13.30998,1.76542,10027100,0.0,0.0,0.0,0.0112,0.0075
2012-11-13,和邦生物,sh603077,13.35,12.97002,13.35,12.97002,13.41,1.70749,16387600,0.0,0.0,0.0,0.0283,-0.0284
2012-11-14,和邦生物,sh603077,13.2,12.91002,12.99,13.12998,12.97002,1.72855,10132100,0.0,0.0,0.0,0.0223,0.0107
2012-11-15,和邦生物,sh603077,13.05,12.64002,13.03002,12.66,13.12998,1.66668,12718100,0.0,0.0,0.0,0.0312,-0.0283
2012-11-16,和邦生物,sh603077,12.78,12.61998,12.66,12.73998,12.66,1.67721,11437400,0.0,0.0,0.0,0.0126,0.0063
2012-11-19,和邦生物,sh603077,13.09998,12.67998,12.73998,13.06998,12.73998,1.72065,10777800,0.0,0.0,0.0,0.0329,0.0259
2012-11-20,和邦生物,sh603077,13.15998,12.82998,13.09998,12.85002,13.06998,1.6917,9123100,0.0,0.0,0.0,0.0252,-0.019
2012-11-21,和邦生物,sh603077,13.35,12.81,12.93,13.30998,12.85002,1.75225,20485000,0.0,0.0,0.0,0.042,0.0293
2012-11-22,和邦生物,sh603077,13.33002,13.09998,13.2,13.15002,13.30998,1.73119,11517500,0.0,0.0,0.0,0.0172,-0.0037
2012-11-23,和邦生物,sh603077,13.33998,13.12002,13.15002,13.14,13.15002,1.72987,11148100,0.0,0.0,0.0,0.0167,-7.0E-4
2012-11-26,和邦生物,sh603077,13.15002,12.76998,13.09998,12.82002,13.14,1.68775,10412000,0.0,0.0,0.0,0.0289,-0.0213
2012-11-27,和邦生物,sh603077,12.79998,12.28998,12.70998,12.31998,12.82002,1.62192,14061600,0.0,0.0,0.0,0.0397,-0.0306
2012-11-28,和邦生物,sh603077,12.33,11.94,12.28998,12.01002,12.31998,1.58111,11935300,0.0,0.0,0.0,0.0316,-0.0227
2012-11-29,和邦生物,sh603077,12.34002,11.98002,12.22002,12.0,12.01002,1.57979,12576700,0.0,0.0,0.0,0.0299,-0.018
2012-11-30,和邦生物,sh603077,12.22002,11.80998,11.89998,12.16998,12.0,1.60217,9047500,0.0,0.0,0.0,0.0341,0.0226
2012-12-03,和邦生物,sh603077,12.3,11.71998,12.10002,11.77998,12.16998,1.55083,8055800,0.0,0.0,0.0,0.0476,-0.0264
2012-12-04,和邦生物,sh603077,11.88,11.29002,11.7,11.74998,11.77998,1.54688,21906700,0.0,0.0,0.0,0.05,0.0042
2012-12-05,和邦生物,sh603077,12.49998,11.53002,11.67,12.25002,11.74998,1.61271,28853400,0.0,0.0,0.0,0.0825,0.0497
2012-12-06,和邦生物,sh603077,12.3,12.04998,12.18,12.10002,12.25002,1.59296,13364100,0.0,0.0,0.0,0.0204,-0.0065
2012-12-07,和邦生物,sh603077,12.54,12.03,12.13002,12.49998,12.10002,1.64561,27001200,0.0,0.0,0.0,0.0421,0.0304
2012-12-10,和邦生物,sh603077,12.82002,12.43002,12.51,12.75,12.49998,1.67853,28657600,0.0,0.0,0.0,0.0312,0.0191
2012-12-11,和邦生物,sh603077,12.78,12.52998,12.69,12.58002,12.75,1.65615,20386700,0.0,0.0,0.0,0.0196,-0.0086
2012-12-12,和邦生物,sh603077,12.82998,12.52998,12.57,12.70002,12.58002,1.67195,17341800,0.0,0.0,0.0,0.0238,0.0103
2012-12-13,和邦生物,sh603077,12.69,12.36,12.69,12.37002,12.70002,1.6285,16420500,0.0,0.0,0.0,0.0259,-0.0252
2012-12-14,和邦生物,sh603077,13.14,12.33,12.33,12.97998,12.37002,1.70881,39562500,0.0,0.0,0.0,0.0654,0.0527
2012-12-17,和邦生物,sh603077,13.8,12.97002,12.99,13.38,12.97998,1.76147,54364900,0.0,0.0,0.0,0.0639,0.03
2012-12-18,和邦生物,sh603077,13.75998,13.30998,13.39998,13.45002,13.38,1.77069,32188300,0.0,0.0,0.0,0.0336,0.0037
2012-12-19,和邦生物,sh603077,13.65,13.27002,13.27002,13.5,13.45002,1.77727,19940100,0.0,0.0,0.0,0.0282,0.0173
2012-12-20,和邦生物,sh603077,14.05002,13.36002,13.39998,13.90998,13.5,1.83124,37748300,0.0,0.0,0.0,0.0511,0.038
2012-12-21,和邦生物,sh603077,14.26998,13.72002,13.90998,14.08002,13.90998,1.85362,41426600,0.0,0.0,0.0,0.0395,0.0122
2012-12-24,和邦生物,sh603077,14.37,13.87002,14.01,13.99998,14.08002,1.84309,28427100,0.0,0.0,0.0,0.0355,-7.0E-4
2012-12-25,和邦生物,sh603077,14.77998,13.83,13.95,14.49,13.99998,1.9076,51846600,0.0,0.0,0.0,0.0678,0.0387
2012-12-26,和邦生物,sh603077,15.09,14.32002,14.4,15.01998,14.49,1.97737,56680000,0.0,0.0,0.0,0.0531,0.043
2012-12-27,和邦生物,sh603077,15.19998,14.32998,15.15,14.35998,15.01998,1.89048,54035700,0.0,0.0,0.0,0.0579,-0.0521
2012-12-28,和邦生物,sh603077,14.68002,14.13,14.29998,14.53998,14.35998,1.91418,35196000,0.0,0.0,0.0,0.0383,0.0167
2012-12-31,和邦生物,sh603077,15.45,14.62002,14.62002,15.37002,14.53998,2.02345,63310300,0.0,0.0,0.0,0.057,0.0512
2013-01-04,和邦生物,sh603077,15.8,15.2,15.75,15.35,15.37002,15.350006,10059805,0.0,0.0,0.0,0.039,-0.0253
2013-01-07,和邦生物,sh603077,15.84,15.05,15.2,15.79,15.35,15.789999,8221270,0.0,0.0,0.0,0.0514,0.0388
2013-01-08,和邦生物,sh603077,16.06,15.51,15.78,15.82,15.79,15.82,7559068,0.0,0.0,0.0,0.0348,0.0025
2013-01-09,和邦生物,sh603077,15.89,15.3,15.8,15.46,15.82,15.46,6580294,0.0,0.0,0.0,0.0372,-0.0215
2013-01-10,和邦生物,sh603077,15.68,15.18,15.4,15.57,15.46,15.569998,4602973,0.0,0.0,0.0,0.0323,0.011
2013-01-11,和邦生物,sh603077,15.67,15.04,15.6,15.09,15.57,15.08999,5809833,0.0,0.0,0.0,0.0404,-0.0326
2013-01-14,和邦生物,sh603077,15.64,15.03,15.07,15.56,15.09,15.559983,6887167,0.0,0.0,0.0,0.0404,0.0325
2013-01-15,和邦生物,sh603077,16.13,15.57,15.57,16.02,15.56,16.019983,8272678,0.0,0.0,0.0,0.0359,0.0289
2013-01-16,和邦生物,sh603077,16.65,15.97,16.11,16.37,16.02,16.369987,13446940,0.0,0.0,0.0,0.0424,0.0161
2013-01-17,和邦生物,sh603077,16.35,15.94,16.3,16.08,16.37,16.079992,5959719,0.0,0.0,0.0,0.025,-0.0134
2013-01-18,和邦生物,sh603077,17.1,16.11,16.15,17.0,16.08,16.999994,11118968,0.0,0.0,0.0,0.0615,0.0526
2013-01-21,和邦生物,sh603077,17.27,16.78,17.07,17.12,17.0,17.119997,6915685,0.0,0.0,0.0,0.0288,0.0029
2013-01-22,和邦生物,sh603077,17.16,16.16,17.03,16.38,17.12,16.380001,7812504,0.0,0.0,0.0,0.0584,-0.0381
2013-01-23,和邦生物,sh603077,16.56,15.92,16.38,16.28,16.38,16.280003,5636848,0.0,0.0,0.0,0.039,-0.0061
2013-01-24,和邦生物,sh603077,16.56,15.01,16.3,15.52,16.28,15.520002,8219900,0.0,0.0,0.0,0.0952,-0.0478
2013-01-25,和邦生物,sh603077,15.58,15.32,15.32,15.41,15.52,15.409997,3042908,0.0,0.0,0.0,0.0167,0.0058
2013-01-28,和邦生物,sh603077,16.06,15.45,15.54,15.99,15.41,15.989998,5361411,0.0,0.0,0.0,0.0395,0.0289
2013-01-29,和邦生物,sh603077,16.39,15.95,16.05,16.19,15.99,16.19,4584486,0.0,0.0,0.0,0.0275,0.0087
2013-01-30,和邦生物,sh603077,16.35,15.76,16.19,16.22,16.19,16.220001,5379844,0.0,0.0,0.0,0.0364,0.0018
2013-01-31,和邦生物,sh603077,17.08,16.02,16.02,16.83,16.22,16.830004,8917578,0.0,0.0,0.0,0.0653,0.0505
2013-02-01,和邦生物,sh603077,16.92,16.55,16.68,16.89,16.83,16.890001,5118021,0.0,0.0,0.0,0.0219,0.0125
2013-02-04,和邦生物,sh603077,17.19,16.78,17.1,17.01,16.89,17.010006,7346844,0.0,0.0,0.0,0.0242,-0.0052
2013-02-05,和邦生物,sh603077,16.92,16.12,16.9,16.49,17.01,16.49001,7495869,0.0,0.0,0.0,0.047,-0.0242
2013-02-06,和邦生物,sh603077,17.37,16.41,16.42,16.73,16.49,16.730005,10299279,0.0,0.0,0.0,0.0582,0.0188
2013-02-07,和邦生物,sh603077,15.54,15.06,15.51,15.09,16.73,15.0900135,22599511,0.0,0.0,0.0,0.0286,-0.027
2013-02-08,和邦生物,sh603077,15.16,14.83,14.98,15.0,15.09,15.000016,9297398,0.0,0.0,0.0,0.0218,0.0013
2013-02-18,和邦生物,sh603077,15.12,14.9,15.02,15.09,15.0,15.090016,5971604,0.0,0.0,0.0,0.0146,0.0046
2013-02-19,和邦生物,sh603077,15.12,14.72,15.11,14.72,15.09,14.720009,6773499,0.0,0.0,0.0,0.0265,-0.0258
2013-02-20,和邦生物,sh603077,14.94,14.69,14.78,14.92,14.72,14.92001,4642791,0.0,0.0,0.0,0.0169,0.0094
2013-02-21,和邦生物,sh603077,15.03,14.7,14.88,14.8,14.92,14.800008,5517057,0.0,0.0,0.0,0.0221,-0.0053
2013-02-22,和邦生物,sh603077,14.85,14.6,14.8,14.63,14.8,14.630015,4222043,0.0,0.0,0.0,0.0168,-0.0114
2013-02-25,和邦生物,sh603077,14.74,14.59,14.69,14.71,14.63,14.710012,2619989,0.0,0.0,0.0,0.0102,0.0013
2013-02-26,和邦生物,sh603077,14.65,14.25,14.61,14.29,14.71,14.290012,4962056,0.0,0.0,0.0,0.0271,-0.0219
2013-02-27,和邦生物,sh603077,14.42,14.0,14.3,14.05,14.29,14.050012,3793463,0.0,0.0,0.0,0.0293,-0.0174
2013-02-28,和邦生物,sh603077,14.4,14.04,14.16,14.4,14.05,14.400011,3826138,0.0,0.0,0.0,0.0256,0.0169
2013-03-01,和邦生物,sh603077,14.49,14.31,14.49,14.43,14.4,14.430006,3165050,0.0,0.0,0.0,0.0124,-0.0041
2013-03-04,和邦生物,sh603077,14.3,13.68,14.3,13.7,14.43,13.7000065,4399415,0.0,0.0,0.0,0.0429,-0.0419
2013-03-05,和邦生物,sh603077,13.96,13.67,13.71,13.95,13.7,13.950005,2659603,0.0,0.0,0.0,0.0211,0.0175
2013-03-06,和邦生物,sh603077,14.17,13.81,13.94,14.11,13.95,14.110011,3886775,0.0,0.0,0.0,0.0258,0.0121
2013-03-07,和邦生物,sh603077,14.58,14.01,14.08,14.41,14.11,14.410018,6367851,0.0,0.0,0.0,0.0403,0.0234
2013-03-08,和邦生物,sh603077,14.45,14.16,14.4,14.18,14.41,14.180019,2858071,0.0,0.0,0.0,0.0201,-0.0152
2013-03-11,和邦生物,sh603077,14.28,14.11,14.19,14.2,14.18,14.200013,1840056,0.0,0.0,0.0,0.0119,7.0E-4
2013-03-12,和邦生物,sh603077,14.3,13.2,14.18,13.7,14.2,13.700017,3349157,0.0,0.0,0.0,0.0774,-0.0338
2013-03-13,和邦生物,sh603077,13.69,13.33,13.47,13.44,13.7,13.440018,1864363,0.0,0.0,0.0,0.0262,-0.0022
2013-03-14,和邦生物,sh603077,13.56,13.36,13.36,13.47,13.44,13.4700165,1486695,0.0,0.0,0.0,0.0148,0.0082
2013-03-15,和邦生物,sh603077,13.64,13.25,13.43,13.39,13.47,13.3900175,2238601,0.0,0.0,0.0,0.0289,-0.0029
2013-03-18,和邦生物,sh603077,13.42,13.0,13.41,13.02,13.39,13.020011,2336031,0.0,0.0,0.0,0.0313,-0.029
2013-03-19,和邦生物,sh603077,13.13,12.75,13.03,13.03,13.02,13.03001,1880525,0.0,0.0,0.0,0.0291,0.0
2013-03-20,和邦生物,sh603077,13.49,12.96,13.01,13.46,13.03,13.460014,2795926,0.0,0.0,0.0,0.0406,0.0345
2013-03-21,和邦生物,sh603077,13.74,13.4,13.45,13.68,13.46,13.680018,3373760,0.0,0.0,0.0,0.0252,0.0171
2013-03-22,和邦生物,sh603077,13.87,13.51,13.62,13.75,13.68,13.750019,2713268,0.0,0.0,0.0,0.0263,0.0095
2013-03-25,和邦生物,sh603077,13.8,13.55,13.73,13.62,13.75,13.620012,1696364,0.0,0.0,0.0,0.0181,-0.008
2013-03-26,和邦生物,sh603077,13.59,13.26,13.59,13.36,13.62,13.360006,1824764,0.0,0.0,0.0,0.0242,-0.0169
2013-03-27,和邦生物,sh603077,13.6,13.3,13.3,13.4,13.36,13.400006,1385983,0.0,0.0,0.0,0.0224,0.0075
2013-03-28,和邦生物,sh603077,14.42,13.58,13.68,13.92,13.4,13.920007,9622496,0.0,0.0,0.0,0.0626,0.0175
2013-03-29,和邦生物,sh603077,14.09,13.63,13.69,14.02,13.92,14.020008,4850581,0.0,0.0,0.0,0.033,0.0241
2013-04-01,和邦生物,sh603077,14.07,13.82,14.05,13.86,14.02,13.860012,2753268,0.0,0.0,0.0,0.0178,-0.0135
2013-04-02,和邦生物,sh603077,14.06,13.32,13.82,13.41,13.86,13.410005,3577255,0.0,0.0,0.0,0.0533,-0.0296
2013-04-03,和邦生物,sh603077,13.48,13.01,13.4,13.13,13.41,13.130004,2543807,0.0,0.0,0.0,0.035,-0.0201
2013-04-08,和邦生物,sh603077,13.02,12.71,12.89,13.01,13.13,13.010009,1626226,0.0,0.0,0.0,0.0236,0.0093
2013-04-09,和邦生物,sh603077,13.27,12.98,12.98,13.2,13.01,13.2000065,1254347,0.0,0.0,0.0,0.0222,0.0169
2013-04-10,和邦生物,sh603077,13.18,12.91,13.18,13.05,13.2,13.050002,1457170,0.0,0.0,0.0,0.0204,-0.0098
2013-04-11,和邦生物,sh603077,13.23,13.06,13.17,13.21,13.05,13.210009,1585345,0.0,0.0,0.0,0.013,0.003
2013-04-12,和邦生物,sh603077,13.24,12.98,13.23,13.05,13.21,13.050009,1149477,0.0,0.0,0.0,0.0196,-0.0136
2013-04-15,和邦生物,sh603077,13.04,12.8,13.04,12.82,13.05,12.820003,1162962,0.0,0.0,0.0,0.0183,-0.0168
2013-04-16,和邦生物,sh603077,12.99,12.5,12.66,12.94,12.82,12.939998,1791451,0.0,0.0,0.0,0.0382,0.0221
2013-04-17,和邦生物,sh603077,12.62,12.4,12.6,12.52,12.94,12.919992,1130950,0.0,0.0,0.0,0.017,-0.0063
2013-04-18,和邦生物,sh603077,12.66,12.4,12.42,12.65,12.52,13.05414,831459,0.0,0.0,0.0,0.0207,0.0185
2013-04-19,和邦生物,sh603077,13.02,12.61,12.67,12.97,12.65,13.384358,1970837,0.0,0.0,0.0,0.0324,0.0236
2013-04-22,和邦生物,sh603077,12.97,12.74,12.8,12.85,12.97,13.260526,2044076,0.0,0.0,0.0,0.0177,0.0039
2013-04-23,和邦生物,sh603077,12.93,12.4,12.85,12.41,12.85,12.806472,1954113,0.0,0.0,0.0,0.0412,-0.0342
2013-04-24,和邦生物,sh603077,12.6,12.28,12.43,12.52,12.41,12.919989,1961624,0.0,0.0,0.0,0.0257,0.0072
2013-04-25,和邦生物,sh603077,12.53,12.21,12.53,12.28,12.52,12.672325,1930151,0.0,0.0,0.0,0.0255,-0.0199
2013-04-26,和邦生物,sh603077,11.99,11.26,11.99,11.29,12.28,11.650695,4726256,0.0,0.0,0.0,0.0594,-0.0583
2013-05-02,和邦生物,sh603077,11.26,11.01,11.26,11.12,11.29,11.475259,1610968,0.0,0.0,0.0,0.0221,-0.0124
2013-05-03,和邦生物,sh603077,11.35,11.11,11.17,11.3,11.12,11.661009,2002971,0.0,0.0,0.0,0.0215,0.0116
2013-05-06,和邦生物,sh603077,11.43,11.23,11.31,11.42,11.3,11.784838,2089270,0.0,0.0,0.0,0.0176,0.0097
2013-05-07,和邦生物,sh603077,11.5,11.35,11.43,11.45,11.42,11.815796,1897188,0.0,0.0,0.0,0.0131,0.0017
2013-05-08,和邦生物,sh603077,11.5,11.41,11.43,11.49,11.45,11.857069,1748315,0.0,0.0,0.0,0.0078,0.0052
2013-05-09,和邦生物,sh603077,11.55,11.3,11.5,11.34,11.49,11.702274,2269068,0.0,0.0,0.0,0.0217,-0.0139
2013-05-10,和邦生物,sh603077,11.48,11.25,11.26,11.47,11.34,11.83643,2047773,0.0,0.0,0.0,0.0202,0.0186
2013-05-13,和邦生物,sh603077,12.04,11.46,11.48,12.03,11.47,12.41432,5201406,0.0,0.0,0.0,0.0505,0.0479
2013-05-14,和邦生物,sh603077,12.0,11.7,12.0,11.8,12.03,12.1769705,2531435,0.0,0.0,0.0,0.0249,-0.0166
2013-05-15,和邦生物,sh603077,11.99,11.75,11.81,11.89,11.8,12.269844,1866141,0.0,0.0,0.0,0.0203,0.0067
2013-05-16,和邦生物,sh603077,12.15,11.76,11.88,12.01,11.89,12.393683,2352612,0.0,0.0,0.0,0.0328,0.0109
2013-05-17,和邦生物,sh603077,12.08,11.88,12.02,12.03,12.01,12.414319,2747819,0.0,0.0,0.0,0.0166,8.0E-4
2013-05-20,和邦生物,sh603077,12.18,11.95,12.06,12.15,12.03,12.538152,2844775,0.0,0.0,0.0,0.0191,0.0074
2013-05-21,和邦生物,sh603077,12.25,12.02,12.14,12.24,12.15,12.6310215,2839490,0.0,0.0,0.0,0.0189,0.0082
2013-05-22,和邦生物,sh603077,12.27,12.03,12.23,12.12,12.24,12.507187,2210667,0.0,0.0,0.0,0.0196,-0.0089
2013-05-23,和邦生物,sh603077,12.12,11.76,12.12,11.78,12.12,12.156323,2768301,0.0,0.0,0.0,0.0297,-0.028
2013-05-24,和邦生物,sh603077,11.88,11.69,11.8,11.85,11.78,12.228556,2171160,0.0,0.0,0.0,0.0161,0.0042
2013-05-27,和邦生物,sh603077,11.95,11.81,11.84,11.94,11.85,12.321432,1838241,0.0,0.0,0.0,0.0118,0.0084
2013-05-28,和邦生物,sh603077,12.11,11.81,11.91,12.1,11.94,12.486539,2098450,0.0,0.0,0.0,0.0251,0.0159
2013-05-29,和邦生物,sh603077,12.82,12.09,12.14,12.75,12.1,13.157304,7738364,0.0,0.0,0.0,0.0603,0.0502
2013-05-30,和邦生物,sh603077,14.03,12.92,12.92,14.03,12.75,14.478191,24751893,0.0,0.0,0.0,0.087,0.0859
2013-05-31,和邦生物,sh603077,14.08,13.66,13.9,13.85,14.03,14.292437,12536753,0.0,0.0,0.0,0.0299,-0.0035
2013-06-03,和邦生物,sh603077,13.99,13.4,13.93,13.64,13.85,14.075734,8139373,0.0,0.0,0.0,0.0425,-0.0208
2013-06-04,和邦生物,sh603077,13.74,13.35,13.58,13.64,13.64,14.075734,4591194,0.0,0.0,0.0,0.0285,0.0044
2013-06-05,和邦生物,sh603077,14.04,13.57,13.62,13.86,13.64,14.302762,5390011,0.0,0.0,0.0,0.0344,0.0176
2013-06-06,和邦生物,sh603077,13.88,13.38,13.88,13.39,13.86,13.817741,3640964,0.0,0.0,0.0,0.036,-0.0353
2013-06-07,和邦生物,sh603077,13.42,12.26,13.37,12.52,13.39,12.919947,6823935,0.0,0.0,0.0,0.0866,-0.0635
2013-06-13,和邦生物,sh603077,12.35,11.7,12.35,11.91,12.52,12.290462,2960004,0.0,0.0,0.0,0.0519,-0.0356
2013-06-14,和邦生物,sh603077,12.17,11.97,11.97,12.03,11.91,12.4143,2413350,0.0,0.0,0.0,0.0167,0.005
2013-06-17,和邦生物,sh603077,12.54,12.01,12.01,12.37,12.03,12.765165,3089849,0.0,0.0,0.0,0.044,0.0299
2013-06-18,和邦生物,sh603077,12.47,11.96,12.45,12.28,12.37,12.672286,1946454,0.0,0.0,0.0,0.0412,-0.0136
2013-06-19,和邦生物,sh603077,12.09,11.75,12.09,12.04,12.28,12.424619,2730501,0.0,0.0,0.0,0.0276,-0.0041
2013-06-20,和邦生物,sh603077,11.94,11.42,11.94,11.46,12.04,11.826088,3042635,0.0,0.0,0.0,0.0431,-0.0402
2013-06-21,和邦生物,sh603077,11.48,11.07,11.29,11.38,11.46,11.74353,1834874,0.0,0.0,0.0,0.0357,0.0079
2013-06-24,和邦生物,sh603077,11.62,10.7,11.62,10.94,11.38,11.289478,2188624,0.0,0.0,0.0,0.0808,-0.0585
2013-06-25,和邦生物,sh603077,11.04,9.96,10.7,10.71,10.94,11.052128,2370097,0.0,0.0,0.0,0.0987,9.0E-4
2013-06-26,和邦生物,sh603077,10.94,10.61,10.88,10.78,10.71,11.124365,1678300,0.0,0.0,0.0,0.0308,-0.0091
2013-06-27,和邦生物,sh603077,11.08,10.71,10.85,10.77,10.78,11.114041,1900298,0.0,0.0,0.0,0.0343,-0.0073
2013-06-28,和邦生物,sh603077,10.87,10.4,10.65,10.65,10.77,10.990209,1572077,0.0,0.0,0.0,0.0436,0.0
2013-07-01,和邦生物,sh603077,10.75,10.46,10.63,10.73,10.65,11.072767,993842,0.0,0.0,0.0,0.0272,0.0094
2013-07-02,和邦生物,sh603077,11.01,10.74,10.89,10.96,10.73,11.310112,1895053,0.0,0.0,0.0,0.0251,0.0064
2013-07-03,和邦生物,sh603077,10.95,10.62,10.94,10.86,10.96,11.206919,1304154,0.0,0.0,0.0,0.0301,-0.0073
2013-07-04,和邦生物,sh603077,11.3,10.65,10.65,11.11,10.86,11.464902,1965043,0.0,0.0,0.0,0.0598,0.0431
2013-07-05,和邦生物,sh603077,11.38,11.03,11.11,11.21,11.11,11.568097,2500645,0.0,0.0,0.0,0.0315,0.009
2013-07-08,和邦生物,sh603077,11.15,10.4,11.05,10.4,11.21,10.732222,1927667,0.0,0.0,0.0,0.0669,-0.0588
2013-07-09,和邦生物,sh603077,10.5,10.1,10.4,10.3,10.4,10.629031,1302850,0.0,0.0,0.0,0.0384,-0.0096
2013-07-10,和邦生物,sh603077,10.58,10.2,10.2,10.58,10.3,10.917971,1383818,0.0,0.0,0.0,0.0368,0.0372
2013-07-11,和邦生物,sh603077,10.99,10.5,10.5,10.87,10.58,11.217232,2103168,0.0,0.0,0.0,0.0463,0.0352
2013-07-12,和邦生物,sh603077,10.9,10.5,10.8,10.51,10.87,10.845729,2099810,0.0,0.0,0.0,0.0367,-0.0268
2013-07-15,和邦生物,sh603077,10.68,10.41,10.42,10.63,10.51,10.969565,2008720,0.0,0.0,0.0,0.0256,0.0201
2013-07-16,和邦生物,sh603077,11.1,10.63,10.75,11.1,10.63,11.454574,3604821,0.0,0.0,0.0,0.0442,0.0325
2013-07-17,和邦生物,sh603077,11.11,10.77,11.11,10.8,11.1,11.144991,2789232,0.0,0.0,0.0,0.0306,-0.0279
2013-07-18,和邦生物,sh603077,10.71,10.42,10.68,10.52,10.8,10.856046,2322690,0.0,0.0,0.0,0.0268,-0.0149
2013-07-19,和邦生物,sh603077,10.61,10.32,10.52,10.35,10.52,10.680612,2257302,0.0,0.0,0.0,0.0275,-0.0161
2013-07-22,和邦生物,sh603077,10.75,10.35,10.6,10.71,10.35,11.052115,1964668,0.0,0.0,0.0,0.0386,0.0103
2013-07-23,和邦生物,sh603077,11.78,11.78,11.78,11.78,10.71,12.1563,3252638,0.0,0.0,0.0,0.0,0.0
2013-07-24,和邦生物,sh603077,12.82,11.82,12.81,12.17,11.78,12.558758,11516549,0.0,0.0,0.0,0.0848,-0.0499
2013-07-25,和邦生物,sh603077,12.18,11.38,12.06,11.56,12.17,11.9292755,5475753,0.0,0.0,0.0,0.0657,-0.0414
2013-07-26,和邦生物,sh603077,11.55,10.94,11.29,11.08,11.56,11.4339485,5186864,0.0,0.0,0.0,0.0527,-0.0186
2013-07-29,和邦生物,sh603077,11.35,10.8,11.0,11.31,11.08,11.671294,2907091,0.0,0.0,0.0,0.0496,0.0281
2013-07-30,和邦生物,sh603077,11.31,10.96,11.18,11.09,11.31,11.444264,2079908,0.0,0.0,0.0,0.0309,-0.008
2013-07-31,和邦生物,sh603077,11.18,10.92,11.07,10.94,11.09,11.289469,2263993,0.0,0.0,0.0,0.0234,-0.0117
2013-08-01,和邦生物,sh603077,11.34,10.91,10.91,11.18,10.94,11.537137,2467002,0.0,0.0,0.0,0.0393,0.0247
2013-08-02,和邦生物,sh603077,11.37,11.06,11.19,11.16,11.18,11.516498,3341470,0.0,0.0,0.0,0.0277,-0.0026
2013-08-05,和邦生物,sh603077,11.52,11.0,11.12,11.44,11.16,11.805447,3406778,0.0,0.0,0.0,0.0465,0.0287
2013-08-06,和邦生物,sh603077,12.58,11.34,11.37,11.92,11.44,12.300779,10224345,0.0,0.0,0.0,0.1083,0.0483
2013-08-07,和邦生物,sh603077,12.27,11.44,12.05,11.97,11.92,12.352381,10492691,0.0,0.0,0.0,0.0696,-0.0066
2013-08-08,和邦生物,sh603077,11.9,11.53,11.85,11.72,11.97,12.094389,7309948,0.0,0.0,0.0,0.0309,-0.0109
2013-08-09,和邦生物,sh603077,11.76,11.43,11.74,11.64,11.72,12.011833,5628714,0.0,0.0,0.0,0.0281,-0.0085
2013-08-12,和邦生物,sh603077,12.14,11.53,11.66,12.05,11.64,12.434926,6628467,0.0,0.0,0.0,0.0524,0.0334
2013-08-13,和邦生物,sh603077,13.26,12.12,12.12,13.26,12.05,13.6835785,19043384,0.0,0.0,0.0,0.0946,0.094
2013-08-14,和邦生物,sh603077,13.7,12.95,13.45,13.25,13.26,13.673262,17325554,0.0,0.0,0.0,0.0565,-0.0148
2013-08-15,和邦生物,sh603077,13.45,12.6,13.04,12.79,13.25,13.198566,13785089,0.0,0.0,0.0,0.0641,-0.0191
2013-08-16,和邦生物,sh603077,12.97,12.56,12.64,12.85,12.79,13.260481,8650699,0.0,0.0,0.0,0.032,0.0166
2013-08-19,和邦生物,sh603077,14.14,12.75,12.81,13.96,12.85,14.405934,16635200,0.0,0.0,0.0,0.1081,0.0897
2013-08-20,和邦生物,sh603077,14.45,13.71,13.71,14.02,13.96,14.467852,13092904,0.0,0.0,0.0,0.053,0.0226
2013-08-21,和邦生物,sh603077,14.89,14.11,14.43,14.22,14.02,14.674235,10659281,0.0,0.0,0.0,0.0556,-0.0145
2013-08-22,和邦生物,sh603077,14.98,13.91,14.0,14.77,14.22,15.241805,12509744,0.0,0.0,0.0,0.0752,0.0549
2013-08-23,和邦生物,sh603077,15.6,14.41,14.51,15.42,14.77,15.912567,14854727,0.0,0.0,0.0,0.0805,0.0627
2013-08-26,和邦生物,sh603077,16.25,15.31,15.39,15.92,15.42,16.428532,11406198,0.0,0.0,0.0,0.0609,0.0344
2013-08-27,和邦生物,sh603077,15.95,15.36,15.71,15.9,15.92,16.407898,6906655,0.0,0.0,0.0,0.037,0.012
2013-08-28,和邦生物,sh603077,15.72,15.2,15.71,15.28,15.9,15.768088,6715413,0.0,0.0,0.0,0.0327,-0.0273
2013-08-29,和邦生物,sh603077,15.57,14.95,15.33,15.56,15.28,16.057037,4241725,0.0,0.0,0.0,0.0405,0.015
2013-08-30,和邦生物,sh603077,15.89,14.93,15.47,15.15,15.56,15.633935,5334460,0.0,0.0,0.0,0.0616,-0.0206
2013-09-02,和邦生物,sh603077,15.55,14.7,15.03,15.34,15.15,15.83,2923725,0.0,0.0,0.0,0.0561,0.0206
2013-09-03,和邦生物,sh603077,15.7,15.1,15.33,15.48,15.34,15.974465,2852680,0.0,0.0,0.0,0.0391,0.0097
2013-09-04,和邦生物,sh603077,16.75,15.41,15.56,16.42,15.48,16.944498,9064172,0.0,0.0,0.0,0.0865,0.0552
2013-09-05,和邦生物,sh603077,16.6,16.11,16.49,16.51,16.42,17.03737,4562955,0.0,0.0,0.0,0.0298,0.0012
2013-09-06,和邦生物,sh603077,16.7,16.08,16.53,16.15,16.51,16.66587,3194298,0.0,0.0,0.0,0.0375,-0.0229
2013-09-09,和邦生物,sh603077,16.91,15.38,16.6,15.39,16.15,15.881592,8373472,0.0,0.0,0.0,0.0947,-0.0728
2013-09-10,和邦生物,sh603077,16.38,14.56,16.05,15.16,15.39,15.644241,13249997,0.0,0.0,0.0,0.1182,-0.0554
2013-11-29,和邦生物,sh603077,16.48,14.02,16.48,14.6,15.16,15.066359,17974401,0.0,0.0,0.0,0.1622,-0.114
2013-12-02,和邦生物,sh603077,14.26,13.14,14.26,13.3,14.6,13.724835,9746424,0.0,0.0,0.0,0.0767,-0.0673
2013-12-03,和邦生物,sh603077,13.35,13.0,13.01,13.29,13.3,13.714514,5548962,0.0,0.0,0.0,0.0263,0.0215
2013-12-04,和邦生物,sh603077,13.68,13.17,13.27,13.5,13.29,13.931217,4896059,0.0,0.0,0.0,0.0383,0.0173
2013-12-05,和邦生物,sh603077,13.47,13.12,13.36,13.21,13.5,13.631961,3618817,0.0,0.0,0.0,0.0259,-0.0112
2013-12-06,和邦生物,sh603077,13.25,12.88,13.24,13.1,13.21,13.518448,3407565,0.0,0.0,0.0,0.028,-0.0105
2013-12-09,和邦生物,sh603077,13.29,13.06,13.06,13.26,13.1,13.683561,2365007,0.0,0.0,0.0,0.0175,0.0153
2013-12-10,和邦生物,sh603077,13.72,13.21,13.26,13.61,13.26,14.04474,5127999,0.0,0.0,0.0,0.0384,0.0263
2013-12-11,和邦生物,sh603077,13.88,13.37,13.67,13.64,13.61,14.075694,3984730,0.0,0.0,0.0,0.0374,-0.0021
2013-12-12,和邦生物,sh603077,13.8,13.5,13.58,13.54,13.64,13.972506,2712582,0.0,0.0,0.0,0.0219,-0.0029
2013-12-13,和邦生物,sh603077,13.7,13.22,13.53,13.43,13.54,13.858993,2622324,0.0,0.0,0.0,0.0354,-0.0073
2013-12-16,和邦生物,sh603077,13.68,13.32,13.45,13.38,13.43,13.807395,2060510,0.0,0.0,0.0,0.0268,-0.0052
2013-12-17,和邦生物,sh603077,13.4,13.05,13.4,13.14,13.38,13.559732,1796248,0.0,0.0,0.0,0.0261,-0.0194
2013-12-18,和邦生物,sh603077,13.44,13.07,13.18,13.41,13.14,13.838358,1406613,0.0,0.0,0.0,0.0281,0.0174
2013-12-19,和邦生物,sh603077,13.72,13.35,13.4,13.57,13.41,14.003463,2942020,0.0,0.0,0.0,0.0275,0.0126
2013-12-20,和邦生物,sh603077,13.65,13.36,13.58,13.4,13.57,13.828028,2197979,0.0,0.0,0.0,0.0213,-0.0132
2013-12-23,和邦生物,sh603077,13.43,13.08,13.43,13.22,13.4,13.642276,1034142,0.0,0.0,0.0,0.0261,-0.0156
2013-12-24,和邦生物,sh603077,13.39,13.15,13.32,13.36,13.22,13.786747,1676959,0.0,0.0,0.0,0.0181,0.003
2013-12-25,和邦生物,sh603077,13.7,13.29,13.36,13.4,13.36,13.828025,1608158,0.0,0.0,0.0,0.0306,0.0029
2013-12-26,和邦生物,sh603077,13.45,13.06,13.4,13.07,13.4,13.487482,1754002,0.0,0.0,0.0,0.0291,-0.0246
2013-12-27,和邦生物,sh603077,13.35,13.03,13.21,13.19,13.07,13.611311,1880935,0.0,0.0,0.0,0.0244,-0.0015
2013-12-30,和邦生物,sh603077,13.68,13.21,13.21,13.66,13.19,14.096323,3086248,0.0,0.0,0.0,0.0356,0.034
2013-12-31,和邦生物,sh603077,14.02,13.5,13.71,14.0,13.66,14.44718,3887748,0.0,0.0,0.0,0.038,0.0211
2014-01-02,和邦生物,sh603077,14.1,13.75,14.1,13.84,14.0,14.2820635,1991319,0.0,0.0,0.0,0.0249,-0.0184
2014-01-03,和邦生物,sh603077,14.57,13.49,13.92,14.36,13.84,14.818669,5534818,0.0,0.0,0.0,0.078,0.0316
2014-01-06,和邦生物,sh603077,14.66,14.02,14.26,14.19,14.36,14.643246,2652560,0.0,0.0,0.0,0.0445,-0.0049
2014-01-07,和邦生物,sh603077,14.48,13.92,14.12,14.25,14.19,14.705157,1773286,0.0,0.0,0.0,0.0394,0.0092
2014-01-08,和邦生物,sh603077,14.25,13.8,14.25,14.01,14.25,14.457493,1905631,0.0,0.0,0.0,0.0315,-0.0168
2014-01-09,和邦生物,sh603077,14.21,13.23,14.01,13.25,14.01,13.673217,2501558,0.0,0.0,0.0,0.0699,-0.0542
2014-01-10,和邦生物,sh603077,13.45,13.04,13.11,13.12,13.25,13.539069,1465134,0.0,0.0,0.0,0.0309,7.0E-4
2014-01-13,和邦生物,sh603077,13.26,12.71,13.01,12.72,13.12,13.12629,1802526,0.0,0.0,0.0,0.0419,-0.0222
2014-01-14,和邦生物,sh603077,13.0,12.43,12.75,12.88,12.72,13.291406,2016712,0.0,0.0,0.0,0.0448,0.0101
2014-01-15,和邦生物,sh603077,12.98,12.76,12.8,12.92,12.88,13.332689,1048132,0.0,0.0,0.0,0.017,0.0093
2014-01-16,和邦生物,sh603077,12.95,12.59,12.9,12.72,12.92,13.126299,2062969,0.0,0.0,0.0,0.0278,-0.0139
2014-01-17,和邦生物,sh603077,12.72,12.58,12.68,12.64,12.72,13.043748,862457,0.0,0.0,0.0,0.011,-0.0031
2014-01-20,和邦生物,sh603077,12.67,12.02,12.48,12.3,12.64,12.6928835,2493469,0.0,0.0,0.0,0.0514,-0.0144
2014-01-21,和邦生物,sh603077,12.45,12.12,12.29,12.43,12.3,12.827035,1426361,0.0,0.0,0.0,0.0268,0.0113
2014-01-22,和邦生物,sh603077,12.86,12.36,12.43,12.65,12.43,13.054061,2502940,0.0,0.0,0.0,0.0402,0.0176
2014-01-23,和邦生物,sh603077,12.84,12.46,12.56,12.7,12.65,13.105663,2771569,0.0,0.0,0.0,0.03,0.0111
2014-01-24,和邦生物,sh603077,13.05,12.62,12.62,12.95,12.7,13.363648,2614048,0.0,0.0,0.0,0.0338,0.0261
2014-01-27,和邦生物,sh603077,13.52,12.86,12.86,13.13,12.95,13.549403,2571477,0.0,0.0,0.0,0.0509,0.0209
2014-01-28,和邦生物,sh603077,13.52,13.12,13.12,13.46,13.13,13.88994,1933918,0.0,0.0,0.0,0.0304,0.0259
2014-01-29,和邦生物,sh603077,13.68,13.31,13.31,13.43,13.46,13.858979,2335268,0.0,0.0,0.0,0.0274,0.009
2014-01-30,和邦生物,sh603077,13.52,13.17,13.44,13.44,13.43,13.869305,1429584,0.0,0.0,0.0,0.026,0.0
2014-02-07,和邦生物,sh603077,13.46,13.22,13.3,13.43,13.44,13.858986,1559697,0.0,0.0,0.0,0.0178,0.0097
2014-02-10,和邦生物,sh603077,13.85,13.27,13.5,13.7,13.43,14.137607,3764243,0.0,0.0,0.0,0.0431,0.0148
2014-02-11,和邦生物,sh603077,14.3,13.61,13.65,14.23,13.7,14.684534,3317794,0.0,0.0,0.0,0.0503,0.0424
2014-02-12,和邦生物,sh603077,14.45,14.06,14.22,14.1,14.23,14.550376,3338488,0.0,0.0,0.0,0.0274,-0.0084
2014-02-13,和邦生物,sh603077,14.33,14.0,14.15,14.13,14.1,14.58134,2265668,0.0,0.0,0.0,0.0234,-0.0014
2014-02-14,和邦生物,sh603077,14.87,14.03,14.13,14.84,14.13,15.314023,3481523,0.0,0.0,0.0,0.0594,0.0502
2014-02-17,和邦生物,sh603077,14.98,14.61,14.95,14.91,14.84,15.386259,2780904,0.0,0.0,0.0,0.0249,-0.0026
2014-02-18,和邦生物,sh603077,15.35,14.76,14.92,15.24,14.91,15.726803,2808746,0.0,0.0,0.0,0.0395,0.0214
2014-02-19,和邦生物,sh603077,15.7,15.14,15.14,15.38,15.24,15.871269,2930985,0.0,0.0,0.0,0.0367,0.0158
2014-02-20,和邦生物,sh603077,15.48,14.82,15.38,14.99,15.38,15.468805,2666178,0.0,0.0,0.0,0.0429,-0.0253
2014-02-21,和邦生物,sh603077,15.15,14.61,14.96,14.84,14.99,15.31401,2198075,0.0,0.0,0.0,0.036,-0.008
2014-02-24,和邦生物,sh603077,15.5,14.25,14.7,15.41,14.84,15.902221,4836300,0.0,0.0,0.0,0.0842,0.0482
2014-02-25,和邦生物,sh603077,15.69,14.38,15.19,14.65,15.41,15.117939,5765901,0.0,0.0,0.0,0.085,-0.0355
2014-02-26,和邦生物,sh603077,15.19,14.19,14.65,14.96,14.65,15.437835,3813752,0.0,0.0,0.0,0.0682,0.0211
2014-02-27,和邦生物,sh603077,15.39,14.71,14.96,15.26,14.96,15.747409,5261482,0.0,0.0,0.0,0.0454,0.02
2014-02-28,和邦生物,sh603077,15.27,14.01,15.19,14.77,15.26,15.24176,13456966,0.0,0.0,0.0,0.0825,-0.0276
2014-03-03,和邦生物,sh603077,15.17,14.45,14.59,14.86,14.77,15.334628,10114401,0.0,0.0,0.0,0.0487,0.0185
2014-03-04,和邦生物,sh603077,15.23,14.74,14.79,14.85,14.86,15.324307,7433189,0.0,0.0,0.0,0.0329,0.004
2014-03-05,和邦生物,sh603077,14.88,14.3,14.88,14.31,14.85,14.767055,3090260,0.0,0.0,0.0,0.039,-0.0383
2014-03-06,和邦生物,sh603077,14.27,13.9,14.27,14.04,14.31,14.48843,2845190,0.0,0.0,0.0,0.0258,-0.0161
2014-03-07,和邦生物,sh603077,14.35,13.95,14.03,14.1,14.04,14.550353,2444669,0.0,0.0,0.0,0.0284,0.0049
2014-03-10,和邦生物,sh603077,14.13,13.41,14.0,13.48,14.1,13.910545,2299642,0.0,0.0,0.0,0.051,-0.0371
2014-03-11,和邦生物,sh603077,13.86,13.46,13.48,13.72,13.48,14.158209,2371116,0.0,0.0,0.0,0.0296,0.0178
2014-03-12,和邦生物,sh603077,14.18,13.34,13.65,13.93,13.72,14.374914,4073562,0.0,0.0,0.0,0.0612,0.0205
2014-03-24,和邦生物,sh603077,14.76,14.0,14.0,14.49,13.93,14.9528,5925858,0.0,0.0,0.0,0.0545,0.035
2014-03-25,和邦生物,sh603077,14.5,14.15,14.22,14.35,14.49,14.808326,2390177,0.0,0.0,0.0,0.0241,0.0091
2014-03-26,和邦生物,sh603077,14.68,14.27,14.36,14.58,14.35,15.045674,1955652,0.0,0.0,0.0,0.0285,0.0153
2014-03-27,和邦生物,sh603077,14.58,14.32,14.55,14.49,14.58,14.952797,1477111,0.0,0.0,0.0,0.0178,-0.0041
2014-03-28,和邦生物,sh603077,14.53,13.79,14.41,14.0,14.49,14.447153,1865904,0.0,0.0,0.0,0.051,-0.0284
2014-03-31,和邦生物,sh603077,14.0,13.2,14.0,13.5,14.0,13.931188,2621486,0.0,0.0,0.0,0.0571,-0.0357
2014-04-01,和邦生物,sh603077,14.25,13.48,13.66,14.22,13.5,14.67418,2516548,0.0,0.0,0.0,0.057,0.0409
2014-04-02,和邦生物,sh603077,14.33,13.8,14.19,13.88,14.22,14.32332,1492506,0.0,0.0,0.0,0.0372,-0.0218
2014-04-03,和邦生物,sh603077,14.45,13.79,13.9,14.42,13.88,14.8805685,2361671,0.0,0.0,0.0,0.0475,0.0374
2014-04-04,和邦生物,sh603077,14.87,14.27,14.27,14.71,14.42,15.1798315,4597321,0.0,0.0,0.0,0.0416,0.0308
2014-04-08,和邦生物,sh603077,14.84,14.53,14.6,14.73,14.71,15.200477,2698486,0.0,0.0,0.0,0.021,0.0089
2014-04-09,和邦生物,sh603077,15.3,14.58,14.6,15.0,14.73,15.479101,3576902,0.0,0.0,0.0,0.0488,0.0273
2014-04-10,和邦生物,sh603077,15.3,14.73,15.07,14.79,15.0,15.262394,3451366,0.0,0.0,0.0,0.038,-0.0185
2014-04-11,和邦生物,sh603077,15.1,14.71,14.78,14.82,14.79,15.293346,2073488,0.0,0.0,0.0,0.0263,0.0027
2014-04-14,和邦生物,sh603077,15.0,14.71,14.84,14.83,14.82,15.303669,1601906,0.0,0.0,0.0,0.0195,-6.0E-4
2014-04-15,和邦生物,sh603077,14.76,14.44,14.76,14.46,14.83,14.921858,1760754,0.0,0.0,0.0,0.0215,-0.0203
2014-04-16,和邦生物,sh603077,14.54,14.36,14.45,14.48,14.46,14.942494,1101591,0.0,0.0,0.0,0.0124,0.002
2014-04-17,和邦生物,sh603077,14.55,14.21,14.41,14.33,14.48,14.787705,1396447,0.0,0.0,0.0,0.0234,-0.0055
2014-04-18,和邦生物,sh603077,14.54,14.3,14.3,14.53,14.33,14.994098,789327,0.0,0.0,0.0,0.0167,0.016
2014-04-21,和邦生物,sh603077,14.6,14.18,14.35,14.27,14.53,14.725793,1286734,0.0,0.0,0.0,0.0289,-0.0055
2014-04-22,和邦生物,sh603077,14.45,14.05,14.2,14.33,14.27,14.787715,1728396,0.0,0.0,0.0,0.028,0.0091
2014-04-23,和邦生物,sh603077,14.39,14.13,14.2,14.25,14.33,14.705155,998365,0.0,0.0,0.0,0.0181,0.0035
2014-04-24,和邦生物,sh603077,14.32,14.12,14.22,14.16,14.25,14.612277,1494240,0.0,0.0,0.0,0.014,-0.0042
2014-04-25,和邦生物,sh603077,15.0,14.2,14.28,14.62,14.16,15.086972,4754296,0.0,0.0,0.0,0.0564,0.0238
2014-04-28,和邦生物,sh603077,14.92,14.35,14.53,14.73,14.62,15.200486,3073660,0.0,0.0,0.0,0.0389,0.0137
2014-04-29,和邦生物,sh603077,14.97,14.58,14.71,14.87,14.73,15.344952,3660604,0.0,0.0,0.0,0.0264,0.0108
2014-04-30,和邦生物,sh603077,14.79,13.38,14.79,14.31,14.87,14.76706,6635934,0.0,0.0,0.0,0.0948,-0.0324
2014-05-05,和邦生物,sh603077,14.22,13.93,14.0,14.11,14.31,14.560677,2126018,0.0,0.0,0.0,0.0202,0.0078
2014-05-06,和邦生物,sh603077,14.15,13.75,14.03,14.05,14.11,14.498764,2538045,0.0,0.0,0.0,0.0283,0.0014
2014-05-07,和邦生物,sh603077,14.02,13.48,14.02,13.49,14.05,13.920873,2133170,0.0,0.0,0.0,0.0384,-0.0378
2014-05-08,和邦生物,sh603077,13.56,13.16,13.48,13.19,13.49,13.611286,3144589,0.0,0.0,0.0,0.0296,-0.0215
2014-05-09,和邦生物,sh603077,13.2,12.48,13.19,12.84,13.19,13.250111,3691521,0.0,0.0,0.0,0.0545,-0.0265
2014-05-12,和邦生物,sh603077,12.99,12.6,12.84,12.91,12.84,13.3223505,3090882,0.0,0.0,0.0,0.0303,0.0054
2014-05-13,和邦生物,sh603077,13.0,12.65,12.9,12.67,12.91,13.074688,2212891,0.0,0.0,0.0,0.0271,-0.0178
2014-05-14,和邦生物,sh603077,12.75,12.54,12.62,12.71,12.67,13.115965,1894216,0.0,0.0,0.0,0.0165,0.0071
2014-05-15,和邦生物,sh603077,12.73,12.3,12.7,12.34,12.71,12.734146,1745329,0.0,0.0,0.0,0.0338,-0.0283
2014-05-16,和邦生物,sh603077,12.49,11.99,12.3,12.13,12.34,12.517436,2664824,0.0,0.0,0.0,0.0405,-0.0138
2014-05-19,和邦生物,sh603077,12.21,12.0,12.05,12.08,12.13,12.465839,1465904,0.0,0.0,0.0,0.0173,0.0024
2014-05-20,和邦生物,sh603077,12.39,12.15,12.19,12.19,12.08,12.579353,1702255,0.0,0.0,0.0,0.0198,0.0
2014-05-21,和邦生物,sh603077,12.35,12.14,12.23,12.3,12.19,12.692869,1399304,0.0,0.0,0.0,0.0172,0.0057
2014-05-22,和邦生物,sh603077,12.52,12.31,12.38,12.41,12.3,12.806381,1778121,0.0,0.0,0.0,0.017,0.0024
2014-05-23,和邦生物,sh603077,12.52,12.3,12.43,12.4,12.41,12.79606,1360062,0.0,0.0,0.0,0.0177,-0.0024
2014-05-26,和邦生物,sh603077,12.51,12.34,12.45,12.45,12.4,12.847653,2160427,0.0,0.0,0.0,0.0137,0.0
2014-05-27,和邦生物,sh603077,12.48,12.32,12.45,12.35,12.45,12.744461,1219420,0.0,0.0,0.0,0.0128,-0.008
2014-05-28,和邦生物,sh603077,12.5,12.3,12.3,12.47,12.35,12.868299,2027620,0.0,0.0,0.0,0.0161,0.0138
2014-05-29,和邦生物,sh603077,12.52,12.25,12.46,12.29,12.47,12.682545,2121572,0.0,0.0,0.0,0.0216,-0.0136
2014-05-30,和邦生物,sh603077,12.35,12.24,12.26,12.32,12.29,12.713503,1344437,0.0,0.0,0.0,0.0089,0.0048
2014-06-03,和邦生物,sh603077,12.43,12.1,12.39,12.41,12.32,12.8063755,1339270,0.0,0.0,0.0,0.0267,0.0016
2014-06-04,和邦生物,sh603077,12.43,12.11,12.42,12.26,12.41,12.651585,1027816,0.0,0.0,0.0,0.0257,-0.0128
2014-06-05,和邦生物,sh603077,12.4,12.2,12.27,12.38,12.26,12.775418,909226,0.0,0.0,0.0,0.0163,0.0089
2014-06-06,和邦生物,sh603077,12.65,12.38,12.38,12.57,12.38,12.971482,2164817,0.0,0.0,0.0,0.0218,0.0153
2014-06-09,和邦生物,sh603077,12.8,12.45,12.52,12.5,12.57,12.899244,1965937,0.0,0.0,0.0,0.0278,-0.0015
2014-06-10,和邦生物,sh603077,12.57,12.44,12.55,12.56,12.5,12.961161,1558475,0.0,0.0,0.0,0.0104,7.0E-4
2014-06-11,和邦生物,sh603077,12.57,12.42,12.55,12.54,12.56,12.940527,2383685,0.0,0.0,0.0,0.0119,-7.0E-4
2014-06-12,和邦生物,sh603077,12.65,12.41,12.51,12.54,12.54,12.940527,1511616,0.0,0.0,0.0,0.0191,0.0023
2014-06-13,和邦生物,sh603077,12.83,12.48,12.48,12.76,12.54,13.167555,3849115,0.0,0.0,0.0,0.0279,0.0224
2014-06-16,和邦生物,sh603077,12.87,12.69,12.81,12.85,12.76,13.2604265,2795941,0.0,0.0,0.0,0.0141,0.0031
2014-06-17,和邦生物,sh603077,12.85,12.71,12.85,12.73,12.85,13.136587,2085102,0.0,0.0,0.0,0.0108,-0.0093
2014-06-18,和邦生物,sh603077,12.79,12.37,12.73,12.38,12.73,12.77541,2514947,0.0,0.0,0.0,0.0329,-0.0274
2014-06-19,和邦生物,sh603077,12.62,12.2,12.43,12.32,12.38,12.713488,2583461,0.0,0.0,0.0,0.0339,-0.0088
2014-06-20,和邦生物,sh603077,12.4,12.27,12.32,12.39,12.32,12.785726,1121820,0.0,0.0,0.0,0.0105,0.0056
2014-06-23,和邦生物,sh603077,12.73,12.42,12.45,12.69,12.39,13.095306,1685654,0.0,0.0,0.0,0.025,0.0192
2014-06-24,和邦生物,sh603077,12.91,12.61,12.67,12.87,12.69,13.28105,3466440,0.0,0.0,0.0,0.0236,0.0157
2014-06-25,和邦生物,sh603077,12.85,12.66,12.8,12.83,12.87,13.239773,1637827,0.0,0.0,0.0,0.0147,0.0023
2014-06-26,和邦生物,sh603077,13.02,12.85,12.9,12.86,12.83,13.270727,2288028,0.0,0.0,0.0,0.0132,-0.0031
2014-06-27,和邦生物,sh603077,13.07,12.85,12.93,12.99,12.86,13.404881,2460797,0.0,0.0,0.0,0.0171,0.0046
2014-06-30,和邦生物,sh603077,13.1,12.9,13.03,13.0,12.99,13.415202,2093166,0.0,0.0,0.0,0.0153,-0.0023
2014-07-01,和邦生物,sh603077,13.0,12.82,12.98,12.91,13.0,13.322329,2632725,0.0,0.0,0.0,0.0138,-0.0053
2014-07-02,和邦生物,sh603077,13.46,12.93,12.93,13.36,12.91,13.786705,4665651,0.0,0.0,0.0,0.041,0.0332
2014-07-03,和邦生物,sh603077,13.75,13.26,13.36,13.65,13.36,14.085974,3945644,0.0,0.0,0.0,0.0366,0.0217
2014-07-04,和邦生物,sh603077,13.85,13.59,13.67,13.64,13.65,14.075648,2708989,0.0,0.0,0.0,0.019,-0.0021
2014-07-07,和邦生物,sh603077,13.96,13.61,13.79,13.94,13.64,14.385228,3428862,0.0,0.0,0.0,0.0256,0.0108
2014-07-08,和邦生物,sh603077,13.95,13.72,13.95,13.8,13.94,14.240757,1901028,0.0,0.0,0.0,0.0164,-0.0107
2014-07-09,和邦生物,sh603077,13.89,13.48,13.76,13.51,13.8,13.941503,2815799,0.0,0.0,0.0,0.0297,-0.0181
2014-07-10,和邦生物,sh603077,13.7,13.45,13.7,13.54,13.51,13.972466,2298828,0.0,0.0,0.0,0.0185,-0.0116
2014-07-11,和邦生物,sh603077,6.92,6.71,6.71,6.79,13.54,14.055016,2635171,0.0,0.0,0.0,0.0155,0.0119
2014-07-14,和邦生物,sh603077,6.75,6.55,6.72,6.66,6.79,13.785918,5559777,0.0,0.0,0.0,0.0294,-0.0089
2014-07-15,和邦生物,sh603077,6.7,6.57,6.66,6.69,6.66,13.848023,4109641,0.0,0.0,0.0,0.0195,0.0045
2014-07-16,和邦生物,sh603077,6.73,6.49,6.69,6.56,6.69,13.578929,4309292,0.0,0.0,0.0,0.0358,-0.0194
2014-07-17,和邦生物,sh603077,6.58,6.49,6.56,6.57,6.56,13.599624,3205041,0.0,0.0,0.0,0.0137,0.0015
2014-07-18,和邦生物,sh603077,6.62,6.52,6.55,6.56,6.57,13.578924,2979369,0.0,0.0,0.0,0.0152,0.0015
2014-07-21,和邦生物,sh603077,6.57,6.46,6.56,6.47,6.56,13.392622,2576033,0.0,0.0,0.0,0.0167,-0.0137
2014-07-22,和邦生物,sh603077,6.6,6.46,6.46,6.55,6.47,13.558222,2614863,0.0,0.0,0.0,0.0216,0.0139
2014-07-23,和邦生物,sh603077,6.68,6.52,6.54,6.62,6.55,13.703118,4548983,0.0,0.0,0.0,0.0244,0.0122
2014-07-24,和邦生物,sh603077,6.66,6.59,6.6,6.64,6.62,13.744515,4843118,0.0,0.0,0.0,0.0105,0.006
2014-07-25,和邦生物,sh603077,6.81,6.6,6.66,6.79,6.64,14.055004,4880450,0.0,0.0,0.0,0.0316,0.0195
2014-07-28,和邦生物,sh603077,7.15,6.77,6.81,7.14,6.79,14.779483,14678959,0.0,0.0,0.0,0.0559,0.0484
2014-07-29,和邦生物,sh603077,7.15,7.01,7.14,7.06,7.14,14.6138935,11034607,0.0,0.0,0.0,0.0196,-0.0112
2014-07-30,和邦生物,sh603077,7.06,6.9,7.06,6.99,7.06,14.468997,6730238,0.0,0.0,0.0,0.0226,-0.0099
2014-07-31,和邦生物,sh603077,7.08,6.99,6.99,7.02,6.99,14.531098,6040417,0.0,0.0,0.0,0.0128,0.0042
2014-08-01,和邦生物,sh603077,7.05,6.93,7.05,6.94,7.02,14.365501,4952987,0.0,0.0,0.0,0.017,-0.0156
2014-08-04,和邦生物,sh603077,7.06,6.94,6.96,7.0,6.94,14.489706,6500445,0.0,0.0,0.0,0.0172,0.0057
2014-08-05,和邦生物,sh603077,7.06,6.96,7.03,7.04,7.0,14.5725,6316243,0.0,0.0,0.0,0.0142,0.0014
2014-08-06,和邦生物,sh603077,7.23,6.99,7.03,7.2,7.04,14.903689,8978195,0.0,0.0,0.0,0.034,0.0241
2014-08-07,和邦生物,sh603077,7.23,7.08,7.15,7.11,7.2,14.717393,7111924,0.0,0.0,0.0,0.0208,-0.0055
2014-08-08,和邦生物,sh603077,7.35,7.09,7.09,7.34,7.11,15.193486,7571591,0.0,0.0,0.0,0.0365,0.0352
2014-08-11,和邦生物,sh603077,7.8,7.36,7.36,7.71,7.34,15.959374,11104966,0.0,0.0,0.0,0.0599,0.0475
2014-08-12,和邦生物,sh603077,7.8,7.55,7.71,7.73,7.71,16.000772,7389013,0.0,0.0,0.0,0.0324,0.0025
2014-08-13,和邦生物,sh603077,8.3,7.75,7.79,7.84,7.73,16.228464,23811287,0.0,0.0,0.0,0.0711,0.0064
2014-08-14,和邦生物,sh603077,7.84,7.67,7.78,7.71,7.84,15.959364,9946200,0.0,0.0,0.0,0.0216,-0.0089
2014-08-15,和邦生物,sh603077,7.94,7.6,7.71,7.92,7.71,16.394049,10703676,0.0,0.0,0.0,0.044,0.0272
2014-08-18,和邦生物,sh603077,8.24,7.86,7.96,8.2,7.92,16.973644,11444926,0.0,0.0,0.0,0.0479,0.0301
2014-08-19,和邦生物,sh603077,8.23,8.0,8.22,8.08,8.2,16.725252,8792869,0.0,0.0,0.0,0.028,-0.017
2014-08-20,和邦生物,sh603077,8.08,7.94,8.08,7.98,8.08,16.518261,6967105,0.0,0.0,0.0,0.0173,-0.0123
2014-08-21,和邦生物,sh603077,8.0,7.73,7.98,7.89,7.98,16.331966,5584596,0.0,0.0,0.0,0.0338,-0.0112
2014-08-22,和邦生物,sh603077,7.95,7.76,7.88,7.94,7.89,16.435463,6079402,0.0,0.0,0.0,0.024,0.0076
2014-08-25,和邦生物,sh603077,8.15,7.9,7.93,8.04,7.94,16.64245,7108229,0.0,0.0,0.0,0.0314,0.0138
2014-08-26,和邦生物,sh603077,8.15,7.8,8.02,7.85,8.04,16.249157,6098975,0.0,0.0,0.0,0.0435,-0.0211
2014-08-27,和邦生物,sh603077,8.0,7.8,7.89,7.83,7.85,16.207754,4309573,0.0,0.0,0.0,0.0254,-0.0076
2014-08-28,和邦生物,sh603077,7.94,7.77,7.88,7.83,7.83,16.207754,3695065,0.0,0.0,0.0,0.0217,-0.0063
2014-08-29,和邦生物,sh603077,8.1,7.82,7.82,8.07,7.83,16.704538,8477197,0.0,0.0,0.0,0.0357,0.0319
2014-09-01,和邦生物,sh603077,8.5,7.8,8.34,7.9,8.07,16.35264,34860966,0.0,0.0,0.0,0.0867,-0.0527
2014-09-02,和邦生物,sh603077,8.12,7.83,7.9,8.08,7.9,16.725235,24337212,0.0,0.0,0.0,0.0367,0.0227
2014-09-03,和邦生物,sh603077,8.89,8.08,8.09,8.89,8.08,18.401907,36995130,0.0,0.0,0.0,0.1002,0.0988
2014-09-04,和邦生物,sh603077,9.69,8.89,9.01,9.33,8.89,19.31269,69253586,0.0,0.0,0.0,0.0899,0.0355
2014-09-05,和邦生物,sh603077,9.29,9.07,9.21,9.23,9.33,19.105696,30473615,0.0,0.0,0.0,0.0235,0.0021
2014-09-09,和邦生物,sh603077,9.55,9.15,9.2,9.35,9.23,19.35409,28949279,0.0,0.0,0.0,0.0433,0.0163
2014-09-10,和邦生物,sh603077,9.52,9.2,9.29,9.46,9.35,19.58179,18142665,0.0,0.0,0.0,0.0342,0.0182
2014-09-11,和邦生物,sh603077,9.52,9.23,9.47,9.28,9.46,19.209208,19337706,0.0,0.0,0.0,0.0306,-0.02
2014-09-12,和邦生物,sh603077,9.46,9.16,9.28,9.43,9.28,19.519705,13942273,0.0,0.0,0.0,0.0323,0.0161
2014-09-15,和邦生物,sh603077,10.33,9.28,9.43,10.14,9.43,20.989384,34055604,0.0,0.0,0.0,0.1113,0.0752
2014-09-16,和邦生物,sh603077,10.23,9.61,10.06,9.64,10.14,19.954397,25235355,0.0,0.0,0.0,0.0611,-0.0417
2014-09-17,和邦生物,sh603077,9.74,9.29,9.64,9.57,9.64,19.809507,14699459,0.0,0.0,0.0,0.0466,-0.0072
2014-09-18,和邦生物,sh603077,9.7,9.4,9.55,9.59,9.57,19.85091,8856869,0.0,0.0,0.0,0.0313,0.0041
2014-09-19,和邦生物,sh603077,10.32,9.53,9.57,9.99,9.59,20.67889,23162474,0.0,0.0,0.0,0.0823,0.0438
2014-09-22,和邦生物,sh603077,10.25,9.8,9.88,10.03,9.99,20.76169,17694305,0.0,0.0,0.0,0.045,0.0151
2014-09-23,和邦生物,sh603077,10.2,9.9,9.97,10.19,10.03,21.09288,12539757,0.0,0.0,0.0,0.0299,0.022
2014-09-24,和邦生物,sh603077,10.28,10.11,10.21,10.23,10.19,21.175669,14979221,0.0,0.0,0.0,0.0166,0.0019
2014-09-25,和邦生物,sh603077,10.29,10.05,10.26,10.12,10.23,20.947968,11867131,0.0,0.0,0.0,0.0234,-0.0136
2014-09-26,和邦生物,sh603077,10.12,9.98,10.08,10.07,10.12,20.844463,7623375,0.0,0.0,0.0,0.0138,-9.0E-4
2014-09-29,和邦生物,sh603077,10.15,10.03,10.06,10.13,10.07,20.968655,8957797,0.0,0.0,0.0,0.0119,0.0069
2014-09-30,和邦生物,sh603077,10.29,10.08,10.13,10.19,10.13,21.092852,9792851,0.0,0.0,0.0,0.0207,0.0059
2014-10-08,和邦生物,sh603077,10.23,10.06,10.19,10.17,10.19,21.051447,9792485,0.0,0.0,0.0,0.0166,-0.0019
2014-10-09,和邦生物,sh603077,10.2,9.86,10.16,10.04,10.17,20.782347,13019723,0.0,0.0,0.0,0.0334,-0.0118
2014-10-10,和邦生物,sh603077,10.01,9.55,10.0,9.75,10.04,20.18207,17786269,0.0,0.0,0.0,0.0458,-0.025
2014-10-13,和邦生物,sh603077,9.97,9.6,9.73,9.93,9.75,20.55467,9871822,0.0,0.0,0.0,0.0379,0.0205
2014-10-14,和邦生物,sh603077,10.07,9.83,9.91,9.97,9.93,20.637465,10414370,0.0,0.0,0.0,0.0241,0.006
2014-10-15,和邦生物,sh603077,10.9,10.08,10.08,10.59,9.97,21.920847,29582662,0.0,0.0,0.0,0.0822,0.0505
2014-10-16,和邦生物,sh603077,10.64,10.25,10.5,10.26,10.59,21.237772,16193737,0.0,0.0,0.0,0.0368,-0.0228
2014-10-17,和邦生物,sh603077,10.26,9.81,10.21,10.07,10.26,20.84447,12482293,0.0,0.0,0.0,0.0438,-0.0137
2014-10-20,和邦生物,sh603077,10.53,10.18,10.37,10.48,10.07,21.693151,15953275,0.0,0.0,0.0,0.0347,0.0106
2014-10-21,和邦生物,sh603077,10.64,10.33,10.48,10.46,10.48,21.65176,11425288,0.0,0.0,0.0,0.0295,-0.0019
2014-10-22,和邦生物,sh603077,10.68,10.23,10.54,10.28,10.46,21.279177,10932451,0.0,0.0,0.0,0.043,-0.0246
2014-10-23,和邦生物,sh603077,10.34,9.95,10.22,10.11,10.28,20.927284,9966899,0.0,0.0,0.0,0.0379,-0.0107
2014-10-24,和邦生物,sh603077,10.32,10.05,10.11,10.09,10.11,20.88589,8808420,0.0,0.0,0.0,0.0267,-0.0019
2014-10-27,和邦生物,sh603077,10.0,9.66,10.0,9.83,10.09,20.347702,8562539,0.0,0.0,0.0,0.0336,-0.0169
2014-10-28,和邦生物,sh603077,10.03,9.82,9.88,10.0,9.83,20.699594,10214190,0.0,0.0,0.0,0.0213,0.0121
2014-10-29,和邦生物,sh603077,10.29,10.04,10.15,10.22,10.0,21.154985,11151455,0.0,0.0,0.0,0.025,0.0068
2014-10-30,和邦生物,sh603077,10.29,10.03,10.18,10.14,10.22,20.989386,9512747,0.0,0.0,0.0,0.0254,-0.0039
2014-10-31,和邦生物,sh603077,10.25,9.85,10.19,10.06,10.14,20.823778,11491284,0.0,0.0,0.0,0.0394,-0.0127
2014-11-03,和邦生物,sh603077,10.27,10.06,10.16,10.27,10.06,21.258474,13032674,0.0,0.0,0.0,0.0208,0.0108
2014-11-04,和邦生物,sh603077,10.35,10.12,10.2,10.19,10.27,21.09287,11447581,0.0,0.0,0.0,0.0223,-9.0E-4
2014-11-05,和邦生物,sh603077,10.27,10.09,10.2,10.11,10.19,20.92727,6872259,0.0,0.0,0.0,0.0176,-0.0088
2014-11-06,和邦生物,sh603077,10.16,9.96,10.07,10.05,10.11,20.803068,7652914,0.0,0.0,0.0,0.0197,-0.0019
2014-11-07,和邦生物,sh603077,11.06,10.05,10.07,10.72,10.05,22.189945,41431962,0.0,0.0,0.0,0.1004,0.0645
2014-11-10,和邦生物,sh603077,11.74,10.59,10.82,11.6,10.72,24.011518,41307850,0.0,0.0,0.0,0.1072,0.072
2014-11-11,和邦生物,sh603077,12.5,11.3,11.75,11.76,11.6,24.34271,38509331,0.0,0.0,0.0,0.1034,8.0E-4
2014-11-12,和邦生物,sh603077,11.89,11.32,11.69,11.82,11.76,24.466906,22075190,0.0,0.0,0.0,0.0484,0.0111
2014-11-13,和邦生物,sh603077,11.85,11.42,11.73,11.45,11.82,23.70102,15274118,0.0,0.0,0.0,0.0363,-0.0238
2014-11-14,和邦生物,sh603077,11.33,10.61,11.32,10.9,11.45,22.56254,18715335,0.0,0.0,0.0,0.0628,-0.0371
2014-11-17,和邦生物,sh603077,11.66,10.66,10.89,11.37,10.9,23.535414,15578380,0.0,0.0,0.0,0.0917,0.044
2014-11-18,和邦生物,sh603077,11.77,11.23,11.26,11.57,11.37,23.949402,13811366,0.0,0.0,0.0,0.0474,0.0275
2014-11-19,和邦生物,sh603077,12.31,11.62,11.7,11.7,11.57,24.218498,17997281,0.0,0.0,0.0,0.0596,0.0
2014-11-20,和邦生物,sh603077,11.73,11.25,11.53,11.36,11.7,23.514708,12890738,0.0,0.0,0.0,0.041,-0.0147
2014-11-21,和邦生物,sh603077,11.44,11.13,11.39,11.38,11.36,23.556118,8530137,0.0,0.0,0.0,0.0272,-8.0E-4
2014-11-24,和邦生物,sh603077,11.74,11.36,11.45,11.39,11.38,23.576824,13145581,0.0,0.0,0.0,0.0333,-0.0052
2014-11-25,和邦生物,sh603077,11.56,11.21,11.4,11.52,11.39,23.84593,14732652,0.0,0.0,0.0,0.0307,0.0105
2014-11-26,和邦生物,sh603077,11.95,11.52,11.52,11.94,11.52,24.715303,22558863,0.0,0.0,0.0,0.0373,0.0364
2014-11-27,和邦生物,sh603077,12.3,11.69,11.98,11.81,11.94,24.446203,18995662,0.0,0.0,0.0,0.051,-0.0141
2014-11-28,和邦生物,sh603077,11.81,11.51,11.81,11.62,11.81,24.052914,12661332,0.0,0.0,0.0,0.0254,-0.016
2014-12-01,和邦生物,sh603077,11.71,11.3,11.63,11.53,11.62,23.866623,10419029,0.0,0.0,0.0,0.0352,-0.0085
2014-12-02,和邦生物,sh603077,11.77,11.41,11.52,11.7,11.53,24.218513,11512045,0.0,0.0,0.0,0.0312,0.0156
2014-12-03,和邦生物,sh603077,11.76,11.5,11.76,11.69,11.7,24.197805,11919424,0.0,0.0,0.0,0.0222,-0.0059
2014-12-04,和邦生物,sh603077,11.93,11.59,11.63,11.85,11.69,24.529001,17260477,0.0,0.0,0.0,0.029,0.0189
2014-12-05,和邦生物,sh603077,11.84,11.0,11.8,11.72,11.85,24.259918,17821162,0.0,0.0,0.0,0.0708,-0.0067
2014-12-08,和邦生物,sh603077,11.6,11.35,11.6,11.4,11.72,23.597527,10898192,0.0,0.0,0.0,0.0213,-0.0172
2014-12-09,和邦生物,sh603077,11.36,10.58,11.36,10.69,11.4,22.127848,18053539,0.0,0.0,0.0,0.0684,-0.0589
2014-12-10,和邦生物,sh603077,10.98,10.51,10.55,10.93,10.69,22.624641,7708588,0.0,0.0,0.0,0.0439,0.036
2014-12-11,和邦生物,sh603077,11.36,10.81,10.93,11.16,10.93,23.10073,7292772,0.0,0.0,0.0,0.0503,0.021
2014-12-12,和邦生物,sh603077,11.28,11.0,11.23,11.12,11.16,23.017939,7463637,0.0,0.0,0.0,0.025,-0.0097
2014-12-15,和邦生物,sh603077,11.42,11.06,11.18,11.42,11.12,23.638916,9999811,0.0,0.0,0.0,0.0323,0.0214
2014-12-16,和邦生物,sh603077,11.59,11.27,11.46,11.33,11.42,23.452618,9751553,0.0,0.0,0.0,0.028,-0.0113
2014-12-17,和邦生物,sh603077,11.31,10.89,11.3,10.96,11.33,22.686726,9733925,0.0,0.0,0.0,0.037,-0.03
2014-12-18,和邦生物,sh603077,11.17,10.9,11.0,10.97,10.96,22.707417,5446692,0.0,0.0,0.0,0.0246,-0.0027
2014-12-19,和邦生物,sh603077,10.93,10.46,10.93,10.79,10.97,22.334833,9949348,0.0,0.0,0.0,0.0428,-0.0128
2014-12-22,和邦生物,sh603077,10.79,9.9,10.79,9.96,10.79,20.61677,13160400,0.0,0.0,0.0,0.0824,-0.0769
2014-12-23,和邦生物,sh603077,10.13,9.8,9.93,9.86,9.96,20.409779,4665562,0.0,0.0,0.0,0.0331,-0.007
2014-12-24,和邦生物,sh603077,10.21,9.88,9.9,10.09,9.86,20.885876,9341490,0.0,0.0,0.0,0.0334,0.0191
2014-12-25,和邦生物,sh603077,10.17,9.97,10.15,10.05,10.09,20.803085,6568463,0.0,0.0,0.0,0.0198,-0.0098
2014-12-26,和邦生物,sh603077,10.14,9.95,10.08,10.03,10.05,20.761686,6387624,0.0,0.0,0.0,0.0189,-0.0049
2014-12-29,和邦生物,sh603077,10.07,9.74,10.07,9.78,10.03,20.244202,6439251,0.0,0.0,0.0,0.0329,-0.0287
2014-12-30,和邦生物,sh603077,9.84,9.42,9.78,9.53,9.78,19.726719,7184936,0.0,0.0,0.0,0.0429,-0.0255
2014-12-31,和邦生物,sh603077,9.71,9.51,9.53,9.7,9.53,20.078604,3851039,0.0,0.0,0.0,0.0209,0.0178
2015-01-01,和邦生物,sh603077,9.69999,9.69999,9.69999,9.69999,9.7,3.19213,0,0.0,0.0,0.0,0.0,0.0
2015-01-02,和邦生物,sh603077,9.69999,9.69999,9.69999,9.69999,9.69999,3.19213,0,0.0,0.0,0.0,0.0,0.0
2015-01-05,和邦生物,sh603077,10.11999,9.81,9.81,10.08999,9.69999,3.32047,261434,0.0,0.0,0.0,0.0319,0.0285
2015-01-06,和邦生物,sh603077,10.32999,9.9,10.08999,10.31001,10.08999,3.39288,311012,0.0,0.0,0.0,0.0426,0.0218
2015-01-07,和邦生物,sh603077,10.25001,10.02,10.25001,10.11999,10.31001,3.33034,208720,0.0,0.0,0.0,0.0223,-0.0126
2015-01-08,和邦生物,sh603077,10.14999,9.90999,10.14,9.92001,10.11999,3.26453,191122,0.0,0.0,0.0,0.0237,-0.0216
2015-01-09,和邦生物,sh603077,10.02,9.89001,9.95001,9.9,9.92001,3.25795,164429,0.0,0.0,0.0,0.0131,-0.005
2015-01-12,和邦生物,sh603077,9.84999,9.57,9.71001,9.57999,9.9,3.15264,169139,0.0,0.0,0.0,0.0282,-0.0133
2015-01-13,和邦生物,sh603077,9.74001,9.53001,9.57,9.71001,9.57999,3.19543,160749,0.0,0.0,0.0,0.0219,0.0146
2015-01-14,和邦生物,sh603077,9.69999,9.27999,9.69999,9.3,9.71001,3.0605,285737,0.0,0.0,0.0,0.0432,-0.0412
2015-01-15,和邦生物,sh603077,9.42,9.29001,9.3,9.33,9.3,3.07037,255967,0.0,0.0,0.0,0.0139,0.0032
2015-01-16,和邦生物,sh603077,9.51999,9.30999,9.39999,9.51,9.33,3.12961,338554,0.0,0.0,0.0,0.0225,0.0117
2015-01-19,和邦生物,sh603077,9.62001,9.18,9.30999,9.26001,9.51,3.04734,341577,0.0,0.0,0.0,0.0462,-0.0053
2015-01-20,和邦生物,sh603077,9.62001,9.30999,9.33,9.60999,9.26001,3.16251,276789,0.0,0.0,0.0,0.0334,0.03
2015-01-21,和邦生物,sh603077,10.56999,10.56999,10.56999,10.56999,9.60999,3.47843,314943,0.0,0.0,0.0,0.0,0.0
2015-01-22,和邦生物,sh603077,11.49,10.89999,11.30001,11.01999,10.56999,3.62652,1657992,0.0,0.0,0.0,0.0558,-0.0247
2015-01-23,和邦生物,sh603077,11.16999,10.73001,10.91001,10.8,11.01999,3.55413,627592,0.0,0.0,0.0,0.0399,-0.01
2015-01-26,和邦生物,sh603077,10.98,10.65999,10.77,10.94001,10.8,3.6002,426983,0.0,0.0,0.0,0.0296,0.0157
2015-01-27,和邦生物,sh603077,10.98999,10.71,10.95,10.85001,10.94001,3.57058,366266,0.0,0.0,0.0,0.0255,-0.0091
2015-01-28,和邦生物,sh603077,10.94001,10.73001,10.8,10.83,10.85001,3.564,283926,0.0,0.0,0.0,0.0193,0.0027
2015-01-29,和邦生物,sh603077,10.92999,10.71999,10.74999,10.73001,10.83,3.53109,219712,0.0,0.0,0.0,0.0193,-0.0018
2015-01-30,和邦生物,sh603077,10.85001,10.35,10.77999,10.37001,10.73001,3.41262,308033,0.0,0.0,0.0,0.0465,-0.038
2015-02-02,和邦生物,sh603077,10.47999,10.05,10.23999,10.37001,10.37001,3.41262,206074,0.0,0.0,0.0,0.0414,0.0126
2015-02-03,和邦生物,sh603077,10.55001,10.29999,10.44999,10.49001,10.37001,3.45211,193782,0.0,0.0,0.0,0.0241,0.0038
2015-02-04,和邦生物,sh603077,10.59,10.29,10.44999,10.31001,10.49001,3.39288,215561,0.0,0.0,0.0,0.0285,-0.0133
2015-02-05,和邦生物,sh603077,10.52001,10.14999,10.41999,10.19001,10.31001,3.35339,189682,0.0,0.0,0.0,0.0358,-0.022
2015-02-06,和邦生物,sh603077,10.28001,9.99999,10.19001,10.05999,10.19001,3.3106,190683,0.0,0.0,0.0,0.0274,-0.0127
2015-02-09,和邦生物,sh603077,10.14,9.93999,10.05,9.98001,10.05999,3.28428,137838,0.0,0.0,0.0,0.0198,-0.0069
2015-02-10,和邦生物,sh603077,10.34001,9.95001,9.99999,10.26,9.98001,3.37642,177957,0.0,0.0,0.0,0.039,0.026
2015-02-11,和邦生物,sh603077,10.37001,10.20999,10.35,10.26999,10.26,3.37971,110499,0.0,0.0,0.0,0.0155,-0.0077
2015-02-12,和邦生物,sh603077,10.35999,10.23999,10.35999,10.32999,10.26999,3.39945,126441,0.0,0.0,0.0,0.0116,-0.0028
2015-02-13,和邦生物,sh603077,10.56,10.32999,10.35999,10.43001,10.32999,3.43237,265785,0.0,0.0,0.0,0.0222,0.0067
2015-02-16,和邦生物,sh603077,10.67001,10.38999,10.41999,10.65999,10.43001,3.50805,294764,0.0,0.0,0.0,0.0268,0.023
2015-02-17,和邦生物,sh603077,10.83999,10.65,10.67001,10.70001,10.65999,3.52122,231185,0.0,0.0,0.0,0.0178,0.0028
2015-02-18,和邦生物,sh603077,10.70001,10.70001,10.70001,10.70001,10.70001,3.52122,0,0.0,0.0,0.0,0.0,0.0
2015-02-19,和邦生物,sh603077,10.70001,10.70001,10.70001,10.70001,10.70001,3.52122,0,0.0,0.0,0.0,0.0,0.0
2015-02-20,和邦生物,sh603077,10.70001,10.70001,10.70001,10.70001,10.70001,3.52122,0,0.0,0.0,0.0,0.0,0.0
2015-02-23,和邦生物,sh603077,10.70001,10.70001,10.70001,10.70001,10.70001,3.52122,0,0.0,0.0,0.0,0.0,0.0
2015-02-24,和邦生物,sh603077,10.70001,10.70001,10.70001,10.70001,10.70001,3.52122,0,0.0,0.0,0.0,0.0,0.0
2015-02-25,和邦生物,sh603077,10.77999,10.47999,10.74999,10.56999,10.70001,3.47843,187202,0.0,0.0,0.0,0.028,-0.0167
2015-02-26,和邦生物,sh603077,10.74,10.50999,10.59,10.73001,10.56999,3.53109,210351,0.0,0.0,0.0,0.0217,0.0132
2015-02-27,和邦生物,sh603077,10.74999,10.64001,10.74999,10.70001,10.73001,3.52122,189690,0.0,0.0,0.0,0.0102,-0.0046
2015-03-02,和邦生物,sh603077,11.18001,10.71,10.77,11.15001,10.70001,3.66931,623200,0.0,0.0,0.0,0.0439,0.0352
2015-03-03,和邦生物,sh603077,11.19999,11.01,11.19,11.03001,11.15001,3.62982,430660,0.0,0.0,0.0,0.017,-0.0142
2015-03-04,和邦生物,sh603077,11.45001,11.01,11.03001,11.42001,11.03001,3.75816,552727,0.0,0.0,0.0,0.0398,0.0353
2015-03-05,和邦生物,sh603077,11.48001,11.25,11.37999,11.37999,11.42001,3.74499,348734,0.0,0.0,0.0,0.0201,0.0
2015-03-06,和邦生物,sh603077,11.46,11.00001,11.30001,11.03001,11.37999,3.62982,390160,0.0,0.0,0.0,0.0404,-0.0238
2015-03-09,和邦生物,sh603077,11.07999,10.8,11.01999,11.06001,11.03001,3.63969,227011,0.0,0.0,0.0,0.0253,0.0036
2015-03-10,和邦生物,sh603077,11.42001,11.00001,11.06001,11.37999,11.06001,3.74499,415613,0.0,0.0,0.0,0.0379,0.0289
2015-03-11,和邦生物,sh603077,11.67999,11.31,11.52,11.36001,11.37999,3.73842,510623,0.0,0.0,0.0,0.0325,-0.0138
2015-03-12,和邦生物,sh603077,11.46,11.03001,11.46,11.15001,11.36001,3.66931,329189,0.0,0.0,0.0,0.0378,-0.027
2015-03-13,和邦生物,sh603077,11.34999,11.13,11.19999,11.30001,11.15001,3.71867,261648,0.0,0.0,0.0,0.0197,0.0089
2015-03-16,和邦生物,sh603077,12.42999,11.52,11.52,12.42999,11.30001,4.09053,1098855,0.0,0.0,0.0,0.0805,0.0789
2015-03-17,和邦生物,sh603077,12.95001,12.45999,12.95001,12.59001,12.42999,4.14319,1356014,0.0,0.0,0.0,0.0394,-0.0277
2015-03-18,和邦生物,sh603077,13.59,12.39999,12.6,13.43001,12.59001,4.41962,1025304,0.0,0.0,0.0,0.0945,0.0658
2015-03-19,和邦生物,sh603077,14.52,13.05,13.35,14.04999,13.43001,4.62365,1036299,0.0,0.0,0.0,0.1094,0.0524
2015-03-20,和邦生物,sh603077,13.97001,13.40001,13.59999,13.79001,14.04999,4.5381,1042190,0.0,0.0,0.0,0.0405,0.0139
2015-03-23,和邦生物,sh603077,14.36001,13.56999,13.79001,14.01999,13.79001,4.61378,962133,0.0,0.0,0.0,0.0572,0.0166
2015-03-24,和邦生物,sh603077,13.98,12.99999,13.98,13.64001,14.01999,4.48873,847849,0.0,0.0,0.0,0.0699,-0.0243
2015-03-25,和邦生物,sh603077,13.79001,13.29999,13.65,13.52001,13.64001,4.44924,539510,0.0,0.0,0.0,0.0359,-0.0095
2015-03-26,和邦生物,sh603077,13.65999,13.25001,13.40001,13.35999,13.52001,4.39658,454549,0.0,0.0,0.0,0.0303,-0.0029
2015-03-27,和邦生物,sh603077,13.79001,13.41999,13.41999,13.61001,13.35999,4.47886,525516,0.0,0.0,0.0,0.0276,0.0141
2015-03-30,和邦生物,sh603077,13.92999,13.53,13.59999,13.71,13.61001,4.51177,632972,0.0,0.0,0.0,0.0293,0.008
2015-03-31,和邦生物,sh603077,13.76001,13.41999,13.73001,13.49001,13.71,4.43937,441295,0.0,0.0,0.0,0.0248,-0.0174
2015-04-01,和邦生物,sh603077,13.65,13.44999,13.49001,13.62,13.49001,4.48215,392556,0.0,0.0,0.0,0.0148,0.0096
2015-04-02,和邦生物,sh603077,14.13999,13.58001,13.62999,13.89999,13.62,4.57429,736727,0.0,0.0,0.0,0.0411,0.0198
2015-04-03,和邦生物,sh603077,14.84001,13.77999,13.86999,14.69001,13.89999,4.83427,1050048,0.0,0.0,0.0,0.0762,0.0591
2015-04-06,和邦生物,sh603077,14.69001,14.69001,14.69001,14.69001,14.69001,4.83427,0,0.0,0.0,0.0,0.0,0.0
2015-04-07,和邦生物,sh603077,14.90001,14.4,14.70999,14.7,14.69001,4.83756,774179,0.0,0.0,0.0,0.034,-6.0E-4
2015-04-08,和邦生物,sh603077,14.79999,13.95,14.76999,14.19,14.7,4.66973,845497,0.0,0.0,0.0,0.0578,-0.0392
2015-04-09,和邦生物,sh603077,14.34,12.9,14.1,13.67001,14.19,4.49861,782532,0.0,0.0,0.0,0.1014,-0.0304
2015-04-10,和邦生物,sh603077,14.22,13.67001,13.70001,14.13999,13.67001,4.65327,612299,0.0,0.0,0.0,0.0402,0.0321
2015-04-13,和邦生物,sh603077,15.54999,14.30001,14.30001,15.51999,14.13999,5.10741,1448159,0.0,0.0,0.0,0.0884,0.0853
2015-04-14,和邦生物,sh603077,17.07,15.80001,15.99999,17.07,15.51999,5.61749,1487751,0.0,0.0,0.0,0.0818,0.0668
2015-04-15,和邦生物,sh603077,18.23001,16.23,17.00001,17.24001,17.07,5.67344,1288103,0.0,0.0,0.0,0.1171,0.0141
2015-04-16,和邦生物,sh603077,17.94999,16.2,17.24001,17.7,17.24001,5.82482,1001951,0.0,0.0,0.0,0.1015,0.0266
2015-04-17,和邦生物,sh603077,18.0,16.91001,17.7,16.95,17.7,5.578,880440,0.0,0.0,0.0,0.0615,-0.0423
2015-04-20,和邦生物,sh603077,16.68,15.84999,16.68,15.87999,16.95,5.22588,780208,0.0,0.0,0.0,0.0489,-0.0479
2015-04-21,和邦生物,sh603077,16.71999,15.62001,15.69999,16.47999,15.87999,5.42333,459704,0.0,0.0,0.0,0.0692,0.0496
2015-04-22,和邦生物,sh603077,17.34,16.11999,16.58001,17.15001,16.47999,5.71667,646435,0.0,0.0,0.0,0.074,0.0343
2015-04-23,和邦生物,sh603077,17.97999,16.73001,17.13,17.69001,17.15001,5.89667,616829,0.0,0.0,0.0,0.0728,0.0326
2015-04-24,和邦生物,sh603077,18.3,17.19999,17.69001,17.85,17.69001,5.95,698092,0.0,0.0,0.0,0.0621,0.009
2015-04-27,和邦生物,sh603077,18.23001,17.60001,17.90001,17.69001,17.85,5.89667,642167,0.0,0.0,0.0,0.0352,-0.0117
2015-04-28,和邦生物,sh603077,17.85,16.14999,17.63001,16.65999,17.69001,5.55333,588873,0.0,0.0,0.0,0.0961,-0.055
2015-04-29,和邦生物,sh603077,18.33,16.40001,16.74999,18.33,16.65999,6.11,1071626,0.0,0.0,0.0,0.1158,0.0943
2015-04-30,和邦生物,sh603077,18.48,17.79,18.33,18.17001,18.33,6.05667,570951,0.0,0.0,0.0,0.0376,-0.0087
2015-05-01,和邦生物,sh603077,18.17001,18.17001,18.17001,18.17001,18.17001,6.05667,0,0.0,0.0,0.0,0.0,0.0
2015-05-04,和邦生物,sh603077,19.56,17.45001,17.81001,19.04001,18.17001,6.34667,598459,0.0,0.0,0.0,0.1161,0.069
2015-05-05,和邦生物,sh603077,19.5,17.51001,18.9,18.06999,19.04001,6.02333,543479,0.0,0.0,0.0,0.1045,-0.0439
2015-05-06,和邦生物,sh603077,18.18999,16.88001,17.94999,17.67999,18.06999,5.89333,395855,0.0,0.0,0.0,0.0724,-0.015
2015-05-07,和邦生物,sh603077,18.84999,17.16999,17.39001,18.65001,17.67999,6.21667,561428,0.0,0.0,0.0,0.095,0.0724
2015-05-08,和邦生物,sh603077,18.93999,18.11001,18.78,18.90999,18.65001,6.30333,383395,0.0,0.0,0.0,0.0445,0.0069
2015-05-11,和邦生物,sh603077,19.32,18.69999,18.99999,19.29,18.90999,6.43,410542,0.0,0.0,0.0,0.0327,0.0152
2015-05-12,和邦生物,sh603077,19.25001,18.41001,19.23,18.75999,19.29,6.25333,557401,0.0,0.0,0.0,0.0435,-0.0244
2015-05-13,和邦生物,sh603077,19.25001,18.32001,18.60999,18.9,18.75999,6.3,497370,0.0,0.0,0.0,0.0495,0.0155
2015-05-14,和邦生物,sh603077,19.10001,18.26001,19.04001,18.54,18.9,6.18,372673,0.0,0.0,0.0,0.0444,-0.0262
2015-05-15,和邦生物,sh603077,18.50001,17.79999,18.3,18.15,18.54,6.05,321084,0.0,0.0,0.0,0.0377,-0.0081
2015-05-18,和邦生物,sh603077,19.28001,17.51001,18.18,18.99,18.15,6.33,623321,0.0,0.0,0.0,0.0975,0.0445
2015-05-19,和邦生物,sh603077,19.86,19.05,19.23999,19.53999,18.99,6.51333,471280,0.0,0.0,0.0,0.0426,0.0155
2015-05-20,和邦生物,sh603077,20.60001,19.32,19.67001,20.36001,19.53999,6.78667,389392,0.0,0.0,0.0,0.0655,0.035
2015-05-21,和邦生物,sh603077,22.40001,20.49999,20.49999,22.40001,20.36001,7.46667,553209,0.0,0.0,0.0,0.0933,0.0926
2015-05-22,和邦生物,sh603077,23.76,21.80001,22.89999,22.86,22.40001,7.62,632317,0.0,0.0,0.0,0.0874,-0.0017
2015-05-25,和邦生物,sh603077,23.97,22.10001,22.29999,22.95,22.86,7.65,466096,0.0,0.0,0.0,0.0818,0.0291
2015-05-26,和邦生物,sh603077,24.62001,22.8,22.98999,24.09,22.95,8.03,669512,0.0,0.0,0.0,0.0793,0.0478
2015-05-27,和邦生物,sh603077,25.86999,23.49999,24.3,25.61001,24.09,8.53667,598557,0.0,0.0,0.0,0.0983,0.0539
2015-05-28,和邦生物,sh603077,27.99999,23.04999,26.34999,25.44,25.61001,8.48,1002823,0.0,0.0,0.0,0.1932,-0.0345
2015-05-29,和邦生物,sh603077,26.00001,23.37999,25.40001,25.52001,25.44,8.50667,595923,0.0,0.0,0.0,0.1029,0.0047
2015-06-01,和邦生物,sh603077,26.58,24.75,25.28001,26.04999,25.52001,8.68333,533138,0.0,0.0,0.0,0.0717,0.0304
2015-06-02,和邦生物,sh603077,26.49999,25.29999,25.85001,26.31,26.04999,8.77,711037,0.0,0.0,0.0,0.046,0.0177
2015-06-03,和邦生物,sh603077,26.16,24.99999,26.04999,25.77,26.31,8.59,486735,0.0,0.0,0.0,0.044,-0.0107
2015-06-04,和邦生物,sh603077,25.56999,23.19,25.47999,25.47,25.77,8.49,561254,0.0,0.0,0.0,0.0923,-3.0E-4
2015-06-05,和邦生物,sh603077,25.95,25.01001,25.59,25.61001,25.47,8.53667,611269,0.0,0.0,0.0,0.0369,7.0E-4
2015-06-08,和邦生物,sh603077,27.93,25.29999,25.58001,27.21999,25.61001,9.07333,959158,0.0,0.0,0.0,0.1026,0.0641
2015-06-09,和邦生物,sh603077,28.16001,26.21001,27.39999,26.43,27.21999,8.81,755711,0.0,0.0,0.0,0.0716,-0.0354
2015-06-10,和邦生物,sh603077,26.30001,24.99999,25.8,26.13,26.43,8.71,534302,0.0,0.0,0.0,0.0491,0.0127
2015-06-11,和邦生物,sh603077,27.65001,25.5,26.00001,26.82999,26.13,8.94333,491700,0.0,0.0,0.0,0.0822,0.0319
2015-06-12,和邦生物,sh603077,28.77999,27.08001,27.09999,28.53,26.82999,9.51,856078,0.0,0.0,0.0,0.0633,0.0527
2015-06-15,和邦生物,sh603077,30.2199,28.71,29.04999,28.79001,28.53,9.59667,681564,0.0,0.0,0.0,0.0529,-0.0089
2015-06-16,和邦生物,sh603077,29.01999,27.20001,28.85001,27.23001,28.79001,9.07667,460009,0.0,0.0,0.0,0.0632,-0.0561
2015-06-17,和邦生物,sh603077,27.96,25.85001,26.49999,27.83001,27.23001,9.27667,350604,0.0,0.0,0.0,0.0774,0.0501
2015-06-18,和邦生物,sh603077,27.99999,26.60001,27.78999,26.85999,27.83001,8.95333,298515,0.0,0.0,0.0,0.0503,-0.0334
2015-06-19,和邦生物,sh603077,27.0,24.17001,26.37,24.20001,26.85999,8.06667,331720,0.0,0.0,0.0,0.1053,-0.0822
2015-06-22,和邦生物,sh603077,24.20001,24.20001,24.20001,24.20001,24.20001,8.06667,0,0.0,0.0,0.0,0.0,0.0
2015-06-23,和邦生物,sh603077,24.93,21.78,24.36,23.37999,24.20001,7.79333,473333,0.0,0.0,0.0,0.1301,-0.0402
2015-06-24,和邦生物,sh603077,24.75999,22.2,23.67,24.60999,23.37999,8.20333,527929,0.0,0.0,0.0,0.1094,0.0397
2015-06-25,和邦生物,sh603077,25.98999,23.4,24.50001,24.53001,24.60999,8.17667,523795,0.0,0.0,0.0,0.1052,0.0012
2015-06-26,和邦生物,sh603077,24.41001,22.08,23.49999,22.08,24.53001,7.36,339565,0.0,0.0,0.0,0.0949,-0.0604
2015-06-29,和邦生物,sh603077,23.00001,19.86999,22.58001,19.86999,22.08,6.62333,808602,0.0,0.0,0.0,0.1417,-0.12
2015-06-30,和邦生物,sh603077,20.94999,17.88,19.58001,20.79999,19.86999,6.93333,593250,0.0,0.0,0.0,0.1545,0.0623
2015-07-01,和邦生物,sh603077,21.48999,18.72,20.79999,18.72,20.79999,6.24,516628,0.0,0.0,0.0,0.1331,-0.0999
2015-07-02,和邦生物,sh603077,18.68001,16.85001,18.68001,16.85001,18.72,5.61667,602667,0.0,0.0,0.0,0.0977,-0.0979
2015-07-03,和邦生物,sh603077,16.85001,16.85001,16.85001,16.85001,16.85001,5.61667,0,0.0,0.0,0.0,0.0,0.0
2015-07-06,和邦生物,sh603077,16.85001,16.85001,16.85001,16.85001,16.85001,5.61667,0,0.0,0.0,0.0,0.0,0.0
2015-07-07,和邦生物,sh603077,16.85001,16.85001,16.85001,16.85001,16.85001,5.61667,0,0.0,0.0,0.0,0.0,0.0
2015-07-08,和邦生物,sh603077,16.85001,16.85001,16.85001,16.85001,16.85001,5.61667,0,0.0,0.0,0.0,0.0,0.0
2015-07-09,和邦生物,sh603077,16.85001,16.85001,16.85001,16.85001,16.85001,5.61667,0,0.0,0.0,0.0,0.0,0.0
2015-07-10,和邦生物,sh603077,16.85001,16.85001,16.85001,16.85001,16.85001,5.61667,0,0.0,0.0,0.0,0.0,0.0
2015-07-13,和邦生物,sh603077,18.54,18.54,18.54,18.54,16.85001,6.18,322509,0.0,0.0,0.0,0.0,0.0
2015-07-14,和邦生物,sh603077,20.39001,20.39001,20.39001,20.39001,18.54,6.79667,20061,0.0,0.0,0.0,0.0,0.0
2015-07-15,和邦生物,sh603077,22.43001,18.35001,22.43001,18.42999,20.39001,6.14333,1704113,0.0,0.0,0.0,0.2,-0.1783
2015-07-16,和邦生物,sh603077,20.27001,17.49999,18.42999,20.27001,18.42999,6.75667,1505077,0.0,0.0,0.0,0.1502,0.0998
2015-07-17,和邦生物,sh603077,22.29999,20.58999,20.78001,22.29999,20.27001,7.43333,1212952,0.0,0.0,0.0,0.0843,0.0731
2015-07-20,和邦生物,sh603077,23.85,22.40001,22.8,23.46999,22.29999,7.82333,1604870,0.0,0.0,0.0,0.065,0.0293
2015-07-21,和邦生物,sh603077,25.82001,22.89,23.4,25.82001,23.46999,8.60667,1319161,0.0,0.0,0.0,0.1248,0.1034
2015-07-22,和邦生物,sh603077,27.41001,25.10001,27.11001,25.95999,25.82001,8.65333,2349072,0.0,0.0,0.0,0.0894,-0.0424
2015-07-23,和邦生物,sh603077,27.15999,25.40001,25.70001,26.73999,25.95999,8.91333,1306087,0.0,0.0,0.0,0.0677,0.0404
2015-07-24,和邦生物,sh603077,28.86999,26.40999,26.40999,27.20001,26.73999,9.06667,1618119,0.0,0.0,0.0,0.0919,0.0299
2015-07-27,和邦生物,sh603077,28.38,24.48,26.49999,24.48,27.20001,8.16,1870125,0.0,0.0,0.0,0.1433,-0.0762
2015-07-28,和邦生物,sh603077,25.47999,22.05,23.10999,23.69001,24.48,7.89667,1682083,0.0,0.0,0.0,0.1401,0.025
2015-07-29,和邦生物,sh603077,25.47999,23.16,24.45999,25.40001,23.69001,8.46667,1548482,0.0,0.0,0.0,0.0979,0.0384
2015-07-30,和邦生物,sh603077,26.90001,24.6,24.99999,25.5,25.40001,8.5,1656505,0.0,0.0,0.0,0.0905,0.02
2015-07-31,和邦生物,sh603077,24.69,23.04999,24.08001,23.04999,25.5,7.68333,1412380,0.0,0.0,0.0,0.0643,-0.0427
2015-08-03,和邦生物,sh603077,22.2,20.75001,22.10001,20.75001,23.04999,6.91667,686015,0.0,0.0,0.0,0.0629,-0.061
2015-08-04,和邦生物,sh603077,22.83,20.61,20.61,22.83,20.75001,7.61,970530,0.0,0.0,0.0,0.1069,0.1077
2015-08-05,和邦生物,sh603077,24.36,22.68,22.89999,22.73001,22.83,7.57667,1074791,0.0,0.0,0.0,0.0735,-0.0074
2015-08-06,和邦生物,sh603077,22.68,21.35001,21.69999,21.68001,22.73001,7.22667,556219,0.0,0.0,0.0,0.0585,-9.0E-4
2015-08-07,和邦生物,sh603077,23.85,21.99999,21.99999,23.34999,21.68001,7.78333,1208244,0.0,0.0,0.0,0.0853,0.0613
2015-08-10,和邦生物,sh603077,24.95001,23.00001,23.45001,24.59001,23.34999,8.19667,1357989,0.0,0.0,0.0,0.0835,0.0486
2015-08-11,和邦生物,sh603077,26.24001,24.3,24.6,25.02999,24.59001,8.34333,1353200,0.0,0.0,0.0,0.0788,0.0174
2015-08-12,和邦生物,sh603077,25.50999,24.11001,24.9,24.21999,25.02999,8.07333,927468,0.0,0.0,0.0,0.0559,-0.0273
2015-08-13,和邦生物,sh603077,25.88001,24.09999,24.09999,25.67001,24.21999,8.55667,1051420,0.0,0.0,0.0,0.0734,0.0651
2015-08-14,和邦生物,sh603077,26.67,25.02999,26.4,25.62,25.67001,8.54,1304382,0.0,0.0,0.0,0.0638,-0.0295
2015-08-17,和邦生物,sh603077,26.19,24.51,25.2,25.95,25.62,8.65,890788,0.0,0.0,0.0,0.0655,0.0297
2015-08-18,和邦生物,sh603077,26.00001,23.36001,25.74999,23.36001,25.95,7.78667,1296938,0.0,0.0,0.0,0.1017,-0.0928
2015-08-19,和邦生物,sh603077,25.37001,22.01001,23.7,24.84,23.36001,8.28,1541167,0.0,0.0,0.0,0.1438,0.0481
2015-08-20,和邦生物,sh603077,24.54999,23.00001,24.24999,23.15001,24.84,7.71667,845939,0.0,0.0,0.0,0.0623,-0.0453
2015-08-21,和邦生物,sh603077,22.95,20.84001,22.38,20.94,23.15001,6.98,828678,0.0,0.0,0.0,0.0911,-0.0643
2015-08-24,和邦生物,sh603077,19.65999,18.84999,19.56999,18.84999,20.94,6.28333,449001,0.0,0.0,0.0,0.0386,-0.0367
2015-08-25,和邦生物,sh603077,18.84999,18.84999,18.84999,18.84999,18.84999,6.28333,0,0.0,0.0,0.0,0.0,0.0
2015-08-26,和邦生物,sh603077,18.84999,18.84999,18.84999,18.84999,18.84999,6.28333,0,0.0,0.0,0.0,0.0,0.0
2015-08-27,和邦生物,sh603077,18.84999,18.84999,18.84999,18.84999,18.84999,6.28333,0,0.0,0.0,0.0,0.0,0.0
2015-08-28,和邦生物,sh603077,6.28333,6.28333,6.28333,6.28333,18.84999,2.09444,0,0.0,0.0,0.0,0.0,0.0
2015-08-31,和邦生物,sh603077,6.28333,6.28333,6.28333,6.28333,6.28333,2.09444,0,0.0,0.0,0.0,0.0,0.0
2015-09-01,和邦生物,sh603077,6.28333,6.28333,6.28333,6.28333,6.28333,2.09444,0,0.0,0.0,0.0,0.0,0.0
2015-09-02,和邦生物,sh603077,6.28333,6.28333,6.28333,6.28333,6.28333,6.28333,0,0.0,0.0,0.0,0.0,0.0
2015-09-03,和邦生物,sh603077,6.28333,6.28333,6.28333,6.28333,6.28333,6.28333,0,0.0,0.0,0.0,0.0,0.0
2015-09-04,和邦生物,sh603077,6.28333,6.28333,6.28333,6.28333,6.28333,6.28333,0,0.0,0.0,0.0,0.0,0.0
2015-09-07,和邦生物,sh603077,6.28333,6.28333,6.28333,6.28333,6.28333,6.28333,0,0.0,0.0,0.0,0.0,0.0
2015-09-08,和邦生物,sh603077,6.28333,6.28333,6.28333,6.28333,6.28333,6.28333,0,0.0,0.0,0.0,0.0,0.0
2015-09-09,和邦生物,sh603077,6.28333,6.28333,6.28333,6.28333,6.28333,6.28333,0,0.0,0.0,0.0,0.0,0.0
2015-09-10,和邦生物,sh603077,6.25,5.86,5.88,5.95,6.28333,5.95,711563,0.0,0.0,0.0,0.062,0.0119
2015-09-11,和邦生物,sh603077,6.04,5.62,5.89,5.77,5.95,5.77,476562,0.0,0.0,0.0,0.0705,-0.0203
2015-09-14,和邦生物,sh603077,6.2,5.2,5.8,5.3,5.77,5.3,848622,0.0,0.0,0.0,0.1733,-0.0862
2015-09-15,和邦生物,sh603077,5.2,4.77,5.18,4.77,5.3,4.77,632312,0.0,0.0,0.0,0.0811,-0.0791
2015-09-16,和邦生物,sh603077,5.24,4.49,4.72,5.07,4.77,5.07,765008,0.0,0.0,0.0,0.1572,0.0741
2015-09-17,和邦生物,sh603077,5.06,4.62,4.96,4.65,5.07,4.65,650211,0.0,0.0,0.0,0.0867,-0.0624
2015-09-18,和邦生物,sh603077,4.84,4.6,4.69,4.71,4.65,4.71,346778,0.0,0.0,0.0,0.0516,0.0042
2015-09-21,和邦生物,sh603077,5.0,4.61,4.65,4.95,4.71,4.95,447000,0.0,0.0,0.0,0.0828,0.0645
2015-09-22,和邦生物,sh603077,5.22,4.92,5.0,4.99,4.95,4.99,583016,0.0,0.0,0.0,0.0606,-0.0019
2015-09-23,和邦生物,sh603077,4.95,4.77,4.92,4.83,4.99,4.83,411032,0.0,0.0,0.0,0.036,-0.0182
2015-09-24,和邦生物,sh603077,5.18,4.83,4.88,5.02,4.83,5.02,541559,0.0,0.0,0.0,0.0724,0.0286
2015-09-25,和邦生物,sh603077,5.1,4.76,4.99,4.82,5.02,4.82,435341,0.0,0.0,0.0,0.0677,-0.034
2015-09-28,和邦生物,sh603077,4.82,4.82,4.82,4.82,4.82,4.82,0,0.0,0.0,0.0,0.0,0.0
2015-09-29,和邦生物,sh603077,4.76,4.65,4.74,4.71,4.82,4.71,218035,0.0,0.0,0.0,0.0228,-0.0063
2015-09-30,和邦生物,sh603077,4.76,4.65,4.73,4.69,4.71,4.69,159582,0.0,0.0,0.0,0.0233,-0.0084
2015-10-01,和邦生物,sh603077,4.69,4.69,4.69,4.69,4.69,4.69,0,0.0,0.0,0.0,0.0,0.0
2015-10-02,和邦生物,sh603077,4.69,4.69,4.69,4.69,4.69,4.69,0,0.0,0.0,0.0,0.0,0.0
2015-10-05,和邦生物,sh603077,4.69,4.69,4.69,4.69,4.69,4.69,0,0.0,0.0,0.0,0.0,0.0
2015-10-06,和邦生物,sh603077,4.69,4.69,4.69,4.69,4.69,4.69,0,0.0,0.0,0.0,0.0,0.0
2015-10-07,和邦生物,sh603077,4.69,4.69,4.69,4.69,4.69,4.69,0,0.0,0.0,0.0,0.0,0.0
2015-10-08,和邦生物,sh603077,5.16,4.77,4.8,5.16,4.69,5.16,654506,0.0,0.0,0.0,0.0831,0.075
2015-10-09,和邦生物,sh603077,5.68,5.18,5.26,5.68,5.16,5.68,718045,0.0,0.0,0.0,0.0968,0.0798
2015-10-12,和邦生物,sh603077,6.25,5.87,5.99,6.25,5.68,6.25,783887,0.0,0.0,0.0,0.0669,0.0434
2015-10-13,和邦生物,sh603077,6.69,6.13,6.69,6.39,6.25,6.39,2253163,0.0,0.0,0.0,0.0896,-0.0448
2015-10-14,和邦生物,sh603077,6.48,6.13,6.19,6.26,6.39,6.26,1083404,0.0,0.0,0.0,0.0547,0.0113
2015-10-15,和邦生物,sh603077,6.38,6.2,6.28,6.37,6.26,6.37,1154722,0.0,0.0,0.0,0.0287,0.0143
2015-10-16,和邦生物,sh603077,6.49,6.23,6.43,6.41,6.37,6.41,1175874,0.0,0.0,0.0,0.0408,-0.0031
2015-10-19,和邦生物,sh603077,6.4,6.13,6.4,6.24,6.41,6.24,873945,0.0,0.0,0.0,0.0421,-0.025
2015-10-20,和邦生物,sh603077,6.48,6.19,6.22,6.41,6.24,6.41,954835,0.0,0.0,0.0,0.0464,0.0305
2015-10-21,和邦生物,sh603077,6.41,5.77,6.37,5.77,6.41,5.77,1015665,0.0,0.0,0.0,0.0998,-0.0941
2015-10-22,和邦生物,sh603077,5.97,5.67,5.7,5.95,5.77,5.95,641715,0.0,0.0,0.0,0.0519,0.0438
2015-10-23,和邦生物,sh603077,6.11,5.88,5.95,6.09,5.95,6.09,618612,0.0,0.0,0.0,0.0386,0.0235
2015-10-26,和邦生物,sh603077,6.18,6.0,6.14,6.07,6.09,6.07,575635,0.0,0.0,0.0,0.0295,-0.0114
2015-10-27,和邦生物,sh603077,6.04,5.71,6.04,6.01,6.07,6.01,519319,0.0,0.0,0.0,0.0543,-0.0049
2015-10-28,和邦生物,sh603077,6.09,5.89,6.01,5.95,6.01,5.95,412959,0.0,0.0,0.0,0.0332,-0.0099
2015-10-29,和邦生物,sh603077,6.23,5.87,5.95,6.13,5.95,6.13,646750,0.0,0.0,0.0,0.0605,0.0302
2015-10-30,和邦生物,sh603077,6.16,5.92,6.07,6.02,6.13,6.02,399206,0.0,0.0,0.0,0.0391,-0.0082
2015-11-02,和邦生物,sh603077,6.47,5.88,5.98,6.22,6.02,6.22,868276,0.0,0.0,0.0,0.098,0.0401
2015-11-03,和邦生物,sh603077,6.36,6.14,6.2,6.3,6.22,6.3,515114,0.0,0.0,0.0,0.0353,0.0161
2015-11-04,和邦生物,sh603077,6.6,6.2,6.3,6.54,6.3,6.54,1019554,0.0,0.0,0.0,0.0634,0.038
2015-11-05,和邦生物,sh603077,6.53,6.36,6.48,6.37,6.54,6.37,824217,0.0,0.0,0.0,0.0259,-0.0169
2015-11-06,和邦生物,sh603077,6.5,6.34,6.34,6.4,6.37,6.4,518690,0.0,0.0,0.0,0.0251,0.0094
2015-11-09,和邦生物,sh603077,7.04,6.65,6.7,6.9,6.4,6.9,1386617,0.0,0.0,0.0,0.0609,0.0298
2015-11-10,和邦生物,sh603077,7.08,6.7,6.75,6.81,6.9,6.81,886677,0.0,0.0,0.0,0.055,0.0088
2015-11-11,和邦生物,sh603077,7.1,6.68,6.68,6.99,6.81,6.99,933925,0.0,0.0,0.0,0.0616,0.0464
2015-11-12,和邦生物,sh603077,7.0,6.8,7.0,6.86,6.99,6.86,602822,0.0,0.0,0.0,0.0286,-0.0199
2015-11-13,和邦生物,sh603077,6.82,6.56,6.74,6.58,6.86,6.58,561603,0.0,0.0,0.0,0.0379,-0.0237
2015-11-16,和邦生物,sh603077,6.72,6.38,6.47,6.71,6.58,6.71,429509,0.0,0.0,0.0,0.0516,0.037
2015-11-17,和邦生物,sh603077,6.97,6.63,6.72,6.7,6.71,6.7,612135,0.0,0.0,0.0,0.0506,-0.0029
2015-11-18,和邦生物,sh603077,6.76,6.51,6.7,6.57,6.7,6.57,364059,0.0,0.0,0.0,0.0373,-0.0194
2015-11-19,和邦生物,sh603077,6.95,6.56,6.58,6.86,6.57,6.86,600514,0.0,0.0,0.0,0.0593,0.0425
2015-11-20,和邦生物,sh603077,7.55,6.82,6.92,7.55,6.86,7.55,865589,0.0,0.0,0.0,0.1064,0.091
2015-11-23,和邦生物,sh603077,8.31,7.82,7.97,8.31,7.55,8.31,1790161,0.0,0.0,0.0,0.0649,0.0426
2015-11-24,和邦生物,sh603077,8.6,7.88,8.6,8.21,8.31,8.21,2248962,0.0,0.0,0.0,0.0866,-0.0453
2015-11-25,和邦生物,sh603077,8.39,7.95,8.09,8.2,8.21,8.2,1233453,0.0,0.0,0.0,0.0535,0.0135
2015-11-26,和邦生物,sh603077,8.18,7.83,8.14,7.88,8.2,7.88,961843,0.0,0.0,0.0,0.0426,-0.0319
2015-11-27,和邦生物,sh603077,7.77,7.1,7.75,7.24,7.88,7.24,967934,0.0,0.0,0.0,0.085,-0.0658
2015-11-30,和邦生物,sh603077,7.34,6.6,7.21,7.29,7.24,7.29,775806,0.0,0.0,0.0,0.1022,0.011
2015-12-01,和邦生物,sh603077,7.27,7.02,7.21,7.2,7.29,7.2,470465,0.0,0.0,0.0,0.0342,-0.0013
2015-12-02,和邦生物,sh603077,7.53,7.13,7.22,7.35,7.2,7.35,588626,0.0,0.0,0.0,0.0555,0.018
2015-12-03,和邦生物,sh603077,7.5,7.22,7.34,7.49,7.35,7.49,468207,0.0,0.0,0.0,0.038,0.0204
2015-12-04,和邦生物,sh603077,7.88,7.35,7.45,7.81,7.49,7.81,990409,0.0,0.0,0.0,0.0707,0.0483
2015-12-07,和邦生物,sh603077,7.78,7.53,7.78,7.75,7.81,7.75,554889,0.0,0.0,0.0,0.032,-0.0038
2015-12-08,和邦生物,sh603077,7.67,7.35,7.67,7.36,7.75,7.36,516622,0.0,0.0,0.0,0.0412,-0.0404
2015-12-09,和邦生物,sh603077,7.35,7.09,7.3,7.15,7.36,7.15,376043,0.0,0.0,0.0,0.0353,-0.0205
2015-12-10,和邦生物,sh603077,7.29,7.05,7.15,7.12,7.15,7.12,294321,0.0,0.0,0.0,0.0335,-0.0041
2015-12-11,和邦生物,sh603077,7.1,6.91,7.08,6.99,7.12,6.99,277599,0.0,0.0,0.0,0.0266,-0.0127
2015-12-14,和邦生物,sh603077,7.15,6.85,6.9,7.15,6.99,7.15,239640,0.0,0.0,0.0,0.0429,0.0362
2015-12-15,和邦生物,sh603077,7.3,7.08,7.17,7.12,7.15,7.12,253458,0.0,0.0,0.0,0.0307,-0.0069
2015-12-16,和邦生物,sh603077,7.21,7.08,7.18,7.1,7.12,7.1,269741,0.0,0.0,0.0,0.0182,-0.0111
2015-12-17,和邦生物,sh603077,7.28,7.11,7.11,7.24,7.1,7.24,362215,0.0,0.0,0.0,0.0239,0.0182
2015-12-18,和邦生物,sh603077,7.24,7.06,7.24,7.1,7.24,7.1,334899,0.0,0.0,0.0,0.0248,-0.0193
2015-12-21,和邦生物,sh603077,7.16,7.02,7.02,7.12,7.1,7.12,280732,0.0,0.0,0.0,0.0197,0.0142
2015-12-22,和邦生物,sh603077,7.19,7.05,7.13,7.15,7.12,7.15,291004,0.0,0.0,0.0,0.0196,0.0028
2015-12-23,和邦生物,sh603077,7.19,7.02,7.16,7.03,7.15,7.03,311789,0.0,0.0,0.0,0.0237,-0.0181
2015-12-24,和邦生物,sh603077,7.06,6.87,7.03,6.94,7.03,6.94,247890,0.0,0.0,0.0,0.027,-0.0128
2015-12-25,和邦生物,sh603077,7.12,6.95,6.95,7.02,6.94,7.02,206348,0.0,0.0,0.0,0.0244,0.01
2015-12-28,和邦生物,sh603077,7.07,6.85,7.05,6.85,7.02,6.85,257555,0.0,0.0,0.0,0.0313,-0.0283
2015-12-29,和邦生物,sh603077,6.88,6.79,6.85,6.87,6.85,6.87,192308,0.0,0.0,0.0,0.0131,0.0029
2015-12-30,和邦生物,sh603077,6.93,6.77,6.92,6.83,6.87,6.83,180720,0.0,0.0,0.0,0.0232,-0.013
2015-12-31,和邦生物,sh603077,6.86,6.72,6.85,6.73,6.83,6.73,170443,0.0,0.0,0.0,0.0204,-0.0175
2016-01-01,和邦生物,sh603077,6.86,6.72,6.85,6.73,6.73,6.73,170443,0.0,0.0,0.0,0.0208,-0.0175
2016-01-04,和邦生物,sh603077,6.75,6.08,6.75,6.09,6.73,6.09,216563,0.0,0.0,0.0,0.0995,-0.0977
2016-01-05,和邦生物,sh603077,6.15,5.61,5.79,5.95,6.09,5.95,341176,0.0,0.0,0.0,0.0886,0.0276
2016-01-06,和邦生物,sh603077,6.12,5.97,5.98,6.11,5.95,6.11,234023,0.0,0.0,0.0,0.0252,0.0217
2016-01-07,和邦生物,sh603077,6.05,5.5,6.05,5.55,6.11,5.55,62858,0.0,0.0,0.0,0.09,-0.0826
2016-01-08,和邦生物,sh603077,5.88,5.13,5.75,5.67,5.55,5.67,277713,0.0,0.0,0.0,0.1351,-0.0139
2016-01-11,和邦生物,sh603077,5.7,5.21,5.45,5.28,5.67,5.28,232263,0.0,0.0,0.0,0.0864,-0.0311
2016-01-12,和邦生物,sh603077,5.44,5.17,5.36,5.29,5.28,5.29,164310,0.0,0.0,0.0,0.0511,-0.013
2016-01-13,和邦生物,sh603077,5.36,5.05,5.29,5.09,5.29,5.09,155065,0.0,0.0,0.0,0.0586,-0.0378
2016-01-14,和邦生物,sh603077,5.21,4.86,5.0,5.19,5.09,5.19,215316,0.0,0.0,0.0,0.0687,0.038
2016-01-15,和邦生物,sh603077,5.18,4.92,5.18,4.96,5.19,4.96,186996,0.0,0.0,0.0,0.05,-0.0424
2016-01-18,和邦生物,sh603077,5.06,4.8,4.86,4.97,4.96,4.97,131941,0.0,0.0,0.0,0.0524,0.0226
2016-01-19,和邦生物,sh603077,5.18,4.92,4.92,5.15,4.97,5.15,208755,0.0,0.0,0.0,0.0523,0.0467
2016-01-20,和邦生物,sh603077,5.67,5.11,5.15,5.67,5.15,5.67,217023,0.0,0.0,0.0,0.1087,0.1009
2016-01-21,和邦生物,sh603077,6.24,5.71,5.81,5.76,5.67,5.76,989796,0.0,0.0,0.0,0.0934,-0.0086
2016-01-22,和邦生物,sh603077,6.0,5.4,5.85,5.88,5.76,5.88,641913,0.0,0.0,0.0,0.1041,0.0051
2016-01-25,和邦生物,sh603077,5.91,5.66,5.78,5.76,5.88,5.76,357350,0.0,0.0,0.0,0.0425,-0.0034
2016-01-26,和邦生物,sh603077,5.64,5.18,5.63,5.18,5.76,5.18,324825,0.0,0.0,0.0,0.0798,-0.0799
2016-01-27,和邦生物,sh603077,5.27,4.8,5.18,5.09,5.18,5.09,271020,0.0,0.0,0.0,0.0907,-0.0173
2016-01-28,和邦生物,sh603077,5.09,4.8,5.03,4.81,5.09,4.81,160034,0.0,0.0,0.0,0.0569,-0.0437
2016-01-29,和邦生物,sh603077,5.08,4.7,4.8,5.0,4.81,5.0,179783,0.0,0.0,0.0,0.079,0.0416
2016-02-01,和邦生物,sh603077,5.27,5.01,5.04,5.11,5.0,5.11,222444,0.0,0.0,0.0,0.0519,0.0138
2016-02-02,和邦生物,sh603077,5.24,5.11,5.11,5.21,5.11,5.21,201812,0.0,0.0,0.0,0.0254,0.0195
2016-02-03,和邦生物,sh603077,5.2,5.05,5.15,5.14,5.21,5.14,130341,0.0,0.0,0.0,0.0287,-0.0019
2016-02-04,和邦生物,sh603077,5.27,5.15,5.15,5.2,5.14,5.2,172346,0.0,0.0,0.0,0.0233,0.0097
2016-02-05,和邦生物,sh603077,5.28,5.13,5.24,5.14,5.2,5.14,152161,0.0,0.0,0.0,0.0288,-0.019
2016-02-08,和邦生物,sh603077,5.28,5.13,5.24,5.14,5.14,5.14,152161,0.0,0.0,0.0,0.0291,-0.019
2016-02-09,和邦生物,sh603077,5.28,5.13,5.24,5.14,5.14,5.14,152161,0.0,0.0,0.0,0.0291,-0.019
2016-02-10,和邦生物,sh603077,5.28,5.13,5.24,5.14,5.14,5.14,152161,0.0,0.0,0.0,0.0291,-0.019
2016-02-11,和邦生物,sh603077,5.28,5.13,5.24,5.14,5.14,5.14,152161,0.0,0.0,0.0,0.0291,-0.019
2016-02-12,和邦生物,sh603077,5.28,5.13,5.24,5.14,5.14,5.14,152161,0.0,0.0,0.0,0.0291,-0.019
2016-02-15,和邦生物,sh603077,5.07,4.82,4.82,5.02,5.14,5.02,131537,0.0,0.0,0.0,0.0486,0.0414
2016-02-16,和邦生物,sh603077,5.23,5.03,5.04,5.21,5.02,5.21,210972,0.0,0.0,0.0,0.0398,0.0337
2016-02-17,和邦生物,sh603077,5.64,5.16,5.19,5.37,5.21,5.37,365543,0.0,0.0,0.0,0.0921,0.0346
2016-02-18,和邦生物,sh603077,5.43,5.28,5.4,5.33,5.37,5.33,290191,0.0,0.0,0.0,0.0279,-0.0129
2016-02-19,和邦生物,sh603077,5.33,5.25,5.31,5.3,5.33,5.3,150891,0.0,0.0,0.0,0.015,-0.0018
2016-02-22,和邦生物,sh603077,5.49,5.33,5.39,5.47,5.3,5.47,310330,0.0,0.0,0.0,0.0301,0.0148
2016-02-23,和邦生物,sh603077,5.61,5.41,5.44,5.5,5.47,5.5,331922,0.0,0.0,0.0,0.0365,0.011
2016-02-24,和邦生物,sh603077,5.55,5.31,5.49,5.46,5.5,5.46,229938,0.0,0.0,0.0,0.0436,-0.0054
2016-02-25,和邦生物,sh603077,5.47,4.91,5.47,4.96,5.46,4.96,316640,0.0,0.0,0.0,0.1025,-0.0932
2016-02-26,和邦生物,sh603077,5.08,4.9,4.99,5.0,4.96,5.0,185532,0.0,0.0,0.0,0.0362,0.002
2016-02-29,和邦生物,sh603077,5.02,4.64,5.0,4.74,5.0,4.74,238194,0.0,0.0,0.0,0.0759,-0.0519
2016-03-01,和邦生物,sh603077,4.87,4.71,4.76,4.85,4.74,4.85,141977,0.0,0.0,0.0,0.0337,0.0189
2016-03-02,和邦生物,sh603077,5.12,4.8,4.8,5.08,4.85,5.08,245838,0.0,0.0,0.0,0.0659,0.0583
2016-03-03,和邦生物,sh603077,5.5,5.04,5.08,5.16,5.08,5.16,405923,0.0,0.0,0.0,0.0905,0.0157
2016-03-04,和邦生物,sh603077,5.19,4.88,5.1,5.0,5.16,5.0,259006,0.0,0.0,0.0,0.06,-0.0196
2016-03-07,和邦生物,sh603077,5.29,5.05,5.05,5.16,5.0,5.16,258558,0.0,0.0,0.0,0.048,0.0217
2016-03-08,和邦生物,sh603077,5.17,4.92,5.17,5.12,5.16,5.12,203935,0.0,0.0,0.0,0.0484,-0.0096
2016-03-09,和邦生物,sh603077,5.08,4.97,5.02,5.01,5.12,5.01,129098,0.0,0.0,0.0,0.0214,-0.0019
2016-03-10,和邦生物,sh603077,5.06,4.94,5.01,4.96,5.01,4.96,98488,0.0,0.0,0.0,0.0239,-0.0099
2016-03-11,和邦生物,sh603077,4.97,4.86,4.94,4.93,4.96,4.93,90895,0.0,0.0,0.0,0.0221,-0.002
2016-03-14,和邦生物,sh603077,5.29,4.98,4.98,5.13,4.93,5.13,316601,0.0,0.0,0.0,0.0628,0.0301
2016-03-15,和邦生物,sh603077,5.15,5.04,5.14,5.07,5.13,5.07,119362,0.0,0.0,0.0,0.0214,-0.0136
2016-03-16,和邦生物,sh603077,5.12,5.0,5.07,5.01,5.07,5.01,97067,0.0,0.0,0.0,0.0236,-0.0118
2016-03-17,和邦生物,sh603077,5.25,5.0,5.0,5.13,5.01,5.13,306000,0.0,0.0,0.0,0.0499,0.0259
2016-03-18,和邦生物,sh603077,5.29,5.13,5.16,5.24,5.13,5.24,467281,0.0,0.0,0.0,0.0311,0.0155
2016-03-21,和邦生物,sh603077,5.34,5.23,5.26,5.33,5.24,5.33,392540,0.0,0.0,0.0,0.0209,0.0133
2016-03-22,和邦生物,sh603077,5.36,5.22,5.29,5.26,5.33,5.26,270915,0.0,0.0,0.0,0.0262,-0.0056
2016-03-23,和邦生物,sh603077,5.35,5.23,5.27,5.29,5.26,5.29,212241,0.0,0.0,0.0,0.0228,0.0037
2016-03-24,和邦生物,sh603077,5.27,5.17,5.25,5.19,5.29,5.19,226538,0.0,0.0,0.0,0.0189,-0.0114
2016-03-25,和邦生物,sh603077,5.24,5.17,5.18,5.23,5.19,5.23,141709,0.0,0.0,0.0,0.0134,0.0096
