2016-03-25
2014-09-29,华懋科技,sh603306,19.14,19.14,19.14,19.14,17.4,19.14,30800,8.8E-4,0.0,0.0,0.0,0.0
2014-09-30,华懋科技,sh603306,21.05,21.05,21.05,21.05,19.14,21.05,59800,0.001709,0.0,0.0,0.0,0.0
2014-10-08,华懋科技,sh603306,23.16,23.16,23.16,23.16,21.05,23.16001,108545,0.003101,0.0,0.0,0.0,0.0
2014-10-09,华懋科技,sh603306,25.48,25.48,25.48,25.48,23.16,25.480017,303053,0.008659,0.0,0.0,0.0,0.0
2014-10-10,华懋科技,sh603306,28.03,28.03,28.03,28.03,25.48,28.030006,554720,0.015849,0.0,0.0,0.0,0.0
2014-10-13,华懋科技,sh603306,30.83,29.1,30.83,29.71,28.03,29.710012,21088824,0.602538,0.0,0.0,0.0617,-0.0363
2014-10-14,华懋科技,sh603306,29.29,28.24,29.0,28.3,29.71,28.300005,10135852,0.289596,0.0,0.0,0.0353,-0.0241
2014-10-15,华懋科技,sh603306,29.98,28.11,28.3,29.09,28.3,29.09,8817461,0.251927,0.0,0.0,0.066,0.0279
2014-10-16,华懋科技,sh603306,28.86,28.06,28.31,28.12,29.09,28.119993,5697864,0.162796,0.0,0.0,0.0275,-0.0067
2014-10-17,华懋科技,sh603306,27.94,26.12,27.91,27.05,28.12,27.05,6555178,0.187291,0.0,0.0,0.0647,-0.0308
2014-10-20,华懋科技,sh603306,27.45,26.66,26.95,27.18,27.05,27.180002,3336964,0.095342,0.0,0.0,0.0292,0.0085
2014-10-21,华懋科技,sh603306,28.15,26.94,27.0,27.81,27.18,27.810007,4765792,0.136165,0.0,0.0,0.0445,0.0299
2014-10-22,华懋科技,sh603306,29.9,27.84,27.84,28.92,27.81,28.920017,8323323,0.237809,0.0,0.0,0.074,0.0387
2014-10-23,华懋科技,sh603306,29.0,27.22,29.0,27.35,28.92,27.350006,5094050,0.145544,0.0,0.0,0.0615,-0.0568
2014-10-24,华懋科技,sh603306,28.85,27.34,27.43,27.94,27.35,27.94,4504570,0.128702,0.0,0.0,0.0552,0.0185
2014-10-27,华懋科技,sh603306,28.0,26.51,28.0,27.28,27.94,27.280003,2633166,0.075233,0.0,0.0,0.0533,-0.0257
2014-10-28,华懋科技,sh603306,28.35,27.28,27.39,28.21,27.28,28.210005,3015070,0.086145,0.0,0.0,0.0392,0.0299
2014-10-29,华懋科技,sh603306,30.7,28.1,28.1,30.01,28.21,30.01,8825514,0.252158,0.0,0.0,0.0921,0.0679
2014-10-30,华懋科技,sh603306,30.0,28.81,29.5,29.17,30.01,29.16999,5158649,0.14739,0.0,0.0,0.0396,-0.0111
2014-10-31,华懋科技,sh603306,30.35,29.02,29.02,29.9,29.17,29.9,7657272,0.218779,0.0,0.0,0.0455,0.0303
2014-11-03,华懋科技,sh603306,32.79,30.2,30.63,31.91,29.9,31.909996,9619990,0.274857,0.0,0.0,0.0866,0.0417
2014-11-04,华懋科技,sh603306,31.55,30.6,31.32,30.82,31.91,30.819983,7576336,0.216467,0.0,0.0,0.0297,-0.0159
2014-11-05,华懋科技,sh603306,31.57,30.08,30.33,30.76,30.82,30.759975,4711558,0.134616,0.0,0.0,0.0483,0.0141
2014-11-06,华懋科技,sh603306,32.5,30.18,30.6,32.11,30.76,32.10997,8079092,0.230831,0.0,0.0,0.0754,0.0493
2014-11-07,华懋科技,sh603306,33.89,31.28,32.0,31.52,32.11,31.519981,9940534,0.284015,0.0,0.0,0.0812,-0.015
2014-11-10,华懋科技,sh603306,33.0,31.49,31.53,32.71,31.52,32.709988,6590100,0.188289,0.0,0.0,0.0479,0.0374
2014-11-11,华懋科技,sh603306,32.66,31.03,32.53,31.66,32.71,31.659996,6062471,0.173213,0.0,0.0,0.0498,-0.0267
2014-11-12,华懋科技,sh603306,34.8,31.05,31.6,33.89,31.66,33.89,9720724,0.277735,0.0,0.0,0.1184,0.0724
2014-11-13,华懋科技,sh603306,34.78,32.65,33.0,33.57,33.89,33.57001,8519660,0.243419,0.0,0.0,0.0628,0.0172
2014-11-14,华懋科技,sh603306,33.39,30.31,33.26,30.43,33.57,30.430006,7549263,0.215693,0.0,0.0,0.0917,-0.085
2014-11-17,华懋科技,sh603306,31.19,30.0,30.05,30.52,30.43,30.520018,3230317,0.092295,0.0,0.0,0.0391,0.0156
2014-11-18,华懋科技,sh603306,31.15,30.23,30.45,30.92,30.52,30.920013,2566831,0.073338,0.0,0.0,0.0301,0.0154
2014-11-19,华懋科技,sh603306,31.13,29.9,30.96,30.3,30.92,30.300005,3245314,0.092723,0.0,0.0,0.0397,-0.0213
2014-11-20,华懋科技,sh603306,30.84,29.8,30.05,30.57,30.3,30.57001,2710128,0.077432,0.0,0.0,0.0343,0.0173
2014-11-21,华懋科技,sh603306,31.47,30.42,30.48,30.74,30.57,30.740007,3290920,0.094026,0.0,0.0,0.0343,0.0085
2014-11-24,华懋科技,sh603306,31.59,30.71,31.1,30.91,30.74,30.91,3187605,0.091074,0.0,0.0,0.0286,-0.0061
2014-11-25,华懋科技,sh603306,30.95,29.3,30.95,29.88,30.91,29.879986,4467217,0.127635,0.0,0.0,0.0533,-0.0345
2014-11-26,华懋科技,sh603306,30.85,29.58,29.92,30.8,29.88,30.799992,2634902,0.075283,0.0,0.0,0.0425,0.0294
2014-11-27,华懋科技,sh603306,31.8,30.95,30.95,31.17,30.8,31.169992,3451163,0.098605,0.0,0.0,0.0275,0.0071
2014-11-28,华懋科技,sh603306,31.45,30.53,31.23,30.64,31.17,30.639977,2810371,0.080296,0.0,0.0,0.0295,-0.0188
2014-12-01,华懋科技,sh603306,30.89,30.02,30.69,30.45,30.64,30.449978,2212130,0.063204,0.0,0.0,0.0283,-0.0078
2014-12-02,华懋科技,sh603306,31.59,30.28,30.28,31.44,30.45,31.439968,3877978,0.110799,0.0,0.0,0.043,0.0383
2014-12-03,华懋科技,sh603306,32.0,30.52,31.95,31.23,31.44,31.22998,3001895,0.085768,0.0,0.0,0.047,-0.0225
2014-12-04,华懋科技,sh603306,31.34,30.9,31.01,30.98,31.23,30.979984,2751470,0.078613,0.0,0.0,0.014,-9.0E-4
2014-12-05,华懋科技,sh603306,30.86,29.51,30.81,29.56,30.98,29.559986,3949136,0.112832,0.0,0.0,0.0435,-0.0405
2014-12-08,华懋科技,sh603306,29.3,28.6,29.3,28.7,29.56,28.699997,2823795,0.08068,0.0,0.0,0.0236,-0.0204
2014-12-09,华懋科技,sh603306,28.65,27.05,28.65,27.1,28.7,27.1,2949151,0.084261,0.0,0.0,0.0557,-0.0541
2014-12-10,华懋科技,sh603306,28.17,27.24,27.24,28.09,27.1,28.08999,1430751,0.040879,0.0,0.0,0.0343,0.0312
2014-12-11,华懋科技,sh603306,28.66,27.78,28.15,28.5,28.09,28.499992,1386067,0.039602,0.0,0.0,0.0313,0.0124
2014-12-12,华懋科技,sh603306,28.58,28.0,28.55,28.55,28.5,28.549982,1189418,0.033983,0.0,0.0,0.0203,0.0
2014-12-15,华懋科技,sh603306,29.13,28.5,28.68,28.96,28.55,28.959988,1113103,0.031803,0.0,0.0,0.022,0.0097
2014-12-16,华懋科技,sh603306,28.97,28.29,28.84,28.36,28.96,28.359995,1335221,0.038149,0.0,0.0,0.0234,-0.0166
2014-12-17,华懋科技,sh603306,28.29,27.55,28.29,27.63,28.36,27.630009,1354479,0.038699,0.0,0.0,0.026,-0.0233
2014-12-18,华懋科技,sh603306,27.84,27.3,27.55,27.66,27.63,27.660015,791409,0.022612,0.0,0.0,0.0195,0.0039
2014-12-19,华懋科技,sh603306,27.45,25.8,27.36,26.56,27.66,26.560003,1360184,0.038862,0.0,0.0,0.0596,-0.0292
2014-12-22,华懋科技,sh603306,26.56,23.92,26.56,23.94,26.56,23.939993,1848290,0.052808,0.0,0.0,0.0993,-0.0986
2014-12-23,华懋科技,sh603306,25.27,24.01,24.24,24.39,23.94,24.389992,1107105,0.031632,0.0,0.0,0.0526,0.0061
2014-12-24,华懋科技,sh603306,26.38,24.53,24.88,26.35,24.39,26.349997,1544403,0.044126,0.0,0.0,0.0758,0.059
2014-12-25,华懋科技,sh603306,26.39,25.53,26.35,26.0,26.35,25.99999,1048332,0.029952,0.0,0.0,0.0326,-0.0132
2014-12-26,华懋科技,sh603306,26.18,25.52,25.99,25.9,26.0,25.899994,649910,0.018569,0.0,0.0,0.0253,-0.0034
2014-12-29,华懋科技,sh603306,25.91,24.87,25.9,25.1,25.9,25.099995,945355,0.02701,0.0,0.0,0.0401,-0.0308
2014-12-30,华懋科技,sh603306,25.62,24.72,25.09,25.34,25.1,25.34,563088,0.016088,0.0,0.0,0.0358,0.0099
2014-12-31,华懋科技,sh603306,25.52,24.93,25.18,25.35,25.34,25.35001,666367,0.019039,0.0,0.0,0.0232,0.0067
2015-01-01,华懋科技,sh603306,25.35,25.35,25.35,25.35,25.35,25.28,0,0.0,0.0,0.0,0.0,0.0
2015-01-02,华懋科技,sh603306,25.35,25.35,25.35,25.35,25.35,25.28,0,0.0,0.0,0.0,0.0,0.0
2015-01-05,华懋科技,sh603306,25.11,24.71,24.91,24.95,25.35,24.88,10875,0.031072,0.0,0.0,0.0157,0.0016
2015-01-06,华懋科技,sh603306,25.85,24.72,24.89,25.57,24.95,25.5,13140,0.037543,0.0,0.0,0.0452,0.0273
2015-01-07,华懋科技,sh603306,25.51,24.87,25.5,25.15,25.57,25.08,8072,0.023063,0.0,0.0,0.025,-0.0137
2015-01-08,华懋科技,sh603306,25.54,24.88,25.1,25.18,25.15,25.11,8834,0.025242,0.0,0.0,0.0262,0.0031
2015-01-09,华懋科技,sh603306,25.5,24.7,25.0,24.74,25.18,24.67,10026,0.028648,0.0,0.0,0.0317,-0.0104
2015-01-12,华懋科技,sh603306,24.48,23.61,24.47,23.68,24.74,23.62,10299,0.029428,0.0,0.0,0.0351,-0.0322
2015-01-13,华懋科技,sh603306,24.28,23.5,23.5,24.12,23.68,24.06,6816,0.019476,0.0,0.0,0.0329,0.0263
2015-01-14,华懋科技,sh603306,24.28,23.69,24.12,23.77,24.12,23.71,7252,0.020722,0.0,0.0,0.0244,-0.0145
2015-01-15,华懋科技,sh603306,24.25,23.78,23.83,23.93,23.77,23.87,6220,0.017771,0.0,0.0,0.0197,0.0041
2015-01-16,华懋科技,sh603306,24.64,24.0,24.08,24.42,23.93,24.35,11015,0.031474,0.0,0.0,0.0267,0.0141
2015-01-19,华懋科技,sh603306,25.47,24.05,24.19,24.69,24.42,24.62,18751,0.053574,0.0,0.0,0.0581,0.0206
2015-01-20,华懋科技,sh603306,26.55,24.9,24.91,26.46,24.69,26.39,31332,0.089522,0.0,0.0,0.0668,0.0622
2015-01-21,华懋科技,sh603306,26.65,26.02,26.5,26.55,26.46,26.48,23966,0.068475,0.0,0.0,0.0238,0.0018
2015-01-22,华懋科技,sh603306,28.08,26.13,26.53,27.97,26.55,27.89,32618,0.093196,0.0,0.0,0.0734,0.0542
2015-01-23,华懋科技,sh603306,27.83,27.05,27.83,27.11,27.97,27.04,15712,0.044894,0.0,0.0,0.0278,-0.0258
2015-01-26,华懋科技,sh603306,27.3,26.51,27.11,26.94,27.11,26.87,12852,0.036721,0.0,0.0,0.0291,-0.0062
2015-01-27,华懋科技,sh603306,27.5,26.32,26.94,27.32,26.94,27.25,16043,0.045839,0.0,0.0,0.0438,0.0141
2015-01-28,华懋科技,sh603306,27.62,26.9,27.1,27.15,27.32,27.08,8116,0.023189,0.0,0.0,0.0263,0.0018
2015-01-29,华懋科技,sh603306,27.47,26.78,27.0,27.2,27.15,27.13,7599,0.021713,0.0,0.0,0.0254,0.0074
2015-01-30,华懋科技,sh603306,27.32,26.81,27.01,27.06,27.2,26.99,9510,0.027174,0.0,0.0,0.0187,0.0018
2015-02-02,华懋科技,sh603306,28.25,26.62,26.9,27.9,27.06,27.82,21603,0.061725,0.0,0.0,0.0602,0.0371
2015-02-03,华懋科技,sh603306,28.35,27.0,27.0,27.94,27.9,27.86,19086,0.054533,0.0,0.0,0.0483,0.0348
2015-02-04,华懋科技,sh603306,27.96,27.02,27.94,27.13,27.94,27.06,10833,0.030953,0.0,0.0,0.0336,-0.0289
2015-02-05,华懋科技,sh603306,28.45,27.14,27.79,27.61,27.13,27.54,19057,0.054451,0.0,0.0,0.0482,-0.0064
2015-02-06,华懋科技,sh603306,28.36,27.4,27.45,27.51,27.61,27.44,11029,0.031513,0.0,0.0,0.0347,0.0021
2015-02-09,华懋科技,sh603306,27.51,26.49,27.38,26.69,27.51,26.62,10000,0.028574,0.0,0.0,0.037,-0.0252
2015-02-10,华懋科技,sh603306,27.0,26.12,26.69,26.79,26.69,26.72,7588,0.021683,0.0,0.0,0.0329,0.0037
2015-02-11,华懋科技,sh603306,27.12,26.6,26.8,26.85,26.79,26.78,4141,0.011834,0.0,0.0,0.0194,0.0018
2015-02-12,华懋科技,sh603306,27.05,26.71,26.85,26.95,26.85,26.88,5999,0.017142,0.0,0.0,0.0126,0.0037
2015-02-13,华懋科技,sh603306,27.89,26.95,27.04,27.63,26.95,27.56,9103,0.026009,0.0,0.0,0.0348,0.0218
2015-02-16,华懋科技,sh603306,27.89,27.6,27.66,27.79,27.63,27.72,7143,0.020411,0.0,0.0,0.0104,0.0046
2015-02-17,华懋科技,sh603306,27.97,26.91,27.96,27.2,27.79,27.13,15025,0.042931,0.0,0.0,0.0381,-0.0271
2015-02-18,华懋科技,sh603306,27.2,27.2,27.2,27.2,27.2,27.13,0,0.0,0.0,0.0,0.0,0.0
2015-02-19,华懋科技,sh603306,27.2,27.2,27.2,27.2,27.2,27.13,0,0.0,0.0,0.0,0.0,0.0
2015-02-20,华懋科技,sh603306,27.2,27.2,27.2,27.2,27.2,27.13,0,0.0,0.0,0.0,0.0,0.0
2015-02-23,华懋科技,sh603306,27.2,27.2,27.2,27.2,27.2,27.13,0,0.0,0.0,0.0,0.0,0.0
2015-02-24,华懋科技,sh603306,27.2,27.2,27.2,27.2,27.2,27.13,0,0.0,0.0,0.0,0.0,0.0
2015-02-25,华懋科技,sh603306,27.22,26.77,27.21,26.8,27.2,26.73,8722,0.024923,0.0,0.0,0.0165,-0.015
2015-02-26,华懋科技,sh603306,27.07,26.7,26.8,26.99,26.8,26.92,5738,0.016395,0.0,0.0,0.0138,0.007
2015-02-27,华懋科技,sh603306,27.95,26.88,26.88,27.92,26.99,27.84,15636,0.044674,0.0,0.0,0.0396,0.0386
2015-03-02,华懋科技,sh603306,29.0,27.96,28.12,28.9,27.92,28.82,27470,0.078487,0.0,0.0,0.0372,0.0277
2015-03-03,华懋科技,sh603306,29.31,28.11,28.7,28.23,28.9,28.15,27361,0.078177,0.0,0.0,0.0415,-0.0163
2015-03-04,华懋科技,sh603306,28.57,27.99,28.05,28.21,28.23,28.13,20771,0.059346,0.0,0.0,0.0205,0.0057
2015-03-05,华懋科技,sh603306,28.21,27.7,28.21,27.79,28.21,27.72,14321,0.040917,0.0,0.0,0.018,-0.0148
2015-03-06,华懋科技,sh603306,28.26,27.6,27.79,28.07,27.79,27.99,10641,0.030403,0.0,0.0,0.0237,0.01
2015-03-09,华懋科技,sh603306,28.08,27.6,28.08,27.89,28.07,27.81,8241,0.023547,0.0,0.0,0.0171,-0.0067
2015-03-10,华懋科技,sh603306,27.98,27.5,27.98,27.62,27.89,27.55,14084,0.040242,0.0,0.0,0.0172,-0.0128
2015-03-11,华懋科技,sh603306,27.81,27.2,27.68,27.26,27.62,27.19,9677,0.02765,0.0,0.0,0.022,-0.0151
2015-03-12,华懋科技,sh603306,27.43,26.91,27.28,27.0,27.26,26.93,9885,0.028245,0.0,0.0,0.019,-0.0102
2015-03-13,华懋科技,sh603306,27.78,27.11,27.21,27.75,27.0,27.68,7827,0.022365,0.0,0.0,0.0248,0.0198
2015-03-16,华懋科技,sh603306,28.46,27.75,28.01,28.36,27.75,28.28,16300,0.046572,0.0,0.0,0.0255,0.0124
2015-03-17,华懋科技,sh603306,28.55,27.91,28.5,28.21,28.36,28.13,20002,0.057151,0.0,0.0,0.0225,-0.0101
2015-03-18,华懋科技,sh603306,29.0,28.03,28.2,28.98,28.21,28.9,32471,0.092776,0.0,0.0,0.0343,0.0276
2015-03-19,华懋科技,sh603306,29.35,28.66,28.85,29.25,28.98,29.17,29481,0.084232,0.0,0.0,0.0238,0.0138
2015-03-20,华懋科技,sh603306,29.35,28.78,29.25,29.09,29.25,29.01,22570,0.064487,0.0,0.0,0.0194,-0.0054
2015-03-23,华懋科技,sh603306,29.24,28.83,29.05,29.17,29.09,29.09,25532,0.072951,0.0,0.0,0.014,0.0041
2015-03-24,华懋科技,sh603306,29.37,28.12,29.26,28.85,29.17,28.77,24372,0.069637,0.0,0.0,0.0428,-0.014
2015-03-25,华懋科技,sh603306,31.0,28.85,28.93,30.73,28.85,30.65,53313,0.152324,0.0,0.0,0.0745,0.0622
2015-03-26,华懋科技,sh603306,30.59,29.65,30.5,30.2,30.73,30.12,25648,0.073282,0.0,0.0,0.0305,-0.0098
2015-03-27,华懋科技,sh603306,30.87,29.93,30.2,30.85,30.2,30.77,22670,0.064772,0.0,0.0,0.0311,0.0215
2015-03-30,华懋科技,sh603306,32.29,31.3,31.3,31.83,30.85,31.74,36260,0.103602,0.0,0.0,0.032,0.0169
2015-03-31,华懋科技,sh603306,32.3,31.0,32.1,31.05,31.83,30.97,32293,0.092269,0.0,0.0,0.0408,-0.0327
2015-04-01,华懋科技,sh603306,30.75,29.55,30.49,30.58,31.05,30.5,49592,0.141692,36.126503,4.640773,0.0386,0.0029
2015-04-02,华懋科技,sh603306,31.33,30.36,30.36,30.96,30.58,30.88,38443,0.109838,36.57541,4.698439,0.0317,0.0197
2015-04-03,华懋科技,sh603306,31.29,30.35,30.68,31.17,30.96,31.09,38392,0.109692,36.8235,4.730308,0.0303,0.0159
2015-04-06,华懋科技,sh603306,31.17,31.17,31.17,31.17,31.17,31.09,0,0.0,0.0,0.0,0.0,0.0
2015-04-07,华懋科技,sh603306,32.3,31.17,31.17,32.14,31.17,32.05,45228,0.129224,37.969448,4.877516,0.0362,0.0311
2015-04-08,华懋科技,sh603306,32.6,31.1,32.48,31.47,32.14,31.39,35794,0.102269,37.177937,4.775839,0.0466,-0.031
2015-04-09,华懋科技,sh603306,31.58,29.9,31.52,30.87,31.47,30.79,26740,0.076403,36.4691,4.684783,0.0533,-0.0206
2015-04-10,华懋科技,sh603306,31.78,30.42,30.83,31.67,30.87,31.58,29206,0.083447,37.4142,4.806189,0.044,0.0272
2015-04-13,华懋科技,sh603306,34.57,32.0,32.0,33.9,31.67,33.81,61030,0.174372,40.048683,5.144612,0.0811,0.0593
2015-04-14,华懋科技,sh603306,33.73,33.0,33.5,33.1,33.9,33.01,31352,0.08958,39.103573,5.023204,0.0215,-0.0119
2015-04-15,华懋科技,sh603306,33.05,31.6,33.05,31.62,33.1,31.53,29901,0.085434,37.355137,4.798602,0.0438,-0.0432
2015-04-16,华懋科技,sh603306,32.02,30.8,31.0,31.76,31.62,31.67,21795,0.062274,37.520542,4.81985,0.0385,0.0245
2015-04-17,华懋科技,sh603306,32.26,31.43,31.9,31.82,31.76,31.73,25979,0.074227,37.59142,4.828955,0.0261,-0.0025
2015-04-20,华懋科技,sh603306,32.2,30.0,31.78,30.67,31.82,30.59,31238,0.089252,36.23283,4.654431,0.0691,-0.0349
2015-04-21,华懋科技,sh603306,33.74,31.79,31.79,33.74,30.67,33.65,57929,0.165512,39.85966,5.120331,0.0635,0.0613
2015-04-22,华懋科技,sh603306,36.5,34.78,35.3,36.01,33.74,35.91,95530,0.272943,42.54138,5.464821,0.0509,0.0201
2015-04-23,华懋科技,sh603306,38.0,35.26,35.9,37.01,36.01,36.91,68769,0.196485,43.722755,5.616579,0.076,0.0309
2015-04-24,华懋科技,sh603306,37.98,36.01,36.01,37.22,37.01,37.12,52562,0.150179,43.970837,5.648448,0.0532,0.0336
2015-04-27,华懋科技,sh603306,37.96,36.38,37.71,37.12,37.22,37.02,42211,0.120605,43.852688,5.63327,0.0424,-0.0156
2015-04-28,华懋科技,sh603306,37.09,35.0,37.09,35.14,37.12,35.05,42006,0.120017,41.513542,5.332786,0.0563,-0.0525
2015-04-29,华懋科技,sh603306,36.68,35.0,35.5,36.15,35.14,36.05,34827,0.099508,42.706722,5.486061,0.0478,0.0183
2015-04-30,华懋科技,sh603306,38.79,36.3,37.0,36.66,36.15,36.56,40614,0.116041,43.30923,5.563458,0.0688,-0.0091
2015-05-01,华懋科技,sh603306,36.66,36.66,36.66,36.66,36.66,36.56,0,0.0,0.0,0.0,0.0,0.0
2015-05-04,华懋科技,sh603306,37.08,35.6,36.66,36.78,36.66,36.68,25494,0.072841,43.45098,5.581668,0.0403,0.0032
2015-05-05,华懋科技,sh603306,36.78,35.41,36.78,36.03,36.78,35.93,22127,0.063222,42.56493,5.467846,0.0372,-0.0203
2015-05-06,华懋科技,sh603306,37.5,35.62,36.0,36.06,36.03,35.96,33514,0.095757,42.600388,5.472401,0.0521,0.0016
2015-05-07,华懋科技,sh603306,36.47,34.66,36.0,34.69,36.06,34.6,23308,0.066597,40.98191,5.264494,0.0501,-0.0363
2015-05-08,华懋科技,sh603306,36.06,35.02,35.02,36.06,34.69,35.96,24503,0.07001,42.60041,5.472404,0.0299,0.0296
2015-05-11,华懋科技,sh603306,38.98,36.12,36.65,38.65,36.06,38.55,47378,0.135368,45.660187,5.86546,0.0793,0.0545
2015-05-12,华懋科技,sh603306,41.7,38.31,38.8,40.94,38.65,40.83,62043,0.177266,48.36555,6.212988,0.0877,0.0551
2015-05-13,华懋科技,sh603306,40.93,39.62,40.19,40.28,40.94,40.17,36079,0.103084,47.58585,6.112829,0.0319,0.0022
2015-05-14,华懋科技,sh603306,43.98,39.88,40.2,43.04,40.28,42.92,42458,0.12131,50.84643,6.53168,0.1017,0.0706
2015-05-15,华懋科技,sh603306,45.52,41.5,43.04,44.47,43.04,44.35,38723,0.110639,52.535805,6.748695,0.0934,0.0332
2015-05-18,华懋科技,sh603306,48.92,43.52,44.01,48.89,44.47,48.76,45260,0.129315,57.757496,7.419468,0.1214,0.1108
2015-05-19,华懋科技,sh603306,51.5,46.0,49.0,48.86,48.89,48.73,47798,0.136566,57.722034,7.414912,0.1124,-0.0028
2015-05-20,华懋科技,sh603306,50.5,47.44,48.01,47.58,48.86,47.45,34949,0.099854,56.20989,7.220664,0.0626,-0.0089
2015-05-21,华懋科技,sh603306,47.58,47.58,47.58,47.58,47.58,47.45,0,0.0,0.0,0.0,0.0,0.0
2015-05-22,华懋科技,sh603306,47.58,47.58,47.58,47.58,47.58,47.45,0,0.0,0.0,0.0,0.0,0.0
2015-05-25,华懋科技,sh603306,47.58,47.58,47.58,47.58,47.58,47.45,0,0.0,0.0,0.0,0.0,0.0
2015-05-26,华懋科技,sh603306,52.34,52.01,52.34,52.34,47.58,52.2,10183,0.029093,61.83324,7.943033,0.0069,0.0
2015-05-27,华懋科技,sh603306,57.57,56.04,57.57,57.57,52.34,57.42,38764,0.110752,68.01184,8.73673,0.0292,0.0
2015-05-28,华懋科技,sh603306,63.33,57.0,62.58,57.99,57.57,57.83,51430,0.146918,68.50802,8.800468,0.1099,-0.0733
2015-05-29,华懋科技,sh603306,63.79,54.5,56.14,63.79,57.99,63.62,88091,0.251649,75.36,9.680667,0.1602,0.1362
2015-06-01,华懋科技,sh603306,66.2,58.73,64.42,63.75,63.79,63.58,71379,0.203963,75.312744,9.674597,0.1171,-0.0104
2015-06-02,华懋科技,sh603306,63.25,59.58,62.02,60.26,63.75,60.1,53358,0.152459,71.18974,9.14496,0.0575,-0.0283
2015-06-03,华懋科技,sh603306,63.2,58.01,60.09,59.68,60.26,59.52,40349,0.115272,70.50455,9.05694,0.0861,-0.0068
2015-06-04,华懋科技,sh603306,59.68,53.71,58.38,54.72,59.68,54.57,39958,0.114178,64.64492,8.304218,0.1,-0.0626
2015-06-05,华懋科技,sh603306,57.7,53.76,55.6,54.8,54.72,54.65,37548,0.10728,64.739426,8.316359,0.072,-0.0143
2015-06-08,华懋科技,sh603306,55.88,51.6,55.38,53.29,54.8,53.15,35599,0.10172,62.955547,8.087204,0.0781,-0.0377
2015-06-09,华懋科技,sh603306,55.54,52.05,53.29,54.67,53.29,54.52,22998,0.065724,64.585846,8.296631,0.0654,0.0258
2015-06-10,华懋科技,sh603306,57.5,53.1,54.8,56.84,54.67,56.69,28178,0.080525,67.14944,8.625946,0.0804,0.0372
2015-06-11,华懋科技,sh603306,58.29,55.85,56.25,57.62,56.84,57.62,23960,0.068447,68.25102,8.767455,0.0429,0.0243
2015-06-12,华懋科技,sh603306,58.5,55.5,57.05,55.55,57.62,55.55,21952,0.062728,65.7991,8.452484,0.052,-0.0262
2015-06-15,华懋科技,sh603306,55.5,51.93,55.4,52.01,55.55,52.01,23271,0.066501,61.605965,7.913838,0.0642,-0.0611
2015-06-16,华懋科技,sh603306,51.22,48.0,51.18,48.57,52.01,48.57,22636,0.064672,57.531277,7.390408,0.0619,-0.0509
2015-06-17,华懋科技,sh603306,50.98,48.05,48.11,50.57,48.57,50.57,18102,0.051719,59.90028,7.694727,0.0603,0.0511
2015-06-18,华懋科技,sh603306,53.48,49.98,49.98,50.72,50.57,50.72,23653,0.067588,60.077957,7.717551,0.0692,0.0148
2015-06-19,华懋科技,sh603306,50.0,46.0,50.0,46.71,50.72,46.71,18629,0.053221,55.328102,7.10739,0.0788,-0.0657
2015-06-22,华懋科技,sh603306,46.71,46.71,46.71,46.71,46.71,46.71,0,0.0,0.0,0.0,0.0,0.0
2015-06-23,华懋科技,sh603306,48.48,44.02,46.12,48.39,46.71,48.39,17559,0.050158,57.318066,7.363019,0.0954,0.0492
2015-06-24,华懋科技,sh603306,50.7,48.8,48.8,50.4,48.39,50.4,22482,0.064234,59.698917,7.66886,0.0392,0.0327
2015-06-25,华懋科技,sh603306,51.0,47.22,51.0,47.38,50.4,47.38,18252,0.052158,56.12172,7.209337,0.075,-0.0709
2015-06-26,华懋科技,sh603306,47.7,42.64,47.7,42.64,47.38,42.64,23402,0.066881,50.50718,6.488099,0.1067,-0.106
2015-06-29,华懋科技,sh603306,44.65,38.38,43.5,38.4,42.64,38.4,24572,0.070206,45.484886,5.842941,0.147,-0.1172
2015-06-30,华懋科技,sh603306,42.12,34.56,37.09,41.96,38.4,41.96,41436,0.118356,49.701717,6.38463,0.1968,0.1313
2015-07-01,华懋科技,sh603306,42.9,38.01,40.8,38.5,41.96,38.5,25514,0.07287,45.603336,5.858157,0.1165,-0.0563
2015-07-02,华懋科技,sh603306,39.47,35.02,38.79,35.67,38.5,35.67,26604,0.076039,42.251198,5.427545,0.1155,-0.0804
2015-07-03,华懋科技,sh603306,37.88,32.1,35.0,33.22,35.67,33.22,30835,0.088077,39.349167,5.054753,0.162,-0.0508
2015-07-06,华懋科技,sh603306,36.54,32.16,36.54,35.02,33.22,35.02,35046,0.100107,41.48127,5.328641,0.1318,-0.0415
2015-07-07,华懋科技,sh603306,34.79,31.52,32.99,31.52,35.02,31.52,24497,0.070004,37.33551,4.796081,0.0933,-0.0445
2015-07-08,华懋科技,sh603306,30.6,28.37,28.37,28.37,31.52,28.37,20944,0.059837,33.60433,4.316777,0.0707,0.0
2015-07-09,华懋科技,sh603306,31.21,26.5,26.5,31.21,28.37,31.21,24694,0.070577,36.968315,4.748911,0.166,0.1777
2015-07-10,华懋科技,sh603306,34.33,32.8,32.8,34.33,31.21,34.33,18894,0.053963,40.663963,5.22365,0.049,0.0466
2015-07-13,华懋科技,sh603306,37.76,35.6,36.6,37.76,34.33,37.76,39178,0.111903,44.726807,5.745559,0.0629,0.0316
2015-07-14,华懋科技,sh603306,40.45,36.51,37.88,38.44,37.76,38.44,50468,0.144237,45.53227,5.849028,0.1043,0.0147
2015-07-15,华懋科技,sh603306,38.1,34.6,37.12,34.6,38.44,34.6,32579,0.093083,40.98378,5.264733,0.091,-0.0678
2015-07-16,华懋科技,sh603306,37.01,31.5,33.0,35.99,34.6,35.99,28957,0.082711,42.630238,5.476236,0.1592,0.0906
2015-07-17,华懋科技,sh603306,39.0,35.8,35.8,38.22,35.99,38.22,20871,0.059618,45.27168,5.815552,0.0889,0.0675
2015-07-20,华懋科技,sh603306,39.59,37.4,38.0,38.32,38.22,38.32,25056,0.071599,45.39013,5.830768,0.0572,0.0084
2015-07-21,华懋科技,sh603306,38.75,37.08,37.6,38.19,38.32,38.19,25355,0.072424,45.23614,5.810988,0.0435,0.0156
2015-07-22,华懋科技,sh603306,39.0,37.68,38.3,38.21,38.19,38.21,23772,0.067938,45.259834,5.814031,0.0345,-0.0023
2015-07-23,华懋科技,sh603306,41.66,38.32,38.32,41.61,38.21,41.61,40139,0.11471,49.28714,6.331375,0.0874,0.0858
2015-07-24,华懋科技,sh603306,42.0,39.0,41.01,39.51,41.61,39.51,40203,0.114853,46.799686,6.011839,0.072,-0.0365
2015-07-27,华懋科技,sh603306,39.26,35.56,38.58,35.56,39.51,35.56,29898,0.085395,42.120903,5.410807,0.0936,-0.0782
2015-07-28,华懋科技,sh603306,37.7,32.05,33.5,34.8,35.56,34.8,29576,0.084492,41.350975,5.311903,0.1588,0.0388
2015-07-29,华懋科技,sh603306,37.4,34.0,35.5,37.4,34.8,37.4,22093,0.063135,44.24116,5.683173,0.0977,0.0535
2015-07-30,华懋科技,sh603306,38.97,36.19,37.05,36.45,37.4,36.45,26272,0.075048,43.17511,5.546229,0.0743,-0.0161
2015-07-31,华懋科技,sh603306,36.88,35.0,35.2,35.5,36.45,35.5,19371,0.055352,42.037987,5.400156,0.0515,0.0085
2015-08-03,华懋科技,sh603306,35.41,32.2,35.15,33.0,35.5,33.0,19430,0.055514,39.088577,5.021278,0.0904,-0.0611
2015-08-04,华懋科技,sh603306,35.7,33.02,33.02,35.68,33.0,35.68,18177,0.051926,42.263042,5.429066,0.0812,0.0805
2015-08-05,华懋科技,sh603306,36.78,34.97,35.4,36.02,35.68,36.02,25282,0.072217,42.66577,5.480801,0.0507,0.0175
2015-08-06,华懋科技,sh603306,36.0,34.7,35.33,35.26,36.02,35.26,13897,0.039709,41.765553,5.365159,0.036,-0.0019
2015-08-07,华懋科技,sh603306,36.73,35.58,35.58,36.66,35.26,36.66,21859,0.062459,43.423855,5.578183,0.0326,0.0303
2015-08-10,华懋科技,sh603306,38.94,36.96,37.1,38.28,36.66,38.28,23827,0.068067,45.342747,5.824682,0.054,0.0318
2015-08-11,华懋科技,sh603306,42.11,38.23,38.5,40.6,38.28,40.6,44004,0.125726,48.090794,6.177693,0.1013,0.0545
2015-08-12,华懋科技,sh603306,40.72,39.2,40.3,39.31,40.6,39.31,29565,0.084462,46.562786,5.981407,0.0374,-0.0245
2015-08-13,华懋科技,sh603306,40.2,38.7,39.05,40.13,39.31,40.13,28919,0.082599,47.534077,6.106178,0.0381,0.0276
2015-08-14,华懋科技,sh603306,40.49,39.6,40.38,39.88,40.13,39.88,20141,0.057537,47.237953,6.068138,0.0221,-0.0123
2015-08-17,华懋科技,sh603306,39.68,38.4,39.68,39.29,39.88,39.29,15427,0.044082,46.539097,5.978363,0.032,-0.0098
2015-08-18,华懋科技,sh603306,40.38,35.38,39.1,35.66,39.29,35.66,25078,0.071657,42.239353,5.426023,0.1272,-0.0879
2015-08-19,华懋科技,sh603306,39.23,34.0,35.59,39.23,35.66,39.23,29398,0.083997,46.468025,5.969234,0.1466,0.1022
2015-08-20,华懋科技,sh603306,40.47,37.51,38.1,39.0,39.23,39.0,34882,0.099663,46.19559,5.934237,0.0754,0.0236
2015-08-21,华懋科技,sh603306,38.88,35.1,37.56,35.1,39.0,35.1,31970,0.09138,41.57603,5.340813,0.0969,-0.0654
2015-08-24,华懋科技,sh603306,33.55,31.59,33.0,31.59,35.1,31.59,25684,0.07336,37.418427,4.806732,0.0558,-0.0427
2015-08-25,华懋科技,sh603306,29.88,28.43,28.44,28.43,31.59,28.43,21036,0.060106,33.6754,4.325907,0.0459,-3.0E-4
2015-08-26,华懋科技,sh603306,30.3,26.71,28.66,27.83,28.43,27.83,23741,0.067835,32.9647,4.234611,0.1262,-0.0289
2015-08-27,华懋科技,sh603306,30.0,27.09,28.6,29.49,27.83,29.49,16632,0.047527,34.930973,4.487196,0.1045,0.0311
2015-08-28,华懋科技,sh603306,31.53,29.6,29.93,31.38,29.49,31.38,24377,0.069668,37.16968,4.774778,0.0654,0.0484
2015-08-31,华懋科技,sh603306,31.48,29.62,31.48,29.63,31.38,29.63,20375,0.058217,35.0968,4.508499,0.0592,-0.0587
2015-09-01,华懋科技,sh603306,29.6,26.82,29.6,26.83,29.63,26.83,17023,0.04864,31.780197,4.082451,0.0938,-0.0935
2015-09-02,华懋科技,sh603306,28.25,25.52,25.8,25.95,26.83,25.95,15868,0.04535,30.737835,3.94855,0.1017,0.0058
2015-09-03,华懋科技,sh603306,25.95,25.95,25.95,25.95,25.95,25.95,0,0.0,0.0,0.0,0.0,0.0
2015-09-04,华懋科技,sh603306,25.95,25.95,25.95,25.95,25.95,25.95,0,0.0,0.0,0.0,0.0,0.0
2015-09-07,华懋科技,sh603306,27.98,26.5,26.61,26.97,25.95,26.97,12320,0.035198,31.946028,4.103753,0.057,0.0135
2015-09-08,华懋科技,sh603306,29.0,26.68,26.73,28.7,26.97,28.7,12578,0.035919,33.995216,4.36699,0.086,0.0736
2015-09-09,华懋科技,sh603306,30.28,28.83,29.02,29.92,28.7,29.92,20457,0.05846,35.440308,4.552625,0.0505,0.031
2015-09-10,华懋科技,sh603306,29.97,28.53,29.01,28.8,29.92,28.8,12123,0.034637,34.113667,4.382206,0.0481,-0.0072
2015-09-11,华懋科技,sh603306,29.68,28.65,28.82,29.27,28.8,29.27,10502,0.030019,34.670383,4.453721,0.0357,0.0156
2015-09-14,华懋科技,sh603306,29.65,26.34,29.45,26.34,29.27,26.34,14488,0.04139,31.19979,4.007892,0.113,-0.1056
2015-09-15,华懋科技,sh603306,26.99,25.61,25.99,25.68,26.34,25.68,11840,0.033821,30.418018,3.907467,0.0523,-0.0119
2015-09-16,华懋科技,sh603306,28.25,25.7,26.58,28.25,25.68,28.25,11388,0.032529,33.46219,4.298518,0.0992,0.0628
2015-09-17,华懋科技,sh603306,28.99,27.2,27.8,27.32,28.25,27.32,17480,0.049953,32.360603,4.157009,0.0633,-0.0172
2015-09-18,华懋科技,sh603306,28.05,27.25,27.45,27.76,27.32,27.76,10001,0.028563,32.881783,4.22396,0.0292,0.0112
2015-09-21,华懋科技,sh603306,29.14,27.5,27.68,29.09,27.76,29.09,15416,0.044052,34.457172,4.426332,0.059,0.0509
2015-09-22,华懋科技,sh603306,29.45,28.54,29.2,28.93,29.09,28.93,18002,0.051411,34.26765,4.401987,0.0312,-0.0092
2015-09-23,华懋科技,sh603306,28.73,27.92,28.2,28.28,28.93,28.28,14779,0.042217,33.497726,4.303083,0.0279,0.0028
2015-09-24,华懋科技,sh603306,29.3,28.14,28.14,28.74,28.28,28.74,10895,0.031125,34.042595,4.373076,0.041,0.0213
2015-09-25,华懋科技,sh603306,29.26,27.49,28.87,27.62,28.74,27.62,13140,0.037531,32.715954,4.202657,0.0615,-0.0432
2015-09-28,华懋科技,sh603306,27.62,27.62,27.62,27.62,27.62,27.62,0,0.022335,34.232117,4.397422,0.0,0.0
2015-09-29,华懋科技,sh603306,28.39,26.99,28.39,27.37,27.62,27.37,23171,0.048154,32.419827,4.164617,0.0506,-0.0359
2015-09-30,华懋科技,sh603306,27.77,27.0,27.48,27.73,27.37,27.73,9879,0.02052,32.84625,4.219395,0.0281,0.009
2015-10-01,华懋科技,sh603306,27.73,27.73,27.73,27.73,27.73,27.73,0,0.0,0.0,0.0,0.0,0.0
2015-10-02,华懋科技,sh603306,27.73,27.73,27.73,27.73,27.73,27.73,0,0.0,0.0,0.0,0.0,0.0
2015-10-05,华懋科技,sh603306,27.73,27.73,27.73,27.73,27.73,27.73,0,0.0,0.0,0.0,0.0,0.0
2015-10-06,华懋科技,sh603306,27.73,27.73,27.73,27.73,27.73,27.73,0,0.0,0.0,0.0,0.0,0.0
2015-10-07,华懋科技,sh603306,27.73,27.73,27.73,27.73,27.73,27.73,0,0.0,0.0,0.0,0.0,0.0
2015-10-08,华懋科技,sh603306,29.29,28.36,28.89,29.03,27.73,29.03,18773,0.039011,34.3861,4.417203,0.0335,0.0048
2015-10-09,华懋科技,sh603306,29.49,28.73,29.05,29.2,29.03,29.2,16668,0.034641,34.587467,4.44307,0.0261,0.0051
2015-10-12,华懋科技,sh603306,31.12,29.36,29.36,30.85,29.2,30.85,25745,0.053484,36.541897,4.694134,0.0602,0.0507
2015-10-13,华懋科技,sh603306,31.15,30.31,30.55,31.1,30.85,31.1,19578,0.040673,36.83802,4.732174,0.0272,0.018
2015-10-14,华懋科技,sh603306,31.28,30.53,31.0,30.63,31.1,30.63,16103,0.033462,36.281303,4.660659,0.0241,-0.0119
2015-10-15,华懋科技,sh603306,32.18,30.46,30.63,32.15,30.63,32.15,19980,0.041523,38.08175,4.891942,0.0561,0.0496
2015-10-16,华懋科技,sh603306,34.0,31.92,32.4,32.67,32.15,32.67,29378,0.061055,38.69769,4.971065,0.0646,0.0083
2015-10-19,华懋科技,sh603306,33.29,31.87,32.95,32.26,32.67,32.26,25730,0.053448,38.212044,4.908679,0.0434,-0.0209
2015-10-20,华懋科技,sh603306,32.75,32.07,32.3,32.7,32.26,32.7,17028,0.035376,38.733227,4.97563,0.021,0.0123
2015-10-21,华懋科技,sh603306,32.95,30.11,32.7,30.76,32.7,30.76,28630,0.059504,36.43529,4.680439,0.0868,-0.0593
2015-10-22,华懋科技,sh603306,32.33,30.68,30.76,31.89,30.76,31.89,20948,0.04352,37.773777,4.85238,0.0536,0.0367
2015-10-23,华懋科技,sh603306,33.45,32.0,32.08,32.95,31.89,32.95,24404,0.050701,39.02935,5.01367,0.0454,0.0271
2015-10-26,华懋科技,sh603306,33.58,32.3,33.52,33.2,32.95,33.2,22512,0.046771,39.325478,5.05171,0.0388,-0.0095
2015-10-27,华懋科技,sh603306,34.18,31.81,33.0,34.05,33.2,34.05,22932,0.047641,40.332302,5.181045,0.0713,0.0318
2015-10-28,华懋科技,sh603306,35.58,33.72,34.56,33.86,34.05,33.86,32676,0.067878,40.107246,5.152135,0.0546,-0.0202
2015-10-29,华懋科技,sh603306,34.81,33.8,34.02,34.34,33.86,34.34,20007,0.041563,40.675808,5.225172,0.0298,0.0094
2015-10-30,华懋科技,sh603306,34.79,33.75,33.99,34.38,34.34,34.38,17164,0.035655,40.72319,5.231258,0.0302,0.0114
2015-11-02,华懋科技,sh603306,35.99,33.33,33.99,35.07,34.38,35.07,30295,0.062941,41.540497,5.336249,0.0773,0.0317
2015-11-03,华懋科技,sh603306,36.85,35.0,35.02,36.57,35.07,36.57,33291,0.0,0.0,0.0,0.0527,0.0442
2015-11-04,华懋科技,sh603306,38.5,36.5,36.7,38.4,36.57,38.4,38558,0.0,0.0,0.0,0.0546,0.0463
2015-11-05,华懋科技,sh603306,39.09,37.15,38.6,37.47,38.4,37.47,35939,0.0,0.0,0.0,0.0505,-0.0292
2015-11-06,华懋科技,sh603306,38.9,37.3,37.3,38.85,37.47,38.85,27747,0.0,0.0,0.0,0.0427,0.0415
2015-11-09,华懋科技,sh603306,40.69,38.01,38.7,39.67,38.85,39.67,41201,0.0,0.0,0.0,0.0689,0.025
2015-11-10,华懋科技,sh603306,40.26,38.7,39.3,39.33,39.67,39.33,30805,0.0,0.0,0.0,0.0393,7.0E-4
2015-11-11,华懋科技,sh603306,42.56,38.88,39.2,41.92,39.33,41.92,41206,0.0,0.0,0.0,0.0935,0.0693
2015-11-12,华懋科技,sh603306,44.5,41.53,42.2,43.98,41.92,43.98,45599,0.0,0.0,0.0,0.0708,0.0421
2015-11-13,华懋科技,sh603306,43.7,40.1,43.2,40.4,43.98,40.4,44367,0.0,0.0,0.0,0.0818,-0.0648
2015-11-16,华懋科技,sh603306,41.35,39.0,39.01,40.8,40.4,40.8,26076,0.0,0.0,0.0,0.0581,0.0458
2015-11-17,华懋科技,sh603306,42.09,40.66,41.09,41.01,40.8,41.01,31201,0.0,0.0,0.0,0.035,-0.0019
2015-11-18,华懋科技,sh603306,41.28,39.02,41.0,39.39,41.01,39.39,20749,0.0,0.0,0.0,0.0551,-0.0392
2015-11-19,华懋科技,sh603306,40.58,39.31,39.6,40.52,39.39,40.52,22433,0.0,0.0,0.0,0.0322,0.0232
2015-11-20,华懋科技,sh603306,41.25,40.33,40.72,41.11,40.52,41.11,24497,0.0,0.0,0.0,0.0227,0.0095
2015-11-23,华懋科技,sh603306,41.45,39.61,41.34,39.91,41.11,39.91,25615,0.0,0.0,0.0,0.0447,-0.0345
2015-11-24,华懋科技,sh603306,43.5,39.76,39.81,43.15,39.91,43.15,40749,0.0,0.0,0.0,0.0937,0.0838
2015-11-25,华懋科技,sh603306,43.95,42.2,43.1,43.78,43.15,43.78,37942,0.0,0.0,0.0,0.0405,0.0157
2015-11-26,华懋科技,sh603306,44.89,43.0,43.9,43.77,43.78,43.77,34022,0.0,0.0,0.0,0.0431,-0.0029
2015-11-27,华懋科技,sh603306,44.68,41.02,43.5,42.57,43.77,42.57,38675,0.0,0.0,0.0,0.0836,-0.0213
2015-11-30,华懋科技,sh603306,45.5,40.08,42.0,45.38,42.57,45.38,50901,0.0,0.0,0.0,0.1273,0.0804
2015-12-01,华懋科技,sh603306,46.0,43.01,45.0,44.43,45.38,44.43,37227,0.0,0.0,0.0,0.0658,-0.0126
2015-12-02,华懋科技,sh603306,44.24,40.51,43.3,43.13,44.43,43.13,31720,0.0,0.0,0.0,0.0839,-0.0039
2015-12-03,华懋科技,sh603306,44.6,43.02,43.5,44.36,43.13,44.36,25347,0.0,0.0,0.0,0.0366,0.0197
2015-12-04,华懋科技,sh603306,45.3,43.61,44.38,44.18,44.36,44.18,25644,0.0,0.0,0.0,0.038,-0.0045
2015-12-07,华懋科技,sh603306,44.76,43.01,44.38,44.01,44.18,44.01,21266,0.0,0.0,0.0,0.0396,-0.0083
2015-12-08,华懋科技,sh603306,43.9,42.82,43.9,43.4,44.01,43.4,19664,0.0,0.0,0.0,0.0245,-0.0113
2015-12-09,华懋科技,sh603306,43.57,42.3,42.99,43.03,43.4,43.03,16771,0.0,0.0,0.0,0.0292,9.0E-4
2015-12-10,华懋科技,sh603306,43.13,42.1,42.62,42.46,43.03,42.46,17489,0.0,0.0,0.0,0.0239,-0.0037
2015-12-11,华懋科技,sh603306,42.69,42.04,42.04,42.54,42.46,42.54,10047,0.0,0.0,0.0,0.0153,0.0118
2015-12-14,华懋科技,sh603306,43.5,41.5,42.01,43.44,42.54,43.44,12496,0.0,0.0,0.0,0.047,0.034
2015-12-15,华懋科技,sh603306,44.38,43.31,43.64,43.91,43.44,43.91,14648,0.0,0.0,0.0,0.0246,0.0061
2015-12-16,华懋科技,sh603306,45.25,43.71,44.4,44.84,43.91,44.84,22766,0.0,0.0,0.0,0.035,0.0099
2015-12-17,华懋科技,sh603306,47.0,45.0,45.01,46.6,44.84,46.6,30953,0.0,0.0,0.0,0.0446,0.0353
2015-12-18,华懋科技,sh603306,46.6,45.18,46.6,45.34,46.6,45.34,23989,0.0,0.0,0.0,0.0304,-0.027
2015-12-21,华懋科技,sh603306,45.58,44.66,45.32,45.12,45.34,45.12,14998,0.0,0.0,0.0,0.0202,-0.0044
2015-12-22,华懋科技,sh603306,45.59,44.7,45.57,45.28,45.12,45.28,13040,0.0,0.0,0.0,0.0197,-0.0063
2015-12-23,华懋科技,sh603306,45.95,44.77,45.22,45.17,45.28,45.17,20051,0.0,0.0,0.0,0.026,-0.0011
2015-12-24,华懋科技,sh603306,45.46,43.89,44.72,45.37,45.17,45.37,21632,0.0,0.0,0.0,0.0347,0.0145
2015-12-25,华懋科技,sh603306,46.3,45.0,45.7,46.0,45.37,46.0,21718,0.0,0.0,0.0,0.0286,0.0065
2015-12-28,华懋科技,sh603306,46.43,43.15,46.06,43.33,46.0,43.33,23043,0.0,0.0,0.0,0.0713,-0.0592
2015-12-29,华懋科技,sh603306,44.2,42.91,43.51,43.7,43.33,43.7,12214,0.0,0.0,0.0,0.0297,0.0043
2015-12-30,华懋科技,sh603306,43.95,42.95,43.67,43.69,43.7,43.69,14222,0.0,0.0,0.0,0.0228,4.0E-4
2015-12-31,华懋科技,sh603306,43.66,41.8,43.32,42.19,43.69,42.19,18550,0.0,0.0,0.0,0.0425,-0.026
2016-01-01,华懋科技,sh603306,43.66,41.8,43.32,42.19,42.19,42.19,18550,0.0,0.0,0.0,0.044,-0.026
2016-01-04,华懋科技,sh603306,42.44,37.97,42.23,37.97,42.19,37.97,16921,0.0,0.0,0.0,0.1059,-0.1008
2016-01-05,华懋科技,sh603306,38.49,35.0,35.47,37.21,37.97,37.21,19797,0.0,0.0,0.0,0.0919,0.049
2016-01-06,华懋科技,sh603306,38.62,36.66,37.0,38.49,37.21,38.49,15622,0.0,0.0,0.0,0.0526,0.0402
2016-01-07,华懋科技,sh603306,37.79,34.65,37.5,34.68,38.49,34.68,4377,0.0,0.0,0.0,0.0815,-0.0752
2016-01-08,华懋科技,sh603306,36.22,33.0,36.01,35.89,34.68,35.89,16720,0.0,0.0,0.0,0.0928,-0.0033
2016-01-11,华懋科技,sh603306,35.72,32.8,34.65,32.97,35.89,32.97,13969,0.0,0.0,0.0,0.0813,-0.0484
2016-01-12,华懋科技,sh603306,33.86,32.06,33.15,33.43,32.97,33.43,13210,0.0,0.0,0.0,0.0545,0.0084
2016-01-13,华懋科技,sh603306,33.93,31.51,33.7,31.92,33.43,31.92,9202,0.0,0.0,0.0,0.0723,-0.0528
2016-01-14,华懋科技,sh603306,32.45,29.0,29.08,31.82,31.92,31.82,21005,0.0,0.0,0.0,0.108,0.0942
2016-01-15,华懋科技,sh603306,31.4,29.29,31.4,29.4,31.82,29.4,16988,0.0,0.0,0.0,0.0663,-0.0636
2016-01-18,华懋科技,sh603306,30.35,28.01,28.3,29.85,29.4,29.85,15423,0.0,0.0,0.0,0.0795,0.0547
2016-01-19,华懋科技,sh603306,31.9,29.3,29.6,31.61,29.85,31.61,16860,0.0,0.0,0.0,0.0871,0.0679
2016-01-20,华懋科技,sh603306,33.19,31.0,31.3,32.41,31.61,32.41,29017,0.0,0.0,0.0,0.0692,0.0354
2016-01-21,华懋科技,sh603306,33.32,31.25,32.0,31.38,32.41,31.38,21190,0.0,0.0,0.0,0.0638,-0.0193
2016-01-22,华懋科技,sh603306,32.5,30.86,31.79,32.18,31.38,32.18,10519,0.0,0.0,0.0,0.0522,0.0122
2016-01-25,华懋科技,sh603306,33.0,32.0,32.58,32.59,32.18,32.59,11635,0.0,0.0,0.0,0.031,3.0E-4
2016-01-26,华懋科技,sh603306,32.57,29.5,32.49,29.76,32.59,29.76,12934,0.0,0.0,0.0,0.0942,-0.084
2016-01-27,华懋科技,sh603306,30.98,28.01,29.8,30.48,29.76,30.48,11866,0.0,0.0,0.0,0.0997,0.0228
2016-01-28,华懋科技,sh603306,30.98,29.3,30.05,29.53,30.48,29.53,9565,0.0,0.0,0.0,0.0551,-0.0173
2016-01-29,华懋科技,sh603306,31.95,29.51,29.51,31.23,29.53,31.23,12849,0.0,0.0,0.0,0.0826,0.0582
2016-02-01,华懋科技,sh603306,31.87,30.7,31.54,31.38,31.23,31.38,10946,0.0,0.0,0.0,0.0374,-0.005
2016-02-02,华懋科技,sh603306,32.92,31.1,31.18,32.66,31.38,32.66,11071,0.0,0.0,0.0,0.0579,0.0474
2016-02-03,华懋科技,sh603306,33.33,31.91,32.48,33.04,32.66,33.04,9358,0.0,0.0,0.0,0.0434,0.0172
2016-02-04,华懋科技,sh603306,33.7,32.73,33.14,33.41,33.04,33.41,10275,0.0,0.0,0.0,0.0293,0.0081
2016-02-05,华懋科技,sh603306,33.68,32.71,33.41,32.75,33.41,32.75,8681,0.0,0.0,0.0,0.029,-0.0197
2016-02-08,华懋科技,sh603306,33.68,32.71,33.41,32.75,32.75,32.75,8681,0.0,0.0,0.0,0.0296,-0.0197
2016-02-09,华懋科技,sh603306,33.68,32.71,33.41,32.75,32.75,32.75,8681,0.0,0.0,0.0,0.0296,-0.0197
2016-02-10,华懋科技,sh603306,33.68,32.71,33.41,32.75,32.75,32.75,8681,0.0,0.0,0.0,0.0296,-0.0197
2016-02-11,华懋科技,sh603306,33.68,32.71,33.41,32.75,32.75,32.75,8681,0.0,0.0,0.0,0.0296,-0.0197
2016-02-12,华懋科技,sh603306,33.68,32.71,33.41,32.75,32.75,32.75,8681,0.0,0.0,0.0,0.0296,-0.0197
2016-02-15,华懋科技,sh603306,32.7,31.02,31.4,32.29,32.75,32.29,6260,0.0,0.0,0.0,0.0512,0.0283
2016-02-16,华懋科技,sh603306,33.7,32.5,32.5,33.64,32.29,33.64,9839,0.0,0.0,0.0,0.0371,0.035
2016-02-17,华懋科技,sh603306,34.69,33.15,33.64,34.63,33.64,34.63,12564,0.0,0.0,0.0,0.0457,0.0294
2016-02-18,华懋科技,sh603306,35.98,33.85,34.5,35.78,34.63,35.78,46975,0.0,0.0,0.0,0.0615,0.0371
2016-02-19,华懋科技,sh603306,35.26,34.24,35.18,34.83,35.78,34.83,33652,0.0,0.0,0.0,0.0285,-0.0099
2016-02-22,华懋科技,sh603306,35.5,34.7,34.91,35.14,34.83,35.14,25421,0.0,0.0,0.0,0.0229,0.0065
2016-02-23,华懋科技,sh603306,35.3,33.98,35.3,34.53,35.14,34.53,17597,0.0,0.0,0.0,0.0375,-0.0218
2016-02-24,华懋科技,sh603306,34.63,33.0,34.5,33.93,34.53,33.93,17496,0.0,0.0,0.0,0.0472,-0.0165
2016-02-25,华懋科技,sh603306,33.7,30.54,33.7,30.54,33.93,30.54,19741,0.0,0.0,0.0,0.0931,-0.0937
2016-02-26,华懋科技,sh603306,31.24,30.21,30.72,30.73,30.54,30.73,10665,0.0,0.0,0.0,0.0337,3.0E-4
2016-02-29,华懋科技,sh603306,30.73,27.85,30.73,28.11,30.73,28.11,22771,0.0,0.0,0.0,0.0937,-0.0852
2016-03-01,华懋科技,sh603306,29.5,27.88,28.19,28.99,28.11,28.99,12397,0.0,0.0,0.0,0.0576,0.0283
2016-03-02,华懋科技,sh603306,30.51,28.76,29.0,30.4,28.99,30.4,13604,0.0,0.0,0.0,0.0603,0.0482
2016-03-03,华懋科技,sh603306,30.88,30.15,30.39,30.31,30.4,30.31,12230,0.0,0.0,0.0,0.024,-0.0026
2016-03-04,华懋科技,sh603306,30.39,28.2,30.05,28.63,30.31,28.63,13998,0.0,0.0,0.0,0.0722,-0.0472
2016-03-07,华懋科技,sh603306,29.87,28.99,28.99,29.46,28.63,29.46,8330,0.0,0.0,0.0,0.0307,0.0162
2016-03-08,华懋科技,sh603306,30.28,28.32,29.36,29.99,29.46,29.99,13207,0.0,0.0,0.0,0.0665,0.0214
2016-03-09,华懋科技,sh603306,29.89,29.0,29.65,29.27,29.99,29.27,7413,0.0,0.0,0.0,0.0296,-0.0128
2016-03-10,华懋科技,sh603306,29.68,28.99,29.35,29.0,29.27,29.0,5860,0.0,0.0,0.0,0.0235,-0.0119
2016-03-11,华懋科技,sh603306,29.48,28.51,28.64,29.23,29.0,29.23,4435,0.0,0.0,0.0,0.0334,0.0206
2016-03-14,华懋科技,sh603306,30.88,29.42,29.66,30.62,29.23,30.62,11944,0.0,0.0,0.0,0.0499,0.0323
2016-03-15,华懋科技,sh603306,30.88,30.18,30.59,30.69,30.62,30.69,10040,0.0,0.0,0.0,0.0228,0.0032
2016-03-16,华懋科技,sh603306,30.99,30.0,30.85,30.26,30.69,30.26,8545,0.0,0.0,0.0,0.0322,-0.0191
2016-03-17,华懋科技,sh603306,31.36,30.33,30.5,31.3,30.26,31.3,13465,0.0,0.0,0.0,0.034,0.0262
2016-03-18,华懋科技,sh603306,32.53,31.3,31.58,32.41,31.3,32.41,15534,0.0,0.0,0.0,0.0392,0.0262
2016-03-21,华懋科技,sh603306,33.33,32.16,33.06,33.16,32.41,33.16,14941,0.0,0.0,0.0,0.036,0.003
2016-03-22,华懋科技,sh603306,33.25,32.52,32.97,33.2,33.16,33.2,9610,0.0,0.0,0.0,0.022,0.0069
2016-03-23,华懋科技,sh603306,33.59,32.72,32.97,33.54,33.2,33.54,12654,0.0,0.0,0.0,0.0262,0.0172
2016-03-24,华懋科技,sh603306,34.88,33.0,33.2,33.66,33.54,33.66,27159,0.0,0.0,0.0,0.056,0.0138
2016-03-25,华懋科技,sh603306,0.0,0.0,0.0,33.66,33.66,33.66,0,0.0,0.0,0.0,0.0,0.0
