2016-03-25
2014-08-11,禾丰牧业,sh603609,9.32,9.32,9.32,9.32,8.47,9.319999,110650,0.001383,0.0,0.0,0.0,0.0
2014-08-12,禾丰牧业,sh603609,10.25,10.25,10.25,10.25,9.32,10.249994,177937,0.002224,0.0,0.0,0.0,0.0
2014-08-13,禾丰牧业,sh603609,11.28,11.28,11.28,11.28,10.25,11.279996,948658,0.011858,0.0,0.0,0.0,0.0
2014-08-14,禾丰牧业,sh603609,12.41,12.41,12.41,12.41,11.28,12.409992,11200310,0.140004,0.0,0.0,0.0,0.0
2014-08-15,禾丰牧业,sh603609,13.33,11.7,13.33,11.87,12.41,11.869996,44299529,0.553744,0.0,0.0,0.1313,-0.1095
2014-08-18,禾丰牧业,sh603609,12.13,11.48,11.6,12.1,11.87,12.100001,27090032,0.338625,0.0,0.0,0.0547,0.0431
2014-08-19,禾丰牧业,sh603609,13.31,11.88,12.0,13.31,12.1,13.310001,40389211,0.504865,0.0,0.0,0.1181,0.1091
2014-08-20,禾丰牧业,sh603609,14.64,13.61,13.66,14.64,13.31,14.640003,41063817,0.513298,0.0,0.0,0.0773,0.0717
2014-08-21,禾丰牧业,sh603609,16.1,14.97,15.0,16.1,14.64,16.100006,49077615,0.61347,0.0,0.0,0.0771,0.0733
2014-08-22,禾丰牧业,sh603609,15.57,14.49,15.55,14.87,16.1,14.869998,35097666,0.438721,0.0,0.0,0.067,-0.0437
2014-08-25,禾丰牧业,sh603609,16.0,13.89,14.5,15.33,14.87,15.330002,32285387,0.403567,0.0,0.0,0.1418,0.0572
2014-08-26,禾丰牧业,sh603609,14.87,14.3,14.5,14.39,15.33,14.389997,18186733,0.227334,0.0,0.0,0.0371,-0.0075
2014-08-27,禾丰牧业,sh603609,14.64,14.03,14.45,14.08,14.39,14.079993,11447285,0.143091,0.0,0.0,0.0423,-0.0256
2014-08-28,禾丰牧业,sh603609,14.0,13.37,14.0,13.47,14.08,13.469992,11335745,0.141697,0.0,0.0,0.0447,-0.0378
2014-08-29,禾丰牧业,sh603609,14.5,13.48,13.49,14.14,13.47,14.139989,12893579,0.16117,0.0,0.0,0.0757,0.0481
2014-09-01,禾丰牧业,sh603609,14.29,13.8,14.21,14.18,14.14,14.179991,8504687,0.106309,0.0,0.0,0.0346,-0.0021
2014-09-02,禾丰牧业,sh603609,14.52,14.07,14.2,14.33,14.18,14.329987,11343359,0.141792,0.0,0.0,0.0317,0.0091
2014-09-03,禾丰牧业,sh603609,14.81,14.33,14.33,14.44,14.33,14.439983,11692612,0.146158,0.0,0.0,0.0334,0.0076
2014-09-04,禾丰牧业,sh603609,14.58,13.92,14.1,14.41,14.44,14.409977,12780374,0.159755,0.0,0.0,0.0457,0.0219
2014-09-05,禾丰牧业,sh603609,14.6,14.27,14.42,14.52,14.41,14.519983,11123674,0.139046,0.0,0.0,0.0229,0.0069
2014-09-09,禾丰牧业,sh603609,14.66,14.14,14.55,14.31,14.52,14.30998,8873181,0.110915,0.0,0.0,0.0358,-0.0164
2014-09-10,禾丰牧业,sh603609,14.52,14.1,14.26,14.37,14.31,14.369982,8567779,0.107097,0.0,0.0,0.0293,0.0077
2014-09-11,禾丰牧业,sh603609,14.45,14.13,14.4,14.29,14.37,14.289985,7758196,0.096977,0.0,0.0,0.0222,-0.0076
2014-09-12,禾丰牧业,sh603609,14.35,14.15,14.3,14.3,14.29,14.299988,5249536,0.065619,0.0,0.0,0.0139,0.0
2014-09-15,禾丰牧业,sh603609,14.32,14.16,14.32,14.22,14.3,14.219994,4440101,0.055501,0.0,0.0,0.0111,-0.0069
2014-09-16,禾丰牧业,sh603609,14.24,13.51,14.22,13.53,14.22,13.529997,9498391,0.11873,0.0,0.0,0.0513,-0.0485
2014-09-17,禾丰牧业,sh603609,13.68,13.33,13.52,13.65,13.53,13.649994,3564662,0.044558,0.0,0.0,0.0258,0.0096
2014-09-18,禾丰牧业,sh603609,13.63,13.49,13.55,13.54,13.65,13.5399885,3025755,0.037822,0.0,0.0,0.0102,-7.0E-4
2014-09-19,禾丰牧业,sh603609,14.09,13.55,13.57,13.79,13.54,13.789991,4624234,0.057803,0.0,0.0,0.0398,0.0162
2014-09-22,禾丰牧业,sh603609,14.15,13.41,13.72,13.87,13.79,13.869987,6971264,0.087141,0.0,0.0,0.0536,0.0109
2014-09-23,禾丰牧业,sh603609,13.98,13.6,13.61,13.91,13.87,13.909988,5061864,0.063273,0.0,0.0,0.0273,0.022
2014-09-24,禾丰牧业,sh603609,13.95,13.69,13.7,13.85,13.91,13.849995,3821516,0.047769,0.0,0.0,0.0186,0.0109
2014-09-25,禾丰牧业,sh603609,13.95,13.65,13.88,13.71,13.85,13.709998,4042047,0.050526,0.0,0.0,0.0216,-0.0122
2014-09-26,禾丰牧业,sh603609,13.69,13.5,13.69,13.6,13.71,13.600003,3406559,0.042582,0.0,0.0,0.0138,-0.0065
2014-09-29,禾丰牧业,sh603609,13.82,13.63,13.63,13.69,13.6,13.690008,3133934,0.039174,0.0,0.0,0.0139,0.0044
2014-09-30,禾丰牧业,sh603609,13.8,13.65,13.72,13.7,13.69,13.700002,2715697,0.033946,0.0,0.0,0.0109,-0.0014
2014-10-08,禾丰牧业,sh603609,13.85,13.61,13.71,13.81,13.7,13.809999,3117655,0.038971,0.0,0.0,0.0175,0.0072
2014-10-09,禾丰牧业,sh603609,13.85,13.66,13.82,13.78,13.81,13.780004,3498142,0.043727,0.0,0.0,0.0137,-0.0028
2014-10-10,禾丰牧业,sh603609,13.88,13.7,13.75,13.79,13.78,13.790008,3895821,0.048698,0.0,0.0,0.013,0.0029
2014-10-13,禾丰牧业,sh603609,13.71,13.5,13.71,13.61,13.79,13.610007,3316078,0.041451,0.0,0.0,0.0152,-0.0072
2014-10-14,禾丰牧业,sh603609,13.68,13.48,13.58,13.53,13.61,13.530007,2377118,0.029714,0.0,0.0,0.0146,-0.0036
2014-10-15,禾丰牧业,sh603609,13.59,13.42,13.55,13.49,13.53,13.490013,2292599,0.028657,0.0,0.0,0.0125,-0.0044
2014-10-16,禾丰牧业,sh603609,13.61,13.35,13.48,13.42,13.49,13.420013,2542900,0.031786,0.0,0.0,0.0192,-0.0044
2014-10-17,禾丰牧业,sh603609,13.42,12.82,13.35,13.17,13.42,13.1700115,4450753,0.055634,0.0,0.0,0.0447,-0.0134
2014-10-20,禾丰牧业,sh603609,13.33,13.13,13.17,13.29,13.17,13.290017,2286344,0.028579,0.0,0.0,0.0151,0.0091
2014-10-21,禾丰牧业,sh603609,13.53,13.17,13.29,13.46,13.29,13.460023,4360892,0.054511,0.0,0.0,0.027,0.0127
2014-10-22,禾丰牧业,sh603609,14.4,13.37,13.47,14.39,13.46,14.39003,21091184,0.26364,0.0,0.0,0.0765,0.0682
2014-10-23,禾丰牧业,sh603609,14.38,13.66,14.25,13.72,14.39,13.72003,9964106,0.124551,0.0,0.0,0.05,-0.0371
2014-10-24,禾丰牧业,sh603609,13.5,13.0,13.5,13.03,13.72,13.030022,8385196,0.104815,0.0,0.0,0.0364,-0.0348
2014-10-27,禾丰牧业,sh603609,12.88,12.18,12.8,12.36,13.03,12.360018,6271803,0.078398,0.0,0.0,0.0537,-0.0343
2014-10-28,禾丰牧业,sh603609,12.74,12.47,12.48,12.71,12.36,12.710017,4098840,0.051236,0.0,0.0,0.0218,0.0184
2014-10-29,禾丰牧业,sh603609,13.27,12.69,12.7,13.23,12.71,13.230021,6807918,0.085099,0.0,0.0,0.0456,0.0417
2014-10-30,禾丰牧业,sh603609,13.22,13.0,13.22,13.05,13.23,13.050027,4520491,0.056506,0.0,0.0,0.0166,-0.0128
2014-10-31,禾丰牧业,sh603609,13.43,13.05,13.3,13.19,13.05,13.190028,6153577,0.07692,0.0,0.0,0.0291,-0.0082
2014-11-03,禾丰牧业,sh603609,13.62,13.21,13.21,13.59,13.19,13.590029,7092194,0.088652,0.0,0.0,0.031,0.0287
2014-11-04,禾丰牧业,sh603609,13.57,13.19,13.57,13.21,13.59,13.210025,4703121,0.058789,0.0,0.0,0.0279,-0.0265
2014-11-05,禾丰牧业,sh603609,13.85,13.13,13.18,13.68,13.21,13.680024,8767199,0.10959,0.0,0.0,0.0545,0.0379
2014-11-06,禾丰牧业,sh603609,14.18,13.52,13.57,14.15,13.68,14.150028,14083651,0.176046,0.0,0.0,0.0482,0.0427
2014-11-07,禾丰牧业,sh603609,15.48,14.02,14.15,14.66,14.15,14.660024,25426278,0.317828,0.0,0.0,0.1031,0.036
2014-11-10,禾丰牧业,sh603609,15.08,14.32,14.56,14.87,14.66,14.8700285,16500383,0.206255,0.0,0.0,0.0518,0.0212
2014-11-11,禾丰牧业,sh603609,14.88,13.71,14.88,13.98,14.87,13.980027,12257821,0.153223,0.0,0.0,0.0786,-0.0604
2014-11-12,禾丰牧业,sh603609,15.38,13.84,13.92,15.38,13.98,15.38003,11024600,0.137807,0.0,0.0,0.1101,0.1048
2014-11-13,禾丰牧业,sh603609,16.92,16.13,16.36,16.92,15.38,16.920033,11689308,0.146116,0.0,0.0,0.0513,0.0342
2014-11-14,禾丰牧业,sh603609,18.25,15.6,17.5,15.82,16.92,15.820026,40854192,0.510677,0.0,0.0,0.1566,-0.0959
2014-11-17,禾丰牧业,sh603609,16.55,14.88,15.12,15.36,15.82,15.360028,21388525,0.267357,0.0,0.0,0.1055,0.0158
2014-11-18,禾丰牧业,sh603609,16.9,15.11,15.2,16.9,15.36,16.900024,23577414,0.294718,0.0,0.0,0.1165,0.1118
2014-11-19,禾丰牧业,sh603609,17.87,16.57,17.0,17.59,16.9,17.59002,36603564,0.457545,0.0,0.0,0.0769,0.0347
2014-11-20,禾丰牧业,sh603609,17.44,16.6,16.9,17.22,17.59,17.220013,21964274,0.274553,0.0,0.0,0.0477,0.0189
2014-11-21,禾丰牧业,sh603609,18.65,17.21,17.29,17.36,17.22,17.360012,29599463,0.369993,0.0,0.0,0.0836,0.004
2014-11-24,禾丰牧业,sh603609,17.95,16.77,16.82,17.54,17.36,17.540016,23610969,0.295137,0.0,0.0,0.0679,0.0428
2014-11-25,禾丰牧业,sh603609,17.45,16.84,17.18,17.15,17.54,17.150015,18954410,0.23693,0.0,0.0,0.0347,-0.0017
2014-11-26,禾丰牧业,sh603609,17.22,16.6,17.02,16.76,17.15,16.760006,14113151,0.176414,0.0,0.0,0.0361,-0.0152
2014-11-27,禾丰牧业,sh603609,17.17,16.46,16.89,16.52,16.76,16.520002,13508548,0.168857,0.0,0.0,0.0423,-0.0219
2014-11-28,禾丰牧业,sh603609,16.75,16.1,16.52,16.55,16.52,16.550003,11514369,0.14393,0.0,0.0,0.0393,0.0018
2014-12-01,禾丰牧业,sh603609,17.3,16.2,16.56,17.28,16.55,17.280008,16390040,0.204875,0.0,0.0,0.0664,0.0434
2014-12-02,禾丰牧业,sh603609,17.85,17.09,17.3,17.23,17.28,17.23,19565140,0.244564,0.0,0.0,0.0439,-0.004
2014-12-03,禾丰牧业,sh603609,17.37,16.51,17.0,16.88,17.23,16.880007,13003215,0.16254,0.0,0.0,0.0499,-0.007
2014-12-04,禾丰牧业,sh603609,16.95,16.61,16.8,16.81,16.88,16.810005,8510878,0.106386,0.0,0.0,0.0201,5.0E-4
2014-12-05,禾丰牧业,sh603609,16.82,15.3,16.81,15.64,16.81,15.640012,13271771,0.165897,0.0,0.0,0.0904,-0.0696
2014-12-08,禾丰牧业,sh603609,16.04,15.32,15.65,15.7,15.64,15.7000065,7962781,0.099535,0.0,0.0,0.046,0.0031
2014-12-09,禾丰牧业,sh603609,15.58,14.52,15.58,14.58,15.7,14.58,10878056,0.135976,0.0,0.0,0.0675,-0.0641
2014-12-10,禾丰牧业,sh603609,15.23,14.38,14.5,15.13,14.58,15.130001,6187388,0.077342,0.0,0.0,0.0582,0.0434
2014-12-11,禾丰牧业,sh603609,15.64,14.81,15.0,15.59,15.13,15.589998,6886104,0.086076,0.0,0.0,0.0548,0.0393
2014-12-12,禾丰牧业,sh603609,15.86,15.35,15.55,15.51,15.59,15.510006,5276165,0.065952,0.0,0.0,0.0327,-0.0025
2014-12-15,禾丰牧业,sh603609,15.46,15.2,15.21,15.45,15.51,15.450013,4271556,0.053394,0.0,0.0,0.0167,0.0157
2014-12-16,禾丰牧业,sh603609,15.43,14.93,15.4,15.15,15.45,15.150021,5066609,0.063333,0.0,0.0,0.0323,-0.0162
2014-12-17,禾丰牧业,sh603609,15.11,14.72,15.04,14.8,15.15,14.800025,4262982,0.053287,0.0,0.0,0.0257,-0.0159
2014-12-18,禾丰牧业,sh603609,16.28,14.88,14.88,16.28,14.8,16.280027,12629574,0.15787,0.0,0.0,0.0945,0.094
2014-12-19,禾丰牧业,sh603609,16.5,15.17,16.5,15.77,16.28,15.770022,14110094,0.176376,0.0,0.0,0.0816,-0.0442
2014-12-22,禾丰牧业,sh603609,16.27,14.3,15.4,15.78,15.77,15.780021,11458624,0.143233,0.0,0.0,0.1249,0.0246
2014-12-23,禾丰牧业,sh603609,15.84,14.98,15.11,15.06,15.78,15.060026,5769092,0.072114,0.0,0.0,0.0544,-0.0033
2014-12-24,禾丰牧业,sh603609,15.52,14.96,15.09,15.23,15.06,15.230023,4419799,0.055247,0.0,0.0,0.0371,0.0092
2014-12-25,禾丰牧业,sh603609,15.37,14.93,15.1,15.14,15.23,15.140029,4708616,0.058858,0.0,0.0,0.0288,0.0026
2014-12-26,禾丰牧业,sh603609,15.23,14.97,15.15,15.06,15.14,15.060029,3433736,0.042922,0.0,0.0,0.0171,-0.0059
2014-12-29,禾丰牧业,sh603609,14.94,14.49,14.91,14.51,15.06,14.510022,4808300,0.060104,0.0,0.0,0.0298,-0.0268
2014-12-30,禾丰牧业,sh603609,14.74,14.09,14.52,14.28,14.51,14.280024,4110903,0.051386,0.0,0.0,0.0447,-0.0165
2014-12-31,禾丰牧业,sh603609,14.38,14.05,14.29,14.35,14.28,14.350024,2343228,0.02929,0.0,0.0,0.0231,0.0041
2015-01-01,禾丰牧业,sh603609,21.53,21.53,21.53,21.53,14.35,14.32,0,0.0,0.0,0.0,0.0,0.0
2015-01-02,禾丰牧业,sh603609,21.53,21.53,21.53,21.53,21.53,14.32,0,0.0,0.0,0.0,0.0,0.0
2015-01-05,禾丰牧业,sh603609,21.6,21.15,21.42,21.55,21.53,14.34,26583,0.03323,0.0,0.0,0.0209,0.006
2015-01-06,禾丰牧业,sh603609,22.32,21.32,21.45,22.07,21.55,14.68,43538,0.054424,0.0,0.0,0.0464,0.0289
2015-01-07,禾丰牧业,sh603609,22.05,21.55,22.05,21.69,22.07,14.43,29387,0.036734,0.0,0.0,0.0226,-0.0163
2015-01-08,禾丰牧业,sh603609,23.7,21.78,21.78,22.89,21.69,15.23,144459,0.180574,0.0,0.0,0.0885,0.0509
2015-01-09,禾丰牧业,sh603609,23.53,22.24,22.48,22.36,22.89,14.88,73778,0.092223,0.0,0.0,0.0563,-0.0053
2015-01-12,禾丰牧业,sh603609,22.17,21.24,22.17,21.32,22.36,14.18,47145,0.058932,0.0,0.0,0.0415,-0.0383
2015-01-13,禾丰牧业,sh603609,21.83,21.28,21.33,21.69,21.32,14.43,23825,0.029782,0.0,0.0,0.0257,0.0168
2015-01-14,禾丰牧业,sh603609,21.63,21.33,21.53,21.47,21.69,14.28,18921,0.023652,0.0,0.0,0.0138,-0.0027
2015-01-15,禾丰牧业,sh603609,21.77,21.39,21.39,21.63,21.47,14.39,20645,0.025806,0.0,0.0,0.0176,0.0112
2015-01-16,禾丰牧业,sh603609,22.71,21.61,21.73,22.26,21.63,14.81,54250,0.067813,0.0,0.0,0.0508,0.0243
2015-01-19,禾丰牧业,sh603609,22.7,21.45,21.61,21.79,22.26,14.5,57011,0.071264,0.0,0.0,0.0561,0.0083
2015-01-20,禾丰牧业,sh603609,22.74,21.84,21.84,22.72,21.79,15.12,68652,0.085816,0.0,0.0,0.0413,0.0402
2015-01-21,禾丰牧业,sh603609,23.51,22.58,22.76,23.37,22.72,15.55,104167,0.13021,0.0,0.0,0.0409,0.0268
2015-01-22,禾丰牧业,sh603609,23.59,23.05,23.25,23.4,23.37,15.57,65149,0.081437,0.0,0.0,0.0231,0.0064
2015-01-23,禾丰牧业,sh603609,23.46,22.64,23.39,22.65,23.4,15.07,66246,0.082808,0.0,0.0,0.035,-0.0316
2015-01-26,禾丰牧业,sh603609,22.91,22.59,22.6,22.86,22.65,15.21,30420,0.038026,0.0,0.0,0.0141,0.0115
2015-01-27,禾丰牧业,sh603609,23.11,22.65,22.84,23.09,22.86,15.36,48128,0.060161,0.0,0.0,0.0201,0.0109
2015-01-28,禾丰牧业,sh603609,23.34,22.83,23.07,22.91,23.09,15.24,41412,0.051765,0.0,0.0,0.022,-0.0069
2015-01-29,禾丰牧业,sh603609,22.5,22.03,22.03,22.3,22.91,14.84,36108,0.045136,0.0,0.0,0.0205,0.0122
2015-01-30,禾丰牧业,sh603609,22.76,22.11,22.42,22.32,22.3,14.85,25012,0.031265,0.0,0.0,0.0291,-0.0044
2015-02-02,禾丰牧业,sh603609,23.33,22.5,22.6,22.64,22.32,15.06,58690,0.073363,0.0,0.0,0.0371,0.0017
2015-02-03,禾丰牧业,sh603609,22.5,21.96,22.5,22.38,22.64,14.89,40875,0.051094,0.0,0.0,0.0238,-0.0053
2015-02-04,禾丰牧业,sh603609,22.36,22.02,22.3,22.05,22.38,14.67,25811,0.032265,0.0,0.0,0.0151,-0.0112
2015-02-05,禾丰牧业,sh603609,22.47,21.78,22.36,21.79,22.05,14.5,25207,0.031509,0.0,0.0,0.0312,-0.0254
2015-02-06,禾丰牧业,sh603609,21.78,21.15,21.77,21.22,21.79,14.12,30142,0.037678,0.0,0.0,0.0289,-0.0252
2015-02-09,禾丰牧业,sh603609,21.39,21.08,21.09,21.28,21.22,14.16,12975,0.01622,0.0,0.0,0.0146,0.009
2015-02-10,禾丰牧业,sh603609,21.41,21.18,21.32,21.28,21.28,14.16,13441,0.016802,0.0,0.0,0.0108,-0.0018
2015-02-11,禾丰牧业,sh603609,21.57,21.28,21.36,21.45,21.28,14.27,12521,0.015651,0.0,0.0,0.0136,0.0042
2015-02-12,禾丰牧业,sh603609,21.75,21.39,21.57,21.71,21.45,14.44,14489,0.018112,0.0,0.0,0.0167,0.0064
2015-02-13,禾丰牧业,sh603609,21.97,21.65,21.83,21.85,21.71,14.54,22140,0.027676,0.0,0.0,0.0147,9.0E-4
2015-02-16,禾丰牧业,sh603609,22.12,21.87,21.95,22.03,21.85,14.66,22144,0.02768,0.0,0.0,0.0114,0.0036
2015-02-17,禾丰牧业,sh603609,22.12,21.93,22.05,22.03,22.03,14.66,17967,0.022459,0.0,0.0,0.0086,-9.0E-4
2015-02-18,禾丰牧业,sh603609,22.03,22.03,22.03,22.03,22.03,14.66,0,0.0,0.0,0.0,0.0,0.0
2015-02-19,禾丰牧业,sh603609,22.03,22.03,22.03,22.03,22.03,14.66,0,0.0,0.0,0.0,0.0,0.0
2015-02-20,禾丰牧业,sh603609,22.03,22.03,22.03,22.03,22.03,14.66,0,0.0,0.0,0.0,0.0,0.0
2015-02-23,禾丰牧业,sh603609,22.03,22.03,22.03,22.03,22.03,14.66,0,0.0,0.0,0.0,0.0,0.0
2015-02-24,禾丰牧业,sh603609,22.03,22.03,22.03,22.03,22.03,14.66,0,0.0,0.0,0.0,0.0,0.0
2015-02-25,禾丰牧业,sh603609,22.03,21.84,21.91,21.87,22.03,14.55,16025,0.020032,0.0,0.0,0.0086,-0.0018
2015-02-26,禾丰牧业,sh603609,22.38,21.9,21.9,22.36,21.87,14.88,28396,0.035495,0.0,0.0,0.0219,0.021
2015-02-27,禾丰牧业,sh603609,23.03,22.2,22.2,22.84,22.36,15.2,63508,0.079386,0.0,0.0,0.0371,0.0288
2015-03-02,禾丰牧业,sh603609,23.05,22.59,23.05,22.89,22.84,15.23,45874,0.057343,0.0,0.0,0.0201,-0.0069
2015-03-03,禾丰牧业,sh603609,22.83,22.62,22.77,22.64,22.89,15.06,43632,0.054541,0.0,0.0,0.0091,-0.0057
2015-03-04,禾丰牧业,sh603609,23.7,22.58,22.6,23.57,22.64,15.68,121519,0.151899,0.0,0.0,0.0494,0.0429
2015-03-05,禾丰牧业,sh603609,23.53,22.95,23.43,23.05,23.57,15.34,61395,0.076744,0.0,0.0,0.0246,-0.0162
2015-03-06,禾丰牧业,sh603609,23.58,22.74,23.17,22.8,23.05,15.17,44757,0.055946,0.0,0.0,0.0364,-0.0159
2015-03-09,禾丰牧业,sh603609,22.89,22.52,22.88,22.88,22.8,15.22,26096,0.032621,0.0,0.0,0.0162,0.0
2015-03-10,禾丰牧业,sh603609,23.04,22.72,22.88,22.92,22.88,15.25,35611,0.044515,0.0,0.0,0.0139,0.0017
2015-03-11,禾丰牧业,sh603609,23.03,22.53,22.92,22.58,22.92,15.02,35038,0.043798,0.0,0.0,0.0218,-0.0148
2015-03-12,禾丰牧业,sh603609,22.76,22.32,22.65,22.38,22.58,14.89,36807,0.04601,0.0,0.0,0.0194,-0.0119
2015-03-13,禾丰牧业,sh603609,23.22,22.66,22.68,22.89,22.38,15.23,46511,0.058139,0.0,0.0,0.025,0.0092
2015-03-16,禾丰牧业,sh603609,23.31,22.88,22.89,23.29,22.89,15.5,70931,0.088664,0.0,0.0,0.0187,0.0174
2015-03-17,禾丰牧业,sh603609,23.79,23.15,23.37,23.67,23.29,15.75,98544,0.123181,0.0,0.0,0.0274,0.0128
2015-03-18,禾丰牧业,sh603609,24.21,23.43,23.66,24.19,23.67,16.1,109073,0.136341,0.0,0.0,0.0329,0.0224
2015-03-19,禾丰牧业,sh603609,24.38,23.74,24.22,24.02,24.19,15.98,87548,0.109436,0.0,0.0,0.0264,-0.0082
2015-03-20,禾丰牧业,sh603609,24.26,23.82,24.18,24.06,24.02,16.01,68160,0.0852,0.0,0.0,0.0183,-0.0049
2015-03-23,禾丰牧业,sh603609,24.58,24.06,24.06,24.44,24.06,16.26,91212,0.114015,0.0,0.0,0.0216,0.0157
2015-03-24,禾丰牧业,sh603609,24.57,23.45,24.57,23.91,24.44,15.91,86415,0.108019,0.0,0.0,0.0458,-0.0268
2015-03-25,禾丰牧业,sh603609,25.19,23.62,23.88,24.84,23.91,16.53,119173,0.148967,0.0,0.0,0.0656,0.0402
2015-03-26,禾丰牧业,sh603609,25.11,24.38,24.7,24.44,24.84,16.26,83961,0.104952,0.0,0.0,0.0293,-0.0105
2015-03-27,禾丰牧业,sh603609,24.69,24.38,24.44,24.44,24.44,16.26,48192,0.060241,0.0,0.0,0.0126,0.0
2015-03-30,禾丰牧业,sh603609,24.68,24.34,24.54,24.63,24.44,16.39,77493,0.096867,0.0,0.0,0.0139,0.0036
2015-03-31,禾丰牧业,sh603609,24.87,24.17,24.87,24.27,24.63,16.15,67045,0.083807,0.0,0.0,0.0284,-0.0241
2015-04-01,禾丰牧业,sh603609,24.57,24.21,24.26,24.53,24.27,16.32,61980,0.077476,0.0,0.0,0.0148,0.0111
2015-04-02,禾丰牧业,sh603609,25.19,24.51,24.53,25.17,24.53,16.74,108671,0.135839,0.0,0.0,0.0277,0.026
2015-04-03,禾丰牧业,sh603609,26.25,24.92,25.08,25.79,25.17,17.15,115413,0.144266,0.0,0.0,0.0528,0.0283
2015-04-06,禾丰牧业,sh603609,25.79,25.79,25.79,25.79,25.79,17.15,0,0.0,0.0,0.0,0.0,0.0
2015-04-07,禾丰牧业,sh603609,26.13,25.5,25.81,26.03,25.79,17.31,103904,0.12988,0.0,0.0,0.0244,0.0085
2015-04-08,禾丰牧业,sh603609,26.79,25.52,26.23,26.01,26.03,17.3,102789,0.128487,0.0,0.0,0.0487,-0.0083
2015-04-09,禾丰牧业,sh603609,25.6,24.12,25.59,24.73,26.01,16.46,114930,0.143664,36.73645,3.851139,0.0569,-0.0336
2015-04-10,禾丰牧业,sh603609,25.26,24.36,24.66,25.17,24.73,16.74,73901,0.092377,37.382496,3.918865,0.0363,0.0206
2015-04-13,禾丰牧业,sh603609,26.1,25.2,25.43,25.91,25.17,17.23,97020,0.121276,38.474102,4.0333,0.0357,0.0188
2015-04-14,禾丰牧业,sh603609,27.1,25.62,25.79,27.06,25.91,18.0,146990,0.183739,40.18951,4.213129,0.0571,0.0492
2015-04-15,禾丰牧业,sh603609,27.12,25.62,26.78,25.77,27.06,17.14,98066,0.122583,38.273594,4.01228,0.0554,-0.0377
2015-04-16,禾丰牧业,sh603609,26.08,24.94,25.5,25.69,25.77,17.09,66267,0.082834,38.162216,4.000605,0.0442,0.0074
2015-04-17,禾丰牧业,sh603609,27.72,26.18,26.97,26.22,25.69,17.44,141504,0.176881,38.941948,4.082345,0.0599,-0.0278
2015-04-20,禾丰牧业,sh603609,26.1,25.36,26.1,25.38,26.22,16.88,90416,0.113021,37.694366,3.951559,0.0282,-0.0275
2015-04-21,禾丰牧业,sh603609,26.28,25.33,25.35,26.25,25.38,17.46,63586,0.079484,38.986492,4.087014,0.0374,0.0355
2015-04-22,禾丰牧业,sh603609,26.86,26.3,26.31,26.69,26.25,17.75,96346,0.120433,39.632538,4.15474,0.0213,0.0144
2015-04-23,禾丰牧业,sh603609,29.35,26.69,26.69,29.35,26.69,19.53,220970,0.276214,43.598007,4.570447,0.0996,0.0996
2015-04-24,禾丰牧业,sh603609,31.8,28.65,31.8,29.56,29.35,19.67,259843,0.324804,43.90991,4.603144,0.1073,-0.0704
2015-04-27,禾丰牧业,sh603609,29.7,28.8,28.88,28.98,29.56,19.28,125663,0.157079,43.041065,4.512062,0.0304,0.0034
2015-04-28,禾丰牧业,sh603609,28.96,27.29,28.96,27.49,28.98,18.29,114886,0.143609,40.835552,4.280855,0.0576,-0.0507
2015-04-29,禾丰牧业,sh603609,28.45,27.57,27.57,28.02,27.49,18.64,69597,0.086997,41.61527,4.362593,0.032,0.0163
2015-04-30,禾丰牧业,sh603609,28.43,27.38,28.05,27.39,28.02,18.22,67953,0.084942,40.67959,4.264505,0.0374,-0.0235
2015-05-01,禾丰牧业,sh603609,27.39,27.39,27.39,27.39,27.39,18.22,0,0.0,0.0,0.0,0.0,0.0
2015-05-04,禾丰牧业,sh603609,28.21,27.03,27.42,27.73,27.39,18.45,57862,0.072329,41.19199,4.31822,0.043,0.0113
2015-05-05,禾丰牧业,sh603609,27.77,26.3,27.6,26.44,27.73,17.59,66086,0.082609,39.27607,4.117371,0.053,-0.042
2015-05-06,禾丰牧业,sh603609,27.24,26.08,26.67,26.3,26.44,17.49,65275,0.081594,39.053295,4.094018,0.0438,-0.0138
2015-05-07,禾丰牧业,sh603609,26.9,25.89,25.98,26.82,26.3,17.84,69518,0.086898,39.83303,4.175759,0.0384,0.0323
2015-05-08,禾丰牧业,sh603609,27.69,26.9,26.9,27.65,26.82,18.39,51982,0.064979,41.058334,4.304209,0.0294,0.0278
2015-05-11,禾丰牧业,sh603609,29.03,27.72,27.72,28.74,27.65,19.12,102044,0.127556,42.684616,4.474695,0.0473,0.0367
2015-05-12,禾丰牧业,sh603609,31.62,29.22,29.22,31.62,28.74,21.04,145987,0.182484,46.961998,4.923099,0.0835,0.0821
2015-05-13,禾丰牧业,sh603609,32.9,30.94,32.4,31.06,31.62,20.67,208761,0.260952,46.137722,4.836689,0.0619,-0.0413
2015-05-14,禾丰牧业,sh603609,33.72,30.3,30.48,32.55,31.06,21.65,140253,0.175317,48.343243,5.067897,0.1101,0.0679
2015-05-15,禾丰牧业,sh603609,33.54,31.2,32.55,32.64,32.55,21.71,136655,0.170819,48.476913,5.08191,0.0718,0.0027
2015-05-18,禾丰牧业,sh603609,35.73,31.5,32.86,35.04,32.64,23.31,127471,0.15934,52.04137,5.455578,0.1295,0.0663
2015-05-19,禾丰牧业,sh603609,34.94,33.17,34.21,34.36,35.04,22.86,103904,0.129881,51.038845,5.350482,0.0505,0.0043
2015-05-20,禾丰牧业,sh603609,37.28,33.75,34.05,35.93,34.36,23.9,122041,0.152552,53.355755,5.593367,0.1027,0.0552
2015-05-21,禾丰牧业,sh603609,36.3,34.74,34.74,35.9,35.93,23.93,76182,0.095247,53.42273,5.600388,0.0434,0.0333
2015-05-22,禾丰牧业,sh603609,36.56,34.5,36.0,35.28,35.9,23.52,90651,0.11329,52.50742,5.504435,0.0573,-0.0199
2015-05-25,禾丰牧业,sh603609,38.62,34.02,34.77,37.8,35.28,25.2,126731,0.158414,56.25795,5.897608,0.1303,0.0871
2015-05-26,禾丰牧业,sh603609,40.12,37.06,37.8,38.94,37.8,25.96,105687,0.132096,57.954617,6.075473,0.0809,0.0301
2015-05-27,禾丰牧业,sh603609,42.84,38.23,39.44,42.84,38.94,28.56,123472,0.154326,63.75901,6.683956,0.1183,0.0862
2015-05-28,禾丰牧业,sh603609,47.13,38.55,45.1,46.05,42.84,30.7,192282,0.240352,68.53647,7.184785,0.2002,0.021
2015-05-29,禾丰牧业,sh603609,49.2,41.44,45.0,47.06,46.05,31.37,210998,0.263705,70.03222,7.341586,0.1685,0.0457
2015-06-01,禾丰牧业,sh603609,50.1,45.33,46.91,47.93,47.06,31.95,177762,0.222202,71.32704,7.477325,0.1013,0.0217
2015-06-02,禾丰牧业,sh603609,47.62,44.27,46.5,45.96,47.93,30.64,146470,0.183102,68.40252,7.170743,0.0698,-0.0116
2015-06-03,禾丰牧业,sh603609,45.45,43.65,45.19,43.8,45.96,29.2,115069,0.143836,65.18778,6.833737,0.0391,-0.0307
2015-06-04,禾丰牧业,sh603609,45.0,39.42,43.65,42.05,43.8,28.03,150937,0.188705,62.575806,6.559919,0.1273,-0.0366
2015-06-05,禾丰牧业,sh603609,44.22,41.25,42.3,42.45,42.05,28.3,119550,0.149438,63.17857,6.623108,0.0706,0.0035
2015-06-08,禾丰牧业,sh603609,42.17,39.72,42.15,40.2,42.45,26.8,98433,0.123041,59.829884,6.27206,0.0577,-0.0462
2015-06-09,禾丰牧业,sh603609,41.47,40.17,40.29,41.01,40.2,27.34,75841,0.09481,61.03541,6.398437,0.0323,0.0178
2015-06-10,禾丰牧业,sh603609,44.37,40.53,41.03,42.99,41.01,28.66,130363,0.16294,63.982258,6.707359,0.0936,0.0477
2015-06-11,禾丰牧业,sh603609,43.69,41.82,42.99,43.21,42.99,28.81,104595,0.130732,64.31712,6.742464,0.0434,0.0051
2015-06-12,禾丰牧业,sh603609,43.8,42.42,43.48,42.44,43.21,28.29,83077,0.103855,63.156246,6.620768,0.0319,-0.0239
2015-06-15,禾丰牧业,sh603609,42.94,41.32,42.15,41.46,42.44,27.64,69526,0.086915,61.705147,6.468647,0.0381,-0.0163
2015-06-16,禾丰牧业,sh603609,40.72,38.25,40.72,38.69,41.46,25.79,61038,0.076305,57.5751,6.035687,0.0595,-0.0498
2015-06-17,禾丰牧业,sh603609,39.63,36.45,38.71,39.54,38.69,26.36,55924,0.069898,58.847603,6.169086,0.0821,0.0214
2015-06-18,禾丰牧业,sh603609,39.42,36.75,39.39,36.87,39.54,24.58,45345,0.056693,54.873825,5.752509,0.0675,-0.0639
2015-06-19,禾丰牧业,sh603609,36.73,33.18,35.25,33.18,36.87,22.12,49207,0.061495,49.381977,5.17679,0.0962,-0.0587
2015-06-22,禾丰牧业,sh603609,33.18,33.18,33.18,33.18,33.18,22.12,0,0.0,0.0,0.0,0.0,0.0
2015-06-23,禾丰牧业,sh603609,34.5,30.0,33.22,34.48,33.18,22.99,66239,0.082808,51.32422,5.380398,0.1356,0.0379
2015-06-24,禾丰牧业,sh603609,36.7,34.55,34.8,35.23,34.48,23.49,69637,0.087056,52.440445,5.497414,0.0623,0.0123
2015-06-25,禾丰牧业,sh603609,35.64,32.11,35.32,33.0,35.23,22.0,65301,0.081626,49.114082,5.148706,0.1001,-0.0656
2015-06-26,禾丰牧业,sh603609,32.39,29.7,32.39,29.7,33.0,19.8,58076,0.072595,44.202675,4.633835,0.0815,-0.083
2015-06-29,禾丰牧业,sh603609,31.17,26.73,30.75,26.78,29.7,17.85,64810,0.081013,39.84938,4.177473,0.1494,-0.1291
2015-06-30,禾丰牧业,sh603609,29.31,24.75,26.78,28.86,26.78,19.24,107985,0.134999,42.9525,4.502777,0.1702,0.0776
2015-07-01,禾丰牧业,sh603609,30.68,27.19,28.43,27.8,28.86,18.53,94072,0.117622,41.367455,4.336614,0.1209,-0.0221
2015-07-02,禾丰牧业,sh603609,29.97,26.42,27.8,29.1,27.8,19.4,122601,0.153251,43.309692,4.540222,0.1276,0.0467
2015-07-03,禾丰牧业,sh603609,30.8,26.42,28.95,29.66,29.1,19.77,127081,0.158811,44.1357,4.626814,0.1505,0.0245
2015-07-06,禾丰牧业,sh603609,32.62,28.32,32.62,29.86,29.66,19.91,178817,0.223493,44.448246,4.659579,0.1449,-0.0846
2015-07-07,禾丰牧业,sh603609,28.5,26.88,27.0,26.88,29.86,17.92,71161,0.088926,40.005653,4.193855,0.0542,-0.0044
2015-07-08,禾丰牧业,sh603609,26.88,26.88,26.88,26.88,26.88,17.92,0,0.0,0.0,0.0,0.0,0.0
2015-07-09,禾丰牧业,sh603609,26.88,26.88,26.88,26.88,26.88,17.92,0,0.0,0.0,0.0,0.0,0.0
2015-07-10,禾丰牧业,sh603609,26.88,26.88,26.88,26.88,26.88,17.92,0,0.0,0.0,0.0,0.0,0.0
2015-07-13,禾丰牧业,sh603609,29.56,29.56,29.56,29.56,26.88,19.71,6556,0.008194,44.001755,4.612772,0.0,0.0
2015-07-14,禾丰牧业,sh603609,32.52,31.55,32.52,32.52,29.56,21.68,83057,0.103845,48.399696,5.073816,0.0328,0.0
2015-07-15,禾丰牧业,sh603609,32.97,29.27,32.97,29.27,32.52,19.51,99419,0.124258,43.555264,4.565966,0.1137,-0.1122
2015-07-16,禾丰牧业,sh603609,29.93,26.34,26.78,28.4,29.27,18.93,118163,0.147743,42.260437,4.430227,0.1226,0.0604
2015-07-17,禾丰牧业,sh603609,31.23,28.05,28.8,31.23,28.4,20.82,143055,0.178776,46.479782,4.872548,0.1119,0.0843
2015-07-20,禾丰牧业,sh603609,34.35,31.57,32.25,33.39,31.23,22.26,190493,0.23809,49.694523,5.209554,0.089,0.0353
2015-07-21,禾丰牧业,sh603609,36.73,31.65,33.42,36.73,33.39,24.49,192494,0.240642,54.672905,5.731446,0.1521,0.099
2015-07-22,禾丰牧业,sh603609,39.0,34.62,37.8,36.65,36.73,24.43,221419,0.27683,54.538956,5.717404,0.1192,-0.0304
2015-07-23,禾丰牧业,sh603609,37.8,35.4,36.6,37.02,36.65,24.68,158084,0.197645,55.097073,5.775912,0.0654,0.0114
2015-07-24,禾丰牧业,sh603609,37.02,34.77,37.02,35.22,37.02,23.48,115130,0.143943,52.41812,5.495073,0.0607,-0.0486
2015-07-27,禾丰牧业,sh603609,36.15,31.69,34.32,31.69,35.22,21.13,123175,0.154005,47.171844,4.945098,0.1266,-0.0766
2015-07-28,禾丰牧业,sh603609,32.97,28.53,28.71,30.0,31.69,20.0,115944,0.14493,44.872414,4.704045,0.1401,0.0449
2015-07-29,禾丰牧业,sh603609,32.7,28.57,30.97,32.1,30.0,21.4,102042,0.127538,47.796932,5.010627,0.1376,0.0364
2015-07-30,禾丰牧业,sh603609,34.35,30.33,31.5,31.31,32.1,20.87,107349,0.134186,46.546757,4.879569,0.1252,-0.006
2015-07-31,禾丰牧业,sh603609,31.8,29.25,30.1,30.14,31.31,20.09,71249,0.089083,44.827763,4.699364,0.0814,0.0013
2015-08-03,禾丰牧业,sh603609,30.42,27.1,29.4,27.49,30.14,18.33,71512,0.089378,40.876312,4.285127,0.1101,-0.0649
2015-08-04,禾丰牧业,sh603609,29.62,27.12,27.12,29.55,27.49,19.7,69967,0.087459,43.979427,4.610432,0.0909,0.0896
2015-08-05,禾丰牧业,sh603609,29.93,28.65,29.23,28.76,29.55,19.17,78232,0.097765,42.796227,4.486395,0.0433,-0.016
2015-08-06,禾丰牧业,sh603609,28.52,27.6,28.12,28.17,28.76,18.78,38380,0.047988,41.925568,4.395123,0.0319,0.0017
2015-08-07,禾丰牧业,sh603609,29.52,28.19,28.19,29.34,28.17,19.56,53058,0.066314,43.666885,4.577668,0.0472,0.0407
2015-08-10,禾丰牧业,sh603609,31.83,29.49,29.49,31.38,29.34,20.92,78226,0.030634,46.70303,4.895951,0.0797,0.064
2015-08-11,禾丰牧业,sh603609,32.43,30.93,31.17,31.62,31.38,21.08,83117,0.032549,47.060223,4.933396,0.0478,0.0144
2015-08-12,禾丰牧业,sh603609,31.99,30.87,31.99,30.89,31.62,20.59,67536,0.026447,45.966316,4.818721,0.0354,-0.0343
2015-08-13,禾丰牧业,sh603609,31.5,29.88,30.3,31.38,30.89,20.92,62445,0.024454,46.70303,4.895951,0.0524,0.0356
2015-08-14,禾丰牧业,sh603609,31.94,31.2,31.5,31.52,31.38,21.01,73113,0.028632,46.90395,4.917014,0.0235,6.0E-4
2015-08-17,禾丰牧业,sh603609,32.55,30.54,31.5,32.46,31.52,21.64,80087,0.031362,48.3104,5.064454,0.0637,0.0304
2015-08-18,禾丰牧业,sh603609,32.73,29.22,32.47,29.22,32.46,19.48,102882,0.040292,43.48829,4.558945,0.1081,-0.1
2015-08-19,禾丰牧业,sh603609,30.38,26.47,28.2,29.64,29.22,19.76,64461,0.025243,44.113377,4.624474,0.1338,0.051
2015-08-20,禾丰牧业,sh603609,29.7,27.73,29.7,27.96,29.64,18.64,42506,0.016645,41.61302,4.362358,0.0664,-0.0585
2015-08-21,禾丰牧业,sh603609,28.55,26.42,27.53,26.54,27.96,17.69,49966,0.019568,39.492188,4.140028,0.0761,-0.0359
2015-08-24,禾丰牧业,sh603609,25.5,23.88,25.35,23.88,26.54,15.92,35195,0.013784,35.540737,3.725791,0.061,-0.0579
2015-08-25,禾丰牧业,sh603609,22.2,21.49,21.49,21.49,23.88,14.33,37515,0.014692,31.991129,3.35368,0.0297,0.0
2015-08-26,禾丰牧业,sh603609,22.64,19.35,21.67,21.14,21.49,14.09,83159,0.032566,31.455338,3.297512,0.153,-0.0244
2015-08-27,禾丰牧业,sh603609,22.5,20.7,21.45,22.22,21.14,14.81,43720,0.01712,33.06271,3.466015,0.0851,0.0358
2015-08-28,禾丰牧业,sh603609,23.88,22.03,22.5,23.59,22.22,15.73,58973,0.023093,35.11657,3.681325,0.0832,0.0484
2015-08-31,禾丰牧业,sh603609,23.25,22.12,23.25,22.18,23.59,14.79,40483,0.015852,33.01806,3.461334,0.0479,-0.046
2015-09-01,禾丰牧业,sh603609,22.18,20.04,22.17,20.07,22.18,13.38,33946,0.013292,29.870293,3.131349,0.0964,-0.0947
2015-09-02,禾丰牧业,sh603609,20.98,18.6,19.17,19.28,20.07,12.85,33411,0.013085,28.68709,3.007312,0.1185,0.0057
2015-09-03,禾丰牧业,sh603609,19.28,19.28,19.28,19.28,19.28,12.85,0,0.0,0.0,0.0,0.0,0.0
2015-09-04,禾丰牧业,sh603609,19.28,19.28,19.28,19.28,19.28,12.85,0,0.0,0.0,0.0,0.0,0.0
2015-09-07,禾丰牧业,sh603609,20.62,19.65,19.65,19.93,19.28,13.29,26180,0.010251,29.66937,3.110286,0.0503,0.0142
2015-09-08,禾丰牧业,sh603609,21.06,19.48,19.52,20.96,19.93,13.97,33859,0.013261,31.187443,3.269428,0.0792,0.0737
2015-09-09,禾丰牧业,sh603609,22.16,20.97,21.12,22.11,20.96,14.74,51913,0.020329,32.906437,3.449633,0.0567,0.0468
2015-09-10,禾丰牧业,sh603609,22.48,21.47,21.53,21.55,22.11,14.37,43897,0.017193,32.080425,3.363041,0.0456,9.0E-4
2015-09-11,禾丰牧业,sh603609,21.9,21.41,21.57,21.78,21.55,14.52,28427,0.011132,32.415295,3.398146,0.0227,0.0097
2015-09-14,禾丰牧业,sh603609,22.4,19.66,22.16,20.16,21.78,13.44,44023,0.01724,30.00424,3.145391,0.1258,-0.0902
2015-09-15,禾丰牧业,sh603609,20.67,19.52,19.59,19.83,20.16,13.22,36594,0.01433,29.5131,3.093904,0.057,0.0122
2015-09-16,禾丰牧业,sh603609,14.54,13.37,13.5,14.54,19.83,9.69,38108,0.014923,32.459946,3.402826,0.059,0.077
2015-09-17,禾丰牧业,sh603609,15.2,14.4,14.66,14.51,14.54,9.67,61081,0.023921,32.39297,3.395806,0.055,-0.0102
2015-09-18,禾丰牧业,sh603609,10.19,9.68,9.87,9.79,14.51,9.79,41856,0.010004,32.794952,3.437946,0.0351,-0.0081
2015-09-21,禾丰牧业,sh603609,9.98,9.18,9.41,9.92,9.79,9.92,87663,0.020955,33.23043,3.483598,0.0817,0.0541
2015-09-22,禾丰牧业,sh603609,10.41,9.77,9.97,10.19,9.92,10.19,92240,0.022048,34.134888,3.578413,0.0645,0.022
2015-09-23,禾丰牧业,sh603609,10.18,9.78,10.0,9.85,10.19,9.85,55875,0.013355,32.99594,3.459016,0.0392,-0.015
2015-09-24,禾丰牧业,sh603609,10.05,9.72,9.72,9.98,9.85,9.98,37682,0.009005,33.43142,3.504668,0.0335,0.0267
2015-09-25,禾丰牧业,sh603609,10.01,9.35,9.97,9.43,9.98,9.43,40149,0.009597,31.589008,3.311525,0.0661,-0.0541
2015-09-28,禾丰牧业,sh603609,9.43,9.43,9.43,9.43,9.43,9.43,0,0.00505,32.292477,3.38527,0.0,0.0
2015-09-29,禾丰牧业,sh603609,9.76,9.36,9.45,9.59,9.43,9.59,29203,0.00698,32.124985,3.367712,0.0424,0.0148
2015-09-30,禾丰牧业,sh603609,9.72,9.48,9.59,9.56,9.59,9.56,20930,0.005002,32.024487,3.357177,0.025,-0.0031
2015-10-01,禾丰牧业,sh603609,9.56,9.56,9.56,9.56,9.56,9.56,0,0.0,0.0,0.0,0.0,0.0
2015-10-02,禾丰牧业,sh603609,9.56,9.56,9.56,9.56,9.56,9.56,0,0.0,0.0,0.0,0.0,0.0
2015-10-05,禾丰牧业,sh603609,9.56,9.56,9.56,9.56,9.56,9.56,0,0.0,0.0,0.0,0.0,0.0
2015-10-06,禾丰牧业,sh603609,9.56,9.56,9.56,9.56,9.56,9.56,0,0.0,0.0,0.0,0.0,0.0
2015-10-07,禾丰牧业,sh603609,9.56,9.56,9.56,9.56,9.56,9.56,0,0.0,0.0,0.0,0.0,0.0
2015-10-08,禾丰牧业,sh603609,9.99,9.78,9.89,9.97,9.56,9.97,43817,0.010474,33.397923,3.501156,0.0219,0.008
2015-10-09,禾丰牧业,sh603609,10.16,9.85,9.9,10.1,9.97,10.1,52328,0.012506,33.8334,3.546808,0.031,0.0202
2015-10-12,禾丰牧业,sh603609,11.11,10.13,10.2,11.11,10.1,11.11,94008,0.022471,37.216743,3.901489,0.097,0.0892
2015-10-13,禾丰牧业,sh603609,11.45,10.9,11.11,11.26,11.11,11.26,112358,0.026855,37.71922,3.954164,0.0495,0.0135
2015-10-14,禾丰牧业,sh603609,11.6,10.9,11.31,10.99,11.26,10.99,74142,0.017721,36.814762,3.859349,0.0621,-0.0282
2015-10-15,禾丰牧业,sh603609,11.27,10.91,10.99,11.26,10.99,11.26,63991,0.015295,37.71922,3.954164,0.0327,0.0245
2015-10-16,禾丰牧业,sh603609,11.5,11.05,11.2,11.3,11.26,11.3,77194,0.018449,37.853214,3.968211,0.0399,0.0089
2015-10-19,禾丰牧业,sh603609,11.7,11.25,11.32,11.53,11.3,11.53,93971,0.02246,38.623676,4.04898,0.0398,0.0185
2015-10-20,禾丰牧业,sh603609,11.65,11.2,11.4,11.64,11.53,11.64,78691,0.018808,38.99216,4.087609,0.039,0.021
2015-10-21,禾丰牧业,sh603609,11.67,10.48,11.67,10.5,11.64,10.5,93617,0.022376,35.17334,3.687276,0.1022,-0.1002
2015-10-22,禾丰牧业,sh603609,10.86,10.1,10.52,10.78,10.5,10.78,66959,0.016005,36.111294,3.785603,0.0723,0.0247
2015-10-23,禾丰牧业,sh603609,11.09,10.65,10.85,11.02,10.78,11.02,67085,0.016033,36.915257,3.869884,0.0408,0.0156
2015-10-26,禾丰牧业,sh603609,11.57,11.1,11.24,11.43,11.02,11.43,95355,0.022792,38.288692,4.013863,0.0426,0.0169
2015-10-27,禾丰牧业,sh603609,11.59,10.99,11.36,11.57,11.43,11.57,82334,0.019678,38.75767,4.063027,0.0524,0.0184
2015-10-28,禾丰牧业,sh603609,11.66,11.01,11.52,11.13,11.57,11.13,70614,0.016876,37.28374,3.908512,0.0561,-0.0338
2015-10-29,禾丰牧业,sh603609,11.34,11.11,11.15,11.24,11.13,11.24,43374,0.010366,37.65222,3.947141,0.0206,0.008
2015-10-30,禾丰牧业,sh603609,11.98,11.26,11.3,11.65,11.24,11.65,130894,0.031287,39.025658,4.09112,0.064,0.0309
2015-11-02,禾丰牧业,sh603609,11.95,11.4,11.42,11.54,11.65,11.54,105575,0.025235,38.657173,4.052492,0.0472,0.0105
2015-11-03,禾丰牧业,sh603609,12.69,11.69,11.95,12.69,11.54,12.69,133031,0.0,0.0,0.0,0.0866,0.0619
2015-11-04,禾丰牧业,sh603609,13.96,12.42,13.1,13.96,12.69,13.96,327606,0.0,0.0,0.0,0.1213,0.0656
2015-11-05,禾丰牧业,sh603609,14.05,13.33,13.67,13.46,13.96,13.46,282445,0.0,0.0,0.0,0.0515,-0.0153
2015-11-06,禾丰牧业,sh603609,13.7,13.23,13.32,13.49,13.46,13.49,168150,0.0,0.0,0.0,0.0349,0.0127
2015-11-09,禾丰牧业,sh603609,13.56,12.82,13.22,13.36,13.49,13.36,143245,0.0,0.0,0.0,0.0548,0.0105
2015-11-10,禾丰牧业,sh603609,13.7,13.18,13.34,13.4,13.36,13.4,120161,0.0,0.0,0.0,0.0389,0.0044
2015-11-11,禾丰牧业,sh603609,13.8,13.1,13.23,13.77,13.4,13.77,160585,0.0,0.0,0.0,0.0522,0.0408
2015-11-12,禾丰牧业,sh603609,14.44,13.4,13.7,14.13,13.77,14.13,177182,0.0,0.0,0.0,0.0755,0.0313
2015-11-13,禾丰牧业,sh603609,13.95,13.3,13.9,13.38,14.13,13.38,108702,0.0,0.0,0.0,0.046,-0.0374
2015-11-16,禾丰牧业,sh603609,13.45,12.91,13.0,13.45,13.38,13.45,60396,0.0,0.0,0.0,0.0403,0.0346
2015-11-17,禾丰牧业,sh603609,14.07,13.41,13.45,13.65,13.45,13.65,129808,0.0,0.0,0.0,0.049,0.0148
2015-11-18,禾丰牧业,sh603609,13.68,13.09,13.47,13.12,13.65,13.12,72141,0.0,0.0,0.0,0.0432,-0.0259
2015-11-19,禾丰牧业,sh603609,13.45,13.12,13.19,13.41,13.12,13.41,54675,0.0,0.0,0.0,0.0251,0.0166
2015-11-20,禾丰牧业,sh603609,13.61,13.35,13.5,13.48,13.41,13.48,71456,0.0,0.0,0.0,0.0193,-0.0014
2015-11-23,禾丰牧业,sh603609,14.15,13.42,13.46,13.87,13.48,13.87,144349,0.0,0.0,0.0,0.0541,0.0304
2015-11-24,禾丰牧业,sh603609,14.62,13.6,13.7,14.6,13.87,14.6,192487,0.0,0.0,0.0,0.0735,0.0656
2015-11-25,禾丰牧业,sh603609,14.56,14.16,14.55,14.37,14.6,14.37,146515,0.0,0.0,0.0,0.0273,-0.0123
2015-11-26,禾丰牧业,sh603609,14.5,14.0,14.38,14.01,14.37,14.01,118215,0.0,0.0,0.0,0.0347,-0.0257
2015-11-27,禾丰牧业,sh603609,14.08,12.61,14.05,12.78,14.01,12.78,125666,0.0,0.0,0.0,0.1049,-0.0903
2015-11-30,禾丰牧业,sh603609,13.05,11.81,12.78,12.89,12.78,12.89,79229,0.0,0.0,0.0,0.097,0.0086
2015-12-01,禾丰牧业,sh603609,12.98,12.61,12.75,12.86,12.89,12.86,52150,0.0,0.0,0.0,0.0287,0.0086
2015-12-02,禾丰牧业,sh603609,13.13,12.35,13.0,13.04,12.86,13.04,55967,0.0,0.0,0.0,0.0606,0.003
2015-12-03,禾丰牧业,sh603609,13.29,13.01,13.04,13.24,13.04,13.24,54173,0.0,0.0,0.0,0.0214,0.0153
2015-12-04,禾丰牧业,sh603609,13.97,13.24,13.28,13.81,13.24,13.81,135744,0.0,0.0,0.0,0.0551,0.0399
2015-12-07,禾丰牧业,sh603609,13.98,13.63,13.79,13.85,13.81,13.85,88187,0.0,0.0,0.0,0.0253,0.0043
2015-12-08,禾丰牧业,sh603609,13.74,13.01,13.74,13.06,13.85,13.06,75729,0.0,0.0,0.0,0.0527,-0.0494
2015-12-09,禾丰牧业,sh603609,13.05,12.52,12.88,12.75,13.06,12.75,49846,0.0,0.0,0.0,0.0405,-0.01
2015-12-10,禾丰牧业,sh603609,12.92,12.62,12.75,12.7,12.75,12.7,33931,0.0,0.0,0.0,0.0235,-0.0039
2015-12-11,禾丰牧业,sh603609,12.89,12.62,12.78,12.83,12.7,12.83,28746,0.0,0.0,0.0,0.0212,0.0039
2015-12-14,禾丰牧业,sh603609,13.07,12.61,12.7,13.05,12.83,13.05,38435,0.0,0.0,0.0,0.0358,0.0275
2015-12-15,禾丰牧业,sh603609,13.15,13.0,13.0,13.07,13.05,13.07,32605,0.0,0.0,0.0,0.0114,0.0053
2015-12-16,禾丰牧业,sh603609,13.38,13.1,13.11,13.17,13.07,13.17,46598,0.0,0.0,0.0,0.0214,0.0045
2015-12-17,禾丰牧业,sh603609,13.52,13.25,13.3,13.5,13.17,13.5,65612,0.0,0.0,0.0,0.0205,0.015
2015-12-18,禾丰牧业,sh603609,13.69,13.22,13.5,13.3,13.5,13.3,59600,0.0,0.0,0.0,0.0348,-0.0148
2015-12-21,禾丰牧业,sh603609,13.49,13.11,13.23,13.42,13.3,13.42,56115,0.0,0.0,0.0,0.0285,0.0143
2015-12-22,禾丰牧业,sh603609,14.13,13.45,13.45,14.02,13.42,14.02,133943,0.0,0.0,0.0,0.0506,0.0423
2015-12-23,禾丰牧业,sh603609,14.1,13.62,13.97,13.96,14.02,13.96,126503,0.0,0.0,0.0,0.0342,-7.0E-4
2015-12-24,禾丰牧业,sh603609,14.5,14.02,14.02,14.35,13.96,14.35,201473,0.0,0.0,0.0,0.0343,0.0235
2015-12-25,禾丰牧业,sh603609,14.49,14.05,14.45,14.24,14.35,14.24,88540,0.0,0.0,0.0,0.0306,-0.0145
2015-12-28,禾丰牧业,sh603609,14.45,13.56,14.26,13.59,14.24,13.59,110947,0.0,0.0,0.0,0.0624,-0.0469
2015-12-29,禾丰牧业,sh603609,0.0,0.0,0.0,13.59,13.59,13.59,0,0.0,0.0,0.0,0.0,0.0
2015-12-30,禾丰牧业,sh603609,14.18,13.72,14.18,13.84,13.59,13.84,66358,0.0,0.0,0.0,0.0338,-0.0239
2015-12-31,禾丰牧业,sh603609,13.82,13.48,13.7,13.57,13.84,13.57,50074,0.0,0.0,0.0,0.0245,-0.0094
2016-01-01,禾丰牧业,sh603609,13.82,13.48,13.7,13.57,13.57,13.57,50074,0.0,0.0,0.0,0.025,-0.0094
2016-01-04,禾丰牧业,sh603609,13.61,12.23,13.5,12.26,13.57,12.26,42915,0.0,0.0,0.0,0.1016,-0.0918
2016-01-05,禾丰牧业,sh603609,12.47,11.42,11.81,12.07,12.26,12.07,61579,0.0,0.0,0.0,0.0856,0.022
2016-01-06,禾丰牧业,sh603609,12.41,12.0,12.0,12.4,12.07,12.4,42688,0.0,0.0,0.0,0.0339,0.0333
2016-01-07,禾丰牧业,sh603609,12.14,11.16,12.14,11.18,12.4,11.18,12621,0.0,0.0,0.0,0.079,-0.079
2016-01-08,禾丰牧业,sh603609,11.8,10.38,11.3,11.33,11.18,11.33,47735,0.0,0.0,0.0,0.127,0.0026
2016-01-11,禾丰牧业,sh603609,11.66,10.4,11.1,10.55,11.33,10.55,59347,0.0,0.0,0.0,0.1112,-0.0495
2016-01-12,禾丰牧业,sh603609,10.93,10.16,10.75,10.51,10.55,10.51,40473,0.0,0.0,0.0,0.0729,-0.0223
2016-01-13,禾丰牧业,sh603609,10.69,10.1,10.57,10.11,10.51,10.11,33578,0.0,0.0,0.0,0.0561,-0.0435
2016-01-14,禾丰牧业,sh603609,10.45,9.8,9.91,10.39,10.11,10.39,34118,0.0,0.0,0.0,0.0642,0.0484
2016-01-15,禾丰牧业,sh603609,10.4,9.81,10.36,9.87,10.39,9.87,37597,0.0,0.0,0.0,0.0567,-0.0472
2016-01-18,禾丰牧业,sh603609,10.4,9.6,9.6,10.28,9.87,10.28,42149,0.0,0.0,0.0,0.081,0.0708
2016-01-19,禾丰牧业,sh603609,10.63,10.1,10.28,10.62,10.28,10.62,35675,0.0,0.0,0.0,0.0515,0.033
2016-01-20,禾丰牧业,sh603609,10.69,10.3,10.6,10.49,10.62,10.49,27659,0.0,0.0,0.0,0.0367,-0.0103
2016-01-21,禾丰牧业,sh603609,10.59,10.07,10.2,10.08,10.49,10.08,27917,0.0,0.0,0.0,0.0495,-0.0117
2016-01-22,禾丰牧业,sh603609,10.38,10.06,10.22,10.27,10.08,10.27,20706,0.0,0.0,0.0,0.0317,0.0048
2016-01-25,禾丰牧业,sh603609,10.65,10.35,10.36,10.57,10.27,10.57,30363,0.0,0.0,0.0,0.0292,0.0202
2016-01-26,禾丰牧业,sh603609,10.46,9.7,10.46,9.82,10.57,9.82,29130,0.0,0.0,0.0,0.0719,-0.0611
2016-01-27,禾丰牧业,sh603609,10.12,9.32,9.95,10.08,9.82,10.08,31871,0.0,0.0,0.0,0.0814,0.013
2016-01-28,禾丰牧业,sh603609,10.38,9.89,10.08,9.92,10.08,9.92,30819,0.0,0.0,0.0,0.0486,-0.0158
2016-01-29,禾丰牧业,sh603609,10.33,9.7,9.85,10.25,9.92,10.25,31083,0.0,0.0,0.0,0.0635,0.0406
2016-02-01,禾丰牧业,sh603609,10.35,9.98,10.3,10.2,10.25,10.2,25432,0.0,0.0,0.0,0.036,-0.0097
2016-02-02,禾丰牧业,sh603609,10.45,10.16,10.25,10.43,10.2,10.43,35703,0.0,0.0,0.0,0.0284,0.0175
2016-02-03,禾丰牧业,sh603609,10.36,10.1,10.3,10.32,10.43,10.32,23839,0.0,0.0,0.0,0.0249,0.0019
2016-02-04,禾丰牧业,sh603609,10.6,10.32,10.36,10.57,10.32,10.57,43175,0.0,0.0,0.0,0.0271,0.0202
2016-02-05,禾丰牧业,sh603609,10.6,10.36,10.5,10.39,10.57,10.39,24224,0.0,0.0,0.0,0.0227,-0.0104
2016-02-08,禾丰牧业,sh603609,10.6,10.36,10.5,10.39,10.39,10.39,24224,0.0,0.0,0.0,0.023,-0.0104
2016-02-09,禾丰牧业,sh603609,10.6,10.36,10.5,10.39,10.39,10.39,24224,0.0,0.0,0.0,0.023,-0.0104
2016-02-10,禾丰牧业,sh603609,10.6,10.36,10.5,10.39,10.39,10.39,24224,0.0,0.0,0.0,0.023,-0.0104
2016-02-11,禾丰牧业,sh603609,10.6,10.36,10.5,10.39,10.39,10.39,24224,0.0,0.0,0.0,0.023,-0.0104
2016-02-12,禾丰牧业,sh603609,10.6,10.36,10.5,10.39,10.39,10.39,24224,0.0,0.0,0.0,0.023,-0.0104
2016-02-15,禾丰牧业,sh603609,10.2,9.89,10.0,10.09,10.39,10.09,30214,0.0,0.0,0.0,0.0298,0.0089
2016-02-16,禾丰牧业,sh603609,10.55,10.12,10.12,10.51,10.09,10.51,39045,0.0,0.0,0.0,0.0426,0.0385
2016-02-17,禾丰牧业,sh603609,10.89,10.41,10.45,10.77,10.51,10.77,53634,0.0,0.0,0.0,0.0456,0.0306
2016-02-18,禾丰牧业,sh603609,10.85,10.62,10.8,10.65,10.77,10.65,41030,0.0,0.0,0.0,0.0213,-0.0138
2016-02-19,禾丰牧业,sh603609,10.88,10.6,10.66,10.8,10.65,10.8,40591,0.0,0.0,0.0,0.0262,0.0131
2016-02-22,禾丰牧业,sh603609,11.05,10.77,10.92,10.97,10.8,10.97,59556,0.0,0.0,0.0,0.0259,0.0045
2016-02-23,禾丰牧业,sh603609,11.04,10.6,10.98,10.83,10.97,10.83,45558,0.0,0.0,0.0,0.0401,-0.0136
2016-02-24,禾丰牧业,sh603609,10.91,10.62,10.8,10.9,10.83,10.9,38689,0.0,0.0,0.0,0.0267,0.0092
2016-02-25,禾丰牧业,sh603609,11.05,9.81,10.9,9.91,10.9,9.91,64738,0.0,0.0,0.0,0.1137,-0.0908
2016-02-26,禾丰牧业,sh603609,10.2,9.71,9.91,9.88,9.91,9.88,40841,0.0,0.0,0.0,0.0494,-0.003
2016-02-29,禾丰牧业,sh603609,9.89,8.92,9.89,9.13,9.88,9.13,33755,0.0,0.0,0.0,0.0981,-0.0768
2016-03-01,禾丰牧业,sh603609,9.41,9.13,9.2,9.36,9.13,9.36,29243,0.0,0.0,0.0,0.0306,0.0173
2016-03-02,禾丰牧业,sh603609,9.98,9.31,9.31,9.9,9.36,9.9,45903,0.0,0.0,0.0,0.0715,0.0633
2016-03-03,禾丰牧业,sh603609,10.27,9.73,9.9,9.98,9.9,9.98,53099,0.0,0.0,0.0,0.0545,0.008
2016-03-04,禾丰牧业,sh603609,10.39,9.65,9.93,10.12,9.98,10.12,63033,0.0,0.0,0.0,0.0741,0.0191
2016-03-07,禾丰牧业,sh603609,10.37,10.04,10.15,10.31,10.12,10.31,49111,0.0,0.0,0.0,0.0326,0.0157
2016-03-08,禾丰牧业,sh603609,10.2,9.6,10.19,10.13,10.31,10.13,35457,0.0,0.0,0.0,0.0581,-0.0058
2016-03-09,禾丰牧业,sh603609,10.0,9.71,10.0,9.77,10.13,9.77,25028,0.0,0.0,0.0,0.0286,-0.023
2016-03-10,禾丰牧业,sh603609,9.87,9.51,9.75,9.55,9.77,9.55,21890,0.0,0.0,0.0,0.0368,-0.0205
2016-03-11,禾丰牧业,sh603609,9.58,9.39,9.5,9.54,9.55,9.54,15042,0.0,0.0,0.0,0.0198,0.0042
2016-03-14,禾丰牧业,sh603609,9.9,9.61,9.63,9.85,9.54,9.85,25877,0.0,0.0,0.0,0.0303,0.0228
2016-03-15,禾丰牧业,sh603609,9.88,9.67,9.88,9.73,9.85,9.73,18664,0.0,0.0,0.0,0.0213,-0.0151
2016-03-16,禾丰牧业,sh603609,9.83,9.6,9.75,9.61,9.73,9.61,16205,0.0,0.0,0.0,0.0236,-0.0143
2016-03-17,禾丰牧业,sh603609,9.92,9.62,9.62,9.89,9.61,9.89,30408,0.0,0.0,0.0,0.0312,0.028
2016-03-18,禾丰牧业,sh603609,10.28,9.84,9.91,10.18,9.89,10.18,50916,0.0,0.0,0.0,0.0444,0.0272
2016-03-21,禾丰牧业,sh603609,10.47,10.22,10.36,10.44,10.18,10.44,57599,0.0,0.0,0.0,0.0245,0.0077
2016-03-22,禾丰牧业,sh603609,11.48,10.3,10.42,11.48,10.44,11.48,156881,0.0,0.0,0.0,0.113,0.1017
2016-03-23,禾丰牧业,sh603609,12.29,11.6,11.73,12.09,11.48,12.09,206613,0.0,0.0,0.0,0.0601,0.0306
2016-03-24,禾丰牧业,sh603609,12.45,11.58,11.97,11.97,12.09,11.97,155921,0.0,0.0,0.0,0.0719,0.0
2016-03-25,禾丰牧业,sh603609,12.35,11.82,11.82,12.12,11.97,12.12,87901,0.0,0.0,0.0,0.0442,0.0253
