2016-03-25
2012-06-29,百隆东方,sh601339,11.26,11.04,11.05,11.24,11.02,5.098,5102400,0.0,0.0,0.0,0.0199,0.0171
2012-07-02,百隆东方,sh601339,11.43,11.25,11.26,11.35,11.24,5.148,5731900,0.0,0.0,0.0,0.016,0.0079
2012-07-03,百隆东方,sh601339,11.4,11.27,11.37,11.36,11.35,5.152,5801700,0.0,0.0,0.0,0.0114,-8.0E-4
2012-07-04,百隆东方,sh601339,11.88,11.39,11.39,11.64,11.36,5.279,15434200,0.0,0.0,0.0,0.0431,0.0219
2012-07-05,百隆东方,sh601339,11.72,11.23,11.72,11.27,11.64,5.111,9730300,0.0,0.0,0.0,0.042,-0.0383
2012-07-06,百隆东方,sh601339,11.47,11.11,11.32,11.41,11.27,5.175,7687200,0.0,0.0,0.0,0.0319,0.0079
2012-07-09,百隆东方,sh601339,11.38,11.1,11.33,11.11,11.41,5.039,5588200,0.0,0.0,0.0,0.0245,-0.0194
2012-07-10,百隆东方,sh601339,11.18,11.04,11.1,11.11,11.11,5.039,4052800,0.0,0.0,0.0,0.0126,9.0E-4
2012-07-11,百隆东方,sh601339,11.45,11.1,11.11,11.31,11.11,5.13,5579300,0.0,0.0,0.0,0.0315,0.018
2012-07-12,百隆东方,sh601339,11.43,11.18,11.31,11.39,11.31,5.166,5123900,0.0,0.0,0.0,0.0221,0.007
2012-07-13,百隆东方,sh601339,11.35,11.08,11.35,11.11,11.39,5.039,10375000,0.0,0.0,0.0,0.0237,-0.0211
2012-07-16,百隆东方,sh601339,11.15,10.22,11.11,10.24,11.11,4.644,15345800,0.0,0.0,0.0,0.0837,-0.0783
2012-07-17,百隆东方,sh601339,10.33,10.18,10.27,10.31,10.24,4.676,4411200,0.0,0.0,0.0,0.0146,0.0038
2012-07-18,百隆东方,sh601339,10.51,10.22,10.29,10.49,10.31,4.758,5689500,0.0,0.0,0.0,0.0281,0.0194
2012-07-19,百隆东方,sh601339,10.6,10.37,10.42,10.44,10.49,4.735,8004400,0.0,0.0,0.0,0.0219,0.0019
2012-07-20,百隆东方,sh601339,10.44,10.24,10.43,10.27,10.44,4.658,5336100,0.0,0.0,0.0,0.0191,-0.0153
2012-07-23,百隆东方,sh601339,10.28,10.15,10.21,10.2,10.27,4.626,3870400,0.0,0.0,0.0,0.0126,-9.0E-4
2012-07-24,百隆东方,sh601339,10.34,10.15,10.16,10.27,10.2,4.658,3426600,0.0,0.0,0.0,0.0186,0.0108
2012-07-25,百隆东方,sh601339,10.54,10.22,10.27,10.39,10.27,4.712,7164800,0.0,0.0,0.0,0.0311,0.0116
2012-07-26,百隆东方,sh601339,10.41,10.24,10.35,10.27,10.39,4.658,4360300,0.0,0.0,0.0,0.0163,-0.0077
2012-07-27,百隆东方,sh601339,10.39,10.25,10.3,10.3,10.27,4.672,3435500,0.0,0.0,0.0,0.0136,0.0
2012-07-30,百隆东方,sh601339,9.8,9.27,9.8,9.27,10.3,4.204,18414000,0.0,0.0,0.0,0.0514,-0.054
2012-07-31,百隆东方,sh601339,9.14,8.78,9.07,8.82,9.27,4.0,12105300,0.0,0.0,0.0,0.0388,-0.0275
2012-08-01,百隆东方,sh601339,8.94,8.81,8.82,8.87,8.82,4.023,5667100,0.0,0.0,0.0,0.0147,0.0056
2012-08-02,百隆东方,sh601339,8.86,8.65,8.84,8.73,8.87,3.959,6155500,0.0,0.0,0.0,0.0236,-0.0124
2012-08-03,百隆东方,sh601339,8.89,8.68,8.75,8.88,8.73,4.027,5340300,0.0,0.0,0.0,0.024,0.0148
2012-08-06,百隆东方,sh601339,9.06,8.78,8.81,9.04,8.88,4.1,7748800,0.0,0.0,0.0,0.0315,0.0261
2012-08-07,百隆东方,sh601339,9.17,9.01,9.05,9.1,9.04,4.127,7035200,0.0,0.0,0.0,0.0176,0.0055
2012-08-08,百隆东方,sh601339,9.12,8.97,9.1,9.03,9.1,4.096,5054400,0.0,0.0,0.0,0.0164,-0.0076
2012-08-09,百隆东方,sh601339,9.14,8.96,9.0,9.14,9.03,4.145,5521100,0.0,0.0,0.0,0.0199,0.0155
2012-08-10,百隆东方,sh601339,9.26,9.11,9.11,9.16,9.14,4.154,5059500,0.0,0.0,0.0,0.0164,0.0054
2012-08-13,百隆东方,sh601339,9.16,8.82,9.16,8.83,9.16,4.005,5690800,0.0,0.0,0.0,0.0371,-0.036
2012-08-14,百隆东方,sh601339,8.89,8.72,8.81,8.86,8.83,4.018,5140000,0.0,0.0,0.0,0.0192,0.0056
2012-08-15,百隆东方,sh601339,8.9,8.79,8.86,8.85,8.86,4.014,3225500,0.0,0.0,0.0,0.0124,-0.0011
2012-08-16,百隆东方,sh601339,8.86,8.79,8.8,8.81,8.85,3.996,2161200,0.0,0.0,0.0,0.0079,0.0011
2012-08-17,百隆东方,sh601339,8.98,8.78,8.86,8.96,8.81,4.064,3682700,0.0,0.0,0.0,0.0227,0.0112
2012-08-20,百隆东方,sh601339,8.97,8.76,8.84,8.95,8.96,4.059,3768600,0.0,0.0,0.0,0.0234,0.0124
2012-08-21,百隆东方,sh601339,9.07,8.88,8.95,9.04,8.95,4.1,5238800,0.0,0.0,0.0,0.0212,0.01
2012-08-22,百隆东方,sh601339,9.07,8.86,9.01,8.9,9.04,4.037,4253300,0.0,0.0,0.0,0.0232,-0.0122
2012-08-23,百隆东方,sh601339,9.16,8.89,8.89,9.14,8.9,4.145,7392900,0.0,0.0,0.0,0.0303,0.0281
2012-08-24,百隆东方,sh601339,9.17,8.89,9.09,8.92,9.14,4.046,5742500,0.0,0.0,0.0,0.0306,-0.0187
2012-08-27,百隆东方,sh601339,8.85,8.56,8.85,8.57,8.92,3.887,6451200,0.0,0.0,0.0,0.0325,-0.0316
2012-08-28,百隆东方,sh601339,8.66,8.53,8.53,8.59,8.57,3.896,3971400,0.0,0.0,0.0,0.0151,0.007
2012-08-29,百隆东方,sh601339,8.65,8.51,8.57,8.52,8.59,3.864,2524800,0.0,0.0,0.0,0.0162,-0.0058
2012-08-30,百隆东方,sh601339,8.59,8.33,8.52,8.42,8.52,3.819,4377200,0.0,0.0,0.0,0.0305,-0.0117
2012-08-31,百隆东方,sh601339,8.47,8.36,8.43,8.39,8.42,3.805,2191000,0.0,0.0,0.0,0.013,-0.0047
2012-09-03,百隆东方,sh601339,8.47,8.34,8.36,8.43,8.39,3.823,5306200,0.0,0.0,0.0,0.0154,0.0083
2012-09-04,百隆东方,sh601339,8.46,8.34,8.43,8.38,8.43,3.801,3624200,0.0,0.0,0.0,0.0142,-0.0059
2012-09-05,百隆东方,sh601339,8.52,8.35,8.41,8.45,8.38,3.832,3737100,0.0,0.0,0.0,0.0202,0.0047
2012-09-06,百隆东方,sh601339,8.57,8.43,8.43,8.56,8.45,3.882,4200700,0.0,0.0,0.0,0.0165,0.0154
2012-09-07,百隆东方,sh601339,8.96,8.59,8.6,8.86,8.56,4.018,13576600,0.0,0.0,0.0,0.0432,0.0302
2012-09-10,百隆东方,sh601339,8.94,8.79,8.86,8.91,8.86,4.041,7781800,0.0,0.0,0.0,0.0169,0.0056
2012-09-11,百隆东方,sh601339,9.17,8.83,8.89,8.97,8.91,4.068,10169000,0.0,0.0,0.0,0.0381,0.0089
2012-09-12,百隆东方,sh601339,9.02,8.86,8.98,8.95,8.97,4.059,5595300,0.0,0.0,0.0,0.0178,-0.0033
2012-09-13,百隆东方,sh601339,9.0,8.85,8.96,8.87,8.95,4.023,4427100,0.0,0.0,0.0,0.0167,-0.01
2012-09-14,百隆东方,sh601339,8.97,8.76,8.92,8.85,8.87,4.014,4792600,0.0,0.0,0.0,0.0236,-0.0078
2012-09-17,百隆东方,sh601339,8.85,8.42,8.85,8.43,8.85,3.823,4923600,0.0,0.0,0.0,0.0485,-0.0474
2012-09-18,百隆东方,sh601339,8.49,8.38,8.41,8.39,8.43,3.805,2734300,0.0,0.0,0.0,0.013,-0.0023
2012-09-19,百隆东方,sh601339,8.5,8.41,8.41,8.5,8.39,3.855,1930400,0.0,0.0,0.0,0.0107,0.0107
2012-09-20,百隆东方,sh601339,8.52,8.22,8.5,8.24,8.5,3.737,3895400,0.0,0.0,0.0,0.0352,-0.0305
2012-09-21,百隆东方,sh601339,8.44,8.2,8.2,8.29,8.24,3.76,2006400,0.0,0.0,0.0,0.0291,0.0109
2012-09-24,百隆东方,sh601339,8.3,8.2,8.3,8.27,8.29,3.751,2832800,0.0,0.0,0.0,0.012,-0.0036
2012-09-25,百隆东方,sh601339,8.28,8.12,8.28,8.14,8.27,3.692,2335600,0.0,0.0,0.0,0.0193,-0.0169
2012-09-26,百隆东方,sh601339,8.18,7.92,8.13,7.93,8.14,3.597,2980500,0.0,0.0,0.0,0.0319,-0.0246
2012-09-27,百隆东方,sh601339,8.16,7.9,7.94,8.1,7.93,3.674,4795800,0.0,0.0,0.0,0.0327,0.0201
2012-09-28,百隆东方,sh601339,8.17,8.02,8.05,8.17,8.1,3.705,3547700,0.0,0.0,0.0,0.0185,0.0149
2012-10-01,百隆东方,sh601339,8.17,8.17,8.17,8.17,8.17,3.705,0,0.0,0.0,0.0,0.0,0.0
2012-10-02,百隆东方,sh601339,8.17,8.17,8.17,8.17,8.17,3.705,0,0.0,0.0,0.0,0.0,0.0
2012-10-03,百隆东方,sh601339,8.17,8.17,8.17,8.17,8.17,3.705,0,0.0,0.0,0.0,0.0,0.0
2012-10-04,百隆东方,sh601339,8.17,8.17,8.17,8.17,8.17,3.705,0,0.0,0.0,0.0,0.0,0.0
2012-10-05,百隆东方,sh601339,8.17,8.17,8.17,8.17,8.17,3.705,0,0.0,0.0,0.0,0.0,0.0
2012-10-08,百隆东方,sh601339,8.15,7.99,8.1,8.04,8.17,3.646,2931500,0.0,0.0,0.0,0.0195,-0.0074
2012-10-09,百隆东方,sh601339,8.28,8.04,8.05,8.26,8.04,3.746,5839200,0.0,0.0,0.0,0.0298,0.026
2012-10-10,百隆东方,sh601339,8.31,8.19,8.2,8.3,8.26,3.764,3886800,0.0,0.0,0.0,0.0145,0.0121
2012-10-11,百隆东方,sh601339,8.28,8.16,8.26,8.18,8.3,3.71,3328600,0.0,0.0,0.0,0.0144,-0.0096
2012-10-12,百隆东方,sh601339,8.24,8.05,8.16,8.14,8.18,3.692,3885300,0.0,0.0,0.0,0.0232,-0.0024
2012-10-15,百隆东方,sh601339,8.15,7.97,8.15,8.02,8.14,3.637,2902900,0.0,0.0,0.0,0.0221,-0.0159
2012-10-16,百隆东方,sh601339,8.1,7.98,8.01,8.01,8.02,3.633,2361900,0.0,0.0,0.0,0.0149,0.0
2012-10-17,百隆东方,sh601339,8.08,7.97,8.03,8.07,8.01,3.66,2382800,0.0,0.0,0.0,0.0137,0.0049
2012-10-18,百隆东方,sh601339,8.23,8.06,8.08,8.2,8.07,3.719,4728200,0.0,0.0,0.0,0.021,0.0148
2012-10-19,百隆东方,sh601339,8.25,8.15,8.21,8.19,8.2,3.715,2443700,0.0,0.0,0.0,0.0121,-0.0024
2012-10-22,百隆东方,sh601339,8.23,8.13,8.16,8.22,8.19,3.728,2154300,0.0,0.0,0.0,0.0122,0.0073
2012-10-23,百隆东方,sh601339,8.23,8.12,8.23,8.14,8.22,3.692,2564300,0.0,0.0,0.0,0.0133,-0.0109
2012-10-24,百隆东方,sh601339,8.14,8.07,8.13,8.11,8.14,3.678,2011000,0.0,0.0,0.0,0.0085,-0.0024
2012-10-25,百隆东方,sh601339,8.16,8.08,8.12,8.09,8.11,3.669,2297800,0.0,0.0,0.0,0.0098,-0.0036
2012-10-26,百隆东方,sh601339,8.06,7.76,7.97,7.77,8.09,3.524,6737700,0.0,0.0,0.0,0.037,-0.025
2012-10-29,百隆东方,sh601339,7.83,7.72,7.75,7.77,7.77,3.524,2143200,0.0,0.0,0.0,0.0141,0.0025
2012-10-30,百隆东方,sh601339,7.87,7.77,7.78,7.8,7.77,3.538,1521100,0.0,0.0,0.0,0.0128,0.0025
2012-10-31,百隆东方,sh601339,7.84,7.76,7.82,7.81,7.8,3.542,1189200,0.0,0.0,0.0,0.0102,-0.0012
2012-11-01,百隆东方,sh601339,7.92,7.78,7.78,7.89,7.81,3.578,3357200,0.0,0.0,0.0,0.0179,0.0141
2012-11-02,百隆东方,sh601339,8.05,7.94,7.94,8.01,7.89,3.633,4470400,0.0,0.0,0.0,0.0139,0.0088
2012-11-05,百隆东方,sh601339,8.01,7.9,7.97,7.92,8.01,3.592,1815100,0.0,0.0,0.0,0.0137,-0.0062
2012-11-06,百隆东方,sh601339,7.94,7.79,7.92,7.84,7.92,3.556,2975800,0.0,0.0,0.0,0.0189,-0.0101
2012-11-07,百隆东方,sh601339,7.87,7.8,7.81,7.85,7.84,3.56,1269400,0.0,0.0,0.0,0.0089,0.0051
2012-11-08,百隆东方,sh601339,7.84,7.66,7.83,7.68,7.85,3.483,2634100,0.0,0.0,0.0,0.0229,-0.0191
2012-11-09,百隆东方,sh601339,7.87,7.62,7.68,7.78,7.68,3.529,3240100,0.0,0.0,0.0,0.0325,0.013
2012-11-12,百隆东方,sh601339,7.89,7.73,7.78,7.87,7.78,3.569,3050400,0.0,0.0,0.0,0.0205,0.0115
2012-11-13,百隆东方,sh601339,7.97,7.72,7.82,7.96,7.87,3.61,5677100,0.0,0.0,0.0,0.0317,0.0179
2012-11-14,百隆东方,sh601339,7.96,7.85,7.93,7.94,7.96,3.601,2811500,0.0,0.0,0.0,0.0138,0.0012
2012-11-15,百隆东方,sh601339,7.99,7.71,7.89,7.75,7.94,3.515,3981000,0.0,0.0,0.0,0.0352,-0.0177
2012-11-16,百隆东方,sh601339,7.99,7.72,7.78,7.97,7.75,3.615,5969100,0.0,0.0,0.0,0.0348,0.0244
2012-11-19,百隆东方,sh601339,8.05,7.86,7.94,8.04,7.97,3.646,4957500,0.0,0.0,0.0,0.0238,0.0125
2012-11-20,百隆东方,sh601339,8.05,7.89,8.05,7.9,8.04,3.583,3149400,0.0,0.0,0.0,0.0199,-0.0186
2012-11-21,百隆东方,sh601339,7.94,7.79,7.89,7.93,7.9,3.597,3346600,0.0,0.0,0.0,0.0189,0.005
2012-11-22,百隆东方,sh601339,8.05,7.84,7.92,8.01,7.93,3.633,5499300,0.0,0.0,0.0,0.0264,0.0113
2012-11-23,百隆东方,sh601339,8.03,7.89,8.0,7.94,8.01,3.601,3771200,0.0,0.0,0.0,0.0174,-0.0074
2012-11-26,百隆东方,sh601339,7.9,7.72,7.9,7.72,7.94,3.501,3970200,0.0,0.0,0.0,0.0226,-0.0227
2012-11-27,百隆东方,sh601339,7.74,7.46,7.71,7.48,7.72,3.393,3935600,0.0,0.0,0.0,0.0362,-0.0298
2012-11-28,百隆东方,sh601339,7.48,7.32,7.48,7.36,7.48,3.338,2135200,0.0,0.0,0.0,0.0213,-0.016
2012-11-29,百隆东方,sh601339,7.43,7.22,7.38,7.23,7.36,3.279,1846100,0.0,0.0,0.0,0.0285,-0.0203
2012-11-30,百隆东方,sh601339,7.33,7.23,7.27,7.29,7.23,3.306,1427800,0.0,0.0,0.0,0.0138,0.0027
2012-12-03,百隆东方,sh601339,7.3,7.19,7.29,7.19,7.29,3.261,1806000,0.0,0.0,0.0,0.015,-0.0137
2012-12-04,百隆东方,sh601339,7.34,7.14,7.2,7.3,7.19,3.311,2362300,0.0,0.0,0.0,0.0278,0.0138
2012-12-05,百隆东方,sh601339,7.64,7.2,7.3,7.54,7.3,3.42,6544000,0.0,0.0,0.0,0.0602,0.0328
2012-12-06,百隆东方,sh601339,7.54,7.42,7.47,7.43,7.54,3.37,2332900,0.0,0.0,0.0,0.0159,-0.0053
2012-12-07,百隆东方,sh601339,7.61,7.41,7.43,7.6,7.43,3.447,4192600,0.0,0.0,0.0,0.0269,0.0228
2012-12-10,百隆东方,sh601339,7.69,7.52,7.53,7.68,7.6,3.483,5926500,0.0,0.0,0.0,0.0223,0.0199
2012-12-11,百隆东方,sh601339,7.69,7.57,7.62,7.57,7.68,3.433,3867700,0.0,0.0,0.0,0.0156,-0.0065
2012-12-12,百隆东方,sh601339,7.61,7.42,7.58,7.51,7.57,3.406,3445200,0.0,0.0,0.0,0.025,-0.0092
2012-12-13,百隆东方,sh601339,7.5,7.4,7.5,7.42,7.51,3.365,2503800,0.0,0.0,0.0,0.0133,-0.0106
2012-12-14,百隆东方,sh601339,7.72,7.41,7.41,7.69,7.42,3.488,10550000,0.0,0.0,0.0,0.0417,0.0377
2012-12-17,百隆东方,sh601339,7.75,7.59,7.7,7.7,7.69,3.492,7963700,0.0,0.0,0.0,0.0208,0.0
2012-12-18,百隆东方,sh601339,7.77,7.64,7.69,7.7,7.7,3.492,7224100,0.0,0.0,0.0,0.0168,0.0013
2012-12-19,百隆东方,sh601339,7.83,7.7,7.71,7.75,7.7,3.515,9630500,0.0,0.0,0.0,0.0168,0.0051
2012-12-20,百隆东方,sh601339,7.86,7.7,7.74,7.8,7.75,3.538,7128200,0.0,0.0,0.0,0.0206,0.0077
2012-12-21,百隆东方,sh601339,7.99,7.75,7.82,7.98,7.8,3.619,13521900,0.0,0.0,0.0,0.0307,0.0204
2012-12-24,百隆东方,sh601339,8.15,7.89,8.0,7.97,7.98,3.615,12011800,0.0,0.0,0.0,0.0325,-0.0037
2012-12-25,百隆东方,sh601339,8.21,7.88,7.97,8.18,7.97,3.71,13409100,0.0,0.0,0.0,0.0414,0.0263
2012-12-26,百隆东方,sh601339,8.52,8.12,8.16,8.5,8.18,3.855,17671300,0.0,0.0,0.0,0.0488,0.0416
2012-12-27,百隆东方,sh601339,8.55,8.2,8.55,8.21,8.5,3.724,13719800,0.0,0.0,0.0,0.0411,-0.0397
2012-12-28,百隆东方,sh601339,8.25,8.05,8.16,8.22,8.21,3.728,8205300,0.0,0.0,0.0,0.0243,0.0073
2012-12-31,百隆东方,sh601339,8.35,8.18,8.2,8.31,8.22,3.769,6053000,0.0,0.0,0.0,0.0206,0.0134
2013-01-04,百隆东方,sh601339,8.54,8.17,8.36,8.22,8.31,8.219965,3648721,0.0,0.0,0.0,0.0445,-0.0167
2013-01-07,百隆东方,sh601339,8.22,8.08,8.18,8.17,8.22,8.169963,3522336,0.0,0.0,0.0,0.017,-0.0012
2013-01-08,百隆东方,sh601339,8.29,8.12,8.15,8.22,8.17,8.219963,2823742,0.0,0.0,0.0,0.0208,0.0085
2013-01-09,百隆东方,sh601339,8.33,8.16,8.19,8.29,8.22,8.289964,4168830,0.0,0.0,0.0,0.0206,0.0122
2013-01-10,百隆东方,sh601339,8.36,8.21,8.26,8.3,8.29,8.299961,2869836,0.0,0.0,0.0,0.018,0.0048
2013-01-11,百隆东方,sh601339,8.33,8.05,8.3,8.1,8.3,8.099966,3339241,0.0,0.0,0.0,0.0337,-0.024
2013-01-14,百隆东方,sh601339,8.38,8.05,8.06,8.32,8.1,8.319961,4553483,0.0,0.0,0.0,0.0407,0.0322
2013-01-15,百隆东方,sh601339,8.55,8.3,8.3,8.5,8.32,8.499963,6786343,0.0,0.0,0.0,0.03,0.024
2013-01-16,百隆东方,sh601339,8.51,8.33,8.47,8.42,8.5,8.419961,4158030,0.0,0.0,0.0,0.0211,-0.0059
2013-01-17,百隆东方,sh601339,8.42,8.26,8.37,8.27,8.42,8.269959,2752166,0.0,0.0,0.0,0.019,-0.0119
2013-01-18,百隆东方,sh601339,8.4,8.22,8.26,8.37,8.27,8.36996,3241287,0.0,0.0,0.0,0.0217,0.0133
2013-01-21,百隆东方,sh601339,8.47,8.36,8.37,8.44,8.37,8.439959,3017979,0.0,0.0,0.0,0.0131,0.0083
2013-01-22,百隆东方,sh601339,8.52,8.32,8.45,8.34,8.44,8.339962,3965066,0.0,0.0,0.0,0.0236,-0.013
2013-01-23,百隆东方,sh601339,8.36,8.25,8.3,8.33,8.34,8.329962,2323143,0.0,0.0,0.0,0.0131,0.0036
2013-01-24,百隆东方,sh601339,8.43,8.11,8.29,8.17,8.33,8.16996,3791874,0.0,0.0,0.0,0.0384,-0.0144
2013-01-25,百隆东方,sh601339,8.2,8.12,8.18,8.14,8.17,8.13996,1173327,0.0,0.0,0.0,0.0097,-0.0048
2013-01-28,百隆东方,sh601339,8.27,8.13,8.13,8.26,8.14,8.259959,1922646,0.0,0.0,0.0,0.0171,0.0159
2013-01-29,百隆东方,sh601339,8.22,8.06,8.2,8.2,8.26,8.199959,4506570,0.0,0.0,0.0,0.0193,0.0
2013-01-30,百隆东方,sh601339,8.24,8.1,8.2,8.2,8.2,8.199959,2597682,0.0,0.0,0.0,0.017,0.0
2013-01-31,百隆东方,sh601339,8.2,8.1,8.14,8.12,8.2,8.11996,2423711,0.0,0.0,0.0,0.0121,-0.0024
2013-02-01,百隆东方,sh601339,8.21,8.09,8.12,8.2,8.12,8.199958,2611878,0.0,0.0,0.0,0.0147,0.0098
2013-02-04,百隆东方,sh601339,8.28,8.15,8.22,8.23,8.2,8.229961,2845913,0.0,0.0,0.0,0.0158,0.0012
2013-02-05,百隆东方,sh601339,8.53,8.16,8.2,8.4,8.23,8.39996,4890001,0.0,0.0,0.0,0.0449,0.0243
2013-02-06,百隆东方,sh601339,8.5,8.31,8.38,8.43,8.4,8.4299555,3102346,0.0,0.0,0.0,0.0226,0.0059
2013-02-07,百隆东方,sh601339,8.48,8.31,8.43,8.37,8.43,8.36996,1738000,0.0,0.0,0.0,0.0201,-0.0071
2013-02-08,百隆东方,sh601339,8.77,8.36,8.37,8.6,8.37,8.599958,5295843,0.0,0.0,0.0,0.0489,0.0274
2013-02-18,百隆东方,sh601339,8.68,8.53,8.62,8.59,8.6,8.589956,2781101,0.0,0.0,0.0,0.0174,-0.0034
2013-02-19,百隆东方,sh601339,8.6,8.39,8.6,8.41,8.59,8.409954,2885430,0.0,0.0,0.0,0.0244,-0.022
2013-02-20,百隆东方,sh601339,8.52,8.41,8.41,8.5,8.41,8.499957,1809905,0.0,0.0,0.0,0.013,0.0107
2013-02-21,百隆东方,sh601339,8.48,8.25,8.48,8.3,8.5,8.299962,2976539,0.0,0.0,0.0,0.027,-0.0212
2013-02-22,百隆东方,sh601339,8.39,8.28,8.3,8.28,8.3,8.279959,2101495,0.0,0.0,0.0,0.0132,-0.0024
2013-02-25,百隆东方,sh601339,8.38,8.28,8.3,8.32,8.28,8.319959,1145929,0.0,0.0,0.0,0.012,0.0024
2013-02-26,百隆东方,sh601339,8.43,8.2,8.29,8.27,8.32,8.269957,2472424,0.0,0.0,0.0,0.0276,-0.0024
2013-02-27,百隆东方,sh601339,8.34,8.17,8.27,8.21,8.27,8.209958,1595894,0.0,0.0,0.0,0.0205,-0.0072
2013-02-28,百隆东方,sh601339,8.34,8.21,8.22,8.34,8.21,8.339954,1325146,0.0,0.0,0.0,0.0158,0.0145
2013-03-01,百隆东方,sh601339,8.44,8.32,8.33,8.43,8.34,8.429951,2092363,0.0,0.0,0.0,0.0143,0.012
2013-03-04,百隆东方,sh601339,8.4,8.15,8.38,8.18,8.43,8.179952,2643740,0.0,0.0,0.0,0.0296,-0.0238
2013-03-05,百隆东方,sh601339,8.32,8.16,8.18,8.31,8.18,8.309948,1811775,0.0,0.0,0.0,0.0195,0.0158
2013-03-06,百隆东方,sh601339,8.51,8.26,8.3,8.5,8.31,8.499947,3548407,0.0,0.0,0.0,0.03,0.024
2013-03-07,百隆东方,sh601339,8.57,8.43,8.51,8.52,8.5,8.519947,3480951,0.0,0.0,0.0,0.0164,0.0011
2013-03-08,百隆东方,sh601339,8.6,8.5,8.54,8.53,8.52,8.529949,2173818,0.0,0.0,0.0,0.0117,-0.0011
2013-03-11,百隆东方,sh601339,9.26,8.58,8.58,8.98,8.53,8.979947,14347498,0.0,0.0,0.0,0.0797,0.0466
2013-03-12,百隆东方,sh601339,9.06,8.72,9.04,8.88,8.98,8.879946,6606989,0.0,0.0,0.0,0.0378,-0.0176
2013-03-13,百隆东方,sh601339,8.92,8.63,8.89,8.76,8.88,8.759942,2820131,0.0,0.0,0.0,0.0326,-0.0146
2013-03-14,百隆东方,sh601339,9.23,8.68,8.73,9.0,8.76,8.999939,6550811,0.0,0.0,0.0,0.0627,0.0309
2013-03-15,百隆东方,sh601339,9.18,8.84,9.01,8.89,9.0,8.889941,4899410,0.0,0.0,0.0,0.0377,-0.0133
2013-03-18,百隆东方,sh601339,8.83,8.5,8.66,8.51,8.89,8.509941,3849508,0.0,0.0,0.0,0.0371,-0.0173
2013-03-19,百隆东方,sh601339,8.67,8.48,8.52,8.65,8.51,8.649938,3073145,0.0,0.0,0.0,0.0223,0.0152
2013-03-20,百隆东方,sh601339,8.92,8.62,8.7,8.91,8.65,8.909938,4392246,0.0,0.0,0.0,0.0346,0.0241
2013-03-21,百隆东方,sh601339,8.96,8.72,8.85,8.79,8.91,8.789939,4241391,0.0,0.0,0.0,0.0269,-0.0067
2013-03-22,百隆东方,sh601339,9.1,8.73,8.75,9.09,8.79,9.089939,4259065,0.0,0.0,0.0,0.042,0.0388
2013-03-25,百隆东方,sh601339,9.37,9.1,9.23,9.11,9.09,9.109937,6622682,0.0,0.0,0.0,0.0297,-0.013
2013-03-26,百隆东方,sh601339,9.23,8.9,9.05,9.18,9.11,9.179937,4934628,0.0,0.0,0.0,0.0362,0.0143
2013-03-27,百隆东方,sh601339,9.23,9.01,9.17,9.09,9.18,9.089938,2820426,0.0,0.0,0.0,0.0239,-0.0087
2013-03-28,百隆东方,sh601339,9.08,8.81,9.08,8.86,9.09,8.859935,2958997,0.0,0.0,0.0,0.0297,-0.0242
2013-03-29,百隆东方,sh601339,8.9,8.65,8.85,8.7,8.86,8.699933,2219202,0.0,0.0,0.0,0.0282,-0.0169
2013-04-01,百隆东方,sh601339,8.82,8.63,8.65,8.75,8.7,8.749932,1811432,0.0,0.0,0.0,0.0218,0.0115
2013-04-02,百隆东方,sh601339,8.82,8.55,8.76,8.61,8.75,8.609933,1936826,0.0,0.0,0.0,0.0308,-0.0171
2013-04-03,百隆东方,sh601339,8.7,8.5,8.6,8.62,8.61,8.619929,1423569,0.0,0.0,0.0,0.0232,0.0023
2013-04-08,百隆东方,sh601339,8.56,8.21,8.56,8.37,8.62,8.369934,3582320,0.0,0.0,0.0,0.0406,-0.0221
2013-04-09,百隆东方,sh601339,8.46,8.35,8.35,8.42,8.37,8.419936,1265108,0.0,0.0,0.0,0.0131,0.0083
2013-04-10,百隆东方,sh601339,8.46,8.09,8.38,8.15,8.42,8.149934,3733529,0.0,0.0,0.0,0.0439,-0.0274
2013-04-11,百隆东方,sh601339,8.25,8.17,8.2,8.23,8.15,8.229934,1727283,0.0,0.0,0.0,0.0098,0.0036
2013-04-12,百隆东方,sh601339,8.23,8.18,8.19,8.19,8.23,8.189937,1640065,0.0,0.0,0.0,0.006,0.0
2013-04-15,百隆东方,sh601339,8.23,8.15,8.15,8.23,8.19,8.229936,1118562,0.0,0.0,0.0,0.0097,0.0098
2013-04-16,百隆东方,sh601339,8.37,8.18,8.19,8.35,8.23,8.3499365,1657372,0.0,0.0,0.0,0.023,0.0195
2013-04-17,百隆东方,sh601339,8.37,8.28,8.35,8.34,8.35,8.339933,704654,0.0,0.0,0.0,0.0107,-0.0011
2013-04-18,百隆东方,sh601339,8.39,8.28,8.28,8.34,8.34,8.339933,671097,0.0,0.0,0.0,0.0131,0.0072
2013-04-19,百隆东方,sh601339,8.41,8.22,8.37,8.36,8.34,8.359933,2394882,0.0,0.0,0.0,0.0227,-0.0011
2013-04-22,百隆东方,sh601339,8.35,8.19,8.31,8.25,8.36,8.249932,2094094,0.0,0.0,0.0,0.0191,-0.0072
2013-04-23,百隆东方,sh601339,8.28,8.18,8.25,8.19,8.25,8.189931,2023030,0.0,0.0,0.0,0.0121,-0.0072
2013-04-24,百隆东方,sh601339,8.29,8.18,8.18,8.28,8.19,8.27993,888803,0.0,0.0,0.0,0.0134,0.0122
2013-04-25,百隆东方,sh601339,8.32,8.14,8.23,8.14,8.28,8.139933,1284218,0.0,0.0,0.0,0.0217,-0.0109
2013-04-26,百隆东方,sh601339,8.39,8.23,8.25,8.24,8.14,8.239932,2118085,0.0,0.0,0.0,0.0196,-0.0012
2013-05-02,百隆东方,sh601339,8.34,8.23,8.25,8.34,8.24,8.3399315,1206613,0.0,0.0,0.0,0.0133,0.0109
2013-05-03,百隆东方,sh601339,8.44,8.3,8.34,8.43,8.34,8.429928,2028726,0.0,0.0,0.0,0.0167,0.0107
2013-05-06,百隆东方,sh601339,8.46,8.37,8.45,8.44,8.43,8.439926,1643385,0.0,0.0,0.0,0.0106,-0.0011
2013-05-07,百隆东方,sh601339,8.49,8.42,8.45,8.46,8.44,8.4599285,1062527,0.0,0.0,0.0,0.0082,0.0011
2013-05-08,百隆东方,sh601339,8.81,8.47,8.49,8.71,8.46,8.709928,3977884,0.0,0.0,0.0,0.0401,0.0259
2013-05-09,百隆东方,sh601339,8.72,8.5,8.7,8.62,8.71,8.619928,2361151,0.0,0.0,0.0,0.0252,-0.0091
2013-05-10,百隆东方,sh601339,8.69,8.55,8.6,8.68,8.62,8.679932,1136416,0.0,0.0,0.0,0.0162,0.0093
2013-05-13,百隆东方,sh601339,8.8,8.64,8.73,8.69,8.68,8.689931,1139894,0.0,0.0,0.0,0.0184,-0.0045
2013-05-14,百隆东方,sh601339,8.66,8.48,8.66,8.52,8.69,8.51993,1451577,0.0,0.0,0.0,0.0207,-0.0161
2013-05-15,百隆东方,sh601339,8.63,8.47,8.51,8.55,8.52,8.549929,1154525,0.0,0.0,0.0,0.0187,0.0047
2013-05-16,百隆东方,sh601339,8.76,8.51,8.55,8.7,8.55,8.699928,2164001,0.0,0.0,0.0,0.0292,0.0175
2013-05-17,百隆东方,sh601339,8.97,8.7,8.71,8.89,8.7,8.889926,4368646,0.0,0.0,0.0,0.031,0.0206
2013-05-20,百隆东方,sh601339,8.99,8.86,8.9,8.95,8.89,8.949924,3310346,0.0,0.0,0.0,0.0146,0.0056
2013-05-21,百隆东方,sh601339,9.03,8.88,9.0,8.95,8.95,8.949924,2471744,0.0,0.0,0.0,0.0167,-0.0055
2013-05-22,百隆东方,sh601339,9.36,8.91,8.95,9.15,8.95,9.149919,7882930,0.0,0.0,0.0,0.0502,0.0223
2013-05-23,百隆东方,sh601339,9.16,8.9,9.11,8.91,9.15,8.909917,3842078,0.0,0.0,0.0,0.0284,-0.0219
2013-05-24,百隆东方,sh601339,9.06,8.87,8.9,9.03,8.91,9.029916,2587915,0.0,0.0,0.0,0.0213,0.0146
2013-05-27,百隆东方,sh601339,9.13,9.0,9.0,9.06,9.03,9.059913,2503423,0.0,0.0,0.0,0.0143,0.0066
2013-05-28,百隆东方,sh601339,9.4,9.06,9.13,9.39,9.06,9.389911,6793616,0.0,0.0,0.0,0.0375,0.0284
2013-05-29,百隆东方,sh601339,9.54,9.28,9.42,9.4,9.39,9.399911,4683819,0.0,0.0,0.0,0.0276,-0.0021
2013-05-30,百隆东方,sh601339,9.57,9.32,9.38,9.41,9.4,9.409913,4142314,0.0,0.0,0.0,0.0265,0.0031
2013-05-31,百隆东方,sh601339,9.75,9.41,9.56,9.43,9.41,9.429909,6355691,0.0,0.0,0.0,0.0361,-0.0135
2013-06-03,百隆东方,sh601339,9.65,9.36,9.46,9.48,9.43,9.479906,4957627,0.0,0.0,0.0,0.0307,0.0021
2013-06-04,百隆东方,sh601339,9.53,9.02,9.48,9.08,9.48,9.079911,5929486,0.0,0.0,0.0,0.0537,-0.0421
2013-06-05,百隆东方,sh601339,9.14,8.95,9.14,9.01,9.08,9.009914,2742255,0.0,0.0,0.0,0.0209,-0.0142
2013-06-06,百隆东方,sh601339,9.05,8.9,9.0,8.94,9.01,8.939916,1940192,0.0,0.0,0.0,0.0166,-0.0066
2013-06-07,百隆东方,sh601339,9.0,8.8,8.98,8.82,8.94,8.819916,2338939,0.0,0.0,0.0,0.0223,-0.0178
2013-06-13,百隆东方,sh601339,8.74,8.4,8.74,8.49,8.82,8.489919,2325696,0.0,0.0,0.0,0.0385,-0.0286
2013-06-14,百隆东方,sh601339,8.66,8.48,8.57,8.6,8.49,8.599914,2160254,0.0,0.0,0.0,0.0212,0.0035
2013-06-17,百隆东方,sh601339,8.86,8.58,8.61,8.75,8.6,8.749913,2024744,0.0,0.0,0.0,0.0325,0.0162
2013-06-18,百隆东方,sh601339,8.92,8.75,8.75,8.84,8.75,8.839915,2227173,0.0,0.0,0.0,0.0194,0.0102
2013-06-19,百隆东方,sh601339,8.85,8.65,8.85,8.8,8.84,8.799914,1624078,0.0,0.0,0.0,0.0226,-0.0056
2013-06-20,百隆东方,sh601339,8.77,8.55,8.77,8.56,8.8,8.559915,1472788,0.0,0.0,0.0,0.0249,-0.0239
2013-06-21,百隆东方,sh601339,8.7,8.41,8.56,8.69,8.56,8.689914,1105380,0.0,0.0,0.0,0.0338,0.0151
2013-06-24,百隆东方,sh601339,8.71,8.13,8.69,8.19,8.69,8.189922,2738392,0.0,0.0,0.0,0.0667,-0.0575
2013-06-25,百隆东方,sh601339,8.28,7.43,8.11,7.98,8.19,7.979924,3859350,0.0,0.0,0.0,0.1037,-0.016
2013-06-26,百隆东方,sh601339,8.13,7.75,7.96,8.1,7.98,8.099927,2017629,0.0,0.0,0.0,0.0476,0.0175
2013-06-27,百隆东方,sh601339,8.11,7.58,8.02,7.59,8.1,7.69493,2482347,0.0,0.0,0.0,0.0654,-0.0536
2013-06-28,百隆东方,sh601339,7.71,7.42,7.6,7.55,7.59,7.654378,3078956,0.0,0.0,0.0,0.0382,-0.0065
2013-07-01,百隆东方,sh601339,7.63,7.5,7.56,7.63,7.55,7.7354836,1053071,0.0,0.0,0.0,0.0172,0.0092
2013-07-02,百隆东方,sh601339,7.79,7.62,7.63,7.68,7.63,7.7861743,2048666,0.0,0.0,0.0,0.0222,0.0065
2013-07-03,百隆东方,sh601339,7.73,7.41,7.7,7.63,7.68,7.7354865,2287349,0.0,0.0,0.0,0.0416,-0.009
2013-07-04,百隆东方,sh601339,7.76,7.5,7.57,7.73,7.63,7.836868,1669145,0.0,0.0,0.0,0.034,0.0211
2013-07-05,百隆东方,sh601339,7.84,7.7,7.7,7.72,7.73,7.826727,1417050,0.0,0.0,0.0,0.0181,0.0025
2013-07-08,百隆东方,sh601339,7.7,7.51,7.7,7.53,7.72,7.6341033,1535180,0.0,0.0,0.0,0.0246,-0.022
2013-07-09,百隆东方,sh601339,7.65,7.55,7.65,7.59,7.53,7.6949315,707040,0.0,0.0,0.0,0.0132,-0.0078
2013-07-10,百隆东方,sh601339,7.82,7.59,7.59,7.81,7.59,7.917977,1532097,0.0,0.0,0.0,0.0303,0.0289
2013-07-11,百隆东方,sh601339,8.1,7.77,7.81,8.02,7.81,8.130883,2968035,0.0,0.0,0.0,0.0422,0.0268
2013-07-12,百隆东方,sh601339,8.08,7.88,8.05,7.91,8.02,8.019361,1316663,0.0,0.0,0.0,0.0249,-0.0173
2013-07-15,百隆东方,sh601339,8.05,7.87,7.93,8.03,7.91,8.141022,1070272,0.0,0.0,0.0,0.0227,0.0126
2013-07-16,百隆东方,sh601339,8.23,7.95,8.0,8.19,8.03,8.303232,2138586,0.0,0.0,0.0,0.0348,0.0237
2013-07-17,百隆东方,sh601339,8.45,8.05,8.11,8.16,8.19,8.272817,2485235,0.0,0.0,0.0,0.0488,0.0061
2013-07-18,百隆东方,sh601339,8.58,8.22,8.4,8.29,8.16,8.404612,3950184,0.0,0.0,0.0,0.0441,-0.013
2013-07-19,百隆东方,sh601339,8.4,7.96,8.4,7.99,8.29,8.100465,3723144,0.0,0.0,0.0,0.053,-0.0488
2013-07-22,百隆东方,sh601339,8.09,7.85,7.92,8.08,7.99,8.191709,1128184,0.0,0.0,0.0,0.03,0.0202
2013-07-23,百隆东方,sh601339,8.26,8.0,8.13,8.17,8.08,8.282956,3773010,0.0,0.0,0.0,0.0321,0.0049
2013-07-24,百隆东方,sh601339,8.17,8.0,8.13,8.08,8.17,8.191711,2159726,0.0,0.0,0.0,0.0208,-0.0061
2013-07-25,百隆东方,sh601339,8.15,8.03,8.07,8.04,8.08,8.151162,1573302,0.0,0.0,0.0,0.0148,-0.0037
2013-07-26,百隆东方,sh601339,8.05,7.9,8.05,7.95,8.04,8.059918,1196420,0.0,0.0,0.0,0.0186,-0.0124
2013-07-29,百隆东方,sh601339,7.96,7.82,7.95,7.86,7.95,7.968672,989299,0.0,0.0,0.0,0.0176,-0.0113
2013-07-30,百隆东方,sh601339,7.93,7.77,7.82,7.9,7.86,8.009225,690442,0.0,0.0,0.0,0.0203,0.0102
2013-07-31,百隆东方,sh601339,8.02,7.92,7.95,7.96,7.9,8.070054,820089,0.0,0.0,0.0,0.0126,0.0012
2013-08-01,百隆东方,sh601339,8.13,7.93,7.96,8.12,7.96,8.23227,1363297,0.0,0.0,0.0,0.0251,0.0201
2013-08-02,百隆东方,sh601339,8.16,8.08,8.12,8.13,8.12,8.242413,1344550,0.0,0.0,0.0,0.0098,0.0012
2013-08-05,百隆东方,sh601339,8.19,8.11,8.14,8.19,8.13,8.303242,1234517,0.0,0.0,0.0,0.0098,0.0061
2013-08-06,百隆东方,sh601339,8.4,8.16,8.18,8.4,8.19,8.516146,3459235,0.0,0.0,0.0,0.0293,0.0268
2013-08-07,百隆东方,sh601339,8.47,8.23,8.4,8.31,8.4,8.424903,2285601,0.0,0.0,0.0,0.0285,-0.0107
2013-08-08,百隆东方,sh601339,8.37,8.2,8.31,8.34,8.31,8.4553175,1195286,0.0,0.0,0.0,0.0204,0.0036
2013-08-09,百隆东方,sh601339,8.5,8.32,8.32,8.48,8.34,8.597257,2393499,0.0,0.0,0.0,0.0215,0.0192
2013-08-12,百隆东方,sh601339,8.56,8.48,8.5,8.56,8.48,8.678363,3046047,0.0,0.0,0.0,0.0094,0.007
2013-08-13,百隆东方,sh601339,8.67,8.52,8.59,8.64,8.56,8.759471,2070759,0.0,0.0,0.0,0.0175,0.0058
2013-08-14,百隆东方,sh601339,8.75,8.63,8.63,8.74,8.64,8.860853,3463869,0.0,0.0,0.0,0.0138,0.0127
2013-08-15,百隆东方,sh601339,8.69,8.43,8.69,8.44,8.74,8.5567045,3638549,0.0,0.0,0.0,0.0297,-0.0287
2013-08-16,百隆东方,sh601339,8.58,8.33,8.38,8.33,8.44,8.445185,3119090,0.0,0.0,0.0,0.0296,-0.0059
2013-08-19,百隆东方,sh601339,8.48,8.27,8.3,8.47,8.33,8.587123,1216305,0.0,0.0,0.0,0.0252,0.0204
2013-08-20,百隆东方,sh601339,8.53,8.34,8.47,8.4,8.47,8.516159,1375151,0.0,0.0,0.0,0.0224,-0.0082
2013-08-21,百隆东方,sh601339,8.44,8.33,8.4,8.42,8.4,8.536436,1095673,0.0,0.0,0.0,0.013,0.0023
2013-08-22,百隆东方,sh601339,8.45,8.34,8.41,8.36,8.42,8.475605,1384005,0.0,0.0,0.0,0.013,-0.0059
2013-08-23,百隆东方,sh601339,8.41,8.12,8.4,8.2,8.36,8.313391,2067129,0.0,0.0,0.0,0.0346,-0.0238
2013-08-26,百隆东方,sh601339,8.41,8.19,8.21,8.39,8.2,8.506021,1478284,0.0,0.0,0.0,0.0268,0.0219
2013-08-27,百隆东方,sh601339,8.44,8.34,8.39,8.43,8.39,8.546577,1440912,0.0,0.0,0.0,0.0119,0.0047
2013-08-28,百隆东方,sh601339,8.44,8.31,8.36,8.39,8.43,8.506023,1625164,0.0,0.0,0.0,0.0154,0.0035
2013-08-29,百隆东方,sh601339,8.49,8.37,8.4,8.47,8.39,8.587129,1879128,0.0,0.0,0.0,0.0143,0.0083
2013-08-30,百隆东方,sh601339,8.58,8.42,8.47,8.48,8.47,8.59727,3006554,0.0,0.0,0.0,0.0188,0.0011
2013-09-02,百隆东方,sh601339,8.53,8.36,8.45,8.44,8.48,8.556717,1909424,0.0,0.0,0.0,0.02,-0.0011
2013-09-03,百隆东方,sh601339,8.53,8.36,8.41,8.52,8.44,8.637826,1825101,0.0,0.0,0.0,0.0201,0.013
2013-09-04,百隆东方,sh601339,8.53,8.43,8.52,8.48,8.52,8.597271,1281787,0.0,0.0,0.0,0.0117,-0.0046
2013-09-05,百隆东方,sh601339,8.7,8.41,8.47,8.62,8.48,8.739203,3016807,0.0,0.0,0.0,0.0341,0.0177
2013-09-06,百隆东方,sh601339,8.74,8.55,8.55,8.67,8.62,8.789891,2822864,0.0,0.0,0.0,0.022,0.014
2013-09-09,百隆东方,sh601339,8.79,8.67,8.7,8.73,8.67,8.850717,3252876,0.0,0.0,0.0,0.0138,0.0034
2013-09-10,百隆东方,sh601339,8.79,8.64,8.79,8.72,8.73,8.840583,2758717,0.0,0.0,0.0,0.0171,-0.0079
2013-09-11,百隆东方,sh601339,8.76,8.57,8.7,8.61,8.72,8.729059,3887168,0.0,0.0,0.0,0.0217,-0.0103
2013-09-12,百隆东方,sh601339,8.68,8.56,8.57,8.63,8.61,8.749336,2471104,0.0,0.0,0.0,0.0139,0.007
2013-09-13,百隆东方,sh601339,8.86,8.61,8.61,8.77,8.63,8.891269,3788448,0.0,0.0,0.0,0.0289,0.0185
2013-09-16,百隆东方,sh601339,9.17,8.79,8.98,8.85,8.77,8.972374,7305860,0.0,0.0,0.0,0.0433,-0.0144
2013-09-17,百隆东方,sh601339,9.07,8.74,8.85,8.76,8.85,8.881134,6341843,0.0,0.0,0.0,0.0372,-0.0101
2013-09-18,百隆东方,sh601339,8.81,8.56,8.72,8.65,8.76,8.769614,4747202,0.0,0.0,0.0,0.0285,-0.008
2013-09-23,百隆东方,sh601339,8.89,8.6,8.65,8.87,8.65,8.9926605,4478164,0.0,0.0,0.0,0.0335,0.0254
2013-09-24,百隆东方,sh601339,9.15,8.73,8.88,9.05,8.87,9.175148,6283082,0.0,0.0,0.0,0.0473,0.0191
2013-09-25,百隆东方,sh601339,9.35,8.92,8.96,9.14,9.05,9.266396,9145545,0.0,0.0,0.0,0.0475,0.02
2013-09-26,百隆东方,sh601339,9.18,8.76,9.08,8.76,9.14,8.881145,4338588,0.0,0.0,0.0,0.0459,-0.0352
2013-09-27,百隆东方,sh601339,9.02,8.72,8.76,8.86,8.76,8.982532,3227737,0.0,0.0,0.0,0.0342,0.0114
2013-09-30,百隆东方,sh601339,8.94,8.79,8.9,8.86,8.86,8.982532,2623805,0.0,0.0,0.0,0.0169,-0.0044
2013-10-08,百隆东方,sh601339,9.13,8.82,8.86,9.09,8.86,9.21571,3337024,0.0,0.0,0.0,0.0349,0.0259
2013-10-09,百隆东方,sh601339,9.12,8.96,9.07,9.08,9.09,9.205572,2749389,0.0,0.0,0.0,0.0176,0.0011
2013-10-10,百隆东方,sh601339,9.14,8.98,9.06,9.04,9.08,9.165022,3631765,0.0,0.0,0.0,0.0176,-0.0022
2013-10-11,百隆东方,sh601339,9.18,9.03,9.06,9.17,9.04,9.2968235,4544911,0.0,0.0,0.0,0.0165,0.0121
2013-10-14,百隆东方,sh601339,9.32,9.12,9.19,9.25,9.17,9.37793,4896969,0.0,0.0,0.0,0.0218,0.0065
2013-10-15,百隆东方,sh601339,9.36,9.07,9.31,9.16,9.25,9.286682,3929587,0.0,0.0,0.0,0.0313,-0.0161
2013-10-16,百隆东方,sh601339,9.24,8.9,9.16,8.95,9.16,9.073775,3751188,0.0,0.0,0.0,0.0371,-0.0229
2013-10-17,百隆东方,sh601339,9.05,8.91,8.99,8.97,8.95,9.094055,2258189,0.0,0.0,0.0,0.0156,-0.0022
2013-10-18,百隆东方,sh601339,9.78,9.07,9.08,9.38,8.97,9.509727,10100916,0.0,0.0,0.0,0.0791,0.033
2013-10-21,百隆东方,sh601339,9.58,9.36,9.4,9.54,9.38,9.671944,7419100,0.0,0.0,0.0,0.0234,0.0148
2013-10-22,百隆东方,sh601339,9.7,9.4,9.5,9.63,9.54,9.763188,5878410,0.0,0.0,0.0,0.0314,0.0136
2013-10-23,百隆东方,sh601339,9.65,9.28,9.57,9.29,9.63,9.418489,4612114,0.0,0.0,0.0,0.0384,-0.0292
2013-10-24,百隆东方,sh601339,9.48,9.15,9.33,9.19,9.29,9.317109,5362552,0.0,0.0,0.0,0.0355,-0.015
2013-10-25,百隆东方,sh601339,9.31,9.15,9.19,9.27,9.19,9.398214,3223805,0.0,0.0,0.0,0.0174,0.0087
2013-10-28,百隆东方,sh601339,9.47,9.1,9.27,9.13,9.27,9.256283,5575250,0.0,0.0,0.0,0.0399,-0.0151
2013-10-29,百隆东方,sh601339,9.22,8.56,9.09,8.68,9.13,8.800058,7087762,0.0,0.0,0.0,0.0722,-0.0451
2013-10-30,百隆东方,sh601339,8.83,8.63,8.7,8.82,8.68,8.941995,4225905,0.0,0.0,0.0,0.023,0.0137
2013-10-31,百隆东方,sh601339,8.85,8.7,8.76,8.78,8.82,8.9014435,1989773,0.0,0.0,0.0,0.017,0.0022
2013-11-01,百隆东方,sh601339,8.8,8.67,8.8,8.78,8.78,8.9014435,1518760,0.0,0.0,0.0,0.0148,-0.0022
2013-11-04,百隆东方,sh601339,8.82,8.72,8.78,8.8,8.78,8.9217205,1449021,0.0,0.0,0.0,0.0113,0.0022
2013-11-05,百隆东方,sh601339,8.83,8.65,8.69,8.78,8.8,8.901442,1852699,0.0,0.0,0.0,0.0204,0.0103
2013-11-06,百隆东方,sh601339,8.85,8.67,8.78,8.7,8.78,8.820332,2312800,0.0,0.0,0.0,0.0205,-0.0091
2013-11-07,百隆东方,sh601339,8.69,8.54,8.68,8.57,8.7,8.688529,2360685,0.0,0.0,0.0,0.0172,-0.0126
2013-11-08,百隆东方,sh601339,8.58,8.49,8.57,8.5,8.57,8.617561,1665791,0.0,0.0,0.0,0.0105,-0.0081
2013-11-11,百隆东方,sh601339,8.59,8.46,8.52,8.58,8.5,8.698669,923288,0.0,0.0,0.0,0.0152,0.007
2013-11-12,百隆东方,sh601339,8.66,8.53,8.56,8.65,8.58,8.769642,1216961,0.0,0.0,0.0,0.0151,0.0105
2013-11-13,百隆东方,sh601339,8.67,8.49,8.67,8.5,8.65,8.617568,1191701,0.0,0.0,0.0,0.0208,-0.0196
2013-11-14,百隆东方,sh601339,8.61,8.45,8.5,8.59,8.5,8.708811,1070901,0.0,0.0,0.0,0.0188,0.0105
2013-11-15,百隆东方,sh601339,8.88,8.59,8.59,8.71,8.59,8.830473,3661629,0.0,0.0,0.0,0.0337,0.0139
2013-11-18,百隆东方,sh601339,8.89,8.74,8.75,8.86,8.71,8.982552,2814069,0.0,0.0,0.0,0.0172,0.0125
2013-11-19,百隆东方,sh601339,8.94,8.83,8.91,8.92,8.86,9.043381,2805328,0.0,0.0,0.0,0.0124,0.0011
2013-11-20,百隆东方,sh601339,8.96,8.75,8.92,8.82,8.92,8.941996,5693348,0.0,0.0,0.0,0.0235,-0.0112
2013-11-21,百隆东方,sh601339,8.88,8.73,8.81,8.81,8.82,8.931855,2500312,0.0,0.0,0.0,0.017,0.0
2013-11-22,百隆东方,sh601339,8.86,8.76,8.81,8.81,8.81,8.931855,2072611,0.0,0.0,0.0,0.0113,0.0
2013-11-25,百隆东方,sh601339,8.99,8.81,8.82,8.98,8.81,9.104204,3805156,0.0,0.0,0.0,0.0204,0.0181
2013-11-26,百隆东方,sh601339,9.07,8.9,8.98,8.97,8.98,9.094063,2106542,0.0,0.0,0.0,0.0189,-0.0011
2013-11-27,百隆东方,sh601339,9.06,8.92,8.97,9.0,8.97,9.124473,2038241,0.0,0.0,0.0,0.0156,0.0033
2013-11-28,百隆东方,sh601339,9.09,8.99,9.03,9.06,9.0,9.185306,2784195,0.0,0.0,0.0,0.0111,0.0033
2013-11-29,百隆东方,sh601339,9.22,9.0,9.08,9.12,9.06,9.2461405,3013416,0.0,0.0,0.0,0.0242,0.0044
2013-12-02,百隆东方,sh601339,9.09,8.65,9.01,8.79,9.12,8.911578,4619564,0.0,0.0,0.0,0.0482,-0.0244
2013-12-03,百隆东方,sh601339,9.1,8.73,8.75,9.1,8.79,9.2258625,2968686,0.0,0.0,0.0,0.042,0.0399
2013-12-04,百隆东方,sh601339,9.44,9.06,9.12,9.28,9.1,9.40835,5545091,0.0,0.0,0.0,0.0417,0.0175
2013-12-05,百隆东方,sh601339,9.34,9.2,9.28,9.28,9.28,9.40835,2657210,0.0,0.0,0.0,0.015,0.0
2013-12-06,百隆东方,sh601339,9.57,9.26,9.26,9.47,9.28,9.600977,7332613,0.0,0.0,0.0,0.0334,0.0226
2013-12-09,百隆东方,sh601339,10.42,9.78,9.78,10.42,9.47,10.564117,32576004,0.0,0.0,0.0,0.0675,0.0654
2013-12-10,百隆东方,sh601339,10.42,10.12,10.18,10.24,10.42,10.381633,16632040,0.0,0.0,0.0,0.0287,0.0058
2013-12-11,百隆东方,sh601339,10.54,10.03,10.15,10.28,10.24,10.422184,14109105,0.0,0.0,0.0,0.0498,0.0128
2013-12-12,百隆东方,sh601339,10.7,10.06,10.19,10.47,10.28,10.614807,14538807,0.0,0.0,0.0,0.0622,0.0274
2013-12-13,百隆东方,sh601339,10.47,10.07,10.25,10.09,10.47,10.229553,11659138,0.0,0.0,0.0,0.0382,-0.0156
2013-12-16,百隆东方,sh601339,10.23,9.96,10.11,10.14,10.09,10.28024,8390264,0.0,0.0,0.0,0.0267,0.0029
2013-12-17,百隆东方,sh601339,10.46,10.05,10.13,10.35,10.14,10.493144,8389414,0.0,0.0,0.0,0.0404,0.0217
2013-12-18,百隆东方,sh601339,10.83,10.3,10.35,10.65,10.35,10.797298,14351369,0.0,0.0,0.0,0.0512,0.0289
2013-12-19,百隆东方,sh601339,10.65,9.99,10.58,10.02,10.65,10.158585,9996326,0.0,0.0,0.0,0.0619,-0.0529
2013-12-20,百隆东方,sh601339,10.12,9.68,10.0,9.78,10.02,9.915266,8101034,0.0,0.0,0.0,0.0439,-0.022
2013-12-23,百隆东方,sh601339,9.88,9.59,9.8,9.67,9.78,9.803749,4263605,0.0,0.0,0.0,0.0296,-0.0132
2013-12-24,百隆东方,sh601339,9.94,9.64,9.7,9.76,9.67,9.894992,4349468,0.0,0.0,0.0,0.031,0.0061
2013-12-25,百隆东方,sh601339,10.04,9.73,9.79,10.02,9.76,10.158585,5588066,0.0,0.0,0.0,0.0317,0.0234
2013-12-26,百隆东方,sh601339,10.04,9.68,10.02,9.7,10.02,9.834161,4427897,0.0,0.0,0.0,0.0359,-0.0319
2013-12-27,百隆东方,sh601339,9.99,9.63,9.63,9.95,9.7,10.087616,4124056,0.0,0.0,0.0,0.0371,0.0332
2013-12-30,百隆东方,sh601339,10.2,9.98,10.0,10.15,9.95,10.290387,5222959,0.0,0.0,0.0,0.0221,0.015
2013-12-31,百隆东方,sh601339,10.18,9.93,10.18,10.13,10.15,10.270115,4157173,0.0,0.0,0.0,0.0246,-0.0049
2014-01-02,百隆东方,sh601339,10.1,9.93,10.1,10.0,10.13,10.138319,3495037,0.0,0.0,0.0,0.0167,-0.0099
2014-01-03,百隆东方,sh601339,10.07,9.7,9.98,9.73,10.0,9.864584,5203790,0.0,0.0,0.0,0.037,-0.025
2014-01-06,百隆东方,sh601339,9.7,9.33,9.7,9.34,9.73,9.4691925,4232730,0.0,0.0,0.0,0.038,-0.0371
2014-01-07,百隆东方,sh601339,9.38,9.17,9.29,9.34,9.34,9.4691925,2548930,0.0,0.0,0.0,0.0224,0.0053
2014-01-08,百隆东方,sh601339,9.48,9.25,9.34,9.29,9.34,9.418504,2790623,0.0,0.0,0.0,0.0246,-0.0053
2014-01-09,百隆东方,sh601339,9.52,9.2,9.25,9.31,9.29,9.438782,3593037,0.0,0.0,0.0,0.0344,0.0064
2014-01-10,百隆东方,sh601339,9.43,9.2,9.31,9.3,9.31,9.428644,1878655,0.0,0.0,0.0,0.0247,-0.001
2014-01-13,百隆东方,sh601339,9.36,9.03,9.29,9.04,9.3,9.165048,2497527,0.0,0.0,0.0,0.0354,-0.0269
2014-01-14,百隆东方,sh601339,9.32,8.99,9.06,9.31,9.04,9.43878,2625359,0.0,0.0,0.0,0.0365,0.0275
2014-01-15,百隆东方,sh601339,9.29,9.17,9.29,9.25,9.31,9.377947,1692615,0.0,0.0,0.0,0.0128,-0.0043
2014-01-16,百隆东方,sh601339,9.41,9.21,9.27,9.35,9.25,9.479332,1618524,0.0,0.0,0.0,0.0216,0.0086
2014-01-17,百隆东方,sh601339,9.35,9.1,9.35,9.12,9.35,9.24615,2528800,0.0,0.0,0.0,0.0267,-0.0245
2014-01-20,百隆东方,sh601339,9.2,8.96,9.13,8.99,9.12,9.114355,1838826,0.0,0.0,0.0,0.0263,-0.0153
2014-01-21,百隆东方,sh601339,9.18,9.01,9.08,9.14,8.99,9.266429,1409203,0.0,0.0,0.0,0.0189,0.0066
2014-01-22,百隆东方,sh601339,9.44,9.18,9.18,9.41,9.14,9.540159,3260714,0.0,0.0,0.0,0.0284,0.025
2014-01-23,百隆东方,sh601339,9.48,9.37,9.42,9.45,9.41,9.580714,2821270,0.0,0.0,0.0,0.0116,0.0031
2014-01-24,百隆东方,sh601339,9.98,9.61,9.61,9.89,9.45,10.026802,6786464,0.0,0.0,0.0,0.0391,0.0291
2014-01-27,百隆东方,sh601339,9.95,9.63,9.8,9.76,9.89,9.8949995,3925235,0.0,0.0,0.0,0.0323,-0.004
2014-01-28,百隆东方,sh601339,9.82,9.57,9.76,9.65,9.76,9.783483,2699652,0.0,0.0,0.0,0.0256,-0.0112
2014-01-29,百隆东方,sh601339,9.74,9.6,9.61,9.73,9.65,9.864588,1657689,0.0,0.0,0.0,0.0145,0.0124
2014-01-30,百隆东方,sh601339,9.77,9.63,9.73,9.7,9.73,9.834175,1613693,0.0,0.0,0.0,0.0143,-0.003
2014-02-07,百隆东方,sh601339,9.83,9.52,9.61,9.8,9.7,9.935555,3051767,0.0,0.0,0.0,0.0319,0.0197
2014-02-10,百隆东方,sh601339,10.16,9.89,9.89,9.99,9.8,10.128186,5817165,0.0,0.0,0.0,0.0275,0.0101
2014-02-11,百隆东方,sh601339,10.03,9.9,10.0,10.02,9.99,10.158601,4792138,0.0,0.0,0.0,0.013,0.0019
2014-02-12,百隆东方,sh601339,10.16,9.95,10.07,10.1,10.02,10.239708,5043721,0.0,0.0,0.0,0.0209,0.0029
2014-02-13,百隆东方,sh601339,10.08,9.7,10.08,9.71,10.1,9.844312,7771102,0.0,0.0,0.0,0.0376,-0.0367
2014-02-14,百隆东方,sh601339,9.84,9.69,9.75,9.82,9.71,9.955837,4384498,0.0,0.0,0.0,0.0154,0.0071
2014-02-17,百隆东方,sh601339,10.02,9.77,9.85,10.02,9.82,10.158608,6364789,0.0,0.0,0.0,0.0254,0.0172
2014-02-18,百隆东方,sh601339,10.24,9.95,10.0,10.23,10.02,10.371512,8842130,0.0,0.0,0.0,0.0289,0.023
2014-02-19,百隆东方,sh601339,10.31,10.11,10.22,10.17,10.23,10.310683,6012893,0.0,0.0,0.0,0.0195,-0.0048
2014-02-20,百隆东方,sh601339,10.26,10.0,10.19,10.01,10.17,10.148465,4534275,0.0,0.0,0.0,0.0255,-0.0176
2014-02-21,百隆东方,sh601339,10.17,9.86,9.99,9.94,10.01,10.0774975,4133810,0.0,0.0,0.0,0.0309,-0.005
2014-02-24,百隆东方,sh601339,9.92,9.6,9.91,9.75,9.94,9.884866,5623458,0.0,0.0,0.0,0.0321,-0.0161
2014-02-25,百隆东方,sh601339,9.77,9.3,9.75,9.4,9.75,9.530028,4336284,0.0,0.0,0.0,0.0482,-0.0358
2014-02-26,百隆东方,sh601339,9.44,9.21,9.39,9.43,9.4,9.560439,2355247,0.0,0.0,0.0,0.0244,0.0042
2014-02-27,百隆东方,sh601339,9.51,9.0,9.46,9.14,9.43,9.266427,4182665,0.0,0.0,0.0,0.054,-0.0338
2014-02-28,百隆东方,sh601339,9.36,9.09,9.15,9.33,9.14,9.459058,2340391,0.0,0.0,0.0,0.0295,0.0196
2014-03-03,百隆东方,sh601339,9.48,9.26,9.29,9.45,9.33,9.58072,2601792,0.0,0.0,0.0,0.0235,0.0172
2014-03-04,百隆东方,sh601339,9.45,9.22,9.45,9.37,9.45,9.499609,2287843,0.0,0.0,0.0,0.0243,-0.0084
2014-03-05,百隆东方,sh601339,9.46,9.25,9.37,9.29,9.37,9.418502,2406632,0.0,0.0,0.0,0.0224,-0.0085
2014-03-06,百隆东方,sh601339,9.33,9.16,9.22,9.3,9.29,9.428637,2493399,0.0,0.0,0.0,0.0182,0.0086
2014-03-07,百隆东方,sh601339,9.54,9.25,9.27,9.28,9.3,9.408355,2017924,0.0,0.0,0.0,0.0311,0.001
2014-03-10,百隆东方,sh601339,9.27,8.95,9.27,8.98,9.28,9.104201,2746986,0.0,0.0,0.0,0.0344,-0.0312
2014-03-11,百隆东方,sh601339,9.05,8.9,8.92,8.98,8.98,9.104201,1587107,0.0,0.0,0.0,0.0167,0.0067
2014-03-12,百隆东方,sh601339,9.06,8.81,8.97,8.95,8.98,9.073785,1465190,0.0,0.0,0.0,0.0278,-0.0022
2014-03-13,百隆东方,sh601339,9.11,8.99,8.99,9.09,8.95,9.215716,1473792,0.0,0.0,0.0,0.0134,0.0111
2014-03-14,百隆东方,sh601339,9.11,8.93,9.09,9.02,9.09,9.144747,1533694,0.0,0.0,0.0,0.0198,-0.0077
2014-03-17,百隆东方,sh601339,9.19,8.99,9.05,9.18,9.02,9.306956,1455324,0.0,0.0,0.0,0.0221,0.0143
2014-03-18,百隆东方,sh601339,9.29,9.13,9.13,9.2,9.18,9.327236,1484349,0.0,0.0,0.0,0.0174,0.0076
2014-03-19,百隆东方,sh601339,9.31,9.11,9.15,9.28,9.2,9.408345,2122013,0.0,0.0,0.0,0.0217,0.0142
2014-03-20,百隆东方,sh601339,9.32,9.05,9.24,9.07,9.28,9.195444,1760753,0.0,0.0,0.0,0.029,-0.0183
2014-03-21,百隆东方,sh601339,9.3,8.93,9.0,9.24,9.07,9.367794,2277282,0.0,0.0,0.0,0.0407,0.0266
2014-03-24,百隆东方,sh601339,9.46,9.23,9.24,9.37,9.24,9.49959,2175718,0.0,0.0,0.0,0.0248,0.014
2014-03-25,百隆东方,sh601339,9.44,9.32,9.37,9.39,9.37,9.519862,1674786,0.0,0.0,0.0,0.0128,0.0021
2014-03-26,百隆东方,sh601339,9.43,9.3,9.42,9.33,9.39,9.45903,1207462,0.0,0.0,0.0,0.0138,-0.0095
2014-03-27,百隆东方,sh601339,9.36,9.22,9.3,9.23,9.33,9.357648,1261465,0.0,0.0,0.0,0.015,-0.0075
2014-03-28,百隆东方,sh601339,9.26,9.02,9.22,9.03,9.23,9.154886,2085610,0.0,0.0,0.0,0.026,-0.0206
2014-03-31,百隆东方,sh601339,9.1,8.97,9.03,8.99,9.03,9.11433,1215145,0.0,0.0,0.0,0.0143,-0.0044
2014-04-01,百隆东方,sh601339,9.13,8.99,9.03,9.12,8.99,9.246133,1005286,0.0,0.0,0.0,0.0155,0.0099
2014-04-02,百隆东方,sh601339,9.14,9.08,9.12,9.13,9.12,9.256267,800720,0.0,0.0,0.0,0.0065,0.001
2014-04-03,百隆东方,sh601339,9.23,9.1,9.15,9.21,9.13,9.33737,1470780,0.0,0.0,0.0,0.0142,0.0065
2014-04-04,百隆东方,sh601339,9.26,9.19,9.19,9.25,9.21,9.377922,997837,0.0,0.0,0.0,0.0076,0.0065
2014-04-08,百隆东方,sh601339,9.36,9.21,9.22,9.35,9.25,9.479307,1826638,0.0,0.0,0.0,0.0162,0.014
2014-04-09,百隆东方,sh601339,9.38,9.31,9.34,9.38,9.35,9.509726,1767627,0.0,0.0,0.0,0.0074,0.0042
2014-04-10,百隆东方,sh601339,9.56,9.36,9.4,9.46,9.38,9.590835,3503241,0.0,0.0,0.0,0.0213,0.0063
2014-04-11,百隆东方,sh601339,9.51,9.4,9.42,9.43,9.46,9.560422,1904456,0.0,0.0,0.0,0.0116,0.001
2014-04-14,百隆东方,sh601339,9.42,9.29,9.37,9.37,9.43,9.499589,2167191,0.0,0.0,0.0,0.0137,0.0
2014-04-15,百隆东方,sh601339,9.66,9.32,9.38,9.65,9.37,9.783465,5573106,0.0,0.0,0.0,0.0362,0.0287
2014-04-16,百隆东方,sh601339,9.74,9.52,9.65,9.66,9.65,9.793601,4638760,0.0,0.0,0.0,0.0227,0.001
2014-04-17,百隆东方,sh601339,9.46,9.24,9.45,9.26,9.66,9.388067,6982748,0.0,0.0,0.0,0.0227,-0.0201
2014-04-18,百隆东方,sh601339,9.35,9.2,9.23,9.34,9.26,9.469171,2679910,0.0,0.0,0.0,0.0161,0.0119
2014-04-21,百隆东方,sh601339,9.31,9.18,9.25,9.19,9.34,9.317096,2321744,0.0,0.0,0.0,0.0139,-0.0064
2014-04-22,百隆东方,sh601339,9.24,9.0,9.17,9.1,9.19,9.225854,2207917,0.0,0.0,0.0,0.0261,-0.0076
2014-04-23,百隆东方,sh601339,9.14,9.02,9.09,9.06,9.1,9.185297,978929,0.0,0.0,0.0,0.0131,-0.0033
2014-04-24,百隆东方,sh601339,9.09,8.88,9.03,8.89,9.06,9.012944,2157761,0.0,0.0,0.0,0.0231,-0.0155
2014-04-25,百隆东方,sh601339,8.93,8.69,8.9,8.73,8.89,8.850729,2313924,0.0,0.0,0.0,0.0269,-0.0191
2014-04-28,百隆东方,sh601339,8.79,8.53,8.7,8.54,8.73,8.658102,1728100,0.0,0.0,0.0,0.0297,-0.0183
2014-04-29,百隆东方,sh601339,8.66,8.53,8.57,8.65,8.54,8.769627,1069265,0.0,0.0,0.0,0.0152,0.0093
2014-04-30,百隆东方,sh601339,8.71,8.57,8.62,8.69,8.65,8.810178,989465,0.0,0.0,0.0,0.0161,0.0081
2014-05-05,百隆东方,sh601339,8.72,8.62,8.7,8.71,8.69,8.83045,967378,0.0,0.0,0.0,0.0115,0.0011
2014-05-06,百隆东方,sh601339,8.83,8.67,8.71,8.73,8.71,8.850724,1225182,0.0,0.0,0.0,0.0183,0.0022
2014-05-07,百隆东方,sh601339,8.79,8.64,8.7,8.66,8.73,8.779759,1076692,0.0,0.0,0.0,0.0171,-0.0045
2014-05-08,百隆东方,sh601339,8.73,8.6,8.6,8.63,8.66,8.749346,873109,0.0,0.0,0.0,0.015,0.0034
2014-05-09,百隆东方,sh601339,8.83,8.55,8.64,8.62,8.63,8.739205,1368319,0.0,0.0,0.0,0.0324,-0.0023
2014-05-12,百隆东方,sh601339,8.79,8.64,8.68,8.78,8.62,8.901414,1342308,0.0,0.0,0.0,0.0174,0.0115
2014-05-13,百隆东方,sh601339,8.79,8.73,8.79,8.76,8.78,8.881137,761233,0.0,0.0,0.0,0.0068,-0.0034
2014-05-14,百隆东方,sh601339,8.78,8.7,8.78,8.72,8.76,8.840586,826127,0.0,0.0,0.0,0.0091,-0.0068
2014-05-15,百隆东方,sh601339,8.74,8.19,8.7,8.26,8.72,8.374227,5380015,0.0,0.0,0.0,0.063,-0.0505
2014-05-16,百隆东方,sh601339,8.29,8.15,8.23,8.28,8.26,8.394501,1597543,0.0,0.0,0.0,0.0169,0.006
2014-05-19,百隆东方,sh601339,8.36,7.97,8.23,8.24,8.28,8.353947,2477398,0.0,0.0,0.0,0.0471,0.0012
2014-05-20,百隆东方,sh601339,8.3,8.21,8.28,8.26,8.24,8.374222,1119123,0.0,0.0,0.0,0.0109,-0.0024
2014-05-21,百隆东方,sh601339,8.28,8.18,8.19,8.24,8.26,8.353948,1043177,0.0,0.0,0.0,0.0121,0.0061
2014-05-22,百隆东方,sh601339,8.28,8.04,8.16,8.08,8.24,8.39855,1252599,0.0,0.0,0.0,0.0291,-0.0098
2014-05-23,百隆东方,sh601339,8.1,8.03,8.07,8.08,8.08,8.39855,572866,0.0,0.0,0.0,0.0086,0.0012
2014-05-26,百隆东方,sh601339,8.15,8.08,8.08,8.14,8.08,8.460917,765988,0.0,0.0,0.0,0.0086,0.0074
2014-05-27,百隆东方,sh601339,8.2,8.14,8.14,8.17,8.14,8.492105,941679,0.0,0.0,0.0,0.0073,0.0036
2014-05-28,百隆东方,sh601339,8.19,8.11,8.19,8.19,8.17,8.512893,1001242,0.0,0.0,0.0,0.0097,0.0
2014-05-29,百隆东方,sh601339,8.19,8.07,8.19,8.07,8.19,8.388163,914203,0.0,0.0,0.0,0.0146,-0.0146
2014-05-30,百隆东方,sh601339,8.09,8.01,8.05,8.04,8.07,8.356983,1161173,0.0,0.0,0.0,0.0099,-0.0012
2014-06-03,百隆东方,sh601339,8.09,8.0,8.03,8.05,8.04,8.367379,1155914,0.0,0.0,0.0,0.0111,0.0024
2014-06-04,百隆东方,sh601339,8.05,7.77,8.04,7.84,8.05,8.149099,1559532,0.0,0.0,0.0,0.0347,-0.0248
2014-06-05,百隆东方,sh601339,7.96,7.8,7.84,7.92,7.84,8.232253,1318259,0.0,0.0,0.0,0.0204,0.0102
2014-06-06,百隆东方,sh601339,7.92,7.81,7.92,7.84,7.92,8.149099,1240344,0.0,0.0,0.0,0.0138,-0.0101
2014-06-09,百隆东方,sh601339,7.88,7.82,7.83,7.82,7.84,8.12831,740916,0.0,0.0,0.0,0.0076,-0.0012
2014-06-10,百隆东方,sh601339,7.92,7.81,7.86,7.92,7.82,8.232256,1135757,0.0,0.0,0.0,0.014,0.0076
2014-06-11,百隆东方,sh601339,7.93,7.85,7.92,7.93,7.92,8.242653,1106925,0.0,0.0,0.0,0.0101,0.0012
2014-06-12,百隆东方,sh601339,7.94,7.88,7.92,7.9,7.93,8.211471,875462,0.0,0.0,0.0,0.0075,-0.0025
2014-06-13,百隆东方,sh601339,8.0,7.88,7.9,7.99,7.9,8.305016,1499310,0.0,0.0,0.0,0.0151,0.0113
2014-06-16,百隆东方,sh601339,8.0,7.93,7.99,8.0,7.99,8.315413,2626080,0.0,0.0,0.0,0.0087,0.0012
2014-06-17,百隆东方,sh601339,7.99,7.82,7.99,7.88,8.0,8.190682,3902100,0.0,0.0,0.0,0.0212,-0.0137
2014-06-18,百隆东方,sh601339,7.87,7.79,7.83,7.82,7.88,8.128319,2020757,0.0,0.0,0.0,0.0101,-0.0012
2014-06-19,百隆东方,sh601339,7.88,7.79,7.81,7.82,7.82,8.128319,1917215,0.0,0.0,0.0,0.0115,0.0012
2014-06-20,百隆东方,sh601339,7.86,7.78,7.81,7.84,7.82,8.149111,1239941,0.0,0.0,0.0,0.0102,0.0038
2014-06-23,百隆东方,sh601339,7.84,7.77,7.79,7.81,7.84,8.117925,1159395,0.0,0.0,0.0,0.0089,0.0025
2014-06-24,百隆东方,sh601339,7.87,7.77,7.78,7.87,7.81,8.180286,1517417,0.0,0.0,0.0,0.0128,0.0115
2014-06-25,百隆东方,sh601339,7.86,7.8,7.86,7.82,7.87,8.128317,867622,0.0,0.0,0.0,0.0076,-0.005
2014-06-26,百隆东方,sh601339,8.0,7.83,7.84,7.98,7.82,8.294622,2433520,0.0,0.0,0.0,0.0217,0.0178
2014-06-27,百隆东方,sh601339,8.08,7.96,7.99,8.07,7.98,8.388169,2497624,0.0,0.0,0.0,0.015,0.01
2014-06-30,百隆东方,sh601339,8.14,8.02,8.07,8.09,8.07,8.408955,1689793,0.0,0.0,0.0,0.0148,0.0024
2014-07-01,百隆东方,sh601339,8.11,8.03,8.07,8.08,8.09,8.3985615,1248209,0.0,0.0,0.0,0.0098,0.0012
2014-07-02,百隆东方,sh601339,8.16,8.07,8.11,8.16,8.08,8.481715,1893838,0.0,0.0,0.0,0.0111,0.0061
2014-07-03,百隆东方,sh601339,8.19,8.1,8.19,8.11,8.16,8.429749,2011866,0.0,0.0,0.0,0.011,-0.0097
2014-07-04,百隆东方,sh601339,8.14,8.08,8.12,8.1,8.11,8.419354,1449023,0.0,0.0,0.0,0.0073,-0.0024
2014-07-07,百隆东方,sh601339,8.12,8.03,8.08,8.06,8.1,8.377779,1446529,0.0,0.0,0.0,0.0111,-0.0024
2014-07-08,百隆东方,sh601339,8.13,8.02,8.06,8.12,8.06,8.440144,1399306,0.0,0.0,0.0,0.0136,0.0074
2014-07-09,百隆东方,sh601339,8.14,8.02,8.14,8.03,8.12,8.346593,1394250,0.0,0.0,0.0,0.0147,-0.0135
2014-07-10,百隆东方,sh601339,8.09,8.01,8.02,8.04,8.03,8.356985,999805,0.0,0.0,0.0,0.0099,0.0024
2014-07-11,百隆东方,sh601339,8.1,8.04,8.04,8.1,8.04,8.419353,1116087,0.0,0.0,0.0,0.0074,0.0074
2014-07-14,百隆东方,sh601339,8.22,8.08,8.1,8.21,8.1,8.533688,1818551,0.0,0.0,0.0,0.0172,0.0135
2014-07-15,百隆东方,sh601339,8.59,8.31,8.31,8.4,8.21,8.731183,6744759,0.0,0.0,0.0,0.0341,0.0108
2014-07-16,百隆东方,sh601339,8.41,8.25,8.36,8.34,8.4,8.668816,2511387,0.0,0.0,0.0,0.019,-0.0023
2014-07-17,百隆东方,sh601339,8.36,8.24,8.34,8.31,8.34,8.637634,1441565,0.0,0.0,0.0,0.0143,-0.0035
2014-07-18,百隆东方,sh601339,8.37,8.26,8.28,8.33,8.31,8.658425,1144463,0.0,0.0,0.0,0.0132,0.006
2014-07-21,百隆东方,sh601339,8.32,8.23,8.32,8.27,8.33,8.596058,1122976,0.0,0.0,0.0,0.0108,-0.006
2014-07-22,百隆东方,sh601339,8.34,8.25,8.27,8.33,8.27,8.658422,1364621,0.0,0.0,0.0,0.0108,0.0072
2014-07-23,百隆东方,sh601339,8.36,8.25,8.32,8.27,8.33,8.596056,1229291,0.0,0.0,0.0,0.0132,-0.006
2014-07-24,百隆东方,sh601339,8.35,8.25,8.26,8.34,8.27,8.668813,1686543,0.0,0.0,0.0,0.012,0.0096
2014-07-25,百隆东方,sh601339,8.43,8.3,8.34,8.42,8.34,8.751965,1821548,0.0,0.0,0.0,0.0155,0.0095
2014-07-28,百隆东方,sh601339,8.55,8.42,8.46,8.54,8.42,8.876698,3211971,0.0,0.0,0.0,0.0154,0.0094
2014-07-29,百隆东方,sh601339,8.59,8.48,8.57,8.51,8.54,8.845513,2730053,0.0,0.0,0.0,0.0128,-0.007
2014-07-30,百隆东方,sh601339,8.59,8.46,8.48,8.52,8.51,8.855907,2175608,0.0,0.0,0.0,0.0152,0.0047
2014-07-31,百隆东方,sh601339,8.58,8.49,8.53,8.58,8.52,8.91827,1636821,0.0,0.0,0.0,0.0105,0.0058
2014-08-01,百隆东方,sh601339,8.62,8.45,8.57,8.45,8.58,8.783141,2177272,0.0,0.0,0.0,0.0198,-0.014
2014-08-04,百隆东方,sh601339,8.63,8.43,8.43,8.62,8.45,8.95984,2411953,0.0,0.0,0.0,0.0236,0.0225
2014-08-05,百隆东方,sh601339,8.69,8.55,8.6,8.68,8.62,9.022209,2154635,0.0,0.0,0.0,0.0162,0.0093
2014-08-06,百隆东方,sh601339,8.67,8.56,8.65,8.63,8.68,8.970242,1899006,0.0,0.0,0.0,0.0126,-0.0023
2014-08-07,百隆东方,sh601339,8.64,8.49,8.63,8.5,8.63,8.835114,2395626,0.0,0.0,0.0,0.0173,-0.015
2014-08-08,百隆东方,sh601339,8.59,8.45,8.45,8.55,8.5,8.887082,1200376,0.0,0.0,0.0,0.0164,0.0118
2014-08-11,百隆东方,sh601339,8.65,8.56,8.56,8.65,8.55,8.991025,2165490,0.0,0.0,0.0,0.0105,0.0105
2014-08-12,百隆东方,sh601339,8.65,8.58,8.65,8.63,8.65,8.970238,1552268,0.0,0.0,0.0,0.008,-0.0023
2014-08-13,百隆东方,sh601339,8.67,8.54,8.61,8.62,8.63,8.959842,2236393,0.0,0.0,0.0,0.015,0.0011
2014-08-14,百隆东方,sh601339,8.66,8.57,8.6,8.6,8.62,8.9390545,2048436,0.0,0.0,0.0,0.0104,0.0
2014-08-15,百隆东方,sh601339,8.66,8.55,8.6,8.66,8.6,9.001422,2187090,0.0,0.0,0.0,0.0127,0.0069
2014-08-18,百隆东方,sh601339,8.78,8.63,8.66,8.77,8.66,9.115759,4826152,0.0,0.0,0.0,0.0173,0.0127
2014-08-19,百隆东方,sh601339,8.82,8.73,8.76,8.79,8.77,9.136552,3137748,0.0,0.0,0.0,0.0102,0.0034
2014-08-20,百隆东方,sh601339,8.83,8.74,8.78,8.77,8.79,9.115766,2807689,0.0,0.0,0.0,0.0102,-0.0011
2014-08-21,百隆东方,sh601339,8.82,8.6,8.76,8.72,8.77,9.063797,2236887,0.0,0.0,0.0,0.025,-0.0045
2014-08-22,百隆东方,sh601339,8.8,8.67,8.71,8.79,8.72,9.136561,2686322,0.0,0.0,0.0,0.0149,0.0091
2014-08-25,百隆东方,sh601339,8.92,8.77,8.8,8.83,8.79,9.178142,4951540,0.0,0.0,0.0,0.017,0.0034
2014-08-26,百隆东方,sh601339,8.88,8.62,8.81,8.65,8.83,8.991045,2866996,0.0,0.0,0.0,0.0294,-0.0181
2014-08-27,百隆东方,sh601339,8.68,8.61,8.64,8.64,8.65,8.980652,1605522,0.0,0.0,0.0,0.008,0.0
2014-08-28,百隆东方,sh601339,8.68,8.49,8.62,8.5,8.64,8.835129,1766115,0.0,0.0,0.0,0.0219,-0.0139
2014-08-29,百隆东方,sh601339,8.58,8.48,8.49,8.57,8.5,8.9078865,1422661,0.0,0.0,0.0,0.0117,0.0094
2014-09-01,百隆东方,sh601339,8.78,8.57,8.61,8.77,8.57,9.115769,2239694,0.0,0.0,0.0,0.0245,0.0185
2014-09-02,百隆东方,sh601339,8.89,8.75,8.8,8.88,8.77,9.230108,3599034,0.0,0.0,0.0,0.0159,0.009
2014-09-03,百隆东方,sh601339,8.99,8.85,8.89,8.91,8.88,9.261288,4315593,0.0,0.0,0.0,0.0157,0.0022
2014-09-04,百隆东方,sh601339,8.99,8.9,8.9,8.98,8.91,9.334044,3128697,0.0,0.0,0.0,0.0101,0.0089
2014-09-05,百隆东方,sh601339,9.04,8.94,9.03,8.99,8.98,9.344442,2692287,0.0,0.0,0.0,0.0111,-0.0044
2014-09-09,百隆东方,sh601339,9.11,8.9,8.99,9.11,8.99,9.4691725,4220543,0.0,0.0,0.0,0.0233,0.0133
2014-09-10,百隆东方,sh601339,9.17,9.04,9.09,9.13,9.11,9.489957,3487537,0.0,0.0,0.0,0.0142,0.0044
2014-09-11,百隆东方,sh601339,9.21,9.01,9.12,9.08,9.13,9.43799,4418043,0.0,0.0,0.0,0.0219,-0.0043
2014-09-12,百隆东方,sh601339,9.15,9.01,9.06,9.14,9.08,9.500357,3056098,0.0,0.0,0.0,0.0154,0.0088
2014-09-15,百隆东方,sh601339,9.3,9.09,9.17,9.25,9.14,9.614694,4312616,0.0,0.0,0.0,0.0229,0.0087
2014-09-16,百隆东方,sh601339,9.27,8.91,9.23,8.99,9.25,9.344443,4776104,0.0,0.0,0.0,0.0389,-0.026
2014-09-17,百隆东方,sh601339,9.13,8.96,9.0,9.13,8.99,9.4899645,3170299,0.0,0.0,0.0,0.0189,0.0144
2014-09-18,百隆东方,sh601339,9.19,9.06,9.08,9.19,9.13,9.552333,2534511,0.0,0.0,0.0,0.0142,0.0121
2014-09-19,百隆东方,sh601339,9.24,9.11,9.18,9.2,9.19,9.562725,2756548,0.0,0.0,0.0,0.0141,0.0021
2014-09-22,百隆东方,sh601339,9.2,9.0,9.2,9.01,9.2,9.365236,2377754,0.0,0.0,0.0,0.0217,-0.0206
2014-09-23,百隆东方,sh601339,9.13,9.01,9.01,9.11,9.01,9.469181,2847955,0.0,0.0,0.0,0.0133,0.011
2014-09-24,百隆东方,sh601339,9.28,9.08,9.13,9.26,9.11,9.625091,5127484,0.0,0.0,0.0,0.0219,0.0142
2014-09-25,百隆东方,sh601339,9.36,9.19,9.25,9.21,9.26,9.573115,4015647,0.0,0.0,0.0,0.0183,-0.0043
2014-09-26,百隆东方,sh601339,9.38,9.17,9.18,9.35,9.21,9.7186365,4263592,0.0,0.0,0.0,0.0228,0.0185
2014-09-29,百隆东方,sh601339,9.47,9.32,9.32,9.42,9.35,9.7914,4445774,0.0,0.0,0.0,0.016,0.0107
2014-09-30,百隆东方,sh601339,9.46,9.35,9.4,9.39,9.42,9.760214,3976835,0.0,0.0,0.0,0.0116,-0.001
2014-10-08,百隆东方,sh601339,9.45,9.36,9.39,9.42,9.39,9.791398,6155786,0.0,0.0,0.0,0.0095,0.0031
2014-10-09,百隆东方,sh601339,9.47,9.3,9.42,9.41,9.42,9.780999,4586474,0.0,0.0,0.0,0.018,-0.001
2014-10-10,百隆东方,sh601339,9.4,9.24,9.37,9.28,9.41,9.645875,4270957,0.0,0.0,0.0,0.017,-0.0096
2014-10-13,百隆东方,sh601339,9.27,9.12,9.25,9.26,9.28,9.625088,2773238,0.0,0.0,0.0,0.0161,0.001
2014-10-14,百隆东方,sh601339,9.32,9.13,9.24,9.21,9.26,9.5731125,2946334,0.0,0.0,0.0,0.0205,-0.0032
2014-10-15,百隆东方,sh601339,9.3,9.19,9.21,9.3,9.21,9.666661,2591885,0.0,0.0,0.0,0.0119,0.0097
2014-10-16,百隆东方,sh601339,9.54,9.24,9.29,9.3,9.3,9.666661,6853281,0.0,0.0,0.0,0.0322,0.001
2014-10-17,百隆东方,sh601339,9.32,9.03,9.28,9.14,9.3,9.500356,4033160,0.0,0.0,0.0,0.0311,-0.015
2014-10-20,百隆东方,sh601339,9.25,9.1,9.18,9.25,9.14,9.614693,2035477,0.0,0.0,0.0,0.0164,0.0076
2014-10-21,百隆东方,sh601339,9.37,9.2,9.24,9.21,9.25,9.573119,2039096,0.0,0.0,0.0,0.0183,-0.0032
2014-10-22,百隆东方,sh601339,9.27,9.06,9.2,9.08,9.21,9.437994,1731145,0.0,0.0,0.0,0.0228,-0.013
2014-10-23,百隆东方,sh601339,9.11,8.91,9.0,8.93,9.08,9.282079,2882753,0.0,0.0,0.0,0.022,-0.0077
2014-10-24,百隆东方,sh601339,9.04,8.92,8.92,9.04,8.93,9.396415,2138956,0.0,0.0,0.0,0.0134,0.0134
2014-10-27,百隆东方,sh601339,9.1,8.98,9.04,9.03,9.04,9.386023,1854966,0.0,0.0,0.0,0.0132,-0.0011
2014-10-28,百隆东方,sh601339,9.45,9.08,9.09,9.32,9.03,9.687455,4322439,0.0,0.0,0.0,0.0409,0.0253
2014-10-29,百隆东方,sh601339,9.43,9.3,9.37,9.35,9.32,9.718638,5169699,0.0,0.0,0.0,0.0139,-0.0021
2014-10-30,百隆东方,sh601339,9.48,9.33,9.39,9.45,9.35,9.822579,5971553,0.0,0.0,0.0,0.016,0.0063
2014-10-31,百隆东方,sh601339,9.49,9.35,9.46,9.48,9.45,9.853766,5640016,0.0,0.0,0.0,0.0148,0.0021
2014-11-03,百隆东方,sh601339,9.66,9.51,9.52,9.61,9.48,9.988891,7037243,0.0,0.0,0.0,0.0158,0.0094
2014-11-04,百隆东方,sh601339,9.63,9.46,9.6,9.53,9.61,9.905733,4584996,0.0,0.0,0.0,0.0176,-0.0072
2014-11-05,百隆东方,sh601339,9.63,9.47,9.53,9.62,9.53,9.999283,4438801,0.0,0.0,0.0,0.0167,0.0094
2014-11-06,百隆东方,sh601339,9.75,9.55,9.61,9.73,9.62,10.113626,6088667,0.0,0.0,0.0,0.0207,0.0124
2014-11-07,百隆东方,sh601339,9.8,9.52,9.74,9.53,9.73,9.90574,5096606,0.0,0.0,0.0,0.0287,-0.0215
2014-11-10,百隆东方,sh601339,9.66,9.53,9.55,9.64,9.53,10.020072,4774147,0.0,0.0,0.0,0.0136,0.0094
2014-11-11,百隆东方,sh601339,9.67,9.32,9.65,9.36,9.64,9.729029,5851651,0.0,0.0,0.0,0.0363,-0.03
2014-11-12,百隆东方,sh601339,9.72,9.35,9.37,9.71,9.36,10.092826,5656837,0.0,0.0,0.0,0.0395,0.0362
2014-11-13,百隆东方,sh601339,9.85,9.53,9.71,9.68,9.71,10.061639,5081459,0.0,0.0,0.0,0.0329,-0.003
2014-11-14,百隆东方,sh601339,9.65,9.41,9.65,9.52,9.68,9.89533,3991711,0.0,0.0,0.0,0.0247,-0.0134
2014-11-17,百隆东方,sh601339,9.67,9.47,9.52,9.6,9.52,9.978481,2947472,0.0,0.0,0.0,0.021,0.0084
2014-11-18,百隆东方,sh601339,9.79,9.62,9.67,9.71,9.6,10.092814,5067128,0.0,0.0,0.0,0.0177,0.0041
2014-11-19,百隆东方,sh601339,9.73,9.62,9.67,9.68,9.71,10.061627,3074499,0.0,0.0,0.0,0.0113,0.001
2014-11-20,百隆东方,sh601339,9.77,9.61,9.63,9.68,9.68,10.061627,2606949,0.0,0.0,0.0,0.0165,0.0051
2014-11-21,百隆东方,sh601339,10.02,9.66,9.66,10.01,9.68,10.404638,11202303,0.0,0.0,0.0,0.0371,0.0362
2014-11-24,百隆东方,sh601339,10.66,9.96,10.05,10.5,10.01,10.913956,18291929,0.0,0.0,0.0,0.0699,0.0447
2014-11-25,百隆东方,sh601339,11.0,10.42,10.44,10.72,10.5,11.142625,13180155,0.0,0.0,0.0,0.0552,0.0268
2014-11-26,百隆东方,sh601339,10.97,10.63,10.81,10.86,10.72,11.288148,8541539,0.0,0.0,0.0,0.0317,0.0046
2014-11-27,百隆东方,sh601339,11.07,10.8,10.92,11.03,10.86,11.464852,10137108,0.0,0.0,0.0,0.0248,0.01
2014-11-28,百隆东方,sh601339,11.15,10.8,11.1,10.96,11.03,11.3920965,8018528,0.0,0.0,0.0,0.0317,-0.0126
2014-12-01,百隆东方,sh601339,11.15,10.62,10.95,10.74,10.96,11.163423,7366907,0.0,0.0,0.0,0.0483,-0.0191
2014-12-02,百隆东方,sh601339,11.48,10.71,10.71,11.27,10.74,11.714315,9442128,0.0,0.0,0.0,0.0716,0.0522
2014-12-03,百隆东方,sh601339,11.45,11.12,11.26,11.44,11.27,11.891014,7674582,0.0,0.0,0.0,0.0292,0.0159
2014-12-04,百隆东方,sh601339,11.97,11.4,11.43,11.81,11.44,12.275605,8668698,0.0,0.0,0.0,0.0498,0.0332
2014-12-05,百隆东方,sh601339,11.75,11.11,11.75,11.36,11.81,11.807868,8684265,0.0,0.0,0.0,0.0541,-0.0331
2014-12-08,百隆东方,sh601339,11.58,11.22,11.25,11.38,11.36,11.828662,9517405,0.0,0.0,0.0,0.0316,0.0115
2014-12-09,百隆东方,sh601339,11.34,10.53,11.3,10.56,11.38,10.976336,12260542,0.0,0.0,0.0,0.0711,-0.0654
2014-12-10,百隆东方,sh601339,11.02,10.49,10.55,10.97,10.56,11.402503,9033496,0.0,0.0,0.0,0.0501,0.0398
2014-12-11,百隆东方,sh601339,11.1,10.74,10.9,10.97,10.97,11.402503,5173942,0.0,0.0,0.0,0.0328,0.0064
2014-12-12,百隆东方,sh601339,11.38,10.91,10.97,11.33,10.97,11.776699,7238514,0.0,0.0,0.0,0.0428,0.0328
2014-12-15,百隆东方,sh601339,11.52,11.28,11.39,11.42,11.33,11.870253,7664755,0.0,0.0,0.0,0.0211,0.0026
2014-12-16,百隆东方,sh601339,11.47,11.24,11.43,11.36,11.42,11.807886,5851483,0.0,0.0,0.0,0.0201,-0.0061
2014-12-17,百隆东方,sh601339,11.4,11.04,11.39,11.2,11.36,11.641572,5378537,0.0,0.0,0.0,0.0316,-0.0166
2014-12-18,百隆东方,sh601339,11.37,11.05,11.18,11.2,11.2,11.641572,5680551,0.0,0.0,0.0,0.0285,0.0017
2014-12-19,百隆东方,sh601339,11.19,10.69,11.15,10.9,11.2,11.3297415,6428957,0.0,0.0,0.0,0.0446,-0.0224
2014-12-22,百隆东方,sh601339,10.96,10.16,10.84,10.55,10.9,10.965943,8267652,0.0,0.0,0.0,0.0733,-0.0267
2014-12-23,百隆东方,sh601339,10.75,10.34,10.55,10.39,10.55,10.799634,3205201,0.0,0.0,0.0,0.0388,-0.0151
2014-12-24,百隆东方,sh601339,10.67,10.4,10.41,10.55,10.39,10.965938,6537609,0.0,0.0,0.0,0.0259,0.0134
2014-12-25,百隆东方,sh601339,10.79,10.56,10.56,10.76,10.55,11.184215,3977586,0.0,0.0,0.0,0.0218,0.0189
2014-12-26,百隆东方,sh601339,10.98,10.76,10.77,10.91,10.76,11.340134,5253753,0.0,0.0,0.0,0.0204,0.0129
2014-12-29,百隆东方,sh601339,10.91,10.68,10.8,10.78,10.91,11.205005,4044939,0.0,0.0,0.0,0.021,-0.0018
2014-12-30,百隆东方,sh601339,10.82,10.48,10.73,10.51,10.78,10.924364,3100489,0.0,0.0,0.0,0.0315,-0.0205
2014-12-31,百隆东方,sh601339,10.65,10.44,10.52,10.6,10.51,11.017909,2410609,0.0,0.0,0.0,0.0199,0.0076
2015-01-01,百隆东方,sh601339,10.6,10.6,10.6,10.6,10.6,5.193,0,0.0,0.0,0.0,0.0,0.0
2015-01-02,百隆东方,sh601339,10.6,10.6,10.6,10.6,10.6,5.193,0,0.0,0.0,0.0,0.0,0.0
2015-01-05,百隆东方,sh601339,11.1,10.76,10.77,11.05,10.6,5.413,191889,0.0,0.0,0.0,0.032,0.0259
2015-01-06,百隆东方,sh601339,11.15,10.85,10.98,11.12,11.05,5.447,122568,0.0,0.0,0.0,0.0271,0.0127
2015-01-07,百隆东方,sh601339,11.15,10.89,11.13,11.02,11.12,5.398,99529,0.0,0.0,0.0,0.0233,-0.0098
2015-01-08,百隆东方,sh601339,11.05,10.65,11.05,10.68,11.02,5.232,120925,0.0,0.0,0.0,0.0362,-0.0334
2015-01-09,百隆东方,sh601339,10.79,10.48,10.69,10.54,10.68,5.163,87821,0.0,0.0,0.0,0.029,-0.014
2015-01-12,百隆东方,sh601339,10.51,10.32,10.45,10.42,10.54,5.104,73921,0.0,0.0,0.0,0.018,-0.0028
2015-01-13,百隆东方,sh601339,10.66,10.36,10.45,10.63,10.42,5.207,103198,0.0,0.0,0.0,0.0287,0.0172
2015-01-14,百隆东方,sh601339,10.61,10.38,10.59,10.43,10.63,5.109,55890,0.0,0.0,0.0,0.0216,-0.0151
2015-01-15,百隆东方,sh601339,10.72,10.41,10.43,10.63,10.43,5.207,60464,0.0,0.0,0.0,0.0297,0.0191
2015-01-16,百隆东方,sh601339,10.86,10.59,10.65,10.74,10.63,5.261,91232,0.0,0.0,0.0,0.0253,0.0084
2015-01-19,百隆东方,sh601339,10.7,10.04,10.51,10.11,10.74,4.953,134368,0.0,0.0,0.0,0.0614,-0.038
2015-01-20,百隆东方,sh601339,10.48,10.16,10.22,10.48,10.11,5.134,117377,0.0,0.0,0.0,0.0316,0.0254
2015-01-21,百隆东方,sh601339,10.74,10.45,10.48,10.72,10.48,5.251,138611,0.0,0.0,0.0,0.0276,0.0229
2015-01-22,百隆东方,sh601339,11.24,10.68,10.73,11.15,10.72,5.462,218633,0.0,0.0,0.0,0.0522,0.0391
2015-01-23,百隆东方,sh601339,11.16,10.85,11.16,10.95,11.15,5.364,119358,0.0,0.0,0.0,0.0278,-0.0188
2015-01-26,百隆东方,sh601339,11.4,10.95,10.96,11.34,10.95,5.555,175125,0.0,0.0,0.0,0.041,0.0346
2015-01-27,百隆东方,sh601339,11.85,11.36,11.36,11.77,11.34,5.766,312130,0.0,0.0,0.0,0.0432,0.036
2015-01-28,百隆东方,sh601339,12.95,12.38,12.95,12.39,11.77,6.07,735879,0.0,0.0,0.0,0.0484,-0.0432
2015-01-29,百隆东方,sh601339,12.45,12.04,12.15,12.15,12.39,5.952,280122,0.0,0.0,0.0,0.033,0.0
2015-01-30,百隆东方,sh601339,12.22,11.88,12.16,11.89,12.15,5.825,225486,0.0,0.0,0.0,0.0279,-0.0222
2015-02-02,百隆东方,sh601339,12.07,11.68,11.75,11.93,11.89,5.844,168792,0.0,0.0,0.0,0.0328,0.0153
2015-02-03,百隆东方,sh601339,12.07,11.77,11.98,11.99,11.93,5.874,150446,0.0,0.0,0.0,0.0251,8.0E-4
2015-02-04,百隆东方,sh601339,12.03,11.85,12.02,11.86,11.99,5.81,111086,0.0,0.0,0.0,0.015,-0.0133
2015-02-05,百隆东方,sh601339,12.01,11.62,12.01,11.63,11.86,5.697,152520,0.0,0.0,0.0,0.0328,-0.0316
2015-02-06,百隆东方,sh601339,11.72,11.32,11.63,11.37,11.63,5.57,123743,0.0,0.0,0.0,0.0343,-0.0223
2015-02-09,百隆东方,sh601339,11.4,11.23,11.37,11.26,11.37,5.516,88471,0.0,0.0,0.0,0.0149,-0.0096
2015-02-10,百隆东方,sh601339,11.46,11.26,11.26,11.4,11.26,5.585,75952,0.0,0.0,0.0,0.0177,0.0124
2015-02-11,百隆东方,sh601339,11.54,11.42,11.45,11.49,11.4,5.629,79758,0.0,0.0,0.0,0.0105,0.0034
2015-02-12,百隆东方,sh601339,11.72,11.5,11.5,11.71,11.49,5.736,80687,0.0,0.0,0.0,0.0191,0.0182
2015-02-13,百隆东方,sh601339,12.07,11.81,11.88,11.92,11.71,5.839,194136,0.0,0.0,0.0,0.0222,0.0033
2015-02-16,百隆东方,sh601339,12.08,11.86,11.96,12.01,11.92,5.883,118745,0.0,0.0,0.0,0.0184,0.0041
2015-02-17,百隆东方,sh601339,12.07,11.95,12.0,12.07,12.01,5.913,116820,0.0,0.0,0.0,0.0099,0.0058
2015-02-18,百隆东方,sh601339,12.07,12.07,12.07,12.07,12.07,5.913,0,0.0,0.0,0.0,0.0,0.0
2015-02-19,百隆东方,sh601339,12.07,12.07,12.07,12.07,12.07,5.913,0,0.0,0.0,0.0,0.0,0.0
2015-02-20,百隆东方,sh601339,12.07,12.07,12.07,12.07,12.07,5.913,0,0.0,0.0,0.0,0.0,0.0
2015-02-23,百隆东方,sh601339,12.07,12.07,12.07,12.07,12.07,5.913,0,0.0,0.0,0.0,0.0,0.0
2015-02-24,百隆东方,sh601339,12.07,12.07,12.07,12.07,12.07,5.913,0,0.0,0.0,0.0,0.0,0.0
2015-02-25,百隆东方,sh601339,12.1,11.9,12.08,11.94,12.07,5.849,105192,0.0,0.0,0.0,0.0165,-0.0115
2015-02-26,百隆东方,sh601339,12.09,11.93,11.94,12.09,11.94,5.923,102325,0.0,0.0,0.0,0.0134,0.0125
2015-02-27,百隆东方,sh601339,12.37,12.1,12.12,12.29,12.09,6.021,216078,0.0,0.0,0.0,0.0223,0.014
2015-03-02,百隆东方,sh601339,12.39,12.22,12.34,12.32,12.29,6.035,196926,0.0,0.0,0.0,0.0138,-0.0016
2015-03-03,百隆东方,sh601339,12.28,12.0,12.28,12.05,12.32,5.903,222637,0.0,0.0,0.0,0.0227,-0.0187
2015-03-04,百隆东方,sh601339,12.27,12.07,12.07,12.24,12.05,5.996,173292,0.0,0.0,0.0,0.0165,0.014
2015-03-05,百隆东方,sh601339,12.71,12.21,12.3,12.7,12.24,6.221,364147,0.0,0.0,0.0,0.0408,0.0325
2015-03-06,百隆东方,sh601339,12.92,12.54,12.63,12.57,12.7,6.158,272089,0.0,0.0,0.0,0.0299,-0.0047
2015-03-09,百隆东方,sh601339,12.86,12.36,12.54,12.84,12.57,6.29,198010,0.0,0.0,0.0,0.0397,0.0239
2015-03-10,百隆东方,sh601339,13.28,12.68,12.81,12.99,12.84,6.363,246327,0.0,0.0,0.0,0.0467,0.014
2015-03-11,百隆东方,sh601339,13.11,12.8,13.01,12.8,12.99,6.27,200499,0.0,0.0,0.0,0.0238,-0.0161
2015-03-12,百隆东方,sh601339,12.99,12.62,12.82,12.79,12.8,6.265,154761,0.0,0.0,0.0,0.0289,-0.0023
2015-03-13,百隆东方,sh601339,12.96,12.84,12.84,12.95,12.79,6.344,106607,0.0,0.0,0.0,0.0093,0.0085
2015-03-16,百隆东方,sh601339,13.77,13.18,13.18,13.63,12.95,6.677,268014,0.0,0.0,0.0,0.0455,0.0341
2015-03-17,百隆东方,sh601339,13.99,13.55,13.72,13.93,13.63,6.824,325743,0.0,0.0,0.0,0.0322,0.0153
2015-03-18,百隆东方,sh601339,14.19,13.84,13.89,14.14,13.93,6.927,238281,0.0,0.0,0.0,0.0251,0.0179
2015-03-19,百隆东方,sh601339,14.3,13.95,14.11,14.25,14.14,6.981,262622,0.0,0.0,0.0,0.0247,0.0099
2015-03-20,百隆东方,sh601339,15.08,14.13,14.28,14.99,14.25,7.343,362553,0.0,0.0,0.0,0.0666,0.0497
2015-03-23,百隆东方,sh601339,16.26,15.2,15.2,15.97,14.99,7.823,381345,0.0,0.0,0.0,0.0707,0.0506
2015-03-24,百隆东方,sh601339,16.12,15.0,15.99,15.85,15.97,7.764,422859,0.0,0.0,0.0,0.0701,-0.0087
2015-03-25,百隆东方,sh601339,17.38,15.47,15.8,16.86,15.85,8.259,410510,0.0,0.0,0.0,0.1205,0.067
2015-03-26,百隆东方,sh601339,17.68,16.4,16.7,16.72,16.86,8.191,391932,0.0,0.0,0.0,0.0759,0.0011
2015-03-27,百隆东方,sh601339,16.9,16.5,16.71,16.79,16.72,8.225,233740,0.0,0.0,0.0,0.0239,0.0047
2015-03-30,百隆东方,sh601339,17.02,16.62,16.92,16.79,16.79,8.225,230729,0.0,0.0,0.0,0.0238,-0.0076
2015-03-31,百隆东方,sh601339,16.9,16.53,16.89,16.54,16.79,8.102,222799,0.0,0.0,0.0,0.022,-0.0207
2015-04-01,百隆东方,sh601339,17.26,16.55,16.6,17.09,16.54,8.372,270519,0.0,0.0,0.0,0.0429,0.0295
2015-04-02,百隆东方,sh601339,17.43,17.01,17.29,17.4,17.09,8.524,258562,0.0,0.0,0.0,0.0245,0.0063
2015-04-03,百隆东方,sh601339,18.88,17.22,17.38,18.59,17.4,9.107,297261,0.0,0.0,0.0,0.0954,0.0696
2015-04-06,百隆东方,sh601339,18.59,18.59,18.59,18.59,18.59,9.107,0,0.0,0.0,0.0,0.0,0.0
2015-04-07,百隆东方,sh601339,20.2,18.85,18.85,20.15,18.59,9.871,356246,0.0,0.0,0.0,0.0726,0.0689
2015-04-08,百隆东方,sh601339,20.78,19.72,20.56,20.29,20.15,9.939,444102,0.0,0.0,0.0,0.0526,-0.0131
2015-04-09,百隆东方,sh601339,20.25,18.9,20.19,19.66,20.29,9.631,374079,0.0,0.0,0.0,0.0665,-0.0262
2015-04-10,百隆东方,sh601339,21.63,19.5,19.6,21.63,19.66,10.596,478902,0.0,0.0,0.0,0.1083,0.1035
2015-04-13,百隆东方,sh601339,23.7,22.0,22.5,22.13,21.63,10.841,710100,0.0,0.0,0.0,0.0785,-0.0164
2015-04-14,百隆东方,sh601339,21.88,21.1,21.78,21.26,22.13,10.415,431628,0.0,0.0,0.0,0.0352,-0.0238
2015-04-15,百隆东方,sh601339,20.85,19.4,20.85,19.43,21.26,9.518,395415,0.0,0.0,0.0,0.0682,-0.0681
2015-04-16,百隆东方,sh601339,19.98,18.41,18.75,19.46,19.43,9.533,290023,0.0,0.0,0.0,0.0808,0.0378
2015-04-17,百隆东方,sh601339,19.95,19.12,19.78,19.26,19.46,9.435,292244,0.0,0.0,0.0,0.0426,-0.0262
2015-04-20,百隆东方,sh601339,19.17,18.12,19.17,18.18,19.26,8.906,320411,0.0,0.0,0.0,0.0545,-0.0516
2015-04-21,百隆东方,sh601339,19.17,18.05,18.08,19.15,18.18,9.381,221567,0.0,0.0,0.0,0.0616,0.0591
2015-04-22,百隆东方,sh601339,20.16,19.4,19.4,19.75,19.15,9.675,257166,0.0,0.0,0.0,0.0396,0.018
2015-04-23,百隆东方,sh601339,19.75,19.15,19.75,19.46,19.75,9.533,228839,0.0,0.0,0.0,0.0303,-0.0146
2015-04-24,百隆东方,sh601339,19.29,18.75,19.08,19.1,19.46,9.357,235823,0.0,0.0,0.0,0.0277,0.001
2015-04-27,百隆东方,sh601339,19.93,19.21,19.21,19.49,19.1,9.548,227814,0.0,0.0,0.0,0.0376,0.0145
2015-04-28,百隆东方,sh601339,19.66,18.74,19.5,18.88,19.49,9.249,227206,0.0,0.0,0.0,0.0472,-0.0317
2015-04-29,百隆东方,sh601339,19.22,18.51,18.56,19.12,18.88,9.366,140488,0.0,0.0,0.0,0.0376,0.0301
2015-04-30,百隆东方,sh601339,19.24,18.81,19.13,18.9,19.12,9.259,126102,0.0,0.0,0.0,0.0224,-0.012
2015-05-01,百隆东方,sh601339,18.9,18.9,18.9,18.9,18.9,9.259,0,0.0,0.0,0.0,0.0,0.0
2015-05-04,百隆东方,sh601339,19.06,18.72,18.86,18.94,18.9,9.278,112002,0.0,0.0,0.0,0.0179,0.0042
2015-05-05,百隆东方,sh601339,19.08,18.65,18.96,18.71,18.94,9.165,166961,0.0,0.0,0.0,0.0227,-0.0131
2015-05-06,百隆东方,sh601339,18.99,18.03,18.65,18.15,18.71,8.891,138802,0.0,0.0,0.0,0.0513,-0.0268
2015-05-07,百隆东方,sh601339,18.16,17.16,18.15,17.29,18.15,8.47,141372,0.0,0.0,0.0,0.055,-0.0473
2015-05-08,百隆东方,sh601339,18.0,17.55,17.6,18.0,17.29,8.818,143031,0.0,0.0,0.0,0.026,0.0227
2015-05-11,百隆东方,sh601339,18.95,18.3,18.3,18.94,18.0,9.278,172949,0.0,0.0,0.0,0.0361,0.0349
2015-05-12,百隆东方,sh601339,19.2,18.75,19.0,19.19,18.94,9.401,213901,0.0,0.0,0.0,0.0237,0.01
2015-05-13,百隆东方,sh601339,20.49,18.97,19.3,20.09,19.19,9.842,371687,0.0,0.0,0.0,0.0792,0.0409
2015-05-14,百隆东方,sh601339,20.09,19.51,19.97,19.74,20.09,9.67,187124,0.0,0.0,0.0,0.0288,-0.0115
2015-05-15,百隆东方,sh601339,19.76,18.8,19.74,18.92,19.74,9.268,206250,0.0,0.0,0.0,0.0486,-0.0415
2015-05-18,百隆东方,sh601339,19.3,18.71,18.88,19.28,18.92,9.445,159639,0.0,0.0,0.0,0.0311,0.0211
2015-05-19,百隆东方,sh601339,20.35,19.31,19.31,20.28,19.28,9.935,322172,0.0,0.0,0.0,0.0539,0.0502
2015-05-20,百隆东方,sh601339,21.28,20.06,20.38,20.28,20.28,9.935,356162,0.0,0.0,0.0,0.0601,-0.0049
2015-05-21,百隆东方,sh601339,21.2,20.31,20.31,21.19,20.28,10.38,326513,0.0,0.0,0.0,0.0438,0.0433
2015-05-22,百隆东方,sh601339,22.33,20.86,21.64,22.14,21.19,10.846,467380,0.0,0.0,0.0,0.0693,0.0231
2015-05-25,百隆东方,sh601339,23.33,21.65,21.9,23.09,22.14,11.311,419279,0.0,0.0,0.0,0.0758,0.0543
2015-05-26,百隆东方,sh601339,25.4,22.9,23.18,25.4,23.09,12.443,560807,0.0,0.0,0.0,0.1082,0.0957
2015-05-27,百隆东方,sh601339,26.35,24.68,25.8,25.41,25.4,12.448,587259,0.0,0.0,0.0,0.0657,-0.0151
2015-05-28,百隆东方,sh601339,26.01,22.87,25.2,22.88,25.41,11.208,551056,0.0,0.0,0.0,0.1235,-0.092
2015-05-29,百隆东方,sh601339,23.42,21.4,23.0,22.74,22.88,11.14,436188,0.0,0.0,0.0,0.0882,-0.0113
2015-06-01,百隆东方,sh601339,24.28,22.5,22.75,24.16,22.74,11.835,332403,0.0,0.0,0.0,0.0782,0.0619
2015-06-02,百隆东方,sh601339,25.35,23.81,24.1,25.29,24.16,12.389,372614,0.0,0.0,0.0,0.0637,0.0493
2015-06-03,百隆东方,sh601339,26.81,24.76,25.31,26.26,25.29,12.864,499097,0.0,0.0,0.0,0.081,0.0375
2015-06-04,百隆东方,sh601339,26.25,23.63,26.02,25.54,26.26,12.511,428517,0.0,0.0,0.0,0.0997,-0.0184
2015-06-05,百隆东方,sh601339,26.28,25.28,25.98,25.86,25.54,12.668,398906,0.0,0.0,0.0,0.0391,-0.0046
2015-06-08,百隆东方,sh601339,25.7,24.61,25.7,24.89,25.86,12.193,426295,0.0,0.0,0.0,0.0421,-0.0315
2015-06-09,百隆东方,sh601339,24.85,24.0,24.8,24.24,24.89,11.874,290274,0.0,0.0,0.0,0.0341,-0.0225
2015-06-10,百隆东方,sh601339,24.98,23.8,24.0,24.7,24.24,12.1,254594,0.0,0.0,0.0,0.0486,0.0291
2015-06-11,百隆东方,sh601339,26.0,24.24,24.7,25.61,24.7,12.546,395718,0.0,0.0,0.0,0.0712,0.0368
2015-06-12,百隆东方,sh601339,27.8,25.64,25.72,26.99,25.61,13.222,545802,0.0,0.0,0.0,0.0843,0.0493
2015-06-15,百隆东方,sh601339,27.45,26.01,26.94,26.64,26.99,13.05,400593,0.0,0.0,0.0,0.0533,-0.0111
2015-06-16,百隆东方,sh601339,26.99,25.3,26.17,26.77,26.64,13.114,427023,0.0,0.0,0.0,0.0634,0.0229
2015-06-17,百隆东方,sh601339,28.5,25.56,26.3,28.18,26.77,13.805,538614,0.0,0.0,0.0,0.1098,0.0714
2015-06-18,百隆东方,sh601339,29.55,27.48,28.0,28.28,28.18,13.854,576624,0.0,0.0,0.0,0.0734,0.01
2015-06-19,百隆东方,sh601339,27.75,26.15,27.2,26.42,28.28,12.942,406157,0.0,0.0,0.0,0.0565,-0.0286
2015-06-22,百隆东方,sh601339,26.42,26.42,26.42,26.42,26.42,12.942,0,0.0,0.0,0.0,0.0,0.0
2015-06-23,百隆东方,sh601339,27.37,24.2,26.7,27.28,26.42,13.364,366195,0.0,0.0,0.0,0.1199,0.0217
2015-06-24,百隆东方,sh601339,27.95,26.08,27.52,26.45,27.28,12.957,415671,0.0,0.0,0.0,0.0685,-0.0388
2015-06-25,百隆东方,sh601339,13.3,11.905,13.24,12.065,26.45,5.91,435638,0.0,0.0,0.0,0.0527,-0.0887
2015-06-26,百隆东方,sh601339,11.75,10.86,11.75,10.86,12.065,5.32,218125,0.0,0.0,0.0,0.0737,-0.0757
2015-06-29,百隆东方,sh601339,11.25,9.68,10.98,9.68,10.86,9.68,116665,0.0,0.0,0.0,0.1445,-0.1183
2015-06-30,百隆东方,sh601339,9.92,8.71,9.02,9.7,9.68,9.7,373957,0.0,0.0,0.0,0.1249,0.0753
2015-07-01,百隆东方,sh601339,9.65,8.73,9.65,8.73,9.7,8.73,304159,0.0,0.0,0.0,0.0948,-0.0953
2015-07-02,百隆东方,sh601339,8.49,7.86,8.15,7.86,8.73,7.86,264080,0.0,0.0,0.0,0.0721,-0.0355
2015-07-03,百隆东方,sh601339,7.86,7.07,7.31,7.07,7.86,7.07,279805,0.0,0.0,0.0,0.1005,-0.0328
2015-07-06,百隆东方,sh601339,7.76,6.37,7.76,6.38,7.07,6.38,371061,0.0,0.0,0.0,0.1966,-0.1778
2015-07-07,百隆东方,sh601339,6.17,5.74,6.17,5.74,6.38,5.74,248088,0.0,0.0,0.0,0.0673,-0.0696
2015-07-08,百隆东方,sh601339,5.34,5.17,5.17,5.17,5.74,5.17,355266,0.0,0.0,0.0,0.0296,0.0
2015-07-09,百隆东方,sh601339,5.69,5.19,5.2,5.69,5.17,5.69,356920,0.0,0.0,0.0,0.0967,0.0942
2015-07-10,百隆东方,sh601339,6.26,6.01,6.26,6.26,5.69,6.26,114576,0.0,0.0,0.0,0.0439,0.0
2015-07-13,百隆东方,sh601339,6.89,6.89,6.89,6.89,6.26,6.89,36824,0.0,0.0,0.0,0.0,0.0
2015-07-14,百隆东方,sh601339,7.58,7.18,7.58,7.58,6.89,7.58,381940,0.0,0.0,0.0,0.058,0.0
2015-07-15,百隆东方,sh601339,7.8,6.82,7.8,6.82,7.58,6.82,562076,0.0,0.0,0.0,0.1292,-0.1256
2015-07-16,百隆东方,sh601339,7.2,6.27,6.37,7.06,6.82,7.06,315852,0.0,0.0,0.0,0.1363,0.1083
2015-07-17,百隆东方,sh601339,7.7,7.07,7.16,7.63,7.06,7.63,316697,0.0,0.0,0.0,0.0892,0.0656
2015-07-20,百隆东方,sh601339,7.98,7.4,7.62,7.78,7.63,7.78,355571,0.0,0.0,0.0,0.076,0.0209
2015-07-21,百隆东方,sh601339,7.95,7.5,7.68,7.84,7.78,7.84,273089,0.0,0.0,0.0,0.0578,0.0208
2015-07-22,百隆东方,sh601339,7.93,7.52,7.83,7.76,7.84,7.76,243099,0.0,0.0,0.0,0.0522,-0.0089
2015-07-23,百隆东方,sh601339,8.35,7.66,7.74,8.21,7.76,8.21,356915,0.0,0.0,0.0,0.0889,0.0607
2015-07-24,百隆东方,sh601339,8.38,7.77,8.29,7.87,8.21,7.87,369810,0.0,0.0,0.0,0.0742,-0.0506
2015-07-27,百隆东方,sh601339,8.07,7.09,7.78,7.19,7.87,7.19,332862,0.0,0.0,0.0,0.1245,-0.0758
2015-07-28,百隆东方,sh601339,7.49,6.6,6.98,7.16,7.19,7.16,289589,0.0,0.0,0.0,0.1237,0.0257
2015-07-29,百隆东方,sh601339,7.58,6.97,7.28,7.52,7.16,7.52,221759,0.0,0.0,0.0,0.0851,0.0329
2015-07-30,百隆东方,sh601339,7.74,7.28,7.42,7.39,7.52,7.39,252381,0.0,0.0,0.0,0.0611,-0.004
2015-07-31,百隆东方,sh601339,7.57,7.12,7.2,7.32,7.39,7.32,177043,0.0,0.0,0.0,0.0608,0.0166
2015-08-03,百隆东方,sh601339,7.3,6.78,7.3,6.88,7.32,6.88,161140,0.0,0.0,0.0,0.071,-0.0575
2015-08-04,百隆东方,sh601339,7.4,6.9,6.94,7.38,6.88,7.38,175265,0.0,0.0,0.0,0.0726,0.0634
2015-08-05,百隆东方,sh601339,7.47,7.14,7.38,7.18,7.38,7.18,180081,0.0,0.0,0.0,0.0447,-0.0271
2015-08-06,百隆东方,sh601339,7.2,6.97,7.02,7.06,7.18,7.06,103204,0.0,0.0,0.0,0.032,0.0056
2015-08-07,百隆东方,sh601339,7.34,7.08,7.08,7.3,7.06,7.3,163938,0.0,0.0,0.0,0.0368,0.031
2015-08-10,百隆东方,sh601339,7.76,7.31,7.37,7.69,7.3,7.69,277855,0.0,0.0,0.0,0.0616,0.0434
2015-08-11,百隆东方,sh601339,8.46,7.58,7.69,8.46,7.69,8.46,671585,0.0,0.0,0.0,0.1144,0.1001
2015-08-12,百隆东方,sh601339,9.18,8.36,8.48,9.09,8.46,9.09,814812,0.0,0.0,0.0,0.0969,0.0719
2015-08-13,百隆东方,sh601339,8.99,8.64,8.94,8.94,9.09,8.94,477073,0.0,0.0,0.0,0.0385,0.0
2015-08-14,百隆东方,sh601339,9.1,8.69,8.86,8.83,8.94,8.83,352636,0.0,0.0,0.0,0.0458,-0.0033
2015-08-17,百隆东方,sh601339,9.3,8.45,8.67,9.19,8.83,9.19,343040,0.0,0.0,0.0,0.0962,0.0599
2015-08-18,百隆东方,sh601339,9.15,8.27,9.15,8.27,9.19,8.27,399085,0.0,0.0,0.0,0.0957,-0.0961
2015-08-19,百隆东方,sh601339,8.46,7.47,7.85,8.28,8.27,8.28,306642,0.0,0.0,0.0,0.1197,0.0547
2015-08-20,百隆东方,sh601339,8.27,7.8,8.1,7.82,8.28,7.82,184192,0.0,0.0,0.0,0.0567,-0.0345
2015-08-21,百隆东方,sh601339,7.76,7.13,7.51,7.26,7.82,7.26,242714,0.0,0.0,0.0,0.0805,-0.0332
2015-08-24,百隆东方,sh601339,7.0,6.53,6.95,6.53,7.26,6.53,180736,0.0,0.0,0.0,0.0647,-0.0604
2015-08-25,百隆东方,sh601339,6.45,5.88,5.9,5.88,6.53,5.88,231674,0.0,0.0,0.0,0.0872,-0.0033
2015-08-26,百隆东方,sh601339,6.27,5.68,6.07,5.95,5.88,5.95,248328,0.0,0.0,0.0,0.1003,-0.0197
2015-08-27,百隆东方,sh601339,6.45,6.0,6.14,6.43,5.95,6.43,197142,0.0,0.0,0.0,0.0756,0.0472
2015-08-28,百隆东方,sh601339,6.89,6.4,6.5,6.84,6.43,6.84,221133,0.0,0.0,0.0,0.0762,0.0523
2015-08-31,百隆东方,sh601339,6.82,6.41,6.77,6.59,6.84,6.59,214117,0.0,0.0,0.0,0.0599,-0.0265
2015-09-01,百隆东方,sh601339,6.6,6.1,6.6,6.28,6.59,6.28,148569,0.0,0.0,0.0,0.0758,-0.0484
2015-09-02,百隆东方,sh601339,6.47,5.73,5.9,6.07,6.28,6.07,144042,0.0,0.0,0.0,0.1178,0.0288
2015-09-03,百隆东方,sh601339,6.07,6.07,6.07,6.07,6.07,6.07,0,0.0,0.0,0.0,0.0,0.0
2015-09-04,百隆东方,sh601339,6.07,6.07,6.07,6.07,6.07,6.07,0,0.0,0.0,0.0,0.0,0.0
2015-09-07,百隆东方,sh601339,6.65,6.1,6.28,6.19,6.07,6.19,121985,0.0,0.0,0.0,0.0906,-0.0143
2015-09-08,百隆东方,sh601339,6.5,6.09,6.16,6.49,6.19,6.49,97923,0.0,0.0,0.0,0.0662,0.0535
2015-09-09,百隆东方,sh601339,6.74,6.49,6.49,6.67,6.49,6.67,189220,0.0,0.0,0.0,0.0385,0.0277
2015-09-10,百隆东方,sh601339,6.6,6.44,6.57,6.47,6.67,6.47,96629,0.0,0.0,0.0,0.0239,-0.0152
2015-09-11,百隆东方,sh601339,6.53,6.31,6.43,6.41,6.47,6.41,78527,0.0,0.0,0.0,0.034,-0.0031
2015-09-14,百隆东方,sh601339,6.48,5.85,6.48,5.88,6.41,5.88,111768,0.0,0.0,0.0,0.0982,-0.0925
2015-09-15,百隆东方,sh601339,5.87,5.51,5.82,5.55,5.88,5.55,104088,0.0,0.0,0.0,0.0612,-0.0463
2015-09-16,百隆东方,sh601339,6.11,5.58,5.6,6.05,5.55,6.05,120383,0.0,0.0,0.0,0.0954,0.0803
2015-09-17,百隆东方,sh601339,6.09,5.77,6.0,5.78,6.05,5.78,133235,0.0,0.0,0.0,0.0528,-0.0366
2015-09-18,百隆东方,sh601339,5.88,5.76,5.83,5.82,5.78,5.82,55211,0.0,0.0,0.0,0.0207,-0.0017
2015-09-21,百隆东方,sh601339,5.99,5.72,5.78,5.98,5.82,5.98,87431,0.0,0.0,0.0,0.0463,0.0346
2015-09-22,百隆东方,sh601339,6.12,5.95,6.09,6.05,5.98,6.05,123103,0.0,0.0,0.0,0.0284,-0.0065
2015-09-23,百隆东方,sh601339,5.98,5.85,5.97,5.88,6.05,5.88,89860,0.0,0.0,0.0,0.0214,-0.015
2015-09-24,百隆东方,sh601339,5.98,5.87,5.87,5.93,5.88,5.93,60346,0.0,0.0,0.0,0.0187,0.0102
2015-09-25,百隆东方,sh601339,5.94,5.73,5.92,5.78,5.93,5.78,70398,0.0,0.0,0.0,0.0354,-0.0236
2015-09-28,百隆东方,sh601339,5.78,5.78,5.78,5.78,5.78,5.78,0,0.0,0.0,0.0,0.0,0.0
2015-09-29,百隆东方,sh601339,5.8,5.7,5.75,5.72,5.78,5.72,48941,0.0,0.0,0.0,0.0173,-0.0052
2015-09-30,百隆东方,sh601339,5.83,5.74,5.74,5.82,5.72,5.82,51807,0.0,0.0,0.0,0.0157,0.0139
2015-10-01,百隆东方,sh601339,5.82,5.82,5.82,5.82,5.82,5.82,0,0.0,0.0,0.0,0.0,0.0
2015-10-02,百隆东方,sh601339,5.82,5.82,5.82,5.82,5.82,5.82,0,0.0,0.0,0.0,0.0,0.0
2015-10-05,百隆东方,sh601339,5.82,5.82,5.82,5.82,5.82,5.82,0,0.0,0.0,0.0,0.0,0.0
2015-10-06,百隆东方,sh601339,5.82,5.82,5.82,5.82,5.82,5.82,0,0.0,0.0,0.0,0.0,0.0
2015-10-07,百隆东方,sh601339,5.82,5.82,5.82,5.82,5.82,5.82,0,0.0,0.0,0.0,0.0,0.0
2015-10-08,百隆东方,sh601339,6.4,6.13,6.31,6.4,5.82,6.4,171928,0.0,0.0,0.0,0.0463,0.0142
2015-10-09,百隆东方,sh601339,6.72,6.37,6.66,6.42,6.4,6.42,272048,0.0,0.0,0.0,0.0546,-0.036
2015-10-12,百隆东方,sh601339,6.77,6.3,6.35,6.67,6.42,6.67,238702,0.0,0.0,0.0,0.0732,0.0503
2015-10-13,百隆东方,sh601339,6.67,6.52,6.6,6.65,6.67,6.65,143638,0.0,0.0,0.0,0.0224,0.0075
2015-10-14,百隆东方,sh601339,6.65,6.41,6.58,6.44,6.65,6.44,120811,0.0,0.0,0.0,0.036,-0.0212
2015-10-15,百隆东方,sh601339,6.74,6.36,6.36,6.73,6.44,6.73,165412,0.0,0.0,0.0,0.059,0.0581
2015-10-16,百隆东方,sh601339,7.29,6.65,6.8,7.15,6.73,7.15,289971,0.0,0.0,0.0,0.095,0.0514
2015-10-19,百隆东方,sh601339,7.23,7.0,7.08,7.17,7.15,7.17,193783,0.0,0.0,0.0,0.0321,0.0127
2015-10-20,百隆东方,sh601339,7.19,6.99,7.02,7.1,7.17,7.1,188251,0.0,0.0,0.0,0.0278,0.0113
2015-10-21,百隆东方,sh601339,7.08,6.4,7.07,6.44,7.1,6.44,208690,0.0,0.0,0.0,0.0957,-0.0891
2015-10-22,百隆东方,sh601339,6.67,6.41,6.42,6.61,6.44,6.61,115536,0.0,0.0,0.0,0.0403,0.0295
2015-10-23,百隆东方,sh601339,6.85,6.58,6.63,6.8,6.61,6.8,129982,0.0,0.0,0.0,0.0408,0.0256
2015-10-26,百隆东方,sh601339,6.98,6.77,6.85,6.94,6.8,6.94,139419,0.0,0.0,0.0,0.0308,0.0131
2015-10-27,百隆东方,sh601339,7.36,6.61,6.88,7.29,6.94,7.29,205564,0.0,0.0,0.0,0.108,0.0595
2015-10-28,百隆东方,sh601339,7.25,6.93,7.25,7.0,7.29,7.0,135926,0.0,0.0,0.0,0.0438,-0.0344
2015-10-29,百隆东方,sh601339,7.1,6.9,7.05,6.99,7.0,6.99,82665,0.0,0.0,0.0,0.0285,-0.0085
2015-10-30,百隆东方,sh601339,7.63,7.04,7.1,7.35,6.99,7.35,309075,0.0,0.0,0.0,0.0844,0.0352
2015-11-02,百隆东方,sh601339,7.32,6.95,7.2,6.98,7.35,6.98,228350,0.0,0.0,0.0,0.0503,-0.0305
2015-11-03,百隆东方,sh601339,7.05,6.72,6.95,6.94,6.98,6.94,156139,0.0,0.0,0.0,0.0472,-0.0014
2015-11-04,百隆东方,sh601339,7.33,6.9,6.91,7.3,6.94,7.3,205955,0.0,0.0,0.0,0.0619,0.0564
2015-11-05,百隆东方,sh601339,7.47,7.19,7.39,7.31,7.3,7.31,268285,0.0,0.0,0.0,0.0383,-0.0108
2015-11-06,百隆东方,sh601339,7.47,7.28,7.31,7.4,7.31,7.4,270616,0.0,0.0,0.0,0.0259,0.0123
2015-11-09,百隆东方,sh601339,7.37,7.17,7.3,7.32,7.4,7.32,198454,0.0,0.0,0.0,0.027,0.0027
2015-11-10,百隆东方,sh601339,7.39,7.22,7.28,7.32,7.32,7.32,143636,0.0,0.0,0.0,0.0232,0.0054
2015-11-11,百隆东方,sh601339,7.54,7.3,7.32,7.45,7.32,7.45,185854,0.0,0.0,0.0,0.0327,0.0177
2015-11-12,百隆东方,sh601339,7.45,7.26,7.43,7.34,7.45,7.34,141471,0.0,0.0,0.0,0.0255,-0.0121
2015-11-13,百隆东方,sh601339,7.28,7.08,7.25,7.16,7.34,7.16,136410,0.0,0.0,0.0,0.0272,-0.0124
2015-11-16,百隆东方,sh601339,7.23,6.96,7.01,7.21,7.16,7.21,101307,0.0,0.0,0.0,0.0377,0.0285
2015-11-17,百隆东方,sh601339,7.34,7.13,7.21,7.15,7.21,7.15,131785,0.0,0.0,0.0,0.0291,-0.0083
2015-11-18,百隆东方,sh601339,7.19,7.02,7.13,7.03,7.15,7.03,86620,0.0,0.0,0.0,0.0237,-0.014
2015-11-19,百隆东方,sh601339,7.16,7.05,7.05,7.15,7.03,7.15,76398,0.0,0.0,0.0,0.0156,0.0141
2015-11-20,百隆东方,sh601339,7.45,7.13,7.16,7.36,7.15,7.36,246977,0.0,0.0,0.0,0.0447,0.0279
2015-11-23,百隆东方,sh601339,7.64,7.29,7.35,7.41,7.36,7.41,271272,0.0,0.0,0.0,0.0475,0.0081
2015-11-24,百隆东方,sh601339,7.44,7.16,7.39,7.36,7.41,7.36,138636,0.0,0.0,0.0,0.0377,-0.004
2015-11-25,百隆东方,sh601339,7.42,7.28,7.32,7.41,7.36,7.41,124749,0.0,0.0,0.0,0.019,0.0122
2015-11-26,百隆东方,sh601339,7.78,7.36,7.4,7.59,7.41,7.59,303089,0.0,0.0,0.0,0.0566,0.0256
2015-11-27,百隆东方,sh601339,7.63,6.93,7.53,7.05,7.59,7.05,234542,0.0,0.0,0.0,0.0922,-0.0637
2015-11-30,百隆东方,sh601339,7.76,6.98,6.98,7.76,7.05,7.76,382559,0.0,0.0,0.0,0.1106,0.1117
2015-12-01,百隆东方,sh601339,8.54,8.31,8.38,8.54,7.76,8.54,717362,0.0,0.0,0.0,0.0296,0.019
2015-12-02,百隆东方,sh601339,8.61,7.8,8.61,8.19,8.54,8.19,713802,0.0,0.0,0.0,0.0948,-0.0487
2015-12-03,百隆东方,sh601339,8.85,8.01,8.06,8.45,8.19,8.45,604846,0.0,0.0,0.0,0.1025,0.0483
2015-12-04,百隆东方,sh601339,8.44,8.05,8.2,8.19,8.45,8.19,385740,0.0,0.0,0.0,0.0461,-0.0012
2015-12-07,百隆东方,sh601339,8.28,7.96,8.1,8.18,8.19,8.18,271682,0.0,0.0,0.0,0.039,0.0098
2015-12-08,百隆东方,sh601339,8.12,7.76,8.12,7.79,8.18,7.79,292635,0.0,0.0,0.0,0.044,-0.0406
2015-12-09,百隆东方,sh601339,8.08,7.7,7.82,7.99,7.79,7.99,228603,0.0,0.0,0.0,0.0487,0.0217
2015-12-10,百隆东方,sh601339,7.98,7.76,7.88,7.78,7.99,7.78,174237,0.0,0.0,0.0,0.0275,-0.0126
2015-12-11,百隆东方,sh601339,8.03,7.68,7.76,7.95,7.78,7.95,189782,0.0,0.0,0.0,0.0449,0.0244
2015-12-14,百隆东方,sh601339,8.14,7.8,7.83,8.1,7.95,8.1,228718,0.0,0.0,0.0,0.0427,0.0344
2015-12-15,百隆东方,sh601339,8.16,7.95,8.1,8.05,8.1,8.05,207124,0.0,0.0,0.0,0.0259,-0.0061
2015-12-16,百隆东方,sh601339,8.08,7.83,8.02,7.88,8.05,7.88,186870,0.0,0.0,0.0,0.031,-0.0174
2015-12-17,百隆东方,sh601339,8.14,7.92,7.92,8.09,7.88,8.09,235711,0.0,0.0,0.0,0.0279,0.0214
2015-12-18,百隆东方,sh601339,8.12,7.85,8.12,7.88,8.09,7.88,186772,0.0,0.0,0.0,0.0333,-0.0295
2015-12-21,百隆东方,sh601339,7.93,7.75,7.87,7.92,7.88,7.92,166580,0.0,0.0,0.0,0.0228,0.0063
2015-12-22,百隆东方,sh601339,7.95,7.8,7.91,7.88,7.92,7.88,127437,0.0,0.0,0.0,0.0189,-0.0037
2015-12-23,百隆东方,sh601339,7.9,7.76,7.88,7.78,7.88,7.78,131876,0.0,0.0,0.0,0.0177,-0.0126
2015-12-24,百隆东方,sh601339,7.81,7.48,7.74,7.58,7.78,7.58,130754,0.0,0.0,0.0,0.0424,-0.0206
2015-12-25,百隆东方,sh601339,7.7,7.57,7.58,7.65,7.58,7.65,72328,0.0,0.0,0.0,0.0171,0.0092
2015-12-28,百隆东方,sh601339,7.82,7.52,7.66,7.56,7.65,7.56,114528,0.0,0.0,0.0,0.0392,-0.013
2015-12-29,百隆东方,sh601339,7.59,7.41,7.52,7.56,7.56,7.56,96216,0.0,0.0,0.0,0.0238,0.0053
2015-12-30,百隆东方,sh601339,7.75,7.5,7.57,7.73,7.56,7.73,114307,0.0,0.0,0.0,0.033,0.0211
2015-12-31,百隆东方,sh601339,7.72,7.51,7.7,7.53,7.73,7.53,80332,0.0,0.0,0.0,0.0271,-0.022
2016-01-01,百隆东方,sh601339,7.72,7.51,7.7,7.53,7.53,7.53,80332,0.0,0.0,0.0,0.0278,-0.022
2016-01-04,百隆东方,sh601339,7.6,6.8,7.53,6.81,7.53,6.81,91852,0.0,0.0,0.0,0.1062,-0.0956
2016-01-05,百隆东方,sh601339,6.89,6.32,6.4,6.65,6.81,6.65,136028,0.0,0.0,0.0,0.0837,0.039
2016-01-06,百隆东方,sh601339,6.95,6.68,6.68,6.9,6.65,6.9,103142,0.0,0.0,0.0,0.0406,0.0329
2016-01-07,百隆东方,sh601339,6.78,6.23,6.78,6.27,6.9,6.27,27636,0.0,0.0,0.0,0.0797,-0.0752
2016-01-08,百隆东方,sh601339,6.7,6.05,6.52,6.47,6.27,6.47,127820,0.0,0.0,0.0,0.1036,-0.0076
2016-01-11,百隆东方,sh601339,6.39,6.0,6.21,6.0,6.47,6.0,125917,0.0,0.0,0.0,0.0602,-0.0338
2016-01-12,百隆东方,sh601339,6.14,5.88,6.02,5.99,6.0,5.99,82960,0.0,0.0,0.0,0.0433,-0.0049
2016-01-13,百隆东方,sh601339,6.06,5.77,6.05,5.78,5.99,5.78,67746,0.0,0.0,0.0,0.0484,-0.0446
2016-01-14,百隆东方,sh601339,5.97,5.51,5.7,5.91,5.78,5.91,66099,0.0,0.0,0.0,0.0795,0.0368
2016-01-15,百隆东方,sh601339,5.92,5.66,5.91,5.69,5.91,5.69,61925,0.0,0.0,0.0,0.0439,-0.0372
2016-01-18,百隆东方,sh601339,5.8,5.49,5.54,5.74,5.69,5.74,53804,0.0,0.0,0.0,0.0544,0.0361
2016-01-19,百隆东方,sh601339,5.94,5.7,5.74,5.94,5.74,5.94,59129,0.0,0.0,0.0,0.0418,0.0348
2016-01-20,百隆东方,sh601339,5.95,5.83,5.89,5.84,5.94,5.84,51375,0.0,0.0,0.0,0.0202,-0.0084
2016-01-21,百隆东方,sh601339,5.89,5.61,5.79,5.64,5.84,5.64,54237,0.0,0.0,0.0,0.0479,-0.0259
2016-01-22,百隆东方,sh601339,5.75,5.54,5.7,5.68,5.64,5.68,42545,0.0,0.0,0.0,0.0372,-0.0035
2016-01-25,百隆东方,sh601339,5.8,5.68,5.75,5.73,5.68,5.73,34014,0.0,0.0,0.0,0.0211,-0.0034
2016-01-26,百隆东方,sh601339,5.83,5.21,5.69,5.4,5.73,5.4,71447,0.0,0.0,0.0,0.1082,-0.0509
2016-01-27,百隆东方,sh601339,5.5,5.15,5.45,5.31,5.4,5.31,53868,0.0,0.0,0.0,0.0648,-0.0256
2016-01-28,百隆东方,sh601339,5.31,5.03,5.31,5.06,5.31,5.06,36902,0.0,0.0,0.0,0.0527,-0.047
2016-01-29,百隆东方,sh601339,5.36,5.06,5.06,5.27,5.06,5.27,51399,0.0,0.0,0.0,0.0592,0.0415
2016-02-01,百隆东方,sh601339,5.3,5.21,5.3,5.27,5.27,5.27,29416,0.0,0.0,0.0,0.017,-0.0056
2016-02-02,百隆东方,sh601339,5.43,5.25,5.25,5.38,5.27,5.38,38244,0.0,0.0,0.0,0.0341,0.0247
2016-02-03,百隆东方,sh601339,5.42,5.27,5.37,5.4,5.38,5.4,41645,0.0,0.0,0.0,0.0278,0.0055
2016-02-04,百隆东方,sh601339,5.74,5.44,5.5,5.65,5.4,5.65,88800,0.0,0.0,0.0,0.0555,0.0272
2016-02-05,百隆东方,sh601339,5.76,5.62,5.65,5.64,5.65,5.64,52491,0.0,0.0,0.0,0.0247,-0.0017
2016-02-08,百隆东方,sh601339,5.76,5.62,5.65,5.64,5.64,5.64,52491,0.0,0.0,0.0,0.0248,-0.0017
2016-02-09,百隆东方,sh601339,5.76,5.62,5.65,5.64,5.64,5.64,52491,0.0,0.0,0.0,0.0248,-0.0017
2016-02-10,百隆东方,sh601339,5.76,5.62,5.65,5.64,5.64,5.64,52491,0.0,0.0,0.0,0.0248,-0.0017
2016-02-11,百隆东方,sh601339,5.76,5.62,5.65,5.64,5.64,5.64,52491,0.0,0.0,0.0,0.0248,-0.0017
2016-02-12,百隆东方,sh601339,5.76,5.62,5.65,5.64,5.64,5.64,52491,0.0,0.0,0.0,0.0248,-0.0017
2016-02-15,百隆东方,sh601339,5.68,5.41,5.49,5.63,5.64,5.63,34104,0.0,0.0,0.0,0.0478,0.0255
2016-02-16,百隆东方,sh601339,5.87,5.6,5.66,5.83,5.63,5.83,55766,0.0,0.0,0.0,0.0479,0.03
2016-02-17,百隆东方,sh601339,5.83,5.71,5.81,5.8,5.83,5.8,49845,0.0,0.0,0.0,0.0205,-0.0017
2016-02-18,百隆东方,sh601339,5.85,5.76,5.84,5.8,5.8,5.8,60359,0.0,0.0,0.0,0.0155,-0.0068
2016-02-19,百隆东方,sh601339,5.84,5.74,5.8,5.82,5.8,5.82,39452,0.0,0.0,0.0,0.0172,0.0034
2016-02-22,百隆东方,sh601339,5.92,5.82,5.88,5.89,5.82,5.89,50552,0.0,0.0,0.0,0.0171,0.0017
2016-02-23,百隆东方,sh601339,5.94,5.75,5.87,5.84,5.89,5.84,45037,0.0,0.0,0.0,0.0322,-0.0051
2016-02-24,百隆东方,sh601339,5.89,5.75,5.83,5.88,5.84,5.88,42337,0.0,0.0,0.0,0.0239,0.0085
2016-02-25,百隆东方,sh601339,5.88,5.33,5.85,5.42,5.88,5.42,65747,0.0,0.0,0.0,0.0935,-0.0735
2016-02-26,百隆东方,sh601339,5.54,5.38,5.49,5.48,5.42,5.48,45303,0.0,0.0,0.0,0.0295,-0.0018
2016-02-29,百隆东方,sh601339,5.52,5.12,5.48,5.35,5.48,5.35,75365,0.0,0.0,0.0,0.0729,-0.0237
2016-03-01,百隆东方,sh601339,5.5,5.31,5.38,5.45,5.35,5.45,42698,0.0,0.0,0.0,0.0355,0.013
2016-03-02,百隆东方,sh601339,5.75,5.42,5.42,5.71,5.45,5.71,69705,0.0,0.0,0.0,0.0605,0.0535
2016-03-03,百隆东方,sh601339,5.87,5.67,5.7,5.75,5.71,5.75,70406,0.0,0.0,0.0,0.035,0.0087
2016-03-04,百隆东方,sh601339,5.75,5.43,5.68,5.56,5.75,5.56,74901,0.0,0.0,0.0,0.0556,-0.0211
2016-03-07,百隆东方,sh601339,5.85,5.58,5.58,5.83,5.56,5.83,95811,0.0,0.0,0.0,0.0485,0.0448
2016-03-08,百隆东方,sh601339,5.82,5.56,5.8,5.78,5.83,5.78,74256,0.0,0.0,0.0,0.0445,-0.0034
2016-03-09,百隆东方,sh601339,5.68,5.5,5.68,5.55,5.78,5.55,55406,0.0,0.0,0.0,0.0311,-0.0228
2016-03-10,百隆东方,sh601339,5.62,5.44,5.57,5.48,5.55,5.48,36795,0.0,0.0,0.0,0.0324,-0.0161
2016-03-11,百隆东方,sh601339,5.57,5.39,5.4,5.52,5.48,5.52,23873,0.0,0.0,0.0,0.0328,0.0222
2016-03-14,百隆东方,sh601339,5.79,5.55,5.6,5.67,5.52,5.67,51566,0.0,0.0,0.0,0.0434,0.0125
2016-03-15,百隆东方,sh601339,5.73,5.56,5.69,5.62,5.67,5.62,37823,0.0,0.0,0.0,0.0299,-0.0123
2016-03-16,百隆东方,sh601339,5.68,5.51,5.61,5.53,5.62,5.53,28614,0.0,0.0,0.0,0.0302,-0.0142
2016-03-17,百隆东方,sh601339,5.7,5.53,5.58,5.66,5.53,5.66,39899,0.0,0.0,0.0,0.0307,0.0143
2016-03-18,百隆东方,sh601339,5.83,5.65,5.68,5.81,5.66,5.81,84298,0.0,0.0,0.0,0.0318,0.0228
2016-03-21,百隆东方,sh601339,5.93,5.82,5.83,5.9,5.81,5.9,86635,0.0,0.0,0.0,0.0189,0.012
2016-03-22,百隆东方,sh601339,5.9,5.81,5.86,5.85,5.9,5.85,54735,0.0,0.0,0.0,0.0152,-0.0017
2016-03-23,百隆东方,sh601339,5.9,5.82,5.87,5.9,5.85,5.9,42237,0.0,0.0,0.0,0.0136,0.0051
2016-03-24,百隆东方,sh601339,5.86,5.75,5.85,5.77,5.9,5.77,48553,0.0,0.0,0.0,0.0186,-0.0136
2016-03-25,百隆东方,sh601339,5.82,5.74,5.74,5.79,5.77,5.79,32224,0.0,0.0,0.0,0.0138,0.0087
