2016-03-25
2014-12-10,海南矿业,sh601969,16.38,16.38,16.38,16.38,14.89,16.379997,210507,0.001128,0.0,0.0,0.0,0.0
2014-12-11,海南矿业,sh601969,18.02,18.02,18.02,18.02,16.38,18.019997,206700,0.001107,0.0,0.0,0.0,0.0
2014-12-12,海南矿业,sh601969,19.82,19.82,19.82,19.82,18.02,19.819996,685094,0.00367,0.0,0.0,0.0,0.0
2014-12-15,海南矿业,sh601969,21.8,19.56,21.8,20.02,19.82,20.019999,91472852,0.490024,0.0,0.0,0.113,-0.0816
2014-12-16,海南矿业,sh601969,19.63,18.64,19.24,18.92,20.02,18.92,53386336,0.285993,0.0,0.0,0.0494,-0.0166
2014-12-17,海南矿业,sh601969,19.49,18.42,18.71,18.52,18.92,18.519993,36028286,0.193005,0.0,0.0,0.0565,-0.0101
2014-12-18,海南矿业,sh601969,18.5,17.83,18.3,17.93,18.52,17.930002,31097975,0.166593,0.0,0.0,0.0361,-0.0202
2014-12-19,海南矿业,sh601969,17.84,16.41,17.75,16.83,17.93,16.829996,34229462,0.183369,0.0,0.0,0.0797,-0.0518
2014-12-22,海南矿业,sh601969,16.7,15.15,16.7,15.18,16.83,15.18,29917233,0.160268,0.0,0.0,0.092,-0.091
2014-12-23,海南矿业,sh601969,16.7,15.4,15.45,16.7,15.18,16.700005,19149754,0.102586,0.0,0.0,0.0856,0.0809
2014-12-24,海南矿业,sh601969,17.78,16.81,17.5,17.16,16.7,17.160006,46017576,0.246518,0.0,0.0,0.058,-0.0194
2014-12-25,海南矿业,sh601969,16.8,16.0,16.5,16.62,17.16,16.619997,33880144,0.181498,0.0,0.0,0.0466,0.0072
2014-12-26,海南矿业,sh601969,16.8,16.2,16.29,16.42,16.62,16.419992,21818232,0.116881,0.0,0.0,0.0361,0.0079
2014-12-29,海南矿业,sh601969,16.72,15.86,16.19,16.69,16.42,16.689987,27207382,0.145751,0.0,0.0,0.0523,0.0308
2014-12-30,海南矿业,sh601969,16.96,16.2,16.6,16.25,16.69,16.249989,20198255,0.108203,0.0,0.0,0.0455,-0.021
2014-12-31,海南矿业,sh601969,16.23,15.73,16.1,15.93,16.25,15.929994,15819100,0.084744,0.0,0.0,0.0307,-0.0105
2015-01-01,海南矿业,sh601969,15.93,15.93,15.93,15.93,15.93,15.84,0,0.0,0.0,0.0,0.0,0.0
2015-01-02,海南矿业,sh601969,15.93,15.93,15.93,15.93,15.93,15.84,0,0.0,0.0,0.0,0.0,0.0
2015-01-05,海南矿业,sh601969,16.52,15.86,16.15,16.29,15.93,16.2,207643,0.111236,0.0,0.0,0.0414,0.0086
2015-01-06,海南矿业,sh601969,16.44,15.75,16.0,16.37,16.29,16.28,223000,0.119462,0.0,0.0,0.0423,0.0231
2015-01-07,海南矿业,sh601969,16.97,16.32,16.6,16.43,16.37,16.34,256623,0.137474,0.0,0.0,0.0397,-0.0102
2015-01-08,海南矿业,sh601969,16.44,15.94,16.1,16.11,16.43,16.02,146605,0.078537,0.0,0.0,0.0304,6.0E-4
2015-01-09,海南矿业,sh601969,16.23,15.89,16.04,15.91,16.11,15.82,109179,0.058488,0.0,0.0,0.0211,-0.0081
2015-01-12,海南矿业,sh601969,15.74,15.2,15.73,15.25,15.91,15.17,129342,0.06929,0.0,0.0,0.0339,-0.0305
2015-01-13,海南矿业,sh601969,15.54,15.2,15.28,15.39,15.25,15.31,77804,0.04168,0.0,0.0,0.0222,0.0071
2015-01-14,海南矿业,sh601969,15.57,15.2,15.35,15.25,15.39,15.17,87431,0.046838,0.0,0.0,0.024,-0.0065
2015-01-15,海南矿业,sh601969,16.64,15.2,15.28,15.76,15.25,15.68,189174,0.101342,0.0,0.0,0.0944,0.0314
2015-01-16,海南矿业,sh601969,17.18,15.58,15.61,16.59,15.76,16.5,393837,0.210981,0.0,0.0,0.1015,0.0627
2015-01-19,海南矿业,sh601969,16.68,15.31,15.99,15.65,16.59,15.57,299565,0.160479,0.0,0.0,0.0825,-0.0212
2015-01-20,海南矿业,sh601969,16.5,15.54,15.62,16.45,15.65,16.36,257816,0.138114,0.0,0.0,0.0613,0.0531
2015-01-21,海南矿业,sh601969,16.66,16.25,16.45,16.64,16.45,16.55,271893,0.145654,0.0,0.0,0.0249,0.0115
2015-01-22,海南矿业,sh601969,17.46,16.46,16.54,17.16,16.64,17.07,370906,0.198696,0.0,0.0,0.06,0.0374
2015-01-23,海南矿业,sh601969,17.13,16.41,17.13,16.5,17.16,16.41,256493,0.137405,0.0,0.0,0.0419,-0.0367
2015-01-26,海南矿业,sh601969,16.56,16.22,16.51,16.51,16.5,16.42,124965,0.066945,0.0,0.0,0.0206,0.0
2015-01-27,海南矿业,sh601969,16.77,16.27,16.53,16.44,16.51,16.35,141339,0.075716,0.0,0.0,0.0302,-0.0054
2015-01-28,海南矿业,sh601969,16.28,16.0,16.28,16.07,16.44,15.98,139300,0.074624,0.0,0.0,0.017,-0.0128
2015-01-29,海南矿业,sh601969,16.01,15.77,15.91,15.85,16.07,15.76,72828,0.039014,0.0,0.0,0.0149,-0.0037
2015-01-30,海南矿业,sh601969,16.55,15.79,15.85,16.14,15.85,16.05,134771,0.072198,0.0,0.0,0.0479,0.0182
2015-02-02,海南矿业,sh601969,16.12,15.83,15.96,15.87,16.14,15.78,72396,0.038783,0.0,0.0,0.0179,-0.0056
2015-02-03,海南矿业,sh601969,16.15,15.9,15.9,16.09,15.87,16.0,62538,0.033502,0.0,0.0,0.0157,0.0119
2015-02-04,海南矿业,sh601969,16.28,15.87,16.05,16.0,16.09,15.91,84880,0.045471,0.0,0.0,0.0254,-0.0031
2015-02-05,海南矿业,sh601969,16.25,15.6,16.18,15.63,16.0,15.55,91723,0.049137,0.0,0.0,0.0406,-0.0339
2015-02-06,海南矿业,sh601969,15.72,15.22,15.64,15.29,15.63,15.21,86284,0.046223,0.0,0.0,0.0319,-0.0223
2015-02-09,海南矿业,sh601969,15.36,15.21,15.22,15.26,15.29,15.18,41962,0.022479,0.0,0.0,0.0098,0.0026
2015-02-10,海南矿业,sh601969,15.32,15.1,15.26,15.19,15.26,15.11,60886,0.032617,0.0,0.0,0.0144,-0.0045
2015-02-11,海南矿业,sh601969,15.28,15.15,15.2,15.24,15.19,15.16,46793,0.025067,0.0,0.0,0.0085,0.0026
2015-02-12,海南矿业,sh601969,15.42,15.25,15.26,15.37,15.24,15.29,44559,0.023871,0.0,0.0,0.0111,0.0072
2015-02-13,海南矿业,sh601969,15.9,15.41,15.45,15.71,15.37,15.63,93512,0.050095,0.0,0.0,0.0318,0.0168
2015-02-16,海南矿业,sh601969,15.8,15.61,15.68,15.69,15.71,15.61,52554,0.028154,0.0,0.0,0.012,6.0E-4
2015-02-17,海南矿业,sh601969,15.88,15.6,15.72,15.75,15.69,15.67,62564,0.033516,0.0,0.0,0.0178,0.0019
2015-02-18,海南矿业,sh601969,15.75,15.75,15.75,15.75,15.75,15.67,0,0.0,0.0,0.0,0.0,0.0
2015-02-19,海南矿业,sh601969,15.75,15.75,15.75,15.75,15.75,15.67,0,0.0,0.0,0.0,0.0,0.0
2015-02-20,海南矿业,sh601969,15.75,15.75,15.75,15.75,15.75,15.67,0,0.0,0.0,0.0,0.0,0.0
2015-02-23,海南矿业,sh601969,15.75,15.75,15.75,15.75,15.75,15.67,0,0.0,0.0,0.0,0.0,0.0
2015-02-24,海南矿业,sh601969,15.75,15.75,15.75,15.75,15.75,15.67,0,0.0,0.0,0.0,0.0,0.0
2015-02-25,海南矿业,sh601969,15.77,15.56,15.75,15.57,15.75,15.49,41932,0.022463,0.0,0.0,0.0133,-0.0114
2015-02-26,海南矿业,sh601969,16.57,15.54,15.58,15.97,15.57,15.88,109757,0.058798,0.0,0.0,0.0661,0.025
2015-02-27,海南矿业,sh601969,16.5,15.91,16.01,16.22,15.97,16.13,135240,0.072449,0.0,0.0,0.0369,0.0131
2015-03-02,海南矿业,sh601969,16.5,16.04,16.22,16.36,16.22,16.27,147732,0.079141,0.0,0.0,0.0283,0.0086
2015-03-03,海南矿业,sh601969,16.53,16.1,16.26,16.29,16.36,16.2,174875,0.093682,0.0,0.0,0.0262,0.0018
2015-03-04,海南矿业,sh601969,16.56,16.15,16.2,16.47,16.29,16.38,161747,0.086649,0.0,0.0,0.0251,0.0166
2015-03-05,海南矿业,sh601969,16.6,16.19,16.51,16.41,16.47,16.32,161749,0.08665,0.0,0.0,0.0248,-0.006
2015-03-06,海南矿业,sh601969,16.49,16.17,16.41,16.33,16.41,16.24,126050,0.067526,0.0,0.0,0.0195,-0.0048
2015-03-09,海南矿业,sh601969,16.33,16.02,16.16,16.1,16.33,16.01,93540,0.05011,0.0,0.0,0.0189,-0.0037
2015-03-10,海南矿业,sh601969,16.19,16.02,16.06,16.1,16.1,16.01,73492,0.03937,70.872345,6.534417,0.0105,0.0024
2015-03-11,海南矿业,sh601969,16.14,15.56,16.08,15.63,16.1,15.55,128680,0.068935,68.80337,6.343658,0.036,-0.0279
2015-03-12,海南矿业,sh601969,15.87,15.55,15.61,15.63,15.63,15.55,77154,0.041332,68.80337,6.343658,0.0204,0.0012
2015-03-13,海南矿业,sh601969,15.95,15.72,15.73,15.9,15.63,15.81,72971,0.039091,69.99188,6.453238,0.0147,0.0108
2015-03-16,海南矿业,sh601969,16.18,15.91,16.0,16.15,15.9,16.06,103817,0.055616,71.09236,6.554702,0.0169,0.0093
2015-03-17,海南矿业,sh601969,16.59,16.11,16.17,16.55,16.15,16.46,244743,0.13111,72.85318,6.717049,0.0297,0.0235
2015-03-18,海南矿业,sh601969,16.95,16.39,16.56,16.92,16.55,16.83,279646,0.149808,74.48188,6.867216,0.0338,0.0217
2015-03-19,海南矿业,sh601969,16.94,16.61,16.93,16.78,16.92,16.69,208755,0.111831,73.86562,6.810396,0.0195,-0.0088
2015-03-20,海南矿业,sh601969,17.17,16.72,16.79,16.99,16.78,16.9,202388,0.108421,74.79005,6.895628,0.0268,0.0119
2015-03-23,海南矿业,sh601969,17.28,16.93,17.16,17.1,16.99,17.01,213039,0.114126,75.27424,6.940271,0.0206,-0.0034
2015-03-24,海南矿业,sh601969,17.28,16.83,17.1,17.28,17.1,17.19,345753,0.185222,76.066574,7.013324,0.0263,0.0105
2015-03-25,海南矿业,sh601969,17.24,16.92,17.24,17.06,17.28,16.97,202285,0.108365,75.098175,6.924037,0.0185,-0.0104
2015-03-26,海南矿业,sh601969,17.07,16.75,17.07,16.85,17.06,16.76,165810,0.088826,74.17379,6.838809,0.0187,-0.0128
2015-03-27,海南矿业,sh601969,18.44,16.85,16.9,17.66,16.85,17.57,395098,0.211656,77.739395,7.167558,0.0943,0.0449
2015-03-30,海南矿业,sh601969,18.0,17.3,17.6,17.9,17.66,17.8,311001,0.166605,78.795876,7.264965,0.0396,0.017
2015-03-31,海南矿业,sh601969,18.08,17.46,17.9,17.71,17.9,17.61,235909,0.126378,77.95946,7.187847,0.0346,-0.0106
2015-04-01,海南矿业,sh601969,18.56,17.71,17.71,18.43,17.71,18.33,338378,0.181271,81.1289,7.480069,0.0479,0.0406
2015-04-02,海南矿业,sh601969,18.55,18.17,18.29,18.52,18.43,18.42,219967,0.117838,81.52505,7.516594,0.0206,0.0125
2015-04-03,海南矿业,sh601969,19.27,18.17,18.33,19.08,18.52,18.98,314553,0.168508,83.990204,7.743881,0.0593,0.0409
2015-04-06,海南矿业,sh601969,19.08,19.08,19.08,19.08,19.08,18.98,0,0.0,0.0,0.0,0.0,0.0
2015-04-07,海南矿业,sh601969,20.99,19.08,19.2,20.99,19.08,20.88,593161,0.31776,92.39805,8.519082,0.1001,0.0932
2015-04-08,海南矿业,sh601969,20.99,20.99,20.99,20.99,20.99,20.88,0,0.0,0.0,0.0,0.0,0.0
2015-04-09,海南矿业,sh601969,20.99,20.99,20.99,20.99,20.99,20.88,0,0.0,0.0,0.0,0.0,0.0
2015-04-10,海南矿业,sh601969,20.99,20.99,20.99,20.99,20.99,20.88,0,0.0,0.0,0.0,0.0,0.0
2015-04-13,海南矿业,sh601969,20.99,20.99,20.99,20.99,20.99,20.88,0,0.0,0.0,0.0,0.0,0.0
2015-04-14,海南矿业,sh601969,20.99,20.99,20.99,20.99,20.99,20.88,0,0.0,0.0,0.0,0.0,0.0
2015-04-15,海南矿业,sh601969,20.99,20.99,20.99,20.99,20.99,20.88,0,0.0,0.0,0.0,0.0,0.0
2015-04-16,海南矿业,sh601969,20.99,20.99,20.99,20.99,20.99,20.88,0,0.0,0.0,0.0,0.0,0.0
2015-04-17,海南矿业,sh601969,20.99,20.99,20.99,20.99,20.99,20.88,0,0.0,0.0,0.0,0.0,0.0
2015-04-20,海南矿业,sh601969,20.99,20.99,20.99,20.99,20.99,20.88,0,0.0,0.0,0.0,0.0,0.0
2015-04-21,海南矿业,sh601969,20.99,20.99,20.99,20.99,20.99,20.88,0,0.0,0.0,0.0,0.0,0.0
2015-04-22,海南矿业,sh601969,20.99,20.99,20.99,20.99,20.99,20.88,0,0.0,0.0,0.0,0.0,0.0
2015-04-23,海南矿业,sh601969,20.99,20.99,20.99,20.99,20.99,20.88,0,0.0,0.0,0.0,0.0,0.0
2015-04-24,海南矿业,sh601969,20.99,20.99,20.99,20.99,20.99,20.88,0,0.0,0.0,0.0,0.0,0.0
2015-04-27,海南矿业,sh601969,20.99,20.99,20.99,20.99,20.99,20.88,0,0.0,0.0,0.0,0.0,0.0
2015-04-28,海南矿业,sh601969,20.99,20.99,20.99,20.99,20.99,20.88,0,0.0,0.0,0.0,0.0,0.0
2015-04-29,海南矿业,sh601969,20.99,20.99,20.99,20.99,20.99,20.88,0,0.0,0.0,0.0,0.0,0.0
2015-04-30,海南矿业,sh601969,20.99,20.99,20.99,20.99,20.99,20.88,0,0.0,0.0,0.0,0.0,0.0
2015-05-01,海南矿业,sh601969,20.99,20.99,20.99,20.99,20.99,20.88,0,0.0,0.0,0.0,0.0,0.0
2015-05-04,海南矿业,sh601969,20.99,20.99,20.99,20.99,20.99,20.88,0,0.0,0.0,0.0,0.0,0.0
2015-05-05,海南矿业,sh601969,20.99,20.99,20.99,20.99,20.99,20.88,0,0.0,0.0,0.0,0.0,0.0
2015-05-06,海南矿业,sh601969,20.99,20.99,20.99,20.99,20.99,20.88,0,0.0,0.0,0.0,0.0,0.0
2015-05-07,海南矿业,sh601969,20.99,20.99,20.99,20.99,20.99,20.88,0,0.0,0.0,0.0,0.0,0.0
2015-05-08,海南矿业,sh601969,20.99,20.99,20.99,20.99,20.99,20.88,0,0.0,0.0,0.0,0.0,0.0
2015-05-11,海南矿业,sh601969,20.99,20.99,20.99,20.99,20.99,20.88,0,0.0,0.0,0.0,0.0,0.0
2015-05-12,海南矿业,sh601969,20.99,20.99,20.99,20.99,20.99,20.88,0,0.0,0.0,0.0,0.0,0.0
2015-05-13,海南矿业,sh601969,20.99,20.99,20.99,20.99,20.99,20.88,0,0.0,0.0,0.0,0.0,0.0
2015-05-14,海南矿业,sh601969,20.99,20.99,20.99,20.99,20.99,20.88,0,0.0,0.0,0.0,0.0,0.0
2015-05-15,海南矿业,sh601969,20.99,20.99,20.99,20.99,20.99,20.88,0,0.0,0.0,0.0,0.0,0.0
2015-05-18,海南矿业,sh601969,20.99,20.99,20.99,20.99,20.99,20.88,0,0.0,0.0,0.0,0.0,0.0
2015-05-19,海南矿业,sh601969,20.99,20.99,20.99,20.99,20.99,20.88,0,0.0,0.0,0.0,0.0,0.0
2015-05-20,海南矿业,sh601969,20.99,20.99,20.99,20.99,20.99,20.88,0,0.0,0.0,0.0,0.0,0.0
2015-05-21,海南矿业,sh601969,20.99,20.99,20.99,20.99,20.99,20.88,0,0.0,0.0,0.0,0.0,0.0
2015-05-22,海南矿业,sh601969,23.09,23.09,23.09,23.09,20.99,22.97,1978,0.00106,101.64225,9.371397,0.0,0.0
2015-05-25,海南矿业,sh601969,25.4,25.4,25.4,25.4,23.09,25.26,4887,0.002618,111.810875,10.308942,0.0,0.0
2015-05-26,海南矿业,sh601969,27.94,25.4,27.0,27.94,25.4,27.79,355200,0.190266,122.99197,11.339836,0.1,0.0348
2015-05-27,海南矿业,sh601969,30.57,28.2,29.16,30.57,27.94,30.57,631246,0.338132,135.2956,12.474228,0.0848,0.0483
2015-05-28,海南矿业,sh601969,33.63,28.9,31.5,29.97,30.57,29.97,758890,0.406577,132.64014,12.229395,0.1547,-0.0485
2015-05-29,海南矿业,sh601969,29.91,26.97,28.0,27.42,29.97,27.42,576754,0.309,121.35443,11.188856,0.098,-0.0207
2015-06-01,海南矿业,sh601969,28.9,26.03,27.5,28.44,27.42,28.44,527792,0.282735,125.86871,11.605072,0.1046,0.0341
2015-06-02,海南矿业,sh601969,28.23,27.0,27.94,28.01,28.44,28.01,395364,0.211783,123.96564,11.429608,0.0432,0.0025
2015-06-03,海南矿业,sh601969,30.58,27.44,28.19,29.45,28.01,29.45,474228,0.254066,130.33873,12.017207,0.1121,0.0446
2015-06-04,海南矿业,sh601969,29.37,26.51,28.75,27.29,29.45,27.29,310555,0.166373,120.77908,11.135809,0.0971,-0.0507
2015-06-05,海南矿业,sh601969,28.5,26.6,27.8,27.71,27.29,27.71,224703,0.120366,122.6379,11.307192,0.0696,-0.0032
2015-06-08,海南矿业,sh601969,28.48,26.95,27.2,27.68,27.71,27.68,239859,0.128494,122.505135,11.29495,0.0552,0.0176
2015-06-09,海南矿业,sh601969,27.85,26.6,27.44,27.0,27.68,27.0,185877,0.099577,119.49561,11.017473,0.0451,-0.016
2015-06-10,海南矿业,sh601969,28.08,26.5,27.03,27.72,27.0,27.72,234630,0.125704,122.68216,11.311273,0.0585,0.0255
2015-06-11,海南矿业,sh601969,28.42,27.0,27.32,28.09,27.72,28.09,287127,0.153802,124.319695,11.462253,0.0512,0.0281
2015-06-12,海南矿业,sh601969,28.24,27.58,28.03,27.8,28.09,27.8,259694,0.139131,123.036224,11.343917,0.0234,-0.0082
2015-06-15,海南矿业,sh601969,27.73,26.73,27.5,26.96,27.8,26.96,172713,0.092516,119.31858,11.001151,0.0359,-0.0196
2015-06-16,海南矿业,sh601969,27.92,26.0,26.31,26.76,26.96,26.76,190390,0.101999,118.43343,10.91954,0.0712,0.0171
2015-06-17,海南矿业,sh601969,26.95,24.08,26.7,25.65,26.76,25.65,187711,0.100559,113.52083,10.4666,0.1072,-0.0393
2015-06-18,海南矿业,sh601969,25.5,23.7,25.5,23.72,25.65,23.72,143543,0.076893,104.97911,9.679054,0.0701,-0.0698
2015-06-19,海南矿业,sh601969,22.99,21.35,22.99,21.35,23.72,21.35,151302,0.081061,94.49005,8.711965,0.0691,-0.0713
2015-06-22,海南矿业,sh601969,21.35,21.35,21.35,21.35,21.35,21.35,0,0.0,0.0,0.0,0.0,0.0
2015-06-23,海南矿业,sh601969,21.7,19.38,21.32,21.13,21.35,21.13,139279,0.074619,93.51638,8.622193,0.1086,-0.0089
2015-06-24,海南矿业,sh601969,22.29,21.01,21.7,22.14,21.13,22.14,151075,0.080929,97.986404,9.034328,0.0605,0.0202
2015-06-25,海南矿业,sh601969,22.21,20.55,22.05,21.06,22.14,21.06,115439,0.061845,93.20658,8.593629,0.0749,-0.0448
2015-06-26,海南矿业,sh601969,20.68,18.95,20.18,18.95,21.06,18.95,116178,0.062244,83.86822,7.732634,0.0821,-0.0609
2015-06-29,海南矿业,sh601969,19.68,17.06,19.24,17.08,18.95,17.08,172069,0.092188,75.59204,6.969572,0.1382,-0.1122
2015-06-30,海南矿业,sh601969,18.41,15.37,16.56,18.23,17.08,18.23,208250,0.11156,80.68167,7.438835,0.1779,0.1008
2015-07-01,海南矿业,sh601969,18.5,16.66,17.6,16.76,18.23,16.76,154476,0.082743,74.1758,6.838995,0.1009,-0.0477
2015-07-02,海南矿业,sh601969,17.0,15.18,16.76,15.35,16.76,15.35,140086,0.075055,67.93547,6.263638,0.1085,-0.0841
2015-07-03,海南矿业,sh601969,15.5,13.82,15.1,13.82,15.35,13.82,211630,0.113361,61.16405,5.639314,0.1094,-0.0847
2015-07-06,海南矿业,sh601969,15.2,12.44,15.2,13.98,13.82,13.98,209116,0.112009,61.872173,5.704603,0.1997,-0.0802
2015-07-07,海南矿业,sh601969,15.38,12.62,13.35,15.38,13.98,15.38,311283,0.166755,68.068245,6.275879,0.1974,0.152
2015-07-08,海南矿业,sh601969,16.27,13.87,14.0,14.31,15.38,14.31,410650,0.220008,63.332676,5.839261,0.156,0.0221
2015-07-09,海南矿业,sh601969,15.74,14.31,14.31,15.74,14.31,15.74,267596,0.143362,69.661514,6.422779,0.0999,0.0999
2015-07-10,海南矿业,sh601969,17.31,15.91,16.4,17.31,15.74,17.31,285871,0.153155,76.60996,7.063425,0.0889,0.0554
2015-07-13,海南矿业,sh601969,19.04,17.01,18.2,19.04,17.31,19.04,487742,0.2613,84.26653,7.769359,0.1172,0.0461
2015-07-14,海南矿业,sh601969,19.59,17.51,18.16,17.72,19.04,17.72,408218,0.218671,78.42453,7.230727,0.1092,-0.0242
2015-07-15,海南矿业,sh601969,17.39,15.95,17.0,15.95,17.72,15.95,195868,0.104941,70.59093,6.50847,0.0812,-0.0617
2015-07-16,海南矿业,sh601969,16.96,14.68,15.95,16.42,15.95,16.42,179579,0.096205,72.671036,6.700256,0.1429,0.0294
2015-07-17,海南矿业,sh601969,17.82,16.42,16.42,17.36,16.42,17.36,196267,0.105128,76.83125,7.083827,0.0852,0.0572
2015-07-20,海南矿业,sh601969,17.75,16.66,17.22,17.11,17.36,17.11,206177,0.110447,75.724815,6.981814,0.0627,-0.0063
2015-07-21,海南矿业,sh601969,17.55,16.36,16.45,17.27,17.11,17.27,163052,0.087342,76.43294,7.047102,0.0695,0.0498
2015-07-22,海南矿业,sh601969,17.86,17.07,17.2,17.6,17.27,17.6,197558,0.105845,77.89344,7.18176,0.0457,0.0232
2015-07-23,海南矿业,sh601969,19.06,17.39,17.7,18.54,17.6,18.54,276145,0.147926,82.05366,7.565332,0.0948,0.0474
2015-07-24,海南矿业,sh601969,18.66,17.45,18.28,17.53,18.54,17.53,274055,0.146827,77.58363,7.153197,0.0652,-0.041
2015-07-27,海南矿业,sh601969,17.35,15.78,16.87,15.78,17.53,15.78,160436,0.085936,69.83855,6.439101,0.0895,-0.0646
2015-07-28,海南矿业,sh601969,15.95,14.23,14.98,15.2,15.78,15.2,181622,0.097279,67.22735,6.198349,0.1089,0.0146
2015-07-29,海南矿业,sh601969,16.3,14.99,15.5,16.29,15.2,16.29,132358,0.070905,72.05143,6.643128,0.0861,0.0509
2015-07-30,海南矿业,sh601969,16.98,15.63,16.25,15.91,16.29,15.91,147962,0.079262,70.413895,6.492148,0.0828,-0.0209
2015-07-31,海南矿业,sh601969,16.23,15.16,15.59,15.93,15.91,15.93,182646,0.097833,70.50241,6.500309,0.0672,0.0218
2015-08-03,海南矿业,sh601969,17.52,15.61,15.75,17.52,15.93,17.52,212741,0.113982,77.539375,7.149116,0.1198,0.1123
2015-08-04,海南矿业,sh601969,18.4,17.36,17.8,18.22,17.52,18.22,251145,0.13455,80.593155,7.430674,0.0593,0.0235
2015-08-05,海南矿业,sh601969,18.1,17.35,17.85,17.37,18.22,17.37,186914,0.100145,76.87551,7.087908,0.0411,-0.0268
2015-08-06,海南矿业,sh601969,17.94,16.68,16.99,17.38,17.37,17.38,130671,0.070008,76.91977,7.091988,0.0725,0.0229
2015-08-07,海南矿业,sh601969,18.09,17.41,17.88,17.81,17.38,17.81,153018,0.081962,78.822845,7.267452,0.0391,-0.0039
2015-08-10,海南矿业,sh601969,18.65,17.63,17.7,18.44,17.81,18.44,207014,0.110905,81.61108,7.524526,0.0572,0.0418
2015-08-11,海南矿业,sh601969,19.19,18.08,18.47,18.67,18.44,18.67,234308,0.125525,82.629005,7.618379,0.0601,0.0108
2015-08-12,海南矿业,sh601969,18.54,17.58,18.2,17.61,18.67,17.61,155128,0.083109,77.93769,7.185841,0.0514,-0.0324
2015-08-13,海南矿业,sh601969,18.85,17.18,17.82,18.64,17.61,18.64,169804,0.090952,82.49623,7.606137,0.0948,0.046
2015-08-14,海南矿业,sh601969,18.77,18.11,18.68,18.26,18.64,18.26,149514,0.080086,80.81444,7.451076,0.0354,-0.0224
2015-08-17,海南矿业,sh601969,18.35,17.62,17.98,18.27,18.26,18.27,108650,0.058212,80.858696,7.455157,0.0399,0.0161
2015-08-18,海南矿业,sh601969,18.38,16.44,18.15,16.44,18.27,16.44,151250,0.081022,72.75955,6.708417,0.1061,-0.0942
2015-08-19,海南矿业,sh601969,16.98,15.61,15.8,16.55,16.44,16.55,120054,0.064322,73.24638,6.753303,0.0833,0.0474
2015-08-20,海南矿业,sh601969,17.18,16.3,16.38,16.9,16.55,16.9,123868,0.066351,74.7954,6.896122,0.0531,0.0317
2015-08-21,海南矿业,sh601969,16.8,15.3,16.58,15.35,16.9,15.35,91002,0.048757,67.93547,6.263638,0.0887,-0.0741
2015-08-24,海南矿业,sh601969,14.87,13.82,14.83,13.82,15.35,13.82,96645,0.051769,61.16405,5.639314,0.0684,-0.0681
2015-08-25,海南矿业,sh601969,13.46,12.44,12.46,12.44,13.82,12.44,86885,0.046548,55.056496,5.076199,0.0738,-0.0016
2015-08-26,海南矿业,sh601969,13.19,12.0,12.73,12.6,12.44,12.6,105936,0.056751,55.764618,5.141488,0.0956,-0.0102
2015-08-27,海南矿业,sh601969,13.23,12.11,12.98,13.1,12.6,13.1,82817,0.044372,57.9775,5.345515,0.0888,0.0092
2015-08-28,海南矿业,sh601969,14.22,13.11,13.27,14.09,13.1,14.09,119565,0.064056,62.35901,5.749489,0.0847,0.0617
2015-08-31,海南矿业,sh601969,14.43,13.4,13.71,14.38,14.09,14.38,107099,0.05738,63.64248,5.867825,0.0731,0.0488
2015-09-01,海南矿业,sh601969,14.49,13.0,14.05,14.38,14.38,14.38,150599,0.080686,63.64248,5.867825,0.1036,0.0234
2015-09-02,海南矿业,sh601969,14.33,13.1,14.3,13.63,14.38,13.63,71339,0.038221,60.323154,5.561784,0.0855,-0.0468
2015-09-03,海南矿业,sh601969,13.63,13.63,13.63,13.63,13.63,13.63,0,0.0,0.0,0.0,0.0,0.0
2015-09-04,海南矿业,sh601969,13.63,13.63,13.63,13.63,13.63,13.63,0,0.0,0.0,0.0,0.0,0.0
2015-09-07,海南矿业,sh601969,14.26,13.4,13.58,13.69,13.63,13.69,58247,0.031197,60.588703,5.586267,0.063,0.0081
2015-09-08,海南矿业,sh601969,14.2,13.42,13.66,14.09,13.69,14.09,49131,0.026322,62.35901,5.749489,0.0569,0.0314
2015-09-09,海南矿业,sh601969,15.5,13.95,14.09,15.5,14.09,15.5,201817,0.108129,68.599335,6.324846,0.11,0.1
2015-09-10,海南矿业,sh601969,15.18,14.64,14.9,14.73,15.5,14.73,111653,0.059805,65.1915,6.010644,0.0348,-0.0114
2015-09-11,海南矿业,sh601969,15.04,14.41,14.74,14.55,14.73,14.55,57767,0.030947,64.39486,5.937194,0.0427,-0.0128
2015-09-14,海南矿业,sh601969,14.8,13.1,14.36,13.1,14.55,13.1,84216,0.045122,57.9775,5.345515,0.1168,-0.0877
2015-09-15,海南矿业,sh601969,13.04,11.89,12.85,11.9,13.1,11.9,55886,0.029943,52.666584,4.855849,0.0877,-0.0739
2015-09-16,海南矿业,sh601969,13.09,11.7,11.7,12.94,11.9,12.94,48003,0.02571,57.26938,5.280226,0.1168,0.1059
2015-09-17,海南矿业,sh601969,13.18,12.61,12.8,12.63,12.94,12.63,50185,0.02688,55.897392,5.153729,0.044,-0.0132
2015-09-18,海南矿业,sh601969,12.87,12.5,12.74,12.71,12.63,12.71,28804,0.015428,56.251453,5.186374,0.0292,-0.0023
2015-09-21,海南矿业,sh601969,13.18,12.3,12.6,13.06,12.71,13.06,40344,0.021612,57.800472,5.329193,0.0692,0.0365
2015-09-22,海南矿业,sh601969,13.68,12.9,13.03,13.47,13.06,13.47,64395,0.034503,59.615032,5.496495,0.0597,0.0337
2015-09-23,海南矿业,sh601969,13.23,12.71,13.03,12.82,13.47,12.82,53346,0.028579,56.73829,5.23126,0.0386,-0.0161
2015-09-24,海南矿业,sh601969,13.3,12.81,12.88,13.16,12.82,13.16,41254,0.022096,58.243046,5.369998,0.0382,0.0217
2015-09-25,海南矿业,sh601969,13.3,12.46,12.95,12.52,13.16,12.52,44414,0.023794,55.410557,5.108843,0.0638,-0.0332
2015-09-28,海南矿业,sh601969,12.52,12.52,12.52,12.52,12.52,12.52,0,0.013942,56.384228,5.198615,0.0,0.0
2015-09-29,海南矿业,sh601969,12.63,12.23,12.59,12.41,12.52,12.41,22861,0.012244,54.923725,5.063957,0.0319,-0.0142
2015-09-30,海南矿业,sh601969,12.88,12.38,12.45,12.62,12.41,12.62,30185,0.016169,55.853134,5.149649,0.0402,0.0136
2015-10-01,海南矿业,sh601969,12.62,12.62,12.62,12.62,12.62,12.62,0,0.0,0.0,0.0,0.0,0.0
2015-10-02,海南矿业,sh601969,12.62,12.62,12.62,12.62,12.62,12.62,0,0.0,0.0,0.0,0.0,0.0
2015-10-05,海南矿业,sh601969,12.62,12.62,12.62,12.62,12.62,12.62,0,0.0,0.0,0.0,0.0,0.0
2015-10-06,海南矿业,sh601969,12.62,12.62,12.62,12.62,12.62,12.62,0,0.0,0.0,0.0,0.0,0.0
2015-10-07,海南矿业,sh601969,12.62,12.62,12.62,12.62,12.62,12.62,0,0.0,0.0,0.0,0.0,0.0
2015-10-08,海南矿业,sh601969,13.52,12.9,12.96,13.13,12.62,13.13,38734,0.02075,58.110275,5.357756,0.0491,0.0131
2015-10-09,海南矿业,sh601969,14.44,13.06,13.1,14.44,13.13,14.44,160353,0.085886,63.908024,5.892308,0.1051,0.1022
2015-10-12,海南矿业,sh601969,15.27,14.12,14.25,14.61,14.44,14.61,196329,0.105184,64.6604,5.961677,0.0796,0.0252
2015-10-13,海南矿业,sh601969,14.6,14.0,14.32,14.41,14.61,14.41,81850,0.043846,63.77525,5.880066,0.041,0.0062
2015-10-14,海南矿业,sh601969,14.6,14.22,14.35,14.24,14.41,14.24,64807,0.03472,63.02287,5.810697,0.0263,-0.0076
2015-10-15,海南矿业,sh601969,14.64,14.01,14.01,14.49,14.24,14.49,69101,0.037016,64.12931,5.912711,0.0442,0.0342
2015-10-16,海南矿业,sh601969,14.68,14.28,14.58,14.59,14.49,14.59,80964,0.043365,64.57189,5.953516,0.0276,6.0E-4
2015-10-19,海南矿业,sh601969,14.75,14.31,14.68,14.45,14.59,14.45,66236,0.035488,63.952282,5.896388,0.0301,-0.0156
2015-10-20,海南矿业,sh601969,14.66,14.33,14.57,14.61,14.45,14.61,78373,0.041989,64.6604,5.961677,0.0228,0.0027
2015-10-21,海南矿业,sh601969,14.8,13.34,14.65,13.36,14.61,13.36,106284,0.056935,59.1282,5.451609,0.0999,-0.088
2015-10-22,海南矿业,sh601969,13.79,13.27,13.37,13.75,13.36,13.75,71621,0.038363,60.854248,5.61075,0.0389,0.0284
2015-10-23,海南矿业,sh601969,14.13,13.61,13.86,13.96,13.75,13.96,61145,0.032755,61.783657,5.696442,0.0378,0.0072
2015-10-26,海南矿业,sh601969,14.24,13.86,14.16,14.04,13.96,14.04,59287,0.031758,62.13772,5.729086,0.0272,-0.0084
2015-10-27,海南矿业,sh601969,14.55,13.45,13.98,14.29,14.04,14.29,79219,0.04243,63.24416,5.8311,0.0783,0.0221
2015-10-28,海南矿业,sh601969,14.75,14.06,14.4,14.14,14.29,14.14,94964,0.050863,62.580296,5.769892,0.0482,-0.018
2015-10-29,海南矿业,sh601969,14.39,14.03,14.2,14.19,14.14,14.19,49047,0.026273,62.801582,5.790294,0.0254,-7.0E-4
2015-10-30,海南矿业,sh601969,14.54,14.06,14.21,14.33,14.19,14.33,57134,0.030607,63.42119,5.847422,0.0338,0.0084
2015-11-02,海南矿业,sh601969,14.55,13.8,14.0,14.11,14.33,14.11,49124,0.026315,62.44752,5.75765,0.0523,0.0078
2015-11-03,海南矿业,sh601969,14.98,13.96,13.96,14.67,14.11,14.67,100340,0.0,0.0,0.0,0.0722,0.0508
2015-11-04,海南矿业,sh601969,15.45,14.51,14.55,15.32,14.67,15.32,147635,0.0,0.0,0.0,0.064,0.0529
2015-11-05,海南矿业,sh601969,15.68,15.0,15.11,15.23,15.32,15.23,132318,0.0,0.0,0.0,0.0443,0.0079
2015-11-06,海南矿业,sh601969,15.78,15.1,15.24,15.73,15.23,15.73,115221,0.0,0.0,0.0,0.0446,0.0321
2015-11-09,海南矿业,sh601969,16.86,15.41,15.6,16.52,15.73,16.52,171593,0.0,0.0,0.0,0.0921,0.0589
2015-11-10,海南矿业,sh601969,16.43,15.73,16.3,16.16,16.52,16.16,142160,0.0,0.0,0.0,0.0423,-0.0085
2015-11-11,海南矿业,sh601969,16.5,15.81,16.0,16.22,16.16,16.22,106298,0.0,0.0,0.0,0.0426,0.0137
2015-11-12,海南矿业,sh601969,16.85,15.78,16.22,16.57,16.22,16.57,156800,0.0,0.0,0.0,0.0659,0.0215
2015-11-13,海南矿业,sh601969,16.25,15.39,16.23,15.53,16.57,15.53,104766,0.0,0.0,0.0,0.0519,-0.0431
2015-11-16,海南矿业,sh601969,15.69,15.03,15.06,15.67,15.53,15.67,51297,0.0,0.0,0.0,0.0424,0.0405
2015-11-17,海南矿业,sh601969,15.99,15.38,15.98,15.5,15.67,15.5,79516,0.0,0.0,0.0,0.0389,-0.03
2015-11-18,海南矿业,sh601969,15.62,15.17,15.35,15.21,15.5,15.21,43736,0.0,0.0,0.0,0.029,-0.0091
2015-11-19,海南矿业,sh601969,15.63,15.26,15.26,15.61,15.21,15.61,44564,0.0,0.0,0.0,0.0243,0.0229
2015-11-20,海南矿业,sh601969,15.85,15.47,15.62,15.66,15.61,15.66,50989,0.0,0.0,0.0,0.0243,0.0025
2015-11-23,海南矿业,sh601969,15.77,15.26,15.54,15.34,15.66,15.34,58331,0.0,0.0,0.0,0.0325,-0.0128
2015-11-24,海南矿业,sh601969,15.75,15.26,15.5,15.72,15.34,15.72,46606,0.0,0.0,0.0,0.0319,0.0141
2015-11-25,海南矿业,sh601969,16.24,15.6,15.78,16.04,15.72,16.04,83249,0.0,0.0,0.0,0.0407,0.0164
2015-11-26,海南矿业,sh601969,16.43,15.73,16.0,15.98,16.04,15.98,93595,0.0,0.0,0.0,0.0436,-0.0012
2015-11-27,海南矿业,sh601969,15.9,14.38,15.9,14.57,15.98,14.57,84720,0.0,0.0,0.0,0.0951,-0.0836
2015-11-30,海南矿业,sh601969,14.78,13.71,14.5,14.32,14.57,14.32,51806,0.0,0.0,0.0,0.0734,-0.0124
2015-12-01,海南矿业,sh601969,14.59,14.02,14.36,14.47,14.32,14.47,39435,0.0,0.0,0.0,0.0398,0.0076
2015-12-02,海南矿业,sh601969,14.52,14.05,14.32,14.36,14.47,14.36,31257,0.0,0.0,0.0,0.0324,0.0027
2015-12-03,海南矿业,sh601969,14.75,14.37,14.44,14.74,14.36,14.74,35204,0.0,0.0,0.0,0.0264,0.0207
2015-12-04,海南矿业,sh601969,14.95,14.55,14.7,14.75,14.74,14.75,42491,0.0,0.0,0.0,0.0271,0.0034
2015-12-07,海南矿业,sh601969,14.88,14.61,14.86,14.77,14.75,14.77,40150,0.0,0.0,0.0,0.0183,-0.006
2015-12-08,海南矿业,sh601969,14.66,14.01,14.55,14.22,14.77,14.22,42797,0.0,0.0,0.0,0.044,-0.0226
2015-12-09,海南矿业,sh601969,14.16,13.78,14.14,13.87,14.22,13.87,36110,0.0,0.0,0.0,0.0267,-0.019
2015-12-10,海南矿业,sh601969,14.03,13.73,13.86,13.75,13.87,13.75,25706,0.0,0.0,0.0,0.0216,-0.0079
2015-12-11,海南矿业,sh601969,0.0,0.0,0.0,13.75,13.75,13.75,0,0.0,0.0,0.0,0.0,0.0
2015-12-14,海南矿业,sh601969,14.11,12.8,13.1,14.09,13.75,14.09,58798,0.0,0.0,0.0,0.0952,0.0755
2015-12-15,海南矿业,sh601969,14.12,13.61,14.0,13.87,14.09,13.87,43525,0.0,0.0,0.0,0.0361,-0.0092
2015-12-16,海南矿业,sh601969,14.06,13.76,13.79,13.85,13.87,13.85,33456,0.0,0.0,0.0,0.0216,0.0043
2015-12-17,海南矿业,sh601969,14.35,13.88,13.88,14.25,13.85,14.25,53714,0.0,0.0,0.0,0.0339,0.0266
2015-12-18,海南矿业,sh601969,14.22,13.87,14.2,14.02,14.25,14.02,44334,0.0,0.0,0.0,0.0245,-0.0126
2015-12-21,海南矿业,sh601969,14.99,13.92,14.0,14.68,14.02,14.68,102465,0.0,0.0,0.0,0.0763,0.0485
2015-12-22,海南矿业,sh601969,14.79,14.34,14.51,14.53,14.68,14.53,63163,0.0,0.0,0.0,0.0306,0.0013
2015-12-23,海南矿业,sh601969,14.56,14.21,14.5,14.22,14.53,14.22,39402,0.0,0.0,0.0,0.024,-0.0193
2015-12-24,海南矿业,sh601969,14.33,13.86,14.23,14.02,14.22,14.02,32190,0.0,0.0,0.0,0.033,-0.0147
2015-12-25,海南矿业,sh601969,14.18,14.0,14.04,14.13,14.02,14.13,25985,0.0,0.0,0.0,0.0128,0.0064
2015-12-28,海南矿业,sh601969,14.5,13.84,14.19,13.88,14.13,13.88,57585,0.0,0.0,0.0,0.0467,-0.0218
2015-12-29,海南矿业,sh601969,14.25,13.79,13.9,14.19,13.88,14.19,39505,0.0,0.0,0.0,0.0331,0.0208
2015-12-30,海南矿业,sh601969,14.39,14.02,14.1,14.2,14.19,14.2,33853,0.0,0.0,0.0,0.026,0.007
2015-12-31,海南矿业,sh601969,14.28,13.95,14.28,14.09,14.2,14.09,31395,0.0,0.0,0.0,0.0232,-0.0133
2016-01-01,海南矿业,sh601969,14.28,13.95,14.28,14.09,14.09,14.09,31395,0.0,0.0,0.0,0.0234,-0.0133
2016-01-04,海南矿业,sh601969,14.12,12.71,14.09,12.75,14.09,12.75,39752,0.0,0.0,0.0,0.1,-0.0951
2016-01-05,海南矿业,sh601969,13.07,12.3,12.38,12.87,12.75,12.87,43046,0.0,0.0,0.0,0.0603,0.0395
2016-01-06,海南矿业,sh601969,13.5,12.83,12.92,13.45,12.87,13.45,44290,0.0,0.0,0.0,0.052,0.041
2016-01-07,海南矿业,sh601969,13.34,12.12,13.13,12.16,13.45,12.16,11650,0.0,0.0,0.0,0.0907,-0.0738
2016-01-08,海南矿业,sh601969,12.88,11.9,12.55,12.67,12.16,12.67,58657,0.0,0.0,0.0,0.0805,0.0095
2016-01-11,海南矿业,sh601969,12.61,11.76,12.31,11.82,12.67,11.82,43864,0.0,0.0,0.0,0.067,-0.0398
2016-01-12,海南矿业,sh601969,12.09,11.74,11.83,11.97,11.82,11.97,28767,0.0,0.0,0.0,0.0296,0.0118
2016-01-13,海南矿业,sh601969,12.29,11.75,12.05,11.81,11.97,11.81,28587,0.0,0.0,0.0,0.0451,-0.0199
2016-01-14,海南矿业,sh601969,12.16,11.37,11.55,12.07,11.81,12.07,28269,0.0,0.0,0.0,0.0668,0.045
2016-01-15,海南矿业,sh601969,12.08,11.04,11.89,11.19,12.07,11.19,55245,0.0,0.0,0.0,0.0861,-0.0588
2016-01-18,海南矿业,sh601969,11.4,10.85,11.0,11.2,11.19,11.2,27577,0.0,0.0,0.0,0.0491,0.0181
2016-01-19,海南矿业,sh601969,11.59,11.04,11.18,11.49,11.2,11.49,29275,0.0,0.0,0.0,0.0491,0.0277
2016-01-20,海南矿业,sh601969,11.56,11.32,11.5,11.44,11.49,11.44,31976,0.0,0.0,0.0,0.0208,-0.0052
2016-01-21,海南矿业,sh601969,11.68,10.95,11.3,11.07,11.44,11.07,34041,0.0,0.0,0.0,0.0638,-0.0203
2016-01-22,海南矿业,sh601969,11.38,11.02,11.2,11.28,11.07,11.28,20725,0.0,0.0,0.0,0.0325,0.0071
2016-01-25,海南矿业,sh601969,11.49,11.21,11.35,11.33,11.28,11.33,27111,0.0,0.0,0.0,0.0248,-0.0017
2016-01-26,海南矿业,sh601969,11.23,10.21,11.16,10.41,11.33,10.41,39725,0.0,0.0,0.0,0.09,-0.0672
2016-01-27,海南矿业,sh601969,10.59,9.92,10.38,10.25,10.41,10.25,30821,0.0,0.0,0.0,0.0643,-0.0125
2016-01-28,海南矿业,sh601969,10.24,9.75,10.05,9.77,10.25,9.77,22760,0.0,0.0,0.0,0.0478,-0.0278
2016-01-29,海南矿业,sh601969,10.17,9.73,9.84,10.08,9.77,10.08,24278,0.0,0.0,0.0,0.045,0.0243
2016-02-01,海南矿业,sh601969,10.18,9.82,10.02,9.95,10.08,9.95,21464,0.0,0.0,0.0,0.0357,-0.0069
2016-02-02,海南矿业,sh601969,10.27,9.91,9.91,10.23,9.95,10.23,20520,0.0,0.0,0.0,0.0361,0.0322
2016-02-03,海南矿业,sh601969,10.22,10.01,10.11,10.19,10.23,10.19,13256,0.0,0.0,0.0,0.0205,0.0079
2016-02-04,海南矿业,sh601969,11.21,10.1,10.27,11.21,10.19,11.21,45041,0.0,0.0,0.0,0.1089,0.0915
2016-02-05,海南矿业,sh601969,12.33,11.6,12.11,11.68,11.21,11.68,93815,0.0,0.0,0.0,0.0651,-0.0355
2016-02-08,海南矿业,sh601969,12.33,11.6,12.11,11.68,11.68,11.68,93815,0.0,0.0,0.0,0.0625,-0.0355
2016-02-09,海南矿业,sh601969,12.33,11.6,12.11,11.68,11.68,11.68,93815,0.0,0.0,0.0,0.0625,-0.0355
2016-02-10,海南矿业,sh601969,12.33,11.6,12.11,11.68,11.68,11.68,93815,0.0,0.0,0.0,0.0625,-0.0355
2016-02-11,海南矿业,sh601969,12.33,11.6,12.11,11.68,11.68,11.68,93815,0.0,0.0,0.0,0.0625,-0.0355
2016-02-12,海南矿业,sh601969,12.33,11.6,12.11,11.68,11.68,11.68,93815,0.0,0.0,0.0,0.0625,-0.0355
2016-02-15,海南矿业,sh601969,11.64,11.05,11.35,11.39,11.68,11.39,56975,0.0,0.0,0.0,0.0505,0.0035
2016-02-16,海南矿业,sh601969,11.88,11.26,11.33,11.86,11.39,11.86,106855,0.0,0.0,0.0,0.0544,0.0467
2016-02-17,海南矿业,sh601969,11.69,11.32,11.62,11.58,11.86,11.58,65743,0.0,0.0,0.0,0.0311,-0.0034
2016-02-18,海南矿业,sh601969,11.69,11.31,11.61,11.43,11.58,11.43,43263,0.0,0.0,0.0,0.0328,-0.0155
2016-02-19,海南矿业,sh601969,11.51,11.25,11.33,11.4,11.43,11.4,27887,0.0,0.0,0.0,0.0227,0.0061
2016-02-22,海南矿业,sh601969,12.2,11.6,11.73,11.71,11.4,11.71,75726,0.0,0.0,0.0,0.0526,-0.0017
2016-02-23,海南矿业,sh601969,12.19,11.56,11.71,11.85,11.71,11.85,86408,0.0,0.0,0.0,0.0538,0.0119
2016-02-24,海南矿业,sh601969,11.75,11.35,11.58,11.63,11.85,11.63,58849,0.0,0.0,0.0,0.0337,0.0043
2016-02-25,海南矿业,sh601969,11.68,10.47,11.59,10.47,11.63,10.47,53371,0.0,0.0,0.0,0.104,-0.0966
2016-02-26,海南矿业,sh601969,10.78,10.31,10.55,10.56,10.47,10.56,33042,0.0,0.0,0.0,0.0448,9.0E-4
2016-02-29,海南矿业,sh601969,10.6,9.82,10.5,9.97,10.56,9.97,35332,0.0,0.0,0.0,0.0738,-0.0504
2016-03-01,海南矿业,sh601969,10.53,9.98,10.0,10.52,9.97,10.52,36278,0.0,0.0,0.0,0.0551,0.0519
2016-03-02,海南矿业,sh601969,11.25,10.39,10.51,11.12,10.52,11.12,65287,0.0,0.0,0.0,0.0817,0.058
2016-03-03,海南矿业,sh601969,11.65,11.01,11.15,11.17,11.12,11.17,69423,0.0,0.0,0.0,0.0575,0.0017
2016-03-04,海南矿业,sh601969,11.44,10.88,11.17,11.05,11.17,11.05,54699,0.0,0.0,0.0,0.0501,-0.0107
2016-03-07,海南矿业,sh601969,12.16,12.02,12.16,12.16,11.05,12.16,131363,0.0,0.0,0.0,0.0126,0.0
2016-03-08,海南矿业,sh601969,13.38,13.38,13.38,13.38,12.16,13.38,38131,0.0,0.0,0.0,0.0,0.0
2016-03-09,海南矿业,sh601969,13.77,12.91,13.55,13.43,13.38,13.43,452053,0.0,0.0,0.0,0.0642,-0.0088
2016-03-10,海南矿业,sh601969,13.38,12.09,13.38,12.17,13.43,12.17,336755,0.0,0.0,0.0,0.096,-0.0904
2016-03-11,海南矿业,sh601969,12.15,11.52,11.7,11.67,12.17,11.67,185857,0.0,0.0,0.0,0.0517,-0.0025
2016-03-14,海南矿业,sh601969,12.56,11.6,11.77,12.05,11.67,12.05,199361,0.0,0.0,0.0,0.0822,0.0237
2016-03-15,海南矿业,sh601969,11.84,11.6,11.74,11.69,12.05,11.69,128315,0.0,0.0,0.0,0.0199,-0.0042
2016-03-16,海南矿业,sh601969,11.82,11.42,11.7,11.47,11.69,11.47,72532,0.0,0.0,0.0,0.0342,-0.0196
2016-03-17,海南矿业,sh601969,12.05,11.56,11.7,11.97,11.47,11.97,143715,0.0,0.0,0.0,0.0427,0.023
2016-03-18,海南矿业,sh601969,13.05,12.1,12.37,12.66,11.97,12.66,191636,0.0,0.0,0.0,0.0793,0.0234
2016-03-21,海南矿业,sh601969,13.64,12.23,12.53,13.33,12.66,13.33,260595,0.0,0.0,0.0,0.1113,0.0638
2016-03-22,海南矿业,sh601969,13.0,12.62,12.9,12.71,13.33,12.71,155448,0.0,0.0,0.0,0.0285,-0.0147
2016-03-23,海南矿业,sh601969,12.95,12.41,12.68,12.8,12.71,12.8,109991,0.0,0.0,0.0,0.0424,0.0094
2016-03-24,海南矿业,sh601969,12.6,12.15,12.6,12.17,12.8,12.17,101369,0.0,0.0,0.0,0.0351,-0.0341
2016-03-25,海南矿业,sh601969,12.42,12.15,12.18,12.36,12.17,12.36,52451,0.0,0.0,0.0,0.0221,0.0147
