2016-03-25
2012-02-28,吉视传媒,sh601929,24.86001,22.92003,24.50007,23.37993,25.29996,10.94736,90236300,0.0,0.0,0.0,0.0766,-0.0457
2012-02-29,吉视传媒,sh601929,24.52002,22.95993,23.0601,23.27997,23.37993,10.90055,59480300,0.0,0.0,0.0,0.0667,0.0095
2012-03-01,吉视传媒,sh601929,23.79993,22.77996,22.85997,23.66007,23.27997,11.07853,43454300,0.0,0.0,0.0,0.0438,0.035
2012-03-02,吉视传媒,sh601929,23.95995,23.35998,23.4801,23.84004,23.66007,11.1628,44363500,0.0,0.0,0.0,0.0253,0.0153
2012-03-05,吉视传媒,sh601929,24.26004,23.29992,23.89989,23.40009,23.84004,10.9568,42589500,0.0,0.0,0.0,0.0402,-0.0209
2012-03-06,吉视传媒,sh601929,24.13992,22.79991,23.24007,23.74008,23.40009,11.11599,60918300,0.0,0.0,0.0,0.0572,0.0215
2012-03-07,吉视传媒,sh601929,23.85999,23.0601,23.19996,23.77998,23.74008,11.13468,43426700,0.0,0.0,0.0,0.0336,0.025
2012-03-08,吉视传媒,sh601929,24.73989,23.40009,23.71992,24.58008,23.77998,11.50931,68461600,0.0,0.0,0.0,0.0563,0.0362
2012-03-09,吉视传媒,sh601929,24.84006,24.21993,24.40011,24.47991,24.58008,11.46241,50385500,0.0,0.0,0.0,0.0252,0.0032
2012-03-12,吉视传媒,sh601929,24.95997,24.26004,24.36,24.84006,24.47991,11.63105,46537100,0.0,0.0,0.0,0.0285,0.0197
2012-03-13,吉视传媒,sh601929,25.10004,24.42006,24.84006,24.66009,24.84006,11.54678,35956700,0.0,0.0,0.0,0.0273,-0.0072
2012-03-14,吉视传媒,sh601929,24.76005,22.19994,24.66009,22.45992,24.66009,10.51658,60843800,0.0,0.0,0.0,0.1038,-0.0892
2012-03-15,吉视传媒,sh601929,22.66005,20.88,22.40007,21.64008,22.45992,10.1327,47417200,0.0,0.0,0.0,0.0792,-0.0339
2012-03-16,吉视传媒,sh601929,22.42002,21.30009,21.46011,22.27995,21.64008,10.43231,36914800,0.0,0.0,0.0,0.0517,0.0382
2012-03-19,吉视传媒,sh601929,22.76001,21.59997,22.08003,22.56009,22.27995,10.56348,32421500,0.0,0.0,0.0,0.052,0.0217
2012-03-20,吉视传媒,sh601929,22.84002,21.82005,22.40007,22.34001,22.56009,10.46043,34251900,0.0,0.0,0.0,0.0452,-0.0026
2012-03-21,吉视传媒,sh601929,22.69995,22.01997,22.19994,22.50003,22.34001,10.53536,26255900,0.0,0.0,0.0,0.0304,0.0135
2012-03-22,吉视传媒,sh601929,22.56009,21.85995,22.30011,22.09998,22.50003,10.34804,19885200,0.0,0.0,0.0,0.0311,-0.0089
2012-03-23,吉视传媒,sh601929,22.26,21.24003,22.00002,21.69993,22.09998,10.16072,24894100,0.0,0.0,0.0,0.0461,-0.0136
2012-03-26,吉视传媒,sh601929,21.67998,20.94,21.56007,21.11991,21.69993,9.88913,11802100,0.0,0.0,0.0,0.0341,-0.0204
2012-03-27,吉视传媒,sh601929,21.61992,21.01995,21.25998,21.46011,21.11991,10.04843,19567700,0.0,0.0,0.0,0.0284,0.0094
2012-03-28,吉视传媒,sh601929,21.32004,19.36,21.32004,19.48,21.46011,9.12127,22814100,0.0,0.0,0.0,0.0913,-0.0863
2012-03-29,吉视传媒,sh601929,19.30001,18.16,19.26,18.32,19.48,8.57811,20828800,0.0,0.0,0.0,0.0585,-0.0488
2012-03-30,吉视传媒,sh601929,18.46001,17.04001,18.36,17.58,18.32,8.23162,23046600,0.0,0.0,0.0,0.0775,-0.0424
2012-04-02,吉视传媒,sh601929,17.58,17.58,17.58,17.58,17.58,8.23162,0,0.0,0.0,0.0,0.0,0.0
2012-04-03,吉视传媒,sh601929,17.58,17.58,17.58,17.58,17.58,8.23162,0,0.0,0.0,0.0,0.0,0.0
2012-04-04,吉视传媒,sh601929,17.58,17.58,17.58,17.58,17.58,8.23162,0,0.0,0.0,0.0,0.0,0.0
2012-04-05,吉视传媒,sh601929,18.16,17.36001,17.54,18.06,17.58,8.45637,19654600,0.0,0.0,0.0,0.0455,0.0296
2012-04-06,吉视传媒,sh601929,18.94,17.84,18.12,18.72001,18.06,8.76541,39519100,0.0,0.0,0.0,0.0609,0.0331
2012-04-09,吉视传媒,sh601929,18.58,17.68,18.58,17.9,18.72001,8.38145,20106300,0.0,0.0,0.0,0.048,-0.0365
2012-04-10,吉视传媒,sh601929,18.39999,17.52001,17.7,18.36,17.9,8.59684,18068800,0.0,0.0,0.0,0.0491,0.0372
2012-04-11,吉视传媒,sh601929,18.38,17.94001,18.0,18.23999,18.36,8.54065,15101700,0.0,0.0,0.0,0.0239,0.0133
2012-04-12,吉视传媒,sh601929,19.07999,18.0,18.22,18.72001,18.23999,8.76541,33548400,0.0,0.0,0.0,0.0592,0.0274
2012-04-13,吉视传媒,sh601929,19.14001,18.43999,18.59999,18.78,18.72001,8.7935,27427000,0.0,0.0,0.0,0.0373,0.0096
2012-04-16,吉视传媒,sh601929,18.98001,18.39999,18.56001,18.68,18.78,8.74668,18298600,0.0,0.0,0.0,0.0308,0.0064
2012-04-17,吉视传媒,sh601929,19.0,18.46001,18.65999,18.78,18.68,8.7935,21827000,0.0,0.0,0.0,0.0289,0.0064
2012-04-18,吉视传媒,sh601929,19.32,18.75999,18.81999,19.16,18.78,8.97143,33291000,0.0,0.0,0.0,0.0298,0.018
2012-04-19,吉视传媒,sh601929,19.33999,18.88001,19.12,19.16,19.16,8.97143,25396900,0.0,0.0,0.0,0.024,0.002
2012-04-20,吉视传媒,sh601929,19.32,18.96,19.1,19.16,19.16,8.97143,23834200,0.0,0.0,0.0,0.0187,0.0031
2012-04-23,吉视传媒,sh601929,19.1,17.62001,19.1,18.12,19.16,8.48446,30199100,0.0,0.0,0.0,0.0772,-0.0513
2012-04-24,吉视传媒,sh601929,18.12,17.13999,17.81999,17.84,18.12,8.35336,18263700,0.0,0.0,0.0,0.054,0.0011
2012-04-25,吉视传媒,sh601929,19.62001,17.62001,17.75999,19.62001,17.84,9.18682,50236300,0.0,0.0,0.0,0.1121,0.1047
2012-04-26,吉视传媒,sh601929,21.56007,19.8,20.0,19.84,19.62001,9.28983,68484900,0.0,0.0,0.0,0.0897,-0.008
2012-04-27,吉视传媒,sh601929,19.84,19.84,19.84,19.84,19.84,9.28983,0,0.0,0.0,0.0,0.0,0.0
2012-04-30,吉视传媒,sh601929,19.84,19.84,19.84,19.84,19.84,9.28983,0,0.0,0.0,0.0,0.0,0.0
2012-05-01,吉视传媒,sh601929,19.84,19.84,19.84,19.84,19.84,9.28983,0,0.0,0.0,0.0,0.0,0.0
2012-05-02,吉视传媒,sh601929,20.52,19.27999,20.0,19.75999,19.84,9.25237,38676100,0.0,0.0,0.0,0.0625,-0.012
2012-05-03,吉视传媒,sh601929,19.74,19.30001,19.56001,19.69999,19.75999,9.22428,22052600,0.0,0.0,0.0,0.0222,0.0071
2012-05-04,吉视传媒,sh601929,19.82001,19.36,19.59999,19.42,19.69999,9.09317,18396300,0.0,0.0,0.0,0.0233,-0.0091
2012-05-07,吉视传媒,sh601929,19.54,18.9,19.36,19.52,19.42,9.14,20094500,0.0,0.0,0.0,0.0329,0.0082
2012-05-08,吉视传媒,sh601929,20.32,19.40001,19.46001,19.74,19.52,9.24301,32984900,0.0,0.0,0.0,0.0471,0.0143
2012-05-09,吉视传媒,sh601929,19.49999,18.94,19.49999,18.96,19.74,8.87778,18914500,0.0,0.0,0.0,0.0283,-0.0276
2012-05-10,吉视传媒,sh601929,19.32,18.59999,18.85999,19.17999,18.96,8.98079,22109500,0.0,0.0,0.0,0.0379,0.0169
2012-05-11,吉视传媒,sh601929,19.36,18.96,19.20001,19.06,19.17999,8.92461,15454200,0.0,0.0,0.0,0.0208,-0.0072
2012-05-14,吉视传媒,sh601929,19.52,18.84,19.20001,19.23999,19.06,9.00888,22585700,0.0,0.0,0.0,0.0356,0.002
2012-05-15,吉视传媒,sh601929,19.16,18.81999,19.1,19.01999,19.23999,8.90587,10170000,0.0,0.0,0.0,0.0176,-0.0041
2012-05-16,吉视传媒,sh601929,19.07999,18.12,19.04001,18.17999,19.01999,8.51255,10689500,0.0,0.0,0.0,0.0504,-0.0451
2012-05-17,吉视传媒,sh601929,18.7,17.68,18.12,18.52,18.17999,8.67176,18974700,0.0,0.0,0.0,0.0561,0.022
2012-05-18,吉视传媒,sh601929,18.39999,17.59999,18.20001,17.65999,18.52,8.26907,12005500,0.0,0.0,0.0,0.0431,-0.0296
2012-05-21,吉视传媒,sh601929,17.85999,17.28,17.65999,17.75999,17.65999,8.31589,9109700,0.0,0.0,0.0,0.0328,0.0056
2012-05-22,吉视传媒,sh601929,18.14001,17.68,17.8,17.96,17.75999,8.40954,9948100,0.0,0.0,0.0,0.0259,0.0089
2012-05-23,吉视传媒,sh601929,18.06,17.54,17.88001,17.62001,17.96,8.25035,9818200,0.0,0.0,0.0,0.0289,-0.0145
2012-05-24,吉视传媒,sh601929,17.39999,16.62001,17.39999,17.06,17.62001,7.98813,38435200,0.0,0.0,0.0,0.0442,-0.0195
2012-05-25,吉视传媒,sh601929,16.96,16.23999,16.91999,16.42,17.06,7.68846,23367600,0.0,0.0,0.0,0.0422,-0.0295
2012-05-28,吉视传媒,sh601929,16.55999,15.81999,16.29999,16.49999,16.42,7.72592,16933100,0.0,0.0,0.0,0.045,0.0122
2012-05-29,吉视传媒,sh601929,17.26001,16.36001,16.39999,16.96,16.49999,7.94131,31486000,0.0,0.0,0.0,0.0545,0.0341
2012-05-30,吉视传媒,sh601929,17.0,16.74,16.9,16.81999,16.96,7.87575,15237200,0.0,0.0,0.0,0.0153,-0.0047
2012-05-31,吉视传媒,sh601929,17.30001,16.62001,16.7,17.0,16.81999,7.98196,17515300,0.0,0.0,0.0,0.0404,0.0179
2012-06-01,吉视传媒,sh601929,17.20001,16.75999,16.97999,16.97999,17.0,7.97257,14719200,0.0,0.0,0.0,0.0258,0.0
2012-06-04,吉视传媒,sh601929,16.64,16.02,16.6,16.20001,16.97999,7.60634,13285700,0.0,0.0,0.0,0.0365,-0.024
2012-06-05,吉视传媒,sh601929,16.75999,16.10001,16.12,16.62001,16.20001,7.80355,24807300,0.0,0.0,0.0,0.0407,0.031
2012-06-06,吉视传媒,sh601929,16.6,16.16,16.58,16.29999,16.62001,7.65329,10511100,0.0,0.0,0.0,0.0264,-0.0168
2012-06-07,吉视传媒,sh601929,16.54,15.84001,16.48,15.91999,16.29999,7.47487,10720300,0.0,0.0,0.0,0.0429,-0.0339
2012-06-08,吉视传媒,sh601929,16.13999,15.91999,16.0,15.96,15.91999,7.49365,8427100,0.0,0.0,0.0,0.0138,-0.0024
2012-06-11,吉视传媒,sh601929,16.32,15.87999,16.0,16.26,15.96,7.63451,9278300,0.0,0.0,0.0,0.0275,0.0162
2012-06-12,吉视传媒,sh601929,16.26,16.0,16.12,16.02,16.26,7.52182,6894200,0.0,0.0,0.0,0.0159,-0.0062
2012-06-13,吉视传媒,sh601929,16.28,16.02,16.07999,16.23999,16.02,7.62512,9408200,0.0,0.0,0.0,0.0162,0.0099
2012-06-14,吉视传媒,sh601929,16.71999,16.16,16.26,16.42,16.23999,7.70964,18077300,0.0,0.0,0.0,0.0344,0.0098
2012-06-15,吉视传媒,sh601929,16.49999,16.20001,16.36001,16.32,16.42,7.66268,9626100,0.0,0.0,0.0,0.0182,-0.0024
2012-06-18,吉视传媒,sh601929,16.55999,16.32,16.48,16.44,16.32,7.71902,8760200,0.0,0.0,0.0,0.0147,-0.0024
2012-06-19,吉视传媒,sh601929,16.62001,16.32,16.44,16.38,16.44,7.69085,10561900,0.0,0.0,0.0,0.0182,-0.0036
2012-06-20,吉视传媒,sh601929,16.48,16.13999,16.38,16.16,16.38,7.58756,8199700,0.0,0.0,0.0,0.0207,-0.0134
2012-06-21,吉视传媒,sh601929,16.22,15.74,16.20001,15.75999,16.16,7.39975,9274800,0.0,0.0,0.0,0.0297,-0.0271
2012-06-22,吉视传媒,sh601929,15.75999,15.75999,15.75999,15.75999,15.75999,7.39975,0,0.0,0.0,0.0,0.0,0.0
2012-06-25,吉视传媒,sh601929,16.07999,15.48,15.78001,15.78001,15.75999,7.40914,13284800,0.0,0.0,0.0,0.038,0.0
2012-06-26,吉视传媒,sh601929,15.8,15.48,15.65999,15.7,15.78001,7.37158,7396200,0.0,0.0,0.0,0.0202,0.0025
2012-06-27,吉视传媒,sh601929,16.06,15.65999,15.7,15.87999,15.7,7.45609,9396600,0.0,0.0,0.0,0.0254,0.0114
2012-06-28,吉视传媒,sh601929,15.96,15.34,15.84001,15.38,15.87999,7.22133,7237500,0.0,0.0,0.0,0.039,-0.029
2012-06-29,吉视传媒,sh601929,16.91999,15.02,15.28,16.91999,15.38,7.9444,51908300,0.0,0.0,0.0,0.1235,0.1073
2012-07-02,吉视传媒,sh601929,17.23999,16.71999,17.20001,16.86,16.91999,7.91623,57740600,0.0,0.0,0.0,0.0307,-0.0197
2012-07-03,吉视传媒,sh601929,17.07999,16.62001,16.86,16.8,16.86,7.88806,33130600,0.0,0.0,0.0,0.0272,-0.0035
2012-07-04,吉视传媒,sh601929,16.94001,16.6,16.8,16.88001,16.8,7.92562,20321300,0.0,0.0,0.0,0.0202,0.0047
2012-07-05,吉视传媒,sh601929,17.16,16.39999,16.8,16.86,16.88001,7.91623,28053600,0.0,0.0,0.0,0.045,0.0035
2012-07-06,吉视传媒,sh601929,18.17999,16.48,16.9,17.68,16.86,8.30124,59510200,0.0,0.0,0.0,0.1008,0.0461
2012-07-09,吉视传媒,sh601929,18.06,17.22,17.36001,17.7,17.68,8.31063,39670200,0.0,0.0,0.0,0.0475,0.0195
2012-07-10,吉视传媒,sh601929,18.85999,17.46001,17.55999,18.46001,17.7,8.66747,80373600,0.0,0.0,0.0,0.079,0.0512
2012-07-11,吉视传媒,sh601929,18.38,17.17999,18.17999,17.48,18.46001,8.20733,50634300,0.0,0.0,0.0,0.065,-0.0385
2012-07-12,吉视传媒,sh601929,17.68,16.71999,17.33999,17.49999,17.48,8.21672,33222800,0.0,0.0,0.0,0.0549,0.0092
2012-07-13,吉视传媒,sh601929,17.46001,16.81999,17.32,16.86,17.49999,7.91623,23748600,0.0,0.0,0.0,0.0365,-0.0265
2012-07-16,吉视传媒,sh601929,16.91999,15.18,16.9,15.18,16.86,7.12742,34444800,0.0,0.0,0.0,0.1032,-0.1017
2012-07-17,吉视传媒,sh601929,15.23999,14.7,14.8,15.00001,15.18,7.04291,19166900,0.0,0.0,0.0,0.0355,0.0135
2012-07-18,吉视传媒,sh601929,15.34,14.8,15.02,15.26001,15.00001,7.16499,15890500,0.0,0.0,0.0,0.0359,0.0159
2012-07-19,吉视传媒,sh601929,15.7,15.12,15.23999,15.49999,15.26001,7.27767,21283400,0.0,0.0,0.0,0.038,0.017
2012-07-20,吉视传媒,sh601929,15.49999,15.06,15.39999,15.10001,15.49999,7.08986,14959500,0.0,0.0,0.0,0.0283,-0.0194
2012-07-23,吉视传媒,sh601929,15.44,14.64,14.9,15.22,15.10001,7.1462,15489000,0.0,0.0,0.0,0.0529,0.0214
2012-07-24,吉视传媒,sh601929,15.91999,14.86,14.96,15.86,15.22,7.4467,30604500,0.0,0.0,0.0,0.0696,0.0601
2012-07-25,吉视传媒,sh601929,16.33999,15.64,15.68001,15.84001,15.86,7.43731,32812300,0.0,0.0,0.0,0.0441,0.0102
2012-07-26,吉视传媒,sh601929,17.36001,15.7,15.8,17.28,15.84001,8.11343,67103300,0.0,0.0,0.0,0.1047,0.0936
2012-07-27,吉视传媒,sh601929,17.16,16.55999,17.0,17.0,17.28,7.98196,42207600,0.0,0.0,0.0,0.0347,0.0
2012-07-30,吉视传媒,sh601929,16.96,16.26,16.84,16.58,17.0,7.78476,20047900,0.0,0.0,0.0,0.0411,-0.0154
2012-07-31,吉视传媒,sh601929,17.17999,16.28,16.49999,16.81999,16.58,7.89744,29356200,0.0,0.0,0.0,0.0542,0.0193
2012-08-01,吉视传媒,sh601929,17.22,16.65999,16.71999,16.81999,16.81999,7.89744,25890100,0.0,0.0,0.0,0.0332,0.0059
2012-08-02,吉视传媒,sh601929,17.42,16.13999,16.75999,16.96,16.81999,7.96318,55654500,0.0,0.0,0.0,0.0761,0.0119
2012-08-03,吉视传媒,sh601929,17.30001,16.74,16.94001,17.16,16.96,8.05709,53319100,0.0,0.0,0.0,0.033,0.0129
2012-08-06,吉视传媒,sh601929,17.36001,16.8,17.02,17.23999,17.16,8.09464,40207200,0.0,0.0,0.0,0.0326,0.0129
2012-08-07,吉视传媒,sh601929,17.68,16.97999,17.22,17.02,17.23999,7.99135,40629400,0.0,0.0,0.0,0.0406,-0.0116
2012-08-08,吉视传媒,sh601929,17.10001,16.6,16.9,16.86,17.02,7.91623,25448500,0.0,0.0,0.0,0.0293,-0.0023
2012-08-09,吉视传媒,sh601929,17.0,16.7,16.75999,16.97999,16.86,7.97257,18832200,0.0,0.0,0.0,0.0177,0.0131
2012-08-10,吉视传媒,sh601929,17.07999,16.52001,16.91999,16.55999,16.97999,7.77536,16294500,0.0,0.0,0.0,0.0329,-0.0212
2012-08-13,吉视传媒,sh601929,16.46001,15.52001,16.46001,15.54,16.55999,7.29645,26197200,0.0,0.0,0.0,0.0567,-0.0558
2012-08-14,吉视传媒,sh601929,15.84001,15.32,15.49999,15.78001,15.54,7.40914,14275700,0.0,0.0,0.0,0.0334,0.018
2012-08-15,吉视传媒,sh601929,16.07999,15.62001,15.74,15.65999,15.78001,7.35279,12601800,0.0,0.0,0.0,0.0291,-0.005
2012-08-16,吉视传媒,sh601929,15.74,15.34,15.6,15.45999,15.65999,7.25888,7870800,0.0,0.0,0.0,0.0255,-0.0089
2012-08-17,吉视传媒,sh601929,17.0,15.36001,15.49999,17.0,15.45999,7.98196,47117400,0.0,0.0,0.0,0.106,0.0967
2012-08-20,吉视传媒,sh601929,17.44,16.7,16.9,17.04001,17.0,8.00075,55846500,0.0,0.0,0.0,0.0435,0.0082
2012-08-21,吉视传媒,sh601929,17.42,16.74,16.84,17.06,17.04001,8.01013,49716600,0.0,0.0,0.0,0.0399,0.013
2012-08-22,吉视传媒,sh601929,17.28,16.54,16.9,16.62001,17.06,7.80355,33492000,0.0,0.0,0.0,0.0433,-0.0165
2012-08-23,吉视传媒,sh601929,16.78001,16.33999,16.49999,16.6,16.62001,7.79415,19740100,0.0,0.0,0.0,0.0264,0.006
2012-08-24,吉视传媒,sh601929,16.55999,15.7,16.54,15.71999,16.6,7.38096,22307400,0.0,0.0,0.0,0.0518,-0.0495
2012-08-27,吉视传媒,sh601929,15.96,15.48,15.62001,15.75999,15.71999,7.39975,12325900,0.0,0.0,0.0,0.0305,0.0089
2012-08-28,吉视传媒,sh601929,16.26,15.7,15.9,16.07999,15.75999,7.54999,13801400,0.0,0.0,0.0,0.0355,0.0113
2012-08-29,吉视传媒,sh601929,16.36001,15.78001,15.97999,15.8,16.07999,7.41853,12028700,0.0,0.0,0.0,0.036,-0.0112
2012-08-30,吉视传媒,sh601929,16.74,15.65999,15.75999,16.46001,15.8,7.72842,24208800,0.0,0.0,0.0,0.0683,0.0444
2012-08-31,吉视传媒,sh601929,16.62001,16.20001,16.28,16.42,16.46001,7.70964,15291900,0.0,0.0,0.0,0.0255,0.0085
2012-09-03,吉视传媒,sh601929,17.13999,16.36001,16.38,16.75999,16.42,7.86927,23304200,0.0,0.0,0.0,0.0475,0.0231
2012-09-04,吉视传媒,sh601929,16.91999,16.12,16.6,16.16,16.75999,7.58756,21355700,0.0,0.0,0.0,0.0477,-0.0265
2012-09-05,吉视传媒,sh601929,16.75999,15.91999,16.0,16.49999,16.16,7.7472,15450800,0.0,0.0,0.0,0.0519,0.0312
2012-09-06,吉视传媒,sh601929,16.86,16.46001,16.54,16.75999,16.49999,7.86927,14990200,0.0,0.0,0.0,0.0242,0.0133
2012-09-07,吉视传媒,sh601929,17.75999,16.75999,16.91999,17.23999,16.75999,8.09464,45284000,0.0,0.0,0.0,0.0596,0.0189
2012-09-10,吉视传媒,sh601929,17.48,17.07999,17.22,17.30001,17.23999,8.12282,24429500,0.0,0.0,0.0,0.0232,0.0046
2012-09-11,吉视传媒,sh601929,18.16,17.07999,17.30001,17.54,17.30001,8.2355,45989400,0.0,0.0,0.0,0.0624,0.0138
2012-09-12,吉视传媒,sh601929,17.62001,17.10001,17.59999,17.42,17.54,8.17917,24798100,0.0,0.0,0.0,0.0296,-0.0102
2012-09-13,吉视传媒,sh601929,17.48,17.0,17.42,17.02,17.42,7.99135,17247300,0.0,0.0,0.0,0.0275,-0.0229
2012-09-14,吉视传媒,sh601929,17.58,16.78001,17.22,17.33999,17.02,8.1416,23340000,0.0,0.0,0.0,0.047,0.0069
2012-09-17,吉视传媒,sh601929,17.39999,16.6,17.28,16.62001,17.33999,7.80355,15150000,0.0,0.0,0.0,0.0461,-0.0381
2012-09-18,吉视传媒,sh601929,16.97999,16.6,16.64,16.78001,16.62001,7.87867,11696500,0.0,0.0,0.0,0.0228,0.0084
2012-09-19,吉视传媒,sh601929,16.97999,16.75999,16.75999,16.9,16.78001,7.93501,8470300,0.0,0.0,0.0,0.0131,0.0083
2012-09-20,吉视传媒,sh601929,16.97999,15.8,16.81999,15.86,16.9,7.4467,19990800,0.0,0.0,0.0,0.0698,-0.057
2012-09-21,吉视传媒,sh601929,16.13999,15.62001,15.96,15.7,15.86,7.37158,11864100,0.0,0.0,0.0,0.0327,-0.0162
2012-09-24,吉视传媒,sh601929,16.38,15.62001,15.75999,16.04001,15.7,7.53122,10440700,0.0,0.0,0.0,0.0484,0.0177
2012-09-25,吉视传媒,sh601929,16.20001,15.74,15.96,16.02,16.04001,7.52182,7839200,0.0,0.0,0.0,0.0286,0.0037
2012-09-26,吉视传媒,sh601929,16.07999,15.20001,15.97999,15.39999,16.02,7.23071,13338300,0.0,0.0,0.0,0.0549,-0.0362
2012-09-27,吉视传媒,sh601929,16.02,15.12,15.32,15.84001,15.39999,7.43731,16005200,0.0,0.0,0.0,0.0584,0.0339
2012-09-28,吉视传媒,sh601929,16.04001,15.6,15.7,16.02,15.84001,7.52182,12222400,0.0,0.0,0.0,0.0277,0.0203
2012-10-01,吉视传媒,sh601929,16.02,16.02,16.02,16.02,16.02,7.52182,0,0.0,0.0,0.0,0.0,0.0
2012-10-02,吉视传媒,sh601929,16.02,16.02,16.02,16.02,16.02,7.52182,0,0.0,0.0,0.0,0.0,0.0
2012-10-03,吉视传媒,sh601929,16.02,16.02,16.02,16.02,16.02,7.52182,0,0.0,0.0,0.0,0.0,0.0
2012-10-04,吉视传媒,sh601929,16.02,16.02,16.02,16.02,16.02,7.52182,0,0.0,0.0,0.0,0.0,0.0
2012-10-05,吉视传媒,sh601929,16.02,16.02,16.02,16.02,16.02,7.52182,0,0.0,0.0,0.0,0.0,0.0
2012-10-08,吉视传媒,sh601929,16.07999,15.74,15.97999,15.86,16.02,7.4467,8518100,0.0,0.0,0.0,0.0212,-0.0075
2012-10-09,吉视传媒,sh601929,17.44,15.86,15.87999,17.44,15.86,8.18855,47650800,0.0,0.0,0.0,0.0996,0.0982
2012-10-10,吉视传媒,sh601929,19.17999,17.10001,17.20001,19.16,17.44,8.99614,72861600,0.0,0.0,0.0,0.1192,0.1139
2012-10-11,吉视传媒,sh601929,18.98001,17.91999,18.98001,18.49999,19.16,8.68625,63206100,0.0,0.0,0.0,0.0553,-0.0252
2012-10-12,吉视传媒,sh601929,19.12,17.91999,18.59999,18.49999,18.49999,8.68625,86023600,0.0,0.0,0.0,0.0648,-0.0053
2012-10-15,吉视传媒,sh601929,18.65999,17.62001,18.48,18.49999,18.49999,8.68625,52178600,0.0,0.0,0.0,0.0562,0.001
2012-10-16,吉视传媒,sh601929,18.91999,18.1,18.36,18.52,18.49999,8.69564,58956900,0.0,0.0,0.0,0.0443,0.0087
2012-10-17,吉视传媒,sh601929,18.62001,18.01999,18.33999,18.36,18.52,8.62052,49338400,0.0,0.0,0.0,0.0323,0.001
2012-10-18,吉视传媒,sh601929,18.62001,18.12,18.33999,18.38,18.36,8.62991,54725600,0.0,0.0,0.0,0.0272,0.0021
2012-10-19,吉视传媒,sh601929,18.74,18.22,18.59999,18.32,18.38,8.60174,43660800,0.0,0.0,0.0,0.0282,-0.015
2012-10-22,吉视传媒,sh601929,18.59999,17.81999,18.06,18.32,18.32,8.60174,42867800,0.0,0.0,0.0,0.0425,0.0143
2012-10-23,吉视传媒,sh601929,18.68,17.94001,18.49999,18.26,18.32,8.57357,47809100,0.0,0.0,0.0,0.0403,-0.0129
2012-10-24,吉视传媒,sh601929,18.39999,17.91999,18.04001,18.22,18.26,8.55478,38689800,0.0,0.0,0.0,0.0262,0.0099
2012-10-25,吉视传媒,sh601929,18.36,17.52001,18.30001,17.58,18.22,8.25429,31655000,0.0,0.0,0.0,0.0461,-0.0393
2012-10-26,吉视传媒,sh601929,17.75999,17.02,17.59999,17.39999,17.58,8.16977,44661600,0.0,0.0,0.0,0.042,-0.0113
2012-10-29,吉视传媒,sh601929,17.85999,17.12,17.33999,17.48,17.39999,8.20733,35636800,0.0,0.0,0.0,0.0425,0.008
2012-10-30,吉视传媒,sh601929,17.54,16.94001,17.54,16.97999,17.48,7.97257,23578700,0.0,0.0,0.0,0.0343,-0.0319
2012-10-31,吉视传媒,sh601929,17.06,16.20001,16.96,16.36001,16.97999,7.68147,20516800,0.0,0.0,0.0,0.0506,-0.0353
2012-11-01,吉视传媒,sh601929,16.78001,16.38,16.44,16.65999,16.36001,7.82232,19047400,0.0,0.0,0.0,0.0244,0.0133
2012-11-02,吉视传媒,sh601929,16.97999,16.58,16.7,16.86,16.65999,7.91623,17442800,0.0,0.0,0.0,0.024,0.0095
2012-11-05,吉视传媒,sh601929,17.07999,16.6,16.8,16.97999,16.86,7.97257,17337100,0.0,0.0,0.0,0.0284,0.0107
2012-11-06,吉视传媒,sh601929,17.04001,16.62001,17.0,16.91999,16.97999,7.9444,13900700,0.0,0.0,0.0,0.0247,-0.0047
2012-11-07,吉视传媒,sh601929,17.28,16.71999,16.91999,17.16,16.91999,8.05709,17820300,0.0,0.0,0.0,0.033,0.0141
2012-11-08,吉视传媒,sh601929,16.97999,16.20001,16.97999,16.26,17.16,7.63451,17828500,0.0,0.0,0.0,0.0454,-0.0424
2012-11-09,吉视传媒,sh601929,16.28,15.87999,16.06,15.94001,16.26,7.48427,13906700,0.0,0.0,0.0,0.0246,-0.0074
2012-11-12,吉视传媒,sh601929,16.20001,15.9,16.10001,16.18,15.94001,7.59695,8098500,0.0,0.0,0.0,0.0188,0.0049
2012-11-13,吉视传媒,sh601929,16.20001,15.52001,16.20001,15.6,16.18,7.32462,11333100,0.0,0.0,0.0,0.042,-0.037
2012-11-14,吉视传媒,sh601929,15.97999,15.49999,15.6,15.87999,15.6,7.45609,9868600,0.0,0.0,0.0,0.0307,0.0179
2012-11-15,吉视传媒,sh601929,16.07999,15.6,15.8,15.6,15.87999,7.32462,8497000,0.0,0.0,0.0,0.0302,-0.0126
2012-11-16,吉视传媒,sh601929,15.7,15.49999,15.49999,15.65999,15.6,7.35279,7099800,0.0,0.0,0.0,0.0128,0.0103
2012-11-19,吉视传媒,sh601929,16.12,15.6,15.7,16.0,15.65999,7.51244,9454500,0.0,0.0,0.0,0.0332,0.0191
2012-11-20,吉视传媒,sh601929,16.07999,15.81999,16.0,15.94001,16.0,7.48427,7426500,0.0,0.0,0.0,0.0162,-0.0037
2012-11-21,吉视传媒,sh601929,16.23999,15.86,15.97999,16.22,15.94001,7.61573,12347000,0.0,0.0,0.0,0.0238,0.015
2012-11-22,吉视传媒,sh601929,16.16,15.34,16.16,15.42001,16.22,7.24011,16302900,0.0,0.0,0.0,0.0505,-0.0457
2012-11-23,吉视传媒,sh601929,15.58,15.23999,15.38,15.28,15.42001,7.17437,8468100,0.0,0.0,0.0,0.022,-0.0065
2012-11-26,吉视传媒,sh601929,15.34,14.8,15.23999,14.86,15.28,6.97717,11844300,0.0,0.0,0.0,0.0353,-0.0249
2012-11-27,吉视传媒,sh601929,14.84001,13.77999,14.78001,13.86,14.86,6.50765,16061400,0.0,0.0,0.0,0.0713,-0.0622
2012-11-28,吉视传媒,sh601929,13.76,13.19999,13.71999,13.29999,13.86,6.24471,13183200,0.0,0.0,0.0,0.0404,-0.0306
2012-11-29,吉视传媒,sh601929,13.48,12.68001,13.35999,12.71999,13.29999,5.97238,11457300,0.0,0.0,0.0,0.0601,-0.0479
2012-11-30,吉视传媒,sh601929,13.19999,12.66,12.7,13.10001,12.71999,6.15081,12256400,0.0,0.0,0.0,0.0424,0.0314
2012-12-03,吉视传媒,sh601929,13.13999,12.09999,13.06,12.18,13.10001,5.71884,14041300,0.0,0.0,0.0,0.0793,-0.0673
2012-12-04,吉视传媒,sh601929,12.5,11.77999,12.19999,12.38,12.18,5.81275,13969300,0.0,0.0,0.0,0.0591,0.0147
2012-12-05,吉视传媒,sh601929,13.06,12.24,12.28,12.84001,12.38,6.02873,18039000,0.0,0.0,0.0,0.0662,0.0456
2012-12-06,吉视传媒,sh601929,13.94001,12.8,12.8,13.48,12.84001,6.32923,33762200,0.0,0.0,0.0,0.0887,0.0531
2012-12-07,吉视传媒,sh601929,13.9,13.02,13.38,13.64,13.48,6.40435,30581600,0.0,0.0,0.0,0.0652,0.0194
2012-12-10,吉视传媒,sh601929,14.13999,13.45999,13.61999,13.86,13.64,6.50765,26944100,0.0,0.0,0.0,0.0498,0.0176
2012-12-11,吉视传媒,sh601929,13.71999,13.18,13.71999,13.24,13.86,6.21654,21009700,0.0,0.0,0.0,0.0389,-0.0349
2012-12-12,吉视传媒,sh601929,13.54,13.22,13.26001,13.48,13.24,6.32923,14831200,0.0,0.0,0.0,0.0241,0.0165
2012-12-13,吉视传媒,sh601929,13.64,13.16001,13.38,13.18,13.48,6.18837,13684100,0.0,0.0,0.0,0.0356,-0.0149
2012-12-14,吉视传媒,sh601929,13.86,13.10001,13.10001,13.7,13.18,6.43252,24221200,0.0,0.0,0.0,0.0576,0.0458
2012-12-17,吉视传媒,sh601929,14.08,13.64,13.68001,13.87999,13.7,6.51703,24316000,0.0,0.0,0.0,0.0321,0.0146
2012-12-18,吉视传媒,sh601929,14.28,13.68001,13.87999,13.87999,13.87999,6.51703,22493100,0.0,0.0,0.0,0.0432,0.0
2012-12-19,吉视传媒,sh601929,14.29999,13.84001,13.96,13.9,13.87999,6.52643,21816400,0.0,0.0,0.0,0.0331,-0.0042
2012-12-20,吉视传媒,sh601929,13.8,13.42001,13.77999,13.68001,13.9,6.42314,18237600,0.0,0.0,0.0,0.0273,-0.0072
2012-12-21,吉视传媒,sh601929,13.92,13.45999,13.76,13.68001,13.68001,6.42314,16694700,0.0,0.0,0.0,0.0336,-0.0058
2012-12-24,吉视传媒,sh601929,13.74001,13.5,13.58001,13.64,13.68001,6.40435,9994100,0.0,0.0,0.0,0.0175,0.0044
2012-12-25,吉视传媒,sh601929,14.12,13.48,13.55999,14.02,13.64,6.58277,22616100,0.0,0.0,0.0,0.0469,0.0339
2012-12-26,吉视传媒,sh601929,14.5,14.06,14.06,14.34,14.02,6.73302,28474400,0.0,0.0,0.0,0.0313,0.0199
2012-12-27,吉视传媒,sh601929,14.52001,14.08,14.36001,14.29999,14.34,6.71423,27124800,0.0,0.0,0.0,0.0306,-0.0041
2012-12-28,吉视传媒,sh601929,14.39999,14.10001,14.23999,14.32,14.29999,6.72363,17721900,0.0,0.0,0.0,0.0209,0.0056
2012-12-31,吉视传媒,sh601929,14.78001,14.29999,14.29999,14.55999,14.32,6.83631,22919400,0.0,0.0,0.0,0.0335,0.0181
2013-01-04,吉视传媒,sh601929,7.34,7.04,7.3,7.11,14.55999,7.1283937,17301851,0.0,0.0,0.0,0.0206,-0.026
2013-01-07,吉视传媒,sh601929,7.24,7.05,7.1,7.18,7.11,7.198573,13959093,0.0,0.0,0.0,0.0267,0.0112
2013-01-09,吉视传媒,sh601929,7.65,7.11,7.4,7.23,7.18,7.248704,31188956,0.0,0.0,0.0,0.0752,-0.0229
2013-01-10,吉视传媒,sh601929,7.35,7.13,7.15,7.32,7.23,7.3389354,19411432,0.0,0.0,0.0,0.0304,0.0237
2013-01-11,吉视传媒,sh601929,7.4,7.06,7.32,7.1,7.32,7.118364,21078501,0.0,0.0,0.0,0.0464,-0.03
2013-01-14,吉视传媒,sh601929,7.36,7.04,7.04,7.3,7.1,7.318881,20362136,0.0,0.0,0.0,0.045,0.0369
2013-01-15,吉视传媒,sh601929,7.77,7.26,7.32,7.61,7.3,7.629685,38233354,0.0,0.0,0.0,0.0698,0.0396
2013-01-16,吉视传媒,sh601929,7.56,7.28,7.56,7.46,7.61,7.479296,23370819,0.0,0.0,0.0,0.0367,-0.0132
2013-01-17,吉视传媒,sh601929,7.54,7.32,7.41,7.39,7.46,7.4091177,13103109,0.0,0.0,0.0,0.0294,-0.0026
2013-01-18,吉视传媒,sh601929,7.54,7.35,7.45,7.5,7.39,7.5194025,13618028,0.0,0.0,0.0,0.0257,0.0067
2013-01-21,吉视传媒,sh601929,7.55,7.45,7.5,7.52,7.5,7.539457,12030867,0.0,0.0,0.0,0.0133,0.0026
2013-01-22,吉视传媒,sh601929,7.59,7.24,7.56,7.28,7.52,7.298835,14085688,0.0,0.0,0.0,0.0465,-0.037
2013-01-23,吉视传媒,sh601929,7.35,7.07,7.27,7.2,7.28,7.218628,13381882,0.0,0.0,0.0,0.0384,-0.0096
2013-01-24,吉视传媒,sh601929,7.28,6.85,7.18,6.91,7.2,6.927876,18794704,0.0,0.0,0.0,0.0597,-0.0376
2013-01-25,吉视传媒,sh601929,7.01,6.79,6.91,6.9,6.91,6.9178514,11169989,0.0,0.0,0.0,0.0318,-0.0014
2013-01-28,吉视传媒,sh601929,7.03,6.88,6.88,7.02,6.9,7.03816,9878611,0.0,0.0,0.0,0.0217,0.0203
2013-01-29,吉视传媒,sh601929,7.19,6.98,7.02,7.14,7.02,7.15847,12471318,0.0,0.0,0.0,0.0299,0.017
2013-01-30,吉视传媒,sh601929,7.14,6.99,7.13,7.08,7.14,7.0983176,11266085,0.0,0.0,0.0,0.021,-0.007
2013-01-31,吉视传媒,sh601929,7.12,7.0,7.08,7.08,7.08,7.0983176,8675423,0.0,0.0,0.0,0.0169,0.0
2013-02-01,吉视传媒,sh601929,7.22,7.04,7.08,7.15,7.08,7.1684985,13053633,0.0,0.0,0.0,0.0254,0.0098
2013-02-04,吉视传媒,sh601929,7.23,7.01,7.15,7.07,7.15,7.08829,10839629,0.0,0.0,0.0,0.0307,-0.0111
2013-02-05,吉视传媒,sh601929,7.18,7.05,7.07,7.16,7.07,7.178524,9494461,0.0,0.0,0.0,0.0183,0.0127
2013-02-06,吉视传媒,sh601929,7.34,7.21,7.24,7.22,7.16,7.2386804,12818209,0.0,0.0,0.0,0.0181,-0.0027
2013-02-07,吉视传媒,sh601929,7.45,7.15,7.22,7.42,7.22,7.439199,19948470,0.0,0.0,0.0,0.0415,0.0277
2013-02-08,吉视传媒,sh601929,7.43,7.33,7.41,7.36,7.42,7.3790455,13489588,0.0,0.0,0.0,0.0134,-0.0067
2013-02-18,吉视传媒,sh601929,7.48,7.33,7.39,7.41,7.36,7.4291716,14128105,0.0,0.0,0.0,0.0203,0.0027
2013-02-19,吉视传媒,sh601929,7.42,7.15,7.42,7.18,7.41,7.1985774,12767393,0.0,0.0,0.0,0.0364,-0.0323
2013-02-20,吉视传媒,sh601929,7.22,7.05,7.2,7.2,7.18,7.2186327,13313811,0.0,0.0,0.0,0.0236,0.0
2013-02-21,吉视传媒,sh601929,7.14,6.91,7.14,6.95,7.2,6.967987,14026231,0.0,0.0,0.0,0.0319,-0.0266
2013-02-22,吉视传媒,sh601929,7.33,6.91,6.94,7.26,6.95,7.278787,27867018,0.0,0.0,0.0,0.0604,0.0461
2013-02-25,吉视传媒,sh601929,7.45,7.15,7.24,7.34,7.26,7.358992,21742608,0.0,0.0,0.0,0.0413,0.0138
2013-02-26,吉视传媒,sh601929,8.07,7.31,7.35,8.07,7.34,8.090881,93521033,0.0,0.0,0.0,0.1035,0.0979
2013-02-27,吉视传媒,sh601929,8.27,7.87,8.27,8.02,8.07,8.04075,66406522,0.0,0.0,0.0,0.0495,-0.0302
2013-02-28,吉视传媒,sh601929,8.17,7.87,7.98,8.1,8.02,8.120956,76254606,0.0,0.0,0.0,0.0374,0.015
2013-03-01,吉视传媒,sh601929,8.17,7.91,8.08,8.02,8.1,8.040746,56962309,0.0,0.0,0.0,0.032,-0.0074
2013-03-04,吉视传媒,sh601929,8.0,7.46,8.0,7.52,8.02,7.5394535,39143890,0.0,0.0,0.0,0.0673,-0.06
2013-03-05,吉视传媒,sh601929,7.78,7.42,7.57,7.71,7.52,7.729945,27201920,0.0,0.0,0.0,0.0478,0.0184
2013-03-06,吉视传媒,sh601929,7.93,7.6,7.67,7.78,7.71,7.800125,23035557,0.0,0.0,0.0,0.0428,0.0143
2013-03-07,吉视传媒,sh601929,7.86,7.51,7.75,7.59,7.78,7.6096306,17191098,0.0,0.0,0.0,0.0449,-0.0206
2013-03-08,吉视传媒,sh601929,7.86,7.57,7.64,7.66,7.59,7.6798143,16995098,0.0,0.0,0.0,0.0382,0.0026
2013-03-11,吉视传媒,sh601929,7.7,7.54,7.68,7.56,7.66,7.5795546,11859366,0.0,0.0,0.0,0.0208,-0.0156
2013-03-12,吉视传媒,sh601929,7.55,7.03,7.53,7.22,7.56,7.2386713,18909245,0.0,0.0,0.0,0.0687,-0.0411
2013-03-13,吉视传媒,sh601929,7.25,7.05,7.2,7.18,7.22,7.1985693,9928620,0.0,0.0,0.0,0.0277,-0.0027
2013-03-14,吉视传媒,sh601929,7.33,7.19,7.2,7.23,7.18,7.2487,11671729,0.0,0.0,0.0,0.0194,0.0041
2013-03-15,吉视传媒,sh601929,7.35,7.09,7.23,7.13,7.23,7.148443,10436550,0.0,0.0,0.0,0.0359,-0.0138
2013-03-18,吉视传媒,sh601929,7.28,7.09,7.1,7.15,7.13,7.1684947,8008663,0.0,0.0,0.0,0.0266,0.007
2013-03-19,吉视传媒,sh601929,7.21,6.97,7.15,7.11,7.15,7.128394,7580123,0.0,0.0,0.0,0.0335,-0.0055
2013-03-20,吉视传媒,sh601929,7.31,7.1,7.13,7.31,7.11,7.328909,11346484,0.0,0.0,0.0,0.0295,0.0252
2013-03-21,吉视传媒,sh601929,7.49,7.28,7.31,7.41,7.31,7.429168,14422566,0.0,0.0,0.0,0.0287,0.0136
2013-03-22,吉视传媒,sh601929,7.47,7.33,7.37,7.4,7.41,7.419139,10354449,0.0,0.0,0.0,0.0188,0.004
2013-03-25,吉视传媒,sh601929,7.44,7.2,7.41,7.22,7.4,7.2386756,10272934,0.0,0.0,0.0,0.0324,-0.0256
2013-03-26,吉视传媒,sh601929,7.21,7.07,7.2,7.12,7.22,7.13842,8346476,0.0,0.0,0.0,0.0193,-0.0111
2013-03-27,吉视传媒,sh601929,7.23,7.1,7.12,7.15,7.12,7.168494,5779900,0.0,0.0,0.0,0.0182,0.0042
2013-03-28,吉视传媒,sh601929,7.1,6.85,7.1,6.85,7.15,6.8677187,9245619,0.0,0.0,0.0,0.0349,-0.0352
2013-03-29,吉视传媒,sh601929,6.93,6.8,6.85,6.84,6.85,6.857692,5306811,0.0,0.0,0.0,0.0189,-0.0014
2013-04-01,吉视传媒,sh601929,6.92,6.81,6.82,6.91,6.84,6.927873,4019754,0.0,0.0,0.0,0.016,0.0131
2013-04-02,吉视传媒,sh601929,6.97,6.8,6.89,6.82,6.91,6.837638,4866561,0.0,0.0,0.0,0.0246,-0.0101
2013-04-03,吉视传媒,sh601929,6.86,6.64,6.82,6.69,6.82,6.7072988,5678584,0.0,0.0,0.0,0.0322,-0.019
2013-04-08,吉视传媒,sh601929,6.69,6.49,6.58,6.68,6.69,6.6972713,4343590,0.0,0.0,0.0,0.0298,0.0151
2013-04-09,吉视传媒,sh601929,6.81,6.69,6.69,6.75,6.68,6.767452,4931579,0.0,0.0,0.0,0.0179,0.0089
2013-04-10,吉视传媒,sh601929,6.79,6.58,6.74,6.69,6.75,6.707296,4762314,0.0,0.0,0.0,0.0311,-0.0074
2013-04-11,吉视传媒,sh601929,6.75,6.58,6.74,6.6,6.69,6.6170626,5132738,0.0,0.0,0.0,0.0254,-0.0207
2013-04-12,吉视传媒,sh601929,6.66,6.5,6.6,6.52,6.6,6.5368576,3579345,0.0,0.0,0.0,0.0242,-0.0121
2013-04-15,吉视传媒,sh601929,6.51,6.35,6.51,6.35,6.52,6.3664155,4725165,0.0,0.0,0.0,0.0245,-0.0245
2013-04-16,吉视传媒,sh601929,6.46,6.23,6.28,6.45,6.35,6.466674,3957287,0.0,0.0,0.0,0.0362,0.027
2013-04-17,吉视传媒,sh601929,6.5,6.38,6.46,6.49,6.45,6.50678,4022144,0.0,0.0,0.0,0.0186,0.0046
2013-04-18,吉视传媒,sh601929,6.64,6.4,6.43,6.62,6.49,6.6371174,6925912,0.0,0.0,0.0,0.0369,0.0295
2013-04-19,吉视传媒,sh601929,6.77,6.59,6.6,6.74,6.62,6.757428,7890119,0.0,0.0,0.0,0.0271,0.0212
2013-04-22,吉视传媒,sh601929,6.96,6.65,6.69,6.89,6.74,6.907815,10755021,0.0,0.0,0.0,0.0459,0.0298
2013-04-23,吉视传媒,sh601929,6.9,6.61,6.9,6.63,6.89,6.6471415,7917074,0.0,0.0,0.0,0.042,-0.0391
2013-04-24,吉视传媒,sh601929,6.9,6.61,6.62,6.85,6.63,6.8677135,9131986,0.0,0.0,0.0,0.0437,0.0347
2013-04-25,吉视传媒,sh601929,6.88,6.72,6.87,6.74,6.85,6.757432,7939417,0.0,0.0,0.0,0.0233,-0.0189
2013-04-26,吉视传媒,sh601929,6.83,6.53,6.69,6.68,6.74,6.697277,8995431,0.0,0.0,0.0,0.0445,-0.0014
2013-05-02,吉视传媒,sh601929,6.68,6.55,6.61,6.63,6.68,6.647148,3763170,0.0,0.0,0.0,0.0194,0.003
2013-05-03,吉视传媒,sh601929,6.82,6.64,6.68,6.71,6.63,6.7273526,5890123,0.0,0.0,0.0,0.0271,0.0044
2013-05-06,吉视传媒,sh601929,7.1,6.72,6.72,7.0,6.71,7.018102,18120208,0.0,0.0,0.0,0.0566,0.0416
2013-05-07,吉视传媒,sh601929,6.99,6.86,6.94,6.96,7.0,6.9780006,9221543,0.0,0.0,0.0,0.0185,0.0028
2013-05-08,吉视传媒,sh601929,7.14,6.88,6.9,7.09,6.96,7.108336,12852020,0.0,0.0,0.0,0.0373,0.0275
2013-05-09,吉视传媒,sh601929,7.29,7.0,7.03,7.21,7.09,7.2286444,17744259,0.0,0.0,0.0,0.0409,0.0256
2013-05-10,吉视传媒,sh601929,7.26,7.09,7.14,7.15,7.21,7.1684875,9880066,0.0,0.0,0.0,0.0235,0.0014
2013-05-13,吉视传媒,sh601929,7.19,6.99,7.15,7.03,7.15,7.0481787,8367368,0.0,0.0,0.0,0.0279,-0.0167
2013-05-14,吉视传媒,sh601929,7.07,6.99,7.05,7.0,7.03,7.018104,5950499,0.0,0.0,0.0,0.0113,-0.007
2013-05-15,吉视传媒,sh601929,7.27,7.02,7.03,7.17,7.0,7.188546,9658461,0.0,0.0,0.0,0.0357,0.0199
2013-05-16,吉视传媒,sh601929,7.4,7.14,7.17,7.23,7.17,7.2486997,13300768,0.0,0.0,0.0,0.0362,0.0083
2013-05-17,吉视传媒,sh601929,7.55,7.18,7.23,7.42,7.23,7.4391885,24632822,0.0,0.0,0.0,0.0511,0.0262
2013-05-20,吉视传媒,sh601929,7.26,7.02,7.14,7.19,7.42,7.6191497,18346313,0.0,0.0,0.0,0.0323,0.007
2013-05-21,吉视传媒,sh601929,7.72,7.08,7.13,7.59,7.19,8.043026,33934179,0.0,0.0,0.0,0.089,0.0645
2013-05-22,吉视传媒,sh601929,7.53,7.28,7.5,7.35,7.59,7.7886972,23928837,0.0,0.0,0.0,0.0329,-0.02
2013-05-23,吉视传媒,sh601929,7.51,7.25,7.33,7.28,7.35,7.7145176,18220023,0.0,0.0,0.0,0.0353,-0.0068
2013-05-24,吉视传媒,sh601929,7.59,7.3,7.3,7.51,7.28,7.9582424,21894810,0.0,0.0,0.0,0.0398,0.0287
2013-05-27,吉视传媒,sh601929,7.63,7.36,7.49,7.49,7.51,7.93705,16092527,0.0,0.0,0.0,0.0359,0.0
2013-05-28,吉视传媒,sh601929,7.52,7.37,7.5,7.42,7.49,7.86287,14559015,0.0,0.0,0.0,0.02,-0.0106
2013-05-29,吉视传媒,sh601929,7.52,7.33,7.41,7.35,7.42,7.7886915,12050106,0.0,0.0,0.0,0.0256,-0.008
2013-05-30,吉视传媒,sh601929,7.44,7.25,7.32,7.38,7.35,7.820485,12130068,0.0,0.0,0.0,0.0258,0.0081
2013-05-31,吉视传媒,sh601929,7.39,7.15,7.35,7.18,7.38,7.60855,8618621,0.0,0.0,0.0,0.0325,-0.0231
2013-06-03,吉视传媒,sh601929,7.27,7.1,7.17,7.14,7.18,7.5661626,7898783,0.0,0.0,0.0,0.0236,-0.0041
2013-06-04,吉视传媒,sh601929,7.17,6.88,7.11,6.91,7.14,7.322434,12440702,0.0,0.0,0.0,0.0406,-0.0281
2013-06-05,吉视传媒,sh601929,6.96,6.86,6.93,6.89,6.91,7.301243,5288579,0.0,0.0,0.0,0.0144,-0.0057
2013-06-06,吉视传媒,sh601929,6.97,6.79,6.9,6.82,6.89,7.227062,7668027,0.0,0.0,0.0,0.0261,-0.0115
2013-06-07,吉视传媒,sh601929,6.9,6.68,6.85,6.74,6.82,7.1422887,7057316,0.0,0.0,0.0,0.0322,-0.016
2013-06-13,吉视传媒,sh601929,6.69,6.4,6.69,6.48,6.74,6.866768,5277585,0.0,0.0,0.0,0.043,-0.0313
2013-06-14,吉视传媒,sh601929,6.75,6.51,6.51,6.64,6.48,7.0363154,7575822,0.0,0.0,0.0,0.037,0.0199
2013-06-17,吉视传媒,sh601929,6.9,6.66,6.66,6.73,6.64,7.1316853,11431997,0.0,0.0,0.0,0.0361,0.0105
2013-06-18,吉视传媒,sh601929,7.09,6.66,6.71,6.94,6.73,7.354223,13847991,0.0,0.0,0.0,0.0638,0.0342
2013-06-19,吉视传媒,sh601929,6.95,6.8,6.95,6.88,6.94,7.290638,6945685,0.0,0.0,0.0,0.0216,-0.01
2013-06-20,吉视传媒,sh601929,7.02,6.64,6.83,6.68,6.88,7.078699,10082391,0.0,0.0,0.0,0.0552,-0.0219
2013-06-21,吉视传媒,sh601929,6.66,6.1,6.55,6.61,6.68,7.0045214,7642049,0.0,0.0,0.0,0.0838,0.0091
2013-06-24,吉视传媒,sh601929,6.66,6.05,6.58,6.08,6.61,6.442885,9267920,0.0,0.0,0.0,0.0922,-0.0759
2013-06-25,吉视传媒,sh601929,6.25,5.47,6.08,6.08,6.08,6.442885,11071577,0.0,0.0,0.0,0.1282,0.0
2013-06-26,吉视传媒,sh601929,6.3,5.91,6.1,6.27,6.08,6.644225,9888023,0.0,0.0,0.0,0.0641,0.0278
2013-06-27,吉视传媒,sh601929,6.35,6.02,6.2,6.1,6.27,6.4640803,10525442,0.0,0.0,0.0,0.0526,-0.0161
2013-06-28,吉视传媒,sh601929,6.37,5.96,6.03,6.25,6.1,6.623032,9528882,0.0,0.0,0.0,0.0672,0.0364
2013-07-01,吉视传媒,sh601929,6.65,6.17,6.17,6.56,6.25,6.9515343,16182332,0.0,0.0,0.0,0.0768,0.0632
2013-07-02,吉视传媒,sh601929,6.63,6.46,6.5,6.6,6.56,6.9939246,8351404,0.0,0.0,0.0,0.0259,0.0153
2013-07-03,吉视传媒,sh601929,6.76,6.4,6.55,6.67,6.6,7.0681024,12409325,0.0,0.0,0.0,0.0545,0.0183
2013-07-04,吉视传媒,sh601929,6.7,6.52,6.61,6.55,6.67,6.94094,9450980,0.0,0.0,0.0,0.0269,-0.009
2013-07-05,吉视传媒,sh601929,6.66,6.41,6.55,6.42,6.55,6.803183,7124335,0.0,0.0,0.0,0.0381,-0.0198
2013-07-08,吉视传媒,sh601929,6.3,6.06,6.26,6.07,6.42,6.432294,6642769,0.0,0.0,0.0,0.0373,-0.0303
2013-07-09,吉视传媒,sh601929,6.32,6.05,6.07,6.24,6.07,6.6124434,4198804,0.0,0.0,0.0,0.0444,0.028
2013-07-10,吉视传媒,sh601929,6.6,6.22,6.24,6.58,6.24,6.9727354,8932247,0.0,0.0,0.0,0.0608,0.0544
2013-07-11,吉视传媒,sh601929,6.96,6.67,6.76,6.76,6.58,7.1634817,21521232,0.0,0.0,0.0,0.044,0.0
2013-07-12,吉视传媒,sh601929,7.1,6.73,6.76,6.89,6.76,7.301243,20830643,0.0,0.0,0.0,0.0547,0.0192
2013-07-15,吉视传媒,sh601929,7.15,6.91,6.91,7.05,6.89,7.4707923,13697472,0.0,0.0,0.0,0.0348,0.0202
2013-07-16,吉视传媒,sh601929,7.24,6.97,7.05,7.15,7.05,7.576758,12599104,0.0,0.0,0.0,0.0382,0.0141
2013-07-17,吉视传媒,sh601929,7.22,6.98,7.13,7.01,7.15,7.428405,12118174,0.0,0.0,0.0,0.0335,-0.0168
2013-07-18,吉视传媒,sh601929,7.48,6.93,7.0,7.35,7.01,7.7886972,28550386,0.0,0.0,0.0,0.0784,0.0499
2013-07-19,吉视传媒,sh601929,7.73,7.23,7.3,7.38,7.35,7.820491,31405450,0.0,0.0,0.0,0.068,0.0109
2013-07-22,吉视传媒,sh601929,7.73,7.26,7.28,7.71,7.38,8.170184,21750926,0.0,0.0,0.0,0.0636,0.059
2013-07-23,吉视传媒,sh601929,8.08,7.64,7.78,7.95,7.71,8.424505,26988273,0.0,0.0,0.0,0.057,0.0218
2013-07-24,吉视传媒,sh601929,8.46,7.8,7.88,8.23,7.95,8.721216,34461170,0.0,0.0,0.0,0.083,0.0444
2013-07-25,吉视传媒,sh601929,8.34,7.6,8.18,7.77,8.23,8.233762,28069960,0.0,0.0,0.0,0.0899,-0.0501
2013-07-26,吉视传媒,sh601929,7.95,7.64,7.7,7.88,7.77,8.3503275,14543382,0.0,0.0,0.0,0.0398,0.0233
2013-07-29,吉视传媒,sh601929,8.35,7.8,8.09,7.8,7.88,8.265554,21185875,0.0,0.0,0.0,0.0697,-0.0358
2013-07-30,吉视传媒,sh601929,7.83,7.19,7.81,7.44,7.8,7.884066,16259980,0.0,0.0,0.0,0.082,-0.0473
2013-07-31,吉视传媒,sh601929,7.8,7.31,7.45,7.67,7.44,8.127794,12986531,0.0,0.0,0.0,0.0658,0.0295
2013-08-01,吉视传媒,sh601929,7.99,7.61,7.68,7.95,7.67,8.424507,19438773,0.0,0.0,0.0,0.0495,0.0351
2013-08-02,吉视传媒,sh601929,8.24,7.76,8.09,7.78,7.95,8.244358,21073027,0.0,0.0,0.0,0.0603,-0.0383
2013-08-05,吉视传媒,sh601929,7.88,7.6,7.75,7.74,7.78,8.201974,15129568,0.0,0.0,0.0,0.0359,-0.0012
2013-08-06,吉视传媒,sh601929,8.17,7.69,7.71,7.97,7.74,8.4457035,26493592,0.0,0.0,0.0,0.062,0.0337
2013-08-07,吉视传媒,sh601929,8.0,7.64,8.0,7.67,7.97,8.127799,16363973,0.0,0.0,0.0,0.0451,-0.0412
2013-08-08,吉视传媒,sh601929,7.84,7.5,7.76,7.65,7.67,8.106602,12165975,0.0,0.0,0.0,0.0443,-0.0141
2013-08-09,吉视传媒,sh601929,7.71,7.38,7.65,7.48,7.65,7.9264565,12544898,0.0,0.0,0.0,0.0431,-0.0222
2013-08-12,吉视传媒,sh601929,7.65,7.29,7.44,7.56,7.48,8.0112295,20038181,0.0,0.0,0.0,0.0481,0.0161
2013-08-13,吉视传媒,sh601929,7.63,7.46,7.49,7.52,7.56,7.9688425,13513947,0.0,0.0,0.0,0.0224,0.004
2013-08-14,吉视传媒,sh601929,8.27,7.53,7.55,7.99,7.52,8.466895,43117151,0.0,0.0,0.0,0.0984,0.0582
2013-08-15,吉视传媒,sh601929,8.04,7.81,8.0,7.83,7.99,8.297345,20340688,0.0,0.0,0.0,0.0287,-0.0212
2013-08-16,吉视传媒,sh601929,8.45,7.59,7.77,7.62,7.83,8.074811,32963149,0.0,0.0,0.0,0.1098,-0.0193
2013-08-19,吉视传媒,sh601929,7.92,7.65,7.77,7.79,7.62,8.25496,15608825,0.0,0.0,0.0,0.0354,0.0025
2013-08-20,吉视传媒,sh601929,7.98,7.75,7.79,7.83,7.79,8.297349,20824171,0.0,0.0,0.0,0.0295,0.0051
2013-08-21,吉视传媒,sh601929,8.5,7.83,7.87,8.34,7.83,8.837789,45677283,0.0,0.0,0.0,0.0855,0.0597
2013-08-22,吉视传媒,sh601929,8.34,8.12,8.28,8.19,8.34,8.678832,20294025,0.0,0.0,0.0,0.0263,-0.0108
2013-08-23,吉视传媒,sh601929,8.73,8.15,8.27,8.6,8.19,9.113303,42956686,0.0,0.0,0.0,0.0708,0.0399
2013-08-26,吉视传媒,sh601929,8.77,8.44,8.55,8.67,8.6,9.187486,34442119,0.0,0.0,0.0,0.0383,0.014
2013-08-27,吉视传媒,sh601929,8.67,8.33,8.56,8.52,8.67,9.028533,25631199,0.0,0.0,0.0,0.0392,-0.0046
2013-08-28,吉视传媒,sh601929,8.66,8.25,8.45,8.31,8.52,8.805998,28295784,0.0,0.0,0.0,0.0481,-0.0165
2013-08-29,吉视传媒,sh601929,8.43,8.23,8.26,8.38,8.31,8.880179,11739099,0.0,0.0,0.0,0.024,0.0145
2013-08-30,吉视传媒,sh601929,8.32,7.54,8.28,7.54,8.38,7.990039,38479466,0.0,0.0,0.0,0.093,-0.0893
2013-09-02,吉视传媒,sh601929,7.66,7.3,7.46,7.62,7.54,8.074813,14780835,0.0,0.0,0.0,0.0477,0.0214
2013-09-03,吉视传媒,sh601929,7.72,7.53,7.63,7.7,7.62,8.159591,12580729,0.0,0.0,0.0,0.0249,0.0091
2013-09-04,吉视传媒,sh601929,7.75,7.5,7.7,7.61,7.7,8.064221,10774729,0.0,0.0,0.0,0.0324,-0.0116
2013-09-05,吉视传媒,sh601929,7.95,7.52,7.62,7.77,7.61,8.233771,21024159,0.0,0.0,0.0,0.0565,0.0196
2013-09-06,吉视传媒,sh601929,7.94,7.69,7.79,7.83,7.77,8.297353,12606780,0.0,0.0,0.0,0.0321,0.0051
2013-09-09,吉视传媒,sh601929,7.85,7.6,7.85,7.74,7.83,8.201983,19004476,0.0,0.0,0.0,0.0319,-0.014
2013-09-10,吉视传媒,sh601929,7.82,7.63,7.73,7.69,7.74,8.148998,13016426,0.0,0.0,0.0,0.0245,-0.0051
2013-09-11,吉视传媒,sh601929,7.81,7.43,7.68,7.54,7.69,7.9900436,19708743,0.0,0.0,0.0,0.0494,-0.0182
2013-09-12,吉视传媒,sh601929,7.81,7.51,7.51,7.68,7.54,8.138403,17146753,0.0,0.0,0.0,0.0397,0.0226
2013-09-13,吉视传媒,sh601929,7.86,7.63,7.72,7.8,7.68,8.265566,21957555,0.0,0.0,0.0,0.0299,0.0103
2013-09-16,吉视传媒,sh601929,8.08,7.7,7.8,7.87,7.8,8.339741,20269734,0.0,0.0,0.0,0.0487,0.0089
2013-09-17,吉视传媒,sh601929,8.0,7.7,7.85,7.78,7.87,8.244368,18500989,0.0,0.0,0.0,0.0381,-0.0089
2013-09-18,吉视传媒,sh601929,8.24,7.76,7.82,8.12,7.78,8.604663,28035122,0.0,0.0,0.0,0.0616,0.0383
2013-09-23,吉视传媒,sh601929,8.34,8.06,8.14,8.24,8.12,8.731822,27871009,0.0,0.0,0.0,0.0344,0.0122
2013-09-24,吉视传媒,sh601929,8.41,8.1,8.22,8.14,8.24,8.625853,22682546,0.0,0.0,0.0,0.0376,-0.0097
2013-09-25,吉视传媒,sh601929,8.66,8.14,8.14,8.46,8.14,8.964952,35284762,0.0,0.0,0.0,0.0638,0.0393
2013-09-26,吉视传媒,sh601929,8.55,8.02,8.45,8.1,8.46,8.583467,18147852,0.0,0.0,0.0,0.0626,-0.0414
2013-09-27,吉视传媒,sh601929,8.91,8.25,8.35,8.63,8.1,9.145101,51595892,0.0,0.0,0.0,0.0814,0.0335
2013-09-30,吉视传媒,sh601929,9.1,8.4,8.48,8.9,8.63,9.431214,48515137,0.0,0.0,0.0,0.0811,0.0495
2013-10-08,吉视传媒,sh601929,9.26,8.68,9.0,9.07,8.9,9.61136,42185896,0.0,0.0,0.0,0.0651,0.0077
2013-10-09,吉视传媒,sh601929,9.11,8.74,8.91,8.98,9.07,9.515986,35940450,0.0,0.0,0.0,0.0407,0.0078
2013-10-10,吉视传媒,sh601929,9.06,8.58,8.95,8.68,8.98,9.198076,32198129,0.0,0.0,0.0,0.0534,-0.0301
2013-10-11,吉视传媒,sh601929,8.75,8.32,8.73,8.52,8.68,9.028528,30718506,0.0,0.0,0.0,0.0495,-0.024
2013-10-14,吉视传媒,sh601929,8.61,8.37,8.53,8.55,8.52,9.060317,33339119,0.0,0.0,0.0,0.0281,0.0023
2013-10-15,吉视传媒,sh601929,8.66,8.29,8.51,8.35,8.55,8.848378,23235576,0.0,0.0,0.0,0.0432,-0.0188
2013-10-16,吉视传媒,sh601929,8.37,7.74,8.34,8.0,8.35,8.477489,31237717,0.0,0.0,0.0,0.0754,-0.0407
2013-10-17,吉视传媒,sh601929,8.4,7.89,7.96,8.34,8.0,8.837783,37687192,0.0,0.0,0.0,0.0637,0.0477
2013-10-18,吉视传媒,sh601929,8.5,8.18,8.49,8.35,8.34,8.848379,23927040,0.0,0.0,0.0,0.0383,-0.0164
2013-10-21,吉视传媒,sh601929,8.63,8.21,8.29,8.52,8.35,9.028523,23240295,0.0,0.0,0.0,0.0502,0.0277
2013-10-22,吉视传媒,sh601929,8.54,8.26,8.54,8.28,8.52,8.7741995,18630089,0.0,0.0,0.0,0.0328,-0.0304
2013-10-23,吉视传媒,sh601929,8.37,7.88,8.26,8.04,8.28,8.519871,15981488,0.0,0.0,0.0,0.0591,-0.0266
2013-10-24,吉视传媒,sh601929,8.23,8.0,8.04,8.11,8.04,8.594045,9582907,0.0,0.0,0.0,0.0286,0.0087
2013-10-25,吉视传媒,sh601929,8.32,8.05,8.18,8.29,8.11,8.784789,18277975,0.0,0.0,0.0,0.0332,0.0134
2013-10-28,吉视传媒,sh601929,8.28,8.08,8.24,8.16,8.29,8.647026,6385651,0.0,0.0,0.0,0.0241,-0.0097
2013-10-29,吉视传媒,sh601929,8.45,7.74,8.16,8.41,8.16,8.911945,27731733,0.0,0.0,0.0,0.087,0.0306
2013-10-30,吉视传媒,sh601929,8.72,8.29,8.3,8.57,8.41,9.081494,24458558,0.0,0.0,0.0,0.0511,0.0325
2013-10-31,吉视传媒,sh601929,8.82,8.45,8.51,8.63,8.57,9.145074,26317829,0.0,0.0,0.0,0.0431,0.0141
2013-11-01,吉视传媒,sh601929,8.77,8.51,8.57,8.63,8.63,9.145074,15417009,0.0,0.0,0.0,0.0301,0.007
2013-11-04,吉视传媒,sh601929,8.8,8.51,8.8,8.66,8.63,9.176863,20422796,0.0,0.0,0.0,0.0336,-0.0159
2013-11-05,吉视传媒,sh601929,8.85,8.44,8.6,8.84,8.66,9.367603,28039327,0.0,0.0,0.0,0.0473,0.0279
2013-11-06,吉视传媒,sh601929,8.98,8.54,8.79,8.61,8.84,9.123878,19372141,0.0,0.0,0.0,0.0497,-0.0204
2013-11-07,吉视传媒,sh601929,8.85,8.58,8.66,8.64,8.61,9.155665,18955542,0.0,0.0,0.0,0.0313,-0.0023
2013-11-08,吉视传媒,sh601929,8.7,8.29,8.6,8.51,8.64,9.017909,18264996,0.0,0.0,0.0,0.0474,-0.0104
2013-11-11,吉视传媒,sh601929,8.9,8.32,8.56,8.75,8.51,9.272232,21319471,0.0,0.0,0.0,0.0681,0.0221
2013-11-12,吉视传媒,sh601929,8.81,8.65,8.66,8.77,8.75,9.293428,14443109,0.0,0.0,0.0,0.0182,0.0127
2013-11-13,吉视传媒,sh601929,8.87,8.52,8.77,8.56,8.77,9.070897,53499225,0.0,0.0,0.0,0.0399,-0.0239
2013-11-14,吉视传媒,sh601929,8.75,8.11,8.6,8.39,8.56,8.890749,20446413,0.0,0.0,0.0,0.0747,-0.0244
2013-11-15,吉视传媒,sh601929,8.75,8.31,8.36,8.5,8.39,9.007316,33908623,0.0,0.0,0.0,0.0524,0.0167
2013-11-18,吉视传媒,sh601929,8.8,8.49,8.68,8.77,8.5,9.293433,31849600,0.0,0.0,0.0,0.0364,0.0103
2013-11-19,吉视传媒,sh601929,9.65,8.68,8.77,9.65,8.77,10.225955,83735006,0.0,0.0,0.0,0.1106,0.1003
2013-11-20,吉视传媒,sh601929,9.74,9.38,9.57,9.61,9.65,10.183568,42129958,0.0,0.0,0.0,0.0373,0.0041
2013-11-21,吉视传媒,sh601929,9.96,9.45,9.65,9.62,9.61,10.194169,36905232,0.0,0.0,0.0,0.053,-0.0031
2013-11-22,吉视传媒,sh601929,9.73,9.21,9.57,9.33,9.62,9.886856,27876014,0.0,0.0,0.0,0.054,-0.025
2013-11-25,吉视传媒,sh601929,9.65,9.21,9.23,9.5,9.33,10.067004,44589566,0.0,0.0,0.0,0.0471,0.0292
2013-11-26,吉视传媒,sh601929,9.5,9.03,9.5,9.1,9.5,9.643133,32643752,0.0,0.0,0.0,0.0494,-0.0421
2013-11-27,吉视传媒,sh601929,9.3,8.98,9.12,9.27,9.1,9.8232765,36580312,0.0,0.0,0.0,0.0351,0.0164
2013-11-28,吉视传媒,sh601929,9.36,9.11,9.22,9.28,9.27,9.833876,22531923,0.0,0.0,0.0,0.0269,0.0065
2013-11-29,吉视传媒,sh601929,9.33,9.08,9.28,9.19,9.28,9.738506,23118070,0.0,0.0,0.0,0.0269,-0.0096
2013-12-02,吉视传媒,sh601929,9.05,8.28,8.9,8.42,9.19,8.922546,30867635,0.0,0.0,0.0,0.0837,-0.0539
2013-12-03,吉视传媒,sh601929,8.62,8.2,8.4,8.61,8.42,9.123883,14646550,0.0,0.0,0.0,0.0498,0.0249
2013-12-04,吉视传媒,sh601929,8.89,8.51,8.56,8.71,8.61,9.229849,16330181,0.0,0.0,0.0,0.0441,0.0175
2013-12-05,吉视传媒,sh601929,8.84,8.66,8.66,8.79,8.71,9.314625,10076863,0.0,0.0,0.0,0.0206,0.015
2013-12-06,吉视传媒,sh601929,8.88,8.56,8.8,8.78,8.79,9.304025,16130319,0.0,0.0,0.0,0.0364,-0.0022
2013-12-09,吉视传媒,sh601929,8.87,8.65,8.85,8.79,8.78,9.314622,10245407,0.0,0.0,0.0,0.025,-0.0067
2013-12-10,吉视传媒,sh601929,8.98,8.77,8.82,8.83,8.79,9.357013,13958237,0.0,0.0,0.0,0.0238,0.0011
2013-12-11,吉视传媒,sh601929,8.78,8.51,8.78,8.59,8.83,9.102689,13331171,0.0,0.0,0.0,0.0305,-0.0216
2013-12-12,吉视传媒,sh601929,8.75,8.51,8.62,8.57,8.59,9.081498,13686355,0.0,0.0,0.0,0.0279,-0.0058
2013-12-13,吉视传媒,sh601929,8.54,8.31,8.54,8.4,8.57,8.901348,14478081,0.0,0.0,0.0,0.0268,-0.0163
2013-12-16,吉视传媒,sh601929,8.43,8.05,8.35,8.11,8.4,8.594038,14362631,0.0,0.0,0.0,0.0452,-0.0287
2013-12-17,吉视传媒,sh601929,8.18,7.91,8.12,7.96,8.11,8.435083,9054397,0.0,0.0,0.0,0.0332,-0.0197
2013-12-18,吉视传媒,sh601929,8.06,7.93,8.02,7.99,7.96,8.466875,8042717,0.0,0.0,0.0,0.0163,-0.0037
2013-12-19,吉视传媒,sh601929,8.18,7.99,8.06,8.04,7.99,8.51986,8253660,0.0,0.0,0.0,0.0237,-0.0024
2013-12-20,吉视传媒,sh601929,8.13,7.97,8.06,8.04,8.04,8.51986,5780448,0.0,0.0,0.0,0.0199,-0.0024
2013-12-23,吉视传媒,sh601929,8.25,7.95,8.06,8.2,8.04,8.689405,9246817,0.0,0.0,0.0,0.0373,0.0173
2013-12-24,吉视传媒,sh601929,8.37,8.2,8.2,8.27,8.2,8.763587,8354954,0.0,0.0,0.0,0.0207,0.0085
2013-12-25,吉视传媒,sh601929,8.33,8.18,8.29,8.31,8.27,8.805977,5758546,0.0,0.0,0.0,0.0181,0.0024
2013-12-26,吉视传媒,sh601929,8.3,7.99,8.28,7.99,8.31,8.466876,7244106,0.0,0.0,0.0,0.0373,-0.035
2013-12-27,吉视传媒,sh601929,8.17,8.01,8.01,8.12,7.99,8.604632,5884476,0.0,0.0,0.0,0.02,0.0137
2013-12-30,吉视传媒,sh601929,8.3,8.11,8.13,8.2,8.12,8.6894045,5596372,0.0,0.0,0.0,0.0233,0.0086
2013-12-31,吉视传媒,sh601929,8.42,8.15,8.21,8.39,8.2,8.890747,9147590,0.0,0.0,0.0,0.0329,0.0219
2014-01-02,吉视传媒,sh601929,8.43,8.29,8.39,8.39,8.39,8.890747,5434053,0.0,0.0,0.0,0.0166,0.0
2014-01-03,吉视传媒,sh601929,8.53,8.31,8.37,8.39,8.39,8.890747,6907961,0.0,0.0,0.0,0.0262,0.0023
2014-01-06,吉视传媒,sh601929,8.37,7.95,8.33,8.0,8.39,8.477469,6637821,0.0,0.0,0.0,0.05,-0.0396
2014-01-07,吉视传媒,sh601929,8.16,7.95,7.95,8.07,8.0,8.551647,4036901,0.0,0.0,0.0,0.0262,0.015
2014-01-08,吉视传媒,sh601929,8.13,7.9,8.1,8.1,8.07,8.583434,8691372,0.0,0.0,0.0,0.0285,0.0
2014-01-09,吉视传媒,sh601929,8.27,7.99,8.0,8.12,8.1,8.604627,8466255,0.0,0.0,0.0,0.0345,0.0149
2014-01-10,吉视传媒,sh601929,8.25,8.03,8.11,8.14,8.12,8.62582,5886940,0.0,0.0,0.0,0.027,0.0036
2014-01-13,吉视传媒,sh601929,8.32,8.14,8.14,8.3,8.14,8.795369,13278807,0.0,0.0,0.0,0.0221,0.0196
2014-01-14,吉视传媒,sh601929,8.59,8.25,8.29,8.5,8.3,9.007302,13543742,0.0,0.0,0.0,0.0409,0.0253
2014-01-15,吉视传媒,sh601929,8.56,8.42,8.51,8.53,8.5,9.039089,7003674,0.0,0.0,0.0,0.0164,0.0023
2014-01-16,吉视传媒,sh601929,8.59,8.43,8.54,8.45,8.53,8.954311,6128322,0.0,0.0,0.0,0.0187,-0.0105
2014-01-17,吉视传媒,sh601929,8.45,8.21,8.42,8.22,8.45,8.710584,5805993,0.0,0.0,0.0,0.0284,-0.0237
2014-01-20,吉视传媒,sh601929,8.55,8.12,8.12,8.41,8.22,8.911921,6220551,0.0,0.0,0.0,0.0523,0.0357
2014-01-21,吉视传媒,sh601929,8.75,8.41,8.48,8.61,8.41,9.123855,10112506,0.0,0.0,0.0,0.0404,0.0153
2014-01-22,吉视传媒,sh601929,8.82,8.61,8.66,8.76,8.61,9.28281,13502329,0.0,0.0,0.0,0.0243,0.0115
2014-01-23,吉视传媒,sh601929,9.13,8.69,8.7,9.01,8.76,9.547732,18493328,0.0,0.0,0.0,0.0502,0.0356
2014-01-24,吉视传媒,sh601929,9.14,8.91,9.01,9.04,9.01,9.579527,14572461,0.0,0.0,0.0,0.0255,0.0033
2014-01-27,吉视传媒,sh601929,9.25,8.97,9.0,9.07,9.04,9.6113205,13458586,0.0,0.0,0.0,0.0309,0.0077
2014-01-28,吉视传媒,sh601929,9.34,9.05,9.06,9.2,9.07,9.74908,10735309,0.0,0.0,0.0,0.0319,0.0154
2014-01-29,吉视传媒,sh601929,9.77,9.12,9.21,9.63,9.2,10.204742,18956362,0.0,0.0,0.0,0.0706,0.0456
2014-01-30,吉视传媒,sh601929,10.59,9.53,9.53,10.38,9.63,10.999508,34416113,0.0,0.0,0.0,0.11,0.0891
2014-02-07,吉视传媒,sh601929,11.42,10.2,10.2,11.42,10.38,12.101582,28241433,0.0,0.0,0.0,0.1175,0.1196
2014-02-11,吉视传媒,sh601929,12.43,11.3,11.69,11.76,11.42,12.46187,55399377,0.0,0.0,0.0,0.0989,0.0059
2014-02-12,吉视传媒,sh601929,12.94,11.62,11.76,12.94,11.76,13.712294,40842851,0.0,0.0,0.0,0.1122,0.1003
2014-02-13,吉视传媒,sh601929,13.0,11.88,12.9,12.12,12.94,12.84336,36347362,0.0,0.0,0.0,0.0865,-0.0604
2014-02-14,吉视传媒,sh601929,12.45,11.94,12.17,12.32,12.12,13.055301,18950695,0.0,0.0,0.0,0.042,0.0123
2014-02-17,吉视传媒,sh601929,12.46,11.97,12.4,12.29,12.32,13.023511,19407948,0.0,0.0,0.0,0.0397,-0.0088
2014-02-18,吉视传媒,sh601929,13.1,12.21,12.3,12.57,12.29,13.320226,27767578,0.0,0.0,0.0,0.0724,0.0219
2014-02-19,吉视传媒,sh601929,12.74,12.0,12.49,12.45,12.57,13.193057,15981396,0.0,0.0,0.0,0.0588,-0.0032
2014-02-20,吉视传媒,sh601929,13.35,12.35,12.39,12.44,12.45,13.182464,20846588,0.0,0.0,0.0,0.0803,0.004
2014-02-21,吉视传媒,sh601929,13.02,12.15,12.4,12.71,12.44,13.4685755,18915525,0.0,0.0,0.0,0.0699,0.025
2014-02-24,吉视传媒,sh601929,13.01,12.6,12.82,12.77,12.71,13.532161,15865697,0.0,0.0,0.0,0.0322,-0.0039
2014-02-25,吉视传媒,sh601929,13.32,11.49,12.77,11.93,12.77,12.642029,38955289,0.0,0.0,0.0,0.1433,-0.0657
2014-02-26,吉视传媒,sh601929,12.49,11.66,12.2,12.06,11.93,12.779789,15187544,0.0,0.0,0.0,0.0695,-0.0114
2014-02-27,吉视传媒,sh601929,12.22,11.1,11.91,11.21,12.06,11.879057,19515642,0.0,0.0,0.0,0.0928,-0.0587
2014-02-28,吉视传媒,sh601929,11.31,10.63,11.22,11.23,11.21,11.900249,24350922,0.0,0.0,0.0,0.0606,8.0E-4
2014-03-03,吉视传媒,sh601929,11.81,11.08,11.15,11.8,11.23,12.50427,11988115,0.0,0.0,0.0,0.065,0.0582
2014-03-04,吉视传媒,sh601929,12.47,11.49,11.84,12.4,11.8,13.140075,22006049,0.0,0.0,0.0,0.083,0.0472
2014-03-05,吉视传媒,sh601929,12.66,12.1,12.42,12.4,12.4,13.140075,13632055,0.0,0.0,0.0,0.0451,-0.0016
2014-03-06,吉视传媒,sh601929,12.55,12.1,12.49,12.45,12.4,13.193055,10915348,0.0,0.0,0.0,0.0362,-0.0032
2014-03-07,吉视传媒,sh601929,12.88,12.31,12.55,12.4,12.45,13.140072,12482322,0.0,0.0,0.0,0.0457,-0.0119
2014-03-10,吉视传媒,sh601929,12.2,11.62,12.2,11.65,12.4,12.345308,16100744,0.0,0.0,0.0,0.0467,-0.045
2014-03-11,吉视传媒,sh601929,11.92,11.55,11.65,11.74,11.65,12.440676,9079790,0.0,0.0,0.0,0.0317,0.0077
2014-03-12,吉视传媒,sh601929,12.27,11.66,11.8,11.91,11.74,12.620816,9849898,0.0,0.0,0.0,0.0519,0.0093
2014-03-13,吉视传媒,sh601929,12.31,11.7,12.25,12.14,11.91,12.86455,12911228,0.0,0.0,0.0,0.0512,-0.0089
2014-03-14,吉视传媒,sh601929,12.99,11.93,12.0,12.96,12.14,13.733485,22083487,0.0,0.0,0.0,0.0873,0.08
2014-03-17,吉视传媒,sh601929,13.49,12.98,12.98,13.03,12.96,13.80766,23892389,0.0,0.0,0.0,0.0393,0.0038
2014-03-18,吉视传媒,sh601929,14.3,12.88,13.1,13.98,13.03,14.814363,33776521,0.0,0.0,0.0,0.1089,0.0671
2014-03-19,吉视传媒,sh601929,14.02,13.5,13.87,14.0,13.98,14.835562,19211845,0.0,0.0,0.0,0.0371,0.0093
2014-03-20,吉视传媒,sh601929,14.33,13.6,14.02,13.61,14.0,14.422288,16936854,0.0,0.0,0.0,0.0521,-0.0292
2014-03-21,吉视传媒,sh601929,13.94,13.28,13.45,13.72,13.61,14.538849,14933654,0.0,0.0,0.0,0.0484,0.02
2014-03-24,吉视传媒,sh601929,13.87,13.3,13.74,13.58,13.72,14.390494,10799037,0.0,0.0,0.0,0.0415,-0.0116
2014-03-25,吉视传媒,sh601929,13.88,12.98,13.49,13.01,13.58,13.786482,15425568,0.0,0.0,0.0,0.0662,-0.0355
2014-03-26,吉视传媒,sh601929,13.47,12.81,13.0,13.23,13.01,14.019611,12208389,0.0,0.0,0.0,0.0507,0.0176
2014-03-27,吉视传媒,sh601929,13.48,12.9,13.22,13.08,13.23,13.860658,10377939,0.0,0.0,0.0,0.0438,-0.0105
2014-03-28,吉视传媒,sh601929,13.1,11.81,12.94,11.84,13.08,12.546653,15032868,0.0,0.0,0.0,0.0986,-0.085
2014-03-31,吉视传媒,sh601929,12.4,11.84,11.98,12.19,11.84,12.917544,9711319,0.0,0.0,0.0,0.0472,0.0175
2014-04-01,吉视传媒,sh601929,12.33,12.0,12.19,12.32,12.19,13.055297,5148633,0.0,0.0,0.0,0.027,0.0106
2014-04-02,吉视传媒,sh601929,12.37,12.1,12.35,12.22,12.32,12.949327,5574225,0.0,0.0,0.0,0.0219,-0.0105
2014-04-03,吉视传媒,sh601929,12.42,12.17,12.22,12.24,12.22,12.970526,5250368,0.0,0.0,0.0,0.0204,0.0016
2014-04-04,吉视传媒,sh601929,12.35,12.02,12.2,12.3,12.24,13.034107,5253060,0.0,0.0,0.0,0.0269,0.0081
2014-04-08,吉视传媒,sh601929,12.61,12.1,12.27,12.6,12.3,13.352009,6148174,0.0,0.0,0.0,0.0414,0.0268
2014-04-09,吉视传媒,sh601929,13.43,12.6,12.78,13.3,12.6,14.093793,14610778,0.0,0.0,0.0,0.0658,0.0406
2014-04-10,吉视传媒,sh601929,13.36,13.08,13.21,13.2,13.3,13.987822,8276378,0.0,0.0,0.0,0.021,-7.0E-4
2014-04-11,吉视传媒,sh601929,13.41,13.01,13.01,13.3,13.2,14.093794,7626079,0.0,0.0,0.0,0.0303,0.0222
2014-04-14,吉视传媒,sh601929,13.87,13.28,13.32,13.86,13.3,14.687213,13730224,0.0,0.0,0.0,0.0443,0.0405
2014-04-15,吉视传媒,sh601929,13.87,13.3,13.85,13.4,13.86,14.199759,10175942,0.0,0.0,0.0,0.0411,-0.0324
2014-04-16,吉视传媒,sh601929,13.46,12.89,13.42,12.9,13.4,13.669924,11196340,0.0,0.0,0.0,0.0425,-0.0387
2014-04-17,吉视传媒,sh601929,13.28,12.85,12.85,13.04,12.9,13.818283,8126746,0.0,0.0,0.0,0.0333,0.0147
2014-04-18,吉视传媒,sh601929,13.1,12.81,13.1,13.03,13.04,13.807684,4824715,0.0,0.0,0.0,0.0222,-0.0053
2014-04-21,吉视传媒,sh601929,13.31,12.9,13.0,13.0,13.03,13.775899,5847646,0.0,0.0,0.0,0.0314,0.0
2014-04-22,吉视传媒,sh601929,13.13,12.09,13.0,12.88,13.0,13.648734,10593956,0.0,0.0,0.0,0.08,-0.0092
2014-04-23,吉视传媒,sh601929,12.97,12.38,12.87,12.57,12.88,13.320236,5020754,0.0,0.0,0.0,0.0458,-0.0233
2014-04-24,吉视传媒,sh601929,12.73,12.39,12.58,12.4,12.57,13.140093,3230090,0.0,0.0,0.0,0.027,-0.0143
2014-04-25,吉视传媒,sh601929,12.75,12.12,12.41,12.22,12.4,12.949351,6370677,0.0,0.0,0.0,0.0508,-0.0153
2014-04-28,吉视传媒,sh601929,12.38,11.81,12.2,11.87,12.22,12.578456,6207031,0.0,0.0,0.0,0.0466,-0.027
2014-04-29,吉视传媒,sh601929,12.6,11.91,11.91,12.57,11.87,13.320233,6556302,0.0,0.0,0.0,0.0581,0.0554
2014-04-30,吉视传媒,sh601929,12.76,12.4,12.57,12.63,12.57,13.38381,5300240,0.0,0.0,0.0,0.0286,0.0047
2014-05-05,吉视传媒,sh601929,12.75,12.1,12.67,12.4,12.63,13.140078,5827323,0.0,0.0,0.0,0.0514,-0.0213
2014-05-06,吉视传媒,sh601929,12.64,12.35,12.4,12.45,12.4,13.193059,7070165,0.0,0.0,0.0,0.0233,0.004
2014-05-07,吉视传媒,sh601929,12.47,12.06,12.3,12.14,12.45,12.864552,5296808,0.0,0.0,0.0,0.0329,-0.013
2014-05-08,吉视传媒,sh601929,12.4,12.04,12.05,12.18,12.14,12.90694,4014542,0.0,0.0,0.0,0.0296,0.0107
2014-05-09,吉视传媒,sh601929,12.22,11.79,12.18,11.8,12.18,12.504256,5600668,0.0,0.0,0.0,0.0353,-0.0311
2014-05-12,吉视传媒,sh601929,12.0,11.75,11.9,11.93,11.8,12.699236,3706767,0.0,0.0,0.0,0.0211,0.0025
2014-05-13,吉视传媒,sh601929,12.17,11.78,11.94,12.16,11.93,12.944064,4843414,0.0,0.0,0.0,0.0326,0.0184
2014-05-14,吉视传媒,sh601929,12.2,11.89,12.16,11.99,12.16,12.763106,4234574,0.0,0.0,0.0,0.0254,-0.0139
2014-05-15,吉视传媒,sh601929,12.08,11.91,12.01,11.93,11.99,12.69924,3417817,0.0,0.0,0.0,0.0141,-0.0066
2014-05-16,吉视传媒,sh601929,11.99,11.77,11.77,11.97,11.93,12.74182,4178530,0.0,0.0,0.0,0.0184,0.0169
2014-05-19,吉视传媒,sh601929,12.4,11.83,11.97,12.2,11.97,12.986654,4394533,0.0,0.0,0.0,0.0476,0.0192
2014-05-20,吉视传媒,sh601929,12.34,11.91,12.34,12.02,12.2,12.795049,5670308,0.0,0.0,0.0,0.0352,-0.0259
2014-05-21,吉视传媒,sh601929,12.06,11.62,11.62,11.84,12.02,12.603443,4535998,0.0,0.0,0.0,0.0366,0.0189
2014-05-22,吉视传媒,sh601929,11.94,11.57,11.84,11.59,11.84,12.337321,8138749,0.0,0.0,0.0,0.0312,-0.0211
2014-05-23,吉视传媒,sh601929,11.6,10.96,11.6,11.22,11.59,11.943464,16563159,0.0,0.0,0.0,0.0552,-0.0327
2014-05-26,吉视传媒,sh601929,11.44,11.19,11.22,11.42,11.22,12.156357,6469542,0.0,0.0,0.0,0.0222,0.0178
2014-05-27,吉视传媒,sh601929,11.55,11.16,11.48,11.2,11.42,11.922177,8348896,0.0,0.0,0.0,0.0341,-0.0243
2014-05-28,吉视传媒,sh601929,11.36,11.16,11.16,11.32,11.2,12.0499115,8549830,0.0,0.0,0.0,0.0178,0.0143
2014-05-29,吉视传媒,sh601929,11.39,11.17,11.38,11.26,11.32,11.986047,5887655,0.0,0.0,0.0,0.0194,-0.0105
2014-05-30,吉视传媒,sh601929,11.34,11.04,11.26,11.27,11.26,11.99669,6623642,0.0,0.0,0.0,0.0266,8.0E-4
2014-06-03,吉视传媒,sh601929,11.38,11.23,11.35,11.32,11.27,12.049919,7665346,0.0,0.0,0.0,0.0133,-0.0026
2014-06-04,吉视传媒,sh601929,12.1,11.1,11.35,12.05,11.32,12.826995,13535662,0.0,0.0,0.0,0.0883,0.0616
2014-06-05,吉视传媒,sh601929,12.28,11.91,11.91,12.18,12.05,12.965372,10247538,0.0,0.0,0.0,0.0307,0.0226
2014-06-06,吉视传媒,sh601929,12.3,11.85,12.1,12.0,12.18,12.77377,7987948,0.0,0.0,0.0,0.0369,-0.0082
2014-06-09,吉视传媒,sh601929,12.2,11.85,11.86,11.87,12.0,12.635392,7111537,0.0,0.0,0.0,0.0291,8.0E-4
2014-06-10,吉视传媒,sh601929,12.0,11.78,11.8,11.89,11.87,12.656682,5475721,0.0,0.0,0.0,0.0185,0.0076
2014-06-11,吉视传媒,sh601929,12.45,11.96,12.35,12.04,11.89,12.8163595,21060165,0.0,0.0,0.0,0.0412,-0.0251
2014-06-12,吉视传媒,sh601929,12.01,11.65,11.9,11.72,12.04,12.475726,11757709,0.0,0.0,0.0,0.0299,-0.0151
2014-06-13,吉视传媒,sh601929,12.0,11.6,11.75,11.89,11.72,12.656687,14633637,0.0,0.0,0.0,0.0341,0.0119
2014-06-16,吉视传媒,sh601929,12.02,11.77,11.85,11.86,11.89,12.624754,10711678,0.0,0.0,0.0,0.021,8.0E-4
2014-06-17,吉视传媒,sh601929,11.91,11.7,11.86,11.74,11.86,12.497016,6491221,0.0,0.0,0.0,0.0177,-0.0101
2014-06-18,吉视传媒,sh601929,11.92,11.66,11.81,11.67,11.74,12.422497,8008672,0.0,0.0,0.0,0.0221,-0.0118
2014-06-19,吉视传媒,sh601929,11.76,11.25,11.76,11.35,11.67,12.08186,7750197,0.0,0.0,0.0,0.0437,-0.0348
2014-06-20,吉视传媒,sh601929,11.51,11.15,11.16,11.4,11.35,12.13508,3919534,0.0,0.0,0.0,0.0317,0.0215
2014-06-23,吉视传媒,sh601929,11.67,11.37,11.4,11.49,11.4,12.230886,4538312,0.0,0.0,0.0,0.0263,0.0078
2014-06-24,吉视传媒,sh601929,11.71,11.4,11.5,11.57,11.49,12.31605,6175492,0.0,0.0,0.0,0.0269,0.006
2014-06-25,吉视传媒,sh601929,11.67,11.35,11.55,11.41,11.57,12.145731,4162523,0.0,0.0,0.0,0.0276,-0.0121
2014-06-26,吉视传媒,sh601929,11.61,11.22,11.4,11.27,11.41,11.996703,13335141,0.0,0.0,0.0,0.0341,-0.0114
2014-06-27,吉视传媒,sh601929,11.43,11.23,11.28,11.39,11.27,12.124444,7952345,0.0,0.0,0.0,0.0177,0.0097
2014-06-30,吉视传媒,sh601929,11.59,11.37,11.39,11.44,11.39,12.1776705,6676647,0.0,0.0,0.0,0.0193,0.0043
2014-07-01,吉视传媒,sh601929,11.53,11.25,11.44,11.36,11.44,12.092512,8687574,0.0,0.0,0.0,0.0244,-0.0069
2014-07-02,吉视传媒,sh601929,11.54,11.31,11.4,11.52,11.36,12.2628355,7170388,0.0,0.0,0.0,0.0202,0.0105
2014-07-03,吉视传媒,sh601929,11.78,11.55,11.55,11.59,11.52,12.337344,9604460,0.0,0.0,0.0,0.0199,0.0034
2014-07-04,吉视传媒,sh601929,11.66,11.41,11.6,11.55,11.59,12.294768,6418313,0.0,0.0,0.0,0.0215,-0.0043
2014-07-07,吉视传媒,sh601929,11.55,11.39,11.51,11.5,11.55,12.241544,5006141,0.0,0.0,0.0,0.0138,-8.0E-4
2014-07-08,吉视传媒,sh601929,11.55,11.36,11.55,11.4,11.5,12.135092,6085306,0.0,0.0,0.0,0.0165,-0.0129
2014-07-09,吉视传媒,sh601929,11.5,11.01,11.44,11.03,11.4,11.741235,8006482,0.0,0.0,0.0,0.0429,-0.0358
2014-07-10,吉视传媒,sh601929,11.33,11.02,11.05,11.14,11.03,11.85833,6695498,0.0,0.0,0.0,0.0281,0.0081
2014-07-11,吉视传媒,sh601929,11.31,11.08,11.15,11.14,11.14,11.85833,4096557,0.0,0.0,0.0,0.0206,-8.0E-4
2014-07-14,吉视传媒,sh601929,11.24,10.75,11.14,10.9,11.14,11.602855,8162825,0.0,0.0,0.0,0.0439,-0.0215
2014-07-15,吉视传媒,sh601929,11.04,10.85,10.88,11.0,10.9,11.709299,5926029,0.0,0.0,0.0,0.0174,0.011
2014-07-16,吉视传媒,sh601929,11.2,10.92,11.0,11.03,11.0,11.74123,5786405,0.0,0.0,0.0,0.0254,0.0027
2014-07-17,吉视传媒,sh601929,11.13,10.77,11.08,10.83,11.03,11.528338,4006751,0.0,0.0,0.0,0.0326,-0.0225
2014-07-18,吉视传媒,sh601929,10.89,10.59,10.82,10.79,10.83,11.485764,7034605,0.0,0.0,0.0,0.0277,-0.0027
2014-07-21,吉视传媒,sh601929,10.86,10.72,10.78,10.78,10.79,11.475117,3250239,0.0,0.0,0.0,0.0129,0.0
2014-07-22,吉视传媒,sh601929,10.88,10.74,10.77,10.79,10.78,11.485765,5271493,0.0,0.0,0.0,0.0129,0.0018
2014-07-23,吉视传媒,sh601929,10.86,10.46,10.82,10.48,10.79,11.15578,7679899,0.0,0.0,0.0,0.037,-0.0314
2014-07-24,吉视传媒,sh601929,10.54,10.22,10.47,10.34,10.48,11.006749,7523230,0.0,0.0,0.0,0.0305,-0.0124
2014-07-25,吉视传媒,sh601929,10.57,10.3,10.36,10.56,10.34,11.24094,5342011,0.0,0.0,0.0,0.0261,0.0193
2014-07-28,吉视传媒,sh601929,10.97,10.58,10.6,10.91,10.56,11.61351,9948184,0.0,0.0,0.0,0.0369,0.0292
2014-07-29,吉视传媒,sh601929,11.01,10.85,10.95,10.96,10.91,11.666735,9104839,0.0,0.0,0.0,0.0146,9.0E-4
2014-07-30,吉视传媒,sh601929,10.91,10.75,10.9,10.9,10.96,11.602871,6066525,0.0,0.0,0.0,0.0145,0.0
2014-07-31,吉视传媒,sh601929,11.33,10.89,10.99,11.25,10.9,11.975439,13842283,0.0,0.0,0.0,0.0403,0.0236
2014-08-01,吉视传媒,sh601929,11.35,10.87,11.2,10.91,11.25,11.613518,13456989,0.0,0.0,0.0,0.0426,-0.0258
2014-08-04,吉视传媒,sh601929,10.95,10.81,10.86,10.95,10.91,11.656093,7016451,0.0,0.0,0.0,0.0128,0.0082
2014-08-05,吉视传媒,sh601929,11.33,10.88,10.96,11.23,10.95,11.95415,13987625,0.0,0.0,0.0,0.041,0.0246
2014-08-06,吉视传媒,sh601929,11.25,11.12,11.23,11.2,11.23,11.922221,6815637,0.0,0.0,0.0,0.0115,-0.0026
2014-08-07,吉视传媒,sh601929,11.26,11.15,11.21,11.19,11.2,11.911574,7835920,0.0,0.0,0.0,0.0098,-0.0017
2014-08-08,吉视传媒,sh601929,11.32,11.11,11.25,11.23,11.19,11.954158,7882463,0.0,0.0,0.0,0.0187,-0.0017
2014-08-11,吉视传媒,sh601929,11.72,11.23,11.25,11.58,11.23,12.326734,14689102,0.0,0.0,0.0,0.0436,0.0293
2014-08-12,吉视传媒,sh601929,11.7,11.42,11.61,11.48,11.58,12.22028,14107315,0.0,0.0,0.0,0.0241,-0.0111
2014-08-13,吉视传媒,sh601929,11.56,11.34,11.48,11.54,11.48,12.2841425,9840218,0.0,0.0,0.0,0.0191,0.0052
2014-08-14,吉视传媒,sh601929,11.6,11.38,11.48,11.42,11.54,12.1564,7520987,0.0,0.0,0.0,0.019,-0.0052
2014-08-15,吉视传媒,sh601929,11.77,11.43,11.48,11.58,11.42,12.326723,14326849,0.0,0.0,0.0,0.0297,0.0087
2014-08-18,吉视传媒,sh601929,11.99,11.59,11.62,11.91,11.58,12.677999,18827368,0.0,0.0,0.0,0.0345,0.0249
2014-08-19,吉视传媒,sh601929,12.91,12.19,12.22,12.32,11.91,13.114438,36876969,0.0,0.0,0.0,0.0604,0.0081
2014-08-20,吉视传媒,sh601929,12.44,12.0,12.28,12.15,12.32,12.933472,20937800,0.0,0.0,0.0,0.0357,-0.0105
2014-08-21,吉视传媒,sh601929,12.84,12.06,12.14,12.78,12.15,13.604098,31224110,0.0,0.0,0.0,0.0641,0.0527
2014-08-22,吉视传媒,sh601929,12.92,12.48,12.61,12.54,12.78,13.348627,22573070,0.0,0.0,0.0,0.0344,-0.0055
2014-08-25,吉视传媒,sh601929,12.7,12.35,12.6,12.37,12.54,13.16766,13841700,0.0,0.0,0.0,0.0279,-0.0182
2014-08-26,吉视传媒,sh601929,12.35,11.72,12.35,11.78,12.37,12.539615,17812642,0.0,0.0,0.0,0.0509,-0.0461
2014-08-27,吉视传媒,sh601929,11.93,11.7,11.83,11.88,11.78,12.646064,8205999,0.0,0.0,0.0,0.0195,0.0042
2014-08-28,吉视传媒,sh601929,12.04,11.69,11.81,11.69,11.88,12.443815,9228996,0.0,0.0,0.0,0.0294,-0.0101
2014-08-29,吉视传媒,sh601929,11.93,11.45,11.73,11.91,11.69,12.678008,8734306,0.0,0.0,0.0,0.041,0.0153
2014-09-01,吉视传媒,sh601929,12.14,11.82,11.85,12.08,11.91,12.8589735,11107702,0.0,0.0,0.0,0.0268,0.0194
2014-09-02,吉视传媒,sh601929,12.18,11.95,12.02,12.12,12.08,12.90155,13979549,0.0,0.0,0.0,0.019,0.0083
2014-09-03,吉视传媒,sh601929,12.66,12.2,12.2,12.52,12.12,13.32734,27564427,0.0,0.0,0.0,0.0379,0.0262
2014-09-04,吉视传媒,sh601929,12.63,12.3,12.48,12.58,12.52,13.391205,16431793,0.0,0.0,0.0,0.0263,0.008
2014-09-05,吉视传媒,sh601929,12.53,12.2,12.5,12.36,12.58,13.157019,17134068,0.0,0.0,0.0,0.0262,-0.0112
2014-09-09,吉视传媒,sh601929,12.73,12.21,12.42,12.66,12.36,13.476366,22954685,0.0,0.0,0.0,0.042,0.0193
2014-09-10,吉视传媒,sh601929,12.88,12.46,12.64,12.68,12.66,13.497659,14804046,0.0,0.0,0.0,0.0331,0.0031
2014-09-11,吉视传媒,sh601929,12.93,12.48,12.7,12.53,12.68,13.337981,17329681,0.0,0.0,0.0,0.0354,-0.0133
2014-09-12,吉视传媒,sh601929,12.67,12.4,12.53,12.66,12.53,13.476363,11788896,0.0,0.0,0.0,0.0215,0.0103
2014-09-15,吉视传媒,sh601929,12.9,12.57,12.6,12.79,12.66,13.614752,17711255,0.0,0.0,0.0,0.026,0.015
2014-09-16,吉视传媒,sh601929,12.88,12.31,12.85,12.33,12.79,13.125084,13396280,0.0,0.0,0.0,0.0445,-0.0404
2014-09-17,吉视传媒,sh601929,12.51,12.1,12.32,12.4,12.33,13.1995945,12267787,0.0,0.0,0.0,0.0332,0.0064
2014-09-18,吉视传媒,sh601929,12.64,12.21,12.33,12.54,12.4,13.3486185,10500207,0.0,0.0,0.0,0.0346,0.017
2014-09-19,吉视传媒,sh601929,13.66,12.66,12.66,13.23,12.54,14.083113,31337429,0.0,0.0,0.0,0.0797,0.045
2014-09-22,吉视传媒,sh601929,13.51,12.97,13.2,12.99,13.23,13.827631,16666728,0.0,0.0,0.0,0.0408,-0.0159
2014-09-23,吉视传媒,sh601929,13.45,13.01,13.01,13.31,12.99,14.168261,15781687,0.0,0.0,0.0,0.0338,0.023
2014-09-24,吉视传媒,sh601929,13.48,13.2,13.28,13.4,13.31,14.264067,11987792,0.0,0.0,0.0,0.021,0.009
2014-09-25,吉视传媒,sh601929,13.68,13.26,13.5,13.32,13.4,14.17891,13307001,0.0,0.0,0.0,0.0313,-0.0133
2014-09-26,吉视传媒,sh601929,13.55,13.09,13.51,13.14,13.32,13.987296,14848859,0.0,0.0,0.0,0.0345,-0.0273
2014-09-29,吉视传媒,sh601929,13.2,12.95,13.15,13.07,13.14,13.912786,15717143,0.0,0.0,0.0,0.019,-0.006
2014-09-30,吉视传媒,sh601929,13.29,13.05,13.08,13.09,13.07,13.9340725,13578568,0.0,0.0,0.0,0.0183,7.0E-4
2014-10-08,吉视传媒,sh601929,13.18,12.96,13.11,13.08,13.09,13.923427,10301689,0.0,0.0,0.0,0.0168,-0.0022
2014-10-09,吉视传媒,sh601929,13.23,12.9,13.08,13.05,13.08,13.891486,14124992,0.0,0.0,0.0,0.0252,-0.0022
2014-10-10,吉视传媒,sh601929,13.02,12.78,13.0,12.8,13.05,13.625367,13664849,0.0,0.0,0.0,0.0183,-0.0153
2014-10-13,吉视传媒,sh601929,12.76,12.3,12.75,12.42,12.8,13.220858,14410996,0.0,0.0,0.0,0.0359,-0.0258
2014-10-14,吉视传媒,sh601929,12.56,12.33,12.43,12.41,12.42,13.210215,9794471,0.0,0.0,0.0,0.0185,-0.0016
2014-10-15,吉视传媒,sh601929,12.7,12.01,12.4,12.67,12.41,13.486981,15930016,0.0,0.0,0.0,0.0556,0.0217
2014-10-16,吉视传媒,sh601929,12.74,12.21,12.56,12.23,12.67,13.018606,16315097,0.0,0.0,0.0,0.0418,-0.0262
2014-10-17,吉视传媒,sh601929,12.4,12.06,12.23,12.36,12.23,13.156994,10208431,0.0,0.0,0.0,0.0278,0.0106
2014-10-20,吉视传媒,sh601929,12.43,12.24,12.36,12.38,12.36,13.178282,8065172,0.0,0.0,0.0,0.0153,0.0016
2014-10-21,吉视传媒,sh601929,12.35,12.1,12.35,12.11,12.38,12.890877,11067157,0.0,0.0,0.0,0.0201,-0.0194
2014-10-22,吉视传媒,sh601929,12.18,11.71,12.13,11.73,12.11,12.486374,10544155,0.0,0.0,0.0,0.0388,-0.0329
2014-10-23,吉视传媒,sh601929,11.82,11.42,11.81,11.49,11.73,12.230903,7980928,0.0,0.0,0.0,0.0341,-0.027
2014-10-24,吉视传媒,sh601929,11.76,11.46,11.65,11.56,11.49,12.305413,7055915,0.0,0.0,0.0,0.0261,-0.0077
2014-10-27,吉视传媒,sh601929,11.69,11.46,11.57,11.67,11.56,12.422511,5269210,0.0,0.0,0.0,0.0198,0.0086
2014-10-28,吉视传媒,sh601929,12.03,11.71,11.73,11.94,11.67,12.709919,12139793,0.0,0.0,0.0,0.0274,0.0179
2014-10-29,吉视传媒,sh601929,12.13,11.88,12.0,12.02,11.94,12.795075,13954964,0.0,0.0,0.0,0.0209,0.0016
2014-10-30,吉视传媒,sh601929,12.06,11.86,12.06,11.88,12.02,12.64605,9740767,0.0,0.0,0.0,0.0166,-0.0149
2014-10-31,吉视传媒,sh601929,12.02,11.7,11.88,12.01,11.88,12.784436,10547899,0.0,0.0,0.0,0.0269,0.0109
2014-11-03,吉视传媒,sh601929,12.1,11.9,12.0,11.97,12.01,12.741852,7605209,0.0,0.0,0.0,0.0166,-0.0024
2014-11-04,吉视传媒,sh601929,11.99,11.59,11.93,11.62,11.97,12.36928,12880985,0.0,0.0,0.0,0.0334,-0.0259
2014-11-05,吉视传媒,sh601929,11.83,11.6,11.68,11.64,11.62,12.390568,7151344,0.0,0.0,0.0,0.0197,-0.0034
2014-11-06,吉视传媒,sh601929,11.8,11.45,11.68,11.78,11.64,12.539589,11110365,0.0,0.0,0.0,0.03,0.0085
2014-11-07,吉视传媒,sh601929,11.81,11.45,11.81,11.51,11.78,12.252181,12063139,0.0,0.0,0.0,0.0305,-0.0254
2014-11-10,吉视传媒,sh601929,11.68,11.46,11.46,11.65,11.51,12.401205,11163376,0.0,0.0,0.0,0.0191,0.0165
2014-11-11,吉视传媒,sh601929,11.65,11.03,11.6,11.12,11.65,11.837025,14134687,0.0,0.0,0.0,0.0532,-0.0413
2014-11-12,吉视传媒,sh601929,11.25,11.01,11.01,11.24,11.12,11.964758,8142440,0.0,0.0,0.0,0.0215,0.0208
2014-11-13,吉视传媒,sh601929,11.2,10.85,11.2,10.94,11.24,11.645418,10706405,0.0,0.0,0.0,0.0311,-0.0232
2014-11-14,吉视传媒,sh601929,11.08,10.91,10.91,11.05,10.94,11.762513,6062198,0.0,0.0,0.0,0.0155,0.0128
2014-11-17,吉视传媒,sh601929,11.45,11.03,11.03,11.35,11.05,12.081854,12353159,0.0,0.0,0.0,0.038,0.029
2014-11-18,吉视传媒,sh601929,11.42,11.2,11.36,11.3,11.35,12.028633,6771458,0.0,0.0,0.0,0.0193,-0.0052
2014-11-19,吉视传媒,sh601929,11.53,11.33,11.33,11.43,11.3,12.16701,10702392,0.0,0.0,0.0,0.0176,0.0088
2014-11-20,吉视传媒,sh601929,11.96,11.35,11.52,11.7,11.43,12.454419,16186534,0.0,0.0,0.0,0.0533,0.0156
2014-11-21,吉视传媒,sh601929,12.01,11.55,11.64,11.93,11.7,12.699248,22796282,0.0,0.0,0.0,0.0393,0.0249
2014-11-24,吉视传媒,sh601929,12.1,11.76,12.05,11.83,11.93,12.592803,17719891,0.0,0.0,0.0,0.0284,-0.0182
2014-11-25,吉视传媒,sh601929,11.94,11.71,11.84,11.82,11.83,12.582162,12450633,0.0,0.0,0.0,0.0194,-0.0016
2014-11-26,吉视传媒,sh601929,11.99,11.7,11.89,11.78,11.82,12.539584,14205522,0.0,0.0,0.0,0.0245,-0.0092
2014-11-27,吉视传媒,sh601929,11.85,11.53,11.81,11.61,11.78,12.358625,18290783,0.0,0.0,0.0,0.0271,-0.0169
2014-11-28,吉视传媒,sh601929,11.64,11.35,11.61,11.43,11.61,12.167017,16055745,0.0,0.0,0.0,0.0249,-0.0155
2014-12-01,吉视传媒,sh601929,11.57,11.31,11.45,11.56,11.43,12.305405,14099215,0.0,0.0,0.0,0.0227,0.0096
2014-12-02,吉视传媒,sh601929,11.57,11.41,11.5,11.48,11.56,12.220252,17142253,0.0,0.0,0.0,0.0138,-0.0017
2014-12-03,吉视传媒,sh601929,11.87,11.45,11.54,11.86,11.48,12.624754,29589186,0.0,0.0,0.0,0.0365,0.0277
2014-12-04,吉视传媒,sh601929,12.05,11.88,11.9,11.96,11.86,12.731206,28159235,0.0,0.0,0.0,0.0143,0.005
2014-12-05,吉视传媒,sh601929,11.99,11.33,11.98,11.68,11.96,12.433156,24156876,0.0,0.0,0.0,0.0551,-0.025
2014-12-08,吉视传媒,sh601929,11.99,11.43,11.57,11.62,11.68,12.369287,22732400,0.0,0.0,0.0,0.0479,0.0043
2014-12-09,吉视传媒,sh601929,12.08,11.42,11.65,11.66,11.62,12.411861,40242183,0.0,0.0,0.0,0.0567,8.0E-4
2014-12-10,吉视传媒,sh601929,12.83,11.76,11.95,12.83,11.66,13.657306,64233504,0.0,0.0,0.0,0.0917,0.0736
2014-12-11,吉视传媒,sh601929,13.57,12.6,13.07,12.86,12.83,13.689236,73847430,0.0,0.0,0.0,0.0756,-0.016
2014-12-12,吉视传媒,sh601929,13.0,12.5,12.71,12.84,12.86,13.66795,33256074,0.0,0.0,0.0,0.0388,0.0102
2014-12-15,吉视传媒,sh601929,13.1,12.62,12.68,12.92,12.84,13.753115,27046230,0.0,0.0,0.0,0.0373,0.0189
2014-12-16,吉视传媒,sh601929,13.01,12.52,12.86,12.64,12.92,13.455057,25744220,0.0,0.0,0.0,0.0379,-0.0171
2014-12-17,吉视传媒,sh601929,12.73,12.2,12.65,12.37,12.64,13.167644,28556876,0.0,0.0,0.0,0.0419,-0.0221
2014-12-18,吉视传媒,sh601929,12.65,12.3,12.31,12.31,12.37,13.10378,19239467,0.0,0.0,0.0,0.0282,0.0
2014-12-19,吉视传媒,sh601929,12.4,11.79,12.32,12.0,12.31,12.7737875,19518689,0.0,0.0,0.0,0.0495,-0.0259
2014-12-22,吉视传媒,sh601929,11.95,11.35,11.95,11.5,12.0,12.241543,23115338,0.0,0.0,0.0,0.0499,-0.0376
2014-12-23,吉视传媒,sh601929,11.79,11.41,11.45,11.6,11.5,12.347995,14320394,0.0,0.0,0.0,0.033,0.0131
2014-12-24,吉视传媒,sh601929,12.04,11.73,11.85,11.91,11.6,12.677982,18637204,0.0,0.0,0.0,0.0267,0.005
2014-12-25,吉视传媒,sh601929,12.18,11.76,11.82,11.9,11.91,12.667333,14313640,0.0,0.0,0.0,0.0352,0.0067
2014-12-26,吉视传媒,sh601929,12.35,11.8,11.97,12.25,11.9,13.039905,20297433,0.0,0.0,0.0,0.0462,0.0233
2014-12-29,吉视传媒,sh601929,12.44,12.0,12.25,12.22,12.25,13.00797,21288305,0.0,0.0,0.0,0.0359,-0.0024
2014-12-30,吉视传媒,sh601929,12.28,11.51,12.13,11.63,12.22,12.379919,16207945,0.0,0.0,0.0,0.063,-0.0412
2014-12-31,吉视传媒,sh601929,11.74,11.35,11.6,11.48,11.63,12.2202425,12932949,0.0,0.0,0.0,0.0335,-0.0103
2015-01-01,吉视传媒,sh601929,22.96,22.96,22.96,22.96,11.48,11.45243,0,0.0,0.0,0.0,0.0,0.0
2015-01-02,吉视传媒,sh601929,22.96,22.96,22.96,22.96,22.96,11.45243,0,0.0,0.0,0.0,0.0,0.0
2015-01-05,吉视传媒,sh601929,23.56,22.74,22.82,23.44,22.96,11.69185,164349,0.0,0.0,0.0,0.0357,0.0271
2015-01-06,吉视传媒,sh601929,24.04,23.12,23.26,23.94,23.44,11.94125,176400,0.0,0.0,0.0,0.0392,0.0292
2015-01-07,吉视传媒,sh601929,24.1,23.52,23.8,23.66,23.94,11.80159,159220,0.0,0.0,0.0,0.0242,-0.0058
2015-01-08,吉视传媒,sh601929,23.84,23.24,23.36,23.4,23.66,11.6719,104923,0.0,0.0,0.0,0.0253,0.0017
2015-01-09,吉视传媒,sh601929,24.16,23.24,23.38,23.46,23.4,11.70183,229191,0.0,0.0,0.0,0.0393,0.0034
2015-01-12,吉视传媒,sh601929,23.78,23.0,23.46,23.38,23.46,11.66193,118475,0.0,0.0,0.0,0.0332,-0.0034
2015-01-13,吉视传媒,sh601929,24.26,23.2,23.38,24.14,23.38,12.04101,175591,0.0,0.0,0.0,0.0453,0.0325
2015-01-14,吉视传媒,sh601929,24.5,23.48,24.36,23.68,24.14,11.81157,152342,0.0,0.0,0.0,0.0422,-0.0279
2015-01-15,吉视传媒,sh601929,23.84,23.42,23.66,23.76,23.68,11.85147,100480,0.0,0.0,0.0,0.0177,0.0042
2015-01-16,吉视传媒,sh601929,24.7,23.66,23.86,24.48,23.76,12.21061,261610,0.0,0.0,0.0,0.0437,0.0259
2015-01-19,吉视传媒,sh601929,24.96,23.44,24.0,23.58,24.48,11.76169,255531,0.0,0.0,0.0,0.062,-0.0175
2015-01-20,吉视传媒,sh601929,24.52,23.7,23.74,24.48,23.58,12.21061,191637,0.0,0.0,0.0,0.0347,0.0311
2015-01-21,吉视传媒,sh601929,25.16,24.34,24.52,25.02,24.48,12.47996,305176,0.0,0.0,0.0,0.0334,0.0203
2015-01-22,吉视传媒,sh601929,25.4,24.6,25.02,25.0,25.02,12.46998,225015,0.0,0.0,0.0,0.0319,-7.0E-4
2015-01-23,吉视传媒,sh601929,25.16,24.3,25.08,24.5,25.0,12.22058,198602,0.0,0.0,0.0,0.0343,-0.0231
2015-01-26,吉视传媒,sh601929,25.08,24.52,24.56,24.96,24.5,12.45003,164016,0.0,0.0,0.0,0.0228,0.0162
2015-01-27,吉视传媒,sh601929,25.34,24.44,24.96,24.58,24.96,12.26049,195974,0.0,0.0,0.0,0.036,-0.0152
2015-01-28,吉视传媒,sh601929,25.32,24.44,24.5,24.78,24.58,12.36025,323912,0.0,0.0,0.0,0.0358,0.0114
2015-01-29,吉视传媒,sh601929,24.58,24.06,24.24,24.32,24.78,12.1308,194290,0.0,0.0,0.0,0.0209,0.0033
2015-01-30,吉视传媒,sh601929,24.58,23.82,24.4,24.26,24.32,12.10087,242621,0.0,0.0,0.0,0.0312,-0.0057
2015-02-02,吉视传媒,sh601929,24.28,23.16,24.04,23.24,24.26,11.59209,229026,0.0,0.0,0.0,0.0461,-0.0332
2015-02-03,吉视传媒,sh601929,23.88,23.16,23.38,23.58,23.24,11.76169,276915,0.0,0.0,0.0,0.0309,0.0085
2015-02-04,吉视传媒,sh601929,24.22,23.46,23.58,23.58,23.58,11.76169,253215,0.0,0.0,0.0,0.0322,0.0
2015-02-05,吉视传媒,sh601929,25.12,23.6,23.7,24.48,23.58,12.21061,538038,0.0,0.0,0.0,0.0644,0.0329
2015-02-06,吉视传媒,sh601929,24.74,23.88,24.4,24.16,24.48,12.05099,275926,0.0,0.0,0.0,0.0351,-0.0098
2015-02-09,吉视传媒,sh601929,24.44,23.46,24.08,23.64,24.16,11.79161,199889,0.0,0.0,0.0,0.0405,-0.0182
2015-02-10,吉视传媒,sh601929,23.9,22.86,23.3,23.74,23.64,11.84149,262217,0.0,0.0,0.0,0.0439,0.0188
2015-02-11,吉视传媒,sh601929,24.12,23.4,23.48,23.46,23.74,11.70183,218156,0.0,0.0,0.0,0.0303,-8.0E-4
2015-02-12,吉视传媒,sh601929,24.56,23.4,23.46,24.3,23.46,12.12082,388315,0.0,0.0,0.0,0.0494,0.0358
2015-02-13,吉视传媒,sh601929,25.12,24.0,24.12,24.8,24.3,12.37022,498924,0.0,0.0,0.0,0.046,0.0281
2015-02-16,吉视传媒,sh601929,27.28,24.84,25.0,27.28,24.8,13.60724,969632,0.0,0.0,0.0,0.0983,0.0912
2015-02-17,吉视传媒,sh601929,28.98,26.92,27.62,28.08,27.28,14.00628,1072627,0.0,0.0,0.0,0.0755,0.0166
2015-02-18,吉视传媒,sh601929,28.08,28.08,28.08,28.08,28.08,14.00628,0,0.0,0.0,0.0,0.0,0.0
2015-02-19,吉视传媒,sh601929,28.08,28.08,28.08,28.08,28.08,14.00628,0,0.0,0.0,0.0,0.0,0.0
2015-02-20,吉视传媒,sh601929,28.08,28.08,28.08,28.08,28.08,14.00628,0,0.0,0.0,0.0,0.0,0.0
2015-02-23,吉视传媒,sh601929,28.08,28.08,28.08,28.08,28.08,14.00628,0,0.0,0.0,0.0,0.0,0.0
2015-02-24,吉视传媒,sh601929,28.08,28.08,28.08,28.08,28.08,14.00628,0,0.0,0.0,0.0,0.0,0.0
2015-02-25,吉视传媒,sh601929,28.4,26.82,28.2,27.1,28.08,13.51746,600442,0.0,0.0,0.0,0.0562,-0.039
2015-02-26,吉视传媒,sh601929,27.42,26.42,27.14,27.04,27.1,13.48753,429299,0.0,0.0,0.0,0.0369,-0.0036
2015-02-27,吉视传媒,sh601929,28.1,26.62,26.8,27.56,27.04,13.74691,542537,0.0,0.0,0.0,0.0547,0.0283
2015-03-02,吉视传媒,sh601929,27.88,26.84,27.28,27.76,27.56,13.84667,363184,0.0,0.0,0.0,0.0377,0.0175
2015-03-03,吉视传媒,sh601929,27.9,26.92,27.6,26.98,27.76,13.4576,330053,0.0,0.0,0.0,0.0353,-0.0224
2015-03-04,吉视传媒,sh601929,28.92,26.98,27.06,28.18,26.98,14.05616,579274,0.0,0.0,0.0,0.0719,0.0413
2015-03-05,吉视传媒,sh601929,28.5,27.36,27.8,28.38,28.18,14.15592,335449,0.0,0.0,0.0,0.0404,0.0208
2015-03-06,吉视传媒,sh601929,28.52,26.86,28.2,26.88,28.38,13.40772,327724,0.0,0.0,0.0,0.0584,-0.0468
2015-03-09,吉视传媒,sh601929,27.24,26.46,26.72,27.04,26.88,13.48753,227935,0.0,0.0,0.0,0.029,0.0119
2015-03-10,吉视传媒,sh601929,27.7,26.8,27.04,27.02,27.04,13.47756,229943,0.0,0.0,0.0,0.0332,-7.0E-4
2015-03-11,吉视传媒,sh601929,27.64,26.74,27.16,27.44,27.02,13.68705,257837,0.0,0.0,0.0,0.0333,0.0103
2015-03-12,吉视传媒,sh601929,27.84,26.78,27.4,27.04,27.44,13.48753,242834,0.0,0.0,0.0,0.0386,-0.0131
2015-03-13,吉视传媒,sh601929,27.26,26.62,27.2,27.12,27.04,13.52744,226935,0.0,0.0,0.0,0.0236,-0.0029
2015-03-16,吉视传媒,sh601929,27.92,27.0,27.12,27.74,27.12,13.83669,336216,0.0,0.0,0.0,0.0339,0.0228
2015-03-17,吉视传媒,sh601929,28.12,27.4,27.8,27.86,27.74,13.89655,438786,0.0,0.0,0.0,0.0259,0.0021
2015-03-18,吉视传媒,sh601929,29.76,27.62,27.92,29.06,27.86,14.49511,700133,0.0,0.0,0.0,0.0768,0.0408
2015-03-19,吉视传媒,sh601929,29.06,28.46,28.8,28.82,29.06,14.37539,377467,0.0,0.0,0.0,0.0206,6.0E-4
2015-03-20,吉视传媒,sh601929,29.48,28.5,28.78,29.02,28.82,14.47515,449834,0.0,0.0,0.0,0.034,0.0083
2015-03-23,吉视传媒,sh601929,30.2,29.0,29.18,29.56,29.02,14.74451,452155,0.0,0.0,0.0,0.0413,0.013
2015-03-24,吉视传媒,sh601929,30.1,28.2,29.74,28.82,29.56,14.37539,492890,0.0,0.0,0.0,0.0642,-0.0309
2015-03-25,吉视传媒,sh601929,29.3,28.36,28.86,28.76,28.82,14.34547,414291,0.0,0.0,0.0,0.0326,-0.0034
2015-03-26,吉视传媒,sh601929,28.7,27.92,28.56,28.24,28.76,14.08609,343196,0.0,0.0,0.0,0.0271,-0.0112
2015-03-27,吉视传媒,sh601929,29.1,28.4,28.56,28.54,28.24,14.23573,271374,0.0,0.0,0.0,0.0247,-7.0E-4
2015-03-30,吉视传媒,sh601929,29.28,28.26,28.6,29.24,28.54,14.58489,463886,0.0,0.0,0.0,0.0357,0.0223
2015-03-31,吉视传媒,sh601929,29.06,28.3,28.78,28.44,29.24,14.18585,536326,0.0,0.0,0.0,0.0259,-0.0118
2015-04-01,吉视传媒,sh601929,29.62,28.26,28.34,29.3,28.44,14.61482,559845,0.0,0.0,0.0,0.0478,0.0338
2015-04-02,吉视传媒,sh601929,29.86,29.02,29.36,29.62,29.3,14.77443,517976,0.0,0.0,0.0,0.0286,0.0088
2015-04-03,吉视传媒,sh601929,31.0,29.24,29.38,30.44,29.62,15.18345,609706,0.0,0.0,0.0,0.0594,0.036
2015-04-06,吉视传媒,sh601929,30.44,30.44,30.44,30.44,30.44,15.18345,0,0.0,0.0,0.0,0.0,0.0
2015-04-07,吉视传媒,sh601929,30.84,30.14,30.6,30.6,30.44,15.26326,405660,0.0,0.0,0.0,0.0229,0.0
2015-04-08,吉视传媒,sh601929,30.72,29.0,30.6,29.24,30.6,14.58489,559776,0.0,0.0,0.0,0.0562,-0.0444
2015-04-09,吉视传媒,sh601929,29.36,26.92,29.28,27.82,29.24,13.87659,516790,0.0,0.0,0.0,0.0834,-0.0498
2015-04-10,吉视传媒,sh601929,28.96,27.86,27.86,28.62,27.82,14.27563,408912,0.0,0.0,0.0,0.0395,0.0272
2015-04-13,吉视传媒,sh601929,29.66,28.8,29.42,29.14,28.62,14.53501,418685,0.0,0.0,0.0,0.03,-0.0095
2015-04-14,吉视传媒,sh601929,29.12,28.08,29.12,28.62,29.14,14.27563,398313,0.0,0.0,0.0,0.0356,-0.0171
2015-04-15,吉视传媒,sh601929,28.6,27.3,28.44,27.76,28.62,13.84667,341608,0.0,0.0,0.0,0.0454,-0.0239
2015-04-16,吉视传媒,sh601929,28.4,27.0,27.56,28.2,27.76,14.06614,261019,0.0,0.0,0.0,0.0504,0.0232
2015-04-17,吉视传媒,sh601929,28.8,28.14,28.34,28.42,28.2,14.17587,366833,0.0,0.0,0.0,0.0234,0.0028
2015-04-20,吉视传媒,sh601929,28.76,27.62,27.96,27.9,28.42,13.9165,345823,0.0,0.0,0.0,0.0401,-0.0021
2015-04-21,吉视传媒,sh601929,29.5,27.9,27.9,29.42,27.9,14.67467,530714,0.0,0.0,0.0,0.0573,0.0544
2015-04-22,吉视传媒,sh601929,30.34,29.16,29.5,29.9,29.42,14.9141,613128,0.0,0.0,0.0,0.0401,0.0135
2015-04-23,吉视传媒,sh601929,31.76,29.44,29.9,31.16,29.9,15.54258,775457,0.0,0.0,0.0,0.0775,0.0421
2015-04-24,吉视传媒,sh601929,30.92,29.8,30.54,30.28,31.16,15.10364,525337,0.0,0.0,0.0,0.0359,-0.0085
2015-04-27,吉视传媒,sh601929,31.56,30.42,30.64,31.08,30.28,15.50268,649548,0.0,0.0,0.0,0.0376,0.0143
2015-04-28,吉视传媒,sh601929,31.06,29.0,31.06,29.46,31.08,14.69462,517356,0.0,0.0,0.0,0.0662,-0.0515
2015-04-29,吉视传媒,sh601929,30.26,29.06,29.34,30.08,29.46,15.00388,347169,0.0,0.0,0.0,0.0407,0.0252
2015-04-30,吉视传媒,sh601929,30.9,29.96,30.1,30.0,30.08,14.96398,394460,0.0,0.0,0.0,0.0312,-0.0033
2015-05-01,吉视传媒,sh601929,30.0,30.0,30.0,30.0,30.0,14.96398,0,0.0,0.0,0.0,0.0,0.0
2015-05-04,吉视传媒,sh601929,30.16,29.06,30.02,29.68,30.0,14.80436,292420,0.0,0.0,0.0,0.0366,-0.0113
2015-05-05,吉视传媒,sh601929,29.86,28.76,29.8,28.84,29.68,14.38537,282367,0.0,0.0,0.0,0.037,-0.0322
2015-05-06,吉视传媒,sh601929,29.68,28.7,29.1,29.16,28.84,14.54499,293870,0.0,0.0,0.0,0.0339,0.002
2015-05-07,吉视传媒,sh601929,29.94,28.76,28.98,29.72,29.16,14.82431,346192,0.0,0.0,0.0,0.0404,0.0255
2015-05-08,吉视传媒,sh601929,30.9,29.64,29.88,30.84,29.72,15.38297,467556,0.0,0.0,0.0,0.0423,0.0321
2015-05-11,吉视传媒,sh601929,32.2,30.7,31.0,32.02,30.84,15.97155,697576,0.0,0.0,0.0,0.0486,0.0329
2015-05-12,吉视传媒,sh601929,32.56,31.4,32.18,31.86,32.02,15.89174,571657,0.0,0.0,0.0,0.0362,-0.0099
2015-05-13,吉视传媒,sh601929,34.32,31.12,31.44,32.98,31.86,16.4504,750708,0.0,0.0,0.0,0.1004,0.0489
2015-05-14,吉视传媒,sh601929,33.22,32.06,32.92,32.52,32.98,16.22095,376160,0.0,0.0,0.0,0.0351,-0.0121
2015-05-15,吉视传媒,sh601929,32.68,31.12,32.34,31.96,32.52,15.94162,429900,0.0,0.0,0.0,0.0479,-0.0117
2015-05-18,吉视传媒,sh601929,33.14,31.52,31.7,32.12,31.96,16.02143,327986,0.0,0.0,0.0,0.0506,0.0132
2015-05-19,吉视传媒,sh601929,33.8,31.78,32.02,33.26,32.12,16.59006,550573,0.0,0.0,0.0,0.0628,0.0387
2015-05-20,吉视传媒,sh601929,34.42,32.44,33.48,32.68,33.26,16.30076,749703,0.0,0.0,0.0,0.0595,-0.0238
2015-05-21,吉视传媒,sh601929,34.2,32.3,32.96,34.04,32.68,16.97913,529092,0.0,0.0,0.0,0.0581,0.0327
2015-05-22,吉视传媒,sh601929,35.44,33.46,34.5,34.16,34.04,17.03898,547251,0.0,0.0,0.0,0.0581,-0.0098
2015-05-25,吉视传媒,sh601929,35.28,33.6,33.8,34.88,34.16,17.39812,599028,0.0,0.0,0.0,0.0491,0.0319
2015-05-26,吉视传媒,sh601929,36.5,34.6,35.02,36.04,34.88,17.97672,608402,0.0,0.0,0.0,0.0544,0.0291
2015-05-27,吉视传媒,sh601929,35.98,34.7,35.76,35.46,36.04,17.68742,564012,0.0,0.0,0.0,0.0355,-0.0083
2015-05-28,吉视传媒,sh601929,36.2,32.1,35.46,32.36,35.46,16.14114,667455,0.0,0.0,0.0,0.1156,-0.0874
2015-05-29,吉视传媒,sh601929,34.36,31.42,32.38,33.32,32.36,16.61999,585587,0.0,0.0,0.0,0.0908,0.029
2015-06-01,吉视传媒,sh601929,36.66,34.38,34.38,36.66,33.32,18.28598,662390,0.0,0.0,0.0,0.0684,0.0663
2015-06-02,吉视传媒,sh601929,39.16,36.64,38.0,38.3,36.66,19.10401,917134,0.0,0.0,0.0,0.0687,0.0078
2015-06-03,吉视传媒,sh601929,38.28,36.66,38.0,37.96,38.3,18.93442,577008,0.0,0.0,0.0,0.0422,-0.001
2015-06-04,吉视传媒,sh601929,40.96,35.66,38.0,39.6,37.96,19.75245,854494,0.0,0.0,0.0,0.1396,0.0421
2015-06-05,吉视传媒,sh601929,42.0,38.8,41.02,39.98,39.6,19.94199,801533,0.0,0.0,0.0,0.0808,-0.0253
2015-06-08,吉视传媒,sh601929,40.4,38.02,39.98,38.7,39.98,19.30353,607747,0.0,0.0,0.0,0.0595,-0.032
2015-06-09,吉视传媒,sh601929,39.58,38.0,38.5,38.9,38.7,19.40329,412658,0.0,0.0,0.0,0.0408,0.0103
2015-06-10,吉视传媒,sh601929,41.18,38.12,38.4,40.72,38.9,20.31111,720188,0.0,0.0,0.0,0.0786,0.0604
2015-06-11,吉视传媒,sh601929,44.66,41.2,41.98,42.12,40.72,21.00942,770766,0.0,0.0,0.0,0.0849,0.0033
2015-06-12,吉视传媒,sh601929,44.2,41.42,42.16,43.24,42.12,21.56808,602521,0.0,0.0,0.0,0.066,0.0256
2015-06-15,吉视传媒,sh601929,46.24,43.02,43.26,43.94,43.24,21.91724,615228,0.0,0.0,0.0,0.0744,0.0157
2015-06-16,吉视传媒,sh601929,43.76,39.62,43.76,40.54,43.94,20.22132,490820,0.0,0.0,0.0,0.0942,-0.0735
2015-06-17,吉视传媒,sh601929,42.2,38.02,40.4,41.64,40.54,20.77,513506,0.0,0.0,0.0,0.1031,0.0306
2015-06-18,吉视传媒,sh601929,41.94,38.38,41.4,38.94,41.64,19.47,379146,0.0,0.0,0.0,0.0854,-0.0594
2015-06-19,吉视传媒,sh601929,38.54,35.3,38.0,36.22,38.94,18.11,402169,0.0,0.0,0.0,0.0832,-0.0468
2015-06-22,吉视传媒,sh601929,36.22,36.22,36.22,36.22,36.22,18.11,0,0.0,0.0,0.0,0.0,0.0
2015-06-23,吉视传媒,sh601929,36.98,33.08,35.8,36.58,36.22,18.29,351446,0.0,0.0,0.0,0.1076,0.0217
2015-06-24,吉视传媒,sh601929,37.76,36.0,36.78,37.12,36.58,18.56,419402,0.0,0.0,0.0,0.0481,0.0092
2015-06-25,吉视传媒,sh601929,37.94,34.2,37.24,34.66,37.12,17.33,358665,0.0,0.0,0.0,0.1007,-0.0692
2015-06-26,吉视传媒,sh601929,34.18,31.2,33.44,31.2,34.66,15.6,436621,0.0,0.0,0.0,0.0859,-0.0669
2015-06-29,吉视传媒,sh601929,32.28,28.08,32.06,28.08,31.2,14.04,593597,0.0,0.0,0.0,0.1346,-0.1241
2015-06-30,吉视传媒,sh601929,30.4,25.3,28.08,30.24,28.08,15.12,716511,0.0,0.0,0.0,0.1816,0.0769
2015-07-01,吉视传媒,sh601929,31.1,27.22,29.62,27.44,30.24,13.72,602191,0.0,0.0,0.0,0.1283,-0.0735
2015-07-02,吉视传媒,sh601929,28.1,24.76,27.7,25.92,27.44,12.96,548333,0.0,0.0,0.0,0.1217,-0.0642
2015-07-03,吉视传媒,sh601929,27.34,23.32,25.2,23.42,25.92,11.71,649347,0.0,0.0,0.0,0.155,-0.0706
2015-07-06,吉视传媒,sh601929,25.76,21.4,25.76,25.18,23.42,12.59,887586,0.0,0.0,0.0,0.1861,-0.0225
2015-07-07,吉视传媒,sh601929,26.18,22.66,23.66,25.54,25.18,12.77,872133,0.0,0.0,0.0,0.1397,0.0794
2015-07-08,吉视传媒,sh601929,25.54,25.54,25.54,25.54,25.54,12.77,0,0.0,0.0,0.0,0.0,0.0
2015-07-09,吉视传媒,sh601929,25.54,25.54,25.54,25.54,25.54,12.77,0,0.0,0.0,0.0,0.0,0.0
2015-07-10,吉视传媒,sh601929,25.54,25.54,25.54,25.54,25.54,12.77,0,0.0,0.0,0.0,0.0,0.0
2015-07-13,吉视传媒,sh601929,25.54,25.54,25.54,25.54,25.54,12.77,0,0.0,0.0,0.0,0.0,0.0
2015-07-14,吉视传媒,sh601929,28.1,28.1,28.1,28.1,25.54,14.05,31337,0.0,0.0,0.0,0.0,0.0
2015-07-15,吉视传媒,sh601929,30.92,25.74,30.92,25.82,28.1,12.91,1005861,0.0,0.0,0.0,0.1843,-0.1649
2015-07-16,吉视传媒,sh601929,25.82,25.82,25.82,25.82,25.82,12.91,0,0.0,0.0,0.0,0.0,0.0
2015-07-17,吉视传媒,sh601929,25.82,25.82,25.82,25.82,25.82,12.91,0,0.0,0.0,0.0,0.0,0.0
2015-07-20,吉视传媒,sh601929,25.82,25.82,25.82,25.82,25.82,12.91,0,0.0,0.0,0.0,0.0,0.0
2015-07-21,吉视传媒,sh601929,28.4,27.12,28.4,28.4,25.82,14.2,872668,0.0,0.0,0.0,0.0495,0.0
2015-07-22,吉视传媒,sh601929,29.2,27.4,28.42,28.12,28.4,14.06,984440,0.0,0.0,0.0,0.0633,-0.0105
2015-07-23,吉视传媒,sh601929,30.84,27.96,27.96,30.08,28.12,15.04,878749,0.0,0.0,0.0,0.1024,0.0758
2015-07-24,吉视传媒,sh601929,32.66,30.2,30.4,31.54,30.08,15.77,1185927,0.0,0.0,0.0,0.0817,0.0375
2015-07-27,吉视传媒,sh601929,34.68,31.08,32.0,31.8,31.54,15.9,1681215,0.0,0.0,0.0,0.1141,-0.0062
2015-07-28,吉视传媒,sh601929,32.98,28.62,29.8,32.88,31.8,16.44,1194862,0.0,0.0,0.0,0.1371,0.1033
2015-07-29,吉视传媒,sh601929,34.28,31.16,33.6,33.92,32.88,16.96,1085648,0.0,0.0,0.0,0.0948,0.0095
2015-07-30,吉视传媒,sh601929,33.74,30.52,33.2,30.9,33.92,15.45,847715,0.0,0.0,0.0,0.0949,-0.0692
2015-07-31,吉视传媒,sh601929,30.92,29.06,30.32,30.12,30.9,15.06,552152,0.0,0.0,0.0,0.0601,-0.0065
2015-08-03,吉视传媒,sh601929,29.72,27.2,29.46,28.56,30.12,14.28,538259,0.0,0.0,0.0,0.0836,-0.0305
2015-08-04,吉视传媒,sh601929,30.94,28.5,28.68,30.82,28.56,15.41,446335,0.0,0.0,0.0,0.0854,0.0746
2015-08-05,吉视传媒,sh601929,30.92,29.2,30.22,29.36,30.82,14.68,382855,0.0,0.0,0.0,0.0558,-0.0284
2015-08-06,吉视传媒,sh601929,29.36,28.3,28.6,28.46,29.36,14.23,275599,0.0,0.0,0.0,0.0361,-0.0048
2015-08-07,吉视传媒,sh601929,29.9,28.72,28.72,29.58,28.46,14.79,353028,0.0,0.0,0.0,0.0414,0.0299
2015-08-10,吉视传媒,sh601929,31.94,29.74,29.9,31.6,29.58,15.8,551004,0.0,0.0,0.0,0.0743,0.0568
2015-08-11,吉视传媒,sh601929,31.9,30.74,31.36,31.28,31.6,15.64,509482,0.0,0.0,0.0,0.0367,-0.0025
2015-08-12,吉视传媒,sh601929,32.28,30.58,30.8,31.28,31.28,15.64,438558,0.0,0.0,0.0,0.0543,0.0155
2015-08-13,吉视传媒,sh601929,31.94,30.26,31.2,31.82,31.28,15.91,410497,0.0,0.0,0.0,0.0537,0.0198
2015-08-14,吉视传媒,sh601929,32.34,31.42,32.0,32.26,31.82,16.13,557196,0.0,0.0,0.0,0.0289,0.0081
2015-08-17,吉视传媒,sh601929,32.52,31.38,32.28,32.1,32.26,16.05,447185,0.0,0.0,0.0,0.0353,-0.0055
2015-08-18,吉视传媒,sh601929,33.16,28.9,32.36,28.9,32.1,14.45,609697,0.0,0.0,0.0,0.1327,-0.1069
2015-08-19,吉视传媒,sh601929,29.58,26.74,27.76,29.18,28.9,14.59,440062,0.0,0.0,0.0,0.0982,0.0511
2015-08-20,吉视传媒,sh601929,30.28,28.4,28.6,29.1,29.18,14.55,365302,0.0,0.0,0.0,0.0644,0.0174
2015-08-21,吉视传媒,sh601929,29.08,26.78,28.28,27.94,29.1,13.97,342812,0.0,0.0,0.0,0.079,-0.012
2015-08-24,吉视传媒,sh601929,26.56,25.14,26.56,25.14,27.94,12.57,246352,0.0,0.0,0.0,0.0508,-0.0534
2015-08-25,吉视传媒,sh601929,23.6,22.62,22.62,22.62,25.14,11.31,373760,0.0,0.0,0.0,0.0389,0.0
2015-08-26,吉视传媒,sh601929,23.2,20.36,22.62,20.36,22.62,10.18,657508,0.0,0.0,0.0,0.1255,-0.0999
2015-08-27,吉视传媒,sh601929,21.34,19.14,20.96,21.1,20.36,10.55,450492,0.0,0.0,0.0,0.108,0.0066
2015-08-28,吉视传媒,sh601929,23.02,21.02,21.3,22.72,21.1,11.36,554430,0.0,0.0,0.0,0.0947,0.0666
2015-08-31,吉视传媒,sh601929,22.3,21.22,22.0,22.08,22.72,11.04,475756,0.0,0.0,0.0,0.0475,0.0036
2015-09-01,吉视传媒,sh601929,21.72,20.06,21.72,21.16,22.08,10.58,419524,0.0,0.0,0.0,0.0751,-0.0257
2015-09-02,吉视传媒,sh601929,21.78,19.5,19.8,21.16,21.16,10.58,448865,0.0,0.0,0.0,0.1077,0.0686
2015-09-03,吉视传媒,sh601929,21.16,21.16,21.16,21.16,21.16,10.58,0,0.0,0.0,0.0,0.0,0.0
2015-09-04,吉视传媒,sh601929,21.16,21.16,21.16,21.16,21.16,10.58,0,0.0,0.0,0.0,0.0,0.0
2015-09-07,吉视传媒,sh601929,22.7,21.2,21.7,21.56,21.16,10.78,290952,0.0,0.0,0.0,0.0708,-0.0064
2015-09-08,吉视传媒,sh601929,22.64,20.7,21.26,22.48,21.56,11.24,219363,0.0,0.0,0.0,0.0899,0.0573
2015-09-09,吉视传媒,sh601929,23.44,22.36,22.44,22.98,22.48,11.49,346800,0.0,0.0,0.0,0.048,0.024
2015-09-10,吉视传媒,sh601929,22.8,22.1,22.52,22.16,22.98,11.08,185473,0.0,0.0,0.0,0.0304,-0.0159
2015-09-11,吉视传媒,sh601929,22.6,21.94,22.24,22.34,22.16,11.17,133179,0.0,0.0,0.0,0.0297,0.0044
2015-09-14,吉视传媒,sh601929,22.58,20.1,22.5,20.9,22.34,10.45,264877,0.0,0.0,0.0,0.111,-0.0711
2015-09-15,吉视传媒,sh601929,20.78,18.82,20.58,18.9,20.9,9.45,198407,0.0,0.0,0.0,0.0937,-0.0816
2015-09-16,吉视传媒,sh601929,20.8,18.9,19.14,20.74,18.9,10.37,213859,0.0,0.0,0.0,0.1005,0.0835
2015-09-17,吉视传媒,sh601929,21.48,20.22,20.48,20.28,20.74,10.14,243235,0.0,0.0,0.0,0.0607,-0.0097
2015-09-18,吉视传媒,sh601929,21.0,20.3,20.58,20.72,20.28,10.36,164181,0.0,0.0,0.0,0.0345,0.0068
2015-09-21,吉视传媒,sh601929,21.62,20.18,20.32,21.56,20.72,10.78,204242,0.0,0.0,0.0,0.0694,0.061
2015-09-22,吉视传媒,sh601929,21.98,21.22,21.6,21.64,21.56,10.82,201119,0.0,0.0,0.0,0.0352,0.0018
2015-09-23,吉视传媒,sh601929,21.54,20.76,21.14,21.0,21.64,10.5,232769,0.0,0.0,0.0,0.036,-0.0066
2015-09-24,吉视传媒,sh601929,23.1,21.16,21.16,22.4,21.0,11.2,550979,0.0,0.0,0.0,0.0923,0.0586
2015-09-25,吉视传媒,sh601929,22.24,21.2,21.86,21.56,22.4,10.78,352537,0.0,0.0,0.0,0.0464,-0.0137
2015-09-28,吉视传媒,sh601929,22.2,21.44,21.9,22.12,21.56,11.06,284651,0.0,0.0,0.0,0.0352,0.01
2015-09-29,吉视传媒,sh601929,21.94,21.26,21.7,21.48,22.12,10.74,176645,0.0,0.0,0.0,0.0307,-0.0101
2015-09-30,吉视传媒,sh601929,11.08,10.74,10.82,10.85,21.48,5.425,216352,0.0,0.0,0.0,0.0158,0.0027
2015-10-01,吉视传媒,sh601929,10.85,10.85,10.85,10.85,10.85,5.425,0,0.0,0.0,0.0,0.0,0.0
2015-10-02,吉视传媒,sh601929,10.85,10.85,10.85,10.85,10.85,5.425,0,0.0,0.0,0.0,0.0,0.0
2015-10-05,吉视传媒,sh601929,10.85,10.85,10.85,10.85,10.85,5.425,0,0.0,0.0,0.0,0.0,0.0
2015-10-06,吉视传媒,sh601929,10.85,10.85,10.85,10.85,10.85,5.425,0,0.0,0.0,0.0,0.0,0.0
2015-10-07,吉视传媒,sh601929,10.85,10.85,10.85,10.85,10.85,5.425,0,0.0,0.0,0.0,0.0,0.0
2015-10-08,吉视传媒,sh601929,11.62,11.11,11.34,11.38,10.85,5.69,362189,0.0,0.0,0.0,0.047,0.0035
2015-10-09,吉视传媒,sh601929,5.89,5.69,5.7,5.79,11.38,5.79,415062,0.0,0.0,0.0,0.0175,0.0157
2015-10-12,吉视传媒,sh601929,6.07,5.62,5.74,6.05,5.79,6.05,1062928,0.0,0.0,0.0,0.0777,0.054
2015-10-13,吉视传媒,sh601929,6.17,5.9,5.93,6.01,6.05,6.01,774316,0.0,0.0,0.0,0.0446,0.0134
2015-10-14,吉视传媒,sh601929,6.1,5.88,5.98,5.89,6.01,5.89,600089,0.0,0.0,0.0,0.0366,-0.015
2015-10-15,吉视传媒,sh601929,6.14,5.86,5.87,6.12,5.89,6.12,757136,0.0,0.0,0.0,0.0475,0.0425
2015-10-16,吉视传媒,sh601929,6.19,6.0,6.15,6.14,6.12,6.14,726179,0.0,0.0,0.0,0.031,-0.0016
2015-10-19,吉视传媒,sh601929,6.41,6.11,6.16,6.3,6.14,6.3,947978,0.0,0.0,0.0,0.0488,0.0227
2015-10-20,吉视传媒,sh601929,6.36,6.2,6.3,6.32,6.3,6.32,642623,0.0,0.0,0.0,0.0253,0.0031
2015-10-21,吉视传媒,sh601929,6.34,5.69,6.34,5.71,6.32,5.71,830674,0.0,0.0,0.0,0.1028,-0.0993
2015-10-22,吉视传媒,sh601929,5.94,5.7,5.78,5.93,5.71,5.93,539514,0.0,0.0,0.0,0.042,0.0259
2015-10-23,吉视传媒,sh601929,6.16,5.89,5.96,6.12,5.93,6.12,541081,0.0,0.0,0.0,0.0455,0.0268
2015-10-26,吉视传媒,sh601929,6.22,6.06,6.18,6.18,6.12,6.18,619380,0.0,0.0,0.0,0.0261,0.0
2015-10-27,吉视传媒,sh601929,6.34,5.81,6.08,6.28,6.18,6.28,893493,0.0,0.0,0.0,0.0857,0.0328
2015-10-28,吉视传媒,sh601929,6.26,6.0,6.17,6.02,6.28,6.02,565457,0.0,0.0,0.0,0.0414,-0.0243
2015-10-29,吉视传媒,sh601929,6.11,5.97,6.06,6.07,6.02,6.07,407461,0.0,0.0,0.0,0.0232,0.0016
2015-10-30,吉视传媒,sh601929,6.18,5.96,6.06,6.07,6.07,6.07,515077,0.0,0.0,0.0,0.0362,0.0016
2015-11-02,吉视传媒,sh601929,6.07,5.88,5.98,5.89,6.07,5.89,387980,0.0,0.0,0.0,0.0313,-0.015
2015-11-03,吉视传媒,sh601929,5.95,5.76,5.92,5.82,5.89,5.82,367859,0.0,0.0,0.0,0.0322,-0.0168
2015-11-04,吉视传媒,sh601929,6.07,5.83,5.84,6.06,5.82,6.06,656781,0.0,0.0,0.0,0.0412,0.0376
2015-11-05,吉视传媒,sh601929,6.25,6.02,6.12,6.16,6.06,6.16,1144483,0.0,0.0,0.0,0.0379,0.0065
2015-11-06,吉视传媒,sh601929,6.44,6.13,6.14,6.33,6.16,6.33,1053159,0.0,0.0,0.0,0.0503,0.0309
2015-11-09,吉视传媒,sh601929,6.36,6.2,6.24,6.29,6.33,6.29,856429,0.0,0.0,0.0,0.0252,0.008
2015-11-10,吉视传媒,sh601929,6.56,6.26,6.3,6.44,6.29,6.44,1029609,0.0,0.0,0.0,0.0476,0.0222
2015-11-11,吉视传媒,sh601929,6.68,6.35,6.42,6.63,6.44,6.63,1011569,0.0,0.0,0.0,0.0512,0.0327
2015-11-12,吉视传媒,sh601929,6.64,6.43,6.58,6.55,6.63,6.55,821385,0.0,0.0,0.0,0.0316,-0.0045
2015-11-13,吉视传媒,sh601929,6.67,6.37,6.5,6.46,6.55,6.46,753285,0.0,0.0,0.0,0.0458,-0.0061
2015-11-16,吉视传媒,sh601929,6.73,6.31,6.31,6.69,6.46,6.69,676935,0.0,0.0,0.0,0.065,0.0602
2015-11-17,吉视传媒,sh601929,6.78,6.47,6.75,6.51,6.69,6.51,741042,0.0,0.0,0.0,0.0463,-0.0355
2015-11-18,吉视传媒,sh601929,6.58,6.4,6.51,6.41,6.51,6.41,457739,0.0,0.0,0.0,0.0276,-0.0153
2015-11-19,吉视传媒,sh601929,6.69,6.4,6.41,6.66,6.41,6.66,838251,0.0,0.0,0.0,0.0452,0.039
2015-11-20,吉视传媒,sh601929,7.19,6.61,6.67,6.99,6.66,6.99,1387127,0.0,0.0,0.0,0.087,0.0479
2015-11-23,吉视传媒,sh601929,7.22,6.86,6.97,7.06,6.99,7.06,1096272,0.0,0.0,0.0,0.0515,0.0129
2015-11-24,吉视传媒,sh601929,7.13,6.91,7.1,7.08,7.06,7.08,593941,0.0,0.0,0.0,0.0311,-0.0028
2015-11-25,吉视传媒,sh601929,7.22,7.01,7.08,7.17,7.08,7.17,653421,0.0,0.0,0.0,0.0296,0.0127
2015-11-26,吉视传媒,sh601929,7.43,7.01,7.39,7.02,7.17,7.02,679338,0.0,0.0,0.0,0.0585,-0.05
2015-11-27,吉视传媒,sh601929,6.98,6.32,6.95,6.34,7.02,6.34,859269,0.0,0.0,0.0,0.094,-0.0877
2015-11-30,吉视传媒,sh601929,6.48,6.07,6.39,6.39,6.34,6.39,531273,0.0,0.0,0.0,0.0646,0.0
2015-12-01,吉视传媒,sh601929,6.55,6.3,6.38,6.46,6.39,6.46,425605,0.0,0.0,0.0,0.0391,0.0125
2015-12-02,吉视传媒,sh601929,6.62,6.26,6.53,6.5,6.46,6.5,503231,0.0,0.0,0.0,0.0557,-0.0045
2015-12-03,吉视传媒,sh601929,6.6,6.47,6.54,6.59,6.5,6.59,446589,0.0,0.0,0.0,0.0199,0.0076
2015-12-04,吉视传媒,sh601929,6.58,6.38,6.53,6.41,6.59,6.41,458163,0.0,0.0,0.0,0.0303,-0.0183
2015-12-07,吉视传媒,sh601929,6.57,6.37,6.43,6.51,6.41,6.51,426957,0.0,0.0,0.0,0.0312,0.0124
2015-12-08,吉视传媒,sh601929,6.48,6.26,6.45,6.3,6.51,6.3,433312,0.0,0.0,0.0,0.0337,-0.0232
2015-12-09,吉视传媒,sh601929,6.39,6.22,6.25,6.28,6.3,6.28,293380,0.0,0.0,0.0,0.0269,0.0048
2015-12-10,吉视传媒,sh601929,6.34,6.22,6.28,6.23,6.28,6.23,276589,0.0,0.0,0.0,0.0191,-0.0079
2015-12-11,吉视传媒,sh601929,6.24,6.11,6.23,6.21,6.23,6.21,320107,0.0,0.0,0.0,0.0208,-0.0032
2015-12-14,吉视传媒,sh601929,6.32,6.12,6.12,6.31,6.21,6.31,281055,0.0,0.0,0.0,0.0322,0.031
2015-12-15,吉视传媒,sh601929,6.43,6.28,6.33,6.3,6.31,6.3,306541,0.0,0.0,0.0,0.0237,-0.0047
2015-12-16,吉视传媒,sh601929,6.43,6.32,6.38,6.34,6.3,6.34,298184,0.0,0.0,0.0,0.0174,-0.0062
2015-12-17,吉视传媒,sh601929,6.49,6.35,6.38,6.48,6.34,6.48,441572,0.0,0.0,0.0,0.022,0.0156
2015-12-18,吉视传媒,sh601929,6.49,6.35,6.46,6.38,6.48,6.38,343073,0.0,0.0,0.0,0.0216,-0.0123
2015-12-21,吉视传媒,sh601929,6.44,6.32,6.35,6.43,6.38,6.43,405570,0.0,0.0,0.0,0.0188,0.0125
2015-12-22,吉视传媒,sh601929,6.48,6.37,6.44,6.44,6.43,6.44,349029,0.0,0.0,0.0,0.0171,0.0
2015-12-23,吉视传媒,sh601929,6.61,6.39,6.44,6.49,6.44,6.49,742239,0.0,0.0,0.0,0.0341,0.0077
2015-12-24,吉视传媒,sh601929,6.53,6.4,6.49,6.48,6.49,6.48,425351,0.0,0.0,0.0,0.02,-0.0015
2015-12-25,吉视传媒,sh601929,6.54,6.46,6.49,6.52,6.48,6.52,337183,0.0,0.0,0.0,0.0123,0.0046
2015-12-28,吉视传媒,sh601929,6.56,6.24,6.52,6.27,6.52,6.27,504494,0.0,0.0,0.0,0.049,-0.0383
2015-12-29,吉视传媒,sh601929,6.33,6.22,6.22,6.31,6.27,6.31,265479,0.0,0.0,0.0,0.0175,0.0144
2015-12-30,吉视传媒,sh601929,6.32,6.2,6.32,6.26,6.31,6.26,537105,0.0,0.0,0.0,0.019,-0.0094
2015-12-31,吉视传媒,sh601929,6.3,6.16,6.27,6.18,6.26,6.18,295979,0.0,0.0,0.0,0.0223,-0.0143
2016-01-01,吉视传媒,sh601929,6.3,6.16,6.27,6.18,6.18,6.18,295979,0.0,0.0,0.0,0.0226,-0.0143
2016-01-04,吉视传媒,sh601929,6.2,5.58,6.18,5.59,6.18,5.59,334317,0.0,0.0,0.0,0.1003,-0.0954
2016-01-05,吉视传媒,sh601929,5.67,5.27,5.45,5.54,5.59,5.54,366009,0.0,0.0,0.0,0.0715,0.0165
2016-01-06,吉视传媒,sh601929,5.66,5.54,5.56,5.65,5.54,5.65,474683,0.0,0.0,0.0,0.0216,0.0161
2016-01-07,吉视传媒,sh601929,5.56,5.09,5.56,5.12,5.65,5.12,89547,0.0,0.0,0.0,0.0831,-0.0791
2016-01-08,吉视传媒,sh601929,5.32,4.91,5.26,5.16,5.12,5.16,389681,0.0,0.0,0.0,0.08,-0.019
2016-01-11,吉视传媒,sh601929,5.11,4.71,5.1,4.76,5.16,4.76,437281,0.0,0.0,0.0,0.0775,-0.0666
2016-01-12,吉视传媒,sh601929,4.88,4.67,4.8,4.8,4.76,4.8,245958,0.0,0.0,0.0,0.0441,0.0
2016-01-13,吉视传媒,sh601929,4.88,4.6,4.85,4.61,4.8,4.61,286893,0.0,0.0,0.0,0.0583,-0.0494
2016-01-14,吉视传媒,sh601929,4.78,4.42,4.5,4.73,4.61,4.73,322520,0.0,0.0,0.0,0.078,0.0511
2016-01-15,吉视传媒,sh601929,4.73,4.42,4.68,4.47,4.73,4.47,276676,0.0,0.0,0.0,0.0655,-0.0448
2016-01-18,吉视传媒,sh601929,4.57,4.3,4.3,4.49,4.47,4.49,265505,0.0,0.0,0.0,0.0604,0.0441
2016-01-19,吉视传媒,sh601929,4.72,4.45,4.47,4.68,4.49,4.68,352792,0.0,0.0,0.0,0.0601,0.0469
2016-01-20,吉视传媒,sh601929,4.71,4.54,4.65,4.64,4.68,4.64,268069,0.0,0.0,0.0,0.0363,-0.0021
2016-01-21,吉视传媒,sh601929,4.68,4.44,4.56,4.45,4.64,4.45,217806,0.0,0.0,0.0,0.0517,-0.0241
2016-01-22,吉视传媒,sh601929,4.55,4.39,4.5,4.52,4.45,4.52,186815,0.0,0.0,0.0,0.0359,0.0044
2016-01-25,吉视传媒,sh601929,4.59,4.51,4.56,4.55,4.52,4.55,174354,0.0,0.0,0.0,0.0176,-0.0021
2016-01-26,吉视传媒,sh601929,4.51,4.1,4.5,4.11,4.55,4.11,297398,0.0,0.0,0.0,0.0901,-0.0866
2016-01-27,吉视传媒,sh601929,4.18,3.88,4.15,4.0,4.11,4.0,333116,0.0,0.0,0.0,0.0729,-0.0361
2016-01-28,吉视传媒,sh601929,4.03,3.76,3.98,3.79,4.0,3.79,438032,0.0,0.0,0.0,0.0675,-0.0477
2016-01-29,吉视传媒,sh601929,3.99,3.78,3.8,3.95,3.79,3.95,292518,0.0,0.0,0.0,0.0554,0.0394
2016-02-01,吉视传媒,sh601929,3.98,3.86,3.98,3.91,3.95,3.91,220253,0.0,0.0,0.0,0.0303,-0.0175
2016-02-02,吉视传媒,sh601929,4.07,3.9,3.91,4.04,3.91,4.04,245545,0.0,0.0,0.0,0.0434,0.0332
2016-02-03,吉视传媒,sh601929,4.07,3.94,3.98,4.04,4.04,4.04,198492,0.0,0.0,0.0,0.0321,0.015
2016-02-04,吉视传媒,sh601929,4.14,4.05,4.08,4.11,4.04,4.11,252555,0.0,0.0,0.0,0.0222,0.0073
2016-02-05,吉视传媒,sh601929,4.14,4.07,4.11,4.08,4.11,4.08,225501,0.0,0.0,0.0,0.017,-0.0072
2016-02-08,吉视传媒,sh601929,4.14,4.07,4.11,4.08,4.08,4.08,225501,0.0,0.0,0.0,0.0171,-0.0072
2016-02-09,吉视传媒,sh601929,4.14,4.07,4.11,4.08,4.08,4.08,225501,0.0,0.0,0.0,0.0171,-0.0072
2016-02-10,吉视传媒,sh601929,4.14,4.07,4.11,4.08,4.08,4.08,225501,0.0,0.0,0.0,0.0171,-0.0072
2016-02-11,吉视传媒,sh601929,4.14,4.07,4.11,4.08,4.08,4.08,225501,0.0,0.0,0.0,0.0171,-0.0072
2016-02-12,吉视传媒,sh601929,4.14,4.07,4.11,4.08,4.08,4.08,225501,0.0,0.0,0.0,0.0171,-0.0072
2016-02-15,吉视传媒,sh601929,4.07,3.92,3.92,4.06,4.08,4.06,166041,0.0,0.0,0.0,0.0367,0.0357
2016-02-16,吉视传媒,sh601929,4.25,4.07,4.07,4.25,4.06,4.25,350377,0.0,0.0,0.0,0.0443,0.0442
2016-02-17,吉视传媒,sh601929,4.44,4.18,4.2,4.36,4.25,4.36,436175,0.0,0.0,0.0,0.0611,0.038
2016-02-18,吉视传媒,sh601929,4.38,4.3,4.35,4.31,4.36,4.31,348216,0.0,0.0,0.0,0.0183,-0.0091
2016-02-19,吉视传媒,sh601929,4.34,4.27,4.32,4.31,4.31,4.31,223159,0.0,0.0,0.0,0.0162,-0.0023
2016-02-22,吉视传媒,sh601929,4.54,4.33,4.35,4.47,4.31,4.47,482255,0.0,0.0,0.0,0.0487,0.0275
2016-02-23,吉视传媒,sh601929,4.53,4.34,4.44,4.42,4.47,4.42,414043,0.0,0.0,0.0,0.0425,-0.0045
2016-02-24,吉视传媒,sh601929,4.45,4.31,4.39,4.43,4.42,4.43,256833,0.0,0.0,0.0,0.0316,0.0091
2016-02-25,吉视传媒,sh601929,4.4,3.99,4.4,3.99,4.43,3.99,391072,0.0,0.0,0.0,0.0925,-0.0931
2016-02-26,吉视传媒,sh601929,4.07,3.92,4.04,4.03,3.99,4.03,227056,0.0,0.0,0.0,0.0375,-0.0024
2016-02-29,吉视传媒,sh601929,4.03,3.73,4.03,3.87,4.03,3.87,282121,0.0,0.0,0.0,0.0744,-0.0397
2016-03-01,吉视传媒,sh601929,3.97,3.82,3.88,3.94,3.87,3.94,277126,0.0,0.0,0.0,0.0387,0.0154
2016-03-02,吉视传媒,sh601929,4.15,3.91,3.94,4.13,3.94,4.13,343701,0.0,0.0,0.0,0.0609,0.0482
2016-03-03,吉视传媒,sh601929,4.43,4.1,4.13,4.34,4.13,4.34,594367,0.0,0.0,0.0,0.0799,0.0508
2016-03-04,吉视传媒,sh601929,4.32,4.1,4.27,4.25,4.34,4.25,508132,0.0,0.0,0.0,0.0506,-0.0046
2016-03-07,吉视传媒,sh601929,4.42,4.26,4.26,4.35,4.25,4.35,359989,0.0,0.0,0.0,0.0376,0.0211
2016-03-08,吉视传媒,sh601929,4.45,4.12,4.32,4.44,4.35,4.44,411351,0.0,0.0,0.0,0.0758,0.0277
2016-03-09,吉视传媒,sh601929,4.34,4.23,4.31,4.32,4.44,4.32,333485,0.0,0.0,0.0,0.0247,0.0023
2016-03-10,吉视传媒,sh601929,4.33,4.13,4.29,4.14,4.32,4.14,264809,0.0,0.0,0.0,0.0462,-0.0349
2016-03-11,吉视传媒,sh601929,4.16,4.06,4.08,4.13,4.14,4.13,155153,0.0,0.0,0.0,0.0241,0.0122
2016-03-14,吉视传媒,sh601929,4.32,4.16,4.18,4.26,4.13,4.26,300383,0.0,0.0,0.0,0.0387,0.0191
2016-03-15,吉视传媒,sh601929,4.27,4.11,4.25,4.2,4.26,4.2,248343,0.0,0.0,0.0,0.0375,-0.0117
2016-03-16,吉视传媒,sh601929,4.24,4.17,4.21,4.21,4.2,4.21,259543,0.0,0.0,0.0,0.0166,0.0
2016-03-17,吉视传媒,sh601929,4.33,4.21,4.27,4.31,4.21,4.31,322438,0.0,0.0,0.0,0.0285,0.0093
2016-03-18,吉视传媒,sh601929,4.74,4.3,4.3,4.65,4.31,4.65,1039803,0.0,0.0,0.0,0.102,0.0813
2016-03-21,吉视传媒,sh601929,4.76,4.58,4.7,4.68,4.65,4.68,929543,0.0,0.0,0.0,0.0387,-0.0042
2016-03-22,吉视传媒,sh601929,4.9,4.56,4.64,4.7,4.68,4.7,853063,0.0,0.0,0.0,0.0726,0.0129
2016-03-23,吉视传媒,sh601929,4.72,4.59,4.67,4.68,4.7,4.68,401068,0.0,0.0,0.0,0.0276,0.0021
2016-03-24,吉视传媒,sh601929,4.88,4.62,4.72,4.71,4.68,4.71,728100,0.0,0.0,0.0,0.0555,-0.0021
2016-03-25,吉视传媒,sh601929,4.83,4.65,4.68,4.79,4.71,4.79,455748,0.0,0.0,0.0,0.0382,0.0235
