2016-03-25
2014-12-08,燕塘乳业,sz002732,16.05,16.05,16.05,16.05,14.59,16.050007,14500,3.68E-4,0.0,0.0,0.0,0.0
2014-12-09,燕塘乳业,sz002732,17.66,17.66,17.66,17.66,16.05,17.660015,27800,7.06E-4,0.0,0.0,0.0,0.0
2014-12-10,燕塘乳业,sz002732,19.43,19.43,19.43,19.43,17.66,19.430025,34900,8.87E-4,0.0,0.0,0.0,0.0
2014-12-11,燕塘乳业,sz002732,21.37,21.37,21.37,21.37,19.43,21.370035,60100,0.001527,0.0,0.0,0.0,0.0
2014-12-12,燕塘乳业,sz002732,23.51,23.51,23.51,23.51,21.37,23.51003,74900,0.001903,0.0,0.0,0.0,0.0
2014-12-15,燕塘乳业,sz002732,25.86,25.86,25.86,25.86,23.51,25.860023,130800,0.003324,0.0,0.0,0.0,0.0
2014-12-16,燕塘乳业,sz002732,28.45,28.45,28.45,28.45,25.86,28.450033,316650,0.008047,0.0,0.0,0.0,0.0
2014-12-17,燕塘乳业,sz002732,31.3,28.45,28.98,31.3,28.45,31.300045,23894955,0.607242,0.0,0.0,0.1001,0.08
2014-12-18,燕塘乳业,sz002732,29.98,28.17,29.11,28.18,31.3,28.180025,17172080,0.436393,0.0,0.0,0.0578,-0.0319
2014-12-19,燕塘乳业,sz002732,27.11,25.36,27.01,25.46,28.18,25.460032,13068277,0.332104,0.0,0.0,0.0621,-0.0573
2014-12-22,燕塘乳业,sz002732,24.6,22.91,24.59,22.91,25.46,22.910032,7554732,0.191988,0.0,0.0,0.0663,-0.0683
2014-12-23,燕塘乳业,sz002732,24.96,22.08,22.38,23.58,22.91,23.580036,8872400,0.225474,0.0,0.0,0.1257,0.0536
2014-12-24,燕塘乳业,sz002732,24.6,23.62,23.62,24.5,23.58,24.500034,6484529,0.164791,0.0,0.0,0.0415,0.0372
2014-12-25,燕塘乳业,sz002732,24.29,23.21,24.19,23.84,24.5,23.840029,5583737,0.141899,0.0,0.0,0.044,-0.0144
2014-12-26,燕塘乳业,sz002732,24.35,23.4,23.57,23.74,23.84,23.740019,3779079,0.096038,0.0,0.0,0.0398,0.0072
2014-12-29,燕塘乳业,sz002732,25.58,23.06,23.64,24.99,23.74,24.990026,7906579,0.20093,0.0,0.0,0.1061,0.0571
2014-12-30,燕塘乳业,sz002732,25.78,24.36,24.47,24.92,24.99,24.920029,7747046,0.196875,0.0,0.0,0.0568,0.0183
2014-12-31,燕塘乳业,sz002732,24.4,23.29,24.3,23.68,24.92,23.680033,5685610,0.144488,0.0,0.0,0.0445,-0.0255
2015-01-01,燕塘乳业,sz002732,23.68,23.68,23.68,23.68,23.68,23.58,0,0.0,0.0,0.0,0.0,0.0
2015-01-02,燕塘乳业,sz002732,23.68,23.68,23.68,23.68,23.68,23.58,0,0.0,0.0,0.0,0.0,0.0
2015-01-05,燕塘乳业,sz002732,23.38,22.8,23.11,23.35,23.68,23.25,37903,0.096324,0.0,0.0,0.0244,0.0103
2015-01-06,燕塘乳业,sz002732,23.87,23.05,23.05,23.73,23.35,23.63,43236,0.109878,0.0,0.0,0.0351,0.0295
2015-01-07,燕塘乳业,sz002732,23.58,23.06,23.57,23.18,23.73,23.08,32391,0.082316,0.0,0.0,0.0219,-0.0165
2015-01-08,燕塘乳业,sz002732,23.54,23.0,23.2,23.06,23.18,22.96,28047,0.071277,0.0,0.0,0.0232,-0.006
2015-01-09,燕塘乳业,sz002732,23.18,22.83,23.07,22.89,23.06,22.79,25088,0.063757,0.0,0.0,0.0151,-0.0078
2015-01-12,燕塘乳业,sz002732,22.69,21.22,22.68,21.31,22.89,21.22,39990,0.101628,0.0,0.0,0.0642,-0.0604
2015-01-13,燕塘乳业,sz002732,21.69,21.11,21.11,21.43,21.31,21.34,21236,0.053967,0.0,0.0,0.0272,0.0151
2015-01-14,燕塘乳业,sz002732,21.45,20.86,21.41,21.03,21.43,20.94,24119,0.061295,0.0,0.0,0.0275,-0.0177
2015-01-15,燕塘乳业,sz002732,21.58,21.19,21.2,21.32,21.03,21.23,19974,0.05076,0.0,0.0,0.0185,0.0056
2015-01-16,燕塘乳业,sz002732,22.97,21.1,21.13,22.48,21.32,22.38,45482,0.115584,0.0,0.0,0.0877,0.0638
2015-01-19,燕塘乳业,sz002732,22.96,21.66,21.81,21.99,22.48,21.9,49517,0.125838,0.0,0.0,0.0578,0.0082
2015-01-20,燕塘乳业,sz002732,24.19,21.83,21.9,24.19,21.99,24.09,78168,0.198649,0.0,0.0,0.1073,0.1045
2015-01-21,燕塘乳业,sz002732,26.61,24.95,25.81,25.84,24.19,25.73,153117,0.389116,0.0,0.0,0.0686,0.0011
2015-01-22,燕塘乳业,sz002732,25.66,24.45,24.79,25.26,25.84,25.15,77757,0.197604,0.0,0.0,0.0468,0.0189
2015-01-23,燕塘乳业,sz002732,25.26,24.3,25.01,24.3,25.26,24.2,55828,0.141876,0.0,0.0,0.038,-0.0283
2015-01-26,燕塘乳业,sz002732,24.7,24.28,24.31,24.54,24.3,24.43,29766,0.075646,0.0,0.0,0.0172,0.0094
2015-01-27,燕塘乳业,sz002732,24.68,23.87,24.48,24.31,24.54,24.21,33401,0.084884,0.0,0.0,0.033,-0.0069
2015-01-28,燕塘乳业,sz002732,24.97,24.0,24.0,24.48,24.31,24.37,35935,0.091323,0.0,0.0,0.0399,0.02
2015-01-29,燕塘乳业,sz002732,24.38,23.68,24.01,23.68,24.48,23.58,30036,0.076333,0.0,0.0,0.0285,-0.0137
2015-01-30,燕塘乳业,sz002732,24.48,23.51,23.86,23.9,23.68,23.8,31848,0.080938,0.0,0.0,0.0409,0.0016
2015-02-02,燕塘乳业,sz002732,24.99,24.05,24.22,24.99,23.9,24.88,58860,0.149581,0.0,0.0,0.0393,0.0317
2015-02-03,燕塘乳业,sz002732,25.05,24.33,24.9,24.78,24.99,24.67,43171,0.109711,0.0,0.0,0.0288,-0.0048
2015-02-04,燕塘乳业,sz002732,24.85,23.88,24.7,23.9,24.78,23.8,38494,0.097826,0.0,0.0,0.0391,-0.0323
2015-02-05,燕塘乳业,sz002732,24.3,23.72,24.15,24.3,23.9,24.2,30923,0.078585,0.0,0.0,0.0242,0.0062
2015-02-06,燕塘乳业,sz002732,24.25,22.8,24.25,22.9,24.3,22.8,31533,0.080136,0.0,0.0,0.0596,-0.0556
2015-02-09,燕塘乳业,sz002732,22.9,21.96,22.71,22.02,22.9,21.93,22846,0.05806,0.0,0.0,0.041,-0.0303
2015-02-10,燕塘乳业,sz002732,22.39,22.09,22.09,22.27,22.02,22.17,13640,0.034664,0.0,0.0,0.0136,0.0081
2015-02-11,燕塘乳业,sz002732,22.62,22.27,22.27,22.52,22.27,22.42,13493,0.034291,0.0,0.0,0.0157,0.0112
2015-02-12,燕塘乳业,sz002732,22.89,22.43,22.6,22.84,22.52,22.74,15309,0.038905,0.0,0.0,0.0204,0.0106
2015-02-13,燕塘乳业,sz002732,23.27,22.91,22.91,23.1,22.84,23.0,21437,0.05448,0.0,0.0,0.0157,0.0082
2015-02-16,燕塘乳业,sz002732,23.28,22.9,23.1,23.19,23.1,23.09,16856,0.042837,0.0,0.0,0.0164,0.0038
2015-02-17,燕塘乳业,sz002732,23.4,23.06,23.29,23.08,23.19,22.98,14283,0.0363,0.0,0.0,0.0146,-0.009
2015-02-18,燕塘乳业,sz002732,23.08,23.08,23.08,23.08,23.08,22.98,0,0.0,0.0,0.0,0.0,0.0
2015-02-19,燕塘乳业,sz002732,23.08,23.08,23.08,23.08,23.08,22.98,0,0.0,0.0,0.0,0.0,0.0
2015-02-20,燕塘乳业,sz002732,23.08,23.08,23.08,23.08,23.08,22.98,0,0.0,0.0,0.0,0.0,0.0
2015-02-23,燕塘乳业,sz002732,23.08,23.08,23.08,23.08,23.08,22.98,0,0.0,0.0,0.0,0.0,0.0
2015-02-24,燕塘乳业,sz002732,23.08,23.08,23.08,23.08,23.08,22.98,0,0.0,0.0,0.0,0.0,0.0
2015-02-25,燕塘乳业,sz002732,23.14,22.6,23.07,22.64,23.08,22.54,16128,0.040986,0.0,0.0,0.0233,-0.0186
2015-02-26,燕塘乳业,sz002732,22.96,22.6,22.64,22.91,22.64,22.81,11937,0.030336,0.0,0.0,0.0159,0.0119
2015-02-27,燕塘乳业,sz002732,23.17,22.85,22.91,23.07,22.91,22.97,14107,0.035852,0.0,0.0,0.0139,0.0069
2015-03-02,燕塘乳业,sz002732,23.65,22.94,23.1,23.64,23.07,23.54,28956,0.073587,0.0,0.0,0.0307,0.0233
2015-03-03,燕塘乳业,sz002732,23.96,23.23,23.5,23.89,23.64,23.79,39389,0.100101,0.0,0.0,0.0308,0.0165
2015-03-04,燕塘乳业,sz002732,25.2,24.1,24.11,24.74,23.89,24.63,87435,0.2222,0.0,0.0,0.046,0.0261
2015-03-05,燕塘乳业,sz002732,24.52,23.93,24.5,24.23,24.74,24.13,39065,0.099277,0.0,0.0,0.0238,-0.011
2015-03-06,燕塘乳业,sz002732,24.45,23.57,24.24,23.6,24.23,23.5,28186,0.071629,0.0,0.0,0.0363,-0.0264
2015-03-09,燕塘乳业,sz002732,23.66,23.14,23.48,23.66,23.6,23.56,16542,0.04204,0.0,0.0,0.022,0.0076
2015-03-10,燕塘乳业,sz002732,23.97,23.4,23.58,23.83,23.66,23.73,16302,0.04143,0.0,0.0,0.024,0.0106
2015-03-11,燕塘乳业,sz002732,23.94,23.29,23.93,23.3,23.83,23.2,21405,0.054397,0.0,0.0,0.0272,-0.0263
2015-03-12,燕塘乳业,sz002732,23.5,22.92,23.35,23.07,23.3,22.97,23367,0.059383,0.0,0.0,0.0248,-0.0119
2015-03-13,燕塘乳业,sz002732,23.46,23.07,23.08,23.46,23.07,23.36,15114,0.03841,0.0,0.0,0.0169,0.0164
2015-03-16,燕塘乳业,sz002732,24.25,23.6,23.64,24.18,23.46,24.08,33599,0.085387,0.0,0.0,0.0277,0.0228
2015-03-17,燕塘乳业,sz002732,24.44,24.0,24.39,24.3,24.18,24.2,36098,0.091737,0.0,0.0,0.0181,-0.0036
2015-03-18,燕塘乳业,sz002732,24.96,24.22,24.38,24.91,24.3,24.8,49527,0.125865,0.0,0.0,0.0304,0.0217
2015-03-19,燕塘乳业,sz002732,25.66,24.68,25.02,25.64,24.91,25.53,75296,0.19135,0.0,0.0,0.0393,0.0247
2015-03-20,燕塘乳业,sz002732,25.63,25.07,25.63,25.5,25.64,25.39,55662,0.141456,0.0,0.0,0.0218,-0.005
2015-03-23,燕塘乳业,sz002732,25.82,25.23,25.51,25.78,25.5,25.67,55177,0.140221,0.0,0.0,0.0231,0.0105
2015-03-24,燕塘乳业,sz002732,25.76,24.51,25.76,25.12,25.78,25.01,52338,0.133008,0.0,0.0,0.0484,-0.0248
2015-03-25,燕塘乳业,sz002732,26.4,24.82,25.08,26.0,25.12,25.89,75720,0.192428,0.0,0.0,0.0628,0.0366
2015-03-26,燕塘乳业,sz002732,26.0,25.07,25.76,25.38,26.0,25.27,45258,0.115015,0.0,0.0,0.0357,-0.0147
2015-03-27,燕塘乳业,sz002732,25.99,25.21,25.21,25.87,25.38,25.76,38230,0.097155,0.0,0.0,0.0307,0.0261
2015-03-30,燕塘乳业,sz002732,26.54,25.7,26.08,26.38,25.87,26.27,58273,0.14809,0.0,0.0,0.0324,0.0115
2015-03-31,燕塘乳业,sz002732,26.5,25.9,26.15,26.19,26.38,26.08,46361,0.117818,0.0,0.0,0.0227,0.0015
2015-04-01,燕塘乳业,sz002732,26.8,26.06,26.29,26.61,26.19,26.5,48261,0.122646,0.0,0.0,0.0282,0.0121
2015-04-02,燕塘乳业,sz002732,27.5,26.51,26.76,27.23,26.61,27.11,65888,0.167441,0.0,0.0,0.0372,0.0175
2015-04-03,燕塘乳业,sz002732,27.85,26.78,27.09,27.79,27.23,27.67,62944,0.159962,0.0,0.0,0.0392,0.0258
2015-04-06,燕塘乳业,sz002732,27.79,27.79,27.79,27.79,27.79,27.67,0,0.0,0.0,0.0,0.0,0.0
2015-04-07,燕塘乳业,sz002732,27.96,27.42,27.79,27.88,27.79,27.76,55030,0.13985,0.0,0.0,0.0194,0.0032
2015-04-08,燕塘乳业,sz002732,27.92,26.6,27.88,27.07,27.88,26.95,53193,0.135181,0.0,0.0,0.0473,-0.029
2015-04-09,燕塘乳业,sz002732,27.17,25.8,27.05,26.77,27.07,26.65,35428,0.090034,0.0,0.0,0.0506,-0.0103
2015-04-10,燕塘乳业,sz002732,28.33,26.3,26.5,28.32,26.77,28.2,70581,0.179369,0.0,0.0,0.0758,0.0686
2015-04-13,燕塘乳业,sz002732,29.5,28.01,28.62,29.31,28.32,29.18,84687,0.215217,0.0,0.0,0.0526,0.0241
2015-04-14,燕塘乳业,sz002732,29.3,28.4,29.2,28.9,29.31,28.78,49952,0.126944,0.0,0.0,0.0307,-0.0102
2015-04-15,燕塘乳业,sz002732,28.88,27.0,28.49,27.23,28.9,27.11,42483,0.107963,0.0,0.0,0.065,-0.0442
2015-04-16,燕塘乳业,sz002732,27.3,26.0,26.2,26.9,27.23,26.78,41618,0.105765,53.538303,5.871656,0.0477,0.0267
2015-04-17,燕塘乳业,sz002732,27.45,26.86,27.1,27.14,26.9,27.02,41593,0.105701,54.015972,5.924043,0.0219,0.0014
2015-04-20,燕塘乳业,sz002732,27.28,26.2,27.2,26.2,27.14,26.09,39539,0.100481,52.14513,5.718864,0.0397,-0.0367
2015-04-21,燕塘乳业,sz002732,26.9,26.08,26.18,26.87,26.2,26.75,34358,0.087314,53.478638,5.865112,0.0312,0.0263
2015-04-22,燕塘乳业,sz002732,27.63,26.91,26.99,27.6,26.87,27.48,42549,0.108132,54.931545,6.024456,0.0267,0.0226
2015-04-23,燕塘乳业,sz002732,27.68,27.08,27.65,27.27,27.6,27.15,42402,0.107758,54.27473,5.952421,0.0217,-0.0137
2015-04-24,燕塘乳业,sz002732,26.93,26.38,26.71,26.85,27.27,26.73,35327,0.089778,53.43879,5.860742,0.0201,0.0052
2015-04-27,燕塘乳业,sz002732,27.77,26.86,26.88,27.63,26.85,27.51,52253,0.13279,54.991184,6.030997,0.0338,0.0279
2015-04-28,燕塘乳业,sz002732,27.64,26.28,27.58,26.38,27.63,26.27,38625,0.098159,52.50333,5.758148,0.0492,-0.0435
2015-04-29,燕塘乳业,sz002732,26.92,26.13,26.13,26.88,26.38,26.76,21853,0.055535,53.498478,5.867288,0.0299,0.0287
2015-04-30,燕塘乳业,sz002732,27.18,26.68,26.8,26.89,26.88,26.77,24089,0.06122,53.51838,5.869471,0.0186,0.0033
2015-05-01,燕塘乳业,sz002732,26.89,26.89,26.89,26.89,26.89,26.77,0,0.0,0.0,0.0,0.0,0.0
2015-05-04,燕塘乳业,sz002732,27.82,26.71,26.93,27.73,26.89,27.61,53175,0.135135,55.190186,6.052821,0.0412,0.0297
2015-05-05,燕塘乳业,sz002732,27.9,26.62,27.6,26.68,27.73,26.57,36960,0.093928,53.10041,5.823631,0.0461,-0.0333
2015-05-06,燕塘乳业,sz002732,27.15,26.08,26.85,26.13,26.68,26.02,26947,0.06848,52.005745,5.703577,0.0401,-0.0268
2015-05-07,燕塘乳业,sz002732,26.68,25.55,26.12,25.59,26.13,25.48,21234,0.053962,50.930996,5.585707,0.0432,-0.0202
2015-05-08,燕塘乳业,sz002732,26.5,25.76,25.76,26.48,25.59,26.37,22478,0.057123,52.702324,5.779972,0.0289,0.0279
2015-05-11,燕塘乳业,sz002732,27.56,26.6,26.6,27.5,26.48,27.38,42205,0.107257,54.732418,6.002617,0.0362,0.0338
2015-05-12,燕塘乳业,sz002732,29.18,27.3,27.65,28.75,27.5,28.63,96722,0.2458,57.22028,6.275466,0.0683,0.0397
2015-05-13,燕塘乳业,sz002732,29.45,27.91,28.64,28.95,28.75,28.83,78834,0.200341,57.618362,6.319124,0.0535,0.0108
2015-05-14,燕塘乳业,sz002732,30.95,28.75,28.9,30.38,28.95,30.25,77453,0.196831,60.464478,6.631264,0.0759,0.0512
2015-05-15,燕塘乳业,sz002732,30.88,28.51,30.1,30.04,30.38,29.91,80439,0.204421,59.787758,6.557047,0.078,-0.0019
2015-05-18,燕塘乳业,sz002732,33.0,29.51,29.71,32.5,30.04,32.36,93545,0.237727,64.68384,7.09401,0.1161,0.0939
2015-05-19,燕塘乳业,sz002732,33.38,31.03,32.85,32.09,32.5,31.95,83978,0.213414,63.86785,7.004519,0.0723,-0.0231
2015-05-20,燕塘乳业,sz002732,34.08,31.5,31.98,31.68,32.09,31.54,72724,0.184816,63.05181,6.915022,0.0803,-0.0093
2015-05-21,燕塘乳业,sz002732,32.75,31.42,31.8,32.68,31.68,32.54,56046,0.142425,65.04208,7.133299,0.0419,0.0276
2015-05-22,燕塘乳业,sz002732,35.0,32.26,33.0,34.32,32.68,34.17,78471,0.199491,68.30613,7.491274,0.0838,0.04
2015-05-25,燕塘乳业,sz002732,36.53,33.08,33.58,35.99,34.32,35.84,75619,0.192198,71.62988,7.855797,0.1005,0.0717
2015-05-26,燕塘乳业,sz002732,38.95,35.61,36.4,38.43,35.99,38.26,69124,0.17569,76.486145,8.388393,0.0928,0.0557
2015-05-27,燕塘乳业,sz002732,42.27,37.0,38.31,42.27,38.43,42.09,72413,0.184059,84.12879,9.226578,0.1371,0.1033
2015-05-28,燕塘乳业,sz002732,46.5,43.09,43.8,46.5,42.27,46.3,83980,0.213392,92.54764,10.14989,0.0806,0.0616
2015-05-29,燕塘乳业,sz002732,49.5,41.67,49.5,44.04,46.5,44.04,184648,0.469238,88.0302,9.654453,0.1683,-0.1103
2015-06-01,燕塘乳业,sz002732,43.29,40.11,42.26,42.44,44.04,42.44,137562,0.349589,84.83201,9.303701,0.0722,0.0042
2015-06-02,燕塘乳业,sz002732,42.4,40.2,42.19,41.71,42.44,41.71,94369,0.239862,83.37283,9.14367,0.0518,-0.0113
2015-06-03,燕塘乳业,sz002732,43.25,41.1,41.3,41.8,41.71,41.8,77981,0.198152,83.55273,9.1634,0.0515,0.0121
2015-06-04,燕塘乳业,sz002732,41.8,37.62,41.8,39.5,41.8,39.5,82950,0.210845,78.95533,8.659194,0.1,-0.055
2015-06-05,燕塘乳业,sz002732,39.99,38.0,39.5,38.95,39.5,38.95,61219,0.155543,77.85595,8.538623,0.0503,-0.0139
2015-06-08,燕塘乳业,sz002732,39.28,37.14,38.96,37.54,38.95,37.54,48740,0.123879,75.037544,8.229522,0.0549,-0.0364
2015-06-09,燕塘乳业,sz002732,38.78,37.2,37.29,38.45,37.54,38.45,51255,0.130255,76.85652,8.429013,0.042,0.0311
2015-06-10,燕塘乳业,sz002732,39.9,37.8,38.4,39.47,38.45,39.47,60705,0.154284,78.89536,8.652617,0.0546,0.0278
2015-06-11,燕塘乳业,sz002732,41.86,38.86,39.3,41.81,39.47,41.81,97645,0.248179,83.572716,9.165592,0.076,0.0638
2015-06-12,燕塘乳业,sz002732,41.99,40.6,41.95,41.1,41.81,41.1,75451,0.191777,82.15352,9.009946,0.0332,-0.0202
2015-06-15,燕塘乳业,sz002732,41.17,39.18,40.79,39.52,41.1,39.52,68115,0.173113,78.99531,8.663578,0.0484,-0.0311
2015-06-16,燕塘乳业,sz002732,38.69,36.0,38.61,36.46,39.52,36.46,46974,0.11935,72.87877,7.992765,0.068,-0.0556
2015-06-17,燕塘乳业,sz002732,37.99,36.1,36.16,37.99,36.46,37.99,39735,0.100972,75.937035,8.328171,0.0518,0.0506
2015-06-18,燕塘乳业,sz002732,38.05,36.63,37.99,36.63,37.99,36.63,30466,0.077444,73.218575,8.030032,0.0373,-0.0357
2015-06-19,燕塘乳业,sz002732,36.0,32.97,36.0,32.97,36.63,32.97,32545,0.08273,65.90272,7.227686,0.0827,-0.0841
2015-06-22,燕塘乳业,sz002732,32.97,32.97,32.97,32.97,32.97,32.97,0,0.0,0.0,0.0,0.0,0.0
2015-06-23,燕塘乳业,sz002732,33.77,30.5,32.76,33.71,32.97,33.71,29771,0.075685,67.38188,7.389909,0.0991,0.0289
2015-06-24,燕塘乳业,sz002732,35.6,33.9,33.9,35.07,33.71,35.07,43633,0.110885,70.10034,7.688049,0.0504,0.0345
2015-06-25,燕塘乳业,sz002732,35.9,32.3,34.8,33.79,35.07,33.79,40161,0.102033,67.54179,7.407447,0.1026,-0.029
2015-06-26,燕塘乳业,sz002732,34.73,30.63,32.77,32.0,33.79,32.0,62645,0.159225,63.963814,7.015043,0.1213,-0.0234
2015-06-29,燕塘乳业,sz002732,34.5,29.5,33.5,32.4,32.0,32.4,62144,0.157919,64.76336,7.102731,0.1562,-0.0328
2015-06-30,燕塘乳业,sz002732,34.0,29.16,31.21,33.45,32.4,33.45,66707,0.169555,66.862175,7.332912,0.1493,0.0717
2015-07-01,燕塘乳业,sz002732,35.98,32.6,32.89,33.19,33.45,33.19,86204,0.219074,66.34247,7.275915,0.101,0.0091
2015-07-02,燕塘乳业,sz002732,33.1,29.87,31.6,29.87,33.19,29.87,47063,0.11964,59.706223,6.548104,0.0973,-0.0547
2015-07-03,燕塘乳业,sz002732,29.8,26.88,28.0,26.88,29.87,26.88,40297,0.10238,53.729603,5.892636,0.0977,-0.04
2015-07-06,燕塘乳业,sz002732,29.51,24.19,29.51,24.19,26.88,24.19,50981,0.129541,48.352646,5.302934,0.1979,-0.1802
2015-07-07,燕塘乳业,sz002732,22.7,21.77,22.4,21.77,24.19,21.77,17544,0.044566,43.51538,4.772421,0.0384,-0.0281
2015-07-08,燕塘乳业,sz002732,21.69,19.59,19.59,20.9,21.77,20.9,78442,0.199445,41.776363,4.5817,0.0964,0.0668
2015-07-09,燕塘乳业,sz002732,22.99,19.3,19.3,22.99,20.9,22.99,35589,0.090408,45.954002,5.03987,0.1765,0.1911
2015-07-10,燕塘乳业,sz002732,25.29,23.11,24.33,25.29,22.99,25.29,22758,0.057844,50.5514,5.544076,0.0948,0.0394
2015-07-13,燕塘乳业,sz002732,27.82,26.05,26.9,27.82,25.29,27.82,46283,0.117588,55.60854,6.098703,0.0699,0.0342
2015-07-14,燕塘乳业,sz002732,29.96,26.82,27.72,27.85,27.82,27.85,63891,0.162351,55.668507,6.10528,0.1128,0.0046
2015-07-15,燕塘乳业,sz002732,27.1,25.07,26.99,25.07,27.85,25.07,34594,0.087869,50.11165,5.495848,0.0728,-0.0711
2015-07-16,燕塘乳业,sz002732,26.85,23.23,25.07,25.85,25.07,25.85,33084,0.084093,51.67077,5.666839,0.1443,0.0311
2015-07-17,燕塘乳业,sz002732,27.91,25.94,25.94,27.49,25.85,27.49,30937,0.078601,54.948914,6.02636,0.0762,0.0597
2015-07-20,燕塘乳业,sz002732,28.45,26.92,27.7,27.3,27.49,27.3,30104,0.076521,54.569126,5.984708,0.0556,-0.0144
2015-07-21,燕塘乳业,sz002732,27.87,26.55,27.14,27.7,27.3,27.7,24602,0.062521,55.368675,6.072397,0.0483,0.0206
2015-07-22,燕塘乳业,sz002732,28.9,27.6,28.5,28.45,27.7,28.45,31857,0.080922,56.86783,6.236812,0.0469,-0.0017
2015-07-23,燕塘乳业,sz002732,30.38,28.0,28.59,30.17,28.45,30.17,42539,0.108121,60.30588,6.61387,0.0836,0.0552
2015-07-24,燕塘乳业,sz002732,30.6,28.18,29.81,29.0,30.17,29.0,45046,0.11449,57.967205,6.357383,0.0802,-0.0271
2015-07-27,燕塘乳业,sz002732,29.64,26.1,28.02,26.1,29.0,26.1,35691,0.090704,52.170483,5.721644,0.122,-0.0685
2015-07-28,燕塘乳业,sz002732,27.98,23.77,25.0,26.74,26.1,26.74,36516,0.092817,53.44976,5.861945,0.1613,0.0695
2015-07-29,燕塘乳业,sz002732,29.41,26.3,27.02,29.41,26.74,29.41,31542,0.080177,58.78674,6.447263,0.1163,0.0884
2015-07-30,燕塘乳业,sz002732,30.35,28.35,29.0,28.39,29.41,28.39,48540,0.123371,56.747894,6.223658,0.068,-0.021
2015-07-31,燕塘乳业,sz002732,29.8,27.0,27.51,28.31,28.39,28.31,34450,0.087548,56.587986,6.206121,0.0986,0.029
2015-08-03,燕塘乳业,sz002732,31.07,28.33,28.33,30.96,28.31,30.96,65106,0.165491,61.884987,6.787054,0.0967,0.0928
2015-08-04,燕塘乳业,sz002732,33.79,29.29,31.2,32.84,30.96,32.84,79493,0.202055,65.64286,7.199188,0.1453,0.0525
2015-08-05,燕塘乳业,sz002732,33.93,31.04,32.0,31.8,32.84,31.8,63649,0.161794,63.564037,6.971199,0.088,-0.0062
2015-08-06,燕塘乳业,sz002732,31.31,30.0,30.6,30.13,31.8,30.13,29349,0.07456,60.225925,6.605101,0.0411,-0.0153
2015-08-07,燕塘乳业,sz002732,31.6,30.35,30.65,30.9,30.13,30.9,29755,0.075611,61.765057,6.773901,0.0414,0.0081
2015-08-10,燕塘乳业,sz002732,32.4,30.7,31.0,32.05,30.9,32.05,36406,0.092531,64.06376,7.026004,0.055,0.0338
2015-08-11,燕塘乳业,sz002732,33.01,31.78,31.9,32.45,32.05,32.45,38463,0.097739,64.863304,7.113692,0.0383,0.0172
2015-08-12,燕塘乳业,sz002732,32.94,30.35,32.4,30.45,32.45,30.45,34729,0.088272,60.865566,6.675252,0.0798,-0.0601
2015-08-13,燕塘乳业,sz002732,31.28,29.62,30.9,31.28,30.45,31.28,22329,0.056739,62.524628,6.857204,0.0545,0.0122
2015-08-14,燕塘乳业,sz002732,31.8,30.6,31.6,30.68,31.28,30.68,23238,0.059067,61.325306,6.725672,0.0383,-0.0291
2015-08-17,燕塘乳业,sz002732,30.95,29.7,30.68,30.49,30.68,30.49,18495,0.046993,60.94552,6.684021,0.0407,-0.0061
2015-08-18,燕塘乳业,sz002732,31.33,27.44,30.8,27.48,30.49,27.48,26163,0.066509,54.928925,6.024168,0.1275,-0.1077
2015-08-19,燕塘乳业,sz002732,30.23,25.68,26.8,30.23,27.48,30.23,32148,0.081667,60.425816,6.627023,0.1655,0.1279
2015-08-20,燕塘乳业,sz002732,30.29,28.6,30.0,28.62,30.23,28.62,20573,0.052291,57.207634,6.274079,0.0559,-0.0459
2015-08-21,燕塘乳业,sz002732,28.59,26.6,27.7,26.64,28.62,26.64,15993,0.040654,53.249874,5.840023,0.0695,-0.0382
2015-08-24,燕塘乳业,sz002732,25.82,23.98,25.81,23.98,26.64,23.98,18310,0.046512,47.93288,5.256898,0.069,-0.0709
2015-08-25,燕塘乳业,sz002732,23.5,21.58,22.3,21.58,23.98,21.58,21620,0.054954,43.135597,4.73077,0.08,-0.0322
2015-08-26,燕塘乳业,sz002732,23.65,19.42,22.02,21.58,21.58,21.58,29196,0.074211,43.135597,4.73077,0.196,-0.0199
2015-08-27,燕塘乳业,sz002732,22.99,21.5,22.6,22.99,21.58,22.99,19714,0.05008,45.954002,5.03987,0.069,0.0172
2015-08-28,燕塘乳业,sz002732,24.35,22.99,23.29,24.26,22.99,24.26,23764,0.060368,48.492565,5.318279,0.0591,0.0416
2015-08-31,燕塘乳业,sz002732,24.3,22.5,24.26,22.5,24.26,22.5,14879,0.037828,44.974556,4.932452,0.0741,-0.0725
2015-09-01,燕塘乳业,sz002732,22.43,20.95,22.43,21.09,22.5,21.09,15573,0.03957,42.15615,4.623352,0.0657,-0.0597
2015-09-02,燕塘乳业,sz002732,21.98,20.0,20.18,20.5,21.09,20.5,11756,0.029863,40.976818,4.494012,0.0938,0.0158
2015-09-03,燕塘乳业,sz002732,20.5,20.5,20.5,20.5,20.5,20.5,0,0.0,0.0,0.0,0.0,0.0
2015-09-04,燕塘乳业,sz002732,20.5,20.5,20.5,20.5,20.5,20.5,0,0.0,0.0,0.0,0.0,0.0
2015-09-07,燕塘乳业,sz002732,21.8,20.8,21.05,21.05,20.5,21.05,8857,0.022517,42.076195,4.614583,0.0487,0.0
2015-09-08,燕塘乳业,sz002732,22.87,21.0,21.05,22.8,21.05,22.8,13600,0.034569,45.574215,4.998218,0.0888,0.0831
2015-09-09,燕塘乳业,sz002732,23.85,22.61,22.92,23.49,22.8,23.49,21071,0.053567,46.953438,5.14948,0.0543,0.0248
2015-09-10,燕塘乳业,sz002732,25.0,22.9,23.3,24.5,23.49,24.5,35910,0.091265,48.972294,5.370892,0.0893,0.0515
2015-09-11,燕塘乳业,sz002732,24.78,23.51,24.18,24.55,24.5,24.55,24011,0.061022,49.072235,5.381853,0.0518,0.0153
2015-09-14,燕塘乳业,sz002732,24.42,22.1,24.42,22.1,24.55,22.1,20111,0.051087,44.175007,4.844764,0.0945,-0.095
2015-09-15,燕塘乳业,sz002732,23.53,21.0,21.98,22.41,22.1,22.41,26480,0.067281,44.79466,4.912722,0.1144,0.0195
2015-09-16,燕塘乳业,sz002732,24.65,22.48,22.51,24.59,22.41,24.59,24917,0.063296,49.15219,5.390622,0.0968,0.0924
2015-09-17,燕塘乳业,sz002732,25.49,23.74,24.18,24.26,24.59,24.26,49629,0.126073,48.492565,5.318279,0.0711,0.0033
2015-09-18,燕塘乳业,sz002732,24.65,23.11,24.27,23.64,24.26,23.64,22344,0.056797,47.253265,5.182363,0.0634,-0.0259
2015-09-21,燕塘乳业,sz002732,24.51,23.28,23.33,24.51,23.64,24.51,21532,0.054746,48.992283,5.373084,0.052,0.0505
2015-09-22,燕塘乳业,sz002732,24.85,24.15,24.5,24.3,24.51,24.3,18311,0.046544,48.57252,5.327048,0.0285,-0.0081
2015-09-23,燕塘乳业,sz002732,24.15,23.71,24.0,23.8,24.3,23.8,11272,0.028631,47.573086,5.217438,0.0181,-0.0083
2015-09-24,燕塘乳业,sz002732,25.69,23.88,24.19,25.62,23.8,25.62,31274,0.079488,51.211025,5.616419,0.076,0.0591
2015-09-25,燕塘乳业,sz002732,25.46,23.58,25.14,23.88,25.62,23.88,26266,0.066727,47.732994,5.234976,0.0733,-0.0501
2015-09-28,燕塘乳业,sz002732,23.88,23.88,23.88,23.88,23.88,23.88,0,0.029383,48.672462,5.338009,0.0,0.0
2015-09-29,燕塘乳业,sz002732,24.36,23.6,24.0,23.85,23.88,23.85,10173,0.025866,47.67303,5.228399,0.0318,-0.0062
2015-09-30,燕塘乳业,sz002732,24.57,23.8,24.5,24.01,23.85,24.01,12004,0.030499,47.992847,5.263474,0.0322,-0.0199
2015-10-01,燕塘乳业,sz002732,24.01,24.01,24.01,24.01,24.01,24.01,0,0.0,0.0,0.0,0.0,0.0
2015-10-02,燕塘乳业,sz002732,24.01,24.01,24.01,24.01,24.01,24.01,0,0.0,0.0,0.0,0.0,0.0
2015-10-05,燕塘乳业,sz002732,24.01,24.01,24.01,24.01,24.01,24.01,0,0.0,0.0,0.0,0.0,0.0
2015-10-06,燕塘乳业,sz002732,24.01,24.01,24.01,24.01,24.01,24.01,0,0.0,0.0,0.0,0.0,0.0
2015-10-07,燕塘乳业,sz002732,24.01,24.01,24.01,24.01,24.01,24.01,0,0.0,0.0,0.0,0.0,0.0
2015-10-08,燕塘乳业,sz002732,25.45,24.58,25.0,24.95,24.01,24.95,19589,0.04977,49.871784,5.469541,0.0362,-0.002
2015-10-09,燕塘乳业,sz002732,25.35,24.73,24.73,25.25,24.95,25.25,20820,0.052888,50.471447,5.535307,0.0248,0.021
2015-10-12,燕塘乳业,sz002732,26.67,25.3,25.38,26.45,25.25,26.45,30959,0.078661,52.870087,5.798371,0.0542,0.0421
2015-10-13,燕塘乳业,sz002732,27.15,26.1,26.1,27.0,26.45,27.0,22991,0.058452,53.969467,5.918942,0.0396,0.0344
2015-10-14,燕塘乳业,sz002732,27.54,26.23,27.51,26.4,27.0,26.4,21564,0.054792,52.770145,5.78741,0.0485,-0.0403
2015-10-15,燕塘乳业,sz002732,27.09,26.32,26.49,27.07,26.4,27.07,16585,0.042155,54.109386,5.934288,0.0291,0.0218
2015-10-16,燕塘乳业,sz002732,27.49,26.62,27.2,27.29,27.07,27.29,19315,0.049079,54.549137,5.982516,0.0321,0.0033
2015-10-19,燕塘乳业,sz002732,27.44,26.5,27.29,26.81,27.29,26.81,15631,0.039722,53.58968,5.877291,0.0344,-0.0175
2015-10-20,燕塘乳业,sz002732,27.35,26.54,26.81,27.33,26.81,27.33,23501,0.059747,54.629093,5.991285,0.0302,0.0193
2015-10-21,燕塘乳业,sz002732,30.06,27.61,27.7,29.15,27.33,29.15,88905,0.225944,58.267036,6.390266,0.0896,0.0523
2015-10-22,燕塘乳业,sz002732,32.07,28.02,28.48,32.07,29.15,32.07,109860,0.279177,64.10373,7.030388,0.1389,0.126
2015-10-23,燕塘乳业,sz002732,34.55,32.07,33.58,32.23,32.07,32.23,105455,0.268045,64.42355,7.065464,0.0773,-0.0402
2015-10-26,燕塘乳业,sz002732,32.23,30.98,32.22,31.38,32.23,31.38,51999,0.132124,62.724514,6.879126,0.0387,-0.026
2015-10-27,燕塘乳业,sz002732,32.4,30.8,31.0,31.92,31.38,31.92,46032,0.116986,63.8039,6.997505,0.0509,0.0296
2015-10-28,燕塘乳业,sz002732,31.49,30.0,31.49,30.08,31.92,30.08,37234,0.094594,60.125984,6.59414,0.0466,-0.0447
2015-10-29,燕塘乳业,sz002732,31.18,30.02,30.11,30.84,30.08,30.84,25105,0.063776,61.645123,6.760748,0.0385,0.0242
2015-10-30,燕塘乳业,sz002732,33.92,31.6,32.47,33.92,30.84,33.92,78977,0.200667,67.80164,7.435946,0.0752,0.0446
2015-11-02,燕塘乳业,sz002732,35.6,31.05,32.0,32.98,33.92,32.98,99198,0.252045,65.92271,7.229879,0.1341,0.0306
2015-11-03,燕塘乳业,sz002732,33.0,31.22,32.02,32.19,32.98,32.19,48488,0.0,0.0,0.0,0.0539,0.0053
2015-11-04,燕塘乳业,sz002732,33.89,32.02,32.02,33.54,32.19,33.54,52170,0.0,0.0,0.0,0.058,0.0474
2015-11-05,燕塘乳业,sz002732,33.73,32.24,33.1,32.62,33.54,32.62,49597,0.0,0.0,0.0,0.0444,-0.0145
2015-11-06,燕塘乳业,sz002732,34.88,32.66,32.66,34.48,32.62,34.48,53529,0.0,0.0,0.0,0.068,0.0557
2015-11-09,燕塘乳业,sz002732,37.45,34.12,34.13,35.86,34.48,35.86,62568,0.0,0.0,0.0,0.0965,0.0506
2015-11-10,燕塘乳业,sz002732,37.0,35.0,35.87,35.64,35.86,35.64,49434,0.0,0.0,0.0,0.0557,-0.0064
2015-11-11,燕塘乳业,sz002732,37.63,35.24,35.57,37.4,35.64,37.4,51219,0.0,0.0,0.0,0.067,0.0514
2015-11-12,燕塘乳业,sz002732,39.5,36.88,37.99,38.9,37.4,38.9,60576,0.0,0.0,0.0,0.07,0.0239
2015-11-13,燕塘乳业,sz002732,38.49,35.1,37.5,35.3,38.9,35.3,56889,0.0,0.0,0.0,0.0871,-0.0586
2015-11-16,燕塘乳业,sz002732,36.19,33.8,34.01,35.7,35.3,35.7,30585,0.0,0.0,0.0,0.0677,0.0496
2015-11-17,燕塘乳业,sz002732,36.48,34.42,36.39,34.57,35.7,34.57,43408,0.0,0.0,0.0,0.0577,-0.05
2015-11-18,燕塘乳业,sz002732,34.85,33.07,34.68,33.12,34.57,33.12,35323,0.0,0.0,0.0,0.0514,-0.0449
2015-11-19,燕塘乳业,sz002732,34.48,33.2,33.2,34.47,33.12,34.47,24711,0.0,0.0,0.0,0.0386,0.0382
2015-11-20,燕塘乳业,sz002732,35.31,33.63,34.48,35.3,34.47,35.3,48220,0.0,0.0,0.0,0.0487,0.0237
2015-11-23,燕塘乳业,sz002732,35.99,34.75,35.35,35.98,35.3,35.98,48321,0.0,0.0,0.0,0.0351,0.0178
2015-11-24,燕塘乳业,sz002732,38.46,35.7,35.88,38.09,35.98,38.09,60158,0.0,0.0,0.0,0.0767,0.0615
2015-11-25,燕塘乳业,sz002732,37.97,37.1,37.39,37.59,38.09,37.59,46238,0.0,0.0,0.0,0.0228,0.0053
2015-11-26,燕塘乳业,sz002732,38.55,36.61,37.6,36.93,37.59,36.93,42606,0.0,0.0,0.0,0.0516,-0.0178
2015-11-27,燕塘乳业,sz002732,37.15,34.0,36.75,34.61,36.93,34.61,37705,0.0,0.0,0.0,0.0852,-0.0582
2015-11-30,燕塘乳业,sz002732,35.72,32.02,34.68,35.6,34.61,35.6,39341,0.0,0.0,0.0,0.1069,0.0265
2015-12-01,燕塘乳业,sz002732,36.25,34.65,34.82,35.45,35.6,35.45,28401,0.0,0.0,0.0,0.0449,0.018
2015-12-02,燕塘乳业,sz002732,35.85,33.33,35.85,34.4,35.45,34.4,22543,0.0,0.0,0.0,0.071,-0.0404
2015-12-03,燕塘乳业,sz002732,35.57,34.07,34.2,35.4,34.4,35.4,23166,0.0,0.0,0.0,0.0436,0.035
2015-12-04,燕塘乳业,sz002732,35.78,34.95,35.27,35.6,35.4,35.6,29781,0.0,0.0,0.0,0.0234,0.0093
2015-12-07,燕塘乳业,sz002732,37.1,35.31,35.61,36.56,35.6,36.56,31889,0.0,0.0,0.0,0.0502,0.0266
2015-12-08,燕塘乳业,sz002732,37.94,36.18,36.53,37.3,36.56,37.3,53767,0.0,0.0,0.0,0.0481,0.021
2015-12-09,燕塘乳业,sz002732,37.33,35.9,37.04,36.0,37.3,36.0,33424,0.0,0.0,0.0,0.0383,-0.028
2015-12-10,燕塘乳业,sz002732,36.38,35.0,36.2,35.0,36.0,35.0,26992,0.0,0.0,0.0,0.0383,-0.0331
2015-12-11,燕塘乳业,sz002732,35.22,34.56,34.65,34.8,35.0,34.8,12918,0.0,0.0,0.0,0.0188,0.0043
2015-12-14,燕塘乳业,sz002732,35.76,34.08,34.35,35.67,34.8,35.67,14443,0.0,0.0,0.0,0.0482,0.0384
2015-12-15,燕塘乳业,sz002732,36.6,35.52,35.73,35.88,35.67,35.88,14639,0.0,0.0,0.0,0.0302,0.0041
2015-12-16,燕塘乳业,sz002732,37.18,36.02,36.05,36.41,35.88,36.41,24430,0.0,0.0,0.0,0.0323,0.0099
2015-12-17,燕塘乳业,sz002732,37.8,36.51,36.64,37.77,36.41,37.77,46607,0.0,0.0,0.0,0.0354,0.0308
2015-12-18,燕塘乳业,sz002732,38.21,36.98,37.78,37.15,37.77,37.15,35224,0.0,0.0,0.0,0.0325,-0.0166
2015-12-21,燕塘乳业,sz002732,38.47,36.92,37.12,38.4,37.15,38.4,44886,0.0,0.0,0.0,0.0417,0.0344
2015-12-22,燕塘乳业,sz002732,39.25,37.8,38.47,38.69,38.4,38.69,43257,0.0,0.0,0.0,0.0377,0.0057
2015-12-23,燕塘乳业,sz002732,38.95,37.3,38.74,37.38,38.69,37.38,30026,0.0,0.0,0.0,0.0426,-0.0351
2015-12-24,燕塘乳业,sz002732,38.26,36.93,37.0,38.1,37.38,38.1,25332,0.0,0.0,0.0,0.0355,0.0297
2015-12-25,燕塘乳业,sz002732,39.5,38.17,38.68,38.76,38.1,38.76,41978,0.0,0.0,0.0,0.0349,0.002
2015-12-28,燕塘乳业,sz002732,39.19,37.08,39.0,37.15,38.76,37.15,34463,0.0,0.0,0.0,0.0544,-0.0474
2015-12-29,燕塘乳业,sz002732,37.62,36.68,36.95,37.6,37.15,37.6,18025,0.0,0.0,0.0,0.0253,0.0175
2015-12-30,燕塘乳业,sz002732,37.93,37.0,37.6,37.43,37.6,37.43,17385,0.0,0.0,0.0,0.0247,-0.0045
2015-12-31,燕塘乳业,sz002732,37.43,35.8,37.43,35.8,37.43,35.8,26601,0.0,0.0,0.0,0.0435,-0.0435
2016-01-01,燕塘乳业,sz002732,37.43,35.8,37.43,35.8,35.8,35.8,26601,0.0,0.0,0.0,0.0455,-0.0435
2016-01-04,燕塘乳业,sz002732,36.75,32.22,35.8,32.71,35.8,32.71,21217,0.0,0.0,0.0,0.1265,-0.0863
2016-01-05,燕塘乳业,sz002732,35.9,31.6,31.92,34.6,32.71,34.6,44297,0.0,0.0,0.0,0.1314,0.0839
2016-01-06,燕塘乳业,sz002732,35.44,34.1,34.56,35.35,34.6,35.35,22747,0.0,0.0,0.0,0.0387,0.0228
2016-01-07,燕塘乳业,sz002732,34.79,32.0,34.28,32.06,35.35,32.06,5288,0.0,0.0,0.0,0.0789,-0.0647
2016-01-08,燕塘乳业,sz002732,33.67,30.61,33.4,32.71,32.06,32.71,24232,0.0,0.0,0.0,0.0954,-0.0206
2016-01-11,燕塘乳业,sz002732,32.68,29.44,32.68,29.44,32.71,29.44,24932,0.0,0.0,0.0,0.099,-0.0991
2016-01-12,燕塘乳业,sz002732,30.19,28.67,29.67,29.51,29.44,29.51,15425,0.0,0.0,0.0,0.0516,-0.0053
2016-01-13,燕塘乳业,sz002732,30.46,28.66,30.09,28.89,29.51,28.89,13928,0.0,0.0,0.0,0.0609,-0.0398
2016-01-14,燕塘乳业,sz002732,30.03,27.69,28.0,29.93,28.89,29.93,15201,0.0,0.0,0.0,0.0809,0.0689
2016-01-15,燕塘乳业,sz002732,30.1,28.22,29.35,28.9,29.93,28.9,13543,0.0,0.0,0.0,0.0628,-0.0153
2016-01-18,燕塘乳业,sz002732,29.68,27.38,28.3,29.3,28.9,29.3,14575,0.0,0.0,0.0,0.0795,0.0353
2016-01-19,燕塘乳业,sz002732,30.41,29.03,29.31,30.35,29.3,30.35,18622,0.0,0.0,0.0,0.047,0.0354
2016-01-20,燕塘乳业,sz002732,31.75,29.8,30.0,30.8,30.35,30.8,24135,0.0,0.0,0.0,0.0642,0.0266
2016-01-21,燕塘乳业,sz002732,32.07,29.98,30.3,30.8,30.8,30.8,23914,0.0,0.0,0.0,0.0678,0.0165
2016-01-22,燕塘乳业,sz002732,31.78,30.53,31.39,31.6,30.8,31.6,17290,0.0,0.0,0.0,0.0405,0.0066
2016-01-25,燕塘乳业,sz002732,31.52,30.5,30.9,30.6,31.6,30.6,23842,0.0,0.0,0.0,0.0322,-0.0097
2016-01-26,燕塘乳业,sz002732,30.88,27.8,30.1,28.1,30.6,28.1,20418,0.0,0.0,0.0,0.1006,-0.0664
2016-01-27,燕塘乳业,sz002732,28.64,26.54,28.5,28.0,28.1,28.0,16727,0.0,0.0,0.0,0.0747,-0.0175
2016-01-28,燕塘乳业,sz002732,28.49,26.88,27.92,27.2,28.0,27.2,11779,0.0,0.0,0.0,0.0574,-0.0257
2016-01-29,燕塘乳业,sz002732,28.5,26.9,26.9,28.11,27.2,28.11,13808,0.0,0.0,0.0,0.0588,0.0449
2016-02-01,燕塘乳业,sz002732,29.35,28.08,28.18,28.97,28.11,28.97,15589,0.0,0.0,0.0,0.0451,0.028
2016-02-02,燕塘乳业,sz002732,29.8,28.1,28.9,29.77,28.97,29.77,35816,0.0,0.0,0.0,0.0586,0.0301
2016-02-03,燕塘乳业,sz002732,29.48,28.28,29.21,28.9,29.77,28.9,20077,0.0,0.0,0.0,0.0403,-0.0106
2016-02-04,燕塘乳业,sz002732,28.78,27.5,27.68,28.5,28.9,28.5,51406,0.0,0.0,0.0,0.0442,0.0296
2016-02-05,燕塘乳业,sz002732,28.53,27.2,28.48,27.25,28.5,27.25,33467,0.0,0.0,0.0,0.0466,-0.0431
2016-02-08,燕塘乳业,sz002732,28.53,27.2,28.48,27.25,27.25,27.25,33467,0.0,0.0,0.0,0.0488,-0.0431
2016-02-09,燕塘乳业,sz002732,28.53,27.2,28.48,27.25,27.25,27.25,33467,0.0,0.0,0.0,0.0488,-0.0431
2016-02-10,燕塘乳业,sz002732,28.53,27.2,28.48,27.25,27.25,27.25,33467,0.0,0.0,0.0,0.0488,-0.0431
2016-02-11,燕塘乳业,sz002732,28.53,27.2,28.48,27.25,27.25,27.25,33467,0.0,0.0,0.0,0.0488,-0.0431
2016-02-12,燕塘乳业,sz002732,28.53,27.2,28.48,27.25,27.25,27.25,33467,0.0,0.0,0.0,0.0488,-0.0431
2016-02-15,燕塘乳业,sz002732,26.6,25.5,25.8,26.07,27.25,26.07,30515,0.0,0.0,0.0,0.0403,0.0104
2016-02-16,燕塘乳业,sz002732,27.35,26.0,26.07,27.26,26.07,27.26,35353,0.0,0.0,0.0,0.0517,0.0456
2016-02-17,燕塘乳业,sz002732,27.79,27.27,27.41,27.71,27.26,27.71,33644,0.0,0.0,0.0,0.019,0.0109
2016-02-18,燕塘乳业,sz002732,28.13,27.18,27.78,27.27,27.71,27.27,31120,0.0,0.0,0.0,0.0342,-0.0183
2016-02-19,燕塘乳业,sz002732,27.65,27.2,27.22,27.41,27.27,27.41,19394,0.0,0.0,0.0,0.0165,0.0069
2016-02-22,燕塘乳业,sz002732,28.06,27.4,27.69,28.06,27.41,28.06,33658,0.0,0.0,0.0,0.024,0.0133
2016-02-23,燕塘乳业,sz002732,28.22,27.42,28.08,27.68,28.06,27.68,28035,0.0,0.0,0.0,0.0285,-0.0142
2016-02-24,燕塘乳业,sz002732,27.65,26.6,27.65,27.2,27.68,27.2,28627,0.0,0.0,0.0,0.0379,-0.0162
2016-02-25,燕塘乳业,sz002732,27.16,24.48,27.16,24.48,27.2,24.48,31387,0.0,0.0,0.0,0.0985,-0.0986
2016-02-26,燕塘乳业,sz002732,25.4,23.68,25.4,24.28,24.48,24.28,18038,0.0,0.0,0.0,0.0702,-0.044
2016-02-29,燕塘乳业,sz002732,24.46,21.99,24.25,22.5,24.28,22.5,20006,0.0,0.0,0.0,0.1017,-0.0721
2016-03-01,燕塘乳业,sz002732,23.82,22.1,22.6,23.5,22.5,23.5,23112,0.0,0.0,0.0,0.0764,0.0398
2016-03-02,燕塘乳业,sz002732,24.48,23.25,23.56,24.38,23.5,24.38,20903,0.0,0.0,0.0,0.0523,0.0348
2016-03-03,燕塘乳业,sz002732,24.96,24.35,24.38,24.47,24.38,24.47,22890,0.0,0.0,0.0,0.025,0.0036
2016-03-04,燕塘乳业,sz002732,24.48,22.91,24.3,23.22,24.47,23.22,20261,0.0,0.0,0.0,0.0641,-0.0444
2016-03-07,燕塘乳业,sz002732,24.0,23.22,23.48,23.93,23.22,23.93,17581,0.0,0.0,0.0,0.0335,0.0191
2016-03-08,燕塘乳业,sz002732,23.93,22.71,23.93,23.74,23.93,23.74,19074,0.0,0.0,0.0,0.0509,-0.0079
2016-03-09,燕塘乳业,sz002732,23.42,22.5,23.05,23.28,23.74,23.28,13775,0.0,0.0,0.0,0.0387,0.0099
2016-03-10,燕塘乳业,sz002732,23.49,22.85,23.2,22.87,23.28,22.87,10838,0.0,0.0,0.0,0.0274,-0.0142
2016-03-11,燕塘乳业,sz002732,22.94,22.48,22.72,22.81,22.87,22.81,8244,0.0,0.0,0.0,0.0201,0.0039
2016-03-14,燕塘乳业,sz002732,23.98,23.16,23.23,23.72,22.81,23.72,21668,0.0,0.0,0.0,0.0359,0.021
2016-03-15,燕塘乳业,sz002732,24.0,23.41,23.79,23.62,23.72,23.62,17219,0.0,0.0,0.0,0.0248,-0.0071
2016-03-16,燕塘乳业,sz002732,23.98,23.02,23.95,23.16,23.62,23.16,14163,0.0,0.0,0.0,0.0406,-0.0329
2016-03-17,燕塘乳业,sz002732,24.16,23.2,23.2,23.99,23.16,23.99,23337,0.0,0.0,0.0,0.0414,0.034
2016-03-18,燕塘乳业,sz002732,25.07,23.88,24.0,24.81,23.99,24.81,32171,0.0,0.0,0.0,0.0496,0.0337
2016-03-21,燕塘乳业,sz002732,26.1,25.06,25.06,26.01,24.81,26.01,36462,0.0,0.0,0.0,0.0419,0.0379
2016-03-22,燕塘乳业,sz002732,26.02,25.38,25.63,25.49,26.01,25.49,32627,0.0,0.0,0.0,0.0246,-0.0054
2016-03-23,燕塘乳业,sz002732,26.9,25.24,25.6,26.52,25.49,26.52,43826,0.0,0.0,0.0,0.0651,0.0359
2016-03-24,燕塘乳业,sz002732,26.36,25.73,26.01,25.76,26.52,25.76,31844,0.0,0.0,0.0,0.0237,-0.0096
2016-03-25,燕塘乳业,sz002732,25.98,25.2,25.2,25.72,25.76,25.72,21949,0.0,0.0,0.0,0.0302,0.0206
