2016-03-25
2012-11-06,浙江世宝,sz002703,15.75,15.19,15.51,15.19,16.88,15.01,7556300,0.0,0.0,0.0,0.0331,-0.0206
2012-11-07,浙江世宝,sz002703,14.84,14.05,14.56,14.5,15.19,14.33,6933000,0.0,0.0,0.0,0.052,-0.0041
2012-11-08,浙江世宝,sz002703,15.3,14.41,14.5,14.65,14.5,14.48,6919900,0.0,0.0,0.0,0.0613,0.0103
2012-11-09,浙江世宝,sz002703,14.29,13.52,14.18,13.77,14.65,13.61,4593100,0.0,0.0,0.0,0.0525,-0.0289
2012-11-12,浙江世宝,sz002703,14.66,13.59,13.66,14.61,13.77,14.44,4497400,0.0,0.0,0.0,0.0777,0.0695
2012-11-13,浙江世宝,sz002703,15.98,13.82,14.3,15.38,14.61,15.2,6792500,0.0,0.0,0.0,0.1478,0.0755
2012-11-14,浙江世宝,sz002703,16.18,14.73,14.8,15.42,15.38,15.24,6549100,0.0,0.0,0.0,0.0942,0.0418
2012-11-15,浙江世宝,sz002703,15.39,14.41,15.06,14.41,15.42,14.24,3499700,0.0,0.0,0.0,0.0635,-0.0431
2012-11-16,浙江世宝,sz002703,14.96,13.93,14.44,14.73,14.41,14.56,3063300,0.0,0.0,0.0,0.0714,0.02
2012-11-19,浙江世宝,sz002703,15.29,14.51,14.55,14.87,14.73,14.7,2812300,0.0,0.0,0.0,0.0529,0.0219
2012-11-20,浙江世宝,sz002703,14.88,14.13,14.7,14.5,14.87,14.33,2747800,0.0,0.0,0.0,0.0504,-0.0136
2012-11-21,浙江世宝,sz002703,14.75,14.25,14.31,14.65,14.5,14.48,2522300,0.0,0.0,0.0,0.0344,0.0237
2012-11-22,浙江世宝,sz002703,14.61,14.07,14.54,14.14,14.65,13.98,2372200,0.0,0.0,0.0,0.0368,-0.0275
2012-11-23,浙江世宝,sz002703,14.28,13.94,14.1,13.99,14.14,13.83,1977100,0.0,0.0,0.0,0.024,-0.0078
2012-11-26,浙江世宝,sz002703,14.1,13.63,13.9,13.72,13.99,13.56,1573700,0.0,0.0,0.0,0.0335,-0.0129
2012-11-27,浙江世宝,sz002703,13.75,12.8,13.72,12.89,13.72,12.74,2108300,0.0,0.0,0.0,0.0692,-0.0604
2012-11-28,浙江世宝,sz002703,12.73,12.17,12.72,12.22,12.89,12.08,1993000,0.0,0.0,0.0,0.0434,-0.0393
2012-11-29,浙江世宝,sz002703,12.36,11.56,12.25,11.56,12.22,11.43,2426000,0.0,0.0,0.0,0.0654,-0.0563
2012-11-30,浙江世宝,sz002703,12.17,11.35,11.45,11.94,11.56,11.8,2363300,0.0,0.0,0.0,0.0709,0.0427
2012-12-03,浙江世宝,sz002703,12.17,11.6,11.82,11.6,11.94,11.46,2037000,0.0,0.0,0.0,0.0477,-0.0186
2012-12-04,浙江世宝,sz002703,11.91,11.38,11.74,11.9,11.6,11.76,1545200,0.0,0.0,0.0,0.0456,0.0136
2012-12-05,浙江世宝,sz002703,12.66,11.76,11.89,12.43,11.9,12.29,2837400,0.0,0.0,0.0,0.0756,0.0454
2012-12-06,浙江世宝,sz002703,12.4,12.06,12.31,12.1,12.43,11.96,1901300,0.0,0.0,0.0,0.0273,-0.017
2012-12-07,浙江世宝,sz002703,12.66,12.08,12.1,12.43,12.1,12.29,2748700,0.0,0.0,0.0,0.0479,0.0272
2012-12-10,浙江世宝,sz002703,12.89,12.29,12.3,12.75,12.43,12.6,3143400,0.0,0.0,0.0,0.0482,0.0365
2012-12-11,浙江世宝,sz002703,12.61,12.31,12.6,12.36,12.75,12.22,2238400,0.0,0.0,0.0,0.0235,-0.019
2012-12-12,浙江世宝,sz002703,13.08,12.22,12.4,13.0,12.36,12.85,4409900,0.0,0.0,0.0,0.0695,0.0483
2012-12-13,浙江世宝,sz002703,12.94,12.4,12.94,12.47,13.0,12.32,2256900,0.0,0.0,0.0,0.0415,-0.0363
2012-12-14,浙江世宝,sz002703,13.55,12.38,12.53,13.06,12.47,12.91,4123100,0.0,0.0,0.0,0.0938,0.0422
2012-12-17,浙江世宝,sz002703,13.18,12.78,12.95,12.96,13.06,12.81,3015200,0.0,0.0,0.0,0.0306,7.0E-4
2012-12-18,浙江世宝,sz002703,13.05,12.65,12.94,12.75,12.96,12.6,2051900,0.0,0.0,0.0,0.0308,-0.0146
2012-12-19,浙江世宝,sz002703,12.97,12.5,12.71,12.87,12.75,12.72,1972300,0.0,0.0,0.0,0.0368,0.0125
2012-12-20,浙江世宝,sz002703,13.61,12.62,12.81,13.21,12.87,13.06,4516200,0.0,0.0,0.0,0.0769,0.0312
2012-12-21,浙江世宝,sz002703,14.49,12.95,13.09,13.94,13.21,13.78,5648200,0.0,0.0,0.0,0.1165,0.0649
2012-12-24,浙江世宝,sz002703,14.77,13.66,13.79,14.52,13.94,14.35,5333300,0.0,0.0,0.0,0.0796,0.0529
2012-12-25,浙江世宝,sz002703,15.0,14.3,14.55,14.78,14.52,14.61,5542400,0.0,0.0,0.0,0.0482,0.0158
2012-12-26,浙江世宝,sz002703,16.26,14.54,14.62,16.26,14.78,16.07,7117000,0.0,0.0,0.0,0.1163,0.1121
2012-12-27,浙江世宝,sz002703,17.89,15.7,16.4,17.6,16.26,17.4,9047600,0.0,0.0,0.0,0.1346,0.0731
2012-12-28,浙江世宝,sz002703,18.55,16.5,16.95,17.08,17.6,16.88,7493900,0.0,0.0,0.0,0.1164,0.0076
2012-12-31,浙江世宝,sz002703,17.26,16.37,17.08,16.53,17.08,16.34,4375300,0.0,0.0,0.0,0.0521,-0.0322
2013-01-04,浙江世宝,sz002703,17.61,16.13,16.57,17.12,16.53,17.120066,4856006,0.0,0.0,0.0,0.0895,0.0331
2013-01-07,浙江世宝,sz002703,17.17,16.51,16.8,17.05,17.12,17.050062,3153887,0.0,0.0,0.0,0.0385,0.0148
2013-01-08,浙江世宝,sz002703,17.44,16.6,17.1,16.85,17.05,16.850065,3555085,0.0,0.0,0.0,0.0492,-0.0146
2013-01-09,浙江世宝,sz002703,16.81,16.22,16.62,16.43,16.85,16.430061,2852488,0.0,0.0,0.0,0.035,-0.0114
2013-01-10,浙江世宝,sz002703,16.66,16.25,16.4,16.38,16.43,16.380064,2059774,0.0,0.0,0.0,0.0249,-0.0012
2013-01-11,浙江世宝,sz002703,16.68,16.12,16.38,16.17,16.38,16.170055,3092475,0.0,0.0,0.0,0.0341,-0.0128
2013-01-14,浙江世宝,sz002703,16.72,15.7,16.17,16.7,16.17,16.700062,3390595,0.0,0.0,0.0,0.063,0.0327
2013-01-15,浙江世宝,sz002703,16.9,16.45,16.69,16.65,16.7,16.65006,2953472,0.0,0.0,0.0,0.0269,-0.0023
2013-01-16,浙江世宝,sz002703,17.5,16.41,16.55,17.29,16.65,17.290056,5925464,0.0,0.0,0.0,0.0654,0.0447
2013-01-17,浙江世宝,sz002703,17.42,16.27,17.18,16.37,17.29,16.370052,2874499,0.0,0.0,0.0,0.0665,-0.0471
2013-01-18,浙江世宝,sz002703,16.5,15.9,16.28,16.38,16.37,16.380054,2555145,0.0,0.0,0.0,0.0366,0.0061
2013-01-21,浙江世宝,sz002703,16.5,16.16,16.39,16.45,16.38,16.450062,1597540,0.0,0.0,0.0,0.0207,0.0036
2013-01-22,浙江世宝,sz002703,16.45,15.85,16.45,15.99,16.45,15.990053,1956757,0.0,0.0,0.0,0.0364,-0.0279
2013-01-23,浙江世宝,sz002703,16.15,15.3,15.89,15.6,15.99,15.600056,1726893,0.0,0.0,0.0,0.0531,-0.0182
2013-01-24,浙江世宝,sz002703,16.12,15.45,15.59,15.8,15.6,15.800064,2080699,0.0,0.0,0.0,0.0429,0.0134
2013-01-25,浙江世宝,sz002703,16.14,15.6,15.8,16.04,15.8,16.040068,1865106,0.0,0.0,0.0,0.0341,0.0151
2013-01-28,浙江世宝,sz002703,16.29,15.89,16.04,16.11,16.04,16.110065,1897035,0.0,0.0,0.0,0.0249,0.0043
2013-01-29,浙江世宝,sz002703,16.28,15.97,16.0,16.04,16.11,16.040068,1574906,0.0,0.0,0.0,0.0192,0.0024
2013-01-30,浙江世宝,sz002703,16.15,15.61,16.04,15.95,16.04,15.950067,1511493,0.0,0.0,0.0,0.0336,-0.0056
2013-01-31,浙江世宝,sz002703,15.95,15.32,15.95,15.57,15.95,15.570072,1388766,0.0,0.0,0.0,0.0394,-0.0238
2013-02-01,浙江世宝,sz002703,15.85,15.32,15.4,15.65,15.57,15.650071,1097654,0.0,0.0,0.0,0.034,0.0162
2013-02-04,浙江世宝,sz002703,15.85,15.39,15.65,15.74,15.65,15.740075,986166,0.0,0.0,0.0,0.0293,0.0057
2013-02-05,浙江世宝,sz002703,15.87,15.5,15.5,15.75,15.74,15.75007,753739,0.0,0.0,0.0,0.0235,0.0161
2013-02-06,浙江世宝,sz002703,15.85,15.6,15.7,15.68,15.75,15.680077,508759,0.0,0.0,0.0,0.0158,-0.0012
2013-02-07,浙江世宝,sz002703,15.84,15.55,15.6,15.73,15.68,15.730081,782271,0.0,0.0,0.0,0.0184,0.0083
2013-02-08,浙江世宝,sz002703,15.94,15.73,15.73,15.83,15.73,15.830076,955700,0.0,0.0,0.0,0.0133,0.0063
2013-02-18,浙江世宝,sz002703,16.45,15.83,15.9,16.16,15.83,16.16007,2112566,0.0,0.0,0.0,0.0391,0.0163
2013-02-19,浙江世宝,sz002703,16.42,15.68,16.12,15.78,16.16,15.7800665,1452029,0.0,0.0,0.0,0.0457,-0.021
2013-02-20,浙江世宝,sz002703,15.98,15.48,15.7,15.87,15.78,15.87006,1316832,0.0,0.0,0.0,0.0316,0.0108
2013-02-21,浙江世宝,sz002703,15.83,15.51,15.8,15.57,15.87,15.570052,1079431,0.0,0.0,0.0,0.0201,-0.0145
2013-02-22,浙江世宝,sz002703,15.73,15.47,15.6,15.5,15.57,15.50005,791915,0.0,0.0,0.0,0.0166,-0.0064
2013-02-25,浙江世宝,sz002703,15.99,15.5,15.55,15.7,15.5,15.700047,967609,0.0,0.0,0.0,0.0316,0.0096
2013-02-26,浙江世宝,sz002703,15.86,15.51,15.7,15.54,15.7,15.540048,650005,0.0,0.0,0.0,0.0222,-0.0101
2013-02-27,浙江世宝,sz002703,15.7,15.42,15.54,15.62,15.54,15.620048,654163,0.0,0.0,0.0,0.018,0.0051
2013-02-28,浙江世宝,sz002703,17.18,15.62,15.62,17.18,15.62,17.180052,6870372,0.0,0.0,0.0,0.0998,0.0998
2013-03-01,浙江世宝,sz002703,18.3,16.71,17.0,17.32,17.18,17.320053,5391865,0.0,0.0,0.0,0.0925,0.0188
2013-03-04,浙江世宝,sz002703,17.16,16.3,17.16,16.33,17.32,16.330055,2696575,0.0,0.0,0.0,0.0496,-0.0483
2013-03-05,浙江世宝,sz002703,16.59,16.12,16.42,16.55,16.33,16.550055,1848341,0.0,0.0,0.0,0.0287,0.0079
2013-03-06,浙江世宝,sz002703,16.97,16.4,16.53,16.6,16.55,16.600052,2272915,0.0,0.0,0.0,0.0344,0.0042
2013-03-07,浙江世宝,sz002703,16.64,15.97,16.6,16.64,16.6,16.640059,2548963,0.0,0.0,0.0,0.0403,0.0024
2013-03-08,浙江世宝,sz002703,17.53,16.58,16.63,17.24,16.64,17.240067,4484742,0.0,0.0,0.0,0.057,0.0366
2013-03-11,浙江世宝,sz002703,17.3,16.66,17.3,16.72,17.24,16.72007,1542555,0.0,0.0,0.0,0.0371,-0.0335
2013-03-12,浙江世宝,sz002703,16.88,16.08,16.73,16.15,16.72,16.150066,1545200,0.0,0.0,0.0,0.0478,-0.0346
2013-03-13,浙江世宝,sz002703,16.17,14.88,16.17,15.4,16.15,15.400058,1926645,0.0,0.0,0.0,0.0798,-0.0476
2013-03-14,浙江世宝,sz002703,15.32,15.06,15.29,15.14,15.4,15.1400585,920154,0.0,0.0,0.0,0.0168,-0.0098
2013-03-15,浙江世宝,sz002703,15.36,14.68,15.16,15.11,15.14,15.110051,987190,0.0,0.0,0.0,0.0449,-0.0032
2013-03-18,浙江世宝,sz002703,15.18,14.5,14.89,14.52,15.11,14.520049,833386,0.0,0.0,0.0,0.045,-0.0248
2013-03-19,浙江世宝,sz002703,14.69,14.25,14.62,14.58,14.52,14.580046,424648,0.0,0.0,0.0,0.0303,-0.0027
2013-03-20,浙江世宝,sz002703,15.2,14.58,14.61,15.18,14.58,15.180044,1129831,0.0,0.0,0.0,0.0425,0.039
2013-03-21,浙江世宝,sz002703,15.36,15.1,15.22,15.29,15.18,15.290038,937979,0.0,0.0,0.0,0.0171,0.0045
2013-03-22,浙江世宝,sz002703,15.33,15.02,15.26,15.09,15.29,15.090045,677926,0.0,0.0,0.0,0.0202,-0.0111
2013-03-25,浙江世宝,sz002703,15.2,14.9,14.98,15.13,15.09,15.130049,560915,0.0,0.0,0.0,0.0198,0.01
2013-03-26,浙江世宝,sz002703,15.27,14.9,15.09,15.07,15.13,15.070043,715397,0.0,0.0,0.0,0.0244,-0.0013
2013-03-27,浙江世宝,sz002703,15.16,14.8,15.0,14.95,15.07,14.95004,681253,0.0,0.0,0.0,0.0238,-0.0033
2013-03-28,浙江世宝,sz002703,14.99,14.21,14.99,14.22,14.95,14.220044,762801,0.0,0.0,0.0,0.0521,-0.0513
2013-03-29,浙江世宝,sz002703,14.36,14.18,14.18,14.2,14.22,14.200051,381811,0.0,0.0,0.0,0.0126,0.0014
2013-04-01,浙江世宝,sz002703,14.33,13.8,14.33,14.11,14.2,14.110051,465809,0.0,0.0,0.0,0.0373,-0.0153
2013-04-02,浙江世宝,sz002703,14.26,13.94,14.12,13.99,14.11,13.990045,472707,0.0,0.0,0.0,0.0226,-0.0092
2013-04-03,浙江世宝,sz002703,14.08,13.65,13.99,13.74,13.99,13.740043,395300,0.0,0.0,0.0,0.0307,-0.0178
2013-04-08,浙江世宝,sz002703,13.75,13.0,13.65,13.69,13.74,13.6900425,571934,0.0,0.0,0.0,0.0545,0.0029
2013-04-09,浙江世宝,sz002703,13.86,13.6,13.67,13.79,13.69,13.790049,531688,0.0,0.0,0.0,0.0189,0.0087
2013-04-10,浙江世宝,sz002703,14.17,13.79,13.79,14.01,13.79,14.010056,712487,0.0,0.0,0.0,0.0275,0.0159
2013-04-11,浙江世宝,sz002703,14.36,13.98,14.13,14.15,14.01,14.150058,692946,0.0,0.0,0.0,0.0271,0.0014
2013-04-12,浙江世宝,sz002703,14.27,13.92,14.16,14.09,14.15,14.090061,381999,0.0,0.0,0.0,0.0247,-0.0049
2013-04-15,浙江世宝,sz002703,14.0,13.32,14.0,13.43,14.09,13.430055,562628,0.0,0.0,0.0,0.0482,-0.0407
2013-04-16,浙江世宝,sz002703,13.5,13.12,13.36,13.47,13.43,13.47005,340868,0.0,0.0,0.0,0.0282,0.0082
2013-04-17,浙江世宝,sz002703,13.66,13.35,13.48,13.54,13.47,13.540053,295558,0.0,0.0,0.0,0.023,0.0044
2013-04-18,浙江世宝,sz002703,13.59,13.36,13.52,13.47,13.54,13.470051,333331,0.0,0.0,0.0,0.0169,-0.0036
2013-04-19,浙江世宝,sz002703,14.23,13.47,13.5,14.14,13.47,14.140052,1113291,0.0,0.0,0.0,0.0564,0.0474
2013-04-22,浙江世宝,sz002703,14.14,13.8,14.0,14.13,14.14,14.130054,716998,0.0,0.0,0.0,0.024,0.0092
2013-04-23,浙江世宝,sz002703,14.1,13.6,14.1,13.66,14.13,13.660047,607462,0.0,0.0,0.0,0.0353,-0.0312
2013-04-24,浙江世宝,sz002703,14.03,13.62,13.62,13.94,13.66,13.94005,424936,0.0,0.0,0.0,0.03,0.0234
2013-04-25,浙江世宝,sz002703,14.11,13.78,13.87,13.79,13.94,13.790055,582109,0.0,0.0,0.0,0.0236,-0.0057
2013-04-26,浙江世宝,sz002703,13.87,13.48,13.82,13.5,13.79,13.500051,407544,0.0,0.0,0.0,0.0282,-0.0231
2013-05-02,浙江世宝,sz002703,13.65,13.26,13.5,13.4,13.5,13.400056,251667,0.0,0.0,0.0,0.0288,-0.0074
2013-05-03,浙江世宝,sz002703,13.81,13.48,13.81,13.69,13.4,13.69006,383371,0.0,0.0,0.0,0.0246,-0.0086
2013-05-06,浙江世宝,sz002703,14.97,13.53,13.69,14.97,13.69,14.970066,1887330,0.0,0.0,0.0,0.1051,0.0934
2013-05-07,浙江世宝,sz002703,14.89,14.43,14.69,14.56,14.97,14.560066,1788785,0.0,0.0,0.0,0.0307,-0.0088
2013-05-08,浙江世宝,sz002703,14.65,14.38,14.45,14.59,14.56,14.59006,967823,0.0,0.0,0.0,0.0185,0.0096
2013-05-09,浙江世宝,sz002703,15.55,14.47,14.59,15.22,14.59,15.220058,2874026,0.0,0.0,0.0,0.074,0.0431
2013-05-10,浙江世宝,sz002703,15.32,14.91,15.02,15.27,15.22,15.270057,1433057,0.0,0.0,0.0,0.0269,0.0166
2013-05-13,浙江世宝,sz002703,15.35,14.75,15.15,14.81,15.27,14.810061,1147007,0.0,0.0,0.0,0.0392,-0.0224
2013-05-14,浙江世宝,sz002703,14.95,14.3,14.95,14.45,14.81,14.450058,1139920,0.0,0.0,0.0,0.0438,-0.0334
2013-05-15,浙江世宝,sz002703,14.72,14.38,14.39,14.66,14.45,14.660061,693212,0.0,0.0,0.0,0.0235,0.0187
2013-05-16,浙江世宝,sz002703,15.13,14.68,14.71,14.69,14.66,14.690056,1173569,0.0,0.0,0.0,0.0306,-0.0013
2013-05-17,浙江世宝,sz002703,14.84,14.5,14.7,14.8,14.69,14.800055,1186386,0.0,0.0,0.0,0.0231,0.0068
2013-05-20,浙江世宝,sz002703,15.5,14.75,14.8,15.3,14.8,15.300059,2191781,0.0,0.0,0.0,0.0506,0.0337
2013-05-21,浙江世宝,sz002703,15.68,15.18,15.31,15.67,15.3,15.670061,2165112,0.0,0.0,0.0,0.0326,0.0235
2013-05-22,浙江世宝,sz002703,15.93,15.03,15.7,15.2,15.67,15.200053,1805587,0.0,0.0,0.0,0.0574,-0.0318
2013-05-23,浙江世宝,sz002703,15.49,15.06,15.21,15.26,15.2,15.260048,1141194,0.0,0.0,0.0,0.0282,0.0032
2013-05-24,浙江世宝,sz002703,15.55,15.21,15.27,15.55,15.26,15.55005,1083344,0.0,0.0,0.0,0.0222,0.0183
2013-05-27,浙江世宝,sz002703,15.77,15.48,15.56,15.57,15.55,15.570047,1036853,0.0,0.0,0.0,0.0186,6.0E-4
2013-05-28,浙江世宝,sz002703,15.94,15.5,15.59,15.6,15.57,15.600051,1684868,0.0,0.0,0.0,0.0282,6.0E-4
2013-05-29,浙江世宝,sz002703,16.36,15.39,15.61,16.12,15.6,16.120047,2666473,0.0,0.0,0.0,0.0621,0.0326
2013-05-30,浙江世宝,sz002703,16.29,15.82,16.01,15.88,16.12,15.880052,1395894,0.0,0.0,0.0,0.0291,-0.0081
2013-05-31,浙江世宝,sz002703,15.98,15.58,15.88,15.58,15.88,15.580046,968451,0.0,0.0,0.0,0.0251,-0.0188
2013-06-03,浙江世宝,sz002703,15.64,15.33,15.48,15.4,15.58,15.40005,645616,0.0,0.0,0.0,0.0198,-0.0051
2013-06-04,浙江世宝,sz002703,15.34,14.75,15.31,15.03,15.4,15.030048,989999,0.0,0.0,0.0,0.0383,-0.0182
2013-06-05,浙江世宝,sz002703,15.15,14.81,14.82,15.11,15.03,15.110053,495283,0.0,0.0,0.0,0.0226,0.0195
2013-06-06,浙江世宝,sz002703,15.3,14.8,15.1,14.81,15.11,14.810058,510842,0.0,0.0,0.0,0.033,-0.0192
2013-06-07,浙江世宝,sz002703,15.04,14.7,14.8,14.9,14.81,14.900059,501808,0.0,0.0,0.0,0.0229,0.0067
2013-06-13,浙江世宝,sz002703,14.93,13.7,14.93,14.0,14.9,14.000051,616168,0.0,0.0,0.0,0.0825,-0.0622
2013-06-14,浙江世宝,sz002703,14.4,14.01,14.01,14.29,14.0,14.290048,554144,0.0,0.0,0.0,0.0278,0.0199
2013-06-17,浙江世宝,sz002703,14.55,14.15,14.3,14.41,14.29,14.410041,456749,0.0,0.0,0.0,0.0279,0.0076
2013-06-18,浙江世宝,sz002703,14.46,14.3,14.45,14.35,14.41,14.350038,306600,0.0,0.0,0.0,0.0111,-0.0069
2013-06-19,浙江世宝,sz002703,14.36,13.96,14.35,14.25,14.35,14.250032,442164,0.0,0.0,0.0,0.0278,-0.0069
2013-06-20,浙江世宝,sz002703,14.23,14.03,14.1,14.06,14.25,14.060037,311921,0.0,0.0,0.0,0.014,-0.0028
2013-06-21,浙江世宝,sz002703,14.15,13.67,13.96,14.15,14.06,14.150035,343109,0.0,0.0,0.0,0.0341,0.0136
2013-06-24,浙江世宝,sz002703,14.27,13.7,14.27,14.05,14.15,14.050036,609628,0.0,0.0,0.0,0.0402,-0.0154
2013-06-25,浙江世宝,sz002703,14.09,12.65,14.0,13.6,14.05,13.600042,595345,0.0,0.0,0.0,0.1024,-0.0285
2013-06-26,浙江世宝,sz002703,14.87,13.36,13.52,14.48,13.6,14.560041,1278441,0.0,0.0,0.0,0.111,0.071
2013-06-27,浙江世宝,sz002703,14.91,14.49,14.49,14.54,14.48,14.6203785,1508264,0.0,0.0,0.0,0.029,0.0034
2013-06-28,浙江世宝,sz002703,15.99,14.08,14.54,15.99,14.54,16.078396,4736661,0.0,0.0,0.0,0.1313,0.0997
2013-07-01,浙江世宝,sz002703,17.22,15.33,15.7,16.54,15.99,16.631428,5228797,0.0,0.0,0.0,0.1181,0.0535
2013-07-02,浙江世宝,sz002703,17.04,15.92,16.03,16.3,16.54,16.390106,4018812,0.0,0.0,0.0,0.0677,0.0168
2013-07-03,浙江世宝,sz002703,16.64,15.92,15.92,16.32,16.3,16.410217,2815959,0.0,0.0,0.0,0.0441,0.0251
2013-07-04,浙江世宝,sz002703,16.6,15.62,16.03,15.85,16.32,15.937619,2684755,0.0,0.0,0.0,0.06,-0.0112
2013-07-05,浙江世宝,sz002703,16.13,15.51,15.7,15.51,15.85,15.595741,2108645,0.0,0.0,0.0,0.0391,-0.0121
2013-07-08,浙江世宝,sz002703,15.28,14.0,15.01,14.0,15.51,14.077387,1972609,0.0,0.0,0.0,0.0825,-0.0672
2013-07-09,浙江世宝,sz002703,14.28,13.87,14.01,14.17,14.0,14.248328,1032879,0.0,0.0,0.0,0.0292,0.0114
2013-07-10,浙江世宝,sz002703,14.59,14.02,14.14,14.49,14.17,14.570099,1084208,0.0,0.0,0.0,0.0402,0.0247
2013-07-11,浙江世宝,sz002703,14.93,14.4,14.57,14.89,14.49,14.972306,1536926,0.0,0.0,0.0,0.0365,0.0219
2013-07-12,浙江世宝,sz002703,15.03,14.5,14.8,14.52,14.89,14.600259,1046888,0.0,0.0,0.0,0.0355,-0.0189
2013-07-15,浙江世宝,sz002703,14.94,14.55,14.57,14.88,14.52,14.962243,818178,0.0,0.0,0.0,0.0268,0.0212
2013-07-16,浙江世宝,sz002703,15.28,14.61,14.9,15.2,14.88,15.284006,1392205,0.0,0.0,0.0,0.045,0.0201
2013-07-17,浙江世宝,sz002703,15.59,14.99,15.28,15.59,15.2,15.676164,2057851,0.0,0.0,0.0,0.0394,0.0202
2013-07-18,浙江世宝,sz002703,15.6,15.18,15.6,15.3,15.59,15.384556,1302191,0.0,0.0,0.0,0.0269,-0.0192
2013-07-19,浙江世宝,sz002703,15.46,14.25,15.3,14.3,15.3,14.379036,1392668,0.0,0.0,0.0,0.079,-0.0653
2013-07-22,浙江世宝,sz002703,14.51,14.02,14.31,14.46,14.3,14.539924,1028567,0.0,0.0,0.0,0.0342,0.0104
2013-07-23,浙江世宝,sz002703,14.82,14.46,14.46,14.65,14.46,14.730978,799607,0.0,0.0,0.0,0.0248,0.0131
2013-07-24,浙江世宝,sz002703,16.12,14.47,14.65,16.12,14.65,16.209099,2887448,0.0,0.0,0.0,0.1126,0.1003
2013-07-25,浙江世宝,sz002703,17.3,16.18,16.49,16.57,16.12,16.661592,6342264,0.0,0.0,0.0,0.0694,0.0048
2013-07-26,浙江世宝,sz002703,16.57,15.61,16.52,16.17,16.57,16.259382,2745602,0.0,0.0,0.0,0.0579,-0.0211
2013-07-29,浙江世宝,sz002703,16.15,15.4,16.15,15.51,16.17,15.595738,1809453,0.0,0.0,0.0,0.0463,-0.0396
2013-07-30,浙江世宝,sz002703,17.06,15.51,15.51,17.06,15.51,17.154314,3378539,0.0,0.0,0.0,0.0999,0.0999
2013-07-31,浙江世宝,sz002703,17.98,16.45,17.07,16.65,17.06,16.742044,5387916,0.0,0.0,0.0,0.0896,-0.0246
2013-08-01,浙江世宝,sz002703,17.19,16.15,16.46,16.96,16.65,17.053764,3465798,0.0,0.0,0.0,0.0624,0.0303
2013-08-02,浙江世宝,sz002703,18.09,16.75,16.85,17.91,16.96,18.009014,4799855,0.0,0.0,0.0,0.079,0.0629
2013-08-05,浙江世宝,sz002703,18.24,17.41,17.7,17.96,17.91,18.059296,3270422,0.0,0.0,0.0,0.0463,0.0146
2013-08-06,浙江世宝,sz002703,17.88,17.35,17.7,17.51,17.96,17.606802,2816396,0.0,0.0,0.0,0.0295,-0.0107
2013-08-07,浙江世宝,sz002703,19.26,17.51,17.52,19.26,17.51,19.366478,4862585,0.0,0.0,0.0,0.0999,0.0993
2013-08-08,浙江世宝,sz002703,20.2,18.58,19.3,19.65,19.26,19.75863,6179958,0.0,0.0,0.0,0.0841,0.0181
2013-08-09,浙江世宝,sz002703,20.18,18.73,19.3,19.41,19.65,19.517298,4291771,0.0,0.0,0.0,0.0737,0.0056
2013-08-12,浙江世宝,sz002703,19.29,18.41,19.12,18.9,19.41,19.00448,3089081,0.0,0.0,0.0,0.0453,-0.0115
2013-08-13,浙江世宝,sz002703,19.26,18.52,18.85,19.15,18.9,19.255873,2504365,0.0,0.0,0.0,0.0391,0.0159
2013-08-14,浙江世宝,sz002703,19.14,18.28,19.02,18.3,19.15,18.401182,2986216,0.0,0.0,0.0,0.0449,-0.0378
2013-08-15,浙江世宝,sz002703,18.98,17.98,18.3,18.68,18.3,18.783281,3111818,0.0,0.0,0.0,0.0546,0.0207
2013-08-16,浙江世宝,sz002703,18.76,17.24,18.49,17.63,18.68,17.727474,2781357,0.0,0.0,0.0,0.0813,-0.0465
2013-08-19,浙江世宝,sz002703,17.97,17.27,17.6,17.95,17.63,18.049246,1664670,0.0,0.0,0.0,0.0397,0.0198
2013-08-20,浙江世宝,sz002703,18.83,17.68,17.93,18.74,17.95,18.84361,2833553,0.0,0.0,0.0,0.064,0.0451
2013-08-21,浙江世宝,sz002703,18.75,18.24,18.74,18.43,18.74,18.531898,1543998,0.0,0.0,0.0,0.0272,-0.0165
2013-08-22,浙江世宝,sz002703,18.62,18.01,18.4,18.14,18.43,18.2403,1349130,0.0,0.0,0.0,0.033,-0.0141
2013-08-23,浙江世宝,sz002703,18.55,17.5,18.15,17.75,18.14,17.848152,1745450,0.0,0.0,0.0,0.0578,-0.022
2013-08-26,浙江世宝,sz002703,18.36,17.4,17.7,18.35,17.75,18.451473,1831417,0.0,0.0,0.0,0.054,0.0367
2013-08-27,浙江世宝,sz002703,18.6,18.06,18.3,18.29,18.35,18.391136,1459778,0.0,0.0,0.0,0.0294,-5.0E-4
2013-08-28,浙江世宝,sz002703,18.2,17.7,18.11,17.79,18.29,17.888378,1439410,0.0,0.0,0.0,0.0273,-0.0176
2013-08-29,浙江世宝,sz002703,18.04,17.61,17.68,17.71,17.79,17.807934,991965,0.0,0.0,0.0,0.0241,0.0016
2013-08-30,浙江世宝,sz002703,17.93,16.61,17.61,16.84,17.71,16.933119,1718752,0.0,0.0,0.0,0.0745,-0.0437
2013-09-02,浙江世宝,sz002703,17.08,16.38,16.73,17.04,16.84,17.134216,881584,0.0,0.0,0.0,0.0415,0.0185
2013-09-03,浙江世宝,sz002703,17.18,16.86,17.05,17.06,17.04,17.154333,748576,0.0,0.0,0.0,0.0187,5.0E-4
2013-09-04,浙江世宝,sz002703,17.36,16.8,17.07,16.91,17.06,17.003511,980637,0.0,0.0,0.0,0.0328,-0.0093
2013-09-05,浙江世宝,sz002703,17.15,16.76,16.92,17.15,16.91,17.244843,1064804,0.0,0.0,0.0,0.023,0.0135
2013-09-06,浙江世宝,sz002703,18.48,17.01,17.09,18.33,17.15,18.431374,3411849,0.0,0.0,0.0,0.0857,0.0725
2013-09-09,浙江世宝,sz002703,18.32,17.36,18.32,18.1,18.33,18.200096,1821633,0.0,0.0,0.0,0.0523,-0.012
2013-09-10,浙江世宝,sz002703,18.2,17.7,18.2,17.9,18.1,17.998985,1314497,0.0,0.0,0.0,0.0276,-0.0164
2013-09-11,浙江世宝,sz002703,18.37,17.61,17.9,17.68,17.9,17.77776,1347594,0.0,0.0,0.0,0.0424,-0.0122
2013-09-12,浙江世宝,sz002703,18.3,17.5,17.7,18.26,17.68,18.36096,1692323,0.0,0.0,0.0,0.0452,0.0316
2013-09-13,浙江世宝,sz002703,18.36,17.71,18.16,17.88,18.26,17.97885,1002064,0.0,0.0,0.0,0.0355,-0.0154
2013-09-16,浙江世宝,sz002703,18.16,17.4,18.15,17.48,17.88,17.576645,1201029,0.0,0.0,0.0,0.0425,-0.0369
2013-09-17,浙江世宝,sz002703,17.48,16.93,17.48,17.03,17.48,17.124151,895513,0.0,0.0,0.0,0.0314,-0.0257
2013-09-18,浙江世宝,sz002703,17.31,16.89,16.98,17.23,17.03,17.325258,508220,0.0,0.0,0.0,0.0246,0.0147
2013-09-23,浙江世宝,sz002703,17.52,17.11,17.23,17.4,17.23,17.496206,711882,0.0,0.0,0.0,0.0237,0.0098
2013-09-24,浙江世宝,sz002703,17.48,17.12,17.47,17.34,17.4,17.435879,679128,0.0,0.0,0.0,0.0206,-0.0074
2013-09-25,浙江世宝,sz002703,17.52,17.16,17.3,17.2,17.34,17.295101,654389,0.0,0.0,0.0,0.0207,-0.0057
2013-09-26,浙江世宝,sz002703,17.29,17.05,17.22,17.05,17.2,17.144272,576946,0.0,0.0,0.0,0.0139,-0.0098
2013-09-27,浙江世宝,sz002703,17.2,16.93,17.05,16.94,17.05,17.033657,539119,0.0,0.0,0.0,0.0158,-0.0064
2013-09-30,浙江世宝,sz002703,17.17,16.8,16.8,17.1,16.94,17.19454,448389,0.0,0.0,0.0,0.0218,0.0178
2013-10-08,浙江世宝,sz002703,17.4,17.18,17.18,17.31,17.1,17.405706,534682,0.0,0.0,0.0,0.0128,0.0075
2013-10-09,浙江世宝,sz002703,17.79,17.23,17.31,17.69,17.31,17.787813,1253288,0.0,0.0,0.0,0.0323,0.0219
2013-10-10,浙江世宝,sz002703,17.88,17.46,17.63,17.56,17.69,17.657091,899363,0.0,0.0,0.0,0.0237,-0.0039
2013-10-11,浙江世宝,sz002703,18.2,17.52,17.52,18.06,17.56,18.159859,1789482,0.0,0.0,0.0,0.0387,0.0308
2013-10-14,浙江世宝,sz002703,18.2,17.73,18.06,17.89,18.06,17.98892,1019673,0.0,0.0,0.0,0.026,-0.0094
2013-10-15,浙江世宝,sz002703,17.99,17.58,17.9,17.67,17.89,17.76771,831740,0.0,0.0,0.0,0.0229,-0.0128
2013-10-16,浙江世宝,sz002703,17.72,16.83,17.51,17.0,17.67,17.094011,817349,0.0,0.0,0.0,0.0503,-0.0291
2013-10-17,浙江世宝,sz002703,17.38,16.96,17.1,17.26,17.0,17.355448,518536,0.0,0.0,0.0,0.0247,0.0093
2013-10-18,浙江世宝,sz002703,17.32,17.01,17.24,17.16,17.26,17.25489,452240,0.0,0.0,0.0,0.0179,-0.0046
2013-10-21,浙江世宝,sz002703,18.49,17.05,17.15,18.34,17.16,18.441422,2545094,0.0,0.0,0.0,0.0839,0.0693
2013-10-22,浙江世宝,sz002703,18.47,17.89,18.1,17.95,18.34,18.049265,2135131,0.0,0.0,0.0,0.0316,-0.0082
2013-10-23,浙江世宝,sz002703,18.15,17.0,17.95,17.12,17.95,17.214668,1256578,0.0,0.0,0.0,0.064,-0.0462
2013-10-24,浙江世宝,sz002703,17.0,16.5,17.0,16.63,17.12,16.721966,1087072,0.0,0.0,0.0,0.0292,-0.0217
2013-10-25,浙江世宝,sz002703,16.95,16.54,16.66,16.78,16.63,16.872799,599228,0.0,0.0,0.0,0.0246,0.0072
2013-10-28,浙江世宝,sz002703,16.86,16.62,16.85,16.75,16.78,16.84263,330254,0.0,0.0,0.0,0.0143,-0.0059
2013-10-29,浙江世宝,sz002703,16.85,15.09,16.7,15.5,16.75,15.585715,850332,0.0,0.0,0.0,0.105,-0.0718
2013-10-30,浙江世宝,sz002703,15.75,15.38,15.5,15.7,15.5,15.786818,551959,0.0,0.0,0.0,0.0238,0.0129
2013-10-31,浙江世宝,sz002703,15.89,15.55,15.6,15.82,15.7,15.907476,412958,0.0,0.0,0.0,0.0216,0.0141
2013-11-01,浙江世宝,sz002703,16.36,15.36,15.71,15.95,15.82,16.038189,588475,0.0,0.0,0.0,0.0632,0.0152
2013-11-04,浙江世宝,sz002703,16.15,15.74,15.95,16.08,15.95,16.1689,222656,0.0,0.0,0.0,0.0257,0.0081
2013-11-05,浙江世宝,sz002703,16.28,15.55,15.9,16.19,16.08,16.27951,505580,0.0,0.0,0.0,0.0453,0.0182
2013-11-06,浙江世宝,sz002703,16.49,16.03,16.03,16.3,16.19,16.390114,641407,0.0,0.0,0.0,0.0284,0.0168
2013-11-07,浙江世宝,sz002703,16.38,16.1,16.38,16.27,16.3,16.359957,389455,0.0,0.0,0.0,0.0171,-0.0067
2013-11-08,浙江世宝,sz002703,16.38,16.13,16.13,16.15,16.27,16.239285,349045,0.0,0.0,0.0,0.0153,0.0012
2013-11-11,浙江世宝,sz002703,16.45,15.55,16.02,16.36,16.15,16.450445,514623,0.0,0.0,0.0,0.0557,0.0212
2013-11-12,浙江世宝,sz002703,16.99,16.17,16.36,16.6,16.36,16.691772,921228,0.0,0.0,0.0,0.0501,0.0146
2013-11-13,浙江世宝,sz002703,16.58,16.21,16.45,16.22,16.6,16.309664,469903,0.0,0.0,0.0,0.0222,-0.0139
2013-11-14,浙江世宝,sz002703,16.8,16.03,16.2,16.68,16.22,16.772205,850313,0.0,0.0,0.0,0.0474,0.0296
2013-11-15,浙江世宝,sz002703,17.35,16.63,16.7,16.94,16.68,17.033651,1199047,0.0,0.0,0.0,0.0431,0.0143
2013-11-18,浙江世宝,sz002703,18.35,16.8,17.0,17.8,16.94,17.8984,1973690,0.0,0.0,0.0,0.0914,0.047
2013-11-19,浙江世宝,sz002703,18.18,17.36,17.8,17.98,17.8,18.079388,1465123,0.0,0.0,0.0,0.046,0.0101
2013-11-20,浙江世宝,sz002703,17.98,17.55,17.98,17.72,17.98,17.817942,740711,0.0,0.0,0.0,0.0239,-0.0144
2013-11-21,浙江世宝,sz002703,17.88,17.36,17.61,17.43,17.72,17.526333,712491,0.0,0.0,0.0,0.0293,-0.0102
2013-11-22,浙江世宝,sz002703,19.17,17.7,17.8,19.17,17.43,19.275951,2743489,0.0,0.0,0.0,0.0843,0.0769
2013-11-25,浙江世宝,sz002703,19.6,18.5,19.48,19.58,19.17,19.688227,4611035,0.0,0.0,0.0,0.0573,0.0051
2013-11-26,浙江世宝,sz002703,21.54,19.13,19.13,20.31,19.58,20.422262,6976043,0.0,0.0,0.0,0.123,0.0616
2013-11-27,浙江世宝,sz002703,20.78,19.68,20.1,20.14,20.31,20.251328,3529452,0.0,0.0,0.0,0.0541,0.0019
2013-11-28,浙江世宝,sz002703,22.15,19.8,20.02,22.15,20.14,22.27243,4477519,0.0,0.0,0.0,0.1166,0.1063
2013-11-29,浙江世宝,sz002703,24.35,21.1,21.4,23.88,22.15,24.011995,6344468,0.0,0.0,0.0,0.1467,0.1158
2013-12-02,浙江世宝,sz002703,22.97,21.49,22.2,21.49,23.88,21.60878,4297590,0.0,0.0,0.0,0.0619,-0.0319
2013-12-03,浙江世宝,sz002703,21.35,19.34,19.99,20.51,21.49,20.623354,4046991,0.0,0.0,0.0,0.0935,0.026
2013-12-04,浙江世宝,sz002703,21.46,19.73,20.51,20.71,20.51,20.824453,3617012,0.0,0.0,0.0,0.0843,0.0097
2013-12-05,浙江世宝,sz002703,20.47,19.61,20.46,19.89,20.71,19.99993,2525061,0.0,0.0,0.0,0.0415,-0.0278
2013-12-06,浙江世宝,sz002703,20.86,19.65,19.8,20.24,19.89,20.351868,2307520,0.0,0.0,0.0,0.0608,0.0222
2013-12-09,浙江世宝,sz002703,21.45,20.11,20.33,21.31,20.24,21.42779,3101194,0.0,0.0,0.0,0.0662,0.0482
2013-12-10,浙江世宝,sz002703,21.21,20.62,21.11,20.65,21.31,20.76415,2013606,0.0,0.0,0.0,0.0276,-0.0217
2013-12-11,浙江世宝,sz002703,20.58,19.88,20.58,19.92,20.65,20.030117,1566693,0.0,0.0,0.0,0.0338,-0.032
2013-12-12,浙江世宝,sz002703,20.84,19.98,19.98,20.6,19.92,20.713884,1810812,0.0,0.0,0.0,0.0431,0.031
2013-12-13,浙江世宝,sz002703,21.3,20.22,20.4,20.99,20.6,21.10604,2517807,0.0,0.0,0.0,0.0524,0.0289
2013-12-16,浙江世宝,sz002703,21.19,20.32,20.9,20.37,20.99,20.482609,1495834,0.0,0.0,0.0,0.0414,-0.0253
2013-12-17,浙江世宝,sz002703,20.6,19.24,20.3,19.25,20.37,19.356415,1449336,0.0,0.0,0.0,0.0667,-0.0517
2013-12-18,浙江世宝,sz002703,20.1,18.9,19.25,19.98,19.25,20.090448,1203896,0.0,0.0,0.0,0.0623,0.0379
2013-12-19,浙江世宝,sz002703,20.2,19.55,19.79,19.64,19.98,19.74857,983009,0.0,0.0,0.0,0.0325,-0.0075
2013-12-20,浙江世宝,sz002703,20.16,19.55,19.8,19.89,19.64,19.999949,992543,0.0,0.0,0.0,0.031,0.0045
2013-12-23,浙江世宝,sz002703,20.09,19.01,20.0,19.6,19.89,19.70835,622311,0.0,0.0,0.0,0.0542,-0.0199
2013-12-24,浙江世宝,sz002703,20.45,19.58,19.6,20.24,19.6,20.351887,1399445,0.0,0.0,0.0,0.0443,0.0326
2013-12-25,浙江世宝,sz002703,21.6,20.11,20.18,21.3,20.24,21.417755,3104853,0.0,0.0,0.0,0.0736,0.0555
2013-12-26,浙江世宝,sz002703,21.3,20.33,20.81,20.47,21.3,20.58317,1891003,0.0,0.0,0.0,0.0455,-0.0163
2013-12-27,浙江世宝,sz002703,20.89,20.28,20.41,20.58,20.47,20.693783,1231092,0.0,0.0,0.0,0.0297,0.0083
2013-12-30,浙江世宝,sz002703,21.18,20.55,20.72,20.79,20.58,20.904943,1027041,0.0,0.0,0.0,0.0306,0.0033
2013-12-31,浙江世宝,sz002703,20.7,19.6,20.7,19.78,20.79,19.88936,1265734,0.0,0.0,0.0,0.0529,-0.0444
2014-01-02,浙江世宝,sz002703,20.1,19.65,20.1,20.01,19.78,20.120634,611966,0.0,0.0,0.0,0.0227,-0.0044
2014-01-03,浙江世宝,sz002703,20.35,19.64,20.03,20.28,20.01,20.39212,1111477,0.0,0.0,0.0,0.0354,0.0124
2014-01-06,浙江世宝,sz002703,20.2,19.7,19.95,19.73,20.28,19.839087,755417,0.0,0.0,0.0,0.0246,-0.011
2014-01-07,浙江世宝,sz002703,20.04,19.37,19.37,19.95,19.73,20.060312,622850,0.0,0.0,0.0,0.0339,0.0299
2014-01-08,浙江世宝,sz002703,20.69,19.96,19.96,20.24,19.95,20.35191,1806322,0.0,0.0,0.0,0.0365,0.014
2014-01-09,浙江世宝,sz002703,20.24,19.41,20.24,19.41,20.24,19.517319,1376889,0.0,0.0,0.0,0.041,-0.041
2014-01-10,浙江世宝,sz002703,19.7,19.22,19.39,19.42,19.41,19.527369,462220,0.0,0.0,0.0,0.0247,0.0015
2014-01-13,浙江世宝,sz002703,19.7,19.4,19.42,19.53,19.42,19.637972,454890,0.0,0.0,0.0,0.0154,0.0056
2014-01-14,浙江世宝,sz002703,19.82,19.41,19.7,19.82,19.53,19.929577,607043,0.0,0.0,0.0,0.0209,0.006
2014-01-15,浙江世宝,sz002703,20.55,19.85,20.0,20.09,19.82,20.201077,1129253,0.0,0.0,0.0,0.0353,0.0044
2014-01-16,浙江世宝,sz002703,20.37,19.81,20.1,20.21,20.09,20.321737,896027,0.0,0.0,0.0,0.0278,0.0054
2014-01-17,浙江世宝,sz002703,21.5,20.31,20.6,20.9,20.21,21.015562,3323072,0.0,0.0,0.0,0.0588,0.0145
2014-01-20,浙江世宝,sz002703,21.48,20.31,20.5,21.38,20.9,21.498228,2385802,0.0,0.0,0.0,0.0559,0.0429
2014-01-21,浙江世宝,sz002703,21.63,21.0,21.32,21.16,21.38,21.27701,1819793,0.0,0.0,0.0,0.0294,-0.0075
2014-01-22,浙江世宝,sz002703,21.55,21.01,21.11,21.44,21.16,21.558569,1822683,0.0,0.0,0.0,0.0255,0.0156
2014-01-23,浙江世宝,sz002703,21.5,20.75,21.44,21.15,21.44,21.266968,1931734,0.0,0.0,0.0,0.0349,-0.0135
2014-01-24,浙江世宝,sz002703,21.4,20.86,20.93,20.89,21.15,21.005533,1272163,0.0,0.0,0.0,0.0255,-0.0019
2014-01-28,浙江世宝,sz002703,22.0,20.36,21.01,20.44,20.89,20.553053,1743442,0.0,0.0,0.0,0.0785,-0.0271
2014-01-29,浙江世宝,sz002703,20.31,19.6,20.3,20.03,20.44,20.14078,1350565,0.0,0.0,0.0,0.0347,-0.0133
2014-01-30,浙江世宝,sz002703,20.18,19.81,19.85,20.01,20.03,20.120659,414715,0.0,0.0,0.0,0.0184,0.008
2014-02-07,浙江世宝,sz002703,20.78,19.81,20.01,20.65,20.01,20.764198,956282,0.0,0.0,0.0,0.0484,0.0319
2014-02-10,浙江世宝,sz002703,21.68,20.65,20.65,21.2,20.65,21.317232,1864244,0.0,0.0,0.0,0.0498,0.0266
2014-02-11,浙江世宝,sz002703,21.55,20.62,21.25,21.02,21.2,21.136227,1661790,0.0,0.0,0.0,0.0438,-0.0108
2014-02-12,浙江世宝,sz002703,22.5,20.82,21.04,22.23,21.02,22.352913,3672643,0.0,0.0,0.0,0.0799,0.0565
2014-02-13,浙江世宝,sz002703,22.24,21.52,22.23,21.58,22.23,21.699314,1950693,0.0,0.0,0.0,0.0323,-0.0292
2014-02-14,浙江世宝,sz002703,21.86,20.98,21.51,21.8,21.58,21.920538,1775507,0.0,0.0,0.0,0.0407,0.0134
2014-02-17,浙江世宝,sz002703,22.95,21.3,21.71,22.61,21.8,22.735018,3357318,0.0,0.0,0.0,0.0756,0.0414
2014-02-18,浙江世宝,sz002703,23.39,22.2,22.34,22.46,22.61,22.584194,2674930,0.0,0.0,0.0,0.0526,0.0053
2014-02-19,浙江世宝,sz002703,22.78,21.65,22.34,21.88,22.46,22.000978,1845514,0.0,0.0,0.0,0.0503,-0.0205
2014-02-20,浙江世宝,sz002703,22.17,21.0,21.68,21.0,21.88,21.116121,1340581,0.0,0.0,0.0,0.0534,-0.0313
2014-02-21,浙江世宝,sz002703,21.99,20.73,21.0,21.95,21.0,22.071373,1572010,0.0,0.0,0.0,0.0599,0.0452
2014-02-24,浙江世宝,sz002703,22.36,21.45,21.75,21.91,21.95,22.031158,1495434,0.0,0.0,0.0,0.0414,0.0073
2014-02-25,浙江世宝,sz002703,22.12,19.72,21.89,20.08,21.91,20.191029,1712775,0.0,0.0,0.0,0.1095,-0.0826
2014-02-26,浙江世宝,sz002703,20.2,19.06,19.74,19.7,20.08,19.808933,1201047,0.0,0.0,0.0,0.0567,-0.002
2014-02-27,浙江世宝,sz002703,20.25,19.6,19.86,19.9,19.7,20.010035,852928,0.0,0.0,0.0,0.0329,0.002
2014-02-28,浙江世宝,sz002703,19.99,19.1,19.6,19.82,19.9,19.929594,744597,0.0,0.0,0.0,0.0447,0.0112
2014-03-03,浙江世宝,sz002703,20.55,19.5,19.79,20.4,19.82,20.512793,693989,0.0,0.0,0.0,0.0529,0.0308
2014-03-04,浙江世宝,sz002703,20.36,19.71,20.36,20.01,20.4,20.12063,735931,0.0,0.0,0.0,0.0318,-0.0171
2014-03-05,浙江世宝,sz002703,20.18,19.9,19.9,20.05,20.01,20.16085,514521,0.0,0.0,0.0,0.0139,0.0075
2014-03-06,浙江世宝,sz002703,20.18,19.67,20.18,20.04,20.05,20.150791,547335,0.0,0.0,0.0,0.0254,-0.0069
2014-03-07,浙江世宝,sz002703,20.24,19.86,20.04,20.15,20.04,20.261398,477303,0.0,0.0,0.0,0.0189,0.0054
2014-03-10,浙江世宝,sz002703,20.15,19.1,20.15,19.31,20.15,19.416761,494620,0.0,0.0,0.0,0.0521,-0.0416
2014-03-11,浙江世宝,sz002703,19.46,19.1,19.14,19.23,19.31,19.336317,314775,0.0,0.0,0.0,0.0186,0.0047
2014-03-12,浙江世宝,sz002703,19.47,19.0,19.38,19.28,19.23,19.386591,281921,0.0,0.0,0.0,0.0244,-0.0051
2014-03-13,浙江世宝,sz002703,19.62,19.3,19.3,19.52,19.28,19.627916,296906,0.0,0.0,0.0,0.0165,0.0113
2014-03-14,浙江世宝,sz002703,19.72,19.21,19.72,19.43,19.52,19.537413,282942,0.0,0.0,0.0,0.0261,-0.0147
2014-03-17,浙江世宝,sz002703,19.84,19.22,19.46,19.82,19.43,19.929567,311072,0.0,0.0,0.0,0.0319,0.0184
2014-03-18,浙江世宝,sz002703,20.15,19.66,19.9,20.11,19.82,20.221176,530349,0.0,0.0,0.0,0.0247,0.0105
2014-03-19,浙江世宝,sz002703,20.09,19.88,20.09,20.01,20.11,20.120617,417001,0.0,0.0,0.0,0.0104,-0.0039
2014-03-20,浙江世宝,sz002703,20.39,19.78,20.06,19.8,20.01,19.90945,463703,0.0,0.0,0.0,0.0304,-0.0129
2014-03-21,浙江世宝,sz002703,20.21,19.52,19.59,20.14,19.8,20.251335,382677,0.0,0.0,0.0,0.0348,0.028
2014-03-24,浙江世宝,sz002703,20.32,19.9,20.32,20.01,20.14,20.120613,362463,0.0,0.0,0.0,0.0208,-0.0152
2014-03-25,浙江世宝,sz002703,20.1,19.86,20.09,20.0,20.01,20.110554,280290,0.0,0.0,0.0,0.0119,-0.0044
2014-03-26,浙江世宝,sz002703,20.06,19.81,20.02,19.95,20.0,20.060276,255920,0.0,0.0,0.0,0.0125,-0.0034
2014-03-27,浙江世宝,sz002703,19.96,19.05,19.86,19.05,19.95,19.155296,535605,0.0,0.0,0.0,0.0456,-0.0407
2014-03-28,浙江世宝,sz002703,19.14,17.51,18.87,18.24,19.05,18.340815,695661,0.0,0.0,0.0,0.0855,-0.0333
2014-03-31,浙江世宝,sz002703,18.52,18.0,18.25,18.25,18.24,18.350864,201144,0.0,0.0,0.0,0.0285,0.0
2014-04-01,浙江世宝,sz002703,18.5,18.19,18.4,18.49,18.25,18.592197,233601,0.0,0.0,0.0,0.0169,0.0048
2014-04-02,浙江世宝,sz002703,18.8,18.35,18.4,18.79,18.49,18.893856,277734,0.0,0.0,0.0,0.0243,0.0211
2014-04-03,浙江世宝,sz002703,18.95,18.67,18.67,18.81,18.79,18.913958,289578,0.0,0.0,0.0,0.0149,0.0074
2014-04-04,浙江世宝,sz002703,19.08,18.68,18.84,19.06,18.81,19.165344,209279,0.0,0.0,0.0,0.0212,0.0116
2014-04-08,浙江世宝,sz002703,19.5,18.95,19.06,19.43,19.06,19.537382,355779,0.0,0.0,0.0,0.0288,0.0194
2014-04-09,浙江世宝,sz002703,19.75,19.32,19.5,19.61,19.43,19.718376,286296,0.0,0.0,0.0,0.0221,0.0056
2014-04-10,浙江世宝,sz002703,20.99,19.5,19.5,20.61,19.61,20.723894,1644403,0.0,0.0,0.0,0.0759,0.0569
2014-04-11,浙江世宝,sz002703,20.4,19.78,20.2,19.86,20.61,19.969751,1118041,0.0,0.0,0.0,0.03,-0.0168
2014-04-14,浙江世宝,sz002703,19.84,19.3,19.69,19.84,19.86,19.949642,535990,0.0,0.0,0.0,0.0271,0.0076
2014-04-15,浙江世宝,sz002703,20.04,19.51,19.73,19.92,19.84,20.030079,506119,0.0,0.0,0.0,0.0267,0.0096
2014-04-16,浙江世宝,sz002703,20.2,19.73,19.92,19.83,19.92,19.939583,336672,0.0,0.0,0.0,0.0235,-0.0045
2014-04-17,浙江世宝,sz002703,19.97,19.74,19.89,19.88,19.83,19.989851,285292,0.0,0.0,0.0,0.0115,-5.0E-4
2014-04-18,浙江世宝,sz002703,19.89,19.35,19.89,19.82,19.88,19.929522,317864,0.0,0.0,0.0,0.0271,-0.0035
2014-04-21,浙江世宝,sz002703,20.18,19.38,19.5,19.65,19.82,19.758587,360920,0.0,0.0,0.0,0.0403,0.0076
2014-04-22,浙江世宝,sz002703,20.04,19.0,19.41,19.86,19.65,19.969746,673184,0.0,0.0,0.0,0.0529,0.0231
2014-04-23,浙江世宝,sz002703,19.8,19.48,19.58,19.49,19.86,19.59771,159618,0.0,0.0,0.0,0.0161,-0.0045
2014-04-24,浙江世宝,sz002703,19.85,19.33,19.56,19.47,19.49,19.577602,181610,0.0,0.0,0.0,0.0266,-0.0046
2014-04-25,浙江世宝,sz002703,19.48,18.53,19.48,18.53,19.47,18.632416,338577,0.0,0.0,0.0,0.0487,-0.0487
2014-04-28,浙江世宝,sz002703,18.96,18.23,18.5,18.31,18.53,18.411194,203694,0.0,0.0,0.0,0.0393,-0.0102
2014-04-29,浙江世宝,sz002703,18.76,18.2,18.2,18.65,18.31,18.75307,124490,0.0,0.0,0.0,0.0305,0.0247
2014-04-30,浙江世宝,sz002703,19.2,18.68,19.19,19.16,18.65,19.265892,303369,0.0,0.0,0.0,0.0278,-0.0015
2014-05-05,浙江世宝,sz002703,19.36,18.95,19.16,19.25,19.16,19.356384,173806,0.0,0.0,0.0,0.0213,0.0046
2014-05-06,浙江世宝,sz002703,19.45,19.15,19.15,19.34,19.25,19.446875,195344,0.0,0.0,0.0,0.0155,0.0099
2014-05-07,浙江世宝,sz002703,19.49,18.8,19.48,18.97,19.34,19.074837,152373,0.0,0.0,0.0,0.0356,-0.0261
2014-05-08,浙江世宝,sz002703,20.87,18.95,18.95,19.86,18.97,19.969751,2675914,0.0,0.0,0.0,0.1012,0.048
2014-05-09,浙江世宝,sz002703,20.0,18.72,19.88,18.93,19.86,19.034609,1019399,0.0,0.0,0.0,0.0644,-0.0477
2014-05-12,浙江世宝,sz002703,19.2,18.5,18.8,19.02,18.93,19.1251,678308,0.0,0.0,0.0,0.0369,0.0117
2014-05-13,浙江世宝,sz002703,19.8,18.9,19.02,19.57,19.02,19.678139,579721,0.0,0.0,0.0,0.0473,0.0289
2014-05-14,浙江世宝,sz002703,19.57,19.18,19.5,19.4,19.57,19.507195,296614,0.0,0.0,0.0,0.0199,-0.0051
2014-05-15,浙江世宝,sz002703,19.49,18.75,19.4,18.78,19.4,18.883764,343660,0.0,0.0,0.0,0.0381,-0.0319
2014-05-16,浙江世宝,sz002703,18.96,18.51,18.51,18.87,18.78,18.974257,165599,0.0,0.0,0.0,0.0239,0.0194
2014-05-19,浙江世宝,sz002703,19.17,18.63,19.16,19.14,18.87,19.245739,222256,0.0,0.0,0.0,0.0286,-0.001
2014-05-20,浙江世宝,sz002703,19.55,19.1,19.24,19.23,19.14,19.336233,313756,0.0,0.0,0.0,0.0235,-5.0E-4
2014-05-21,浙江世宝,sz002703,19.53,19.01,19.1,19.48,19.23,19.587624,375187,0.0,0.0,0.0,0.027,0.0198
2014-05-22,浙江世宝,sz002703,19.62,19.36,19.36,19.48,19.48,19.587624,246213,0.0,0.0,0.0,0.0133,0.0061
2014-05-23,浙江世宝,sz002703,20.13,19.22,19.25,20.1,19.48,20.211058,603617,0.0,0.0,0.0,0.0467,0.0441
2014-05-26,浙江世宝,sz002703,20.23,19.83,20.13,20.08,20.1,20.190948,455040,0.0,0.0,0.0,0.0199,-0.0024
2014-05-27,浙江世宝,sz002703,20.26,19.9,20.1,20.09,20.08,20.201004,293624,0.0,0.0,0.0,0.0179,-4.0E-4
2014-05-28,浙江世宝,sz002703,20.38,19.94,20.07,20.31,20.09,20.422224,530404,0.0,0.0,0.0,0.0219,0.0119
2014-05-29,浙江世宝,sz002703,20.45,19.78,20.11,20.39,20.31,20.502668,549836,0.0,0.0,0.0,0.0329,0.0139
2014-05-30,浙江世宝,sz002703,20.3,19.96,20.11,20.11,20.39,20.221125,212934,0.0,0.0,0.0,0.0166,0.0
2014-06-03,浙江世宝,sz002703,20.24,19.97,20.24,20.01,20.11,20.120565,102771,0.0,0.0,0.0,0.0134,-0.0113
2014-06-04,浙江世宝,sz002703,20.07,19.6,20.07,19.68,20.01,19.788736,173482,0.0,0.0,0.0,0.0234,-0.0194
2014-06-05,浙江世宝,sz002703,20.04,19.57,19.68,20.03,19.68,20.14068,167740,0.0,0.0,0.0,0.0238,0.0177
2014-06-06,浙江世宝,sz002703,20.05,19.76,19.94,19.98,20.03,20.090408,175812,0.0,0.0,0.0,0.0144,0.002
2014-06-09,浙江世宝,sz002703,20.44,19.87,19.98,20.26,19.98,20.371956,598070,0.0,0.0,0.0,0.0285,0.014
2014-06-10,浙江世宝,sz002703,20.49,20.08,20.49,20.17,20.26,20.281464,402363,0.0,0.0,0.0,0.0202,-0.0156
2014-06-11,浙江世宝,sz002703,20.4,20.08,20.18,20.38,20.17,20.492634,387783,0.0,0.0,0.0,0.0158,0.0099
2014-06-12,浙江世宝,sz002703,20.88,20.27,20.4,20.36,20.38,20.47253,690477,0.0,0.0,0.0,0.0299,-0.0019
2014-06-13,浙江世宝,sz002703,22.05,20.4,20.48,20.4,20.36,20.512758,4680078,0.0,0.0,0.0,0.081,-0.0039
2014-06-16,浙江世宝,sz002703,21.39,19.2,20.25,21.1,20.4,21.216635,2907259,0.0,0.0,0.0,0.1073,0.0419
2014-06-17,浙江世宝,sz002703,20.81,20.1,20.7,20.17,21.1,20.28149,1598466,0.0,0.0,0.0,0.0336,-0.0256
2014-06-18,浙江世宝,sz002703,20.35,19.89,20.09,20.0,20.17,20.110558,797636,0.0,0.0,0.0,0.0228,-0.0044
2014-06-19,浙江世宝,sz002703,20.17,19.31,19.9,19.67,20.0,19.778732,807802,0.0,0.0,0.0,0.043,-0.0115
2014-06-20,浙江世宝,sz002703,20.15,19.51,19.66,20.07,19.67,20.180954,498282,0.0,0.0,0.0,0.0325,0.0208
2014-06-23,浙江世宝,sz002703,20.4,19.9,20.07,20.28,20.07,20.392107,493467,0.0,0.0,0.0,0.0249,0.0104
2014-06-24,浙江世宝,sz002703,20.4,19.98,20.28,20.11,20.28,20.221159,557826,0.0,0.0,0.0,0.0207,-0.0083
2014-06-25,浙江世宝,sz002703,20.14,19.91,20.05,20.09,20.11,20.20104,371072,0.0,0.0,0.0,0.0114,0.0019
2014-06-26,浙江世宝,sz002703,20.55,20.1,20.1,20.42,20.09,20.532862,1060599,0.0,0.0,0.0,0.0223,0.0159
2014-06-27,浙江世宝,sz002703,20.76,20.26,20.35,20.59,20.42,20.703798,1080624,0.0,0.0,0.0,0.0244,0.0117
2014-06-30,浙江世宝,sz002703,20.78,20.3,20.3,20.58,20.59,20.693735,829820,0.0,0.0,0.0,0.0233,0.0137
2014-07-01,浙江世宝,sz002703,20.76,20.36,20.58,20.62,20.58,20.733965,725363,0.0,0.0,0.0,0.0194,0.0019
2014-07-02,浙江世宝,sz002703,20.73,20.31,20.68,20.38,20.62,20.492641,483475,0.0,0.0,0.0,0.0203,-0.0145
2014-07-03,浙江世宝,sz002703,20.76,20.27,20.47,20.61,20.38,20.723923,848733,0.0,0.0,0.0,0.024,0.0068
2014-07-04,浙江世宝,sz002703,20.7,20.35,20.6,20.6,20.61,20.713871,678440,0.0,0.0,0.0,0.0169,0.0
2014-07-07,浙江世宝,sz002703,21.26,20.5,20.67,20.98,20.6,21.09598,1401023,0.0,0.0,0.0,0.0368,0.0149
2014-07-08,浙江世宝,sz002703,21.19,20.77,20.96,21.08,20.98,21.196524,982876,0.0,0.0,0.0,0.02,0.0057
2014-07-09,浙江世宝,sz002703,21.46,20.88,20.88,20.96,21.08,21.075851,1126689,0.0,0.0,0.0,0.0275,0.0038
2014-07-10,浙江世宝,sz002703,21.27,20.87,20.91,21.0,20.96,21.116064,678183,0.0,0.0,0.0,0.019,0.0043
2014-07-11,浙江世宝,sz002703,21.17,20.78,20.95,21.07,21.0,21.186443,724747,0.0,0.0,0.0,0.0185,0.0057
2014-07-14,浙江世宝,sz002703,21.66,20.89,20.89,21.46,21.07,21.578606,1196167,0.0,0.0,0.0,0.0365,0.0272
2014-07-15,浙江世宝,sz002703,21.63,21.1,21.46,21.18,21.46,21.297047,740208,0.0,0.0,0.0,0.0246,-0.013
2014-07-16,浙江世宝,sz002703,21.27,20.45,21.06,20.47,21.18,20.583128,765129,0.0,0.0,0.0,0.0387,-0.028
2014-07-17,浙江世宝,sz002703,20.47,20.06,20.45,20.42,20.47,20.532843,469703,0.0,0.0,0.0,0.02,-0.0014
2014-07-18,浙江世宝,sz002703,20.69,20.38,20.38,20.44,20.42,20.552944,311416,0.0,0.0,0.0,0.0151,0.0029
2014-07-21,浙江世宝,sz002703,20.65,20.3,20.44,20.36,20.44,20.4725,288509,0.0,0.0,0.0,0.0171,-0.0039
2014-07-22,浙江世宝,sz002703,20.54,20.2,20.45,20.41,20.36,20.522781,395310,0.0,0.0,0.0,0.0166,-0.0019
2014-07-23,浙江世宝,sz002703,20.41,19.82,20.4,20.01,20.41,20.120575,785160,0.0,0.0,0.0,0.0289,-0.0191
2014-07-24,浙江世宝,sz002703,20.12,19.65,19.9,19.76,20.01,19.869188,512423,0.0,0.0,0.0,0.0234,-0.007
2014-07-25,浙江世宝,sz002703,20.35,19.76,19.77,20.11,19.76,20.221132,458616,0.0,0.0,0.0,0.0298,0.0171
2014-07-28,浙江世宝,sz002703,20.48,20.15,20.48,20.32,20.11,20.4323,500468,0.0,0.0,0.0,0.0164,-0.0078
2014-07-29,浙江世宝,sz002703,20.44,20.22,20.44,20.36,20.32,20.472532,542376,0.0,0.0,0.0,0.0108,-0.0039
2014-07-30,浙江世宝,sz002703,20.68,20.24,20.39,20.6,20.36,20.713863,665126,0.0,0.0,0.0,0.0216,0.0102
2014-07-31,浙江世宝,sz002703,20.71,20.41,20.5,20.62,20.6,20.814407,723536,0.0,0.0,0.0,0.0145,0.0058
2014-08-01,浙江世宝,sz002703,20.74,20.0,20.6,20.19,20.62,20.380344,855135,0.0,0.0,0.0,0.0358,-0.0199
2014-08-04,浙江世宝,sz002703,20.58,20.15,20.25,20.49,20.19,20.683176,589013,0.0,0.0,0.0,0.0212,0.0118
2014-08-05,浙江世宝,sz002703,20.96,20.45,20.5,20.83,20.49,21.026371,961761,0.0,0.0,0.0,0.0248,0.016
2014-08-06,浙江世宝,sz002703,20.85,20.54,20.85,20.7,20.83,20.895145,660571,0.0,0.0,0.0,0.0148,-0.0071
2014-08-07,浙江世宝,sz002703,20.79,20.53,20.78,20.56,20.7,20.753832,485119,0.0,0.0,0.0,0.0125,-0.0105
2014-08-08,浙江世宝,sz002703,20.71,20.3,20.54,20.67,20.56,20.864864,379412,0.0,0.0,0.0,0.0199,0.0063
2014-08-11,浙江世宝,sz002703,20.84,20.67,20.67,20.8,20.67,20.996084,683209,0.0,0.0,0.0,0.0082,0.0062
2014-08-12,浙江世宝,sz002703,20.85,20.69,20.83,20.85,20.8,21.046558,495276,0.0,0.0,0.0,0.0076,9.0E-4
2014-08-13,浙江世宝,sz002703,21.3,20.68,20.86,21.15,20.85,21.349377,1414251,0.0,0.0,0.0,0.0297,0.0139
2014-08-14,浙江世宝,sz002703,21.45,20.85,21.13,21.18,21.15,21.37965,929111,0.0,0.0,0.0,0.0283,0.0023
2014-08-15,浙江世宝,sz002703,21.41,21.03,21.04,21.33,21.18,21.531061,1247965,0.0,0.0,0.0,0.0179,0.0137
2014-08-18,浙江世宝,sz002703,21.97,21.25,21.8,21.33,21.33,21.531061,1182474,0.0,0.0,0.0,0.0337,-0.0215
2014-08-19,浙江世宝,sz002703,21.38,20.9,21.3,21.2,21.33,21.399828,1148572,0.0,0.0,0.0,0.0225,-0.0046
2014-08-20,浙江世宝,sz002703,21.43,21.05,21.05,21.24,21.2,21.44021,1004187,0.0,0.0,0.0,0.0179,0.009
2014-08-21,浙江世宝,sz002703,21.47,21.03,21.2,21.08,21.24,21.278702,741748,0.0,0.0,0.0,0.0207,-0.0056
2014-08-22,浙江世宝,sz002703,21.19,20.83,21.06,21.07,21.08,21.268616,823891,0.0,0.0,0.0,0.017,4.0E-4
2014-08-25,浙江世宝,sz002703,21.12,20.85,21.08,21.1,21.07,21.298903,603067,0.0,0.0,0.0,0.0128,9.0E-4
2014-08-26,浙江世宝,sz002703,21.3,20.47,21.01,20.55,21.1,20.743725,724751,0.0,0.0,0.0,0.0393,-0.0218
2014-08-27,浙江世宝,sz002703,20.97,20.49,20.49,20.85,20.55,21.046562,704973,0.0,0.0,0.0,0.0233,0.0175
2014-08-28,浙江世宝,sz002703,21.07,20.64,20.75,21.02,20.85,21.218155,856905,0.0,0.0,0.0,0.0206,0.013
2014-08-29,浙江世宝,sz002703,21.34,20.92,21.1,21.12,21.02,21.31909,710923,0.0,0.0,0.0,0.0199,9.0E-4
2014-09-01,浙江世宝,sz002703,21.19,21.01,21.12,21.1,21.12,21.2989,755489,0.0,0.0,0.0,0.0085,-9.0E-4
2014-09-02,浙江世宝,sz002703,21.58,21.09,21.09,21.43,21.1,21.632015,1560374,0.0,0.0,0.0,0.0232,0.0161
2014-09-03,浙江世宝,sz002703,21.61,21.3,21.44,21.45,21.43,21.652197,1175624,0.0,0.0,0.0,0.0144,4.0E-4
2014-09-04,浙江世宝,sz002703,21.83,21.39,21.48,21.68,21.45,21.884375,1251725,0.0,0.0,0.0,0.0205,0.0093
2014-09-05,浙江世宝,sz002703,21.79,21.18,21.56,21.47,21.68,21.672401,905292,0.0,0.0,0.0,0.0281,-0.0041
2014-09-09,浙江世宝,sz002703,23.3,21.35,21.45,23.13,21.47,23.348047,3433643,0.0,0.0,0.0,0.0908,0.0783
2014-09-10,浙江世宝,sz002703,25.44,22.8,23.1,25.16,23.13,25.397188,4524170,0.0,0.0,0.0,0.1141,0.0891
2014-09-11,浙江世宝,sz002703,25.38,24.0,25.16,24.98,25.16,25.215498,3198400,0.0,0.0,0.0,0.0548,-0.0071
2014-09-12,浙江世宝,sz002703,26.8,24.58,24.73,25.23,24.98,25.467854,4001861,0.0,0.0,0.0,0.0888,0.0202
2014-09-15,浙江世宝,sz002703,25.4,24.76,25.36,25.11,25.23,25.34673,1750919,0.0,0.0,0.0,0.0253,-0.0098
2014-09-16,浙江世宝,sz002703,25.24,23.89,24.88,23.99,25.11,24.216164,1892352,0.0,0.0,0.0,0.0537,-0.0357
2014-09-17,浙江世宝,sz002703,25.13,23.6,24.0,25.05,23.99,25.286154,1984817,0.0,0.0,0.0,0.0637,0.0437
2014-09-18,浙江世宝,sz002703,25.29,24.53,25.0,25.06,25.05,25.296244,1248897,0.0,0.0,0.0,0.0303,0.0023
2014-09-19,浙江世宝,sz002703,25.3,24.81,25.05,25.11,25.06,25.34671,900680,0.0,0.0,0.0,0.0195,0.0023
2014-09-22,浙江世宝,sz002703,25.97,24.86,25.11,25.16,25.11,25.397175,3127783,0.0,0.0,0.0,0.0442,0.0019
2014-09-23,浙江世宝,sz002703,25.37,24.6,25.05,25.08,25.16,25.316412,1450007,0.0,0.0,0.0,0.0306,0.0011
2014-09-24,浙江世宝,sz002703,27.4,24.93,25.08,26.89,25.08,27.143473,3054642,0.0,0.0,0.0,0.0984,0.0721
2014-09-25,浙江世宝,sz002703,26.57,25.85,26.54,25.93,26.89,26.174423,2187100,0.0,0.0,0.0,0.0267,-0.0229
2014-09-26,浙江世宝,sz002703,26.27,25.5,25.5,25.58,25.93,25.821121,1307582,0.0,0.0,0.0,0.0296,0.0031
2014-09-29,浙江世宝,sz002703,25.9,25.38,25.9,25.61,25.58,25.851408,1026271,0.0,0.0,0.0,0.0203,-0.0111
2014-09-30,浙江世宝,sz002703,25.84,25.38,25.5,25.45,25.61,25.68989,965593,0.0,0.0,0.0,0.0179,-0.0019
2014-10-08,浙江世宝,sz002703,25.8,25.4,25.48,25.79,25.45,26.033106,831778,0.0,0.0,0.0,0.0157,0.0121
2014-10-09,浙江世宝,sz002703,25.99,25.58,25.66,25.66,25.79,25.901873,1048879,0.0,0.0,0.0,0.0158,0.0
2014-10-10,浙江世宝,sz002703,27.72,25.6,25.7,26.74,25.66,26.992058,2463968,0.0,0.0,0.0,0.0826,0.0404
2014-10-13,浙江世宝,sz002703,27.25,25.71,26.78,26.9,26.74,27.153578,1357537,0.0,0.0,0.0,0.0575,0.0044
2014-10-14,浙江世宝,sz002703,27.42,26.45,26.46,26.75,26.9,27.002169,827094,0.0,0.0,0.0,0.036,0.0109
2014-10-15,浙江世宝,sz002703,26.81,26.0,26.75,26.2,26.75,26.446978,748773,0.0,0.0,0.0,0.0302,-0.0205
2014-10-16,浙江世宝,sz002703,26.55,26.0,26.2,26.0,26.2,26.24508,721376,0.0,0.0,0.0,0.0209,-0.0076
2014-10-17,浙江世宝,sz002703,25.65,24.0,25.0,24.49,26.0,24.720846,1299075,0.0,0.0,0.0,0.0634,-0.0204
2014-10-20,浙江世宝,sz002703,25.27,24.1,24.45,25.17,24.49,25.407246,859853,0.0,0.0,0.0,0.0477,0.0294
2014-10-21,浙江世宝,sz002703,25.22,24.72,25.16,24.98,25.17,25.215446,642366,0.0,0.0,0.0,0.0198,-0.0071
2014-10-22,浙江世宝,sz002703,25.16,24.61,24.95,24.72,24.98,24.953003,406903,0.0,0.0,0.0,0.022,-0.0092
2014-10-23,浙江世宝,sz002703,24.6,24.0,24.03,24.25,24.72,24.47857,495595,0.0,0.0,0.0,0.0242,0.0091
2014-10-24,浙江世宝,sz002703,24.65,23.85,23.85,24.55,24.25,24.781397,366266,0.0,0.0,0.0,0.0329,0.0293
2014-10-27,浙江世宝,sz002703,24.97,24.31,24.45,24.82,24.55,25.053942,492400,0.0,0.0,0.0,0.0268,0.0151
2014-10-28,浙江世宝,sz002703,26.79,24.65,24.85,25.8,24.82,26.043173,1205800,0.0,0.0,0.0,0.0862,0.0382
2014-10-29,浙江世宝,sz002703,26.4,25.41,25.61,25.69,25.8,25.932123,1114991,0.0,0.0,0.0,0.0383,0.0031
2014-10-30,浙江世宝,sz002703,25.85,25.12,25.85,25.2,25.69,25.437494,879033,0.0,0.0,0.0,0.0284,-0.0251
2014-10-31,浙江世宝,sz002703,25.63,25.08,25.18,25.53,25.2,25.7706,766849,0.0,0.0,0.0,0.0218,0.0138
2014-11-03,浙江世宝,sz002703,25.82,25.32,25.57,25.72,25.53,25.962383,703110,0.0,0.0,0.0,0.0195,0.0058
2014-11-04,浙江世宝,sz002703,26.75,25.57,25.72,26.49,25.72,26.739645,1771364,0.0,0.0,0.0,0.0458,0.0299
2014-11-05,浙江世宝,sz002703,26.7,26.17,26.7,26.45,26.49,26.699268,1221261,0.0,0.0,0.0,0.02,-0.0093
2014-11-06,浙江世宝,sz002703,26.99,26.35,26.78,26.77,26.45,27.022276,1502129,0.0,0.0,0.0,0.0241,-3.0E-4
2014-11-07,浙江世宝,sz002703,27.95,26.78,27.28,27.07,26.77,27.325115,2450115,0.0,0.0,0.0,0.0437,-0.0076
2014-11-10,浙江世宝,sz002703,28.88,27.11,27.3,27.99,27.07,28.253786,2393126,0.0,0.0,0.0,0.0653,0.0252
2014-11-11,浙江世宝,sz002703,28.27,25.19,28.27,25.51,27.99,25.750416,2031774,0.0,0.0,0.0,0.11,-0.0976
2014-11-12,浙江世宝,sz002703,26.49,24.6,25.26,26.06,25.51,26.305595,1344693,0.0,0.0,0.0,0.074,0.0316
2014-11-13,浙江世宝,sz002703,26.19,24.94,25.98,25.47,26.06,25.710035,1145922,0.0,0.0,0.0,0.0479,-0.0196
2014-11-14,浙江世宝,sz002703,25.33,24.98,25.32,25.1,25.47,25.336546,716539,0.0,0.0,0.0,0.0137,-0.0086
2014-11-17,浙江世宝,sz002703,25.81,25.16,25.16,25.6,25.1,25.84125,541720,0.0,0.0,0.0,0.0258,0.0174
2014-11-18,浙江世宝,sz002703,25.74,25.35,25.6,25.69,25.6,25.932108,507469,0.0,0.0,0.0,0.0152,0.0035
2014-11-19,浙江世宝,sz002703,26.97,25.41,25.65,26.88,25.69,27.133335,1335875,0.0,0.0,0.0,0.0607,0.0479
2014-11-20,浙江世宝,sz002703,27.23,26.18,26.77,26.9,26.88,27.153522,952734,0.0,0.0,0.0,0.039,0.0048
2014-11-21,浙江世宝,sz002703,26.9,26.42,26.7,26.51,26.9,26.759851,750601,0.0,0.0,0.0,0.0178,-0.0071
2014-11-24,浙江世宝,sz002703,26.8,26.21,26.65,26.75,26.51,27.002108,1005637,0.0,0.0,0.0,0.0222,0.0037
2014-11-25,浙江世宝,sz002703,27.38,26.34,26.66,27.3,26.75,27.557299,1156070,0.0,0.0,0.0,0.0388,0.024
2014-11-26,浙江世宝,sz002703,28.0,27.1,27.27,27.75,27.3,28.011553,1673744,0.0,0.0,0.0,0.0329,0.0176
2014-11-27,浙江世宝,sz002703,28.79,27.55,27.76,27.82,27.75,28.082226,1363483,0.0,0.0,0.0,0.0446,0.0021
2014-11-28,浙江世宝,sz002703,28.1,27.4,27.55,27.78,27.82,28.041843,784394,0.0,0.0,0.0,0.0251,0.0083
2014-12-01,浙江世宝,sz002703,28.6,27.07,27.84,27.23,27.78,27.486671,743524,0.0,0.0,0.0,0.055,-0.0219
2014-12-02,浙江世宝,sz002703,27.8,26.66,27.18,27.45,27.23,27.708736,823999,0.0,0.0,0.0,0.0418,0.0099
2014-12-03,浙江世宝,sz002703,27.55,26.75,27.5,27.36,27.45,27.617878,695223,0.0,0.0,0.0,0.0291,-0.005
2014-12-04,浙江世宝,sz002703,27.68,27.03,27.35,27.08,27.36,27.335238,818446,0.0,0.0,0.0,0.0237,-0.0098
2014-12-05,浙江世宝,sz002703,27.21,25.9,27.08,26.03,27.08,26.275341,1271339,0.0,0.0,0.0,0.0483,-0.0387
2014-12-08,浙江世宝,sz002703,26.03,25.01,26.03,25.66,26.03,25.901863,519211,0.0,0.0,0.0,0.0391,-0.0142
2014-12-09,浙江世宝,sz002703,25.79,24.33,25.62,25.5,25.66,25.740366,1129383,0.0,0.0,0.0,0.0568,-0.0046
2014-12-10,浙江世宝,sz002703,28.04,24.99,25.3,27.98,25.5,28.243744,1196729,0.0,0.0,0.0,0.1196,0.1059
2014-12-11,浙江世宝,sz002703,28.37,27.05,27.8,27.4,27.98,27.65828,2590708,0.0,0.0,0.0,0.0471,-0.0143
2014-12-12,浙江世宝,sz002703,27.18,24.66,24.66,26.34,27.4,26.588291,1125198,0.0,0.0,0.0,0.0919,0.0681
2014-12-15,浙江世宝,sz002703,26.76,25.58,25.83,26.48,26.34,26.729609,552657,0.0,0.0,0.0,0.0447,0.0251
2014-12-16,浙江世宝,sz002703,27.22,26.27,26.3,26.75,26.48,27.002144,730969,0.0,0.0,0.0,0.0358,0.0171
2014-12-17,浙江世宝,sz002703,26.92,26.18,26.75,26.5,26.75,26.74978,544201,0.0,0.0,0.0,0.0276,-0.0093
2014-12-18,浙江世宝,sz002703,26.98,26.34,26.51,26.55,26.5,26.800259,542236,0.0,0.0,0.0,0.0241,0.0015
2014-12-19,浙江世宝,sz002703,26.52,25.6,26.52,25.98,26.55,26.224884,481400,0.0,0.0,0.0,0.0346,-0.0203
2014-12-22,浙江世宝,sz002703,27.98,25.11,25.99,25.6,25.98,25.841291,510844,0.0,0.0,0.0,0.1104,-0.015
2014-12-23,浙江世宝,sz002703,26.18,23.7,25.22,24.88,25.6,25.114506,466319,0.0,0.0,0.0,0.0968,-0.0134
2014-12-24,浙江世宝,sz002703,25.25,24.53,24.85,25.25,24.88,25.487984,371105,0.0,0.0,0.0,0.0289,0.016
2014-12-25,浙江世宝,sz002703,26.2,25.29,25.29,25.94,25.25,26.184494,647072,0.0,0.0,0.0,0.036,0.0257
2014-12-26,浙江世宝,sz002703,26.45,25.6,25.94,26.35,25.94,26.598366,450743,0.0,0.0,0.0,0.0327,0.0158
2014-12-29,浙江世宝,sz002703,26.48,25.88,26.34,26.05,26.35,26.295544,328081,0.0,0.0,0.0,0.0227,-0.011
2014-12-30,浙江世宝,sz002703,27.9,25.56,26.05,26.25,26.05,26.49744,2258127,0.0,0.0,0.0,0.0898,0.0076
2014-12-31,浙江世宝,sz002703,26.5,25.65,26.09,25.95,26.25,26.194601,446707,0.0,0.0,0.0,0.0323,-0.0053
2015-01-01,浙江世宝,sz002703,25.95,25.95,25.95,25.95,25.95,25.9,0,0.0,0.0,0.0,0.0,0.0
2015-01-02,浙江世宝,sz002703,25.95,25.95,25.95,25.95,25.95,25.9,0,0.0,0.0,0.0,0.0,0.0
2015-01-05,浙江世宝,sz002703,26.16,25.92,26.08,26.1,25.95,26.05,3229,0.0,0.0,0.0,0.0092,7.0E-4
2015-01-06,浙江世宝,sz002703,27.06,26.06,26.28,26.58,26.1,26.53,3484,0.0,0.0,0.0,0.0383,0.0114
2015-01-07,浙江世宝,sz002703,27.28,26.52,26.58,26.68,26.58,26.63,3876,0.0,0.0,0.0,0.0285,0.0037
2015-01-08,浙江世宝,sz002703,26.93,26.22,26.7,26.41,26.68,26.36,3584,0.0,0.0,0.0,0.0266,-0.0108
2015-01-09,浙江世宝,sz002703,26.56,25.78,26.34,25.78,26.41,25.73,2477,0.0,0.0,0.0,0.0295,-0.0212
2015-01-12,浙江世宝,sz002703,26.12,25.46,25.78,25.66,25.78,25.61,1921,0.0,0.0,0.0,0.0256,-0.0046
2015-01-13,浙江世宝,sz002703,25.98,25.27,25.66,25.6,25.66,25.55,2145,0.0,0.0,0.0,0.0276,-0.0023
2015-01-14,浙江世宝,sz002703,25.73,25.25,25.6,25.35,25.6,25.3,1466,0.0,0.0,0.0,0.0187,-0.0097
2015-01-15,浙江世宝,sz002703,25.83,25.33,25.34,25.67,25.35,25.62,1295,0.0,0.0,0.0,0.0197,0.013
2015-01-16,浙江世宝,sz002703,25.78,25.4,25.6,25.78,25.67,25.73,1611,0.0,0.0,0.0,0.0148,0.007
2015-01-19,浙江世宝,sz002703,26.26,24.22,25.51,25.28,25.78,25.23,3250,0.0,0.0,0.0,0.0791,-0.009
2015-01-20,浙江世宝,sz002703,25.98,25.25,25.25,25.97,25.28,25.92,3849,0.0,0.0,0.0,0.0288,0.0285
2015-01-21,浙江世宝,sz002703,26.37,25.62,25.86,26.37,25.97,26.32,4330,0.0,0.0,0.0,0.0288,0.0197
2015-01-22,浙江世宝,sz002703,26.91,26.11,26.47,26.77,26.37,26.72,6041,0.0,0.0,0.0,0.0303,0.0113
2015-01-23,浙江世宝,sz002703,26.91,26.3,26.74,26.37,26.77,26.32,3193,0.0,0.0,0.0,0.0227,-0.0138
2015-01-26,浙江世宝,sz002703,27.45,26.36,26.38,27.37,26.37,27.32,9692,0.0,0.0,0.0,0.0413,0.0375
2015-01-27,浙江世宝,sz002703,27.65,26.79,27.58,26.79,27.37,26.74,18612,0.0,0.0,0.0,0.0314,-0.0286
2015-01-28,浙江世宝,sz002703,26.95,26.16,26.51,26.56,26.79,26.51,7469,0.0,0.0,0.0,0.0294,0.0018
2015-01-29,浙江世宝,sz002703,26.68,26.22,26.22,26.41,26.56,26.36,5489,0.0,0.0,0.0,0.0173,0.0072
2015-01-30,浙江世宝,sz002703,26.53,26.01,26.22,26.14,26.41,26.09,3929,0.0,0.0,0.0,0.0196,-0.003
2015-02-02,浙江世宝,sz002703,26.35,25.72,26.16,26.0,26.14,25.95,2856,0.0,0.0,0.0,0.0241,-0.0061
2015-02-03,浙江世宝,sz002703,26.18,25.82,26.18,26.0,26.0,25.95,4094,0.0,0.0,0.0,0.0138,-0.0068
2015-02-04,浙江世宝,sz002703,26.5,25.88,26.0,26.02,26.0,25.97,8169,0.0,0.0,0.0,0.0238,7.0E-4
2015-02-05,浙江世宝,sz002703,26.14,25.58,26.02,25.76,26.02,25.71,5312,0.0,0.0,0.0,0.0215,-0.0099
2015-02-06,浙江世宝,sz002703,26.25,25.35,25.85,26.25,25.76,26.2,3972,0.0,0.0,0.0,0.0349,0.0154
2015-02-09,浙江世宝,sz002703,26.45,25.62,26.25,26.14,26.25,26.09,5261,0.0,0.0,0.0,0.0316,-0.0041
2015-02-10,浙江世宝,sz002703,26.08,25.5,25.78,25.75,26.14,25.7,2773,0.0,0.0,0.0,0.0221,-0.0011
2015-02-11,浙江世宝,sz002703,26.0,25.6,25.8,25.91,25.75,25.86,2471,0.0,0.0,0.0,0.0155,0.0042
2015-02-12,浙江世宝,sz002703,26.32,25.63,26.32,26.04,25.91,25.99,2666,0.0,0.0,0.0,0.0266,-0.0106
2015-02-13,浙江世宝,sz002703,26.28,26.0,26.28,26.1,26.04,26.05,3604,0.0,0.0,0.0,0.0107,-0.0068
2015-02-16,浙江世宝,sz002703,26.58,26.0,26.38,26.51,26.1,26.46,4720,0.0,0.0,0.0,0.0222,0.0049
2015-02-17,浙江世宝,sz002703,26.89,26.3,26.53,26.68,26.51,26.63,6148,0.0,0.0,0.0,0.0222,0.0056
2015-02-18,浙江世宝,sz002703,26.68,26.68,26.68,26.68,26.68,26.63,0,0.0,0.0,0.0,0.0,0.0
2015-02-19,浙江世宝,sz002703,26.68,26.68,26.68,26.68,26.68,26.63,0,0.0,0.0,0.0,0.0,0.0
2015-02-20,浙江世宝,sz002703,26.68,26.68,26.68,26.68,26.68,26.63,0,0.0,0.0,0.0,0.0,0.0
2015-02-23,浙江世宝,sz002703,26.68,26.68,26.68,26.68,26.68,26.63,0,0.0,0.0,0.0,0.0,0.0
2015-02-24,浙江世宝,sz002703,26.68,26.68,26.68,26.68,26.68,26.63,0,0.0,0.0,0.0,0.0,0.0
2015-02-25,浙江世宝,sz002703,26.77,26.4,26.7,26.5,26.68,26.45,2410,0.0,0.0,0.0,0.0138,-0.0074
2015-02-26,浙江世宝,sz002703,27.4,26.51,26.51,26.84,26.5,26.79,6928,0.0,0.0,0.0,0.0335,0.0124
2015-02-27,浙江世宝,sz002703,26.83,26.33,26.72,26.82,26.84,26.77,3687,0.0,0.0,0.0,0.0186,0.0037
2015-03-02,浙江世宝,sz002703,27.07,26.7,26.82,26.9,26.82,26.85,7951,0.0,0.0,0.0,0.0137,0.0029
2015-03-03,浙江世宝,sz002703,27.35,26.55,26.89,27.24,26.9,27.19,10752,0.0,0.0,0.0,0.0297,0.013
2015-03-04,浙江世宝,sz002703,27.55,26.86,27.24,27.05,27.24,27.0,9765,0.0,0.0,0.0,0.0253,-0.0069
2015-03-05,浙江世宝,sz002703,27.19,26.7,26.74,27.0,27.05,26.95,7982,0.0,0.0,0.0,0.0181,0.0097
2015-03-06,浙江世宝,sz002703,28.8,26.83,27.0,27.11,27.0,27.06,27984,0.0,0.0,0.0,0.0729,0.004
2015-03-09,浙江世宝,sz002703,27.1,26.03,26.83,26.99,27.11,26.94,15333,0.0,0.0,0.0,0.0394,0.0059
2015-03-10,浙江世宝,sz002703,27.18,26.71,26.81,27.1,26.99,27.05,8723,0.0,0.0,0.0,0.0174,0.0108
2015-03-11,浙江世宝,sz002703,27.35,26.85,27.1,27.04,27.1,26.99,7264,0.0,0.0,0.0,0.0184,-0.0022
2015-03-12,浙江世宝,sz002703,27.5,26.75,26.98,26.91,27.04,26.86,14268,0.0,0.0,0.0,0.0277,-0.0025
2015-03-13,浙江世宝,sz002703,27.04,26.82,26.84,26.9,26.91,26.85,5960,0.0,0.0,0.0,0.0081,0.0022
2015-03-16,浙江世宝,sz002703,27.75,26.91,26.99,27.47,26.9,27.42,12706,0.0,0.0,0.0,0.0312,0.0177
2015-03-17,浙江世宝,sz002703,27.89,27.41,27.65,27.74,27.47,27.69,11178,0.0,0.0,0.0,0.0174,0.0032
2015-03-18,浙江世宝,sz002703,30.51,27.6,27.72,30.51,27.74,30.45,33499,0.0,0.0,0.0,0.1049,0.1006
2015-03-19,浙江世宝,sz002703,31.55,29.61,31.5,29.79,30.51,29.73,40854,0.0,0.0,0.0,0.0635,-0.0542
2015-03-20,浙江世宝,sz002703,30.11,29.17,29.8,29.62,29.79,29.56,24106,0.0,0.0,0.0,0.0315,-0.006
2015-03-23,浙江世宝,sz002703,30.47,29.56,29.6,29.91,29.62,29.85,22996,0.0,0.0,0.0,0.0307,0.0104
2015-03-24,浙江世宝,sz002703,30.35,28.35,30.03,29.18,29.91,29.12,23914,0.0,0.0,0.0,0.0668,-0.0283
2015-03-25,浙江世宝,sz002703,30.57,28.8,28.8,30.2,29.18,30.14,26877,0.0,0.0,0.0,0.0606,0.0486
2015-03-26,浙江世宝,sz002703,30.51,29.45,30.51,29.85,30.2,29.79,14787,0.0,0.0,0.0,0.035,-0.0216
2015-03-27,浙江世宝,sz002703,30.5,29.56,29.7,30.21,29.85,30.15,15255,0.0,0.0,0.0,0.0314,0.0171
2015-03-30,浙江世宝,sz002703,30.23,29.23,30.23,29.38,30.21,29.32,15467,0.0,0.0,0.0,0.0331,-0.0281
2015-03-31,浙江世宝,sz002703,29.65,28.89,29.3,29.42,29.38,29.36,12152,0.0,0.0,0.0,0.0258,0.004
2015-04-01,浙江世宝,sz002703,30.33,29.34,29.42,30.32,29.42,30.26,15508,0.0,0.0,0.0,0.0336,0.0305
2015-04-02,浙江世宝,sz002703,32.88,29.81,30.26,31.77,30.32,31.71,35634,0.0,0.0,0.0,0.1012,0.0499
2015-04-03,浙江世宝,sz002703,31.85,30.72,31.0,31.31,31.77,31.25,23711,0.0,0.0,0.0,0.0355,0.0099
2015-04-06,浙江世宝,sz002703,31.31,31.31,31.31,31.31,31.31,31.25,0,0.0,0.0,0.0,0.0,0.0
2015-04-07,浙江世宝,sz002703,32.2,31.3,31.35,31.62,31.31,31.56,21332,0.0,0.0,0.0,0.0287,0.0086
2015-04-08,浙江世宝,sz002703,31.88,30.38,31.88,30.88,31.62,30.82,17178,0.0,0.0,0.0,0.0474,-0.0313
2015-04-09,浙江世宝,sz002703,31.0,29.45,30.98,30.08,30.88,30.02,13707,0.0,0.0,0.0,0.0501,-0.029
2015-04-10,浙江世宝,sz002703,30.88,29.81,29.96,30.47,30.08,30.41,11798,0.0,0.0,0.0,0.0355,0.017
2015-04-13,浙江世宝,sz002703,31.48,30.43,30.43,31.34,30.47,31.28,17463,0.0,0.0,0.0,0.0344,0.0299
2015-04-14,浙江世宝,sz002703,31.79,30.8,31.65,30.96,31.34,30.9,16719,0.0,0.0,0.0,0.0315,-0.0218
2015-04-15,浙江世宝,sz002703,30.99,29.6,30.99,29.71,30.96,29.65,11451,0.0,0.0,0.0,0.0448,-0.0413
2015-04-16,浙江世宝,sz002703,30.1,28.68,29.3,29.82,29.71,29.76,8979,0.0,0.0,0.0,0.0477,0.0177
2015-04-17,浙江世宝,sz002703,30.37,29.61,29.75,29.8,29.82,29.74,9824,0.0,0.0,0.0,0.0254,0.0016
2015-04-20,浙江世宝,sz002703,32.78,29.08,30.0,31.4,29.8,31.34,20725,0.0,0.0,0.0,0.1241,0.0466
2015-04-21,浙江世宝,sz002703,33.97,30.9,31.3,33.52,31.4,33.46,44513,0.0,0.0,0.0,0.0977,0.0709
2015-04-22,浙江世宝,sz002703,34.88,32.53,33.53,33.86,33.52,33.79,32642,0.0,0.0,0.0,0.0701,0.0098
2015-04-23,浙江世宝,sz002703,34.0,32.75,34.0,32.93,33.86,32.87,18838,0.0,0.0,0.0,0.0369,-0.0314
2015-04-24,浙江世宝,sz002703,32.8,31.19,32.8,32.15,32.93,32.09,14179,0.0,0.0,0.0,0.0488,-0.0198
2015-04-27,浙江世宝,sz002703,32.9,30.77,32.15,32.53,32.15,32.47,17339,0.0,0.0,0.0,0.0662,0.0118
2015-04-28,浙江世宝,sz002703,35.72,31.4,32.42,35.5,32.53,35.43,36214,0.0,0.0,0.0,0.1328,0.095
2015-04-29,浙江世宝,sz002703,39.05,34.56,35.0,36.3,35.5,36.23,42836,0.0,0.0,0.0,0.1264,0.0371
2015-04-30,浙江世宝,sz002703,36.88,35.3,36.85,35.88,36.3,35.81,26768,0.0,0.0,0.0,0.0435,-0.0263
2015-05-01,浙江世宝,sz002703,35.88,35.88,35.88,35.88,35.88,35.81,0,0.0,0.0,0.0,0.0,0.0
2015-05-04,浙江世宝,sz002703,36.17,34.5,35.56,35.0,35.88,34.93,14205,0.0,0.0,0.0,0.0465,-0.0157
2015-05-05,浙江世宝,sz002703,38.5,34.65,34.96,38.5,35.0,38.43,31903,0.0,0.0,0.0,0.11,0.1012
2015-05-06,浙江世宝,sz002703,39.99,36.8,38.5,37.9,38.5,37.83,34024,0.0,0.0,0.0,0.0828,-0.0155
2015-05-07,浙江世宝,sz002703,38.43,34.11,37.28,34.7,37.9,34.63,18321,0.0,0.0,0.0,0.1139,-0.0692
2015-05-08,浙江世宝,sz002703,37.93,33.78,35.42,37.51,34.7,37.44,24748,0.0,0.0,0.0,0.1195,0.059
2015-05-11,浙江世宝,sz002703,38.8,36.5,37.49,38.21,37.51,38.14,31303,0.0,0.0,0.0,0.0613,0.0192
2015-05-12,浙江世宝,sz002703,40.1,37.5,38.0,39.41,38.21,39.33,31821,0.0,0.0,0.0,0.068,0.0371
2015-05-13,浙江世宝,sz002703,39.4,37.9,38.8,37.9,39.41,37.83,25188,0.0,0.0,0.0,0.038,-0.0231
2015-05-14,浙江世宝,sz002703,41.0,37.3,37.8,40.8,37.9,40.72,30271,0.0,0.0,0.0,0.0976,0.0793
2015-05-15,浙江世宝,sz002703,41.18,39.03,41.11,39.38,40.8,39.3,27640,0.0,0.0,0.0,0.0526,-0.042
2015-05-18,浙江世宝,sz002703,40.71,38.66,39.38,40.35,39.38,40.27,19660,0.0,0.0,0.0,0.052,0.0246
2015-05-19,浙江世宝,sz002703,41.0,39.33,40.88,40.41,40.35,40.33,19143,0.0,0.0,0.0,0.0413,-0.0114
2015-05-20,浙江世宝,sz002703,42.3,39.82,40.11,40.03,40.41,39.95,20423,0.0,0.0,0.0,0.0613,-0.0019
2015-05-21,浙江世宝,sz002703,40.7,39.1,40.05,40.31,40.03,40.23,17820,0.0,0.0,0.0,0.0399,0.0064
2015-05-22,浙江世宝,sz002703,41.06,39.01,40.8,40.09,40.31,40.01,20613,0.0,0.0,0.0,0.0508,-0.0174
2015-05-25,浙江世宝,sz002703,41.51,38.52,39.6,40.25,40.09,40.17,24714,0.0,0.0,0.0,0.0745,0.0164
2015-05-26,浙江世宝,sz002703,44.0,39.99,40.28,43.77,40.25,43.69,35950,0.0,0.0,0.0,0.0996,0.0866
2015-05-27,浙江世宝,sz002703,48.15,42.21,43.8,48.06,43.77,47.97,39927,0.0,0.0,0.0,0.1357,0.0972
2015-05-28,浙江世宝,sz002703,52.87,48.51,48.53,52.01,48.06,51.91,49922,0.0,0.0,0.0,0.0907,0.0717
2015-05-29,浙江世宝,sz002703,52.01,52.01,52.01,52.01,52.01,51.91,0,0.0,0.0,0.0,0.0,0.0
2015-06-01,浙江世宝,sz002703,52.01,52.01,52.01,52.01,52.01,51.91,0,0.0,0.0,0.0,0.0,0.0
2015-06-02,浙江世宝,sz002703,52.01,52.01,52.01,52.01,52.01,51.91,0,0.0,0.0,0.0,0.0,0.0
2015-06-03,浙江世宝,sz002703,52.01,52.01,52.01,52.01,52.01,51.91,0,0.0,0.0,0.0,0.0,0.0
2015-06-04,浙江世宝,sz002703,52.01,52.01,52.01,52.01,52.01,51.91,0,0.0,0.0,0.0,0.0,0.0
2015-06-05,浙江世宝,sz002703,52.01,52.01,52.01,52.01,52.01,51.91,0,0.0,0.0,0.0,0.0,0.0
2015-06-08,浙江世宝,sz002703,52.01,52.01,52.01,52.01,52.01,51.91,0,0.0,0.0,0.0,0.0,0.0
2015-06-09,浙江世宝,sz002703,52.01,52.01,52.01,52.01,52.01,51.91,0,0.0,0.0,0.0,0.0,0.0
2015-06-10,浙江世宝,sz002703,52.01,52.01,52.01,52.01,52.01,51.91,0,0.0,0.0,0.0,0.0,0.0
2015-06-11,浙江世宝,sz002703,52.01,52.01,52.01,52.01,52.01,51.91,0,0.0,0.0,0.0,0.0,0.0
2015-06-12,浙江世宝,sz002703,52.01,52.01,52.01,52.01,52.01,51.91,0,0.0,0.0,0.0,0.0,0.0
2015-06-15,浙江世宝,sz002703,52.01,52.01,52.01,52.01,52.01,51.91,0,0.0,0.0,0.0,0.0,0.0
2015-06-16,浙江世宝,sz002703,52.01,52.01,52.01,52.01,52.01,51.91,0,0.0,0.0,0.0,0.0,0.0
2015-06-17,浙江世宝,sz002703,52.01,52.01,52.01,52.01,52.01,51.91,0,0.0,0.0,0.0,0.0,0.0
2015-06-18,浙江世宝,sz002703,52.01,52.01,52.01,52.01,52.01,51.91,0,0.0,0.0,0.0,0.0,0.0
2015-06-19,浙江世宝,sz002703,52.01,52.01,52.01,52.01,52.01,51.91,0,0.0,0.0,0.0,0.0,0.0
2015-06-22,浙江世宝,sz002703,52.01,52.01,52.01,52.01,52.01,51.91,0,0.0,0.0,0.0,0.0,0.0
2015-06-23,浙江世宝,sz002703,52.01,52.01,52.01,52.01,52.01,51.91,0,0.0,0.0,0.0,0.0,0.0
2015-06-24,浙江世宝,sz002703,52.01,52.01,52.01,52.01,52.01,51.91,0,0.0,0.0,0.0,0.0,0.0
2015-06-25,浙江世宝,sz002703,52.01,52.01,52.01,52.01,52.01,51.91,0,0.0,0.0,0.0,0.0,0.0
2015-06-26,浙江世宝,sz002703,52.01,52.01,52.01,52.01,52.01,51.91,0,0.0,0.0,0.0,0.0,0.0
2015-06-29,浙江世宝,sz002703,52.01,52.01,52.01,52.01,52.01,51.91,0,0.0,0.0,0.0,0.0,0.0
2015-06-30,浙江世宝,sz002703,52.01,52.01,52.01,52.01,52.01,51.91,0,0.0,0.0,0.0,0.0,0.0
2015-07-01,浙江世宝,sz002703,52.01,52.01,52.01,52.01,52.01,51.91,0,0.0,0.0,0.0,0.0,0.0
2015-07-02,浙江世宝,sz002703,52.01,52.01,52.01,52.01,52.01,51.91,0,0.0,0.0,0.0,0.0,0.0
2015-07-03,浙江世宝,sz002703,52.01,52.01,52.01,52.01,52.01,51.91,0,0.0,0.0,0.0,0.0,0.0
2015-07-06,浙江世宝,sz002703,52.01,52.01,52.01,52.01,52.01,51.91,0,0.0,0.0,0.0,0.0,0.0
2015-07-07,浙江世宝,sz002703,52.01,52.01,52.01,52.01,52.01,51.91,0,0.0,0.0,0.0,0.0,0.0
2015-07-08,浙江世宝,sz002703,52.01,52.01,52.01,52.01,52.01,51.91,0,0.0,0.0,0.0,0.0,0.0
2015-07-09,浙江世宝,sz002703,52.01,52.01,52.01,52.01,52.01,51.91,0,0.0,0.0,0.0,0.0,0.0
2015-07-10,浙江世宝,sz002703,52.01,52.01,52.01,52.01,52.01,51.91,0,0.0,0.0,0.0,0.0,0.0
2015-07-13,浙江世宝,sz002703,52.01,52.01,52.01,52.01,52.01,51.91,0,0.0,0.0,0.0,0.0,0.0
2015-07-14,浙江世宝,sz002703,52.01,52.01,52.01,52.01,52.01,51.91,0,0.0,0.0,0.0,0.0,0.0
2015-07-15,浙江世宝,sz002703,52.01,52.01,52.01,52.01,52.01,51.91,0,0.0,0.0,0.0,0.0,0.0
2015-07-16,浙江世宝,sz002703,52.01,52.01,52.01,52.01,52.01,51.91,0,0.0,0.0,0.0,0.0,0.0
2015-07-17,浙江世宝,sz002703,52.01,52.01,52.01,52.01,52.01,51.91,0,0.0,0.0,0.0,0.0,0.0
2015-07-20,浙江世宝,sz002703,52.01,52.01,52.01,52.01,52.01,51.91,0,0.0,0.0,0.0,0.0,0.0
2015-07-21,浙江世宝,sz002703,52.01,52.01,52.01,52.01,52.01,51.91,0,0.0,0.0,0.0,0.0,0.0
2015-07-22,浙江世宝,sz002703,52.01,52.01,52.01,52.01,52.01,51.91,0,0.0,0.0,0.0,0.0,0.0
2015-07-23,浙江世宝,sz002703,52.01,52.01,52.01,52.01,52.01,51.91,0,0.0,0.0,0.0,0.0,0.0
2015-07-24,浙江世宝,sz002703,52.01,52.01,52.01,52.01,52.01,51.91,0,0.0,0.0,0.0,0.0,0.0
2015-07-27,浙江世宝,sz002703,52.01,52.01,52.01,52.01,52.01,51.91,0,0.0,0.0,0.0,0.0,0.0
2015-07-28,浙江世宝,sz002703,52.01,52.01,52.01,52.01,52.01,51.91,0,0.0,0.0,0.0,0.0,0.0
2015-07-29,浙江世宝,sz002703,52.01,52.01,52.01,52.01,52.01,51.91,0,0.0,0.0,0.0,0.0,0.0
2015-07-30,浙江世宝,sz002703,52.01,52.01,52.01,52.01,52.01,51.91,0,0.0,0.0,0.0,0.0,0.0
2015-07-31,浙江世宝,sz002703,52.01,52.01,52.01,52.01,52.01,52.01,0,0.0,0.0,0.0,0.0,0.0
2015-08-03,浙江世宝,sz002703,52.01,52.01,52.01,52.01,52.01,52.01,0,0.0,0.0,0.0,0.0,0.0
2015-08-04,浙江世宝,sz002703,52.01,52.01,52.01,52.01,52.01,52.01,0,0.0,0.0,0.0,0.0,0.0
2015-08-05,浙江世宝,sz002703,52.01,52.01,52.01,52.01,52.01,52.01,0,0.0,0.0,0.0,0.0,0.0
2015-08-06,浙江世宝,sz002703,52.01,52.01,52.01,52.01,52.01,52.01,0,0.0,0.0,0.0,0.0,0.0
2015-08-07,浙江世宝,sz002703,52.01,52.01,52.01,52.01,52.01,52.01,0,0.0,0.0,0.0,0.0,0.0
2015-08-10,浙江世宝,sz002703,52.01,52.01,52.01,52.01,52.01,52.01,0,0.0,0.0,0.0,0.0,0.0
2015-08-11,浙江世宝,sz002703,52.01,52.01,52.01,52.01,52.01,52.01,0,0.0,0.0,0.0,0.0,0.0
2015-08-12,浙江世宝,sz002703,52.01,52.01,52.01,52.01,52.01,52.01,0,0.0,0.0,0.0,0.0,0.0
2015-08-13,浙江世宝,sz002703,52.01,52.01,52.01,52.01,52.01,52.01,0,0.0,0.0,0.0,0.0,0.0
2015-08-14,浙江世宝,sz002703,52.01,52.01,52.01,52.01,52.01,52.01,0,0.0,0.0,0.0,0.0,0.0
2015-08-17,浙江世宝,sz002703,52.01,52.01,52.01,52.01,52.01,52.01,0,0.0,0.0,0.0,0.0,0.0
2015-08-18,浙江世宝,sz002703,52.01,52.01,52.01,52.01,52.01,52.01,0,0.0,0.0,0.0,0.0,0.0
2015-08-19,浙江世宝,sz002703,52.01,52.01,52.01,52.01,52.01,52.01,0,0.0,0.0,0.0,0.0,0.0
2015-08-20,浙江世宝,sz002703,52.01,52.01,52.01,52.01,52.01,52.01,0,0.0,0.0,0.0,0.0,0.0
2015-08-21,浙江世宝,sz002703,52.01,52.01,52.01,52.01,52.01,52.01,0,0.0,0.0,0.0,0.0,0.0
2015-08-24,浙江世宝,sz002703,52.01,52.01,52.01,52.01,52.01,52.01,0,0.0,0.0,0.0,0.0,0.0
2015-08-25,浙江世宝,sz002703,52.01,52.01,52.01,52.01,52.01,52.01,0,0.0,0.0,0.0,0.0,0.0
2015-08-26,浙江世宝,sz002703,52.01,52.01,52.01,52.01,52.01,52.01,0,0.0,0.0,0.0,0.0,0.0
2015-08-27,浙江世宝,sz002703,52.01,52.01,52.01,52.01,52.01,52.01,0,0.0,0.0,0.0,0.0,0.0
2015-08-28,浙江世宝,sz002703,46.72,46.72,46.72,46.72,52.01,46.72,1140,0.0,0.0,0.0,0.0,0.0
2015-08-31,浙江世宝,sz002703,42.05,42.05,42.05,42.05,46.72,42.05,114,0.0,0.0,0.0,0.0,0.0
2015-09-01,浙江世宝,sz002703,37.85,37.85,37.85,37.85,42.05,37.85,173,0.0,0.0,0.0,0.0,0.0
2015-09-02,浙江世宝,sz002703,34.07,34.07,34.07,34.07,37.85,34.07,1621,0.0,0.0,0.0,0.0,0.0
2015-09-03,浙江世宝,sz002703,34.07,34.07,34.07,34.07,34.07,34.07,0,0.0,0.0,0.0,0.0,0.0
2015-09-04,浙江世宝,sz002703,34.07,34.07,34.07,34.07,34.07,34.07,0,0.0,0.0,0.0,0.0,0.0
2015-09-07,浙江世宝,sz002703,34.46,30.66,30.66,31.61,34.07,31.61,73645,0.0,0.0,0.0,0.1115,0.0309
2015-09-08,浙江世宝,sz002703,30.05,28.45,29.8,28.86,31.61,28.86,48740,0.0,0.0,0.0,0.0506,-0.0315
2015-09-09,浙江世宝,sz002703,30.89,28.6,28.9,30.22,28.86,30.22,45484,0.0,0.0,0.0,0.0793,0.0456
2015-09-10,浙江世宝,sz002703,29.69,28.6,29.05,28.9,30.22,28.9,27789,0.0,0.0,0.0,0.036,-0.0051
2015-09-11,浙江世宝,sz002703,31.79,28.69,28.69,31.79,28.9,31.79,51472,0.0,0.0,0.0,0.1072,0.108
2015-09-14,浙江世宝,sz002703,33.7,28.98,33.5,29.42,31.79,29.42,64588,0.0,0.0,0.0,0.1484,-0.1217
2015-09-15,浙江世宝,sz002703,27.8,26.48,26.49,26.48,29.42,26.48,20627,0.0,0.0,0.0,0.0448,-3.0E-4
2015-09-16,浙江世宝,sz002703,29.13,24.6,24.6,29.13,26.48,29.13,43285,0.0,0.0,0.0,0.171,0.1841
2015-09-17,浙江世宝,sz002703,30.38,27.34,28.8,29.0,29.13,29.0,45169,0.0,0.0,0.0,0.1043,0.0069
2015-09-18,浙江世宝,sz002703,30.45,28.5,28.5,29.53,29.0,29.53,35173,0.0,0.0,0.0,0.0672,0.0361
2015-09-21,浙江世宝,sz002703,30.86,28.01,28.8,30.03,29.53,30.03,37985,0.0,0.0,0.0,0.0965,0.0427
2015-09-22,浙江世宝,sz002703,32.98,29.9,30.0,30.36,30.03,30.36,41889,0.0,0.0,0.0,0.1025,0.0119
2015-09-23,浙江世宝,sz002703,31.61,28.0,29.5,30.16,30.36,30.16,39308,0.0,0.0,0.0,0.1189,0.0223
2015-09-24,浙江世宝,sz002703,30.87,29.0,30.33,29.15,30.16,29.15,31516,0.0,0.0,0.0,0.062,-0.0389
2015-09-25,浙江世宝,sz002703,29.1,27.02,29.01,28.8,29.15,28.8,24142,0.0,0.0,0.0,0.0713,-0.0072
2015-09-28,浙江世宝,sz002703,28.8,28.8,28.8,28.8,28.8,28.8,0,0.0,0.0,0.0,0.0,0.0
2015-09-29,浙江世宝,sz002703,28.46,27.3,27.77,27.38,28.8,27.38,14461,0.0,0.0,0.0,0.0402,-0.014
2015-09-30,浙江世宝,sz002703,27.82,26.1,27.39,26.79,27.38,26.79,15020,0.0,0.0,0.0,0.0628,-0.0219
2015-10-01,浙江世宝,sz002703,26.79,26.79,26.79,26.79,26.79,26.79,0,0.0,0.0,0.0,0.0,0.0
2015-10-02,浙江世宝,sz002703,26.79,26.79,26.79,26.79,26.79,26.79,0,0.0,0.0,0.0,0.0,0.0
2015-10-05,浙江世宝,sz002703,26.79,26.79,26.79,26.79,26.79,26.79,0,0.0,0.0,0.0,0.0,0.0
2015-10-06,浙江世宝,sz002703,26.79,26.79,26.79,26.79,26.79,26.79,0,0.0,0.0,0.0,0.0,0.0
2015-10-07,浙江世宝,sz002703,26.79,26.79,26.79,26.79,26.79,26.79,0,0.0,0.0,0.0,0.0,0.0
2015-10-08,浙江世宝,sz002703,28.88,27.1,27.29,28.04,26.79,28.04,26125,0.0,0.0,0.0,0.0664,0.0274
2015-10-09,浙江世宝,sz002703,28.34,27.55,28.06,27.9,28.04,27.9,27997,0.0,0.0,0.0,0.0281,-0.0057
2015-10-12,浙江世宝,sz002703,30.69,27.95,27.95,30.69,27.9,30.69,39312,0.0,0.0,0.0,0.0982,0.098
2015-10-13,浙江世宝,sz002703,32.27,30.0,30.65,31.22,30.69,31.22,42223,0.0,0.0,0.0,0.0739,0.0185
2015-10-14,浙江世宝,sz002703,31.79,29.98,31.0,30.06,31.22,30.06,29669,0.0,0.0,0.0,0.0579,-0.0303
2015-10-15,浙江世宝,sz002703,31.01,29.6,30.3,30.82,30.06,30.82,20991,0.0,0.0,0.0,0.0469,0.0171
2015-10-16,浙江世宝,sz002703,33.9,33.9,33.9,33.9,30.82,33.9,12446,0.0,0.0,0.0,0.0,0.0
2015-10-19,浙江世宝,sz002703,37.29,37.29,37.29,37.29,33.9,37.29,6184,0.0,0.0,0.0,0.0,0.0
2015-10-20,浙江世宝,sz002703,41.02,37.42,39.13,41.02,37.29,41.02,55252,0.0,0.0,0.0,0.0965,0.0483
2015-10-21,浙江世宝,sz002703,45.0,38.03,41.31,40.8,41.02,40.8,69195,0.0,0.0,0.0,0.1699,-0.0123
2015-10-22,浙江世宝,sz002703,44.88,39.0,39.21,44.87,40.8,44.87,64269,0.0,0.0,0.0,0.1441,0.1443
2015-10-23,浙江世宝,sz002703,48.5,43.0,43.0,44.78,44.87,44.78,61408,0.0,0.0,0.0,0.1225,0.0413
2015-10-26,浙江世宝,sz002703,44.74,40.3,44.74,40.3,44.78,40.3,44981,0.0,0.0,0.0,0.0991,-0.0992
2015-10-27,浙江世宝,sz002703,40.53,37.0,39.0,39.5,40.3,39.5,39829,0.0,0.0,0.0,0.0875,0.0128
2015-10-28,浙江世宝,sz002703,38.98,36.0,38.97,36.48,39.5,36.48,33411,0.0,0.0,0.0,0.0754,-0.0638
2015-10-29,浙江世宝,sz002703,38.55,36.48,36.49,37.89,36.48,37.89,31647,0.0,0.0,0.0,0.0567,0.0383
2015-10-30,浙江世宝,sz002703,41.0,36.0,37.49,39.51,37.89,39.51,43074,0.0,0.0,0.0,0.1319,0.0538
2015-11-02,浙江世宝,sz002703,39.17,36.48,37.55,36.75,39.51,36.75,25616,0.0,0.0,0.0,0.068,-0.0213
2015-11-03,浙江世宝,sz002703,37.48,35.0,36.7,35.13,36.75,35.13,22130,0.0,0.0,0.0,0.0674,-0.0427
2015-11-04,浙江世宝,sz002703,37.17,35.35,35.35,37.17,35.13,37.17,25871,0.0,0.0,0.0,0.0518,0.0514
2015-11-05,浙江世宝,sz002703,38.2,36.5,36.9,37.89,37.17,37.89,31238,0.0,0.0,0.0,0.0457,0.0268
2015-11-06,浙江世宝,sz002703,38.58,36.76,37.98,37.89,37.89,37.89,31749,0.0,0.0,0.0,0.048,-0.0023
2015-11-09,浙江世宝,sz002703,38.1,36.3,37.3,37.9,37.89,37.9,27110,0.0,0.0,0.0,0.0475,0.016
2015-11-10,浙江世宝,sz002703,41.69,37.5,37.8,41.69,37.9,41.69,45627,0.0,0.0,0.0,0.1105,0.1029
2015-11-11,浙江世宝,sz002703,41.4,39.61,41.1,40.57,41.69,40.57,37292,0.0,0.0,0.0,0.0429,-0.0128
2015-11-12,浙江世宝,sz002703,41.68,39.6,40.6,40.9,40.57,40.9,31379,0.0,0.0,0.0,0.0512,0.0073
2015-11-13,浙江世宝,sz002703,41.67,39.82,40.9,40.12,40.9,40.12,28777,0.0,0.0,0.0,0.0452,-0.019
2015-11-16,浙江世宝,sz002703,39.5,37.32,38.3,39.13,40.12,39.13,23452,0.0,0.0,0.0,0.0543,0.0216
2015-11-17,浙江世宝,sz002703,39.67,37.5,39.01,37.58,39.13,37.58,25104,0.0,0.0,0.0,0.0554,-0.0366
2015-11-18,浙江世宝,sz002703,38.45,36.8,37.24,37.71,37.58,37.71,17405,0.0,0.0,0.0,0.0439,0.0126
2015-11-19,浙江世宝,sz002703,38.4,37.1,38.4,37.92,37.71,37.92,12641,0.0,0.0,0.0,0.0344,-0.0124
2015-11-20,浙江世宝,sz002703,38.6,37.7,37.92,37.92,37.92,37.92,15466,0.0,0.0,0.0,0.0237,0.0
2015-11-23,浙江世宝,sz002703,41.71,38.0,38.04,40.9,37.92,40.9,30732,0.0,0.0,0.0,0.0978,0.0751
2015-11-24,浙江世宝,sz002703,40.49,38.9,39.0,39.93,40.9,39.93,24657,0.0,0.0,0.0,0.0388,0.0238
2015-11-25,浙江世宝,sz002703,40.93,39.0,39.32,40.37,39.93,40.37,23683,0.0,0.0,0.0,0.0483,0.0267
2015-11-26,浙江世宝,sz002703,40.65,39.21,40.37,39.66,40.37,39.66,19404,0.0,0.0,0.0,0.0356,-0.0175
2015-11-27,浙江世宝,sz002703,39.66,35.7,39.66,35.74,39.66,35.74,21047,0.0,0.0,0.0,0.0998,-0.0988
2015-11-30,浙江世宝,sz002703,36.2,32.5,34.88,35.8,35.74,35.8,15693,0.0,0.0,0.0,0.1035,0.0263
2015-12-01,浙江世宝,sz002703,37.2,35.02,35.69,35.87,35.8,35.87,10944,0.0,0.0,0.0,0.0608,0.005
2015-12-02,浙江世宝,sz002703,35.85,33.25,35.85,34.56,35.87,34.56,8434,0.0,0.0,0.0,0.0724,-0.0359
2015-12-03,浙江世宝,sz002703,36.29,34.58,35.0,35.47,34.56,35.47,9431,0.0,0.0,0.0,0.0494,0.0134
2015-12-04,浙江世宝,sz002703,36.2,35.0,35.32,35.83,35.47,35.83,10786,0.0,0.0,0.0,0.0338,0.0144
2015-12-07,浙江世宝,sz002703,36.18,35.4,35.98,36.12,35.83,36.12,10621,0.0,0.0,0.0,0.0217,0.0038
2015-12-08,浙江世宝,sz002703,36.5,35.61,36.5,35.77,36.12,35.77,10458,0.0,0.0,0.0,0.0246,-0.0199
2015-12-09,浙江世宝,sz002703,35.79,34.06,35.78,34.52,35.77,34.52,9345,0.0,0.0,0.0,0.0483,-0.0352
2015-12-10,浙江世宝,sz002703,34.8,33.6,34.34,33.6,34.52,33.6,7846,0.0,0.0,0.0,0.0347,-0.0215
2015-12-11,浙江世宝,sz002703,34.0,32.5,33.71,32.56,33.6,32.56,8750,0.0,0.0,0.0,0.0446,-0.0341
2015-12-14,浙江世宝,sz002703,35.82,32.32,32.68,35.82,32.56,35.82,12007,0.0,0.0,0.0,0.1074,0.096
2015-12-15,浙江世宝,sz002703,39.4,37.2,37.22,38.45,35.82,38.45,38354,0.0,0.0,0.0,0.0614,0.033
2015-12-16,浙江世宝,sz002703,39.4,37.35,38.45,38.78,38.45,38.78,30796,0.0,0.0,0.0,0.0533,0.0085
2015-12-17,浙江世宝,sz002703,39.6,37.93,38.51,38.7,38.78,38.7,31966,0.0,0.0,0.0,0.043,0.0049
2015-12-18,浙江世宝,sz002703,39.75,37.8,39.0,37.99,38.7,37.99,23639,0.0,0.0,0.0,0.0503,-0.0258
2015-12-21,浙江世宝,sz002703,37.88,36.69,37.1,37.79,37.99,37.79,15223,0.0,0.0,0.0,0.0313,0.0185
2015-12-22,浙江世宝,sz002703,38.13,37.03,38.03,37.45,37.79,37.45,9024,0.0,0.0,0.0,0.0291,-0.0152
2015-12-23,浙江世宝,sz002703,37.98,37.0,37.45,37.16,37.45,37.16,10569,0.0,0.0,0.0,0.0261,-0.0077
2015-12-24,浙江世宝,sz002703,37.46,35.7,37.19,36.52,37.16,36.52,10168,0.0,0.0,0.0,0.0473,-0.018
2015-12-25,浙江世宝,sz002703,36.78,35.94,36.25,36.51,36.52,36.51,9135,0.0,0.0,0.0,0.023,0.0071
2015-12-28,浙江世宝,sz002703,37.5,34.02,36.52,34.47,36.51,34.47,20529,0.0,0.0,0.0,0.0953,-0.0561
2015-12-29,浙江世宝,sz002703,36.0,32.9,34.0,34.47,34.47,34.47,59441,0.0,0.0,0.0,0.0899,0.0138
2015-12-30,浙江世宝,sz002703,35.35,32.95,33.87,35.3,34.47,35.3,67312,0.0,0.0,0.0,0.0696,0.0422
2015-12-31,浙江世宝,sz002703,35.0,33.2,34.95,33.6,35.3,33.6,60232,0.0,0.0,0.0,0.0509,-0.0386
2016-01-01,浙江世宝,sz002703,35.0,33.2,34.95,33.6,33.6,33.6,60232,0.0,0.0,0.0,0.0535,-0.0386
2016-01-04,浙江世宝,sz002703,33.39,30.24,33.39,30.24,33.6,30.24,35805,0.0,0.0,0.0,0.0937,-0.0943
2016-01-05,浙江世宝,sz002703,31.8,27.31,27.88,29.56,30.24,29.56,95459,0.0,0.0,0.0,0.1484,0.0602
2016-01-06,浙江世宝,sz002703,29.65,27.91,29.64,29.0,29.56,29.0,88653,0.0,0.0,0.0,0.0588,-0.0215
2016-01-07,浙江世宝,sz002703,28.5,26.1,28.5,26.1,29.0,26.1,17043,0.0,0.0,0.0,0.0827,-0.0842
2016-01-08,浙江世宝,sz002703,26.86,23.52,26.48,25.1,26.1,25.1,63793,0.0,0.0,0.0,0.1279,-0.0521
2016-01-11,浙江世宝,sz002703,24.89,22.59,24.32,22.59,25.1,22.59,47167,0.0,0.0,0.0,0.0916,-0.0711
2016-01-12,浙江世宝,sz002703,22.89,21.1,22.05,22.8,22.59,22.8,41958,0.0,0.0,0.0,0.0792,0.034
2016-01-13,浙江世宝,sz002703,23.15,20.52,22.83,20.52,22.8,20.52,63789,0.0,0.0,0.0,0.1153,-0.1011
2016-01-14,浙江世宝,sz002703,21.37,19.07,19.07,21.07,20.52,21.07,71099,0.0,0.0,0.0,0.112,0.1048
2016-01-15,浙江世宝,sz002703,20.97,18.96,20.96,18.99,21.07,18.99,114913,0.0,0.0,0.0,0.0953,-0.0939
2016-01-18,浙江世宝,sz002703,20.89,19.01,19.2,20.89,18.99,20.89,52793,0.0,0.0,0.0,0.0989,0.088
2016-01-19,浙江世宝,sz002703,22.98,21.41,21.97,22.98,20.89,22.98,197305,0.0,0.0,0.0,0.0751,0.0459
2016-01-20,浙江世宝,sz002703,25.28,22.51,23.0,25.28,22.98,25.28,134774,0.0,0.0,0.0,0.1205,0.0991
2016-01-21,浙江世宝,sz002703,0.0,0.0,0.0,0.0,25.28,0.0,0,0.0,0.0,0.0,0.0,0.0
2016-01-22,浙江世宝,sz002703,0.0,0.0,0.0,0.0,0.0,0.0,0,0.0,0.0,0.0,0.0,0.0
2016-01-25,浙江世宝,sz002703,0.0,0.0,0.0,0.0,0.0,0.0,0,0.0,0.0,0.0,0.0,0.0
2016-01-26,浙江世宝,sz002703,0.0,0.0,0.0,0.0,0.0,0.0,0,0.0,0.0,0.0,0.0,0.0
2016-01-27,浙江世宝,sz002703,0.0,0.0,0.0,0.0,0.0,0.0,0,0.0,0.0,0.0,0.0,0.0
2016-01-28,浙江世宝,sz002703,0.0,0.0,0.0,0.0,0.0,0.0,0,0.0,0.0,0.0,0.0,0.0
2016-01-29,浙江世宝,sz002703,0.0,0.0,0.0,0.0,0.0,0.0,0,0.0,0.0,0.0,0.0,0.0
2016-02-01,浙江世宝,sz002703,0.0,0.0,0.0,0.0,0.0,0.0,0,0.0,0.0,0.0,0.0,0.0
2016-02-02,浙江世宝,sz002703,0.0,0.0,0.0,0.0,0.0,0.0,0,0.0,0.0,0.0,0.0,0.0
2016-02-03,浙江世宝,sz002703,0.0,0.0,0.0,0.0,0.0,0.0,0,0.0,0.0,0.0,0.0,0.0
2016-02-04,浙江世宝,sz002703,0.0,0.0,0.0,0.0,0.0,0.0,0,0.0,0.0,0.0,0.0,0.0
2016-02-05,浙江世宝,sz002703,0.0,0.0,0.0,0.0,0.0,0.0,0,0.0,0.0,0.0,0.0,0.0
2016-02-08,浙江世宝,sz002703,0.0,0.0,0.0,0.0,0.0,0.0,0,0.0,0.0,0.0,0.0,0.0
2016-02-09,浙江世宝,sz002703,0.0,0.0,0.0,0.0,0.0,0.0,0,0.0,0.0,0.0,0.0,0.0
2016-02-10,浙江世宝,sz002703,0.0,0.0,0.0,0.0,0.0,0.0,0,0.0,0.0,0.0,0.0,0.0
2016-02-11,浙江世宝,sz002703,0.0,0.0,0.0,0.0,0.0,0.0,0,0.0,0.0,0.0,0.0,0.0
2016-02-12,浙江世宝,sz002703,0.0,0.0,0.0,0.0,0.0,0.0,0,0.0,0.0,0.0,0.0,0.0
2016-02-15,浙江世宝,sz002703,0.0,0.0,0.0,0.0,0.0,0.0,0,0.0,0.0,0.0,0.0,0.0
2016-02-16,浙江世宝,sz002703,0.0,0.0,0.0,0.0,0.0,0.0,0,0.0,0.0,0.0,0.0,0.0
2016-02-17,浙江世宝,sz002703,0.0,0.0,0.0,0.0,0.0,0.0,0,0.0,0.0,0.0,0.0,0.0
2016-02-18,浙江世宝,sz002703,0.0,0.0,0.0,0.0,0.0,0.0,0,0.0,0.0,0.0,0.0,0.0
2016-02-19,浙江世宝,sz002703,0.0,0.0,0.0,0.0,0.0,0.0,0,0.0,0.0,0.0,0.0,0.0
2016-02-22,浙江世宝,sz002703,0.0,0.0,0.0,0.0,0.0,0.0,0,0.0,0.0,0.0,0.0,0.0
2016-02-23,浙江世宝,sz002703,0.0,0.0,0.0,0.0,0.0,0.0,0,0.0,0.0,0.0,0.0,0.0
2016-02-24,浙江世宝,sz002703,0.0,0.0,0.0,0.0,0.0,0.0,0,0.0,0.0,0.0,0.0,0.0
2016-02-25,浙江世宝,sz002703,0.0,0.0,0.0,0.0,0.0,0.0,0,0.0,0.0,0.0,0.0,0.0
2016-02-26,浙江世宝,sz002703,0.0,0.0,0.0,0.0,0.0,0.0,0,0.0,0.0,0.0,0.0,0.0
2016-02-29,浙江世宝,sz002703,0.0,0.0,0.0,0.0,0.0,0.0,0,0.0,0.0,0.0,0.0,0.0
2016-03-01,浙江世宝,sz002703,0.0,0.0,0.0,0.0,0.0,0.0,0,0.0,0.0,0.0,0.0,0.0
2016-03-02,浙江世宝,sz002703,0.0,0.0,0.0,0.0,0.0,0.0,0,0.0,0.0,0.0,0.0,0.0
2016-03-03,浙江世宝,sz002703,0.0,0.0,0.0,0.0,0.0,0.0,0,0.0,0.0,0.0,0.0,0.0
2016-03-04,浙江世宝,sz002703,0.0,0.0,0.0,0.0,0.0,0.0,0,0.0,0.0,0.0,0.0,0.0
2016-03-07,浙江世宝,sz002703,0.0,0.0,0.0,0.0,0.0,0.0,0,0.0,0.0,0.0,0.0,0.0
2016-03-08,浙江世宝,sz002703,0.0,0.0,0.0,0.0,0.0,0.0,0,0.0,0.0,0.0,0.0,0.0
2016-03-09,浙江世宝,sz002703,0.0,0.0,0.0,0.0,0.0,0.0,0,0.0,0.0,0.0,0.0,0.0
2016-03-10,浙江世宝,sz002703,0.0,0.0,0.0,0.0,0.0,0.0,0,0.0,0.0,0.0,0.0,0.0
2016-03-11,浙江世宝,sz002703,0.0,0.0,0.0,0.0,0.0,0.0,0,0.0,0.0,0.0,0.0,0.0
2016-03-14,浙江世宝,sz002703,0.0,0.0,0.0,0.0,0.0,0.0,0,0.0,0.0,0.0,0.0,0.0
2016-03-15,浙江世宝,sz002703,0.0,0.0,0.0,0.0,0.0,0.0,0,0.0,0.0,0.0,0.0,0.0
2016-03-16,浙江世宝,sz002703,0.0,0.0,0.0,0.0,0.0,0.0,0,0.0,0.0,0.0,0.0,0.0
2016-03-17,浙江世宝,sz002703,0.0,0.0,0.0,0.0,0.0,0.0,0,0.0,0.0,0.0,0.0,0.0
2016-03-18,浙江世宝,sz002703,0.0,0.0,0.0,0.0,0.0,0.0,0,0.0,0.0,0.0,0.0,0.0
2016-03-21,浙江世宝,sz002703,0.0,0.0,0.0,0.0,0.0,0.0,0,0.0,0.0,0.0,0.0,0.0
2016-03-22,浙江世宝,sz002703,0.0,0.0,0.0,0.0,0.0,0.0,0,0.0,0.0,0.0,0.0,0.0
2016-03-23,浙江世宝,sz002703,0.0,0.0,0.0,0.0,0.0,0.0,0,0.0,0.0,0.0,0.0,0.0
2016-03-24,浙江世宝,sz002703,0.0,0.0,0.0,0.0,0.0,0.0,0,0.0,0.0,0.0,0.0,0.0
2016-03-25,浙江世宝,sz002703,0.0,0.0,0.0,0.0,0.0,0.0,0,0.0,0.0,0.0,0.0,0.0
