2016-03-25
2012-05-07,西部证券,sz002673,15.44,14.6,14.64,15.26,14.77,6.864,141779900,0.0,0.0,0.0,0.0568,0.0423
2012-05-08,西部证券,sz002673,15.23,14.63,15.19,14.86,15.26,6.684,87258400,0.0,0.0,0.0,0.0393,-0.0217
2012-05-09,西部证券,sz002673,14.85,14.2,14.6,14.53,14.86,6.536,64573200,0.0,0.0,0.0,0.0437,-0.0047
2012-05-10,西部证券,sz002673,15.88,14.29,14.46,15.23,14.53,6.85,121719100,0.0,0.0,0.0,0.1094,0.0532
2012-05-11,西部证券,sz002673,15.64,14.91,15.1,15.24,15.23,6.855,98118900,0.0,0.0,0.0,0.0479,0.0092
2012-05-14,西部证券,sz002673,16.67,14.92,15.45,15.69,15.24,7.057,125494100,0.0,0.0,0.0,0.1148,0.0155
2012-05-15,西部证券,sz002673,17.18,15.41,15.49,16.92,15.69,7.611,123445800,0.0,0.0,0.0,0.1128,0.0923
2012-05-16,西部证券,sz002673,17.56,16.65,16.75,16.67,16.92,7.498,113542800,0.0,0.0,0.0,0.0537,-0.0047
2012-05-17,西部证券,sz002673,18.34,16.81,17.0,18.34,16.67,8.249,111561700,0.0,0.0,0.0,0.0917,0.0788
2012-05-18,西部证券,sz002673,19.15,17.91,18.0,19.12,18.34,8.6,112132200,0.0,0.0,0.0,0.0676,0.0622
2012-05-21,西部证券,sz002673,18.87,17.4,18.5,17.58,19.12,7.907,104066000,0.0,0.0,0.0,0.0768,-0.0497
2012-05-22,西部证券,sz002673,18.28,17.6,17.6,17.91,17.58,8.056,65473900,0.0,0.0,0.0,0.0386,0.0176
2012-05-23,西部证券,sz002673,19.47,17.72,17.84,19.26,17.91,8.663,92728700,0.0,0.0,0.0,0.0977,0.0795
2012-05-24,西部证券,sz002673,19.44,18.58,18.99,18.95,19.26,8.524,77182000,0.0,0.0,0.0,0.0446,-0.0021
2012-05-25,西部证券,sz002673,19.29,18.31,18.95,18.57,18.95,8.353,72152600,0.0,0.0,0.0,0.0517,-0.02
2012-05-28,西部证券,sz002673,18.38,16.98,18.21,17.92,18.57,8.06,73356000,0.0,0.0,0.0,0.0753,-0.0159
2012-05-29,西部证券,sz002673,19.15,17.61,17.71,18.47,17.92,8.308,81015500,0.0,0.0,0.0,0.0859,0.0429
2012-05-30,西部证券,sz002673,18.79,18.21,18.49,18.36,18.47,8.258,48087000,0.0,0.0,0.0,0.0314,-0.007
2012-05-31,西部证券,sz002673,19.05,18.02,18.08,18.51,18.36,8.326,69842400,0.0,0.0,0.0,0.0561,0.0237
2012-06-01,西部证券,sz002673,18.93,18.28,18.78,18.4,18.51,8.276,50560600,0.0,0.0,0.0,0.0351,-0.0202
2012-06-04,西部证券,sz002673,18.54,17.62,17.75,17.78,18.4,7.997,47940000,0.0,0.0,0.0,0.0499,0.0016
2012-06-05,西部证券,sz002673,18.09,16.86,17.98,17.23,17.78,7.75,45210200,0.0,0.0,0.0,0.0691,-0.0417
2012-06-06,西部证券,sz002673,17.4,16.43,17.31,16.66,17.23,7.494,46472600,0.0,0.0,0.0,0.0562,-0.0375
2012-06-07,西部证券,sz002673,17.18,16.62,16.98,16.68,16.66,7.503,41125900,0.0,0.0,0.0,0.0336,-0.0176
2012-06-08,西部证券,sz002673,17.61,16.75,16.95,17.02,16.68,7.656,63570800,0.0,0.0,0.0,0.0515,0.0041
2012-06-11,西部证券,sz002673,17.36,16.45,17.05,17.31,17.02,7.786,38760000,0.0,0.0,0.0,0.0534,0.0152
2012-06-12,西部证券,sz002673,17.31,16.72,17.03,16.8,17.31,7.557,32181500,0.0,0.0,0.0,0.034,-0.0135
2012-06-13,西部证券,sz002673,18.48,16.91,17.0,18.41,16.8,8.281,119733400,0.0,0.0,0.0,0.0934,0.0829
2012-06-14,西部证券,sz002673,18.35,17.88,18.15,18.03,18.41,8.11,65082300,0.0,0.0,0.0,0.0255,-0.0066
2012-06-15,西部证券,sz002673,18.55,17.88,18.28,18.39,18.03,8.272,71575700,0.0,0.0,0.0,0.0371,0.006
2012-06-18,西部证券,sz002673,18.77,18.22,18.6,18.31,18.39,8.236,49687900,0.0,0.0,0.0,0.0299,-0.0155
2012-06-19,西部证券,sz002673,18.29,17.65,18.18,17.81,18.31,8.011,38577800,0.0,0.0,0.0,0.0349,-0.0203
2012-06-20,西部证券,sz002673,18.55,17.65,17.97,18.14,17.81,8.159,49463500,0.0,0.0,0.0,0.0505,0.0094
2012-06-21,西部证券,sz002673,17.98,17.55,17.91,17.62,18.14,7.925,31821400,0.0,0.0,0.0,0.0237,-0.0161
2012-06-22,西部证券,sz002673,17.62,17.62,17.62,17.62,17.62,7.925,0,0.0,0.0,0.0,0.0,0.0
2012-06-25,西部证券,sz002673,17.33,16.5,17.31,16.6,17.62,7.467,34459300,0.0,0.0,0.0,0.0471,-0.041
2012-06-26,西部证券,sz002673,17.06,16.3,16.4,16.8,16.6,7.557,33062100,0.0,0.0,0.0,0.0457,0.0243
2012-06-27,西部证券,sz002673,16.94,16.32,16.71,16.33,16.8,7.345,28695600,0.0,0.0,0.0,0.0369,-0.0227
2012-06-28,西部证券,sz002673,16.33,16.33,16.33,16.33,16.33,7.345,0,0.0,0.0,0.0,0.0,0.0
2012-06-29,西部证券,sz002673,16.91,15.75,15.91,16.8,16.33,7.557,38009300,0.0,0.0,0.0,0.071,0.0559
2012-07-02,西部证券,sz002673,16.99,16.56,16.8,16.83,16.8,7.57,32522300,0.0,0.0,0.0,0.0255,0.0017
2012-07-03,西部证券,sz002673,17.2,16.65,16.89,16.79,16.83,7.552,29943100,0.0,0.0,0.0,0.0326,-0.0059
2012-07-04,西部证券,sz002673,16.94,16.34,16.78,16.62,16.79,7.476,26845200,0.0,0.0,0.0,0.0357,-0.0095
2012-07-05,西部证券,sz002673,16.4,15.81,16.39,15.87,16.62,7.138,33650800,0.0,0.0,0.0,0.0354,-0.0317
2012-07-06,西部证券,sz002673,16.82,15.86,16.03,16.63,15.87,7.48,35937500,0.0,0.0,0.0,0.0604,0.0374
2012-07-09,西部证券,sz002673,16.59,15.75,16.5,15.85,16.63,7.129,29682300,0.0,0.0,0.0,0.0505,-0.0393
2012-07-10,西部证券,sz002673,16.0,15.7,15.95,15.8,15.85,7.107,19140400,0.0,0.0,0.0,0.0189,-0.0094
2012-07-11,西部证券,sz002673,16.35,15.78,15.82,16.11,15.8,7.246,24863100,0.0,0.0,0.0,0.036,0.0183
2012-07-12,西部证券,sz002673,16.85,15.31,16.02,16.55,16.11,7.444,50311300,0.0,0.0,0.0,0.0955,0.033
2012-07-13,西部证券,sz002673,16.52,15.9,16.2,16.02,16.55,7.206,35343700,0.0,0.0,0.0,0.0374,-0.0111
2012-07-16,西部证券,sz002673,15.93,15.05,15.93,15.16,16.02,6.819,31102300,0.0,0.0,0.0,0.0549,-0.0483
2012-07-17,西部证券,sz002673,15.86,14.95,15.01,15.32,15.16,6.891,38429500,0.0,0.0,0.0,0.06,0.0206
2012-07-18,西部证券,sz002673,15.58,14.67,15.09,15.39,15.32,6.922,41454300,0.0,0.0,0.0,0.0593,0.0198
2012-07-19,西部证券,sz002673,16.4,15.11,15.19,15.77,15.39,7.093,69644300,0.0,0.0,0.0,0.0838,0.0381
2012-07-20,西部证券,sz002673,15.93,15.32,15.55,15.36,15.77,6.909,36902900,0.0,0.0,0.0,0.0386,-0.0122
2012-07-23,西部证券,sz002673,15.45,14.8,15.11,15.2,15.36,6.837,22585600,0.0,0.0,0.0,0.0423,0.0059
2012-07-24,西部证券,sz002673,15.86,14.98,15.01,15.47,15.2,6.958,33601900,0.0,0.0,0.0,0.0578,0.0306
2012-07-25,西部证券,sz002673,15.5,15.16,15.33,15.2,15.47,6.837,21563500,0.0,0.0,0.0,0.0219,-0.0084
2012-07-26,西部证券,sz002673,15.8,15.16,15.19,15.33,15.2,6.895,33475900,0.0,0.0,0.0,0.0421,0.0092
2012-07-27,西部证券,sz002673,15.49,15.0,15.45,15.08,15.33,6.783,27709100,0.0,0.0,0.0,0.0319,-0.0239
2012-07-30,西部证券,sz002673,15.15,14.38,15.0,14.47,15.08,6.509,29446300,0.0,0.0,0.0,0.051,-0.0353
2012-07-31,西部证券,sz002673,14.34,13.61,14.18,13.66,14.47,6.144,36897800,0.0,0.0,0.0,0.0504,-0.0366
2012-08-01,西部证券,sz002673,14.05,13.3,13.55,13.77,13.66,6.194,36824700,0.0,0.0,0.0,0.0549,0.0162
2012-08-02,西部证券,sz002673,13.66,13.0,13.5,13.1,13.77,5.892,35991700,0.0,0.0,0.0,0.0479,-0.0296
2012-08-03,西部证券,sz002673,13.84,12.94,13.21,13.82,13.1,6.216,117192700,0.0,0.0,0.0,0.0687,0.0461
2012-08-06,西部证券,sz002673,14.3,13.52,13.56,14.12,13.82,6.351,92941300,0.0,0.0,0.0,0.0564,0.0412
2012-08-07,西部证券,sz002673,14.17,13.84,14.02,13.98,14.12,6.288,58579400,0.0,0.0,0.0,0.0233,-0.0028
2012-08-08,西部证券,sz002673,14.45,14.06,14.15,14.07,13.98,6.329,59829400,0.0,0.0,0.0,0.0278,-0.0056
2012-08-09,西部证券,sz002673,14.38,13.75,13.95,14.3,14.07,6.432,56693200,0.0,0.0,0.0,0.0447,0.025
2012-08-10,西部证券,sz002673,14.29,13.98,14.21,14.07,14.3,6.329,32227900,0.0,0.0,0.0,0.0216,-0.0098
2012-08-13,西部证券,sz002673,13.99,13.2,13.92,13.3,14.07,5.982,46555700,0.0,0.0,0.0,0.0561,-0.0445
2012-08-14,西部证券,sz002673,13.39,12.9,13.26,13.35,13.3,6.005,40626300,0.0,0.0,0.0,0.0368,0.0067
2012-08-15,西部证券,sz002673,13.35,13.04,13.2,13.04,13.35,5.865,23874200,0.0,0.0,0.0,0.0232,-0.0121
2012-08-16,西部证券,sz002673,13.26,13.0,13.01,13.09,13.04,5.888,26096100,0.0,0.0,0.0,0.0199,0.0061
2012-08-17,西部证券,sz002673,13.14,12.85,13.0,13.11,13.09,5.897,22856300,0.0,0.0,0.0,0.0221,0.0084
2012-08-20,西部证券,sz002673,13.29,12.74,12.93,13.17,13.11,5.924,24747800,0.0,0.0,0.0,0.0419,0.0185
2012-08-21,西部证券,sz002673,13.59,13.13,13.21,13.31,13.17,5.987,39257800,0.0,0.0,0.0,0.0349,0.0075
2012-08-22,西部证券,sz002673,13.44,13.15,13.31,13.18,13.31,5.928,25307100,0.0,0.0,0.0,0.0217,-0.0097
2012-08-23,西部证券,sz002673,13.64,13.22,13.4,13.35,13.18,6.005,33700000,0.0,0.0,0.0,0.0318,-0.0037
2012-08-24,西部证券,sz002673,13.55,13.17,13.24,13.21,13.35,5.942,25741000,0.0,0.0,0.0,0.0284,-0.0022
2012-08-27,西部证券,sz002673,13.0,12.2,13.0,12.23,13.21,5.501,36049300,0.0,0.0,0.0,0.0605,-0.0592
2012-08-28,西部证券,sz002673,12.87,12.2,12.27,12.52,12.23,5.631,37310300,0.0,0.0,0.0,0.0547,0.0203
2012-08-29,西部证券,sz002673,12.51,12.27,12.4,12.29,12.52,5.528,23397400,0.0,0.0,0.0,0.0191,-0.0088
2012-08-30,西部证券,sz002673,13.44,12.22,12.25,13.01,12.29,5.852,71392000,0.0,0.0,0.0,0.0992,0.062
2012-08-31,西部证券,sz002673,13.06,12.67,12.82,12.93,13.01,5.816,38216000,0.0,0.0,0.0,0.0299,0.0085
2012-09-03,西部证券,sz002673,13.55,12.76,12.8,13.29,12.93,5.978,55870500,0.0,0.0,0.0,0.061,0.0382
2012-09-04,西部证券,sz002673,13.36,13.03,13.21,13.06,13.29,5.874,34415900,0.0,0.0,0.0,0.0248,-0.0113
2012-09-05,西部证券,sz002673,13.59,13.0,13.01,13.25,13.06,5.96,41960000,0.0,0.0,0.0,0.0451,0.0184
2012-09-06,西部证券,sz002673,13.49,13.1,13.27,13.41,13.25,6.032,31731000,0.0,0.0,0.0,0.0294,0.0105
2012-09-07,西部证券,sz002673,14.72,13.55,13.65,14.5,13.41,6.522,96724300,0.0,0.0,0.0,0.0872,0.0622
2012-09-10,西部证券,sz002673,14.74,14.28,14.31,14.42,14.5,6.486,67468200,0.0,0.0,0.0,0.0317,0.0076
2012-09-11,西部证券,sz002673,14.35,14.04,14.25,14.3,14.42,6.432,40499800,0.0,0.0,0.0,0.0214,0.0035
2012-09-12,西部证券,sz002673,14.58,14.1,14.5,14.28,14.3,6.423,30688700,0.0,0.0,0.0,0.0335,-0.0151
2012-09-13,西部证券,sz002673,14.45,13.8,14.26,13.8,14.28,6.207,30464500,0.0,0.0,0.0,0.0455,-0.0322
2012-09-14,西部证券,sz002673,14.33,13.8,14.0,14.02,13.8,6.306,40272600,0.0,0.0,0.0,0.0384,0.0014
2012-09-17,西部证券,sz002673,14.03,13.49,13.95,13.5,14.02,6.072,28661300,0.0,0.0,0.0,0.0385,-0.0322
2012-09-18,西部证券,sz002673,13.62,13.25,13.4,13.31,13.5,5.987,17506000,0.0,0.0,0.0,0.0274,-0.0067
2012-09-19,西部证券,sz002673,13.64,13.37,13.39,13.53,13.31,6.086,27336100,0.0,0.0,0.0,0.0202,0.0104
2012-09-20,西部证券,sz002673,13.42,13.01,13.4,13.02,13.53,5.856,25987600,0.0,0.0,0.0,0.0303,-0.0283
2012-09-21,西部证券,sz002673,13.25,12.61,12.94,12.85,13.02,5.78,28784200,0.0,0.0,0.0,0.0491,-0.0069
2012-09-24,西部证券,sz002673,13.29,12.55,12.63,12.99,12.85,5.843,26580000,0.0,0.0,0.0,0.0575,0.0285
2012-09-25,西部证券,sz002673,13.28,12.85,12.9,13.01,12.99,5.852,26448000,0.0,0.0,0.0,0.0331,0.0085
2012-09-26,西部证券,sz002673,13.58,12.83,13.18,12.87,13.01,5.789,30519700,0.0,0.0,0.0,0.0576,-0.0235
2012-09-27,西部证券,sz002673,14.16,12.73,12.78,13.99,12.87,6.293,106273100,0.0,0.0,0.0,0.1111,0.0946
2012-09-28,西部证券,sz002673,14.28,13.53,13.6,14.15,13.99,6.365,87104500,0.0,0.0,0.0,0.0536,0.0404
2012-10-01,西部证券,sz002673,14.15,14.15,14.15,14.15,14.15,6.365,0,0.0,0.0,0.0,0.0,0.0
2012-10-02,西部证券,sz002673,14.15,14.15,14.15,14.15,14.15,6.365,0,0.0,0.0,0.0,0.0,0.0
2012-10-03,西部证券,sz002673,14.15,14.15,14.15,14.15,14.15,6.365,0,0.0,0.0,0.0,0.0,0.0
2012-10-04,西部证券,sz002673,14.15,14.15,14.15,14.15,14.15,6.365,0,0.0,0.0,0.0,0.0,0.0
2012-10-05,西部证券,sz002673,14.15,14.15,14.15,14.15,14.15,6.365,0,0.0,0.0,0.0,0.0,0.0
2012-10-08,西部证券,sz002673,14.17,13.79,14.06,13.87,14.15,6.239,40919900,0.0,0.0,0.0,0.0268,-0.0135
2012-10-09,西部证券,sz002673,15.26,13.95,13.96,14.76,13.87,6.639,102785100,0.0,0.0,0.0,0.0944,0.0573
2012-10-10,西部证券,sz002673,14.88,14.5,14.6,14.79,14.76,6.652,50425900,0.0,0.0,0.0,0.0257,0.013
2012-10-11,西部证券,sz002673,15.2,14.45,14.67,14.47,14.79,6.509,60534800,0.0,0.0,0.0,0.0507,-0.0136
2012-10-12,西部证券,sz002673,14.89,14.18,14.6,14.6,14.47,6.567,45625400,0.0,0.0,0.0,0.049,0.0
2012-10-15,西部证券,sz002673,14.95,14.43,14.66,14.81,14.6,6.661,45623400,0.0,0.0,0.0,0.0356,0.0102
2012-10-16,西部证券,sz002673,14.91,14.5,14.81,14.55,14.81,6.545,38738000,0.0,0.0,0.0,0.0276,-0.0175
2012-10-17,西部证券,sz002673,15.18,14.35,14.71,14.76,14.55,6.639,57248600,0.0,0.0,0.0,0.057,0.0033
2012-10-18,西部证券,sz002673,15.46,14.63,14.8,15.2,14.76,6.837,73946500,0.0,0.0,0.0,0.0562,0.027
2012-10-19,西部证券,sz002673,15.29,14.93,15.17,15.11,15.2,6.796,40991300,0.0,0.0,0.0,0.0236,-0.0039
2012-10-22,西部证券,sz002673,15.12,14.82,14.97,15.0,15.11,6.747,45075700,0.0,0.0,0.0,0.0198,0.002
2012-10-23,西部证券,sz002673,14.99,14.17,14.93,14.23,15.0,6.401,73377800,0.0,0.0,0.0,0.0546,-0.0468
2012-10-24,西部证券,sz002673,14.31,13.85,14.14,14.01,14.23,6.302,36509500,0.0,0.0,0.0,0.0323,-0.0091
2012-10-25,西部证券,sz002673,14.1,13.63,13.95,13.87,14.01,6.239,33979600,0.0,0.0,0.0,0.0335,-0.0057
2012-10-26,西部证券,sz002673,13.94,13.6,13.88,13.75,13.87,6.185,29550300,0.0,0.0,0.0,0.0245,-0.0093
2012-10-29,西部证券,sz002673,13.83,13.58,13.75,13.7,13.75,6.162,18429800,0.0,0.0,0.0,0.0181,-0.0036
2012-10-30,西部证券,sz002673,14.14,13.68,13.76,13.84,13.7,6.225,29963300,0.0,0.0,0.0,0.0335,0.0058
2012-10-31,西部证券,sz002673,14.01,13.71,13.83,13.98,13.84,6.288,23170300,0.0,0.0,0.0,0.0216,0.0108
2012-11-01,西部证券,sz002673,14.97,14.14,14.2,14.53,13.98,6.536,74197400,0.0,0.0,0.0,0.0593,0.0232
2012-11-02,西部证券,sz002673,14.69,14.35,14.53,14.62,14.53,6.576,41141100,0.0,0.0,0.0,0.0233,0.0061
2012-11-05,西部证券,sz002673,14.64,14.28,14.48,14.53,14.62,6.536,25536400,0.0,0.0,0.0,0.0246,0.0034
2012-11-06,西部证券,sz002673,15.13,14.1,14.51,14.82,14.53,6.666,59248300,0.0,0.0,0.0,0.0708,0.0213
2012-11-07,西部证券,sz002673,14.67,14.31,14.58,14.34,14.82,6.45,36645200,0.0,0.0,0.0,0.0242,-0.0164
2012-11-08,西部证券,sz002673,14.22,13.69,14.08,13.73,14.34,6.176,31806300,0.0,0.0,0.0,0.0369,-0.0248
2012-11-09,西部证券,sz002673,13.7,13.48,13.5,13.57,13.73,6.104,21842900,0.0,0.0,0.0,0.016,0.0051
2012-11-12,西部证券,sz002673,13.72,13.37,13.61,13.65,13.57,6.14,22191600,0.0,0.0,0.0,0.0257,0.0029
2012-11-13,西部证券,sz002673,13.65,13.04,13.63,13.07,13.65,5.879,22426800,0.0,0.0,0.0,0.0446,-0.041
2012-11-14,西部证券,sz002673,13.28,12.92,13.1,13.2,13.07,5.937,20058500,0.0,0.0,0.0,0.0275,0.0076
2012-11-15,西部证券,sz002673,13.24,12.86,13.08,12.88,13.2,5.793,17930300,0.0,0.0,0.0,0.0287,-0.0152
2012-11-16,西部证券,sz002673,13.21,12.86,12.88,13.07,12.88,5.879,22560900,0.0,0.0,0.0,0.0271,0.0147
2012-11-19,西部证券,sz002673,13.38,13.0,13.12,13.33,13.07,5.996,27706400,0.0,0.0,0.0,0.029,0.016
2012-11-20,西部证券,sz002673,13.38,13.07,13.35,13.07,13.33,5.879,17657800,0.0,0.0,0.0,0.0232,-0.0209
2012-11-21,西部证券,sz002673,13.63,13.07,13.11,13.5,13.07,6.072,32077400,0.0,0.0,0.0,0.0428,0.0297
2012-11-22,西部证券,sz002673,13.42,13.19,13.38,13.28,13.5,5.973,18309400,0.0,0.0,0.0,0.017,-0.0074
2012-11-23,西部证券,sz002673,13.45,13.2,13.33,13.27,13.28,5.969,18056000,0.0,0.0,0.0,0.0188,-0.0045
2012-11-26,西部证券,sz002673,13.19,12.87,13.18,12.87,13.27,5.789,17836700,0.0,0.0,0.0,0.0241,-0.0235
2012-11-27,西部证券,sz002673,13.05,12.51,12.86,12.54,12.87,5.64,20835500,0.0,0.0,0.0,0.0419,-0.0248
2012-11-28,西部证券,sz002673,12.61,12.33,12.41,12.52,12.54,5.631,16299300,0.0,0.0,0.0,0.0223,0.0088
2012-11-29,西部证券,sz002673,12.65,11.27,12.52,11.27,12.52,5.069,40839500,0.0,0.0,0.0,0.1102,-0.0998
2012-11-30,西部证券,sz002673,11.27,10.5,11.27,11.02,11.27,4.957,35615700,0.0,0.0,0.0,0.0683,-0.0221
2012-12-03,西部证券,sz002673,11.1,10.36,10.91,10.42,11.02,4.687,25235200,0.0,0.0,0.0,0.0671,-0.0449
2012-12-04,西部证券,sz002673,10.98,10.35,10.39,10.89,10.42,4.898,31568900,0.0,0.0,0.0,0.0604,0.0481
2012-12-05,西部证券,sz002673,11.98,10.75,10.81,11.68,10.89,5.254,74594300,0.0,0.0,0.0,0.1129,0.0804
2012-12-06,西部证券,sz002673,11.67,11.41,11.6,11.48,11.68,5.164,39667000,0.0,0.0,0.0,0.0222,-0.0103
2012-12-07,西部证券,sz002673,11.95,11.45,11.5,11.83,11.48,5.321,45146400,0.0,0.0,0.0,0.0435,0.0286
2012-12-10,西部证券,sz002673,12.08,11.75,11.83,12.0,11.83,5.398,39600200,0.0,0.0,0.0,0.0278,0.0143
2012-12-11,西部证券,sz002673,11.61,11.39,11.59,11.44,12.0,5.563,24951900,0.0,0.0,0.0,0.0183,-0.0129
2012-12-12,西部证券,sz002673,11.64,11.26,11.41,11.57,11.44,5.626,27907200,0.0,0.0,0.0,0.0332,0.014
2012-12-13,西部证券,sz002673,11.48,11.25,11.45,11.26,11.57,5.475,18448900,0.0,0.0,0.0,0.0198,-0.0165
2012-12-14,西部证券,sz002673,12.33,11.21,11.23,12.21,11.26,5.937,63074400,0.0,0.0,0.0,0.0994,0.0872
2012-12-17,西部证券,sz002673,12.75,12.07,12.23,12.43,12.21,6.044,58853200,0.0,0.0,0.0,0.0556,0.0163
2012-12-18,西部证券,sz002673,13.15,12.19,12.3,12.61,12.43,6.132,65533100,0.0,0.0,0.0,0.0772,0.0252
2012-12-19,西部证券,sz002673,12.92,12.41,12.45,12.56,12.61,6.108,34510700,0.0,0.0,0.0,0.0404,0.0088
2012-12-20,西部证券,sz002673,13.46,12.31,12.45,13.18,12.56,6.409,65670000,0.0,0.0,0.0,0.0915,0.0586
2012-12-21,西部证券,sz002673,13.32,12.85,13.05,12.98,13.18,6.312,53443200,0.0,0.0,0.0,0.0356,-0.0053
2012-12-24,西部证券,sz002673,13.75,12.9,12.92,13.33,12.98,6.482,47241300,0.0,0.0,0.0,0.0654,0.0317
2012-12-25,西部证券,sz002673,14.66,13.05,13.21,14.45,13.33,7.027,110069600,0.0,0.0,0.0,0.1207,0.0938
2012-12-26,西部证券,sz002673,14.55,14.14,14.3,14.45,14.45,7.027,54323900,0.0,0.0,0.0,0.0283,0.0104
2012-12-27,西部证券,sz002673,14.67,14.01,14.45,14.09,14.45,6.851,60288300,0.0,0.0,0.0,0.0456,-0.0249
2012-12-28,西部证券,sz002673,14.8,14.1,14.34,14.71,14.09,7.153,73095200,0.0,0.0,0.0,0.0496,0.0258
2012-12-31,西部证券,sz002673,14.99,14.5,14.87,14.65,14.71,7.124,55926200,0.0,0.0,0.0,0.0333,-0.0147
2013-01-04,西部证券,sz002673,14.94,14.08,14.81,14.3,14.65,14.862534,27354159,0.0,0.0,0.0,0.0587,-0.0344
2013-01-07,西部证券,sz002673,14.44,14.02,14.17,14.29,14.3,14.852145,16697024,0.0,0.0,0.0,0.0293,0.0084
2013-01-08,西部证券,sz002673,14.28,13.92,14.21,14.17,14.29,14.727431,17778592,0.0,0.0,0.0,0.0251,-0.0028
2013-01-09,西部证券,sz002673,14.56,13.85,14.1,14.19,14.17,14.748212,19492607,0.0,0.0,0.0,0.0501,0.0063
2013-01-10,西部证券,sz002673,14.5,13.93,14.18,14.09,14.19,14.644281,23798711,0.0,0.0,0.0,0.0401,-0.0063
2013-01-11,西部证券,sz002673,14.09,13.47,14.01,13.55,14.09,14.083039,21461797,0.0,0.0,0.0,0.044,-0.0328
2013-01-14,西部证券,sz002673,14.34,13.4,13.42,14.25,13.55,14.810583,29383607,0.0,0.0,0.0,0.0693,0.0618
2013-01-15,西部证券,sz002673,14.44,14.11,14.23,14.36,14.25,14.924906,22629765,0.0,0.0,0.0,0.0231,0.0091
2013-01-16,西部证券,sz002673,14.53,13.86,14.5,14.02,14.36,14.571528,16879528,0.0,0.0,0.0,0.0466,-0.0331
2013-01-17,西部证券,sz002673,14.53,13.72,13.95,14.17,14.02,14.727429,27562007,0.0,0.0,0.0,0.0577,0.0157
2013-01-18,西部证券,sz002673,14.53,13.87,14.19,14.3,14.17,14.862539,24683899,0.0,0.0,0.0,0.0465,0.0077
2013-01-21,西部证券,sz002673,14.35,14.06,14.3,14.17,14.3,14.727424,15103274,0.0,0.0,0.0,0.0202,-0.009
2013-01-22,西部证券,sz002673,14.5,14.01,14.18,14.09,14.17,14.644273,23320247,0.0,0.0,0.0,0.0345,-0.0063
2013-01-23,西部证券,sz002673,14.07,13.61,13.94,13.86,14.09,14.405219,18049020,0.0,0.0,0.0,0.0326,-0.0057
2013-01-24,西部证券,sz002673,14.6,13.6,13.86,13.8,13.86,14.342859,38779011,0.0,0.0,0.0,0.0721,-0.0043
2013-01-25,西部证券,sz002673,13.75,13.38,13.66,13.39,13.8,13.916733,16980298,0.0,0.0,0.0,0.0268,-0.0197
2013-01-28,西部证券,sz002673,13.97,13.41,13.41,13.94,13.39,14.488362,17698169,0.0,0.0,0.0,0.0418,0.0395
2013-01-29,西部证券,sz002673,14.5,13.83,13.98,14.23,13.94,14.789764,28955927,0.0,0.0,0.0,0.048,0.0178
2013-01-30,西部证券,sz002673,15.5,14.32,14.33,14.7,14.23,15.278255,46255180,0.0,0.0,0.0,0.0829,0.0258
2013-01-31,西部证券,sz002673,15.28,14.42,14.7,15.05,14.7,15.642031,35219865,0.0,0.0,0.0,0.0585,0.0238
2013-02-01,西部证券,sz002673,15.92,14.75,14.85,15.63,15.05,16.244843,41949408,0.0,0.0,0.0,0.0777,0.0525
2013-02-04,西部证券,sz002673,16.36,15.3,15.9,15.65,15.63,16.265636,40497445,0.0,0.0,0.0,0.0678,-0.0157
2013-02-05,西部证券,sz002673,15.85,15.31,15.31,15.53,15.65,16.140911,17848161,0.0,0.0,0.0,0.0345,0.0143
2013-02-06,西部证券,sz002673,16.1,15.5,15.59,15.68,15.53,16.296816,21292310,0.0,0.0,0.0,0.0386,0.0057
2013-02-07,西部证券,sz002673,15.99,15.15,15.7,15.72,15.68,16.33839,23227488,0.0,0.0,0.0,0.0535,0.0012
2013-02-08,西部证券,sz002673,15.75,15.41,15.6,15.55,15.72,16.161707,14246751,0.0,0.0,0.0,0.0216,-0.0032
2013-02-18,西部证券,sz002673,15.6,14.99,15.55,15.0,15.55,15.590067,14334302,0.0,0.0,0.0,0.0392,-0.0353
2013-02-19,西部证券,sz002673,15.18,14.8,14.93,14.97,15.0,15.558887,13582057,0.0,0.0,0.0,0.0253,0.0026
2013-02-20,西部证券,sz002673,15.2,14.8,14.98,15.16,14.97,15.75636,12991909,0.0,0.0,0.0,0.0267,0.012
2013-02-21,西部证券,sz002673,15.08,14.58,14.95,14.6,15.16,15.174336,15073842,0.0,0.0,0.0,0.0329,-0.0234
2013-02-22,西部证券,sz002673,14.72,14.18,14.51,14.24,14.6,14.800167,12888448,0.0,0.0,0.0,0.0369,-0.0186
2013-02-25,西部证券,sz002673,14.74,14.35,14.35,14.53,14.24,15.101573,11028472,0.0,0.0,0.0,0.0273,0.0125
2013-02-26,西部证券,sz002673,14.76,14.11,14.2,14.26,14.53,14.820955,13145176,0.0,0.0,0.0,0.0447,0.0042
2013-02-27,西部证券,sz002673,14.84,14.37,14.37,14.58,14.26,15.153538,12884062,0.0,0.0,0.0,0.0329,0.0146
2013-02-28,西部证券,sz002673,15.18,14.37,14.71,15.06,14.58,15.652422,27991380,0.0,0.0,0.0,0.0555,0.0237
2013-03-01,西部证券,sz002673,15.14,14.77,15.1,14.93,15.06,15.51731,18746489,0.0,0.0,0.0,0.0245,-0.0112
2013-03-04,西部证券,sz002673,14.68,13.75,14.68,13.94,14.93,14.488373,18509325,0.0,0.0,0.0,0.0622,-0.0504
2013-03-05,西部证券,sz002673,14.54,13.85,13.85,14.49,13.94,15.060012,15601787,0.0,0.0,0.0,0.0494,0.0462
2013-03-06,西部证券,sz002673,14.7,14.3,14.56,14.5,14.49,15.070403,12668749,0.0,0.0,0.0,0.0276,-0.0041
2013-03-07,西部证券,sz002673,14.87,14.32,14.6,14.46,14.5,15.028824,18544787,0.0,0.0,0.0,0.0379,-0.0095
2013-03-08,西部证券,sz002673,14.59,14.19,14.5,14.2,14.46,14.758591,9365108,0.0,0.0,0.0,0.0276,-0.0206
2013-03-11,西部证券,sz002673,14.58,14.11,14.2,14.33,14.2,14.893705,7208772,0.0,0.0,0.0,0.033,0.0091
2013-03-12,西部证券,sz002673,15.72,14.33,14.33,14.92,14.33,15.506909,37676892,0.0,0.0,0.0,0.0969,0.0411
2013-03-13,西部证券,sz002673,15.24,14.69,14.77,15.08,14.92,15.673205,29147474,0.0,0.0,0.0,0.0368,0.0209
2013-03-14,西部证券,sz002673,15.28,14.91,14.99,14.93,15.08,15.517304,20371398,0.0,0.0,0.0,0.0245,-0.004
2013-03-15,西部证券,sz002673,16.16,14.48,14.98,15.45,14.93,16.057756,53400140,0.0,0.0,0.0,0.1125,0.0313
2013-03-18,西部证券,sz002673,15.73,15.03,15.25,15.32,15.45,15.9226465,24027979,0.0,0.0,0.0,0.0453,0.0045
2013-03-19,西部证券,sz002673,15.47,14.61,15.21,15.2,15.32,15.797924,31380173,0.0,0.0,0.0,0.0561,-6.0E-4
2013-03-20,西部证券,sz002673,16.1,15.09,15.17,15.96,15.2,16.58782,42079704,0.0,0.0,0.0,0.0664,0.052
2013-03-21,西部证券,sz002673,16.08,15.7,15.93,15.96,15.96,16.58782,28299555,0.0,0.0,0.0,0.0238,0.0018
2013-03-22,西部证券,sz002673,16.73,15.85,16.0,16.22,15.96,16.858053,36026187,0.0,0.0,0.0,0.0551,0.0137
2013-03-25,西部证券,sz002673,16.36,15.7,16.27,15.77,16.22,16.390343,21906434,0.0,0.0,0.0,0.0406,-0.0307
2013-03-26,西部证券,sz002673,15.78,15.32,15.78,15.43,15.77,16.036966,18353854,0.0,0.0,0.0,0.0291,-0.0221
2013-03-27,西部证券,sz002673,15.86,15.29,15.5,15.53,15.43,16.140903,17618700,0.0,0.0,0.0,0.0369,0.0019
2013-03-28,西部证券,sz002673,15.1,14.21,15.09,14.22,15.53,14.779369,23334114,0.0,0.0,0.0,0.0573,-0.0576
2013-03-29,西部证券,sz002673,14.47,14.14,14.3,14.17,14.22,14.727405,11482883,0.0,0.0,0.0,0.0232,-0.009
2013-04-01,西部证券,sz002673,14.6,14.16,14.18,14.39,14.17,14.956062,9544873,0.0,0.0,0.0,0.031,0.0148
2013-04-02,西部证券,sz002673,14.88,14.27,14.4,14.69,14.39,15.267866,15537825,0.0,0.0,0.0,0.0423,0.0201
2013-04-03,西部证券,sz002673,14.78,14.25,14.63,14.3,14.69,14.86252,10771740,0.0,0.0,0.0,0.036,-0.0225
2013-04-08,西部证券,sz002673,14.06,13.59,13.71,13.98,14.3,14.529926,10359383,0.0,0.0,0.0,0.0328,0.0196
2013-04-09,西部证券,sz002673,14.46,14.12,14.12,14.25,13.98,14.810543,9651469,0.0,0.0,0.0,0.0243,0.0092
2013-04-10,西部证券,sz002673,14.35,13.78,14.23,14.02,14.25,14.571501,9991271,0.0,0.0,0.0,0.04,-0.0147
2013-04-11,西部证券,sz002673,14.24,13.78,14.16,13.81,14.02,14.353234,7353423,0.0,0.0,0.0,0.0328,-0.0247
2013-04-12,西部证券,sz002673,13.88,13.12,13.75,13.22,13.81,13.740021,11661926,0.0,0.0,0.0,0.055,-0.0385
2013-04-15,西部证券,sz002673,13.5,12.96,13.0,13.16,13.22,13.677655,7960891,0.0,0.0,0.0,0.0408,0.0123
2013-04-16,西部证券,sz002673,13.69,12.9,13.0,13.58,13.16,14.114178,10766978,0.0,0.0,0.0,0.06,0.0446
2013-04-17,西部证券,sz002673,13.76,13.32,13.53,13.56,13.58,14.093388,9925157,0.0,0.0,0.0,0.0324,0.0022
2013-04-18,西部证券,sz002673,13.8,13.37,13.45,13.63,13.56,14.166138,9169628,0.0,0.0,0.0,0.0317,0.0133
2013-04-19,西部证券,sz002673,14.19,13.65,13.68,14.07,13.63,14.623448,15950257,0.0,0.0,0.0,0.0396,0.0285
2013-04-22,西部证券,sz002673,14.28,13.98,14.12,14.11,14.07,14.665023,12848344,0.0,0.0,0.0,0.0213,-7.0E-4
2013-04-23,西部证券,sz002673,14.17,13.5,14.16,13.5,14.11,14.031025,11945882,0.0,0.0,0.0,0.0474,-0.0466
2013-04-24,西部证券,sz002673,14.05,13.11,13.42,13.82,13.5,14.363616,17342353,0.0,0.0,0.0,0.0696,0.0298
2013-04-25,西部证券,sz002673,14.07,13.4,13.69,13.55,13.82,14.082994,14043022,0.0,0.0,0.0,0.0484,-0.0102
2013-04-26,西部证券,sz002673,14.06,13.52,13.6,13.62,13.55,14.155746,11968580,0.0,0.0,0.0,0.0398,0.0014
2013-05-02,西部证券,sz002673,13.88,13.31,13.46,13.66,13.62,14.197322,9713363,0.0,0.0,0.0,0.0418,0.0148
2013-05-03,西部证券,sz002673,14.46,13.8,13.8,14.2,13.66,14.758556,26210616,0.0,0.0,0.0,0.0483,0.0289
2013-05-06,西部证券,sz002673,14.72,14.12,14.32,14.68,14.2,15.257441,25349437,0.0,0.0,0.0,0.0422,0.0251
2013-05-07,西部证券,sz002673,14.53,14.27,14.53,14.46,14.68,15.028792,16249301,0.0,0.0,0.0,0.0177,-0.0048
2013-05-08,西部证券,sz002673,14.58,14.02,14.36,14.28,14.46,14.841714,15738697,0.0,0.0,0.0,0.0387,-0.0055
2013-05-09,西部证券,sz002673,15.2,14.01,14.23,15.04,14.28,15.631604,32273278,0.0,0.0,0.0,0.0833,0.0569
2013-05-10,西部证券,sz002673,15.23,14.72,14.81,14.89,15.04,15.475711,23270373,0.0,0.0,0.0,0.0339,0.0054
2013-05-13,西部证券,sz002673,14.94,14.43,14.81,14.63,14.89,15.205489,16909739,0.0,0.0,0.0,0.0342,-0.0121
2013-05-14,西部证券,sz002673,15.25,14.51,14.6,14.84,14.63,15.423749,26836369,0.0,0.0,0.0,0.0505,0.0164
2013-05-15,西部证券,sz002673,15.06,14.62,14.9,14.95,14.84,15.53807,21569970,0.0,0.0,0.0,0.0296,0.0033
2013-05-16,西部证券,sz002673,15.86,14.7,14.81,15.3,14.95,15.901832,51914205,0.0,0.0,0.0,0.0775,0.033
2013-05-17,西部证券,sz002673,15.44,15.02,15.29,15.36,15.3,15.964198,35970470,0.0,0.0,0.0,0.0274,0.0045
2013-05-20,西部证券,sz002673,15.8,15.25,15.39,15.45,15.36,16.057734,31293130,0.0,0.0,0.0,0.0358,0.0038
2013-05-21,西部证券,sz002673,15.5,15.25,15.37,15.44,15.45,16.047342,21324526,0.0,0.0,0.0,0.0161,0.0045
2013-05-22,西部证券,sz002673,15.85,15.2,15.5,15.33,15.44,15.933022,25863634,0.0,0.0,0.0,0.042,-0.0109
2013-05-23,西部证券,sz002673,15.75,15.2,15.25,15.29,15.33,15.891453,24943813,0.0,0.0,0.0,0.0358,0.0026
2013-05-24,西部证券,sz002673,15.56,14.95,15.35,15.17,15.29,15.766737,20837326,0.0,0.0,0.0,0.0398,-0.0117
2013-05-27,西部证券,sz002673,15.62,15.15,15.38,15.47,15.17,16.078539,22001119,0.0,0.0,0.0,0.0309,0.0058
2013-05-28,西部证券,sz002673,15.95,15.41,15.48,15.88,15.47,16.50467,35472171,0.0,0.0,0.0,0.0349,0.0258
2013-05-29,西部证券,sz002673,16.02,15.67,15.88,15.68,15.88,16.29681,25461808,0.0,0.0,0.0,0.022,-0.0125
2013-05-30,西部证券,sz002673,15.94,15.61,15.68,15.69,15.68,16.307207,19164106,0.0,0.0,0.0,0.021,6.0E-4
2013-05-31,西部证券,sz002673,15.83,15.18,15.74,15.21,15.69,15.80832,20460427,0.0,0.0,0.0,0.0414,-0.0336
2013-06-03,西部证券,sz002673,15.4,14.95,15.21,15.03,15.21,15.621244,14968104,0.0,0.0,0.0,0.0295,-0.0118
2013-06-04,西部证券,sz002673,15.1,14.78,15.04,14.89,15.03,15.475733,11272128,0.0,0.0,0.0,0.0212,-0.0099
2013-06-05,西部证券,sz002673,15.22,14.88,15.04,15.06,14.89,15.652419,13654366,0.0,0.0,0.0,0.0228,0.0013
2013-06-06,西部证券,sz002673,15.19,14.9,14.94,14.92,15.06,15.506914,11804828,0.0,0.0,0.0,0.0192,-0.0013
2013-06-07,西部证券,sz002673,15.48,14.81,15.15,14.88,14.92,15.465341,28501354,0.0,0.0,0.0,0.0449,-0.0178
2013-06-13,西部证券,sz002673,14.35,13.41,14.35,13.6,14.88,14.134981,22342179,0.0,0.0,0.0,0.0631,-0.0522
2013-06-14,西部证券,sz002673,13.79,13.4,13.68,13.7,13.6,14.238915,15415477,0.0,0.0,0.0,0.0286,0.0014
2013-06-17,西部证券,sz002673,13.8,13.4,13.76,13.42,13.7,13.947901,12715756,0.0,0.0,0.0,0.0291,-0.0247
2013-06-18,西部证券,sz002673,13.67,13.3,13.53,13.47,13.42,13.99987,11896343,0.0,0.0,0.0,0.0275,-0.0044
2013-06-19,西部证券,sz002673,13.45,12.9,13.45,13.37,13.47,13.895935,16051377,0.0,0.0,0.0,0.0408,-0.0059
2013-06-20,西部证券,sz002673,13.36,12.94,13.21,12.96,13.37,13.469803,11985531,0.0,0.0,0.0,0.0314,-0.0189
2013-06-21,西部证券,sz002673,13.19,12.34,12.57,12.98,12.96,13.490586,12524348,0.0,0.0,0.0,0.0655,0.0326
2013-06-24,西部证券,sz002673,12.98,11.68,12.98,11.68,12.98,12.13945,16169350,0.0,0.0,0.0,0.1001,-0.1001
2013-06-25,西部证券,sz002673,11.83,10.55,11.5,11.35,11.68,11.796474,19654597,0.0,0.0,0.0,0.1095,-0.013
2013-06-26,西部证券,sz002673,11.89,11.11,11.36,11.64,11.35,12.097886,16357856,0.0,0.0,0.0,0.0687,0.0246
2013-06-27,西部证券,sz002673,11.87,11.13,11.65,11.23,11.64,11.671762,15897098,0.0,0.0,0.0,0.0635,-0.036
2013-06-28,西部证券,sz002673,11.94,10.94,11.15,11.59,11.23,12.045924,17454858,0.0,0.0,0.0,0.089,0.0394
2013-07-01,西部证券,sz002673,11.68,11.28,11.5,11.67,11.59,12.129077,10795606,0.0,0.0,0.0,0.0345,0.0147
2013-07-02,西部证券,sz002673,11.97,11.46,11.69,11.84,11.67,12.305761,15756727,0.0,0.0,0.0,0.0437,0.0128
2013-07-03,西部证券,sz002673,11.77,11.35,11.7,11.52,11.84,11.973173,12776122,0.0,0.0,0.0,0.0354,-0.0153
2013-07-04,西部证券,sz002673,11.77,11.15,11.29,11.59,11.52,12.118671,14504959,0.0,0.0,0.0,0.0538,0.0265
2013-07-05,西部证券,sz002673,11.92,11.58,11.62,11.67,11.59,12.202327,14302490,0.0,0.0,0.0,0.0293,0.0043
2013-07-08,西部证券,sz002673,11.47,10.98,11.3,11.0,11.67,11.501766,14202135,0.0,0.0,0.0,0.0419,-0.0265
2013-07-09,西部证券,sz002673,11.13,10.83,11.0,10.83,11.0,11.324007,8909154,0.0,0.0,0.0,0.0272,-0.0154
2013-07-10,西部证券,sz002673,11.5,10.82,10.86,11.4,10.83,11.9200115,14817931,0.0,0.0,0.0,0.0627,0.0497
2013-07-11,西部证券,sz002673,12.54,11.31,11.42,12.5,11.4,13.070186,42792147,0.0,0.0,0.0,0.1078,0.0945
2013-07-12,西部证券,sz002673,12.54,12.06,12.27,12.06,12.5,12.610115,27371775,0.0,0.0,0.0,0.0383,-0.0171
2013-07-15,西部证券,sz002673,12.92,12.17,12.31,12.45,12.06,13.017901,32293853,0.0,0.0,0.0,0.0621,0.0113
2013-07-16,西部证券,sz002673,12.67,12.28,12.38,12.57,12.45,13.14338,16174757,0.0,0.0,0.0,0.0313,0.0153
2013-07-17,西部证券,sz002673,12.7,12.2,12.48,12.21,12.57,12.766954,16097811,0.0,0.0,0.0,0.0397,-0.0216
2013-07-18,西部证券,sz002673,12.7,12.1,12.12,12.3,12.21,12.861059,17122338,0.0,0.0,0.0,0.0491,0.0148
2013-07-19,西部证券,sz002673,12.78,12.07,12.49,12.11,12.3,12.662395,25203207,0.0,0.0,0.0,0.0577,-0.0304
2013-07-22,西部证券,sz002673,12.11,11.62,11.77,12.1,12.11,12.651936,17848143,0.0,0.0,0.0,0.0404,0.028
2013-07-23,西部证券,sz002673,12.82,12.01,12.08,12.58,12.1,13.153825,26707207,0.0,0.0,0.0,0.0669,0.0413
2013-07-24,西部证券,sz002673,12.55,12.17,12.4,12.47,12.58,13.038808,19874298,0.0,0.0,0.0,0.0302,0.0056
2013-07-25,西部证券,sz002673,12.84,12.37,12.49,12.44,12.47,13.007437,20557784,0.0,0.0,0.0,0.0376,-0.004
2013-07-26,西部证券,sz002673,12.4,12.12,12.23,12.25,12.44,12.808774,11277613,0.0,0.0,0.0,0.0225,0.0016
2013-07-29,西部证券,sz002673,12.3,11.98,12.17,12.0,12.25,12.547373,10118683,0.0,0.0,0.0,0.0261,-0.0139
2013-07-30,西部证券,sz002673,12.66,12.0,12.16,12.32,12.0,12.881973,16991539,0.0,0.0,0.0,0.055,0.0131
2013-07-31,西部证券,sz002673,12.68,12.24,12.52,12.24,12.32,12.798318,13720961,0.0,0.0,0.0,0.0357,-0.0223
2013-08-01,西部证券,sz002673,12.67,12.28,12.28,12.6,12.24,13.174742,18422874,0.0,0.0,0.0,0.0318,0.026
2013-08-02,西部证券,sz002673,12.75,12.46,12.68,12.48,12.6,13.049266,13392081,0.0,0.0,0.0,0.023,-0.0157
2013-08-05,西部证券,sz002673,12.77,12.45,12.48,12.71,12.48,13.289751,15601869,0.0,0.0,0.0,0.0256,0.0184
2013-08-06,西部证券,sz002673,13.13,12.56,12.74,13.04,12.71,13.634806,27313716,0.0,0.0,0.0,0.0448,0.0235
2013-08-07,西部证券,sz002673,13.19,12.77,13.03,12.82,13.04,13.404773,23486360,0.0,0.0,0.0,0.0322,-0.0161
2013-08-08,西部证券,sz002673,12.91,12.52,12.7,12.65,12.82,13.227013,14581404,0.0,0.0,0.0,0.0304,-0.0039
2013-08-09,西部证券,sz002673,12.96,12.61,12.78,12.83,12.65,13.415219,14050684,0.0,0.0,0.0,0.0276,0.0039
2013-08-12,西部证券,sz002673,13.4,12.82,12.88,13.32,12.83,13.927573,28399232,0.0,0.0,0.0,0.0452,0.0341
2013-08-13,西部证券,sz002673,13.36,13.06,13.32,13.23,13.32,13.833465,17347126,0.0,0.0,0.0,0.0225,-0.0067
2013-08-14,西部证券,sz002673,13.47,13.02,13.23,13.09,13.23,13.687079,17170033,0.0,0.0,0.0,0.034,-0.0105
2013-08-15,西部证券,sz002673,13.23,12.85,13.08,12.88,13.09,13.467497,12993003,0.0,0.0,0.0,0.029,-0.0152
2013-08-16,西部证券,sz002673,14.09,12.74,12.83,12.91,12.88,13.498863,40781711,0.0,0.0,0.0,0.1048,0.0062
2013-08-19,西部证券,sz002673,12.67,12.23,12.45,12.54,12.91,13.111986,24281100,0.0,0.0,0.0,0.034,0.0072
2013-08-20,西部证券,sz002673,12.72,12.38,12.46,12.45,12.54,13.017881,14780874,0.0,0.0,0.0,0.0271,-8.0E-4
2013-08-21,西部证券,sz002673,12.6,12.4,12.51,12.53,12.45,13.101534,8973799,0.0,0.0,0.0,0.016,0.0015
2013-08-22,西部证券,sz002673,12.61,12.3,12.46,12.32,12.53,12.881952,12764583,0.0,0.0,0.0,0.0247,-0.0112
2013-08-23,西部证券,sz002673,12.45,11.9,12.44,12.1,12.32,12.651919,11885628,0.0,0.0,0.0,0.0446,-0.0273
2013-08-26,西部证券,sz002673,12.88,12.41,12.45,12.82,12.1,13.404759,26484767,0.0,0.0,0.0,0.0388,0.0297
2013-08-27,西部证券,sz002673,12.85,12.66,12.75,12.82,12.82,13.404759,14712545,0.0,0.0,0.0,0.0148,0.0054
2013-08-28,西部证券,sz002673,12.75,12.5,12.68,12.56,12.82,13.132897,15499847,0.0,0.0,0.0,0.0195,-0.0094
2013-08-29,西部证券,sz002673,12.89,12.57,12.8,12.66,12.56,13.237461,12259003,0.0,0.0,0.0,0.0254,-0.0109
2013-08-30,西部证券,sz002673,13.1,12.52,12.6,12.84,12.66,13.425672,23878572,0.0,0.0,0.0,0.0458,0.019
2013-09-02,西部证券,sz002673,13.41,12.66,12.84,13.31,12.84,13.917105,26900195,0.0,0.0,0.0,0.0584,0.0366
2013-09-03,西部证券,sz002673,13.48,12.95,13.47,13.25,13.31,13.854366,22074294,0.0,0.0,0.0,0.0398,-0.0163
2013-09-04,西部证券,sz002673,13.28,13.06,13.2,13.13,13.25,13.728888,11598962,0.0,0.0,0.0,0.0166,-0.0053
2013-09-05,西部证券,sz002673,13.22,12.92,13.17,13.13,13.13,13.728888,12497909,0.0,0.0,0.0,0.0228,-0.003
2013-09-06,西部证券,sz002673,13.34,13.07,13.14,13.22,13.13,13.822999,17392430,0.0,0.0,0.0,0.0205,0.006
2013-09-09,西部证券,sz002673,14.19,13.24,13.28,13.8,13.22,14.429456,34209014,0.0,0.0,0.0,0.0718,0.0391
2013-09-10,西部证券,sz002673,14.14,13.68,13.7,14.1,13.8,14.743137,27208477,0.0,0.0,0.0,0.0333,0.0291
2013-09-11,西部证券,sz002673,14.4,13.86,14.14,13.91,14.1,14.544474,27432693,0.0,0.0,0.0,0.0382,-0.0162
2013-09-12,西部证券,sz002673,14.38,13.8,13.81,14.05,13.91,14.690864,22134294,0.0,0.0,0.0,0.0416,0.0173
2013-09-13,西部证券,sz002673,14.1,13.71,14.04,13.84,14.05,14.471279,15642933,0.0,0.0,0.0,0.0277,-0.0142
2013-09-16,西部证券,sz002673,13.95,13.59,13.89,13.64,13.84,14.262155,10821316,0.0,0.0,0.0,0.026,-0.0179
2013-09-17,西部证券,sz002673,13.83,13.41,13.7,13.42,13.64,14.032121,9447873,0.0,0.0,0.0,0.0307,-0.0204
2013-09-18,西部证券,sz002673,13.95,13.21,13.4,13.71,13.42,14.335355,15107415,0.0,0.0,0.0,0.0551,0.0231
2013-09-23,西部证券,sz002673,13.98,13.52,13.78,13.85,13.71,14.481748,13124433,0.0,0.0,0.0,0.0335,0.005
2013-09-24,西部证券,sz002673,13.98,13.39,13.81,13.85,13.85,14.481748,17222040,0.0,0.0,0.0,0.0425,0.0028
2013-09-25,西部证券,sz002673,13.95,13.6,13.78,13.85,13.85,14.481748,15532038,0.0,0.0,0.0,0.0252,0.005
2013-09-26,西部证券,sz002673,13.82,13.13,13.73,13.13,13.85,13.728899,14825052,0.0,0.0,0.0,0.0498,-0.0436
2013-09-27,西部证券,sz002673,13.38,13.04,13.18,13.32,13.13,13.92757,10576993,0.0,0.0,0.0,0.0258,0.0106
2013-09-30,西部证券,sz002673,13.37,13.05,13.35,13.16,13.32,13.760272,7718800,0.0,0.0,0.0,0.024,-0.0142
2013-10-08,西部证券,sz002673,13.36,12.93,13.08,13.3,13.16,13.906653,9333784,0.0,0.0,0.0,0.0326,0.0168
2013-10-09,西部证券,sz002673,13.45,13.17,13.21,13.36,13.3,13.969387,7103643,0.0,0.0,0.0,0.021,0.0113
2013-10-10,西部证券,sz002673,13.37,12.88,13.35,12.93,13.36,13.519768,12005362,0.0,0.0,0.0,0.0366,-0.0314
2013-10-11,西部证券,sz002673,13.27,13.05,13.07,13.17,12.93,13.770708,10324097,0.0,0.0,0.0,0.017,0.0076
2013-10-14,西部证券,sz002673,13.3,13.01,13.17,13.2,13.17,13.802078,8418729,0.0,0.0,0.0,0.022,0.0022
2013-10-15,西部证券,sz002673,13.39,13.14,13.33,13.26,13.2,13.864809,10238495,0.0,0.0,0.0,0.0189,-0.0052
2013-10-16,西部证券,sz002673,13.18,12.53,13.17,12.66,13.26,13.23744,12624557,0.0,0.0,0.0,0.049,-0.0387
2013-10-17,西部证券,sz002673,12.99,12.6,12.83,12.73,12.66,13.31063,9749632,0.0,0.0,0.0,0.0308,-0.0077
2013-10-18,西部证券,sz002673,13.15,12.61,12.68,12.89,12.73,13.477931,11073966,0.0,0.0,0.0,0.0424,0.0165
2013-10-21,西部证券,sz002673,13.12,12.74,12.9,13.06,12.89,13.655691,10224220,0.0,0.0,0.0,0.0294,0.0124
2013-10-22,西部证券,sz002673,13.18,12.89,13.06,12.94,13.06,13.530223,10318378,0.0,0.0,0.0,0.0222,-0.0091
2013-10-23,西部证券,sz002673,13.48,12.93,13.0,13.06,12.94,13.655703,20200373,0.0,0.0,0.0,0.0425,0.0046
2013-10-24,西部证券,sz002673,13.08,12.64,13.08,12.66,13.06,13.237455,11756656,0.0,0.0,0.0,0.0336,-0.0321
2013-10-25,西部证券,sz002673,12.88,12.43,12.7,12.48,12.66,13.049245,8779528,0.0,0.0,0.0,0.0355,-0.0173
2013-10-28,西部证券,sz002673,12.57,12.26,12.5,12.41,12.48,12.976052,5710256,0.0,0.0,0.0,0.0248,-0.0071
2013-10-29,西部证券,sz002673,12.74,11.98,12.44,12.31,12.41,12.871491,11496802,0.0,0.0,0.0,0.0612,-0.0104
2013-10-30,西部证券,sz002673,12.45,12.18,12.33,12.43,12.31,12.996963,7216478,0.0,0.0,0.0,0.0219,0.0081
2013-10-31,西部证券,sz002673,12.6,12.3,12.47,12.44,12.43,13.007425,7825833,0.0,0.0,0.0,0.0241,-0.0024
2013-11-01,西部证券,sz002673,12.62,12.36,12.46,12.52,12.44,13.091076,7058215,0.0,0.0,0.0,0.0209,0.0048
2013-11-04,西部证券,sz002673,12.65,12.4,12.52,12.43,12.52,12.996977,5300522,0.0,0.0,0.0,0.0199,-0.0071
2013-11-05,西部证券,sz002673,12.38,12.06,12.37,12.36,12.43,12.923778,7396124,0.0,0.0,0.0,0.0257,-8.0E-4
2013-11-06,西部证券,sz002673,12.38,12.15,12.29,12.18,12.36,12.735569,5770662,0.0,0.0,0.0,0.0186,-0.0089
2013-11-07,西部证券,sz002673,12.25,11.96,12.07,11.96,12.18,12.505539,6419335,0.0,0.0,0.0,0.0238,-0.0091
2013-11-08,西部证券,sz002673,12.04,11.55,11.91,11.6,11.96,12.129123,7236917,0.0,0.0,0.0,0.0409,-0.026
2013-11-11,西部证券,sz002673,11.76,11.45,11.5,11.63,11.6,12.160488,4320645,0.0,0.0,0.0,0.0267,0.0113
2013-11-12,西部证券,sz002673,11.83,11.62,11.69,11.72,11.63,12.254599,3865683,0.0,0.0,0.0,0.018,0.0025
2013-11-13,西部证券,sz002673,11.67,11.19,11.67,11.2,11.72,11.710875,7234599,0.0,0.0,0.0,0.0409,-0.0402
2013-11-14,西部证券,sz002673,11.34,11.09,11.2,11.3,11.2,11.81544,5102181,0.0,0.0,0.0,0.0223,0.0089
2013-11-15,西部证券,sz002673,12.32,11.4,11.4,11.95,11.3,12.495089,21817269,0.0,0.0,0.0,0.0814,0.0482
2013-11-18,西部证券,sz002673,12.59,11.9,12.08,12.58,11.95,13.15383,22443423,0.0,0.0,0.0,0.0577,0.0413
2013-11-19,西部证券,sz002673,12.5,12.25,12.5,12.35,12.58,12.913338,13133945,0.0,0.0,0.0,0.0198,-0.012
2013-11-20,西部证券,sz002673,12.53,12.25,12.43,12.48,12.35,13.049264,10035104,0.0,0.0,0.0,0.0226,0.004
2013-11-21,西部证券,sz002673,13.2,12.16,12.38,12.84,12.48,13.425683,22980595,0.0,0.0,0.0,0.0833,0.0371
2013-11-22,西部证券,sz002673,13.11,12.72,12.82,12.78,12.84,13.362945,19036040,0.0,0.0,0.0,0.0303,-0.0031
2013-11-25,西部证券,sz002673,12.95,12.4,12.7,12.54,12.78,13.112001,12814697,0.0,0.0,0.0,0.043,-0.0125
2013-11-26,西部证券,sz002673,12.95,12.5,12.52,12.68,12.54,13.258384,12955417,0.0,0.0,0.0,0.0358,0.0127
2013-11-27,西部证券,sz002673,13.18,12.6,12.67,13.12,12.68,13.71845,21587900,0.0,0.0,0.0,0.0457,0.0355
2013-11-28,西部证券,sz002673,13.25,12.98,13.05,12.99,13.12,13.582514,16012235,0.0,0.0,0.0,0.0205,-0.0045
2013-11-29,西部证券,sz002673,13.2,12.94,13.01,13.12,12.99,13.718448,10229968,0.0,0.0,0.0,0.02,0.0084
2013-12-02,西部证券,sz002673,14.1,13.3,13.66,13.51,13.12,14.126243,43950583,0.0,0.0,0.0,0.0609,-0.0109
2013-12-03,西部证券,sz002673,13.46,13.02,13.31,13.37,13.51,13.979852,16334290,0.0,0.0,0.0,0.0325,0.0045
2013-12-04,西部证券,sz002673,13.68,13.27,13.37,13.42,13.37,14.032137,15933272,0.0,0.0,0.0,0.0306,0.0037
2013-12-05,西部证券,sz002673,13.59,13.27,13.36,13.41,13.42,14.021683,13178903,0.0,0.0,0.0,0.0238,0.0037
2013-12-06,西部证券,sz002673,13.42,13.04,13.36,13.09,13.41,13.687083,11368923,0.0,0.0,0.0,0.0283,-0.0202
2013-12-09,西部证券,sz002673,13.3,12.99,13.09,13.03,13.09,13.624342,11815782,0.0,0.0,0.0,0.0236,-0.0045
2013-12-10,西部证券,sz002673,13.23,13.02,13.04,13.11,13.03,13.707995,7845277,0.0,0.0,0.0,0.0161,0.0053
2013-12-11,西部证券,sz002673,13.11,12.64,13.07,12.75,13.11,13.3315735,9931716,0.0,0.0,0.0,0.0358,-0.0244
2013-12-12,西部证券,sz002673,13.11,12.71,12.72,12.95,12.75,13.540692,10647469,0.0,0.0,0.0,0.0313,0.018
2013-12-13,西部证券,sz002673,13.57,13.0,13.11,13.5,12.95,14.11578,25669148,0.0,0.0,0.0,0.044,0.0297
2013-12-16,西部证券,sz002673,13.68,13.12,13.65,13.13,13.5,13.728909,18345247,0.0,0.0,0.0,0.0414,-0.038
2013-12-17,西部证券,sz002673,13.35,12.98,13.15,13.14,13.13,13.739369,12928300,0.0,0.0,0.0,0.0281,-7.0E-4
2013-12-18,西部证券,sz002673,13.57,13.1,13.13,13.45,13.14,14.063509,18366221,0.0,0.0,0.0,0.0357,0.0243
2013-12-19,西部证券,sz002673,13.75,13.3,13.57,13.44,13.45,14.05306,18378404,0.0,0.0,0.0,0.0334,-0.0095
2013-12-20,西部证券,sz002673,13.69,13.26,13.41,13.42,13.44,14.032148,18655535,0.0,0.0,0.0,0.0319,7.0E-4
2013-12-23,西部证券,sz002673,13.52,12.8,13.49,12.88,13.42,13.467524,16215194,0.0,0.0,0.0,0.0536,-0.0452
2013-12-24,西部证券,sz002673,13.06,12.4,12.9,12.51,12.88,13.080642,15573715,0.0,0.0,0.0,0.0512,-0.0302
2013-12-25,西部证券,sz002673,12.86,12.46,12.58,12.76,12.51,13.342045,11216608,0.0,0.0,0.0,0.0319,0.0143
2013-12-26,西部证券,sz002673,12.74,12.26,12.67,12.34,12.76,12.902892,10844567,0.0,0.0,0.0,0.0376,-0.026
2013-12-27,西部证券,sz002673,12.71,12.28,12.3,12.61,12.34,13.185207,9897847,0.0,0.0,0.0,0.0348,0.0252
2013-12-30,西部证券,sz002673,12.88,12.67,12.87,12.73,12.61,13.310678,8637566,0.0,0.0,0.0,0.0166,-0.0108
2013-12-31,西部证券,sz002673,13.26,12.66,12.77,13.2,12.73,13.802121,16557388,0.0,0.0,0.0,0.0471,0.0336
2014-01-02,西部证券,sz002673,13.2,12.98,13.2,13.13,13.2,13.728929,10112905,0.0,0.0,0.0,0.0166,-0.0053
2014-01-03,西部证券,sz002673,13.29,13.04,13.07,13.16,13.13,13.760299,14745778,0.0,0.0,0.0,0.019,0.0068
2014-01-06,西部证券,sz002673,13.39,12.76,13.1,13.37,13.16,13.979872,19171533,0.0,0.0,0.0,0.0478,0.0206
2014-01-07,西部证券,sz002673,13.31,12.76,13.11,12.96,13.37,13.551166,15954528,0.0,0.0,0.0,0.0411,-0.0114
2014-01-08,西部证券,sz002673,13.5,12.87,12.91,13.08,12.96,13.676636,15295423,0.0,0.0,0.0,0.0486,0.0131
2014-01-09,西部证券,sz002673,13.23,12.52,12.98,12.66,13.08,13.237479,17172583,0.0,0.0,0.0,0.0542,-0.0246
2014-01-10,西部证券,sz002673,12.6,11.87,12.49,12.05,12.66,12.599657,16056836,0.0,0.0,0.0,0.0576,-0.0352
2014-01-13,西部证券,sz002673,12.09,11.76,12.05,11.83,12.05,12.369625,7540993,0.0,0.0,0.0,0.0273,-0.0182
2014-01-14,西部证券,sz002673,12.1,11.8,11.8,12.02,11.83,12.568294,6602633,0.0,0.0,0.0,0.0253,0.0186
2014-01-15,西部证券,sz002673,12.07,11.8,12.01,12.04,12.02,12.589208,6799813,0.0,0.0,0.0,0.0224,0.0024
2014-01-16,西部证券,sz002673,12.24,11.93,12.0,12.06,12.04,12.610118,7910718,0.0,0.0,0.0,0.0257,0.005
2014-01-17,西部证券,sz002673,12.18,11.81,12.0,11.95,12.06,12.495101,5223900,0.0,0.0,0.0,0.0306,-0.0041
2014-01-20,西部证券,sz002673,12.13,11.85,11.86,12.0,11.95,12.54738,5469079,0.0,0.0,0.0,0.0234,0.0118
2014-01-21,西部证券,sz002673,12.33,12.03,12.03,12.2,12.0,12.756508,7741008,0.0,0.0,0.0,0.025,0.0141
2014-01-22,西部证券,sz002673,12.48,12.17,12.2,12.45,12.2,13.017915,9773722,0.0,0.0,0.0,0.0254,0.0204
2014-01-23,西部证券,sz002673,12.49,12.3,12.37,12.38,12.45,12.944728,7784603,0.0,0.0,0.0,0.0152,8.0E-4
2014-01-24,西部证券,sz002673,12.65,12.3,12.36,12.51,12.38,13.08066,9548218,0.0,0.0,0.0,0.0282,0.0121
2014-01-27,西部证券,sz002673,12.46,12.14,12.41,12.15,12.51,12.704238,8470001,0.0,0.0,0.0,0.0255,-0.0209
2014-01-28,西部证券,sz002673,12.41,12.18,12.2,12.24,12.15,12.798339,5241412,0.0,0.0,0.0,0.0189,0.0032
2014-01-29,西部证券,sz002673,12.43,12.25,12.25,12.34,12.24,12.902901,6112687,0.0,0.0,0.0,0.0147,0.0073
2014-01-30,西部证券,sz002673,12.48,12.25,12.32,12.27,12.34,12.829702,6131420,0.0,0.0,0.0,0.0186,-0.004
2014-02-07,西部证券,sz002673,12.37,12.01,12.26,12.34,12.27,12.902896,8162718,0.0,0.0,0.0,0.0293,0.0065
2014-02-10,西部证券,sz002673,12.68,12.33,12.34,12.63,12.34,13.206127,11830865,0.0,0.0,0.0,0.0283,0.0235
2014-02-11,西部证券,sz002673,12.96,12.54,12.55,12.64,12.63,13.216586,14575378,0.0,0.0,0.0,0.0332,0.0071
2014-02-12,西部证券,sz002673,12.86,12.53,12.72,12.64,12.64,13.216586,10110957,0.0,0.0,0.0,0.0261,-0.0062
2014-02-13,西部证券,sz002673,12.85,12.54,12.59,12.63,12.64,13.206132,12662020,0.0,0.0,0.0,0.0245,0.0031
2014-02-14,西部证券,sz002673,12.75,12.53,12.63,12.71,12.63,13.28978,8861794,0.0,0.0,0.0,0.0174,0.0063
2014-02-17,西部证券,sz002673,12.84,12.69,12.78,12.76,12.71,13.342062,13101027,0.0,0.0,0.0,0.0118,-0.0015
2014-02-18,西部证券,sz002673,12.79,12.32,12.73,12.37,12.76,12.934275,14516434,0.0,0.0,0.0,0.0368,-0.0282
2014-02-19,西部证券,sz002673,12.57,12.16,12.32,12.43,12.37,12.997006,11316832,0.0,0.0,0.0,0.0331,0.0089
2014-02-20,西部证券,sz002673,12.73,12.2,12.51,12.22,12.43,12.777422,13873611,0.0,0.0,0.0,0.0426,-0.0231
2014-02-21,西部证券,sz002673,12.27,11.85,12.2,11.88,12.22,12.421916,11732074,0.0,0.0,0.0,0.0343,-0.0262
2014-02-24,西部证券,sz002673,11.81,11.59,11.8,11.75,11.88,12.285982,10139176,0.0,0.0,0.0,0.0185,-0.0042
2014-02-25,西部证券,sz002673,11.85,11.25,11.78,11.29,11.75,11.804998,9061946,0.0,0.0,0.0,0.051,-0.0415
2014-02-26,西部证券,sz002673,11.48,11.23,11.29,11.46,11.29,11.9827585,6547498,0.0,0.0,0.0,0.0221,0.015
2014-02-27,西部证券,sz002673,11.58,11.28,11.51,11.28,11.46,11.794545,7576922,0.0,0.0,0.0,0.0261,-0.0199
2014-02-28,西部证券,sz002673,11.92,11.25,11.29,11.76,11.28,12.296438,12209575,0.0,0.0,0.0,0.0593,0.0416
2014-03-03,西部证券,sz002673,11.8,11.6,11.72,11.72,11.76,12.254619,7695854,0.0,0.0,0.0,0.017,0.0
2014-03-04,西部证券,sz002673,11.96,11.65,11.88,11.79,11.72,12.327815,7857470,0.0,0.0,0.0,0.0264,-0.0075
2014-03-05,西部证券,sz002673,11.83,11.5,11.79,11.52,11.79,12.045496,6734800,0.0,0.0,0.0,0.0279,-0.0229
2014-03-06,西部证券,sz002673,11.71,11.33,11.5,11.59,11.52,12.118684,7409953,0.0,0.0,0.0,0.0329,0.0078
2014-03-07,西部证券,sz002673,11.82,11.48,11.59,11.51,11.59,12.035028,6132299,0.0,0.0,0.0,0.0293,-0.0069
2014-03-10,西部证券,sz002673,11.47,11.1,11.44,11.12,11.51,11.6272335,6021197,0.0,0.0,0.0,0.0321,-0.0279
2014-03-11,西部证券,sz002673,11.32,11.08,11.11,11.22,11.12,11.731797,3978456,0.0,0.0,0.0,0.0215,0.0099
2014-03-12,西部证券,sz002673,11.31,10.95,11.2,11.14,11.22,11.6481495,5122492,0.0,0.0,0.0,0.032,-0.0053
2014-03-13,西部证券,sz002673,11.45,11.13,11.19,11.29,11.14,11.804993,6091743,0.0,0.0,0.0,0.0287,0.0089
2014-03-14,西部证券,sz002673,11.45,11.16,11.2,11.23,11.29,11.742261,5227458,0.0,0.0,0.0,0.0256,0.0026
2014-03-17,西部证券,sz002673,11.37,11.17,11.22,11.36,11.23,11.878189,3835781,0.0,0.0,0.0,0.0178,0.0124
2014-03-18,西部证券,sz002673,11.5,11.32,11.36,11.41,11.36,11.930465,5281382,0.0,0.0,0.0,0.0158,0.0044
2014-03-19,西部证券,sz002673,11.36,11.23,11.35,11.29,11.41,11.804992,3853496,0.0,0.0,0.0,0.0113,-0.0052
2014-03-20,西部证券,sz002673,11.38,10.95,11.24,10.96,11.29,11.459944,5550500,0.0,0.0,0.0,0.038,-0.0249
2014-03-21,西部证券,sz002673,11.52,10.91,10.92,11.45,10.96,11.972295,11357584,0.0,0.0,0.0,0.0556,0.0485
2014-03-24,西部证券,sz002673,11.76,11.33,11.41,11.6,11.45,12.129132,11852981,0.0,0.0,0.0,0.0375,0.0166
2014-03-25,西部证券,sz002673,11.69,11.48,11.51,11.54,11.6,12.066401,6801507,0.0,0.0,0.0,0.0181,0.0026
2014-03-26,西部证券,sz002673,11.75,11.45,11.67,11.48,11.54,12.003667,5252504,0.0,0.0,0.0,0.0259,-0.0162
2014-03-27,西部证券,sz002673,11.59,11.27,11.47,11.36,11.48,11.878193,7124217,0.0,0.0,0.0,0.0278,-0.0095
2014-03-28,西部证券,sz002673,11.43,11.14,11.35,11.18,11.36,11.689983,5378509,0.0,0.0,0.0,0.0255,-0.0149
2014-03-31,西部证券,sz002673,11.27,11.04,11.24,11.16,11.18,11.669069,3435230,0.0,0.0,0.0,0.0205,-0.0071
2014-04-01,西部证券,sz002673,11.45,11.17,11.17,11.4,11.16,11.920012,5575028,0.0,0.0,0.0,0.025,0.0205
2014-04-02,西部证券,sz002673,11.5,11.33,11.46,11.42,11.4,11.940921,4846012,0.0,0.0,0.0,0.0149,-0.0034
2014-04-03,西部证券,sz002673,11.71,11.37,11.49,11.4,11.42,11.920012,7798342,0.0,0.0,0.0,0.0297,-0.0078
2014-04-04,西部证券,sz002673,11.52,11.25,11.33,11.51,11.4,12.035028,5866873,0.0,0.0,0.0,0.0236,0.0158
2014-04-08,西部证券,sz002673,11.79,11.42,11.45,11.69,11.51,12.223244,10366116,0.0,0.0,0.0,0.0321,0.0209
2014-04-09,西部证券,sz002673,11.73,11.56,11.7,11.63,11.69,12.160502,6327981,0.0,0.0,0.0,0.0145,-0.0059
2014-04-10,西部证券,sz002673,12.08,11.6,11.68,11.9,11.63,12.442821,17062044,0.0,0.0,0.0,0.0412,0.0188
2014-04-11,西部证券,sz002673,11.97,11.74,11.89,11.79,11.9,12.327799,8866377,0.0,0.0,0.0,0.0193,-0.0084
2014-04-14,西部证券,sz002673,11.83,11.67,11.71,11.75,11.79,12.285971,4743265,0.0,0.0,0.0,0.0135,0.0034
2014-04-15,西部证券,sz002673,11.74,11.53,11.72,11.57,11.75,12.097762,5385695,0.0,0.0,0.0,0.0178,-0.0127
2014-04-16,西部证券,sz002673,11.85,11.53,11.53,11.66,11.57,12.191871,4703983,0.0,0.0,0.0,0.0276,0.0112
2014-04-17,西部证券,sz002673,11.83,11.58,11.69,11.68,11.66,12.212779,4684300,0.0,0.0,0.0,0.0214,-8.0E-4
2014-04-18,西部证券,sz002673,11.84,11.58,11.63,11.8,11.68,12.338254,6098419,0.0,0.0,0.0,0.0222,0.0146
2014-04-21,西部证券,sz002673,11.95,11.59,11.74,11.59,11.8,12.1186695,7589252,0.0,0.0,0.0,0.0305,-0.0127
2014-04-22,西部证券,sz002673,11.63,11.38,11.55,11.61,11.59,12.139586,5264922,0.0,0.0,0.0,0.0215,0.0051
2014-04-23,西部证券,sz002673,11.74,11.52,11.55,11.68,11.61,12.212776,5134011,0.0,0.0,0.0,0.0189,0.0112
2014-04-24,西部证券,sz002673,11.77,11.52,11.66,11.56,11.68,12.087302,5399931,0.0,0.0,0.0,0.0214,-0.0085
2014-04-25,西部证券,sz002673,11.53,11.13,11.45,11.16,11.56,11.669057,9526290,0.0,0.0,0.0,0.0346,-0.0253
2014-04-28,西部证券,sz002673,11.2,10.96,11.16,10.99,11.16,11.4913025,4948385,0.0,0.0,0.0,0.0215,-0.0152
2014-04-29,西部证券,sz002673,11.22,10.97,11.0,11.16,10.99,11.669062,4330586,0.0,0.0,0.0,0.0227,0.0145
2014-04-30,西部证券,sz002673,11.17,11.09,11.16,11.15,11.16,11.658606,2665817,0.0,0.0,0.0,0.0071,-8.0E-4
2014-05-05,西部证券,sz002673,11.28,11.0,11.11,11.25,11.15,11.763172,3858884,0.0,0.0,0.0,0.0251,0.0126
2014-05-06,西部证券,sz002673,11.31,11.17,11.18,11.22,11.25,11.731799,3928728,0.0,0.0,0.0,0.0124,0.0035
2014-05-07,西部证券,sz002673,11.29,11.14,11.18,11.14,11.22,11.648151,3417915,0.0,0.0,0.0,0.0133,-0.0035
2014-05-08,西部证券,sz002673,11.43,11.07,11.11,11.23,11.14,11.742257,5256233,0.0,0.0,0.0,0.0323,0.0108
2014-05-09,西部证券,sz002673,11.32,11.13,11.27,11.3,11.23,11.815447,4515634,0.0,0.0,0.0,0.0169,0.0026
2014-05-12,西部证券,sz002673,11.94,11.35,11.58,11.7,11.3,12.23369,12628994,0.0,0.0,0.0,0.0522,0.0103
2014-05-13,西部证券,sz002673,11.75,11.52,11.64,11.57,11.7,12.097761,6045978,0.0,0.0,0.0,0.0196,-0.006
2014-05-14,西部证券,sz002673,11.68,11.53,11.63,11.55,11.57,12.076844,4074751,0.0,0.0,0.0,0.0129,-0.0068
2014-05-15,西部证券,sz002673,11.59,11.26,11.59,11.27,11.55,11.784078,4618601,0.0,0.0,0.0,0.0285,-0.0276
2014-05-16,西部证券,sz002673,11.33,11.11,11.25,11.14,11.27,11.648149,4359698,0.0,0.0,0.0,0.0195,-0.0097
2014-05-19,西部证券,sz002673,11.18,10.99,11.17,11.05,11.14,11.554043,3977651,0.0,0.0,0.0,0.017,-0.0107
2014-05-20,西部证券,sz002673,11.19,11.03,11.13,11.07,11.05,11.574956,3494430,0.0,0.0,0.0,0.0144,-0.0053
2014-05-21,西部证券,sz002673,11.22,10.96,11.05,11.2,11.07,11.71088,3759630,0.0,0.0,0.0,0.0234,0.0135
2014-05-22,西部证券,sz002673,11.31,11.1,11.22,11.12,11.2,11.62723,3989278,0.0,0.0,0.0,0.0187,-0.0089
2014-05-23,西部证券,sz002673,11.21,11.06,11.11,11.19,11.12,11.700423,2910804,0.0,0.0,0.0,0.0134,0.0072
2014-05-26,西部证券,sz002673,11.28,11.15,11.25,11.22,11.19,11.7317915,3084816,0.0,0.0,0.0,0.0116,-0.0026
2014-05-27,西部证券,sz002673,11.24,11.1,11.22,11.1,11.22,11.60632,2823930,0.0,0.0,0.0,0.0124,-0.0106
2014-05-28,西部证券,sz002673,11.31,11.07,11.14,11.28,11.1,11.794528,6786500,0.0,0.0,0.0,0.0216,0.0125
2014-05-29,西部证券,sz002673,11.27,11.07,11.27,11.08,11.28,11.585411,5107812,0.0,0.0,0.0,0.0177,-0.0168
2014-05-30,西部证券,sz002673,11.18,11.06,11.09,11.1,11.08,11.606323,3653807,0.0,0.0,0.0,0.0108,9.0E-4
2014-06-03,西部证券,sz002673,11.21,11.08,11.11,11.1,11.1,11.606323,2558670,0.0,0.0,0.0,0.0117,-9.0E-4
2014-06-04,西部证券,sz002673,11.1,10.96,11.08,11.0,11.1,11.501761,3936339,0.0,0.0,0.0,0.0126,-0.0072
2014-06-05,西部证券,sz002673,11.1,10.96,11.03,11.1,11.0,11.606324,4294955,0.0,0.0,0.0,0.0127,0.0063
2014-06-06,西部证券,sz002673,11.12,10.91,11.11,10.96,11.1,11.459933,4227359,0.0,0.0,0.0,0.0189,-0.0135
2014-06-09,西部证券,sz002673,11.05,10.91,10.91,10.92,10.96,11.418105,2611043,0.0,0.0,0.0,0.0127,9.0E-4
2014-06-10,西部证券,sz002673,11.11,10.94,10.99,11.09,10.92,11.595861,4526106,0.0,0.0,0.0,0.0155,0.009
2014-06-11,西部证券,sz002673,11.07,10.97,11.04,11.02,11.09,11.522669,2887385,0.0,0.0,0.0,0.009,-0.0018
2014-06-12,西部证券,sz002673,11.04,10.94,10.97,10.95,11.02,11.449477,3101116,0.0,0.0,0.0,0.009,-0.0018
2014-06-13,西部证券,sz002673,11.1,10.84,10.92,11.02,10.95,11.588542,5673912,0.0,0.0,0.0,0.0237,0.0091
2014-06-16,西部证券,sz002673,11.09,11.0,11.02,11.07,11.02,11.641119,4906403,0.0,0.0,0.0,0.0081,0.0045
2014-06-17,西部证券,sz002673,11.05,10.92,11.04,10.93,11.07,11.493895,3815419,0.0,0.0,0.0,0.0117,-0.0099
2014-06-18,西部证券,sz002673,10.99,10.82,10.93,10.83,10.93,11.388737,4811379,0.0,0.0,0.0,0.0155,-0.0091
2014-06-19,西部证券,sz002673,10.91,10.5,10.85,10.56,10.83,11.104804,4779770,0.0,0.0,0.0,0.0378,-0.0267
2014-06-27,西部证券,sz002673,10.8,10.55,10.74,10.7,10.56,11.252031,6808592,0.0,0.0,0.0,0.0236,-0.0037
2014-06-30,西部证券,sz002673,10.87,10.67,10.68,10.8,10.7,11.357193,6327885,0.0,0.0,0.0,0.0186,0.0112
2014-07-01,西部证券,sz002673,10.84,10.73,10.79,10.8,10.8,11.357193,4973647,0.0,0.0,0.0,0.0101,9.0E-4
2014-07-02,西部证券,sz002673,10.91,10.77,10.8,10.88,10.8,11.441316,4569287,0.0,0.0,0.0,0.0129,0.0074
2014-07-03,西部证券,sz002673,10.92,10.8,10.88,10.88,10.88,11.441316,4991233,0.0,0.0,0.0,0.011,0.0
2014-07-04,西部证券,sz002673,10.92,10.77,10.9,10.77,10.88,11.325644,3977420,0.0,0.0,0.0,0.0137,-0.0119
2014-07-07,西部证券,sz002673,10.86,10.7,10.78,10.76,10.77,11.315123,3334085,0.0,0.0,0.0,0.0148,-0.0018
2014-07-08,西部证券,sz002673,10.87,10.74,10.78,10.85,10.76,11.409762,5003676,0.0,0.0,0.0,0.012,0.0064
2014-07-09,西部证券,sz002673,10.86,10.63,10.83,10.64,10.85,11.188926,5259060,0.0,0.0,0.0,0.0211,-0.0175
2014-07-10,西部证券,sz002673,10.7,10.63,10.69,10.66,10.64,11.209961,3343896,0.0,0.0,0.0,0.0065,-0.0028
2014-07-11,西部证券,sz002673,10.81,10.61,10.68,10.67,10.66,11.220476,7493075,0.0,0.0,0.0,0.0187,-9.0E-4
2014-07-14,西部证券,sz002673,10.85,10.64,10.66,10.84,10.67,11.399252,7782769,0.0,0.0,0.0,0.0196,0.0168
2014-07-15,西部证券,sz002673,11.05,10.76,10.84,11.04,10.84,11.609569,11329008,0.0,0.0,0.0,0.0267,0.0184
2014-07-16,西部证券,sz002673,11.27,10.9,11.05,11.03,11.04,11.59905,14373373,0.0,0.0,0.0,0.0335,-0.0018
2014-07-17,西部证券,sz002673,11.1,10.87,10.98,11.04,11.03,11.6095705,8895989,0.0,0.0,0.0,0.0208,0.0054
2014-07-18,西部证券,sz002673,11.27,10.91,11.04,11.2,11.04,11.777828,17534687,0.0,0.0,0.0,0.0326,0.0144
2014-07-21,西部证券,sz002673,11.18,10.98,11.18,11.12,11.2,11.693699,8105194,0.0,0.0,0.0,0.0178,-0.0053
2014-07-22,西部证券,sz002673,11.26,11.07,11.14,11.16,11.12,11.735761,17530945,0.0,0.0,0.0,0.017,0.0017
2014-07-23,西部证券,sz002673,11.28,11.05,11.14,11.08,11.16,11.651639,13388850,0.0,0.0,0.0,0.0206,-0.0053
2014-07-24,西部证券,sz002673,11.49,11.07,11.08,11.36,11.08,11.946088,19871958,0.0,0.0,0.0,0.0379,0.0252
2014-07-25,西部证券,sz002673,11.48,11.23,11.31,11.41,11.36,11.998662,12998924,0.0,0.0,0.0,0.022,0.0088
2014-07-28,西部证券,sz002673,12.26,11.45,11.58,11.83,11.41,12.440333,36470734,0.0,0.0,0.0,0.0709,0.0215
2014-07-29,西部证券,sz002673,11.9,11.65,11.7,11.69,11.83,12.293115,20348182,0.0,0.0,0.0,0.0211,-8.0E-4
2014-07-30,西部证券,sz002673,11.88,11.63,11.7,11.72,11.69,12.324658,15102369,0.0,0.0,0.0,0.0213,0.0017
2014-07-31,西部证券,sz002673,11.84,11.67,11.74,11.84,11.72,12.4508505,11266809,0.0,0.0,0.0,0.0145,0.0085
2014-08-01,西部证券,sz002673,11.87,11.54,11.78,11.56,11.84,12.156401,13505637,0.0,0.0,0.0,0.0278,-0.0186
2014-08-04,西部证券,sz002673,11.97,11.58,11.66,11.95,11.56,12.566521,19713425,0.0,0.0,0.0,0.0337,0.0248
2014-08-05,西部证券,sz002673,12.04,11.81,11.93,11.9,11.95,12.513943,14009752,0.0,0.0,0.0,0.0192,-0.0025
2014-08-06,西部证券,sz002673,12.02,11.77,11.86,11.91,11.9,12.524454,15388455,0.0,0.0,0.0,0.021,0.0042
2014-08-07,西部证券,sz002673,12.18,11.82,12.0,11.82,11.91,12.429807,18017173,0.0,0.0,0.0,0.0302,-0.0149
2014-08-08,西部证券,sz002673,11.95,11.69,11.85,11.75,11.82,12.356197,11181627,0.0,0.0,0.0,0.0219,-0.0084
2014-08-11,西部证券,sz002673,12.04,11.78,11.78,11.94,11.75,12.555998,10603852,0.0,0.0,0.0,0.0221,0.0135
2014-08-12,西部证券,sz002673,11.99,11.81,11.98,11.93,11.94,12.545475,10748918,0.0,0.0,0.0,0.015,-0.0041
2014-08-13,西部证券,sz002673,12.1,11.88,11.94,11.99,11.93,12.608566,11975233,0.0,0.0,0.0,0.0184,0.0041
2014-08-14,西部证券,sz002673,12.15,11.88,11.96,11.91,11.99,12.524443,14635886,0.0,0.0,0.0,0.0225,-0.0041
2014-08-15,西部证券,sz002673,12.39,11.9,11.92,12.33,11.91,12.9661045,25728183,0.0,0.0,0.0,0.0411,0.0343
2014-08-18,西部证券,sz002673,12.44,12.15,12.36,12.24,12.33,12.871465,16563294,0.0,0.0,0.0,0.0235,-0.0097
2014-08-19,西部证券,sz002673,12.3,12.0,12.25,12.15,12.24,12.776821,14580303,0.0,0.0,0.0,0.0245,-0.0081
2014-08-20,西部证券,sz002673,12.3,12.07,12.14,12.18,12.15,12.808367,11493741,0.0,0.0,0.0,0.0189,0.0032
2014-08-21,西部证券,sz002673,12.24,11.9,12.18,11.99,12.18,12.608569,10351984,0.0,0.0,0.0,0.0279,-0.0155
2014-08-22,西部证券,sz002673,12.18,11.95,11.99,12.12,11.99,12.745271,9619772,0.0,0.0,0.0,0.0191,0.0108
2014-08-25,西部证券,sz002673,12.18,11.83,12.16,11.85,12.12,12.461345,9951525,0.0,0.0,0.0,0.0288,-0.0254
2014-08-26,西部证券,sz002673,11.92,11.54,11.82,11.61,11.85,12.208965,9267848,0.0,0.0,0.0,0.032,-0.0177
2014-08-27,西部证券,sz002673,11.73,11.56,11.61,11.62,11.61,12.219477,6501716,0.0,0.0,0.0,0.0146,8.0E-4
2014-08-28,西部证券,sz002673,11.72,11.44,11.61,11.53,11.62,12.124837,7711829,0.0,0.0,0.0,0.024,-0.0068
2014-08-29,西部证券,sz002673,11.66,11.51,11.56,11.65,11.53,12.251033,5232195,0.0,0.0,0.0,0.013,0.0077
2014-09-01,西部证券,sz002673,11.79,11.63,11.66,11.74,11.65,12.345672,7546252,0.0,0.0,0.0,0.0137,0.0068
2014-09-02,西部证券,sz002673,11.97,11.7,11.75,11.96,11.74,12.577017,13695845,0.0,0.0,0.0,0.0229,0.0178
2014-09-03,西部证券,sz002673,12.05,11.91,11.95,11.95,11.96,12.566503,11954087,0.0,0.0,0.0,0.0117,0.0
2014-09-04,西部证券,sz002673,12.17,11.94,11.98,12.15,11.95,12.776815,12963209,0.0,0.0,0.0,0.0192,0.0141
2014-09-05,西部证券,sz002673,12.36,12.08,12.25,12.24,12.15,12.871453,17001244,0.0,0.0,0.0,0.023,-8.0E-4
2014-09-09,西部证券,sz002673,12.29,12.1,12.28,12.19,12.24,12.818873,9518323,0.0,0.0,0.0,0.0155,-0.0073
2014-09-10,西部证券,sz002673,12.17,12.03,12.15,12.1,12.19,12.724232,8726205,0.0,0.0,0.0,0.0114,-0.0041
2014-09-11,西部证券,sz002673,12.4,12.05,12.08,12.08,12.1,12.703199,16809433,0.0,0.0,0.0,0.0289,0.0
2014-09-12,西部证券,sz002673,12.18,11.98,12.07,12.18,12.08,12.808356,7872643,0.0,0.0,0.0,0.0165,0.0091
2014-09-15,西部证券,sz002673,12.3,12.09,12.17,12.23,12.18,12.860934,12119296,0.0,0.0,0.0,0.0172,0.0049
2014-09-16,西部证券,sz002673,12.28,11.85,12.23,11.85,12.23,12.461332,16086446,0.0,0.0,0.0,0.0351,-0.031
2014-09-17,西部证券,sz002673,12.0,11.77,11.88,11.87,11.85,12.482367,8289939,0.0,0.0,0.0,0.0194,-8.0E-4
2014-09-18,西部证券,sz002673,12.15,11.8,11.85,12.08,11.87,12.703205,11580574,0.0,0.0,0.0,0.0294,0.0194
2014-09-19,西部证券,sz002673,12.17,12.0,12.15,12.12,12.08,12.745265,9563129,0.0,0.0,0.0,0.014,-0.0024
2014-09-22,西部证券,sz002673,12.38,12.13,12.14,12.17,12.12,12.797839,23733813,0.0,0.0,0.0,0.0206,0.0024
2014-09-23,西部证券,sz002673,13.35,12.15,12.18,12.8,12.17,13.460345,44062921,0.0,0.0,0.0,0.0986,0.0509
2014-09-24,西部证券,sz002673,14.08,12.6,12.67,14.08,12.8,14.80638,60076934,0.0,0.0,0.0,0.1156,0.1112
2014-09-25,西部证券,sz002673,15.49,14.77,14.84,15.15,14.08,15.931576,109441657,0.0,0.0,0.0,0.0511,0.0208
2014-09-26,西部证券,sz002673,15.19,14.81,14.89,14.94,15.15,15.710749,49319169,0.0,0.0,0.0,0.025,0.0033
2014-09-29,西部证券,sz002673,15.3,14.76,15.1,14.91,14.94,15.679201,51000375,0.0,0.0,0.0,0.0361,-0.0125
2014-09-30,西部证券,sz002673,15.05,14.4,15.0,14.55,14.91,15.300627,38488590,0.0,0.0,0.0,0.0435,-0.0299
2014-10-08,西部证券,sz002673,14.94,14.32,14.54,14.78,14.55,15.5425,34593181,0.0,0.0,0.0,0.0426,0.0165
2014-10-09,西部证券,sz002673,14.72,14.36,14.72,14.56,14.78,15.311149,25962359,0.0,0.0,0.0,0.0243,-0.0108
2014-10-10,西部证券,sz002673,14.88,14.38,14.45,14.63,14.56,15.384765,28216694,0.0,0.0,0.0,0.0343,0.0124
2014-10-13,西部证券,sz002673,14.87,14.32,14.47,14.79,14.63,15.553013,25462570,0.0,0.0,0.0,0.0375,0.0221
2014-10-14,西部证券,sz002673,14.93,14.3,14.76,14.49,14.79,15.237535,25212728,0.0,0.0,0.0,0.0425,-0.0182
2014-10-15,西部证券,sz002673,15.4,14.32,14.48,15.02,14.49,15.794879,46811588,0.0,0.0,0.0,0.0745,0.0372
2014-10-16,西部证券,sz002673,15.19,14.49,14.84,14.49,15.02,15.23754,32194061,0.0,0.0,0.0,0.0466,-0.0235
2014-10-17,西部证券,sz002673,14.8,14.08,14.48,14.68,14.49,15.437335,26779831,0.0,0.0,0.0,0.0496,0.0138
2014-10-20,西部证券,sz002673,14.88,14.45,14.58,14.67,14.68,15.426823,19010424,0.0,0.0,0.0,0.0292,0.0061
2014-10-21,西部证券,sz002673,15.09,14.56,14.68,14.62,14.67,15.374248,26293295,0.0,0.0,0.0,0.0361,-0.004
2014-10-22,西部证券,sz002673,15.05,14.45,14.62,14.63,14.62,15.384764,26828343,0.0,0.0,0.0,0.041,6.0E-4
2014-10-23,西部证券,sz002673,15.3,14.45,14.5,15.04,14.63,15.815922,39153101,0.0,0.0,0.0,0.058,0.0372
2014-10-24,西部证券,sz002673,15.11,14.69,14.99,14.79,15.04,15.55303,21607597,0.0,0.0,0.0,0.0279,-0.0133
2014-10-27,西部证券,sz002673,14.32,13.45,14.3,13.55,14.79,14.2490635,32419200,0.0,0.0,0.0,0.0588,-0.0524
2014-10-28,西部证券,sz002673,14.28,13.6,13.69,14.15,13.55,14.8800125,28957544,0.0,0.0,0.0,0.0501,0.0336
2014-10-29,西部证券,sz002673,15.22,14.03,14.18,14.85,14.15,15.616126,40205886,0.0,0.0,0.0,0.084,0.0472
2014-10-30,西部证券,sz002673,15.28,14.66,14.71,15.16,14.85,15.942113,34717623,0.0,0.0,0.0,0.0417,0.0305
2014-10-31,西部证券,sz002673,16.38,15.28,15.3,15.76,15.16,16.57307,59511939,0.0,0.0,0.0,0.0725,0.03
2014-11-03,西部证券,sz002673,16.13,15.5,15.8,15.62,15.76,16.425852,39791527,0.0,0.0,0.0,0.0399,-0.0113
2014-11-04,西部证券,sz002673,16.35,15.46,15.51,16.13,15.62,16.962156,43218518,0.0,0.0,0.0,0.0569,0.0399
2014-11-05,西部证券,sz002673,17.02,15.83,16.06,16.49,16.13,17.340734,44165427,0.0,0.0,0.0,0.0737,0.0267
2014-11-06,西部证券,sz002673,16.84,16.25,16.39,16.58,16.49,17.435379,28542458,0.0,0.0,0.0,0.0357,0.0115
2014-11-07,西部证券,sz002673,17.99,16.6,16.69,16.91,16.58,17.782396,46645154,0.0,0.0,0.0,0.0838,0.0131
2014-11-10,西部证券,sz002673,17.75,16.43,17.3,17.5,16.91,18.402842,41589656,0.0,0.0,0.0,0.078,0.0115
2014-11-11,西部证券,sz002673,18.35,16.51,17.61,16.98,17.5,17.85602,51568464,0.0,0.0,0.0,0.1051,-0.0357
2014-11-12,西部证券,sz002673,17.7,16.51,16.8,17.7,16.98,18.613169,33460723,0.0,0.0,0.0,0.07,0.0535
2014-11-13,西部证券,sz002673,18.15,17.33,17.7,17.44,17.7,18.33976,40070625,0.0,0.0,0.0,0.0463,-0.0146
2014-11-14,西部证券,sz002673,17.33,16.65,17.12,16.82,17.44,17.68778,22039268,0.0,0.0,0.0,0.0389,-0.0175
2014-11-17,西部证券,sz002673,17.24,16.29,17.13,16.68,16.82,17.540565,25949488,0.0,0.0,0.0,0.0564,-0.0262
2014-11-18,西部证券,sz002673,16.87,16.3,16.55,16.55,16.68,17.403854,17063188,0.0,0.0,0.0,0.0341,0.0
2014-11-19,西部证券,sz002673,16.93,16.41,16.48,16.68,16.55,17.540562,16640978,0.0,0.0,0.0,0.0314,0.0121
2014-11-20,西部证券,sz002673,17.53,16.55,16.6,17.39,16.68,18.287193,29417885,0.0,0.0,0.0,0.0587,0.0475
2014-11-21,西部证券,sz002673,18.88,17.1,17.38,18.68,17.39,19.643755,45040009,0.0,0.0,0.0,0.1023,0.0747
2014-11-24,西部证券,sz002673,20.26,19.01,19.28,19.62,18.68,20.63225,54651386,0.0,0.0,0.0,0.0669,0.0176
2014-11-25,西部证券,sz002673,20.03,19.31,19.6,19.52,19.62,20.527086,28748612,0.0,0.0,0.0,0.0366,-0.004
2014-11-26,西部证券,sz002673,20.98,19.7,19.8,20.15,19.52,21.189598,36268658,0.0,0.0,0.0,0.0655,0.0176
2014-11-27,西部证券,sz002673,21.49,19.73,20.35,21.11,20.15,22.199135,51642230,0.0,0.0,0.0,0.0873,0.0373
2014-11-28,西部证券,sz002673,21.46,20.3,20.85,20.94,21.11,22.020365,41235851,0.0,0.0,0.0,0.0549,0.0043
2014-12-01,西部证券,sz002673,21.8,20.23,21.02,20.78,20.94,21.852106,39244690,0.0,0.0,0.0,0.0749,-0.0114
2014-12-02,西部证券,sz002673,22.86,20.36,20.53,22.86,20.78,24.039415,49144530,0.0,0.0,0.0,0.1203,0.1134
2014-12-03,西部证券,sz002673,25.15,23.02,23.6,24.69,22.86,25.96382,71838145,0.0,0.0,0.0,0.0931,0.0461
2014-12-04,西部证券,sz002673,27.16,23.8,24.11,27.16,24.69,28.561264,50167847,0.0,0.0,0.0,0.136,0.1265
2014-12-05,西部证券,sz002673,29.88,27.06,28.58,29.88,27.16,31.42159,72038244,0.0,0.0,0.0,0.1038,0.0454
2014-12-08,西部证券,sz002673,32.87,29.0,29.88,32.87,29.88,34.565853,59217924,0.0,0.0,0.0,0.1295,0.1
2014-12-09,西部证券,sz002673,36.16,29.58,33.0,30.82,32.87,32.410084,81466623,0.0,0.0,0.0,0.2001,-0.066
2014-12-10,西部证券,sz002673,33.9,30.85,32.44,33.9,30.82,35.648987,109683130,0.0,0.0,0.0,0.0989,0.045
2014-12-11,西部证券,sz002673,33.5,30.51,33.0,30.51,33.9,32.084087,101849666,0.0,0.0,0.0,0.0882,-0.0754
2014-12-12,西部证券,sz002673,32.85,28.81,29.0,30.31,30.51,31.873777,70019033,0.0,0.0,0.0,0.1324,0.0451
2014-12-15,西部证券,sz002673,31.16,28.88,30.0,30.67,30.31,32.252342,42137290,0.0,0.0,0.0,0.0752,0.0223
2014-12-16,西部证券,sz002673,33.74,30.59,30.8,33.74,30.67,35.480736,71876240,0.0,0.0,0.0,0.1027,0.0954
2014-12-17,西部证券,sz002673,35.9,32.15,34.7,34.86,33.74,36.65852,79006487,0.0,0.0,0.0,0.1111,0.0046
2014-12-18,西部证券,sz002673,33.99,31.4,33.81,31.45,34.86,33.072582,47173142,0.0,0.0,0.0,0.0742,-0.0698
2014-12-19,西部证券,sz002673,32.1,28.96,31.41,30.15,31.45,31.705528,41761260,0.0,0.0,0.0,0.0998,-0.0401
2014-12-22,西部证券,sz002673,30.65,28.01,29.4,29.28,30.15,30.790634,35574118,0.0,0.0,0.0,0.0875,-0.004
2014-12-23,西部证券,sz002673,30.18,28.72,29.1,29.01,29.28,30.506714,24290994,0.0,0.0,0.0,0.0498,-0.003
2014-12-24,西部证券,sz002673,29.87,26.5,29.4,27.21,29.01,28.613832,38543367,0.0,0.0,0.0,0.1161,-0.0744
2014-12-25,西部证券,sz002673,29.93,27.1,27.33,29.93,27.21,31.474157,57783361,0.0,0.0,0.0,0.104,0.0951
2014-12-26,西部证券,sz002673,32.92,29.65,29.89,32.92,29.93,34.618427,71417993,0.0,0.0,0.0,0.1092,0.1013
2014-12-29,西部证券,sz002673,35.48,32.81,34.0,33.9,32.92,35.648983,80643613,0.0,0.0,0.0,0.0811,-0.0029
2014-12-30,西部证券,sz002673,37.29,33.5,33.9,37.29,33.9,39.21388,89115367,0.0,0.0,0.0,0.1117,0.1
2014-12-31,西部证券,sz002673,40.8,36.7,36.99,37.45,37.29,39.382145,88970617,0.0,0.0,0.0,0.1099,0.0124
2015-01-01,西部证券,sz002673,37.45,37.45,37.45,37.45,37.45,18.649,0,0.0,0.0,0.0,0.0,0.0
2015-01-02,西部证券,sz002673,37.45,37.45,37.45,37.45,37.45,18.649,0,0.0,0.0,0.0,0.0,0.0
2015-01-05,西部证券,sz002673,39.41,36.2,37.8,37.71,37.45,18.779,1527493,0.0,0.0,0.0,0.0857,-0.0023
2015-01-06,西部证券,sz002673,37.2,34.42,36.3,35.8,37.71,17.828,1462157,0.0,0.0,0.0,0.0737,-0.0137
2015-01-07,西部证券,sz002673,38.0,35.35,35.6,35.8,35.8,17.828,1216258,0.0,0.0,0.0,0.074,0.0056
2015-01-08,西部证券,sz002673,37.7,33.69,35.59,36.27,35.8,18.062,1547143,0.0,0.0,0.0,0.112,0.0191
2015-01-09,西部证券,sz002673,37.98,35.0,35.55,35.01,36.27,17.434,1537879,0.0,0.0,0.0,0.0821,-0.0151
2015-01-12,西部证券,sz002673,35.65,33.66,34.58,34.26,35.01,17.061,784425,0.0,0.0,0.0,0.0568,-0.0092
2015-01-13,西部证券,sz002673,35.28,33.7,34.0,35.15,34.26,17.504,810606,0.0,0.0,0.0,0.0461,0.0338
2015-01-14,西部证券,sz002673,35.53,34.21,35.0,34.52,35.15,17.19,679876,0.0,0.0,0.0,0.0375,-0.0137
2015-01-15,西部证券,sz002673,35.88,33.4,34.3,35.3,34.52,17.579,910994,0.0,0.0,0.0,0.0718,0.0291
2015-01-16,西部证券,sz002673,35.4,34.02,35.11,34.54,35.3,17.2,772404,0.0,0.0,0.0,0.039,-0.0162
2015-01-19,西部证券,sz002673,31.44,31.09,31.09,31.09,34.54,15.482,261784,0.0,0.0,0.0,0.0101,0.0
2015-01-20,西部证券,sz002673,29.89,28.3,28.4,28.94,31.09,14.412,1203517,0.0,0.0,0.0,0.0511,0.019
2015-01-21,西部证券,sz002673,31.58,29.3,29.59,30.98,28.94,15.427,1075740,0.0,0.0,0.0,0.0787,0.0469
2015-01-22,西部证券,sz002673,31.0,29.94,30.72,30.75,30.98,15.313,630293,0.0,0.0,0.0,0.0342,9.0E-4
2015-01-23,西部证券,sz002673,32.9,30.8,30.8,31.67,30.75,15.771,896580,0.0,0.0,0.0,0.0682,0.0282
2015-01-26,西部证券,sz002673,32.66,31.39,32.22,31.77,31.67,15.821,516900,0.0,0.0,0.0,0.0401,-0.0139
2015-01-27,西部证券,sz002673,31.69,30.41,31.5,30.98,31.77,15.427,603187,0.0,0.0,0.0,0.0402,-0.0165
2015-01-28,西部证券,sz002673,31.96,30.5,30.9,31.08,30.98,15.477,524277,0.0,0.0,0.0,0.0471,0.0058
2015-01-29,西部证券,sz002673,30.48,29.25,29.87,29.88,31.08,14.88,513297,0.0,0.0,0.0,0.0395,3.0E-4
2015-01-30,西部证券,sz002673,30.3,28.99,30.02,29.0,29.88,14.441,400313,0.0,0.0,0.0,0.0438,-0.0339
2015-02-02,西部证券,sz002673,29.17,27.53,28.2,28.58,29.0,14.232,420033,0.0,0.0,0.0,0.0565,0.0134
2015-02-03,西部证券,sz002673,30.03,28.71,29.15,29.87,28.58,14.875,501532,0.0,0.0,0.0,0.0461,0.0246
2015-02-04,西部证券,sz002673,30.4,28.72,29.75,28.87,29.87,14.377,497164,0.0,0.0,0.0,0.0562,-0.0295
2015-02-05,西部证券,sz002673,30.0,28.62,30.0,28.74,28.87,14.312,486153,0.0,0.0,0.0,0.0478,-0.042
2015-02-06,西部证券,sz002673,29.69,28.4,28.58,29.15,28.74,14.516,416195,0.0,0.0,0.0,0.0448,0.0199
2015-02-09,西部证券,sz002673,32.07,29.34,29.34,32.07,29.15,15.97,959265,0.0,0.0,0.0,0.0936,0.093
2015-02-10,西部证券,sz002673,34.99,32.62,33.0,34.48,32.07,17.17,1527755,0.0,0.0,0.0,0.0739,0.0448
2015-02-11,西部证券,sz002673,35.12,33.66,34.2,35.09,34.48,17.474,968988,0.0,0.0,0.0,0.0423,0.026
2015-02-12,西部证券,sz002673,34.99,34.0,34.88,34.42,35.09,17.14,677527,0.0,0.0,0.0,0.0282,-0.0131
2015-02-13,西部证券,sz002673,34.98,33.61,34.7,33.7,34.42,16.782,782983,0.0,0.0,0.0,0.0398,-0.0288
2015-02-16,西部证券,sz002673,36.0,33.42,33.42,35.2,33.7,17.529,986113,0.0,0.0,0.0,0.0765,0.0532
2015-02-17,西部证券,sz002673,36.48,34.7,35.05,34.97,35.2,17.414,850779,0.0,0.0,0.0,0.0505,-0.0022
2015-02-18,西部证券,sz002673,34.97,34.97,34.97,34.97,34.97,17.414,0,0.0,0.0,0.0,0.0,0.0
2015-02-19,西部证券,sz002673,34.97,34.97,34.97,34.97,34.97,17.414,0,0.0,0.0,0.0,0.0,0.0
2015-02-20,西部证券,sz002673,34.97,34.97,34.97,34.97,34.97,17.414,0,0.0,0.0,0.0,0.0,0.0
2015-02-23,西部证券,sz002673,34.97,34.97,34.97,34.97,34.97,17.414,0,0.0,0.0,0.0,0.0,0.0
2015-02-24,西部证券,sz002673,34.97,34.97,34.97,34.97,34.97,17.414,0,0.0,0.0,0.0,0.0,0.0
2015-02-25,西部证券,sz002673,34.95,33.45,34.88,33.76,34.97,16.812,445422,0.0,0.0,0.0,0.0428,-0.0321
2015-02-26,西部证券,sz002673,37.14,33.33,33.62,37.14,33.76,18.495,1318768,0.0,0.0,0.0,0.1128,0.1046
2015-02-27,西部证券,sz002673,38.68,36.65,37.48,37.0,37.14,18.425,1344537,0.0,0.0,0.0,0.0546,-0.0128
2015-03-02,西部证券,sz002673,39.5,37.2,38.25,37.45,37.0,18.649,1151467,0.0,0.0,0.0,0.0621,-0.0209
2015-03-03,西部证券,sz002673,37.48,35.36,37.15,35.39,37.45,17.623,962598,0.0,0.0,0.0,0.0566,-0.0473
2015-03-04,西部证券,sz002673,35.89,34.66,34.99,35.1,35.39,17.479,721560,0.0,0.0,0.0,0.0347,0.0031
2015-03-05,西部证券,sz002673,36.78,34.71,34.8,35.65,35.1,17.753,758116,0.0,0.0,0.0,0.0589,0.0244
2015-03-06,西部证券,sz002673,36.38,34.7,35.0,34.75,35.65,17.305,559856,0.0,0.0,0.0,0.0471,-0.0071
2015-03-09,西部证券,sz002673,34.74,32.09,33.33,34.21,34.75,17.036,709185,0.0,0.0,0.0,0.0762,0.0264
2015-03-10,西部证券,sz002673,36.1,33.76,33.91,35.01,34.21,17.434,645263,0.0,0.0,0.0,0.0684,0.0324
2015-03-11,西部证券,sz002673,36.7,34.9,35.01,35.66,35.01,17.758,722338,0.0,0.0,0.0,0.0514,0.0185
2015-03-12,西部证券,sz002673,36.96,34.82,35.8,36.07,35.66,17.962,755238,0.0,0.0,0.0,0.06,0.0075
2015-03-13,西部证券,sz002673,37.2,35.42,36.6,35.77,36.07,17.813,657349,0.0,0.0,0.0,0.0493,-0.0226
2015-03-16,西部证券,sz002673,36.65,34.9,35.93,36.31,35.77,18.082,691559,0.0,0.0,0.0,0.0489,0.0105
2015-03-17,西部证券,sz002673,37.5,36.01,36.75,37.04,36.31,18.445,974189,0.0,0.0,0.0,0.041,0.0078
2015-03-18,西部证券,sz002673,37.6,36.55,37.28,37.09,37.04,18.47,777358,0.0,0.0,0.0,0.0283,-0.005
2015-03-19,西部证券,sz002673,37.15,36.35,36.87,36.41,37.09,18.131,600683,0.0,0.0,0.0,0.0215,-0.0124
2015-03-20,西部证券,sz002673,40.05,36.4,36.42,40.05,36.41,19.944,1634479,0.0,0.0,0.0,0.1002,0.0996
2015-03-23,西部证券,sz002673,44.06,40.07,40.88,44.06,40.05,21.941,1714906,0.0,0.0,0.0,0.0996,0.0777
2015-03-24,西部证券,sz002673,48.18,43.5,44.94,46.21,44.06,23.012,1690303,0.0,0.0,0.0,0.1062,0.0282
2015-03-25,西部证券,sz002673,48.32,44.4,46.2,44.5,46.21,22.16,1405155,0.0,0.0,0.0,0.0848,-0.0367
2015-03-26,西部证券,sz002673,46.3,43.03,43.99,44.88,44.5,22.349,1161427,0.0,0.0,0.0,0.0734,0.0202
2015-03-27,西部证券,sz002673,45.58,43.45,44.1,44.16,44.88,21.991,689263,0.0,0.0,0.0,0.0474,0.0013
2015-03-30,西部证券,sz002673,46.68,43.8,44.03,45.59,44.16,22.703,918269,0.0,0.0,0.0,0.0652,0.0354
2015-03-31,西部证券,sz002673,48.88,43.88,46.0,44.9,45.59,22.359,1105597,0.0,0.0,0.0,0.1096,-0.0239
2015-04-01,西部证券,sz002673,46.5,44.5,44.5,45.99,44.9,22.902,746912,0.0,0.0,0.0,0.0445,0.0334
2015-04-02,西部证券,sz002673,46.46,44.61,46.0,45.49,45.99,22.653,618617,0.0,0.0,0.0,0.0402,-0.011
2015-04-03,西部证券,sz002673,46.6,44.66,44.85,45.91,45.49,22.862,778768,0.0,0.0,0.0,0.0426,0.0236
2015-04-06,西部证券,sz002673,45.91,45.91,45.91,45.91,45.91,22.862,0,0.0,0.0,0.0,0.0,0.0
2015-04-07,西部证券,sz002673,46.91,45.31,46.0,46.56,45.91,23.186,854595,0.0,0.0,0.0,0.0348,0.0121
2015-04-08,西部证券,sz002673,51.22,46.01,46.56,51.22,46.56,25.506,1237698,0.0,0.0,0.0,0.1118,0.1
2015-04-09,西部证券,sz002673,56.34,51.22,54.29,51.81,51.22,25.8,1741501,0.0,0.0,0.0,0.0999,-0.0456
2015-04-10,西部证券,sz002673,56.99,50.01,51.25,56.99,51.81,28.38,1281781,0.0,0.0,0.0,0.1347,0.112
2015-04-13,西部证券,sz002673,62.69,58.15,60.1,62.69,56.99,31.218,1290160,0.0,0.0,0.0,0.0796,0.043
2015-04-14,西部证券,sz002673,68.89,59.6,62.69,64.6,62.69,32.169,1528880,0.0,0.0,0.0,0.1481,0.0304
2015-04-15,西部证券,sz002673,66.8,59.8,63.0,59.8,64.6,29.779,1028319,0.0,0.0,0.0,0.1083,-0.0507
2015-04-16,西部证券,sz002673,62.91,57.31,57.73,59.5,59.8,29.63,924493,0.0,0.0,0.0,0.0936,0.0306
2015-04-17,西部证券,sz002673,60.98,58.11,59.35,59.1,59.5,29.431,826261,0.0,0.0,0.0,0.0482,-0.0042
2015-04-20,西部证券,sz002673,59.3,55.0,59.3,56.3,59.1,28.036,802129,0.0,0.0,0.0,0.0727,-0.0505
2015-04-21,西部证券,sz002673,61.93,57.0,57.0,61.93,56.3,30.84,751531,0.0,0.0,0.0,0.0875,0.0864
2015-04-22,西部证券,sz002673,68.12,63.21,65.0,68.12,61.93,33.922,1025586,0.0,0.0,0.0,0.0792,0.048
2015-04-23,西部证券,sz002673,74.5,66.1,70.8,67.69,68.12,33.708,1562683,0.0,0.0,0.0,0.1233,-0.0439
2015-04-24,西部证券,sz002673,69.98,65.11,66.2,67.44,67.69,33.584,1148715,0.0,0.0,0.0,0.0719,0.0187
2015-04-27,西部证券,sz002673,68.85,65.42,66.98,66.06,67.44,32.896,796798,0.0,0.0,0.0,0.0508,-0.0137
2015-04-28,西部证券,sz002673,66.5,63.35,65.92,64.07,66.06,31.906,864476,0.0,0.0,0.0,0.0476,-0.028
2015-04-29,西部证券,sz002673,68.5,60.0,63.0,66.54,64.07,33.136,991980,0.0,0.0,0.0,0.1326,0.0561
2015-04-30,西部证券,sz002673,67.47,63.31,66.78,63.4,66.54,31.572,681267,0.0,0.0,0.0,0.0625,-0.0506
2015-05-01,西部证券,sz002673,63.4,63.4,63.4,63.4,63.4,31.572,0,0.0,0.0,0.0,0.0,0.0
2015-05-04,西部证券,sz002673,65.53,61.6,62.3,63.42,63.4,31.582,468496,0.0,0.0,0.0,0.0619,0.0179
2015-05-05,西部证券,sz002673,67.48,62.6,62.8,64.1,63.42,31.92,850833,0.0,0.0,0.0,0.0769,0.0207
2015-05-06,西部证券,sz002673,67.42,63.23,64.17,65.23,64.1,32.483,785749,0.0,0.0,0.0,0.0653,0.0165
2015-05-07,西部证券,sz002673,70.4,64.0,64.9,68.28,65.23,34.002,1002779,0.0,0.0,0.0,0.0981,0.052
2015-05-08,西部证券,sz002673,68.65,64.16,68.0,66.52,68.28,33.126,894075,0.0,0.0,0.0,0.0657,-0.0217
2015-05-11,西部证券,sz002673,69.2,66.0,67.0,68.99,66.52,34.356,963993,0.0,0.0,0.0,0.0481,0.0297
2015-05-12,西部证券,sz002673,73.6,67.0,68.32,70.05,68.99,34.883,1128293,0.0,0.0,0.0,0.0956,0.0253
2015-05-13,西部证券,sz002673,69.5,66.92,69.23,66.96,70.05,33.345,752109,0.0,0.0,0.0,0.0368,-0.0327
2015-05-14,西部证券,sz002673,68.85,65.58,67.0,66.08,66.96,32.906,557798,0.0,0.0,0.0,0.0488,-0.0137
2015-05-15,西部证券,sz002673,65.61,62.31,65.61,63.14,66.08,31.442,588684,0.0,0.0,0.0,0.0499,-0.0376
2015-05-18,西部证券,sz002673,65.4,61.51,62.01,63.14,63.14,31.442,482923,0.0,0.0,0.0,0.0616,0.0182
2015-05-19,西部证券,sz002673,69.45,63.0,63.15,68.68,63.14,34.201,1259109,0.0,0.0,0.0,0.1021,0.0875
2015-05-20,西部证券,sz002673,67.96,65.56,67.67,66.3,68.68,33.016,906531,0.0,0.0,0.0,0.0349,-0.0202
2015-05-21,西部证券,sz002673,66.7,64.61,65.61,65.72,66.3,32.727,600320,0.0,0.0,0.0,0.0315,0.0016
2015-05-22,西部证券,sz002673,69.45,65.94,66.71,67.51,65.72,33.619,1048022,0.0,0.0,0.0,0.0534,0.0119
2015-05-25,西部证券,sz002673,70.33,67.51,67.51,68.36,67.51,34.042,1068835,0.0,0.0,0.0,0.0417,0.0125
2015-05-26,西部证券,sz002673,69.77,66.45,68.37,68.94,68.36,34.331,998847,0.0,0.0,0.0,0.0485,0.0083
2015-05-27,西部证券,sz002673,75.58,68.51,69.28,71.85,68.94,35.78,1298488,0.0,0.0,0.0,0.1025,0.037
2015-05-28,西部证券,sz002673,72.35,64.67,70.99,64.67,71.85,32.204,998656,0.0,0.0,0.0,0.1068,-0.089
2015-05-29,西部证券,sz002673,65.9,61.67,63.52,62.74,64.67,31.243,739787,0.0,0.0,0.0,0.0654,-0.0122
2015-06-01,西部证券,sz002673,66.78,62.51,62.7,65.9,62.74,32.817,657924,0.0,0.0,0.0,0.068,0.051
2015-06-02,西部证券,sz002673,66.69,64.52,65.4,65.86,65.9,32.797,529208,0.0,0.0,0.0,0.0329,0.007
2015-06-03,西部证券,sz002673,69.47,66.0,66.48,67.32,65.86,33.524,621869,0.0,0.0,0.0,0.0526,0.0126
2015-06-04,西部证券,sz002673,73.55,67.44,69.0,72.01,67.32,35.859,1213156,0.0,0.0,0.0,0.0907,0.0436
2015-06-05,西部证券,sz002673,75.26,69.41,74.9,70.84,72.01,35.277,931391,0.0,0.0,0.0,0.0812,-0.0542
2015-06-08,西部证券,sz002673,38.96,35.0,35.5,38.96,70.84,19.401,1151075,0.0,0.0,0.0,0.0559,0.0974
2015-06-09,西部证券,sz002673,41.485,38.54,40.3,39.75,38.96,19.795,1226917,0.0,0.0,0.0,0.0755,-0.0136
2015-06-10,西部证券,sz002673,39.385,37.34,38.95,38.2,39.75,19.023,984963,0.0,0.0,0.0,0.0514,-0.0192
2015-06-11,西部证券,sz002673,38.2,36.38,37.75,37.11,38.2,18.48,818635,0.0,0.0,0.0,0.0476,-0.0169
2015-06-12,西部证券,sz002673,39.26,36.5,36.5,36.58,37.11,36.58,1080939,0.0,0.0,0.0,0.0743,0.0021
2015-06-15,西部证券,sz002673,38.15,34.31,37.2,34.39,36.58,34.39,968443,0.0,0.0,0.0,0.1049,-0.0755
2015-06-16,西部证券,sz002673,35.3,31.6,33.31,32.4,34.39,32.4,798568,0.0,0.0,0.0,0.1075,-0.0273
2015-06-17,西部证券,sz002673,32.9,30.5,32.4,32.34,32.4,32.34,724376,0.0,0.0,0.0,0.074,-0.0018
2015-06-18,西部证券,sz002673,32.0,29.15,32.0,29.36,32.34,29.36,728029,0.0,0.0,0.0,0.0881,-0.0825
2015-06-19,西部证券,sz002673,31.26,28.01,28.53,28.55,29.36,28.55,847560,0.0,0.0,0.0,0.1106,7.0E-4
2015-06-22,西部证券,sz002673,28.55,28.55,28.55,28.55,28.55,28.55,0,0.0,0.0,0.0,0.0,0.0
2015-06-23,西部证券,sz002673,31.41,28.28,28.88,31.15,28.55,31.15,880621,0.0,0.0,0.0,0.1096,0.0786
2015-06-24,西部证券,sz002673,31.43,30.1,31.42,31.22,31.15,31.22,805839,0.0,0.0,0.0,0.0426,-0.0063
2015-06-25,西部证券,sz002673,31.55,29.08,31.0,29.62,31.22,29.62,673023,0.0,0.0,0.0,0.0791,-0.0445
2015-06-26,西部证券,sz002673,30.52,26.66,28.65,26.66,29.62,26.66,794618,0.0,0.0,0.0,0.1303,-0.0694
2015-06-29,西部证券,sz002673,27.95,23.99,27.81,25.79,26.66,25.79,1010177,0.0,0.0,0.0,0.1485,-0.0726
2015-06-30,西部证券,sz002673,28.37,24.7,26.0,28.37,25.79,28.37,958860,0.0,0.0,0.0,0.1423,0.0911
2015-07-01,西部证券,sz002673,30.12,28.01,28.58,28.6,28.37,28.6,1229360,0.0,0.0,0.0,0.0743,6.0E-4
2015-07-02,西部证券,sz002673,30.79,28.3,29.9,29.9,28.6,29.9,1344944,0.0,0.0,0.0,0.087,0.0
2015-07-03,西部证券,sz002673,32.56,28.3,28.8,31.1,29.9,31.1,1471750,0.0,0.0,0.0,0.1424,0.0798
2015-07-06,西部证券,sz002673,34.21,31.1,34.21,33.37,31.1,33.37,1422947,0.0,0.0,0.0,0.0999,-0.0245
2015-07-07,西部证券,sz002673,33.3,30.03,32.0,30.03,33.37,30.03,1350237,0.0,0.0,0.0,0.0979,-0.0615
2015-07-08,西部证券,sz002673,27.5,27.03,27.03,27.03,30.03,27.03,1709318,0.0,0.0,0.0,0.0156,0.0
2015-07-09,西部证券,sz002673,29.73,24.33,27.03,29.73,27.03,29.73,838459,0.0,0.0,0.0,0.1997,0.0998
2015-07-10,西部证券,sz002673,32.7,29.75,30.01,32.7,29.73,32.7,969310,0.0,0.0,0.0,0.0992,0.0896
2015-07-13,西部证券,sz002673,35.2,31.0,32.75,33.71,32.7,33.71,1246483,0.0,0.0,0.0,0.1284,0.0293
2015-07-14,西部证券,sz002673,33.98,31.01,32.12,31.33,33.71,31.33,901894,0.0,0.0,0.0,0.0881,-0.0245
2015-07-15,西部证券,sz002673,32.48,29.08,30.51,29.13,31.33,29.13,706831,0.0,0.0,0.0,0.1085,-0.0452
2015-07-16,西部证券,sz002673,30.35,27.0,27.0,28.9,29.13,28.9,511336,0.0,0.0,0.0,0.115,0.0703
2015-07-17,西部证券,sz002673,31.47,28.6,29.3,30.77,28.9,30.77,569854,0.0,0.0,0.0,0.0993,0.0501
2015-07-20,西部证券,sz002673,31.47,29.5,30.78,30.0,30.77,30.0,561268,0.0,0.0,0.0,0.064,-0.0253
2015-07-21,西部证券,sz002673,31.2,28.8,29.32,30.13,30.0,30.13,680823,0.0,0.0,0.0,0.0799,0.0276
2015-07-22,西部证券,sz002673,30.14,28.9,29.55,29.09,30.13,29.09,455703,0.0,0.0,0.0,0.0411,-0.0155
2015-07-23,西部证券,sz002673,30.77,29.3,29.3,29.95,29.09,29.95,602397,0.0,0.0,0.0,0.0505,0.0221
2015-07-24,西部证券,sz002673,30.27,28.6,29.96,28.8,29.95,28.8,552421,0.0,0.0,0.0,0.0557,-0.0387
2015-07-27,西部证券,sz002673,28.59,25.92,28.01,25.92,28.8,25.92,511119,0.0,0.0,0.0,0.0927,-0.0746
2015-07-28,西部证券,sz002673,27.59,23.33,25.04,26.96,25.92,26.96,747045,0.0,0.0,0.0,0.1643,0.0766
2015-07-29,西部证券,sz002673,27.0,25.52,26.8,26.8,26.96,26.8,405105,0.0,0.0,0.0,0.0548,0.0
2015-07-30,西部证券,sz002673,27.3,24.75,26.38,25.35,26.8,25.35,356700,0.0,0.0,0.0,0.0951,-0.039
2015-07-31,西部证券,sz002673,25.75,23.8,24.9,24.37,25.35,24.37,320813,0.0,0.0,0.0,0.0769,-0.0212
2015-08-03,西部证券,sz002673,24.72,22.93,23.85,23.11,24.37,23.11,289569,0.0,0.0,0.0,0.0734,-0.031
2015-08-04,西部证券,sz002673,24.4,23.01,23.42,24.31,23.11,24.31,329759,0.0,0.0,0.0,0.0601,0.038
2015-08-05,西部证券,sz002673,24.44,23.46,24.2,23.59,24.31,23.59,288268,0.0,0.0,0.0,0.0403,-0.0252
2015-08-06,西部证券,sz002673,23.4,22.6,23.1,22.63,23.59,22.63,267402,0.0,0.0,0.0,0.0339,-0.0203
2015-08-07,西部证券,sz002673,23.37,22.71,23.01,23.12,22.63,23.12,308260,0.0,0.0,0.0,0.0291,0.0047
2015-08-10,西部证券,sz002673,25.43,22.98,23.3,25.43,23.12,25.43,702326,0.0,0.0,0.0,0.1059,0.0914
2015-08-11,西部证券,sz002673,25.47,24.71,25.43,24.93,25.43,24.93,549646,0.0,0.0,0.0,0.0298,-0.0196
2015-08-12,西部证券,sz002673,26.15,24.21,24.45,24.99,24.93,24.99,512725,0.0,0.0,0.0,0.0778,0.022
2015-08-13,西部证券,sz002673,25.66,24.58,25.0,25.3,24.99,25.3,371073,0.0,0.0,0.0,0.0432,0.012
2015-08-14,西部证券,sz002673,25.98,25.1,25.65,25.32,25.3,25.32,435895,0.0,0.0,0.0,0.0347,-0.0128
2015-08-17,西部证券,sz002673,25.1,24.47,25.0,24.68,25.32,24.68,320312,0.0,0.0,0.0,0.0248,-0.0128
2015-08-18,西部证券,sz002673,26.65,22.81,25.15,23.48,24.68,23.48,723662,0.0,0.0,0.0,0.1555,-0.0664
2015-08-19,西部证券,sz002673,24.01,21.85,22.7,23.73,23.48,23.73,453268,0.0,0.0,0.0,0.0919,0.0453
2015-08-20,西部证券,sz002673,23.59,22.41,23.12,22.48,23.73,22.48,289244,0.0,0.0,0.0,0.0497,-0.0276
2015-08-21,西部证券,sz002673,23.2,21.51,22.25,21.7,22.48,21.7,361170,0.0,0.0,0.0,0.0751,-0.0247
2015-08-24,西部证券,sz002673,21.45,19.53,20.3,19.53,21.7,19.53,307798,0.0,0.0,0.0,0.0884,-0.0379
2015-08-25,西部证券,sz002673,18.09,17.58,17.58,17.58,19.53,17.58,303338,0.0,0.0,0.0,0.0261,0.0
2015-08-26,西部证券,sz002673,18.3,15.82,17.11,15.82,17.58,15.82,628748,0.0,0.0,0.0,0.141,-0.0753
2015-08-27,西部证券,sz002673,16.83,14.3,15.9,16.8,15.82,16.8,680500,0.0,0.0,0.0,0.1599,0.0566
2015-08-28,西部证券,sz002673,17.95,16.19,16.64,17.42,16.8,17.42,711812,0.0,0.0,0.0,0.1047,0.0468
2015-08-31,西部证券,sz002673,17.15,15.73,17.13,16.51,17.42,16.51,574998,0.0,0.0,0.0,0.0815,-0.0361
2015-09-01,西部证券,sz002673,17.35,15.15,16.08,17.32,16.51,17.32,799961,0.0,0.0,0.0,0.1332,0.0771
2015-09-02,西部证券,sz002673,17.85,16.0,16.2,17.58,17.32,17.58,682178,0.0,0.0,0.0,0.1068,0.0851
2015-09-03,西部证券,sz002673,17.58,17.58,17.58,17.58,17.58,17.58,0,0.0,0.0,0.0,0.0,0.0
2015-09-04,西部证券,sz002673,17.58,17.58,17.58,17.58,17.58,17.58,0,0.0,0.0,0.0,0.0,0.0
2015-09-07,西部证券,sz002673,18.55,17.0,17.6,17.03,17.58,17.03,317115,0.0,0.0,0.0,0.0881,-0.0323
2015-09-08,西部证券,sz002673,17.9,16.01,16.59,17.79,17.03,17.79,288071,0.0,0.0,0.0,0.1109,0.0723
2015-09-09,西部证券,sz002673,18.67,17.5,17.8,18.15,17.79,18.15,410647,0.0,0.0,0.0,0.0657,0.0196
2015-09-10,西部证券,sz002673,17.91,17.0,17.7,17.14,18.15,17.14,249424,0.0,0.0,0.0,0.0501,-0.0316
2015-09-11,西部证券,sz002673,17.56,16.94,17.14,17.03,17.14,17.03,154293,0.0,0.0,0.0,0.0361,-0.0064
2015-09-14,西部证券,sz002673,17.11,15.33,16.88,15.33,17.03,15.33,316779,0.0,0.0,0.0,0.1045,-0.0918
2015-09-15,西部证券,sz002673,15.24,13.8,14.65,13.8,15.33,13.8,280498,0.0,0.0,0.0,0.0939,-0.058
2015-09-16,西部证券,sz002673,15.18,13.29,13.9,14.91,13.8,14.91,310574,0.0,0.0,0.0,0.1369,0.0726
2015-09-17,西部证券,sz002673,15.11,14.08,14.58,14.14,14.91,14.14,274809,0.0,0.0,0.0,0.069,-0.0301
2015-09-18,西部证券,sz002673,14.35,13.86,14.31,14.16,14.14,14.16,147472,0.0,0.0,0.0,0.0346,-0.0104
2015-09-21,西部证券,sz002673,14.87,13.78,13.92,14.72,14.16,14.72,211948,0.0,0.0,0.0,0.0769,0.0574
2015-09-22,西部证券,sz002673,16.19,14.68,14.75,16.19,14.72,16.19,667483,0.0,0.0,0.0,0.1025,0.0976
2015-09-23,西部证券,sz002673,15.98,15.4,15.45,15.6,16.19,15.6,404054,0.0,0.0,0.0,0.0358,0.0097
2015-09-24,西部证券,sz002673,16.09,15.49,15.77,15.75,15.6,15.75,260254,0.0,0.0,0.0,0.0384,-0.0012
2015-09-25,西部证券,sz002673,15.94,14.71,15.61,14.92,15.75,14.92,239937,0.0,0.0,0.0,0.078,-0.0442
2015-09-28,西部证券,sz002673,14.92,14.92,14.92,14.92,14.92,14.92,0,0.0,0.0,0.0,0.0,0.0
2015-09-29,西部证券,sz002673,16.75,14.6,14.93,15.93,14.92,15.93,386316,0.0,0.0,0.0,0.1441,0.0669
2015-09-30,西部证券,sz002673,16.7,15.61,15.7,16.19,15.93,16.19,450424,0.0,0.0,0.0,0.0684,0.0312
2015-10-01,西部证券,sz002673,16.19,16.19,16.19,16.19,16.19,16.19,0,0.0,0.0,0.0,0.0,0.0
2015-10-02,西部证券,sz002673,16.19,16.19,16.19,16.19,16.19,16.19,0,0.0,0.0,0.0,0.0,0.0
2015-10-05,西部证券,sz002673,16.19,16.19,16.19,16.19,16.19,16.19,0,0.0,0.0,0.0,0.0,0.0
2015-10-06,西部证券,sz002673,16.19,16.19,16.19,16.19,16.19,16.19,0,0.0,0.0,0.0,0.0,0.0
2015-10-07,西部证券,sz002673,16.19,16.19,16.19,16.19,16.19,16.19,0,0.0,0.0,0.0,0.0,0.0
2015-10-08,西部证券,sz002673,17.26,16.57,17.26,16.7,16.19,16.7,412334,0.0,0.0,0.0,0.0426,-0.0324
2015-10-09,西部证券,sz002673,17.2,16.4,16.51,16.99,16.7,16.99,336070,0.0,0.0,0.0,0.0479,0.029
2015-10-12,西部证券,sz002673,18.48,16.81,16.99,18.05,16.99,18.05,485001,0.0,0.0,0.0,0.0982,0.0623
2015-10-13,西部证券,sz002673,18.26,17.57,17.65,17.81,18.05,17.81,320188,0.0,0.0,0.0,0.0382,0.009
2015-10-14,西部证券,sz002673,18.1,17.21,17.65,17.23,17.81,17.23,360465,0.0,0.0,0.0,0.0499,-0.0237
2015-10-15,西部证券,sz002673,17.74,17.02,17.05,17.72,17.23,17.72,350478,0.0,0.0,0.0,0.0417,0.0392
2015-10-16,西部证券,sz002673,18.66,17.9,18.0,18.33,17.72,18.33,566960,0.0,0.0,0.0,0.0428,0.0183
2015-10-19,西部证券,sz002673,20.16,18.4,18.4,20.16,18.33,20.16,1011471,0.0,0.0,0.0,0.096,0.0956
2015-10-20,西部证券,sz002673,21.38,19.76,20.16,21.2,20.16,21.2,893232,0.0,0.0,0.0,0.0803,0.0515
2015-10-21,西部证券,sz002673,21.18,19.08,21.18,19.4,21.2,19.4,731396,0.0,0.0,0.0,0.099,-0.084
2015-10-22,西部证券,sz002673,20.41,19.01,19.15,20.22,19.4,20.22,481093,0.0,0.0,0.0,0.0721,0.0558
2015-10-23,西部证券,sz002673,20.53,19.55,20.13,20.19,20.22,20.19,583281,0.0,0.0,0.0,0.0484,0.0029
2015-10-26,西部证券,sz002673,22.21,20.29,20.4,21.45,20.19,21.45,919816,0.0,0.0,0.0,0.095,0.0514
2015-10-27,西部证券,sz002673,21.44,19.37,20.82,21.1,21.45,21.1,617278,0.0,0.0,0.0,0.0965,0.0134
2015-10-28,西部证券,sz002673,20.98,19.79,20.67,19.95,21.1,19.95,410844,0.0,0.0,0.0,0.0563,-0.0348
2015-10-29,西部证券,sz002673,20.48,19.95,20.25,20.1,19.95,20.1,284572,0.0,0.0,0.0,0.0265,-0.0074
2015-10-30,西部证券,sz002673,22.11,19.51,19.92,21.38,20.1,21.38,1084603,0.0,0.0,0.0,0.1293,0.0732
2015-11-02,西部证券,sz002673,21.4,19.48,20.1,20.3,21.38,20.3,597409,0.0,0.0,0.0,0.0898,0.0099
2015-11-03,西部证券,sz002673,21.73,20.3,20.3,21.19,20.3,21.19,660965,0.0,0.0,0.0,0.0704,0.0438
2015-11-04,西部证券,sz002673,23.31,21.31,21.53,23.31,21.19,23.31,954030,0.0,0.0,0.0,0.0943,0.0826
2015-11-05,西部证券,sz002673,25.64,24.65,25.0,25.64,23.31,25.64,431524,0.0,0.0,0.0,0.0424,0.0256
2015-11-06,西部证券,sz002673,28.2,26.01,26.5,28.2,25.64,28.2,1386389,0.0,0.0,0.0,0.0854,0.0641
2015-11-09,西部证券,sz002673,31.02,29.01,29.03,30.58,28.2,30.58,1727411,0.0,0.0,0.0,0.0712,0.0533
2015-11-10,西部证券,sz002673,33.64,29.42,29.5,33.18,30.58,33.18,1693350,0.0,0.0,0.0,0.1379,0.1247
2015-11-11,西部证券,sz002673,36.5,31.58,32.28,36.5,33.18,36.5,1496647,0.0,0.0,0.0,0.1482,0.1307
2015-11-12,西部证券,sz002673,40.0,35.7,35.73,37.6,36.5,37.6,1826511,0.0,0.0,0.0,0.1178,0.0523
2015-11-13,西部证券,sz002673,40.55,36.99,36.99,39.4,37.6,39.4,1542796,0.0,0.0,0.0,0.0946,0.0651
2015-11-16,西部证券,sz002673,40.49,37.7,38.09,39.4,39.4,39.4,1090481,0.0,0.0,0.0,0.0708,0.0343
2015-11-17,西部证券,sz002673,43.34,39.59,39.59,40.85,39.4,40.85,1856921,0.0,0.0,0.0,0.0951,0.0318
2015-11-18,西部证券,sz002673,40.7,36.77,40.7,37.11,40.85,37.11,1686842,0.0,0.0,0.0,0.0962,-0.0882
2015-11-19,西部证券,sz002673,39.85,37.15,37.54,39.81,37.11,39.81,1229621,0.0,0.0,0.0,0.0727,0.0604
2015-11-20,西部证券,sz002673,39.5,37.58,39.38,38.46,39.81,38.46,1087718,0.0,0.0,0.0,0.0482,-0.0233
2015-11-23,西部证券,sz002673,40.1,36.56,38.5,37.7,38.46,37.7,1001047,0.0,0.0,0.0,0.092,-0.0207
2015-11-24,西部证券,sz002673,39.8,36.91,37.3,38.63,37.7,38.63,1009783,0.0,0.0,0.0,0.0766,0.0356
2015-11-25,西部证券,sz002673,39.2,37.6,38.0,38.64,38.63,38.64,844806,0.0,0.0,0.0,0.0414,0.0168
2015-11-26,西部证券,sz002673,40.2,37.49,39.05,37.75,38.64,37.75,1050586,0.0,0.0,0.0,0.0701,-0.0332
2015-11-27,西部证券,sz002673,37.19,33.98,36.65,33.99,37.75,33.99,1057350,0.0,0.0,0.0,0.085,-0.0725
2015-11-30,西部证券,sz002673,36.54,33.2,34.33,35.84,33.99,35.84,1047738,0.0,0.0,0.0,0.0982,0.0439
2015-12-01,西部证券,sz002673,35.4,33.79,35.4,34.44,35.84,34.44,710600,0.0,0.0,0.0,0.0449,-0.0271
2015-12-02,西部证券,sz002673,36.84,33.81,34.44,36.43,34.44,36.43,1012997,0.0,0.0,0.0,0.0879,0.0577
2015-12-03,西部证券,sz002673,36.79,34.88,35.77,35.6,36.43,35.6,816197,0.0,0.0,0.0,0.0524,-0.0047
2015-12-04,西部证券,sz002673,35.43,34.15,35.01,34.43,35.6,34.43,599618,0.0,0.0,0.0,0.0359,-0.0165
2015-12-07,西部证券,sz002673,34.98,32.91,34.02,34.41,34.43,34.41,662711,0.0,0.0,0.0,0.0601,0.0114
2015-12-08,西部证券,sz002673,35.55,33.71,34.0,34.15,34.41,34.15,698020,0.0,0.0,0.0,0.0534,0.0044
2015-12-09,西部证券,sz002673,35.73,33.52,33.71,35.0,34.15,35.0,764643,0.0,0.0,0.0,0.0647,0.0382
2015-12-10,西部证券,sz002673,38.0,35.2,35.3,35.63,35.0,35.63,1165566,0.0,0.0,0.0,0.0799,0.0093
2015-12-11,西部证券,sz002673,37.4,34.05,34.7,36.05,35.63,36.05,990624,0.0,0.0,0.0,0.094,0.0389
2015-12-14,西部证券,sz002673,39.66,34.9,35.09,39.66,36.05,39.66,1407011,0.0,0.0,0.0,0.132,0.1302
2015-12-15,西部证券,sz002673,40.52,38.24,40.0,38.35,39.66,38.35,1330272,0.0,0.0,0.0,0.0574,-0.0412
2015-12-16,西部证券,sz002673,39.35,37.51,38.43,37.87,38.35,37.87,862210,0.0,0.0,0.0,0.0479,-0.0145
2015-12-17,西部证券,sz002673,39.3,37.5,38.25,37.86,37.87,37.86,1122216,0.0,0.0,0.0,0.0475,-0.0101
2015-12-18,西部证券,sz002673,38.18,37.0,37.66,37.35,37.86,37.35,745905,0.0,0.0,0.0,0.0311,-0.0082
2015-12-21,西部证券,sz002673,38.2,35.98,37.19,36.78,37.35,36.78,902416,0.0,0.0,0.0,0.0594,-0.011
2015-12-22,西部证券,sz002673,37.29,36.35,36.8,37.05,36.78,37.05,582141,0.0,0.0,0.0,0.0255,0.0067
2015-12-23,西部证券,sz002673,38.49,36.8,37.15,37.16,37.05,37.16,1322720,0.0,0.0,0.0,0.0456,2.0E-4
2015-12-24,西部证券,sz002673,36.52,34.23,36.2,34.63,37.16,34.63,938945,0.0,0.0,0.0,0.0616,-0.0433
2015-12-25,西部证券,sz002673,34.8,33.44,34.63,34.12,34.63,34.12,558617,0.0,0.0,0.0,0.0392,-0.0147
2015-12-28,西部证券,sz002673,35.21,33.83,34.72,34.01,34.12,34.01,543736,0.0,0.0,0.0,0.0404,-0.0204
2015-12-29,西部证券,sz002673,34.99,33.89,33.99,34.55,34.01,34.55,439058,0.0,0.0,0.0,0.0323,0.0164
2015-12-30,西部证券,sz002673,34.64,33.89,34.56,34.1,34.55,34.1,441716,0.0,0.0,0.0,0.0217,-0.0133
2015-12-31,西部证券,sz002673,34.35,32.9,34.2,32.91,34.1,32.91,588170,0.0,0.0,0.0,0.0425,-0.0377
2016-01-01,西部证券,sz002673,34.35,32.9,34.2,32.91,32.91,32.91,588170,0.0,0.0,0.0,0.044,-0.0377
2016-01-04,西部证券,sz002673,32.39,29.62,32.0,29.62,32.91,29.62,461163,0.0,0.0,0.0,0.0841,-0.0743
2016-01-05,西部证券,sz002673,30.3,26.99,27.89,29.76,29.62,29.76,689189,0.0,0.0,0.0,0.1117,0.067
2016-01-06,西部证券,sz002673,30.48,28.8,29.4,29.81,29.76,29.81,567363,0.0,0.0,0.0,0.0564,0.0139
2016-01-07,西部证券,sz002673,29.12,26.83,29.01,26.94,29.81,26.94,168754,0.0,0.0,0.0,0.0768,-0.0713
2016-01-08,西部证券,sz002673,29.63,25.26,27.85,28.4,26.94,28.4,885143,0.0,0.0,0.0,0.1622,0.0197
2016-01-11,西部证券,sz002673,27.49,25.56,26.98,25.56,28.4,25.56,627546,0.0,0.0,0.0,0.0679,-0.0526
2016-01-12,西部证券,sz002673,27.35,25.99,25.99,26.42,25.56,26.42,694862,0.0,0.0,0.0,0.0532,0.0165
2016-01-13,西部证券,sz002673,28.45,26.01,26.72,27.29,26.42,27.29,988684,0.0,0.0,0.0,0.0923,0.0213
2016-01-14,西部证券,sz002673,28.5,25.61,25.9,28.45,27.29,28.45,978235,0.0,0.0,0.0,0.1058,0.0984
2016-01-15,西部证券,sz002673,28.39,26.88,27.98,27.41,28.45,27.41,772498,0.0,0.0,0.0,0.053,-0.0203
2016-01-18,西部证券,sz002673,28.0,26.82,26.82,27.32,27.41,27.32,529642,0.0,0.0,0.0,0.043,0.0186
2016-01-19,西部证券,sz002673,29.95,27.18,27.36,29.19,27.32,29.19,1026744,0.0,0.0,0.0,0.1013,0.0668
2016-01-20,西部证券,sz002673,29.07,28.19,28.51,28.55,29.19,28.55,792066,0.0,0.0,0.0,0.0301,0.0014
2016-01-21,西部证券,sz002673,28.24,25.7,27.2,25.71,28.55,25.71,914584,0.0,0.0,0.0,0.0889,-0.0547
2016-01-22,西部证券,sz002673,26.2,24.31,25.92,25.13,25.71,25.13,666043,0.0,0.0,0.0,0.0735,-0.0304
2016-01-25,西部证券,sz002673,25.49,24.7,25.06,25.01,25.13,25.01,425529,0.0,0.0,0.0,0.0314,-0.0019
2016-01-26,西部证券,sz002673,25.9,23.64,24.73,24.02,25.01,24.02,797529,0.0,0.0,0.0,0.0903,-0.0287
2016-01-27,西部证券,sz002673,24.56,22.6,24.05,24.17,24.02,24.17,694109,0.0,0.0,0.0,0.0815,0.0049
2016-01-28,西部证券,sz002673,24.75,23.0,23.85,23.16,24.17,23.16,600555,0.0,0.0,0.0,0.0724,-0.0289
2016-01-29,西部证券,sz002673,24.58,22.98,23.18,24.15,23.16,24.15,706433,0.0,0.0,0.0,0.069,0.0418
2016-02-01,西部证券,sz002673,24.1,22.37,23.9,22.87,24.15,22.87,454505,0.0,0.0,0.0,0.0716,-0.043
2016-02-02,西部证券,sz002673,23.68,22.94,22.94,23.38,22.87,23.38,419949,0.0,0.0,0.0,0.0323,0.0191
2016-02-03,西部证券,sz002673,22.84,22.01,22.5,22.71,23.38,22.71,497573,0.0,0.0,0.0,0.0355,0.0093
2016-02-04,西部证券,sz002673,23.7,22.68,22.95,23.35,22.71,23.35,631216,0.0,0.0,0.0,0.0449,0.0174
2016-02-05,西部证券,sz002673,23.22,22.35,23.19,22.38,23.35,22.38,410625,0.0,0.0,0.0,0.0372,-0.0349
2016-02-08,西部证券,sz002673,23.22,22.35,23.19,22.38,22.38,22.38,410625,0.0,0.0,0.0,0.0388,-0.0349
2016-02-09,西部证券,sz002673,23.22,22.35,23.19,22.38,22.38,22.38,410625,0.0,0.0,0.0,0.0388,-0.0349
2016-02-10,西部证券,sz002673,23.22,22.35,23.19,22.38,22.38,22.38,410625,0.0,0.0,0.0,0.0388,-0.0349
2016-02-11,西部证券,sz002673,23.22,22.35,23.19,22.38,22.38,22.38,410625,0.0,0.0,0.0,0.0388,-0.0349
2016-02-12,西部证券,sz002673,23.22,22.35,23.19,22.38,22.38,22.38,410625,0.0,0.0,0.0,0.0388,-0.0349
2016-02-15,西部证券,sz002673,22.09,21.11,21.21,21.89,22.38,21.89,292334,0.0,0.0,0.0,0.0437,0.032
2016-02-16,西部证券,sz002673,23.85,22.3,22.45,23.43,21.89,23.43,676153,0.0,0.0,0.0,0.0708,0.0436
2016-02-17,西部证券,sz002673,23.93,23.03,23.19,23.72,23.43,23.72,640071,0.0,0.0,0.0,0.0384,0.0228
2016-02-18,西部证券,sz002673,24.51,23.11,24.01,23.2,23.72,23.2,749153,0.0,0.0,0.0,0.059,-0.0337
2016-02-19,西部证券,sz002673,23.49,22.8,23.1,23.18,23.2,23.18,506446,0.0,0.0,0.0,0.0297,0.0034
2016-02-22,西部证券,sz002673,24.99,23.2,23.55,24.41,23.18,24.41,933767,0.0,0.0,0.0,0.0772,0.0365
2016-02-23,西部证券,sz002673,24.27,23.49,24.26,23.82,24.41,23.82,556189,0.0,0.0,0.0,0.0319,-0.0181
2016-02-24,西部证券,sz002673,24.1,23.11,23.62,23.99,23.82,23.99,520349,0.0,0.0,0.0,0.0415,0.0156
2016-02-25,西部证券,sz002673,24.05,21.59,24.0,21.59,23.99,21.59,660283,0.0,0.0,0.0,0.1025,-0.1004
2016-02-26,西部证券,sz002673,21.87,20.0,21.65,20.74,21.59,20.74,563812,0.0,0.0,0.0,0.0866,-0.042
2016-02-29,西部证券,sz002673,20.44,18.67,20.39,19.22,20.74,19.22,546891,0.0,0.0,0.0,0.0853,-0.0573
2016-03-01,西部证券,sz002673,21.0,18.53,19.22,20.26,19.22,20.26,644045,0.0,0.0,0.0,0.1285,0.0541
2016-03-02,西部证券,sz002673,21.6,19.82,19.9,21.26,20.26,21.26,767700,0.0,0.0,0.0,0.0878,0.0683
2016-03-03,西部证券,sz002673,21.58,20.78,21.08,20.81,21.26,20.81,633158,0.0,0.0,0.0,0.0376,-0.0128
2016-03-04,西部证券,sz002673,21.46,20.33,20.94,20.71,20.81,20.71,689647,0.0,0.0,0.0,0.0543,-0.0109
2016-03-07,西部证券,sz002673,21.55,20.81,20.9,21.0,20.71,21.0,485540,0.0,0.0,0.0,0.0357,0.0047
2016-03-08,西部证券,sz002673,20.86,19.48,20.86,20.64,21.0,20.64,474418,0.0,0.0,0.0,0.0657,-0.0105
2016-03-09,西部证券,sz002673,21.58,19.7,20.0,20.6,20.64,20.6,577646,0.0,0.0,0.0,0.091,0.03
2016-03-10,西部证券,sz002673,20.85,19.8,20.4,19.88,20.6,19.88,411314,0.0,0.0,0.0,0.0509,-0.0254
2016-03-11,西部证券,sz002673,20.68,19.5,19.5,20.13,19.88,20.13,464960,0.0,0.0,0.0,0.0593,0.0323
2016-03-14,西部证券,sz002673,21.21,20.26,20.65,20.5,20.13,20.5,835909,0.0,0.0,0.0,0.0471,-0.0072
2016-03-15,西部证券,sz002673,20.43,19.91,20.37,20.06,20.5,20.06,452024,0.0,0.0,0.0,0.0253,-0.0152
2016-03-16,西部证券,sz002673,20.47,19.71,20.02,19.84,20.06,19.84,394185,0.0,0.0,0.0,0.0378,-0.0089
2016-03-17,西部证券,sz002673,20.98,19.79,19.99,20.58,19.84,20.58,753125,0.0,0.0,0.0,0.0599,0.0295
2016-03-18,西部证券,sz002673,22.64,20.56,20.76,22.64,20.58,22.64,1425737,0.0,0.0,0.0,0.101,0.0905
2016-03-21,西部证券,sz002673,24.9,24.01,24.5,24.9,22.64,24.9,582890,0.0,0.0,0.0,0.0393,0.0163
2016-03-22,西部证券,sz002673,27.39,26.04,26.9,26.6,24.9,26.6,2823697,0.0,0.0,0.0,0.0542,-0.0111
2016-03-23,西部证券,sz002673,29.26,25.67,26.13,29.26,26.6,29.26,2219035,0.0,0.0,0.0,0.1349,0.1197
2016-03-24,西部证券,sz002673,30.37,27.76,27.93,28.37,29.26,28.37,2366453,0.0,0.0,0.0,0.0892,0.0157
2016-03-25,西部证券,sz002673,28.0,26.5,27.5,27.28,28.37,27.28,2789230,0.0,0.0,0.0,0.0528,-0.0079
