2016-03-25
2011-08-08,世纪华通,sz002602,24.57999,22.23,24.21999,22.23,24.69999,6.71398,21915700,0.0,0.0,0.0,0.0951,-0.0821
2011-08-09,世纪华通,sz002602,21.99,20.04999,20.79999,21.36,22.23,6.45122,18713100,0.0,0.0,0.0,0.0872,0.0269
2011-08-10,世纪华通,sz002602,22.25001,21.3,21.87999,21.35001,21.36,6.44821,14297900,0.0,0.0,0.0,0.0444,-0.0242
2011-08-11,世纪华通,sz002602,22.01001,20.31,20.55,21.78,21.35001,6.57807,14835200,0.0,0.0,0.0,0.0796,0.0598
2011-08-12,世纪华通,sz002602,22.91001,21.80001,21.99999,22.26,21.78,6.72304,16261100,0.0,0.0,0.0,0.0509,0.0118
2011-08-15,世纪华通,sz002602,22.65999,22.05,22.14999,22.49001,22.26,6.79251,13222100,0.0,0.0,0.0,0.0274,0.0153
2011-08-16,世纪华通,sz002602,22.89999,22.35,22.5,22.64001,22.49001,6.83782,13126900,0.0,0.0,0.0,0.0244,0.0062
2011-08-17,世纪华通,sz002602,22.74,21.96999,22.58001,22.07001,22.64001,6.66566,10118900,0.0,0.0,0.0,0.034,-0.0225
2011-08-18,世纪华通,sz002602,22.19001,21.3,22.08999,21.51,22.07001,6.49653,8365200,0.0,0.0,0.0,0.0403,-0.0262
2011-08-19,世纪华通,sz002602,22.49001,21.11001,21.11001,22.04001,21.51,6.6566,14784400,0.0,0.0,0.0,0.0641,0.044
2011-08-22,世纪华通,sz002602,22.53,21.84999,21.84999,22.08999,22.04001,6.6717,8912600,0.0,0.0,0.0,0.0308,0.0109
2011-08-23,世纪华通,sz002602,23.00001,22.11,22.11,23.00001,22.08999,6.94654,15893000,0.0,0.0,0.0,0.0402,0.0402
2011-08-24,世纪华通,sz002602,23.19,22.56999,23.19,22.58001,23.00001,6.8197,14460300,0.0,0.0,0.0,0.0269,-0.0263
2011-08-26,世纪华通,sz002602,23.64999,22.85001,22.86,23.31,22.58001,7.04017,19138600,0.0,0.0,0.0,0.0354,0.0196
2011-08-29,世纪华通,sz002602,23.49,23.01,23.39001,23.04999,23.31,6.96164,11192300,0.0,0.0,0.0,0.0205,-0.0145
2011-08-30,世纪华通,sz002602,23.33001,22.44999,23.15001,22.46001,23.04999,6.78345,8913100,0.0,0.0,0.0,0.0381,-0.0298
2011-08-31,世纪华通,sz002602,22.43001,21.51,22.32,21.96999,22.46001,6.63545,8065700,0.0,0.0,0.0,0.0409,-0.0156
2011-09-01,世纪华通,sz002602,22.35,21.72999,22.07001,21.80001,21.96999,6.58412,5589800,0.0,0.0,0.0,0.0282,-0.0122
2011-09-02,世纪华通,sz002602,21.99,21.33,21.99,21.50001,21.80001,6.49351,4423200,0.0,0.0,0.0,0.0302,-0.0222
2011-09-05,世纪华通,sz002602,21.36,20.64999,21.15,20.64999,21.50001,6.23678,4627500,0.0,0.0,0.0,0.033,-0.0236
2011-09-06,世纪华通,sz002602,20.73999,20.22,20.49999,20.34999,20.64999,6.14618,5327400,0.0,0.0,0.0,0.0251,-0.0073
2011-09-07,世纪华通,sz002602,21.05001,20.43999,20.52999,21.03,20.34999,6.35156,5686400,0.0,0.0,0.0,0.0299,0.0243
2011-09-08,世纪华通,sz002602,21.26001,20.57001,21.06,20.57001,21.03,6.21263,5748700,0.0,0.0,0.0,0.0328,-0.0232
2011-09-09,世纪华通,sz002602,20.87001,20.33001,20.55,20.72001,20.57001,6.25793,3753200,0.0,0.0,0.0,0.0262,0.0082
2011-09-13,世纪华通,sz002602,20.43999,19.8,20.43999,19.97001,20.72001,6.03141,4229300,0.0,0.0,0.0,0.0308,-0.0229
2011-09-14,世纪华通,sz002602,20.25,19.74,20.07999,20.25,19.97001,6.11598,3372600,0.0,0.0,0.0,0.0255,0.0084
2011-09-15,世纪华通,sz002602,20.58999,20.15001,20.28,20.31,20.25,6.1341,4696200,0.0,0.0,0.0,0.0217,0.0014
2011-09-16,世纪华通,sz002602,20.55,20.03001,20.46,20.04999,20.31,6.05557,3046600,0.0,0.0,0.0,0.0256,-0.02
2011-09-19,世纪华通,sz002602,20.1,19.37001,20.1,19.37001,20.04999,5.8502,3297400,0.0,0.0,0.0,0.0364,-0.0363
2011-09-20,世纪华通,sz002602,19.62,19.10001,19.37001,19.38999,19.37001,5.85623,2834900,0.0,0.0,0.0,0.0268,0.001
2011-09-21,世纪华通,sz002602,20.09001,19.31001,19.40001,20.01999,19.38999,6.04651,4814800,0.0,0.0,0.0,0.0402,0.0319
2011-09-22,世纪华通,sz002602,20.00001,19.29,19.89,19.29999,20.01999,5.82905,4167700,0.0,0.0,0.0,0.0354,-0.0296
2011-09-23,世纪华通,sz002602,19.28001,18.84,18.99999,19.19001,19.29999,5.79584,3089100,0.0,0.0,0.0,0.0227,0.01
2011-09-26,世纪华通,sz002602,19.41999,18.90999,19.19001,19.05,19.19001,5.75355,2699800,0.0,0.0,0.0,0.0265,-0.0072
2011-09-27,世纪华通,sz002602,19.56,19.08999,19.08999,19.43001,19.05,5.86832,4259900,0.0,0.0,0.0,0.0246,0.0178
2011-09-28,世纪华通,sz002602,19.68999,18.83001,19.50999,18.89001,19.43001,5.70523,3350200,0.0,0.0,0.0,0.0442,-0.0317
2011-09-30,世纪华通,sz002602,18.72,18.17001,18.6,18.35001,18.89001,5.54214,3672700,0.0,0.0,0.0,0.0291,-0.0134
2011-10-10,世纪华通,sz002602,18.6,18.20001,18.6,18.24999,18.35001,5.51193,1848500,0.0,0.0,0.0,0.0217,-0.0188
2011-10-11,世纪华通,sz002602,18.75999,18.20001,18.69,18.3,18.24999,5.52703,2238600,0.0,0.0,0.0,0.0306,-0.0208
2011-10-12,世纪华通,sz002602,18.96999,18.06,18.20001,18.93999,18.3,5.72032,3607400,0.0,0.0,0.0,0.0497,0.0406
2011-10-13,世纪华通,sz002602,19.28001,18.69999,18.9,19.14,18.93999,5.78073,3593000,0.0,0.0,0.0,0.0306,0.0126
2011-10-14,世纪华通,sz002602,19.14,18.74001,19.05999,18.95001,19.14,5.72335,2449200,0.0,0.0,0.0,0.0208,-0.0057
2011-10-17,世纪华通,sz002602,19.77999,18.99999,18.99999,19.65,18.95001,5.93476,6584500,0.0,0.0,0.0,0.0411,0.0342
2011-10-18,世纪华通,sz002602,19.92,18.95001,19.38999,19.05999,19.65,5.75657,6132400,0.0,0.0,0.0,0.0493,-0.017
2011-10-19,世纪华通,sz002602,19.64001,19.08999,19.16001,19.26,19.05999,5.81697,5037800,0.0,0.0,0.0,0.0288,0.0052
2011-10-20,世纪华通,sz002602,19.23999,18.30999,19.20999,18.53001,19.26,5.5965,4244800,0.0,0.0,0.0,0.0482,-0.0353
2011-10-21,世纪华通,sz002602,18.74001,18.18,18.56001,18.18999,18.53001,5.49381,2479400,0.0,0.0,0.0,0.0302,-0.0199
2011-10-24,世纪华通,sz002602,18.57999,17.81001,18.21,18.54,18.18999,5.59952,3049800,0.0,0.0,0.0,0.0423,0.0181
2011-10-25,世纪华通,sz002602,19.11999,17.90001,18.39999,18.92001,18.54,5.71429,9408400,0.0,0.0,0.0,0.0658,0.0282
2011-10-26,世纪华通,sz002602,19.35999,18.57999,18.66999,19.01001,18.92001,5.74147,9239100,0.0,0.0,0.0,0.0412,0.0182
2011-10-27,世纪华通,sz002602,19.32999,18.80001,19.08,18.99,19.01001,5.73543,5638700,0.0,0.0,0.0,0.0278,-0.0047
2011-10-28,世纪华通,sz002602,19.35,18.89001,19.29999,19.34001,18.99,5.84114,16013700,0.0,0.0,0.0,0.0242,0.002
2011-10-31,世纪华通,sz002602,19.37001,19.02999,19.29999,19.25001,19.34001,5.81396,10021300,0.0,0.0,0.0,0.0175,-0.0025
2011-11-01,世纪华通,sz002602,19.95,18.99999,19.02999,19.8,19.25001,5.98007,17699500,0.0,0.0,0.0,0.0493,0.0404
2011-11-02,世纪华通,sz002602,20.37999,19.32,19.37001,20.22999,19.8,6.10993,16664800,0.0,0.0,0.0,0.0535,0.0443
2011-11-03,世纪华通,sz002602,20.46,19.80999,20.31999,19.86999,20.22999,6.00121,14809100,0.0,0.0,0.0,0.0321,-0.0221
2011-11-04,世纪华通,sz002602,20.06001,19.59999,19.98,19.80999,19.86999,5.98308,7754700,0.0,0.0,0.0,0.0231,-0.0085
2011-11-07,世纪华通,sz002602,19.89,19.59,19.68999,19.68999,19.80999,5.94684,5222200,0.0,0.0,0.0,0.0151,0.0
2011-11-08,世纪华通,sz002602,20.01999,19.56,19.80999,19.56,19.68999,5.90758,6311600,0.0,0.0,0.0,0.0233,-0.0126
2011-11-09,世纪华通,sz002602,19.85001,19.37001,19.64001,19.83,19.56,5.98913,5181600,0.0,0.0,0.0,0.0245,0.0096
2011-11-10,世纪华通,sz002602,19.95999,19.47999,19.68,19.59999,19.83,5.91966,7118700,0.0,0.0,0.0,0.0242,-0.004
2011-11-11,世纪华通,sz002602,19.91001,19.53,19.71,19.59999,19.59999,5.91966,4602300,0.0,0.0,0.0,0.0193,-0.0055
2011-11-14,世纪华通,sz002602,20.07999,19.71999,19.76001,20.07999,19.59999,6.06463,8221900,0.0,0.0,0.0,0.0183,0.0161
2011-11-15,世纪华通,sz002602,20.19,19.95999,20.00001,20.06001,20.07999,6.0586,5515200,0.0,0.0,0.0,0.0114,0.0029
2011-11-16,世纪华通,sz002602,20.16,19.01001,20.03001,19.23,20.06001,5.80791,7894900,0.0,0.0,0.0,0.0573,-0.0399
2011-11-17,世纪华通,sz002602,19.46001,18.95001,19.26,19.08999,19.23,5.76563,6207800,0.0,0.0,0.0,0.0265,-0.0088
2011-11-18,世纪华通,sz002602,19.10001,18.29001,18.90999,18.39,19.08999,5.55421,7813900,0.0,0.0,0.0,0.0424,-0.0274
2011-11-21,世纪华通,sz002602,18.51999,18.24,18.48,18.45999,18.39,5.57535,2979800,0.0,0.0,0.0,0.0152,-0.001
2011-11-22,世纪华通,sz002602,18.92001,18.27999,18.36,18.89001,18.45999,5.70523,7455200,0.0,0.0,0.0,0.0346,0.0288
2011-11-23,世纪华通,sz002602,18.87,18.48,18.83001,18.53001,18.89001,5.5965,4838900,0.0,0.0,0.0,0.0206,-0.0159
2011-11-24,世纪华通,sz002602,18.53001,18.12,18.3,18.39999,18.53001,5.55723,3490000,0.0,0.0,0.0,0.0221,0.0054
2011-11-25,世纪华通,sz002602,18.51999,18.15,18.42999,18.18,18.39999,5.49079,2779100,0.0,0.0,0.0,0.0201,-0.0135
2011-11-28,世纪华通,sz002602,18.33,18.06999,18.18,18.15999,18.18,5.48474,2653600,0.0,0.0,0.0,0.0143,-0.0011
2011-11-29,世纪华通,sz002602,18.50001,18.09999,18.36999,18.50001,18.15999,5.58744,5425500,0.0,0.0,0.0,0.022,0.007
2011-11-30,世纪华通,sz002602,18.41001,17.03001,18.39999,17.19,18.50001,5.19179,6378100,0.0,0.0,0.0,0.0745,-0.0657
2011-12-01,世纪华通,sz002602,17.88,17.34999,17.75001,17.36001,17.19,5.24313,6064600,0.0,0.0,0.0,0.0308,-0.0219
2011-12-02,世纪华通,sz002602,17.34999,16.68,17.34999,16.80999,17.36001,5.07701,3970300,0.0,0.0,0.0,0.0385,-0.0311
2011-12-05,世纪华通,sz002602,16.8,16.10001,16.71,16.10001,16.80999,4.86258,3230600,0.0,0.0,0.0,0.0416,-0.0365
2011-12-06,世纪华通,sz002602,16.35999,15.99999,15.99999,16.25001,16.10001,4.90789,2016000,0.0,0.0,0.0,0.0223,0.0156
2011-12-07,世纪华通,sz002602,16.44999,16.19001,16.19001,16.34001,16.25001,4.93507,2747300,0.0,0.0,0.0,0.0159,0.0092
2011-12-08,世纪华通,sz002602,16.58001,15.89001,16.28001,16.35999,16.34001,4.9411,3785500,0.0,0.0,0.0,0.0422,0.0049
2011-12-09,世纪华通,sz002602,16.77999,16.08,16.2,16.56999,16.35999,5.00453,4383300,0.0,0.0,0.0,0.0427,0.0228
2011-12-12,世纪华通,sz002602,16.68,16.40001,16.53999,16.43001,16.56999,4.96225,2616300,0.0,0.0,0.0,0.0168,-0.0066
2011-12-13,世纪华通,sz002602,16.29999,15.0,16.29999,15.53001,16.43001,4.69043,3682300,0.0,0.0,0.0,0.0791,-0.0472
2011-12-14,世纪华通,sz002602,15.6,15.15,15.53001,15.18,15.53001,4.58472,1988600,0.0,0.0,0.0,0.0289,-0.0225
2011-12-15,世纪华通,sz002602,15.24,14.90001,15.06999,14.91999,15.18,4.50619,2850100,0.0,0.0,0.0,0.0223,-0.0099
2011-12-16,世纪华通,sz002602,15.32001,14.79999,15.0,15.21,14.91999,4.59378,3527900,0.0,0.0,0.0,0.0348,0.014
2011-12-19,世纪华通,sz002602,15.45999,14.88,15.18999,15.39,15.21,4.64814,3348500,0.0,0.0,0.0,0.0381,0.0131
2011-12-20,世纪华通,sz002602,15.60999,15.24999,15.24999,15.3,15.39,4.62096,3467000,0.0,0.0,0.0,0.0233,0.0032
2011-12-21,世纪华通,sz002602,15.51999,14.87001,15.45,14.88,15.3,4.49411,2736600,0.0,0.0,0.0,0.0424,-0.0368
2011-12-22,世纪华通,sz002602,14.79999,13.91001,14.79999,14.27001,14.88,4.30988,4327300,0.0,0.0,0.0,0.0598,-0.0358
2011-12-23,世纪华通,sz002602,14.58999,14.19999,14.27001,14.39001,14.27001,4.34612,3315200,0.0,0.0,0.0,0.0273,0.0084
2011-12-26,世纪华通,sz002602,14.52999,14.19999,14.39001,14.19999,14.39001,4.28873,2047100,0.0,0.0,0.0,0.0229,-0.0132
2011-12-27,世纪华通,sz002602,14.72001,13.8,14.28999,14.55,14.19999,4.39444,11572100,0.0,0.0,0.0,0.0647,0.0181
2011-12-28,世纪华通,sz002602,14.48001,13.71,14.4,14.10999,14.55,4.26155,8452900,0.0,0.0,0.0,0.0529,-0.0201
2011-12-29,世纪华通,sz002602,14.19999,13.89,13.89999,14.09001,14.10999,4.25552,4548400,0.0,0.0,0.0,0.0219,0.0136
2011-12-30,世纪华通,sz002602,14.49,14.13,14.15001,14.42001,14.09001,4.35518,5669100,0.0,0.0,0.0,0.0255,0.019
2012-01-02,世纪华通,sz002602,14.49,14.13,14.15001,14.42001,14.42001,4.35518,5669100,0.0,0.0,0.0,0.0249,0.019
2012-01-03,世纪华通,sz002602,14.49,14.13,14.15001,14.42001,14.42001,4.35518,5669100,0.0,0.0,0.0,0.0249,0.019
2012-01-04,世纪华通,sz002602,14.64999,13.79001,14.55,13.79001,14.42001,4.16491,4650700,0.0,0.0,0.0,0.0596,-0.0522
2012-01-05,世纪华通,sz002602,13.67001,12.96,13.65,12.99999,13.79001,3.9263,4531700,0.0,0.0,0.0,0.0514,-0.0476
2012-01-06,世纪华通,sz002602,13.35999,12.9,12.99999,13.26,12.99999,4.00483,3245800,0.0,0.0,0.0,0.0353,0.02
2012-01-09,世纪华通,sz002602,13.83999,13.14,13.26,13.83,13.26,4.17699,4588900,0.0,0.0,0.0,0.0527,0.0429
2012-01-10,世纪华通,sz002602,14.46999,13.71,13.82001,14.34999,13.83,4.33404,6762400,0.0,0.0,0.0,0.0549,0.0383
2012-01-11,世纪华通,sz002602,14.66001,14.12001,14.28999,14.48001,14.34999,4.3733,6740100,0.0,0.0,0.0,0.0376,0.0132
2012-01-12,世纪华通,sz002602,14.73,14.31999,14.48001,14.33001,14.48001,4.328,4941700,0.0,0.0,0.0,0.0283,-0.0103
2012-01-13,世纪华通,sz002602,14.4,13.5,14.34,13.53999,14.33001,4.0894,5256300,0.0,0.0,0.0,0.0628,-0.0557
2012-01-16,世纪华通,sz002602,13.5,13.11,13.32999,13.13001,13.53999,3.96557,2480600,0.0,0.0,0.0,0.0288,-0.015
2012-01-17,世纪华通,sz002602,14.04999,13.13001,13.17999,13.94001,13.13001,4.21021,4013300,0.0,0.0,0.0,0.07,0.0576
2012-01-18,世纪华通,sz002602,14.22,13.65,13.94001,13.70001,13.94001,4.13773,5180400,0.0,0.0,0.0,0.0408,-0.0172
2012-01-19,世纪华通,sz002602,14.16,13.65999,13.73001,14.16,13.70001,4.27665,3170800,0.0,0.0,0.0,0.0364,0.0313
2012-01-20,世纪华通,sz002602,14.25,13.89999,13.98,14.13999,14.16,4.27061,5445500,0.0,0.0,0.0,0.0247,0.0114
2012-01-23,世纪华通,sz002602,14.13999,14.13999,14.13999,14.13999,14.13999,4.27061,0,0.0,0.0,0.0,0.0,0.0
2012-01-24,世纪华通,sz002602,14.13999,14.13999,14.13999,14.13999,14.13999,4.27061,0,0.0,0.0,0.0,0.0,0.0
2012-01-25,世纪华通,sz002602,14.13999,14.13999,14.13999,14.13999,14.13999,4.27061,0,0.0,0.0,0.0,0.0,0.0
2012-01-26,世纪华通,sz002602,14.13999,14.13999,14.13999,14.13999,14.13999,4.27061,0,0.0,0.0,0.0,0.0,0.0
2012-01-27,世纪华通,sz002602,14.13999,14.13999,14.13999,14.13999,14.13999,4.27061,0,0.0,0.0,0.0,0.0,0.0
2012-01-30,世纪华通,sz002602,14.33001,14.00001,14.07999,14.13,14.13999,4.26759,3793700,0.0,0.0,0.0,0.0233,0.0035
2012-01-31,世纪华通,sz002602,14.16999,13.76001,14.07,13.92,14.13,4.20417,3001800,0.0,0.0,0.0,0.029,-0.0106
2012-02-01,世纪华通,sz002602,14.16,13.8,13.94001,13.83,13.92,4.17699,2643000,0.0,0.0,0.0,0.0258,-0.0078
2012-02-02,世纪华通,sz002602,14.04,13.74999,13.89999,14.03001,13.83,4.23739,2969000,0.0,0.0,0.0,0.0209,0.0093
2012-02-03,世纪华通,sz002602,14.43999,13.95,14.04999,14.36001,14.03001,4.33706,5898500,0.0,0.0,0.0,0.0349,0.022
2012-02-06,世纪华通,sz002602,14.55,14.27001,14.4,14.51001,14.36001,4.38236,5277000,0.0,0.0,0.0,0.0194,0.0076
2012-02-07,世纪华通,sz002602,14.45001,14.06001,14.45001,14.13999,14.51001,4.27061,4075100,0.0,0.0,0.0,0.0268,-0.0214
2012-02-08,世纪华通,sz002602,14.57001,14.10999,14.13999,14.48001,14.13999,4.3733,4738700,0.0,0.0,0.0,0.0325,0.024
2012-02-09,世纪华通,sz002602,14.81001,14.48001,14.48001,14.58,14.48001,4.4035,7072500,0.0,0.0,0.0,0.0227,0.0069
2012-02-10,世纪华通,sz002602,14.79999,14.49999,14.52999,14.69001,14.58,4.43673,5142200,0.0,0.0,0.0,0.0205,0.011
2012-02-13,世纪华通,sz002602,14.97,14.55,14.67,14.90001,14.69001,4.50015,5926900,0.0,0.0,0.0,0.0285,0.0156
2012-02-14,世纪华通,sz002602,14.99001,14.67,14.79999,14.78001,14.90001,4.46391,4449900,0.0,0.0,0.0,0.0214,-0.0013
2012-02-15,世纪华通,sz002602,15.09999,14.66001,14.73999,15.08001,14.78001,4.55452,6032400,0.0,0.0,0.0,0.0297,0.023
2012-02-16,世纪华通,sz002602,15.20001,14.79,15.08001,15.0,15.08001,4.53035,6632400,0.0,0.0,0.0,0.0271,-0.0053
2012-02-17,世纪华通,sz002602,15.32001,14.91,15.03,15.03999,15.0,4.54243,5970300,0.0,0.0,0.0,0.0273,6.0E-4
2012-02-20,世纪华通,sz002602,15.27,15.03,15.24999,15.03,15.03999,4.53941,4851100,0.0,0.0,0.0,0.0159,-0.0144
2012-02-21,世纪华通,sz002602,15.14001,14.78001,15.06999,15.14001,15.03,4.57264,4982300,0.0,0.0,0.0,0.0239,0.0046
2012-02-22,世纪华通,sz002602,15.57999,15.14001,15.15,15.54,15.14001,4.69345,8989800,0.0,0.0,0.0,0.029,0.0257
2012-02-23,世纪华通,sz002602,16.08999,15.50001,15.6,15.78,15.54,4.76593,9439700,0.0,0.0,0.0,0.0379,0.0115
2012-02-24,世纪华通,sz002602,15.98001,15.63,15.80001,15.87999,15.78,4.79613,6622700,0.0,0.0,0.0,0.0221,0.005
2012-02-27,世纪华通,sz002602,16.2,15.72,15.93,15.72999,15.87999,4.75083,8994300,0.0,0.0,0.0,0.0302,-0.0125
2012-02-28,世纪华通,sz002602,15.84999,15.21999,15.80001,15.53001,15.72999,4.69043,8456400,0.0,0.0,0.0,0.04,-0.017
2012-02-29,世纪华通,sz002602,15.68001,15.35001,15.42999,15.44001,15.53001,4.66325,4864800,0.0,0.0,0.0,0.0212,6.0E-4
2012-03-01,世纪华通,sz002602,15.57,15.36,15.39999,15.45,15.44001,4.66626,3609200,0.0,0.0,0.0,0.0136,0.0032
2012-03-02,世纪华通,sz002602,15.93,15.48,15.48,15.84999,15.45,4.78707,6451300,0.0,0.0,0.0,0.0291,0.0239
2012-03-05,世纪华通,sz002602,16.02999,15.72999,15.86001,15.75,15.84999,4.75687,5916000,0.0,0.0,0.0,0.0189,-0.0069
2012-03-06,世纪华通,sz002602,15.78,15.39,15.68001,15.47001,15.75,4.67231,4780600,0.0,0.0,0.0,0.0247,-0.0133
2012-03-07,世纪华通,sz002602,15.62001,15.29001,15.29001,15.39999,15.47001,4.65116,4228800,0.0,0.0,0.0,0.0213,0.0071
2012-03-08,世纪华通,sz002602,16.35,15.51,15.54,16.23999,15.39999,4.90486,11882300,0.0,0.0,0.0,0.0545,0.045
2012-03-09,世纪华通,sz002602,16.32999,16.07001,16.23999,16.29999,16.23999,4.92298,9947600,0.0,0.0,0.0,0.016,0.0036
2012-03-12,世纪华通,sz002602,16.53999,16.16001,16.28001,16.44,16.29999,4.96527,7261300,0.0,0.0,0.0,0.0233,0.0098
2012-03-13,世纪华通,sz002602,16.70001,16.22001,16.43001,16.68999,16.44,5.04077,7579000,0.0,0.0,0.0,0.0291,0.0158
2012-03-14,世纪华通,sz002602,17.04999,15.66,16.70001,15.83001,16.68999,4.78104,13647800,0.0,0.0,0.0,0.0832,-0.052
2012-03-15,世纪华通,sz002602,16.11999,15.48999,15.87999,15.75,15.83001,4.75687,5969100,0.0,0.0,0.0,0.0397,-0.0081
2012-03-16,世纪华通,sz002602,16.08,15.65001,15.84999,16.02999,15.75,4.84143,5011000,0.0,0.0,0.0,0.0273,0.0113
2012-03-19,世纪华通,sz002602,16.58001,15.99999,16.02,16.46001,16.02999,4.97131,5912200,0.0,0.0,0.0,0.0361,0.0274
2012-03-20,世纪华通,sz002602,17.18001,16.29999,16.29999,16.62999,16.46001,5.02265,17946200,0.0,0.0,0.0,0.0534,0.0202
2012-03-21,世纪华通,sz002602,16.95,16.29,16.67001,16.80999,16.62999,5.07701,8222900,0.0,0.0,0.0,0.0396,0.0083
2012-03-22,世纪华通,sz002602,16.76001,16.43001,16.67001,16.58001,16.80999,5.00755,4191000,0.0,0.0,0.0,0.0196,-0.0053
2012-03-23,世纪华通,sz002602,16.52001,15.9,16.5,16.02,16.58001,4.83842,6160700,0.0,0.0,0.0,0.0373,-0.029
2012-03-26,世纪华通,sz002602,16.08,15.75,15.99999,15.84,16.02,4.78405,3529200,0.0,0.0,0.0,0.0205,-0.0099
2012-03-27,世纪华通,sz002602,16.2,15.86001,15.86001,16.01001,15.84,4.8354,3794100,0.0,0.0,0.0,0.0214,0.0094
2012-03-28,世纪华通,sz002602,15.90999,14.99001,15.90999,15.0,16.01001,4.53035,5195300,0.0,0.0,0.0,0.0574,-0.0571
2012-03-29,世纪华通,sz002602,14.90001,14.31999,14.85,14.4,15.0,4.34914,3797400,0.0,0.0,0.0,0.0386,-0.0303
2012-03-30,世纪华通,sz002602,14.58,14.01,14.40999,14.16999,14.4,4.27967,2515800,0.0,0.0,0.0,0.0395,-0.0166
2012-04-02,世纪华通,sz002602,14.16999,14.16999,14.16999,14.16999,14.16999,4.27967,0,0.0,0.0,0.0,0.0,0.0
2012-04-03,世纪华通,sz002602,14.16999,14.16999,14.16999,14.16999,14.16999,4.27967,0,0.0,0.0,0.0,0.0,0.0
2012-04-04,世纪华通,sz002602,14.16999,14.16999,14.16999,14.16999,14.16999,4.27967,0,0.0,0.0,0.0,0.0,0.0
2012-04-05,世纪华通,sz002602,14.67999,14.10999,14.16999,14.66001,14.16999,4.42767,2986200,0.0,0.0,0.0,0.0402,0.0345
2012-04-06,世纪华通,sz002602,15.09,14.49999,14.66001,14.93001,14.66001,4.50921,3278000,0.0,0.0,0.0,0.0402,0.0184
2012-04-09,世纪华通,sz002602,14.93001,14.64999,14.75001,14.70999,14.93001,4.44276,1624100,0.0,0.0,0.0,0.0187,-0.0027
2012-04-10,世纪华通,sz002602,15.6,14.19999,14.66001,15.51999,14.70999,4.6874,3086900,0.0,0.0,0.0,0.0951,0.0586
2012-04-11,世纪华通,sz002602,15.65001,15.12,15.26001,15.39999,15.51999,4.65116,2813400,0.0,0.0,0.0,0.0341,0.0091
2012-04-12,世纪华通,sz002602,15.63999,15.27,15.60999,15.59001,15.39999,4.70855,2887700,0.0,0.0,0.0,0.024,-0.0012
2012-04-13,世纪华通,sz002602,15.75,15.48,15.69,15.66,15.59001,4.72969,3662400,0.0,0.0,0.0,0.0173,-0.0019
2012-04-16,世纪华通,sz002602,15.78,15.51,15.62001,15.57,15.66,4.70251,2184400,0.0,0.0,0.0,0.0172,-0.0032
2012-04-17,世纪华通,sz002602,15.60999,14.96001,15.57,15.15,15.57,4.57566,3178900,0.0,0.0,0.0,0.0417,-0.0269
2012-04-18,世纪华通,sz002602,15.62001,15.06,15.15999,15.50001,15.15,4.68137,2277300,0.0,0.0,0.0,0.0369,0.0224
2012-04-19,世纪华通,sz002602,15.63,15.45,15.50001,15.54,15.50001,4.69345,2068600,0.0,0.0,0.0,0.0116,0.0025
2012-04-20,世纪华通,sz002602,15.81999,15.48,15.51999,15.68001,15.54,4.73573,3948700,0.0,0.0,0.0,0.0218,0.0103
2012-04-23,世纪华通,sz002602,15.80001,14.94999,15.68001,15.21999,15.68001,4.5968,5699600,0.0,0.0,0.0,0.0542,-0.0293
2012-04-24,世纪华通,sz002602,15.20001,14.21001,15.11001,14.60001,15.21999,4.40955,5881600,0.0,0.0,0.0,0.065,-0.0337
2012-04-25,世纪华通,sz002602,14.79999,14.24001,14.49999,14.78001,14.60001,4.46391,3539100,0.0,0.0,0.0,0.0383,0.0193
2012-04-26,世纪华通,sz002602,14.85,14.55999,14.85,14.57001,14.78001,4.40049,2595400,0.0,0.0,0.0,0.0196,-0.0188
2012-04-27,世纪华通,sz002602,14.76,14.51001,14.66001,14.64999,14.57001,4.42464,1448400,0.0,0.0,0.0,0.0171,-6.0E-4
2012-04-30,世纪华通,sz002602,14.64999,14.64999,14.64999,14.64999,14.64999,4.42464,0,0.0,0.0,0.0,0.0,0.0
2012-05-01,世纪华通,sz002602,14.64999,14.64999,14.64999,14.64999,14.64999,4.42464,0,0.0,0.0,0.0,0.0,0.0
2012-05-02,世纪华通,sz002602,14.91999,14.70999,14.79999,14.85,14.64999,4.48505,2356700,0.0,0.0,0.0,0.0143,0.0033
2012-05-03,世纪华通,sz002602,14.93001,14.72001,14.85,14.85,14.85,4.48505,2828000,0.0,0.0,0.0,0.0141,0.0
2012-05-04,世纪华通,sz002602,14.94999,14.76999,14.94999,14.93001,14.85,4.50921,2414400,0.0,0.0,0.0,0.0121,-0.0013
2012-05-07,世纪华通,sz002602,15.96999,14.64999,14.88999,15.90999,14.93001,4.80519,14150100,0.0,0.0,0.0,0.0884,0.0685
2012-05-08,世纪华通,sz002602,16.71,15.56001,15.69,16.11999,15.90999,4.86862,20348700,0.0,0.0,0.0,0.0722,0.0274
2012-05-09,世纪华通,sz002602,15.95001,15.54999,15.89001,15.57999,16.11999,4.70552,7166000,0.0,0.0,0.0,0.0248,-0.0195
2012-05-10,世纪华通,sz002602,15.93,15.54999,15.56001,15.65001,15.57999,4.72667,4134200,0.0,0.0,0.0,0.0243,0.0057
2012-05-11,世纪华通,sz002602,15.80001,15.42,15.65001,15.42,15.65001,4.6572,3473300,0.0,0.0,0.0,0.0242,-0.0146
2012-05-14,世纪华通,sz002602,15.42,15.42,15.42,15.42,15.42,4.6572,0,0.0,0.0,0.0,0.0,0.0
2012-05-15,世纪华通,sz002602,15.24999,14.79999,15.23001,14.97,15.42,4.52129,4210000,0.0,0.0,0.0,0.0291,-0.017
2012-05-16,世纪华通,sz002602,15.09,14.82999,14.96001,14.84001,14.97,4.48203,2279000,0.0,0.0,0.0,0.0173,-0.008
2012-05-17,世纪华通,sz002602,15.09999,14.79999,14.82,15.09,14.84001,4.55754,2425200,0.0,0.0,0.0,0.0202,0.0182
2012-05-18,世纪华通,sz002602,15.17001,14.82,14.97999,14.91,15.09,4.50317,2338700,0.0,0.0,0.0,0.0231,-0.0046
2012-05-21,世纪华通,sz002602,15.20001,14.81001,14.88,14.91999,14.91,4.50619,1441200,0.0,0.0,0.0,0.0261,0.0026
2012-05-22,世纪华通,sz002602,15.12,14.96001,15.06999,15.06999,14.91999,4.55149,1974400,0.0,0.0,0.0,0.0107,0.0
2012-05-23,世纪华通,sz002602,15.21,14.90001,15.08001,15.05001,15.06999,4.54546,2072500,0.0,0.0,0.0,0.0205,-0.0019
2012-05-24,世纪华通,sz002602,15.15,14.73,15.05001,14.79,15.05001,4.46693,2255000,0.0,0.0,0.0,0.0279,-0.0172
2012-05-25,世纪华通,sz002602,14.79999,14.31999,14.79,14.49999,14.79,4.37934,3902300,0.0,0.0,0.0,0.0324,-0.0196
2012-05-28,世纪华通,sz002602,14.64999,14.16999,14.46999,14.57001,14.49999,4.40049,2729900,0.0,0.0,0.0,0.0331,0.0069
2012-05-29,世纪华通,sz002602,14.82,14.55999,14.64,14.75001,14.57001,4.45485,2799300,0.0,0.0,0.0,0.0178,0.0075
2012-05-30,世纪华通,sz002602,14.78001,14.61999,14.76999,14.70999,14.75001,4.44276,2137400,0.0,0.0,0.0,0.0108,-0.004
2012-05-31,世纪华通,sz002602,15.11001,14.69001,14.69001,15.0,14.70999,4.53035,3765600,0.0,0.0,0.0,0.0285,0.0211
2012-06-01,世纪华通,sz002602,15.12,14.88999,14.97999,15.05001,15.0,4.54546,2071600,0.0,0.0,0.0,0.0153,0.0046
2012-06-04,世纪华通,sz002602,14.88999,14.60001,14.88999,14.61,15.05001,4.41256,2544900,0.0,0.0,0.0,0.0192,-0.0188
2012-06-05,世纪华通,sz002602,14.78001,14.55,14.55,14.64,14.61,4.42163,1146700,0.0,0.0,0.0,0.0157,0.0061
2012-06-06,世纪华通,sz002602,14.84001,14.55,14.76,14.57001,14.64,4.40049,1931500,0.0,0.0,0.0,0.0198,-0.0128
2012-06-07,世纪华通,sz002602,9.6,9.1,9.59,9.12,14.57001,4.4037,2623900,0.0,0.0,0.0,0.0343,-0.049
2012-06-08,世纪华通,sz002602,9.22,8.91,9.19,8.93,9.12,4.31196,2118800,0.0,0.0,0.0,0.0339,-0.0282
2012-06-11,世纪华通,sz002602,9.08,8.9,8.95,9.04,8.93,4.36507,1408100,0.0,0.0,0.0,0.0201,0.01
2012-06-12,世纪华通,sz002602,9.03,8.89,9.03,8.93,9.04,4.31196,852700,0.0,0.0,0.0,0.0154,-0.011
2012-06-13,世纪华通,sz002602,9.05,8.93,8.93,9.03,8.93,4.36024,2108400,0.0,0.0,0.0,0.0134,0.0111
2012-06-14,世纪华通,sz002602,9.16,9.0,9.04,9.05,9.03,4.3699,2212800,0.0,0.0,0.0,0.0177,0.0011
2012-06-15,世纪华通,sz002602,9.11,8.95,9.09,9.08,9.05,4.38439,1387900,0.0,0.0,0.0,0.0176,-0.0011
2012-06-18,世纪华通,sz002602,9.22,9.03,9.08,9.2,9.08,4.44233,1574800,0.0,0.0,0.0,0.0209,0.0132
2012-06-19,世纪华通,sz002602,9.2,9.12,9.2,9.13,9.2,4.40853,1004200,0.0,0.0,0.0,0.0086,-0.0076
2012-06-20,世纪华通,sz002602,9.22,9.11,9.15,9.16,9.13,4.42302,1276600,0.0,0.0,0.0,0.012,0.001
2012-06-21,世纪华通,sz002602,9.17,8.95,9.14,8.99,9.16,4.34093,1316400,0.0,0.0,0.0,0.024,-0.0164
2012-06-22,世纪华通,sz002602,8.99,8.99,8.99,8.99,8.99,4.34093,0,0.0,0.0,0.0,0.0,0.0
2012-06-25,世纪华通,sz002602,9.0,8.72,8.97,8.77,8.99,4.2347,1161100,0.0,0.0,0.0,0.0311,-0.0222
2012-06-26,世纪华通,sz002602,8.84,8.7,8.73,8.81,8.77,4.25402,914800,0.0,0.0,0.0,0.0159,0.0091
2012-06-27,世纪华通,sz002602,9.0,8.74,8.87,8.76,8.81,4.22987,921700,0.0,0.0,0.0,0.0295,-0.0124
2012-06-28,世纪华通,sz002602,8.81,8.56,8.75,8.57,8.76,4.13813,1282900,0.0,0.0,0.0,0.0285,-0.0205
2012-06-29,世纪华通,sz002602,8.67,8.39,8.6,8.65,8.57,4.17676,1220400,0.0,0.0,0.0,0.0326,0.0058
2012-07-02,世纪华通,sz002602,8.69,8.59,8.69,8.64,8.65,4.17193,1185800,0.0,0.0,0.0,0.0115,-0.0057
2012-07-03,世纪华通,sz002602,8.68,8.56,8.66,8.6,8.64,4.15261,1531400,0.0,0.0,0.0,0.0138,-0.0069
2012-07-04,世纪华通,sz002602,8.64,8.48,8.64,8.49,8.6,4.0995,1539500,0.0,0.0,0.0,0.0186,-0.0173
2012-07-05,世纪华通,sz002602,8.45,8.08,8.41,8.11,8.49,3.91601,2257900,0.0,0.0,0.0,0.0435,-0.0356
2012-07-06,世纪华通,sz002602,8.19,7.93,8.18,8.16,8.11,3.94015,2274200,0.0,0.0,0.0,0.032,-0.0024
2012-07-09,世纪华通,sz002602,8.19,7.71,8.06,7.76,8.16,3.74701,2082200,0.0,0.0,0.0,0.0588,-0.0372
2012-07-10,世纪华通,sz002602,7.79,7.63,7.73,7.7,7.76,3.71804,2075600,0.0,0.0,0.0,0.0206,-0.0038
2012-07-11,世纪华通,sz002602,7.73,7.6,7.6,7.69,7.7,3.71321,1253900,0.0,0.0,0.0,0.0168,0.0118
2012-07-12,世纪华通,sz002602,7.82,7.59,7.62,7.74,7.69,3.73735,2514200,0.0,0.0,0.0,0.0299,0.0157
2012-07-13,世纪华通,sz002602,7.75,7.52,7.73,7.52,7.74,3.63112,2612700,0.0,0.0,0.0,0.0297,-0.0271
2012-07-16,世纪华通,sz002602,7.52,6.92,7.52,6.96,7.52,3.36072,3242900,0.0,0.0,0.0,0.0797,-0.0744
2012-07-17,世纪华通,sz002602,7.07,6.9,6.93,7.02,6.96,3.38969,1481300,0.0,0.0,0.0,0.0244,0.0129
2012-07-18,世纪华通,sz002602,7.04,6.88,7.02,7.04,7.02,3.39935,2133800,0.0,0.0,0.0,0.0227,0.0028
2012-07-19,世纪华通,sz002602,7.28,6.97,7.0,7.16,7.04,3.45729,3304100,0.0,0.0,0.0,0.044,0.0228
2012-07-20,世纪华通,sz002602,7.22,7.12,7.17,7.18,7.16,3.46695,2051200,0.0,0.0,0.0,0.0139,0.0013
2012-07-23,世纪华通,sz002602,7.1,6.97,7.1,7.0,7.18,3.38003,1971000,0.0,0.0,0.0,0.0181,-0.014
2012-07-24,世纪华通,sz002602,7.12,6.97,6.98,7.11,7.0,3.43315,1596000,0.0,0.0,0.0,0.0214,0.0186
2012-07-25,世纪华通,sz002602,7.13,7.03,7.08,7.05,7.11,3.40418,1241600,0.0,0.0,0.0,0.014,-0.0042
2012-07-26,世纪华通,sz002602,7.15,7.02,7.05,7.06,7.05,3.40901,1506400,0.0,0.0,0.0,0.0184,0.0014
2012-07-27,世纪华通,sz002602,7.11,7.01,7.02,7.03,7.06,3.39452,1498600,0.0,0.0,0.0,0.0141,0.0014
2012-07-30,世纪华通,sz002602,7.13,6.81,7.06,6.85,7.03,3.30761,1709800,0.0,0.0,0.0,0.0455,-0.0297
2012-07-31,世纪华通,sz002602,6.86,6.63,6.78,6.84,6.85,3.30278,2061800,0.0,0.0,0.0,0.0335,0.0088
2012-08-01,世纪华通,sz002602,6.97,6.78,6.81,6.91,6.84,3.33658,2444900,0.0,0.0,0.0,0.0277,0.0146
2012-08-02,世纪华通,sz002602,6.86,6.71,6.85,6.74,6.91,3.25449,1714800,0.0,0.0,0.0,0.0217,-0.016
2012-08-03,世纪华通,sz002602,6.91,6.7,6.75,6.88,6.74,3.32209,1887700,0.0,0.0,0.0,0.0311,0.0192
2012-08-06,世纪华通,sz002602,7.05,6.82,6.86,7.04,6.88,3.39935,2453400,0.0,0.0,0.0,0.0334,0.0262
2012-08-07,世纪华通,sz002602,7.18,7.02,7.04,7.18,7.04,3.46695,3689600,0.0,0.0,0.0,0.0227,0.0198
2012-08-08,世纪华通,sz002602,7.24,7.09,7.16,7.15,7.18,3.45246,2483100,0.0,0.0,0.0,0.0208,-0.0013
2012-08-09,世纪华通,sz002602,7.38,7.12,7.15,7.34,7.15,3.54421,3370900,0.0,0.0,0.0,0.0363,0.0265
2012-08-10,世纪华通,sz002602,7.49,7.25,7.34,7.4,7.34,3.57318,3329400,0.0,0.0,0.0,0.0326,0.0081
2012-08-13,世纪华通,sz002602,7.45,7.11,7.38,7.13,7.4,3.44281,2717900,0.0,0.0,0.0,0.0459,-0.0338
2012-08-14,世纪华通,sz002602,7.24,7.03,7.11,7.23,7.13,3.49109,1733300,0.0,0.0,0.0,0.0294,0.0168
2012-08-15,世纪华通,sz002602,7.22,7.08,7.17,7.08,7.23,3.41866,1790000,0.0,0.0,0.0,0.0193,-0.0125
2012-08-16,世纪华通,sz002602,7.14,7.03,7.03,7.07,7.08,3.41384,1086400,0.0,0.0,0.0,0.0155,0.0056
2012-08-17,世纪华通,sz002602,7.14,7.06,7.07,7.14,7.07,3.44764,1332900,0.0,0.0,0.0,0.0113,0.0099
2012-08-20,世纪华通,sz002602,7.19,7.03,7.12,7.17,7.14,3.46212,1505600,0.0,0.0,0.0,0.0224,0.007
2012-08-21,世纪华通,sz002602,7.39,7.14,7.15,7.3,7.17,3.52489,2863700,0.0,0.0,0.0,0.0348,0.0209
2012-08-22,世纪华通,sz002602,7.44,7.23,7.3,7.26,7.3,3.50558,2398200,0.0,0.0,0.0,0.0287,-0.0054
2012-08-23,世纪华通,sz002602,7.58,7.22,7.26,7.48,7.26,3.61181,3386400,0.0,0.0,0.0,0.0495,0.0303
2012-08-24,世纪华通,sz002602,7.48,7.27,7.48,7.28,7.48,3.51524,1974700,0.0,0.0,0.0,0.028,-0.0267
2012-08-27,世纪华通,sz002602,7.19,6.97,7.19,7.01,7.28,3.38486,2085300,0.0,0.0,0.0,0.0302,-0.025
2012-08-28,世纪华通,sz002602,7.12,6.95,6.98,7.07,7.01,3.41384,1422700,0.0,0.0,0.0,0.0242,0.0128
2012-08-29,世纪华通,sz002602,7.15,6.97,7.03,7.08,7.07,3.41866,1479100,0.0,0.0,0.0,0.0254,0.0071
2012-08-30,世纪华通,sz002602,7.08,6.74,7.03,6.88,7.08,3.32209,2035100,0.0,0.0,0.0,0.048,-0.0213
2012-08-31,世纪华通,sz002602,6.94,6.81,6.81,6.88,6.88,3.32209,983300,0.0,0.0,0.0,0.0188,0.0102
2012-09-03,世纪华通,sz002602,7.03,6.75,6.88,7.03,6.88,3.39452,1429200,0.0,0.0,0.0,0.0406,0.0218
2012-09-04,世纪华通,sz002602,7.5,6.98,6.98,7.31,7.03,3.52972,5905900,0.0,0.0,0.0,0.0739,0.0472
2012-09-05,世纪华通,sz002602,7.36,7.15,7.34,7.29,7.31,3.52006,3654900,0.0,0.0,0.0,0.0287,-0.0068
2012-09-06,世纪华通,sz002602,7.38,7.24,7.26,7.37,7.29,3.55869,2931500,0.0,0.0,0.0,0.0192,0.0151
2012-09-07,世纪华通,sz002602,7.68,7.38,7.38,7.56,7.37,3.65044,5381900,0.0,0.0,0.0,0.0407,0.0243
2012-09-10,世纪华通,sz002602,7.85,7.53,7.55,7.76,7.56,3.74701,5688800,0.0,0.0,0.0,0.0423,0.0278
2012-09-11,世纪华通,sz002602,7.75,7.62,7.68,7.74,7.76,3.73735,2593000,0.0,0.0,0.0,0.0167,0.0078
2012-09-12,世纪华通,sz002602,7.84,7.61,7.72,7.72,7.74,3.7277,2551900,0.0,0.0,0.0,0.0297,0.0
2012-09-13,世纪华通,sz002602,7.73,7.48,7.73,7.49,7.72,3.61664,2639900,0.0,0.0,0.0,0.0323,-0.031
2012-09-14,世纪华通,sz002602,7.59,7.42,7.56,7.51,7.49,3.62629,2419300,0.0,0.0,0.0,0.0226,-0.0066
2012-09-17,世纪华通,sz002602,8.21,7.5,7.53,7.74,7.51,3.73735,10411600,0.0,0.0,0.0,0.0945,0.0278
2012-09-18,世纪华通,sz002602,7.78,7.4,7.59,7.63,7.74,3.68424,5503400,0.0,0.0,0.0,0.049,0.0052
2012-09-19,世纪华通,sz002602,7.63,7.43,7.59,7.54,7.63,3.64078,2818100,0.0,0.0,0.0,0.0262,-0.0065
2012-09-20,世纪华通,sz002602,7.51,7.03,7.51,7.08,7.54,3.41866,3424300,0.0,0.0,0.0,0.0636,-0.0572
2012-09-21,世纪华通,sz002602,7.15,7.02,7.04,7.03,7.08,3.39452,1724400,0.0,0.0,0.0,0.0183,-0.0014
2012-09-24,世纪华通,sz002602,7.15,6.92,6.94,7.1,7.03,3.42832,1378400,0.0,0.0,0.0,0.0327,0.023
2012-09-25,世纪华通,sz002602,7.13,7.0,7.05,7.04,7.1,3.39935,916500,0.0,0.0,0.0,0.0183,-0.0014
2012-09-26,世纪华通,sz002602,7.08,6.86,7.07,6.89,7.04,3.32692,991200,0.0,0.0,0.0,0.0312,-0.0254
2012-09-27,世纪华通,sz002602,7.13,6.89,6.9,7.08,6.89,3.41866,1169200,0.0,0.0,0.0,0.0348,0.026
2012-09-28,世纪华通,sz002602,7.23,7.07,7.08,7.21,7.08,3.48144,1220800,0.0,0.0,0.0,0.0225,0.0183
2012-10-01,世纪华通,sz002602,7.21,7.21,7.21,7.21,7.21,3.48144,0,0.0,0.0,0.0,0.0,0.0
2012-10-02,世纪华通,sz002602,7.21,7.21,7.21,7.21,7.21,3.48144,0,0.0,0.0,0.0,0.0,0.0
2012-10-03,世纪华通,sz002602,7.21,7.21,7.21,7.21,7.21,3.48144,0,0.0,0.0,0.0,0.0,0.0
2012-10-04,世纪华通,sz002602,7.21,7.21,7.21,7.21,7.21,3.48144,0,0.0,0.0,0.0,0.0,0.0
2012-10-05,世纪华通,sz002602,7.21,7.21,7.21,7.21,7.21,3.48144,0,0.0,0.0,0.0,0.0,0.0
2012-10-08,世纪华通,sz002602,7.27,7.09,7.21,7.13,7.21,3.44281,1320200,0.0,0.0,0.0,0.0249,-0.011
2012-10-09,世纪华通,sz002602,7.33,7.13,7.13,7.33,7.13,3.53938,1884900,0.0,0.0,0.0,0.028,0.028
2012-10-10,世纪华通,sz002602,8.06,7.28,7.28,8.06,7.33,3.89187,7155700,0.0,0.0,0.0,0.1064,0.1071
2012-10-11,世纪华通,sz002602,8.66,7.85,8.5,7.89,8.06,3.80978,22658200,0.0,0.0,0.0,0.1004,-0.0717
2012-10-12,世纪华通,sz002602,7.83,7.52,7.68,7.7,7.89,3.71804,9716700,0.0,0.0,0.0,0.0392,0.0026
2012-10-15,世纪华通,sz002602,7.66,7.45,7.66,7.52,7.7,3.63112,4014200,0.0,0.0,0.0,0.0272,-0.0182
2012-10-16,世纪华通,sz002602,7.63,7.46,7.52,7.54,7.52,3.64078,3337900,0.0,0.0,0.0,0.0226,0.0026
2012-10-17,世纪华通,sz002602,7.76,7.47,7.53,7.71,7.54,3.72287,5060600,0.0,0.0,0.0,0.0384,0.0239
2012-10-18,世纪华通,sz002602,7.8,7.6,7.7,7.75,7.71,3.74218,5211500,0.0,0.0,0.0,0.0259,0.0064
2012-10-19,世纪华通,sz002602,7.77,7.58,7.67,7.63,7.75,3.68424,3336700,0.0,0.0,0.0,0.0245,-0.0052
2012-10-22,世纪华通,sz002602,7.65,7.48,7.59,7.64,7.63,3.68907,2533000,0.0,0.0,0.0,0.0222,0.0065
2012-10-23,世纪华通,sz002602,7.74,7.56,7.58,7.57,7.64,3.65527,2973400,0.0,0.0,0.0,0.0235,-0.0013
2012-10-24,世纪华通,sz002602,7.66,7.51,7.57,7.58,7.57,3.66009,2233100,0.0,0.0,0.0,0.0198,0.0013
2012-10-25,世纪华通,sz002602,7.73,7.28,7.7,7.29,7.58,3.52006,4277500,0.0,0.0,0.0,0.0593,-0.0532
2012-10-26,世纪华通,sz002602,7.33,7.06,7.31,7.09,7.29,3.42349,3164700,0.0,0.0,0.0,0.037,-0.03
2012-10-29,世纪华通,sz002602,7.18,7.05,7.16,7.11,7.09,3.43315,1503100,0.0,0.0,0.0,0.0183,-0.0069
2012-10-30,世纪华通,sz002602,7.21,7.06,7.13,7.15,7.11,3.45246,1491900,0.0,0.0,0.0,0.021,0.0028
2012-10-31,世纪华通,sz002602,7.16,7.07,7.15,7.13,7.15,3.44281,1921400,0.0,0.0,0.0,0.0125,-0.0027
2012-11-01,世纪华通,sz002602,7.31,7.13,7.13,7.28,7.13,3.51524,2305900,0.0,0.0,0.0,0.0252,0.021
2012-11-02,世纪华通,sz002602,7.38,7.23,7.29,7.3,7.28,3.52489,1593100,0.0,0.0,0.0,0.0206,0.0013
2012-11-05,世纪华通,sz002602,7.34,7.21,7.3,7.31,7.3,3.52972,1640600,0.0,0.0,0.0,0.0178,0.0013
2012-11-06,世纪华通,sz002602,7.3,7.11,7.29,7.19,7.31,3.47178,1731200,0.0,0.0,0.0,0.0259,-0.0137
2012-11-07,世纪华通,sz002602,7.29,7.13,7.13,7.24,7.19,3.49592,1882800,0.0,0.0,0.0,0.0222,0.0154
2012-11-08,世纪华通,sz002602,7.19,7.04,7.19,7.05,7.24,3.40418,1949400,0.0,0.0,0.0,0.0207,-0.0194
2012-11-09,世纪华通,sz002602,7.13,6.97,7.13,6.99,7.05,3.37521,1386000,0.0,0.0,0.0,0.0226,-0.0196
2012-11-12,世纪华通,sz002602,7.09,6.99,7.09,7.06,6.99,3.40901,791500,0.0,0.0,0.0,0.0143,-0.0042
2012-11-13,世纪华通,sz002602,7.07,6.98,7.07,7.0,7.06,3.38003,905100,0.0,0.0,0.0,0.0127,-0.0099
2012-11-14,世纪华通,sz002602,7.03,6.9,7.03,7.0,7.0,3.38003,799700,0.0,0.0,0.0,0.0185,-0.0042
2012-11-15,世纪华通,sz002602,6.96,6.81,6.93,6.81,7.0,3.28829,1213600,0.0,0.0,0.0,0.0214,-0.0173
2012-11-16,世纪华通,sz002602,6.81,6.7,6.8,6.77,6.81,3.26898,1135800,0.0,0.0,0.0,0.0161,-0.0044
2012-11-19,世纪华通,sz002602,6.78,6.66,6.78,6.77,6.77,3.26898,1265000,0.0,0.0,0.0,0.0177,-0.0014
2012-11-20,世纪华通,sz002602,6.86,6.76,6.81,6.8,6.77,3.28346,1024600,0.0,0.0,0.0,0.0147,-0.0014
2012-11-21,世纪华通,sz002602,6.94,6.75,6.8,6.94,6.8,3.35106,1381000,0.0,0.0,0.0,0.0279,0.0205
2012-11-22,世纪华通,sz002602,6.93,6.83,6.91,6.88,6.94,3.32209,775400,0.0,0.0,0.0,0.0144,-0.0043
2012-11-23,世纪华通,sz002602,6.94,6.86,6.93,6.87,6.88,3.31726,604700,0.0,0.0,0.0,0.0116,-0.0086
2012-11-26,世纪华通,sz002602,6.91,6.69,6.88,6.72,6.87,3.24483,795600,0.0,0.0,0.0,0.032,-0.0232
2012-11-27,世纪华通,sz002602,6.71,6.35,6.64,6.36,6.72,3.071,1570900,0.0,0.0,0.0,0.0535,-0.0421
2012-11-28,世纪华通,sz002602,6.3,6.18,6.22,6.24,6.36,3.01306,1340300,0.0,0.0,0.0,0.0188,0.0032
2012-11-29,世纪华通,sz002602,6.33,6.18,6.24,6.22,6.24,3.0034,954500,0.0,0.0,0.0,0.024,-0.0032
2012-11-30,世纪华通,sz002602,6.34,6.14,6.21,6.29,6.22,3.0372,1029700,0.0,0.0,0.0,0.0321,0.0128
2012-12-03,世纪华通,sz002602,6.3,6.09,6.24,6.09,6.29,2.94063,909800,0.0,0.0,0.0,0.0333,-0.024
2012-12-04,世纪华通,sz002602,6.22,6.05,6.11,6.19,6.09,2.98892,929300,0.0,0.0,0.0,0.0279,0.013
2012-12-05,世纪华通,sz002602,6.45,6.19,6.19,6.38,6.19,3.08066,1976200,0.0,0.0,0.0,0.042,0.0306
2012-12-06,世纪华通,sz002602,6.44,6.34,6.41,6.38,6.38,3.08066,1054600,0.0,0.0,0.0,0.0156,-0.0046
2012-12-07,世纪华通,sz002602,6.55,6.36,6.41,6.53,6.38,3.15309,1973300,0.0,0.0,0.0,0.0297,0.0187
2012-12-10,世纪华通,sz002602,6.68,6.53,6.54,6.65,6.53,3.21103,2104400,0.0,0.0,0.0,0.0229,0.0168
2012-12-11,世纪华通,sz002602,6.7,6.47,6.64,6.58,6.65,3.17723,1556300,0.0,0.0,0.0,0.0345,-0.009
2012-12-12,世纪华通,sz002602,6.62,6.46,6.62,6.55,6.58,3.16275,1537900,0.0,0.0,0.0,0.0243,-0.0105
2012-12-13,世纪华通,sz002602,6.55,6.44,6.48,6.46,6.55,3.11929,1276800,0.0,0.0,0.0,0.0167,-0.003
2012-12-14,世纪华通,sz002602,6.74,6.47,6.47,6.72,6.46,3.24483,2794100,0.0,0.0,0.0,0.0417,0.0386
2012-12-17,世纪华通,sz002602,6.82,6.65,6.72,6.8,6.72,3.28346,2447800,0.0,0.0,0.0,0.0252,0.0119
2012-12-18,世纪华通,sz002602,6.85,6.71,6.73,6.72,6.8,3.24483,2136000,0.0,0.0,0.0,0.0205,-0.0014
2012-12-19,世纪华通,sz002602,6.87,6.7,6.73,6.81,6.72,3.28829,1811600,0.0,0.0,0.0,0.0252,0.0118
2012-12-20,世纪华通,sz002602,6.85,6.69,6.8,6.8,6.81,3.28346,1736000,0.0,0.0,0.0,0.0234,0.0
2012-12-21,世纪华通,sz002602,6.88,6.74,6.76,6.85,6.8,3.30761,2325500,0.0,0.0,0.0,0.0205,0.0133
2012-12-24,世纪华通,sz002602,6.98,6.8,6.82,6.92,6.85,3.34141,2631200,0.0,0.0,0.0,0.0262,0.0146
2012-12-25,世纪华通,sz002602,7.14,6.89,6.89,7.12,6.92,3.43798,3603200,0.0,0.0,0.0,0.0361,0.0333
2012-12-26,世纪华通,sz002602,7.29,7.1,7.14,7.29,7.12,3.52006,4258100,0.0,0.0,0.0,0.0266,0.021
2012-12-27,世纪华通,sz002602,7.47,7.15,7.28,7.15,7.29,3.45246,4313600,0.0,0.0,0.0,0.0438,-0.0178
2012-12-28,世纪华通,sz002602,7.23,7.1,7.18,7.23,7.15,3.49109,2561300,0.0,0.0,0.0,0.0181,0.0069
2012-12-31,世纪华通,sz002602,7.27,7.18,7.25,7.25,7.23,3.50075,1947200,0.0,0.0,0.0,0.0124,0.0
2013-01-04,世纪华通,sz002602,7.3,7.14,7.3,7.2,7.25,11.036728,891887,0.0,0.0,0.0,0.022,-0.0136
2013-01-07,世纪华通,sz002602,7.29,7.04,7.19,7.28,7.2,11.159357,1059730,0.0,0.0,0.0,0.0347,0.0125
2013-01-08,世纪华通,sz002602,7.86,7.2,7.32,7.75,7.28,11.879806,5764631,0.0,0.0,0.0,0.0906,0.0587
2013-01-09,世纪华通,sz002602,8.13,7.67,7.73,8.0,7.75,12.263024,5479871,0.0,0.0,0.0,0.0593,0.0349
2013-01-10,世纪华通,sz002602,8.04,7.87,7.99,7.99,8.0,12.247695,2376013,0.0,0.0,0.0,0.0212,0.0
2013-01-11,世纪华通,sz002602,8.78,8.0,8.02,8.31,7.99,12.738215,8706696,0.0,0.0,0.0,0.0976,0.0361
2013-01-14,世纪华通,sz002602,8.55,8.13,8.29,8.53,8.31,13.075447,11012242,0.0,0.0,0.0,0.0505,0.0289
2013-01-15,世纪华通,sz002602,8.44,8.26,8.4,8.33,8.53,12.768867,7412437,0.0,0.0,0.0,0.0211,-0.0083
2013-01-16,世纪华通,sz002602,8.35,7.92,8.24,8.05,8.33,12.339667,5456315,0.0,0.0,0.0,0.0516,-0.023
2013-01-17,世纪华通,sz002602,8.07,7.94,8.05,7.98,8.05,12.232361,1916519,0.0,0.0,0.0,0.0161,-0.0086
2013-01-18,世纪华通,sz002602,8.03,7.77,7.99,7.99,7.98,12.247688,2968057,0.0,0.0,0.0,0.0325,0.0
2013-01-21,世纪华通,sz002602,8.04,7.92,8.0,7.99,7.99,12.247688,1793915,0.0,0.0,0.0,0.015,-0.0012
2013-01-22,世纪华通,sz002602,8.05,7.78,8.0,7.82,7.99,11.987094,2390169,0.0,0.0,0.0,0.0337,-0.0224
2013-01-23,世纪华通,sz002602,7.89,7.73,7.81,7.84,7.82,12.017757,1629068,0.0,0.0,0.0,0.0204,0.0038
2013-01-24,世纪华通,sz002602,7.98,7.53,7.81,7.6,7.84,11.64987,2610238,0.0,0.0,0.0,0.0573,-0.0268
2013-01-25,世纪华通,sz002602,7.64,7.53,7.58,7.63,7.6,11.695851,1038706,0.0,0.0,0.0,0.0144,0.0065
2013-01-28,世纪华通,sz002602,7.89,7.61,7.64,7.88,7.63,12.079066,1745475,0.0,0.0,0.0,0.0366,0.0314
2013-01-29,世纪华通,sz002602,7.98,7.85,7.85,7.88,7.88,12.079066,1568272,0.0,0.0,0.0,0.0164,0.0038
2013-01-30,世纪华通,sz002602,7.95,7.79,7.88,7.88,7.88,12.079066,1288428,0.0,0.0,0.0,0.0203,0.0
2013-01-31,世纪华通,sz002602,7.91,7.74,7.89,7.81,7.88,11.971768,1108403,0.0,0.0,0.0,0.0215,-0.0101
2013-02-01,世纪华通,sz002602,7.85,7.75,7.81,7.83,7.81,12.002428,913145,0.0,0.0,0.0,0.0128,0.0025
2013-02-04,世纪华通,sz002602,7.88,7.76,7.83,7.76,7.83,11.895126,951843,0.0,0.0,0.0,0.0153,-0.0089
2013-02-05,世纪华通,sz002602,7.85,7.7,7.72,7.84,7.76,12.017753,920724,0.0,0.0,0.0,0.0193,0.0155
2013-02-06,世纪华通,sz002602,7.94,7.8,7.88,7.92,7.84,12.140382,1143130,0.0,0.0,0.0,0.0178,0.005
2013-02-07,世纪华通,sz002602,7.92,7.8,7.88,7.87,7.92,12.06374,733461,0.0,0.0,0.0,0.0151,-0.0012
2013-02-08,世纪华通,sz002602,8.07,7.9,7.9,8.05,7.87,12.339662,1750016,0.0,0.0,0.0,0.0216,0.0189
2013-02-18,世纪华通,sz002602,8.12,8.01,8.07,8.07,8.05,12.370314,1200846,0.0,0.0,0.0,0.0136,0.0
2013-02-19,世纪华通,sz002602,8.12,7.86,8.1,7.89,8.07,12.094394,1206554,0.0,0.0,0.0,0.0322,-0.0259
2013-02-20,世纪华通,sz002602,8.04,7.87,7.89,8.01,7.89,12.2783375,1313576,0.0,0.0,0.0,0.0215,0.0152
2013-02-21,世纪华通,sz002602,7.99,7.67,7.99,7.76,8.01,11.895118,1562395,0.0,0.0,0.0,0.0399,-0.0287
2013-02-22,世纪华通,sz002602,7.79,7.65,7.67,7.69,7.76,11.787812,949192,0.0,0.0,0.0,0.018,0.0026
2013-02-25,世纪华通,sz002602,7.8,7.71,7.74,7.76,7.69,11.895117,588642,0.0,0.0,0.0,0.0117,0.0025
2013-02-26,世纪华通,sz002602,7.84,7.68,7.8,7.72,7.76,11.833797,846373,0.0,0.0,0.0,0.0206,-0.0102
2013-02-27,世纪华通,sz002602,7.79,7.54,7.72,7.61,7.72,11.665177,948789,0.0,0.0,0.0,0.0323,-0.0142
2013-02-28,世纪华通,sz002602,7.9,7.53,7.57,7.81,7.61,11.97175,1636860,0.0,0.0,0.0,0.0486,0.0317
2013-03-01,世纪华通,sz002602,8.02,7.74,7.79,7.98,7.81,12.232339,2455588,0.0,0.0,0.0,0.0358,0.0243
2013-03-04,世纪华通,sz002602,7.96,7.65,7.91,7.75,7.98,11.879779,1616737,0.0,0.0,0.0,0.0388,-0.0202
2013-03-05,世纪华通,sz002602,7.93,7.73,7.75,7.83,7.75,12.002414,1281672,0.0,0.0,0.0,0.0258,0.0103
2013-03-06,世纪华通,sz002602,7.96,7.81,7.83,7.96,7.83,12.20169,1774356,0.0,0.0,0.0,0.0191,0.0166
2013-03-07,世纪华通,sz002602,8.03,7.85,7.96,7.98,7.96,12.232352,1816940,0.0,0.0,0.0,0.0226,0.0025
2013-03-08,世纪华通,sz002602,8.08,7.92,7.95,7.98,7.98,12.232352,1728599,0.0,0.0,0.0,0.02,0.0037
2013-03-11,世纪华通,sz002602,8.08,7.86,8.05,7.88,7.98,12.079069,962150,0.0,0.0,0.0,0.0275,-0.0211
2013-03-12,世纪华通,sz002602,7.92,7.47,7.86,7.59,7.88,11.634535,1380021,0.0,0.0,0.0,0.0571,-0.0343
2013-03-13,世纪华通,sz002602,7.63,7.37,7.59,7.42,7.59,11.373944,727818,0.0,0.0,0.0,0.0342,-0.0223
2013-03-14,世纪华通,sz002602,7.71,7.35,7.36,7.61,7.42,11.665186,1158330,0.0,0.0,0.0,0.0485,0.0339
2013-03-15,世纪华通,sz002602,7.72,7.51,7.64,7.57,7.61,11.603873,1173349,0.0,0.0,0.0,0.0275,-0.0091
2013-03-18,世纪华通,sz002602,7.82,7.42,7.6,7.45,7.57,11.4199295,1300131,0.0,0.0,0.0,0.0528,-0.0197
2013-03-19,世纪华通,sz002602,7.6,7.4,7.45,7.59,7.45,11.634532,576639,0.0,0.0,0.0,0.0268,0.0187
2013-03-20,世纪华通,sz002602,7.74,7.54,7.6,7.7,7.59,11.803152,1838618,0.0,0.0,0.0,0.0263,0.0131
2013-03-21,世纪华通,sz002602,7.78,7.64,7.68,7.68,7.7,11.772499,1357620,0.0,0.0,0.0,0.0181,0.0
2013-03-22,世纪华通,sz002602,7.74,7.63,7.63,7.72,7.68,11.83381,773646,0.0,0.0,0.0,0.0143,0.0117
2013-03-25,世纪华通,sz002602,7.74,7.58,7.72,7.59,7.72,11.634541,1148245,0.0,0.0,0.0,0.0207,-0.0168
2013-03-26,世纪华通,sz002602,7.58,7.37,7.55,7.45,7.59,11.419941,1036409,0.0,0.0,0.0,0.0276,-0.0132
2013-03-27,世纪华通,sz002602,7.54,7.42,7.48,7.42,7.45,11.373953,780784,0.0,0.0,0.0,0.0161,-0.008
2013-03-28,世纪华通,sz002602,7.43,7.1,7.43,7.11,7.42,10.898761,1478052,0.0,0.0,0.0,0.0444,-0.043
2013-03-29,世纪华通,sz002602,7.18,7.05,7.16,7.11,7.11,10.898761,593904,0.0,0.0,0.0,0.0182,-0.0069
2013-04-01,世纪华通,sz002602,7.19,7.11,7.14,7.15,7.11,10.960077,476654,0.0,0.0,0.0,0.0112,0.0014
2013-04-02,世纪华通,sz002602,7.22,7.08,7.15,7.09,7.15,10.8681,481821,0.0,0.0,0.0,0.0195,-0.0083
2013-04-03,世纪华通,sz002602,7.15,7.03,7.14,7.04,7.09,10.791458,480960,0.0,0.0,0.0,0.0169,-0.014
2013-04-08,世纪华通,sz002602,7.0,6.83,7.0,6.94,7.04,10.638165,599827,0.0,0.0,0.0,0.0241,-0.0085
2013-04-09,世纪华通,sz002602,7.05,6.94,6.98,7.04,6.94,10.791451,612115,0.0,0.0,0.0,0.0158,0.0085
2013-04-10,世纪华通,sz002602,7.12,7.0,7.06,7.01,7.04,10.745469,464163,0.0,0.0,0.0,0.017,-0.007
2013-04-11,世纪华通,sz002602,7.25,7.0,7.01,7.25,7.01,11.113361,1018307,0.0,0.0,0.0,0.0356,0.0342
2013-04-12,世纪华通,sz002602,7.26,7.1,7.23,7.22,7.25,11.067374,1195735,0.0,0.0,0.0,0.022,-0.0013
2013-04-15,世纪华通,sz002602,7.16,7.0,7.15,7.02,7.22,10.760797,429182,0.0,0.0,0.0,0.0221,-0.0181
2013-04-16,世纪华通,sz002602,7.28,6.95,7.02,7.21,7.02,11.052049,1328806,0.0,0.0,0.0,0.047,0.027
2013-04-17,世纪华通,sz002602,7.26,7.14,7.26,7.25,7.21,11.113365,965763,0.0,0.0,0.0,0.0166,-0.0013
2013-04-18,世纪华通,sz002602,7.28,7.18,7.22,7.22,7.25,11.067378,728125,0.0,0.0,0.0,0.0137,0.0
2013-04-19,世纪华通,sz002602,7.34,7.15,7.15,7.29,7.22,11.174677,1483463,0.0,0.0,0.0,0.0263,0.0195
2013-04-22,世纪华通,sz002602,7.33,7.2,7.3,7.31,7.29,11.205329,1020870,0.0,0.0,0.0,0.0178,0.0013
2013-04-23,世纪华通,sz002602,7.25,6.93,7.2,6.96,7.31,10.6688175,1512358,0.0,0.0,0.0,0.0437,-0.0333
2013-04-24,世纪华通,sz002602,7.06,6.92,6.96,7.04,6.96,10.791445,723579,0.0,0.0,0.0,0.0201,0.0114
2013-04-25,世纪华通,sz002602,7.04,6.92,7.03,6.93,7.04,10.6228285,949987,0.0,0.0,0.0,0.017,-0.0142
2013-04-26,世纪华通,sz002602,6.95,6.77,6.89,6.8,6.93,10.423555,790924,0.0,0.0,0.0,0.0259,-0.013
2013-05-02,世纪华通,sz002602,6.98,6.75,6.97,6.94,6.8,10.638155,693247,0.0,0.0,0.0,0.0338,-0.0043
2013-05-03,世纪华通,sz002602,7.03,6.88,6.93,6.97,6.94,10.684144,1128137,0.0,0.0,0.0,0.0216,0.0057
2013-05-06,世纪华通,sz002602,7.04,6.94,6.97,7.02,6.97,10.760792,921432,0.0,0.0,0.0,0.0143,0.0071
2013-05-07,世纪华通,sz002602,7.01,6.93,7.0,7.0,7.02,10.730134,689721,0.0,0.0,0.0,0.0113,0.0
2013-05-08,世纪华通,sz002602,7.06,6.98,7.01,7.06,7.0,10.822103,888085,0.0,0.0,0.0,0.0114,0.0071
2013-05-09,世纪华通,sz002602,7.06,6.98,7.04,7.06,7.06,10.822103,1005803,0.0,0.0,0.0,0.0113,0.0028
2013-05-10,世纪华通,sz002602,7.17,7.02,7.05,7.17,7.06,10.990722,1332736,0.0,0.0,0.0,0.0212,0.017
2013-05-13,世纪华通,sz002602,7.3,7.12,7.16,7.29,7.17,11.174663,1767958,0.0,0.0,0.0,0.0251,0.0181
2013-05-14,世纪华通,sz002602,7.29,7.02,7.29,7.08,7.29,10.852754,1095956,0.0,0.0,0.0,0.037,-0.0288
2013-05-15,世纪华通,sz002602,7.2,7.06,7.08,7.18,7.08,11.006038,856568,0.0,0.0,0.0,0.0197,0.0141
2013-05-16,世纪华通,sz002602,7.27,7.13,7.18,7.23,7.18,11.0826845,1057306,0.0,0.0,0.0,0.0194,0.0069
2013-05-17,世纪华通,sz002602,7.34,7.18,7.24,7.33,7.23,11.235969,1393898,0.0,0.0,0.0,0.0221,0.0124
2013-05-20,世纪华通,sz002602,7.49,7.27,7.35,7.47,7.33,11.450576,2306034,0.0,0.0,0.0,0.03,0.0163
2013-05-21,世纪华通,sz002602,7.98,7.41,7.42,7.82,7.47,11.987082,5873648,0.0,0.0,0.0,0.0763,0.0539
2013-05-22,世纪华通,sz002602,7.83,7.65,7.68,7.69,7.82,11.787807,3313946,0.0,0.0,0.0,0.023,0.0013
2013-05-23,世纪华通,sz002602,7.75,7.51,7.64,7.56,7.69,11.588535,1816781,0.0,0.0,0.0,0.0312,-0.0104
2013-05-24,世纪华通,sz002602,7.67,7.54,7.54,7.65,7.56,11.726497,1452996,0.0,0.0,0.0,0.0171,0.0145
2013-05-27,世纪华通,sz002602,7.85,7.61,7.65,7.84,7.65,12.017748,2630254,0.0,0.0,0.0,0.0313,0.0248
2013-05-28,世纪华通,sz002602,7.82,7.66,7.81,7.72,7.84,11.833804,1735309,0.0,0.0,0.0,0.0204,-0.0115
2013-05-29,世纪华通,sz002602,7.79,7.68,7.73,7.73,7.72,11.849129,1292760,0.0,0.0,0.0,0.0142,0.0
2013-05-30,世纪华通,sz002602,7.74,7.66,7.73,7.69,7.73,11.787809,1268742,0.0,0.0,0.0,0.0103,-0.0051
2013-05-31,世纪华通,sz002602,7.74,7.56,7.67,7.57,7.69,11.603861,1722059,0.0,0.0,0.0,0.0234,-0.013
2013-06-03,世纪华通,sz002602,7.64,7.51,7.56,7.52,7.57,11.527217,943072,0.0,0.0,0.0,0.0171,-0.0052
2013-06-04,世纪华通,sz002602,7.56,7.35,7.56,7.35,7.52,11.266633,1468266,0.0,0.0,0.0,0.0279,-0.0277
2013-06-05,世纪华通,sz002602,7.44,7.31,7.31,7.42,7.35,11.373937,641254,0.0,0.0,0.0,0.0176,0.015
2013-06-06,世纪华通,sz002602,7.39,7.15,7.39,7.16,7.42,11.128669,768352,0.0,0.0,0.0,0.0323,-0.0311
2013-06-07,世纪华通,sz002602,7.21,7.02,7.14,7.03,7.16,10.926617,708871,0.0,0.0,0.0,0.0265,-0.0154
2013-06-13,世纪华通,sz002602,6.99,6.75,6.99,6.81,7.03,10.584679,786947,0.0,0.0,0.0,0.0341,-0.0257
2013-06-14,世纪华通,sz002602,6.87,6.77,6.77,6.86,6.81,10.662392,614033,0.0,0.0,0.0,0.0146,0.0132
2013-06-17,世纪华通,sz002602,6.9,6.8,6.86,6.87,6.86,10.6779375,497986,0.0,0.0,0.0,0.0145,0.0014
2013-06-18,世纪华通,sz002602,6.9,6.81,6.85,6.88,6.87,10.693484,451556,0.0,0.0,0.0,0.0131,0.0043
2013-06-19,世纪华通,sz002602,6.84,6.73,6.84,6.79,6.88,10.553603,573014,0.0,0.0,0.0,0.0159,-0.0073
2013-06-20,世纪华通,sz002602,6.94,6.71,6.76,6.79,6.79,10.553603,801068,0.0,0.0,0.0,0.0338,0.0044
2013-06-21,世纪华通,sz002602,6.92,6.55,6.59,6.9,6.79,10.724571,807310,0.0,0.0,0.0,0.0544,0.047
2013-06-24,世纪华通,sz002602,6.95,6.51,6.95,6.65,6.9,10.335999,1532461,0.0,0.0,0.0,0.0637,-0.0431
2013-06-25,世纪华通,sz002602,6.85,6.05,6.63,6.7,6.65,10.413715,1924201,0.0,0.0,0.0,0.1203,0.0105
2013-06-26,世纪华通,sz002602,6.7,6.56,6.64,6.6,6.7,10.25829,626134,0.0,0.0,0.0,0.0208,-0.006
2013-06-27,世纪华通,sz002602,6.8,6.3,6.8,6.3,6.6,9.792,688000,0.0,0.0,0.0,0.0757,-0.0735
2013-06-28,世纪华通,sz002602,6.7,6.24,6.3,6.55,6.3,10.180575,1854298,0.0,0.0,0.0,0.073,0.0396
2013-07-01,世纪华通,sz002602,6.6,6.43,6.5,6.58,6.55,10.227202,905497,0.0,0.0,0.0,0.0259,0.0123
2013-07-02,世纪华通,sz002602,6.8,6.56,6.65,6.73,6.58,10.460342,1787435,0.0,0.0,0.0,0.0364,0.012
2013-07-03,世纪华通,sz002602,6.7,6.51,6.7,6.58,6.73,10.227202,828082,0.0,0.0,0.0,0.0282,-0.0179
2013-07-04,世纪华通,sz002602,6.69,6.57,6.59,6.64,6.58,10.320464,611713,0.0,0.0,0.0,0.0182,0.0075
2013-07-05,世纪华通,sz002602,6.67,6.51,6.63,6.52,6.64,10.133952,734739,0.0,0.0,0.0,0.024,-0.0165
2013-07-08,世纪华通,sz002602,6.48,6.2,6.48,6.21,6.52,9.652123,702000,0.0,0.0,0.0,0.0429,-0.0416
2013-07-09,世纪华通,sz002602,6.38,6.15,6.2,6.26,6.21,9.729842,325775,0.0,0.0,0.0,0.037,0.0096
2013-07-10,世纪华通,sz002602,6.44,6.23,6.23,6.44,6.26,10.009614,686787,0.0,0.0,0.0,0.0335,0.0337
2013-07-11,世纪华通,sz002602,6.64,6.4,6.42,6.57,6.44,10.211668,1393862,0.0,0.0,0.0,0.0372,0.0233
2013-07-12,世纪华通,sz002602,6.62,6.43,6.5,6.45,6.57,10.025152,758280,0.0,0.0,0.0,0.0289,-0.0076
2013-07-15,世纪华通,sz002602,6.58,6.42,6.45,6.58,6.45,10.227209,1049511,0.0,0.0,0.0,0.0248,0.0201
2013-07-16,世纪华通,sz002602,6.68,6.47,6.58,6.68,6.58,10.382643,1163250,0.0,0.0,0.0,0.0319,0.0151
2013-07-17,世纪华通,sz002602,6.73,6.55,6.67,6.56,6.68,10.196129,1141250,0.0,0.0,0.0,0.0269,-0.0164
2013-07-18,世纪华通,sz002602,6.59,6.42,6.54,6.5,6.56,10.102875,815837,0.0,0.0,0.0,0.0259,-0.0061
2013-07-19,世纪华通,sz002602,6.6,6.38,6.52,6.38,6.5,9.916355,743400,0.0,0.0,0.0,0.0338,-0.0214
2013-07-22,世纪华通,sz002602,6.45,6.26,6.35,6.41,6.38,9.962982,459518,0.0,0.0,0.0,0.0297,0.0094
2013-07-23,世纪华通,sz002602,6.56,6.39,6.43,6.56,6.41,10.196126,762080,0.0,0.0,0.0,0.0265,0.0202
2013-07-24,世纪华通,sz002602,6.64,6.55,6.55,6.59,6.56,10.242753,1378988,0.0,0.0,0.0,0.0137,0.0061
2013-07-25,世纪华通,sz002602,6.67,6.52,6.56,6.53,6.59,10.149492,721075,0.0,0.0,0.0,0.0227,-0.0045
2013-07-26,世纪华通,sz002602,6.58,6.42,6.49,6.57,6.53,10.211668,830380,0.0,0.0,0.0,0.0245,0.0123
2013-07-29,世纪华通,sz002602,6.58,6.42,6.58,6.48,6.57,10.071778,606042,0.0,0.0,0.0,0.0243,-0.0151
2013-07-30,世纪华通,sz002602,6.6,6.39,6.49,6.6,6.48,10.258298,1031542,0.0,0.0,0.0,0.0324,0.0169
2013-07-31,世纪华通,sz002602,6.68,6.54,6.62,6.58,6.6,10.227216,1118449,0.0,0.0,0.0,0.0212,-0.006
2013-08-01,世纪华通,sz002602,6.74,6.56,6.56,6.72,6.58,10.444819,1493969,0.0,0.0,0.0,0.0273,0.0243
2013-08-02,世纪华通,sz002602,6.82,6.66,6.72,6.73,6.72,10.4603615,1168512,0.0,0.0,0.0,0.0238,0.0014
2013-08-05,世纪华通,sz002602,6.83,6.66,6.77,6.82,6.73,10.600248,1023346,0.0,0.0,0.0,0.0252,0.0073
2013-08-06,世纪华通,sz002602,6.91,6.75,6.8,6.88,6.82,10.693509,1460969,0.0,0.0,0.0,0.0234,0.0117
2013-08-07,世纪华通,sz002602,6.88,6.74,6.87,6.75,6.88,10.491455,1449202,0.0,0.0,0.0,0.0203,-0.0174
2013-08-08,世纪华通,sz002602,6.82,6.71,6.75,6.71,6.75,10.429283,1117180,0.0,0.0,0.0,0.0162,-0.0059
2013-08-09,世纪华通,sz002602,6.86,6.71,6.79,6.84,6.71,10.63134,1627530,0.0,0.0,0.0,0.0223,0.0073
2013-08-12,世纪华通,sz002602,6.95,6.83,6.89,6.95,6.84,10.802313,1079209,0.0,0.0,0.0,0.0175,0.0087
2013-08-13,世纪华通,sz002602,7.03,6.87,6.99,6.98,6.95,10.848947,1038711,0.0,0.0,0.0,0.023,-0.0014
2013-08-14,世纪华通,sz002602,7.1,6.92,6.98,6.93,6.98,10.771235,1117674,0.0,0.0,0.0,0.0257,-0.0071
2013-08-15,世纪华通,sz002602,6.95,6.8,6.93,6.82,6.93,10.600264,1152551,0.0,0.0,0.0,0.0216,-0.0158
2013-08-16,世纪华通,sz002602,6.93,6.68,6.8,6.73,6.82,10.460382,1027172,0.0,0.0,0.0,0.0366,-0.0102
2013-08-19,世纪华通,sz002602,6.84,6.68,6.69,6.84,6.73,10.631358,605203,0.0,0.0,0.0,0.0237,0.0224
2013-08-20,世纪华通,sz002602,6.92,6.74,6.84,6.91,6.84,10.740159,1216226,0.0,0.0,0.0,0.0263,0.0102
2013-08-21,世纪华通,sz002602,6.99,6.83,6.83,6.99,6.91,10.864498,1319401,0.0,0.0,0.0,0.0231,0.0234
2013-08-22,世纪华通,sz002602,7.06,6.96,7.0,7.0,6.99,10.880045,1571864,0.0,0.0,0.0,0.0143,0.0
2013-08-23,世纪华通,sz002602,7.25,6.99,6.99,7.07,7.0,10.988846,3933727,0.0,0.0,0.0,0.0371,0.0114
2013-08-26,世纪华通,sz002602,7.17,7.03,7.07,7.17,7.07,11.144272,1781567,0.0,0.0,0.0,0.0198,0.0141
2013-08-27,世纪华通,sz002602,7.18,7.08,7.17,7.17,7.17,11.144272,1515739,0.0,0.0,0.0,0.0139,0.0
2013-08-28,世纪华通,sz002602,7.34,7.07,7.15,7.22,7.17,11.221992,2387492,0.0,0.0,0.0,0.0376,0.0097
2013-08-29,世纪华通,sz002602,7.25,7.1,7.23,7.18,7.22,11.1598215,1265370,0.0,0.0,0.0,0.0207,-0.0069
2013-08-30,世纪华通,sz002602,7.21,7.0,7.18,7.04,7.18,10.942217,1685388,0.0,0.0,0.0,0.0292,-0.0194
2013-09-02,世纪华通,sz002602,7.15,7.02,7.03,7.15,7.04,11.113189,979808,0.0,0.0,0.0,0.0184,0.017
2013-09-03,世纪华通,sz002602,7.25,7.12,7.15,7.25,7.15,11.268618,1099982,0.0,0.0,0.0,0.0181,0.0139
2013-09-04,世纪华通,sz002602,7.27,7.08,7.2,7.16,7.25,11.128729,2030282,0.0,0.0,0.0,0.0262,-0.0055
2013-09-05,世纪华通,sz002602,7.19,7.0,7.15,7.01,7.16,10.895582,2404943,0.0,0.0,0.0,0.0265,-0.0195
2013-09-06,世纪华通,sz002602,7.13,6.81,7.0,7.12,7.01,11.066556,2829776,0.0,0.0,0.0,0.0456,0.0171
2013-09-09,世纪华通,sz002602,7.13,7.05,7.12,7.1,7.12,11.03547,2436955,0.0,0.0,0.0,0.0112,-0.0028
2013-09-10,世纪华通,sz002602,7.14,7.04,7.1,7.07,7.1,10.988845,2996810,0.0,0.0,0.0,0.014,-0.0042
2013-09-11,世纪华通,sz002602,7.38,7.03,7.09,7.28,7.07,11.315247,9699784,0.0,0.0,0.0,0.0495,0.0267
2013-09-12,世纪华通,sz002602,7.23,7.03,7.15,7.13,7.28,11.082108,3992049,0.0,0.0,0.0,0.0274,-0.0027
2013-09-13,世纪华通,sz002602,7.14,7.05,7.12,7.1,7.13,11.035474,2135641,0.0,0.0,0.0,0.0126,-0.0028
2013-09-16,世纪华通,sz002602,7.13,7.06,7.1,7.07,7.1,10.988849,1824360,0.0,0.0,0.0,0.0098,-0.0042
2013-09-17,世纪华通,sz002602,7.1,6.88,7.07,6.88,7.07,10.693535,2101086,0.0,0.0,0.0,0.0311,-0.0268
2013-09-18,世纪华通,sz002602,6.96,6.82,6.88,6.92,6.88,10.755707,869951,0.0,0.0,0.0,0.0203,0.0058
2013-09-23,世纪华通,sz002602,7.07,6.93,6.93,7.05,6.92,10.957764,1178492,0.0,0.0,0.0,0.0202,0.0173
2013-09-24,世纪华通,sz002602,7.08,6.95,7.05,7.02,7.05,10.911139,1152448,0.0,0.0,0.0,0.0184,-0.0042
2013-09-25,世纪华通,sz002602,7.1,7.01,7.02,7.02,7.02,10.911139,1318662,0.0,0.0,0.0,0.0128,0.0
2013-09-26,世纪华通,sz002602,7.05,6.91,7.01,6.91,7.02,10.740161,1378951,0.0,0.0,0.0,0.0199,-0.0142
2013-09-27,世纪华通,sz002602,6.99,6.9,6.91,6.92,6.91,10.755702,759712,0.0,0.0,0.0,0.013,0.0014
2013-09-30,世纪华通,sz002602,6.99,6.92,6.92,6.97,6.92,10.833411,582179,0.0,0.0,0.0,0.0101,0.0072
2013-10-08,世纪华通,sz002602,7.07,6.93,6.97,7.06,6.97,10.973292,1089044,0.0,0.0,0.0,0.02,0.0129
2013-10-09,世纪华通,sz002602,7.13,7.0,7.07,7.13,7.06,11.082093,1655060,0.0,0.0,0.0,0.0184,0.0084
2013-10-10,世纪华通,sz002602,7.16,7.05,7.14,7.09,7.13,11.019922,1370126,0.0,0.0,0.0,0.0154,-0.007
2013-10-11,世纪华通,sz002602,7.21,7.1,7.11,7.2,7.09,11.190896,2365010,0.0,0.0,0.0,0.0155,0.0126
2013-10-14,世纪华通,sz002602,7.56,7.27,7.33,7.37,7.2,11.455125,5947486,0.0,0.0,0.0,0.0402,0.0054
2013-10-15,世纪华通,sz002602,7.38,7.25,7.35,7.29,7.37,11.330779,1850045,0.0,0.0,0.0,0.0176,-0.0081
2013-10-16,世纪华通,sz002602,7.3,7.09,7.27,7.14,7.29,11.097637,1694941,0.0,0.0,0.0,0.0288,-0.0178
2013-10-17,世纪华通,sz002602,7.46,7.14,7.2,7.3,7.14,11.346324,2791066,0.0,0.0,0.0,0.0448,0.0138
2014-01-22,世纪华通,sz002602,8.03,8.03,8.03,8.03,7.3,12.480956,279677,0.0,0.0,0.0,0.0,0.0
2014-01-23,世纪华通,sz002602,8.83,8.83,8.83,8.83,8.03,13.724384,226965,0.0,0.0,0.0,0.0,0.0
2014-01-24,世纪华通,sz002602,9.71,9.71,9.71,9.71,8.83,15.092156,408122,0.0,0.0,0.0,0.0,0.0
2014-01-27,世纪华通,sz002602,10.68,10.68,10.68,10.68,9.71,16.599817,582824,0.0,0.0,0.0,0.0,0.0
2014-01-28,世纪华通,sz002602,11.75,11.75,11.75,11.75,10.68,18.262903,421907,0.0,0.0,0.0,0.0,0.0
2014-01-29,世纪华通,sz002602,12.93,12.93,12.93,12.93,11.75,20.096973,496834,0.0,0.0,0.0,0.0,0.0
2014-01-30,世纪华通,sz002602,14.22,14.22,14.22,14.22,12.93,22.102009,1604657,0.0,0.0,0.0,0.0,0.0
2014-02-07,世纪华通,sz002602,15.64,15.64,15.64,15.64,14.22,24.309093,1004490,0.0,0.0,0.0,0.0,0.0
2014-02-13,世纪华通,sz002602,17.2,17.2,17.2,17.2,15.64,26.73378,564756,0.0,0.0,0.0,0.0,0.0
2014-02-14,世纪华通,sz002602,18.92,18.92,18.92,18.92,17.2,29.407158,887361,0.0,0.0,0.0,0.0,0.0
2014-02-17,世纪华通,sz002602,20.81,20.81,20.81,20.81,18.92,32.344757,320188,0.0,0.0,0.0,0.0,0.0
2014-02-18,世纪华通,sz002602,22.89,22.89,22.89,22.89,20.81,35.57768,3089434,0.0,0.0,0.0,0.0,0.0
2014-02-19,世纪华通,sz002602,25.18,25.18,25.18,25.18,22.89,39.137012,1462109,0.0,0.0,0.0,0.0,0.0
2014-02-24,世纪华通,sz002602,27.7,27.5,27.7,27.7,25.18,43.053806,40854578,0.0,0.0,0.0,0.0079,0.0
2014-02-25,世纪华通,sz002602,29.7,27.75,28.3,28.0,27.7,43.520077,42676749,0.0,0.0,0.0,0.0703,-0.0106
2014-02-26,世纪华通,sz002602,28.14,26.0,26.0,27.8,28.0,43.209213,18829983,0.0,0.0,0.0,0.0764,0.0692
2014-02-27,世纪华通,sz002602,29.36,25.55,28.5,26.75,27.8,41.5772,21686281,0.0,0.0,0.0,0.137,-0.0614
2014-02-28,世纪华通,sz002602,26.99,25.5,26.11,26.65,26.75,41.421787,12064500,0.0,0.0,0.0,0.0557,0.0206
2014-03-03,世纪华通,sz002602,26.22,25.21,26.0,25.98,26.65,40.3804,11908981,0.0,0.0,0.0,0.0378,-7.0E-4
2014-03-04,世纪华通,sz002602,26.67,25.26,25.5,25.69,25.98,39.929676,11288269,0.0,0.0,0.0,0.0542,0.0074
2014-03-05,世纪华通,sz002602,26.15,23.89,25.69,24.13,25.69,37.504986,15531777,0.0,0.0,0.0,0.0879,-0.0607
2014-03-06,世纪华通,sz002602,24.97,23.65,24.14,24.62,24.13,38.266598,10921118,0.0,0.0,0.0,0.0547,0.0198
2014-03-07,世纪华通,sz002602,26.26,23.99,24.3,25.05,24.62,38.934925,14303073,0.0,0.0,0.0,0.0922,0.0308
2014-03-10,世纪华通,sz002602,25.39,23.8,24.2,24.34,25.05,37.831394,8017830,0.0,0.0,0.0,0.0634,0.0057
2014-03-11,世纪华通,sz002602,24.55,21.91,24.12,21.92,24.34,34.070007,13430986,0.0,0.0,0.0,0.1084,-0.0912
2014-03-12,世纪华通,sz002602,22.25,20.0,21.82,20.84,21.92,32.391376,12232656,0.0,0.0,0.0,0.1026,-0.0449
2014-03-13,世纪华通,sz002602,21.59,20.54,20.55,21.4,20.84,33.261765,7492951,0.0,0.0,0.0,0.0503,0.0413
2014-03-14,世纪华通,sz002602,21.9,20.93,21.28,21.11,21.4,32.811035,5888644,0.0,0.0,0.0,0.0453,-0.0079
2014-03-17,世纪华通,sz002602,23.22,21.0,21.02,23.22,21.11,36.0906,14432310,0.0,0.0,0.0,0.1051,0.1046
2014-03-18,世纪华通,sz002602,23.59,22.8,22.95,23.3,23.22,36.214928,9400952,0.0,0.0,0.0,0.034,0.0152
2014-03-19,世纪华通,sz002602,24.59,22.66,23.29,22.67,23.3,35.235714,9944641,0.0,0.0,0.0,0.0828,-0.0266
2014-03-20,世纪华通,sz002602,22.41,21.09,22.3,21.09,22.67,32.779926,9083351,0.0,0.0,0.0,0.0582,-0.0542
2014-03-21,世纪华通,sz002602,21.4,20.05,21.09,20.92,21.09,32.515686,6224054,0.0,0.0,0.0,0.064,-0.008
2014-03-24,世纪华通,sz002602,21.37,20.72,21.0,21.27,20.92,33.059673,4221477,0.0,0.0,0.0,0.031,0.0128
2014-03-25,世纪华通,sz002602,21.48,20.41,21.29,20.88,21.27,32.45349,4043614,0.0,0.0,0.0,0.0503,-0.0192
2014-03-26,世纪华通,sz002602,21.69,20.82,20.98,21.54,20.88,33.479313,4628156,0.0,0.0,0.0,0.0416,0.0266
2014-03-27,世纪华通,sz002602,21.4,19.39,21.35,19.39,21.54,30.13761,9103427,0.0,0.0,0.0,0.0933,-0.0918
2014-03-28,世纪华通,sz002602,19.0,17.85,18.75,18.15,19.39,28.21031,9846799,0.0,0.0,0.0,0.0593,-0.032
2014-03-31,世纪华通,sz002602,18.62,17.91,18.17,18.3,18.15,28.44344,4044025,0.0,0.0,0.0,0.0391,0.0071
2014-04-01,世纪华通,sz002602,18.89,18.12,18.15,18.55,18.3,28.832006,4945741,0.0,0.0,0.0,0.042,0.022
2014-04-02,世纪华通,sz002602,18.63,17.94,18.49,18.4,18.55,28.59887,3711189,0.0,0.0,0.0,0.0371,-0.0048
2014-04-03,世纪华通,sz002602,19.23,18.26,18.48,18.6,18.4,28.90974,5907382,0.0,0.0,0.0,0.0527,0.0064
2014-04-04,世纪华通,sz002602,19.23,18.53,18.75,19.17,18.6,29.79568,6066651,0.0,0.0,0.0,0.0376,0.0224
2014-04-08,世纪华通,sz002602,19.75,18.47,18.9,19.61,19.17,30.47958,6759853,0.0,0.0,0.0,0.0667,0.0375
2014-04-09,世纪华通,sz002602,20.3,19.53,19.8,20.02,19.61,31.116846,7852799,0.0,0.0,0.0,0.0392,0.0111
2014-04-10,世纪华通,sz002602,22.02,19.68,19.91,21.25,20.02,33.028633,17024273,0.0,0.0,0.0,0.1168,0.0673
2014-04-11,世纪华通,sz002602,20.89,20.1,20.79,20.32,21.25,31.583136,9295726,0.0,0.0,0.0,0.0371,-0.0226
2014-04-14,世纪华通,sz002602,20.57,19.7,20.31,20.02,20.32,31.116842,5220519,0.0,0.0,0.0,0.0428,-0.0142
2014-04-15,世纪华通,sz002602,20.39,19.79,19.92,20.14,20.02,31.303356,3296941,0.0,0.0,0.0,0.0299,0.011
2014-04-16,世纪华通,sz002602,20.1,19.3,20.02,19.3,20.14,29.997757,4461974,0.0,0.0,0.0,0.0397,-0.0359
2014-04-17,世纪华通,sz002602,19.76,19.16,19.2,19.34,19.3,30.059942,2770569,0.0,0.0,0.0,0.031,0.0072
2014-04-18,世纪华通,sz002602,19.89,19.17,19.28,19.5,19.34,30.308628,3392608,0.0,0.0,0.0,0.0372,0.0114
2014-04-21,世纪华通,sz002602,20.2,19.01,19.21,19.66,19.5,30.55731,4040962,0.0,0.0,0.0,0.061,0.0234
2014-04-22,世纪华通,sz002602,20.06,19.2,19.5,19.95,19.66,31.00806,4501230,0.0,0.0,0.0,0.0437,0.023
2014-04-23,世纪华通,sz002602,20.85,19.88,19.97,20.25,19.95,31.47436,6813487,0.0,0.0,0.0,0.0486,0.014
2014-04-24,世纪华通,sz002602,20.41,18.23,20.3,18.23,20.25,28.334698,8529168,0.0,0.0,0.0,0.1076,-0.1019
2014-04-25,世纪华通,sz002602,18.46,17.46,17.92,17.52,18.23,27.231146,4427778,0.0,0.0,0.0,0.0548,-0.0223
2014-04-28,世纪华通,sz002602,17.39,16.78,17.39,17.04,17.52,26.485094,2767834,0.0,0.0,0.0,0.0348,-0.0201
2014-04-29,世纪华通,sz002602,17.44,16.92,17.02,17.35,17.04,26.966911,1706245,0.0,0.0,0.0,0.0305,0.0193
2014-04-30,世纪华通,sz002602,18.1,17.2,17.38,17.74,17.35,27.573074,2997719,0.0,0.0,0.0,0.0518,0.0207
2014-05-05,世纪华通,sz002602,18.2,17.49,17.56,18.14,17.74,28.194792,2569743,0.0,0.0,0.0,0.04,0.033
2014-05-06,世纪华通,sz002602,18.75,17.96,18.04,18.42,18.14,28.630007,3233775,0.0,0.0,0.0,0.0435,0.021
2014-05-07,世纪华通,sz002602,18.47,17.77,18.1,17.77,18.42,27.61971,2624058,0.0,0.0,0.0,0.038,-0.0182
2014-05-08,世纪华通,sz002602,18.38,17.42,17.62,17.66,17.77,27.448746,2913266,0.0,0.0,0.0,0.054,0.0022
2014-05-09,世纪华通,sz002602,17.85,17.25,17.68,17.4,17.66,27.044617,2228741,0.0,0.0,0.0,0.0339,-0.0158
2014-05-12,世纪华通,sz002602,18.29,17.51,17.51,18.23,17.4,28.334673,3286156,0.0,0.0,0.0,0.0448,0.0411
2014-05-13,世纪华通,sz002602,18.64,18.08,18.23,18.34,18.23,28.505644,3010157,0.0,0.0,0.0,0.0307,0.006
2014-05-14,世纪华通,sz002602,18.6,17.85,18.26,18.46,18.34,28.692156,2577128,0.0,0.0,0.0,0.0408,0.0109
2014-05-15,世纪华通,sz002602,18.59,17.68,18.5,17.72,18.46,27.541973,2746970,0.0,0.0,0.0,0.0492,-0.0421
2014-05-16,世纪华通,sz002602,17.97,17.36,17.7,17.95,17.72,27.89947,2187595,0.0,0.0,0.0,0.0344,0.0141
2014-05-19,世纪华通,sz002602,18.78,17.75,17.8,18.54,17.95,28.816496,4193876,0.0,0.0,0.0,0.0573,0.0415
2014-05-20,世纪华通,sz002602,19.36,18.38,18.65,18.46,18.54,28.692152,5171820,0.0,0.0,0.0,0.0528,-0.0101
2014-05-21,世纪华通,sz002602,19.03,17.85,18.31,18.96,18.46,29.469309,3602462,0.0,0.0,0.0,0.0639,0.0354
2014-05-22,世纪华通,sz002602,19.48,18.65,18.83,18.65,18.96,28.987486,4285048,0.0,0.0,0.0,0.0437,-0.0095
2014-05-23,世纪华通,sz002602,19.29,18.52,18.66,19.28,18.65,29.966682,2792472,0.0,0.0,0.0,0.0412,0.0332
2014-05-26,世纪华通,sz002602,19.85,19.11,19.32,19.55,19.28,30.386335,4403924,0.0,0.0,0.0,0.0383,0.0119
2014-05-27,世纪华通,sz002602,20.01,19.16,19.55,19.36,19.55,30.091011,4732600,0.0,0.0,0.0,0.0434,-0.0097
2014-05-28,世纪华通,sz002602,19.93,19.14,19.35,19.85,19.36,30.852615,3792049,0.0,0.0,0.0,0.0408,0.0258
2014-05-29,世纪华通,sz002602,19.81,18.99,19.76,19.04,19.85,29.593643,3761834,0.0,0.0,0.0,0.0413,-0.0364
2014-05-30,世纪华通,sz002602,19.27,18.81,18.99,19.14,19.04,29.74907,1784473,0.0,0.0,0.0,0.0241,0.0078
2014-06-03,世纪华通,sz002602,19.62,19.14,19.14,19.28,19.14,29.966682,2671369,0.0,0.0,0.0,0.025,0.0073
2014-06-04,世纪华通,sz002602,20.83,18.95,19.28,20.55,19.28,31.940619,9453496,0.0,0.0,0.0,0.0975,0.0658
2014-06-05,世纪华通,sz002602,20.51,19.91,20.28,20.43,20.55,31.754118,5700232,0.0,0.0,0.0,0.0291,0.0073
2014-06-06,世纪华通,sz002602,21.68,20.28,20.33,21.26,20.43,33.044193,7815756,0.0,0.0,0.0,0.0685,0.0457
2014-06-09,世纪华通,sz002602,22.47,20.8,21.39,20.81,21.26,32.344746,11928558,0.0,0.0,0.0,0.0785,-0.0271
2014-06-10,世纪华通,sz002602,21.25,20.4,20.4,20.75,20.81,32.251495,6123614,0.0,0.0,0.0,0.0408,0.0171
2014-06-11,世纪华通,sz002602,21.66,20.51,20.55,21.17,20.75,32.904297,4996099,0.0,0.0,0.0,0.0554,0.0301
2014-06-12,世纪华通,sz002602,23.0,21.12,21.16,22.66,21.17,35.2202,11705133,0.0,0.0,0.0,0.0888,0.0708
2014-06-13,世纪华通,sz002602,24.89,22.3,22.5,24.55,22.66,38.157814,13320512,0.0,0.0,0.0,0.1142,0.0911
2014-06-16,世纪华通,sz002602,24.67,23.74,24.4,24.56,24.55,38.173344,9523680,0.0,0.0,0.0,0.0378,0.0065
2014-06-17,世纪华通,sz002602,26.78,24.57,24.57,26.19,24.56,40.706833,12733312,0.0,0.0,0.0,0.0899,0.0659
2014-06-18,世纪华通,sz002602,26.77,24.67,26.2,25.05,26.19,38.934944,10065871,0.0,0.0,0.0,0.0801,-0.0438
2014-06-19,世纪华通,sz002602,24.85,22.7,24.77,23.46,25.05,36.463627,10159608,0.0,0.0,0.0,0.0858,-0.0528
2014-06-20,世纪华通,sz002602,24.44,23.45,23.65,23.7,23.46,36.83665,5131429,0.0,0.0,0.0,0.0421,0.0021
2014-06-23,世纪华通,sz002602,24.95,23.32,23.7,24.71,23.7,38.40648,5735087,0.0,0.0,0.0,0.0687,0.0426
2014-06-24,世纪华通,sz002602,24.79,24.12,24.58,24.68,24.71,38.359856,3480226,0.0,0.0,0.0,0.0271,0.004
2014-07-02,世纪华通,sz002602,26.18,23.01,25.5,23.03,24.68,35.79527,10932596,0.0,0.0,0.0,0.1284,-0.0968
2014-07-03,世纪华通,sz002602,23.69,22.71,23.23,23.52,23.03,36.556885,5448739,0.0,0.0,0.0,0.0425,0.0124
2014-07-04,世纪华通,sz002602,23.75,23.11,23.49,23.25,23.52,36.13721,3598125,0.0,0.0,0.0,0.0272,-0.0102
2014-07-07,世纪华通,sz002602,23.68,23.18,23.24,23.45,23.25,36.448063,2751931,0.0,0.0,0.0,0.0215,0.009
2014-07-08,世纪华通,sz002602,23.6,22.8,23.55,23.36,23.45,36.308174,3019334,0.0,0.0,0.0,0.0341,-0.008
2014-07-09,世纪华通,sz002602,23.45,22.41,23.3,22.5,23.36,34.97149,3087232,0.0,0.0,0.0,0.0445,-0.0343
2014-07-10,世纪华通,sz002602,22.9,22.05,22.43,22.11,22.5,34.36533,2721078,0.0,0.0,0.0,0.0377,-0.0142
2014-07-11,世纪华通,sz002602,22.55,22.0,22.09,22.18,22.11,34.47413,2157947,0.0,0.0,0.0,0.0248,0.004
2014-07-14,世纪华通,sz002602,22.27,20.9,22.13,21.57,22.18,33.526024,4121139,0.0,0.0,0.0,0.0617,-0.0253
2014-07-15,世纪华通,sz002602,21.63,20.9,21.63,21.35,21.57,33.18409,1993092,0.0,0.0,0.0,0.0338,-0.0129
2014-07-16,世纪华通,sz002602,21.5,20.85,21.2,20.92,21.35,32.515728,1925344,0.0,0.0,0.0,0.0304,-0.0132
2014-07-17,世纪华通,sz002602,21.39,20.81,20.92,21.02,20.92,32.671154,1165294,0.0,0.0,0.0,0.0277,0.0047
2014-07-18,世纪华通,sz002602,21.17,20.45,20.87,20.54,21.02,31.92511,1958872,0.0,0.0,0.0,0.0342,-0.0158
2014-07-21,世纪华通,sz002602,20.66,20.0,20.54,20.08,20.54,31.210146,1703426,0.0,0.0,0.0,0.0321,-0.0223
2014-07-22,世纪华通,sz002602,20.28,19.81,19.88,20.2,20.08,31.396658,1726173,0.0,0.0,0.0,0.0234,0.016
2014-07-23,世纪华通,sz002602,20.75,20.03,20.21,20.63,20.2,32.065,2251533,0.0,0.0,0.0,0.0356,0.0207
2014-07-24,世纪华通,sz002602,20.88,20.43,20.74,20.5,20.63,31.862925,1584582,0.0,0.0,0.0,0.0218,-0.0115
2014-07-25,世纪华通,sz002602,20.6,20.2,20.48,20.45,20.5,31.785212,1364412,0.0,0.0,0.0,0.0195,-0.0014
2014-07-28,世纪华通,sz002602,22.5,20.53,20.53,22.5,20.45,34.97149,6338798,0.0,0.0,0.0,0.0963,0.0959
2014-07-29,世纪华通,sz002602,22.6,22.01,22.2,22.4,22.5,34.816074,4669841,0.0,0.0,0.0,0.0262,0.009
2014-07-30,世纪华通,sz002602,22.4,21.81,22.18,21.92,22.4,34.07,2840344,0.0,0.0,0.0,0.0263,-0.0117
2014-07-31,世纪华通,sz002602,22.55,21.92,21.95,22.07,21.92,34.303143,2715028,0.0,0.0,0.0,0.0287,0.0054
2014-08-01,世纪华通,sz002602,22.06,21.31,22.0,21.32,22.07,33.137417,2668924,0.0,0.0,0.0,0.0339,-0.0309
2014-08-04,世纪华通,sz002602,21.47,21.14,21.32,21.29,21.32,33.090794,2406149,0.0,0.0,0.0,0.0154,-0.0014
2014-08-05,世纪华通,sz002602,21.75,21.08,21.32,21.66,21.29,33.66588,2538901,0.0,0.0,0.0,0.0314,0.0159
2014-08-06,世纪华通,sz002602,21.84,21.42,21.58,21.48,21.66,33.386116,1945302,0.0,0.0,0.0,0.0193,-0.0046
2014-08-07,世纪华通,sz002602,21.82,21.48,21.51,21.53,21.48,33.46384,1850000,0.0,0.0,0.0,0.0158,9.0E-4
2014-08-08,世纪华通,sz002602,21.75,21.25,21.53,21.29,21.53,33.090816,1668810,0.0,0.0,0.0,0.0232,-0.0111
2014-08-11,世纪华通,sz002602,21.9,21.25,21.25,21.84,21.29,33.945686,2708856,0.0,0.0,0.0,0.0305,0.0277
2014-08-12,世纪华通,sz002602,22.28,21.83,21.9,21.87,21.84,33.99233,2686203,0.0,0.0,0.0,0.0206,-0.0013
2014-08-13,世纪华通,sz002602,22.2,21.71,21.91,22.15,21.87,34.427532,2637814,0.0,0.0,0.0,0.0224,0.0109
2014-08-14,世纪华通,sz002602,22.52,21.97,22.2,22.52,22.15,35.00261,4022119,0.0,0.0,0.0,0.0248,0.0144
2014-08-15,世纪华通,sz002602,22.85,22.38,22.6,22.45,22.52,34.89382,2523986,0.0,0.0,0.0,0.0208,-0.0066
2014-08-18,世纪华通,sz002602,22.68,22.21,22.45,22.59,22.45,35.11142,3169188,0.0,0.0,0.0,0.0209,0.0062
2014-08-19,世纪华通,sz002602,24.8,22.56,22.69,23.35,22.59,36.29267,5082101,0.0,0.0,0.0,0.0991,0.029
2014-08-20,世纪华通,sz002602,23.78,23.0,23.4,23.14,23.35,35.966255,2525890,0.0,0.0,0.0,0.0334,-0.0111
2014-08-21,世纪华通,sz002602,23.47,22.56,23.14,23.05,23.14,35.82638,2706441,0.0,0.0,0.0,0.0393,-0.0038
2014-08-22,世纪华通,sz002602,23.25,22.66,23.05,22.79,23.05,35.42226,1809735,0.0,0.0,0.0,0.0255,-0.0112
2014-08-25,世纪华通,sz002602,23.19,22.68,23.14,22.77,22.79,35.39116,2224014,0.0,0.0,0.0,0.0223,-0.0159
2014-08-26,世纪华通,sz002602,22.8,21.5,22.8,21.66,22.77,33.665913,3140789,0.0,0.0,0.0,0.057,-0.05
2014-08-27,世纪华通,sz002602,21.74,20.75,21.4,20.86,21.66,32.422493,3286948,0.0,0.0,0.0,0.0457,-0.0252
2014-08-28,世纪华通,sz002602,20.93,20.46,20.9,20.65,20.86,32.096096,1483477,0.0,0.0,0.0,0.0225,-0.0119
2014-08-29,世纪华通,sz002602,21.29,20.58,20.65,21.2,20.65,32.950947,2566669,0.0,0.0,0.0,0.0343,0.0266
2014-09-01,世纪华通,sz002602,22.46,21.26,21.28,22.46,21.2,34.90935,4302172,0.0,0.0,0.0,0.0566,0.0554
2014-09-02,世纪华通,sz002602,22.95,22.2,22.6,22.55,22.46,35.049232,3908604,0.0,0.0,0.0,0.0333,-0.0022
2014-09-03,世纪华通,sz002602,22.64,21.91,22.55,22.14,22.55,34.41197,4584202,0.0,0.0,0.0,0.0323,-0.0181
2014-09-04,世纪华通,sz002602,22.22,21.8,22.02,22.1,22.14,34.349785,2656989,0.0,0.0,0.0,0.0189,0.0036
2014-09-05,世纪华通,sz002602,22.19,21.83,22.11,21.9,22.1,34.03892,2619432,0.0,0.0,0.0,0.0162,-0.0094
2014-09-09,世纪华通,sz002602,22.17,21.49,21.93,21.7,21.9,33.728077,1778502,0.0,0.0,0.0,0.031,-0.0104
2014-09-10,世纪华通,sz002602,22.0,21.41,21.7,21.95,21.7,34.116657,1853606,0.0,0.0,0.0,0.0271,0.0115
2014-09-11,世纪华通,sz002602,22.22,21.8,22.0,22.05,21.95,34.272095,2697205,0.0,0.0,0.0,0.0191,0.0022
2014-09-12,世纪华通,sz002602,22.19,21.52,22.12,21.77,22.05,33.836906,2467429,0.0,0.0,0.0,0.0303,-0.0158
2014-09-15,世纪华通,sz002602,22.99,21.35,21.7,22.96,21.77,35.6865,7517702,0.0,0.0,0.0,0.0753,0.058
2014-09-16,世纪华通,sz002602,23.49,22.51,22.96,22.56,22.96,35.06477,11121903,0.0,0.0,0.0,0.0426,-0.0174
2014-09-17,世纪华通,sz002602,22.78,21.8,22.48,22.08,22.56,34.318695,3997622,0.0,0.0,0.0,0.0434,-0.0177
2014-09-18,世纪华通,sz002602,22.28,21.5,22.08,21.65,22.08,33.65034,2937986,0.0,0.0,0.0,0.0353,-0.0194
2014-09-19,世纪华通,sz002602,21.95,21.6,21.72,21.86,21.65,33.97675,1712023,0.0,0.0,0.0,0.0161,0.0064
2014-09-22,世纪华通,sz002602,22.08,21.5,21.83,21.7,21.86,33.728073,1854361,0.0,0.0,0.0,0.0265,-0.0059
2014-09-23,世纪华通,sz002602,22.1,21.67,21.75,21.86,21.7,33.97675,2086277,0.0,0.0,0.0,0.0198,0.005
2014-09-24,世纪华通,sz002602,22.03,21.71,21.91,21.95,21.86,34.11663,1959216,0.0,0.0,0.0,0.0146,0.0018
2014-09-25,世纪华通,sz002602,22.06,21.7,22.0,21.75,21.95,33.80576,2360622,0.0,0.0,0.0,0.0164,-0.0113
2014-09-26,世纪华通,sz002602,21.69,21.0,21.69,21.22,21.75,32.981983,4021486,0.0,0.0,0.0,0.0317,-0.0216
2014-09-29,世纪华通,sz002602,21.58,21.24,21.24,21.38,21.22,33.230667,2156998,0.0,0.0,0.0,0.016,0.0065
2014-09-30,世纪华通,sz002602,21.61,21.4,21.44,21.56,21.38,33.510433,2321197,0.0,0.0,0.0,0.0098,0.0055
2014-10-08,世纪华通,sz002602,22.34,21.4,21.57,22.15,21.56,34.42745,3249397,0.0,0.0,0.0,0.0435,0.0268
2014-10-09,世纪华通,sz002602,22.22,21.67,22.16,22.03,22.15,34.24092,2683512,0.0,0.0,0.0,0.0248,-0.0058
2014-10-10,世纪华通,sz002602,22.08,21.7,22.0,21.83,22.03,33.930046,1993987,0.0,0.0,0.0,0.0172,-0.0077
2014-10-13,世纪华通,sz002602,21.83,21.39,21.68,21.51,21.83,33.432667,1615926,0.0,0.0,0.0,0.0201,-0.0078
2014-10-14,世纪华通,sz002602,21.89,21.44,21.6,21.6,21.51,33.572548,1555252,0.0,0.0,0.0,0.0209,0.0
2014-10-15,世纪华通,sz002602,21.82,21.5,21.6,21.56,21.6,33.510372,1267829,0.0,0.0,0.0,0.0148,-0.0018
2014-10-16,世纪华通,sz002602,21.58,20.57,21.56,20.67,21.56,32.127064,3348049,0.0,0.0,0.0,0.0468,-0.0412
2014-10-17,世纪华通,sz002602,20.66,20.0,20.66,20.21,20.67,31.412107,2380154,0.0,0.0,0.0,0.0319,-0.0217
2014-10-20,世纪华通,sz002602,20.68,20.04,20.21,20.49,20.21,31.847322,1170164,0.0,0.0,0.0,0.0316,0.0138
2014-10-21,世纪华通,sz002602,20.96,20.51,20.79,20.75,20.49,32.251434,1520484,0.0,0.0,0.0,0.0219,-0.0019
2014-10-22,世纪华通,sz002602,22.32,20.6,20.6,21.37,20.75,33.215107,5045413,0.0,0.0,0.0,0.0828,0.0373
2014-10-23,世纪华通,sz002602,21.91,20.9,21.0,21.85,21.37,33.96115,3719970,0.0,0.0,0.0,0.0472,0.0404
2014-10-24,世纪华通,sz002602,22.28,21.66,21.8,22.02,21.85,34.22537,3942129,0.0,0.0,0.0,0.0283,0.01
2014-10-27,世纪华通,sz002602,22.11,21.63,22.02,21.78,22.02,33.85235,2169378,0.0,0.0,0.0,0.0217,-0.0108
2014-10-28,世纪华通,sz002602,22.1,21.58,21.8,22.09,21.78,34.334167,2662529,0.0,0.0,0.0,0.0238,0.0133
2014-10-29,世纪华通,sz002602,22.88,21.97,22.11,22.6,22.09,35.12684,5601926,0.0,0.0,0.0,0.0411,0.0221
2014-10-30,世纪华通,sz002602,22.64,22.31,22.53,22.39,22.6,34.80044,2124746,0.0,0.0,0.0,0.0146,-0.0062
2014-10-31,世纪华通,sz002602,22.58,21.5,22.27,21.92,22.39,34.069912,2136454,0.0,0.0,0.0,0.0482,-0.0157
2014-11-03,世纪华通,sz002602,22.24,21.8,21.9,21.93,21.92,34.085445,1445528,0.0,0.0,0.0,0.02,0.0013
2014-11-04,世纪华通,sz002602,22.22,21.7,21.88,21.89,21.93,34.023273,1630605,0.0,0.0,0.0,0.0237,4.0E-4
2014-11-05,世纪华通,sz002602,22.69,21.83,21.88,22.62,21.89,35.157917,4034465,0.0,0.0,0.0,0.0392,0.0338
2014-11-06,世纪华通,sz002602,23.5,22.55,22.7,23.2,22.62,36.059402,6145437,0.0,0.0,0.0,0.0419,0.022
2014-11-07,世纪华通,sz002602,24.55,22.88,23.26,24.21,23.2,37.62921,9645735,0.0,0.0,0.0,0.0719,0.0408
2014-11-10,世纪华通,sz002602,26.63,24.19,24.21,26.63,24.21,41.39059,12330198,0.0,0.0,0.0,0.1007,0.0999
2014-11-11,世纪华通,sz002602,27.6,25.83,27.45,26.94,26.63,41.872417,9204187,0.0,0.0,0.0,0.0664,-0.0185
2014-11-12,世纪华通,sz002602,27.64,26.2,26.55,27.19,26.94,42.260994,5286356,0.0,0.0,0.0,0.0534,0.0241
2014-11-13,世纪华通,sz002602,27.19,26.01,27.18,26.01,27.19,40.42695,3650078,0.0,0.0,0.0,0.0433,-0.043
2014-11-14,世纪华通,sz002602,26.19,25.07,26.15,25.8,26.01,40.100544,3749393,0.0,0.0,0.0,0.043,-0.0133
2014-11-17,世纪华通,sz002602,27.84,25.78,25.85,27.3,25.8,42.431988,4606491,0.0,0.0,0.0,0.0798,0.056
2014-11-18,世纪华通,sz002602,28.1,26.74,27.32,27.32,27.3,42.463093,3366891,0.0,0.0,0.0,0.0498,0.0
2014-11-19,世纪华通,sz002602,27.98,27.02,27.32,27.32,27.32,42.463093,2923934,0.0,0.0,0.0,0.0351,0.0
2014-11-20,世纪华通,sz002602,28.15,27.11,27.3,27.49,27.32,42.72734,2712931,0.0,0.0,0.0,0.038,0.0069
2014-11-21,世纪华通,sz002602,28.0,27.58,27.66,27.9,27.49,43.364616,2424653,0.0,0.0,0.0,0.0152,0.0086
2014-11-24,世纪华通,sz002602,29.7,28.02,28.02,28.81,27.9,44.779,4415885,0.0,0.0,0.0,0.0602,0.0281
2014-11-25,世纪华通,sz002602,29.03,27.6,29.0,27.64,28.81,42.960476,3525754,0.0,0.0,0.0,0.0496,-0.0468
2014-11-26,世纪华通,sz002602,27.62,26.39,27.53,26.77,27.64,41.608253,5290333,0.0,0.0,0.0,0.0445,-0.0276
2014-11-27,世纪华通,sz002602,27.28,24.09,26.8,24.5,26.77,38.08004,15844447,0.0,0.0,0.0,0.1191,-0.0858
2014-11-28,世纪华通,sz002602,24.1,23.21,24.1,23.86,24.5,37.08531,15464953,0.0,0.0,0.0,0.0363,-0.0099
2014-12-01,世纪华通,sz002602,23.68,23.15,23.6,23.56,23.86,36.61904,7112250,0.0,0.0,0.0,0.0222,-0.0016
2014-12-02,世纪华通,sz002602,23.99,23.5,23.5,23.84,23.56,37.054256,7044599,0.0,0.0,0.0,0.0207,0.0144
2014-12-03,世纪华通,sz002602,24.5,23.7,23.75,24.39,23.84,37.9091,8105950,0.0,0.0,0.0,0.0335,0.0269
2014-12-04,世纪华通,sz002602,26.78,24.5,24.65,26.58,24.39,41.312996,14365332,0.0,0.0,0.0,0.0934,0.0782
2015-01-01,世纪华通,sz002602,26.58,26.58,26.58,26.58,26.58,13.19,0,0.0,0.0,0.0,0.0,0.0
2015-01-02,世纪华通,sz002602,26.58,26.58,26.58,26.58,26.58,13.19,0,0.0,0.0,0.0,0.0,0.0
2015-01-05,世纪华通,sz002602,26.58,26.58,26.58,26.58,26.58,13.19,0,0.0,0.0,0.0,0.0,0.0
2015-01-06,世纪华通,sz002602,26.58,26.58,26.58,26.58,26.58,13.19,0,0.0,0.0,0.0,0.0,0.0
2015-01-07,世纪华通,sz002602,26.58,26.58,26.58,26.58,26.58,13.19,0,0.0,0.0,0.0,0.0,0.0
2015-01-08,世纪华通,sz002602,26.58,26.58,26.58,26.58,26.58,13.19,0,0.0,0.0,0.0,0.0,0.0
2015-01-09,世纪华通,sz002602,26.58,26.58,26.58,26.58,26.58,13.19,0,0.0,0.0,0.0,0.0,0.0
2015-01-12,世纪华通,sz002602,26.58,26.58,26.58,26.58,26.58,13.19,0,0.0,0.0,0.0,0.0,0.0
2015-01-13,世纪华通,sz002602,26.58,26.58,26.58,26.58,26.58,13.19,0,0.0,0.0,0.0,0.0,0.0
2015-01-14,世纪华通,sz002602,26.58,26.58,26.58,26.58,26.58,13.19,0,0.0,0.0,0.0,0.0,0.0
2015-01-15,世纪华通,sz002602,26.58,26.58,26.58,26.58,26.58,13.19,0,0.0,0.0,0.0,0.0,0.0
2015-01-16,世纪华通,sz002602,26.58,26.58,26.58,26.58,26.58,13.19,0,0.0,0.0,0.0,0.0,0.0
2015-01-19,世纪华通,sz002602,26.58,26.58,26.58,26.58,26.58,13.19,0,0.0,0.0,0.0,0.0,0.0
2015-01-20,世纪华通,sz002602,26.58,26.58,26.58,26.58,26.58,13.19,0,0.0,0.0,0.0,0.0,0.0
2015-01-21,世纪华通,sz002602,26.58,26.58,26.58,26.58,26.58,13.19,0,0.0,0.0,0.0,0.0,0.0
2015-01-22,世纪华通,sz002602,26.58,26.58,26.58,26.58,26.58,13.19,0,0.0,0.0,0.0,0.0,0.0
2015-01-23,世纪华通,sz002602,26.58,26.58,26.58,26.58,26.58,13.19,0,0.0,0.0,0.0,0.0,0.0
2015-01-26,世纪华通,sz002602,26.58,26.58,26.58,26.58,26.58,13.19,0,0.0,0.0,0.0,0.0,0.0
2015-01-27,世纪华通,sz002602,26.58,26.58,26.58,26.58,26.58,13.19,0,0.0,0.0,0.0,0.0,0.0
2015-01-28,世纪华通,sz002602,26.58,26.58,26.58,26.58,26.58,13.19,0,0.0,0.0,0.0,0.0,0.0
2015-01-29,世纪华通,sz002602,26.58,26.58,26.58,26.58,26.58,13.19,0,0.0,0.0,0.0,0.0,0.0
2015-01-30,世纪华通,sz002602,26.58,26.58,26.58,26.58,26.58,13.19,0,0.0,0.0,0.0,0.0,0.0
2015-02-02,世纪华通,sz002602,26.58,26.58,26.58,26.58,26.58,13.19,0,0.0,0.0,0.0,0.0,0.0
2015-02-03,世纪华通,sz002602,26.58,26.58,26.58,26.58,26.58,13.19,0,0.0,0.0,0.0,0.0,0.0
2015-02-04,世纪华通,sz002602,26.58,26.58,26.58,26.58,26.58,13.19,0,0.0,0.0,0.0,0.0,0.0
2015-02-05,世纪华通,sz002602,26.58,26.58,26.58,26.58,26.58,13.19,0,0.0,0.0,0.0,0.0,0.0
2015-02-06,世纪华通,sz002602,26.58,26.58,26.58,26.58,26.58,13.19,0,0.0,0.0,0.0,0.0,0.0
2015-02-09,世纪华通,sz002602,26.58,26.58,26.58,26.58,26.58,13.19,0,0.0,0.0,0.0,0.0,0.0
2015-02-10,世纪华通,sz002602,26.58,26.58,26.58,26.58,26.58,13.19,0,0.0,0.0,0.0,0.0,0.0
2015-02-11,世纪华通,sz002602,26.58,26.58,26.58,26.58,26.58,13.19,0,0.0,0.0,0.0,0.0,0.0
2015-02-12,世纪华通,sz002602,26.58,26.58,26.58,26.58,26.58,13.19,0,0.0,0.0,0.0,0.0,0.0
2015-02-13,世纪华通,sz002602,26.58,26.58,26.58,26.58,26.58,13.19,0,0.0,0.0,0.0,0.0,0.0
2015-02-16,世纪华通,sz002602,26.58,26.58,26.58,26.58,26.58,13.19,0,0.0,0.0,0.0,0.0,0.0
2015-02-17,世纪华通,sz002602,26.58,26.58,26.58,26.58,26.58,13.19,0,0.0,0.0,0.0,0.0,0.0
2015-02-18,世纪华通,sz002602,26.58,26.58,26.58,26.58,26.58,13.19,0,0.0,0.0,0.0,0.0,0.0
2015-02-19,世纪华通,sz002602,26.58,26.58,26.58,26.58,26.58,13.19,0,0.0,0.0,0.0,0.0,0.0
2015-02-20,世纪华通,sz002602,26.58,26.58,26.58,26.58,26.58,13.19,0,0.0,0.0,0.0,0.0,0.0
2015-02-23,世纪华通,sz002602,26.58,26.58,26.58,26.58,26.58,13.19,0,0.0,0.0,0.0,0.0,0.0
2015-02-24,世纪华通,sz002602,26.58,26.58,26.58,26.58,26.58,13.19,0,0.0,0.0,0.0,0.0,0.0
2015-02-25,世纪华通,sz002602,26.58,26.58,26.58,26.58,26.58,13.19,0,0.0,0.0,0.0,0.0,0.0
2015-02-26,世纪华通,sz002602,26.58,26.58,26.58,26.58,26.58,13.19,0,0.0,0.0,0.0,0.0,0.0
2015-02-27,世纪华通,sz002602,26.58,26.58,26.58,26.58,26.58,13.19,0,0.0,0.0,0.0,0.0,0.0
2015-03-02,世纪华通,sz002602,26.58,26.58,26.58,26.58,26.58,13.19,0,0.0,0.0,0.0,0.0,0.0
2015-03-03,世纪华通,sz002602,26.58,26.58,26.58,26.58,26.58,13.19,0,0.0,0.0,0.0,0.0,0.0
2015-03-04,世纪华通,sz002602,26.58,26.58,26.58,26.58,26.58,13.19,0,0.0,0.0,0.0,0.0,0.0
2015-03-05,世纪华通,sz002602,26.58,26.58,26.58,26.58,26.58,13.19,0,0.0,0.0,0.0,0.0,0.0
2015-03-06,世纪华通,sz002602,26.58,26.58,26.58,26.58,26.58,13.19,0,0.0,0.0,0.0,0.0,0.0
2015-03-09,世纪华通,sz002602,26.58,26.58,26.58,26.58,26.58,13.19,0,0.0,0.0,0.0,0.0,0.0
2015-03-10,世纪华通,sz002602,26.58,26.58,26.58,26.58,26.58,13.19,0,0.0,0.0,0.0,0.0,0.0
2015-03-11,世纪华通,sz002602,26.58,26.58,26.58,26.58,26.58,13.19,0,0.0,0.0,0.0,0.0,0.0
2015-03-12,世纪华通,sz002602,26.58,26.58,26.58,26.58,26.58,13.19,0,0.0,0.0,0.0,0.0,0.0
2015-03-13,世纪华通,sz002602,26.58,26.58,26.58,26.58,26.58,13.19,0,0.0,0.0,0.0,0.0,0.0
2015-03-16,世纪华通,sz002602,26.58,26.58,26.58,26.58,26.58,13.19,0,0.0,0.0,0.0,0.0,0.0
2015-03-17,世纪华通,sz002602,26.58,26.58,26.58,26.58,26.58,13.19,0,0.0,0.0,0.0,0.0,0.0
2015-03-18,世纪华通,sz002602,26.58,26.58,26.58,26.58,26.58,13.19,0,0.0,0.0,0.0,0.0,0.0
2015-03-19,世纪华通,sz002602,26.58,26.58,26.58,26.58,26.58,13.19,0,0.0,0.0,0.0,0.0,0.0
2015-03-20,世纪华通,sz002602,26.58,26.58,26.58,26.58,26.58,13.19,0,0.0,0.0,0.0,0.0,0.0
2015-03-23,世纪华通,sz002602,26.58,26.58,26.58,26.58,26.58,13.19,0,0.0,0.0,0.0,0.0,0.0
2015-03-24,世纪华通,sz002602,26.58,26.58,26.58,26.58,26.58,13.19,0,0.0,0.0,0.0,0.0,0.0
2015-03-25,世纪华通,sz002602,26.58,26.58,26.58,26.58,26.58,13.19,0,0.0,0.0,0.0,0.0,0.0
2015-03-26,世纪华通,sz002602,26.58,26.58,26.58,26.58,26.58,13.19,0,0.0,0.0,0.0,0.0,0.0
2015-03-27,世纪华通,sz002602,26.58,26.58,26.58,26.58,26.58,13.19,0,0.0,0.0,0.0,0.0,0.0
2015-03-30,世纪华通,sz002602,26.58,26.58,26.58,26.58,26.58,13.19,0,0.0,0.0,0.0,0.0,0.0
2015-03-31,世纪华通,sz002602,26.58,26.58,26.58,26.58,26.58,13.19,0,0.0,0.0,0.0,0.0,0.0
2015-04-01,世纪华通,sz002602,26.58,26.58,26.58,26.58,26.58,13.19,0,0.0,0.0,0.0,0.0,0.0
2015-04-02,世纪华通,sz002602,26.58,26.58,26.58,26.58,26.58,13.19,0,0.0,0.0,0.0,0.0,0.0
2015-04-03,世纪华通,sz002602,26.58,26.58,26.58,26.58,26.58,13.19,0,0.0,0.0,0.0,0.0,0.0
2015-04-06,世纪华通,sz002602,26.58,26.58,26.58,26.58,26.58,13.19,0,0.0,0.0,0.0,0.0,0.0
2015-04-07,世纪华通,sz002602,26.58,26.58,26.58,26.58,26.58,13.19,0,0.0,0.0,0.0,0.0,0.0
2015-04-08,世纪华通,sz002602,26.58,26.58,26.58,26.58,26.58,13.19,0,0.0,0.0,0.0,0.0,0.0
2015-04-09,世纪华通,sz002602,26.58,26.58,26.58,26.58,26.58,13.19,0,0.0,0.0,0.0,0.0,0.0
2015-04-10,世纪华通,sz002602,26.58,26.58,26.58,26.58,26.58,13.19,0,0.0,0.0,0.0,0.0,0.0
2015-04-13,世纪华通,sz002602,26.58,26.58,26.58,26.58,26.58,13.19,0,0.0,0.0,0.0,0.0,0.0
2015-04-14,世纪华通,sz002602,26.58,26.58,26.58,26.58,26.58,13.19,0,0.0,0.0,0.0,0.0,0.0
2015-04-15,世纪华通,sz002602,26.58,26.58,26.58,26.58,26.58,13.19,0,0.0,0.0,0.0,0.0,0.0
2015-04-16,世纪华通,sz002602,26.58,26.58,26.58,26.58,26.58,13.19,0,0.0,0.0,0.0,0.0,0.0
2015-04-17,世纪华通,sz002602,26.58,26.58,26.58,26.58,26.58,13.19,0,0.0,0.0,0.0,0.0,0.0
2015-04-20,世纪华通,sz002602,26.58,26.58,26.58,26.58,26.58,13.19,0,0.0,0.0,0.0,0.0,0.0
2015-04-21,世纪华通,sz002602,26.58,26.58,26.58,26.58,26.58,13.19,0,0.0,0.0,0.0,0.0,0.0
2015-04-22,世纪华通,sz002602,26.58,26.58,26.58,26.58,26.58,13.19,0,0.0,0.0,0.0,0.0,0.0
2015-04-23,世纪华通,sz002602,26.58,26.58,26.58,26.58,26.58,13.19,0,0.0,0.0,0.0,0.0,0.0
2015-04-24,世纪华通,sz002602,26.58,26.58,26.58,26.58,26.58,13.19,0,0.0,0.0,0.0,0.0,0.0
2015-04-27,世纪华通,sz002602,26.58,26.58,26.58,26.58,26.58,13.19,0,0.0,0.0,0.0,0.0,0.0
2015-04-28,世纪华通,sz002602,26.58,26.58,26.58,26.58,26.58,13.19,0,0.0,0.0,0.0,0.0,0.0
2015-04-29,世纪华通,sz002602,26.58,26.58,26.58,26.58,26.58,13.19,0,0.0,0.0,0.0,0.0,0.0
2015-04-30,世纪华通,sz002602,26.58,26.58,26.58,26.58,26.58,13.19,0,0.0,0.0,0.0,0.0,0.0
2015-05-01,世纪华通,sz002602,26.58,26.58,26.58,26.58,26.58,13.19,0,0.0,0.0,0.0,0.0,0.0
2015-05-04,世纪华通,sz002602,26.58,26.58,26.58,26.58,26.58,13.19,0,0.0,0.0,0.0,0.0,0.0
2015-05-05,世纪华通,sz002602,26.58,26.58,26.58,26.58,26.58,13.19,0,0.0,0.0,0.0,0.0,0.0
2015-05-06,世纪华通,sz002602,26.58,26.58,26.58,26.58,26.58,13.19,0,0.0,0.0,0.0,0.0,0.0
2015-05-07,世纪华通,sz002602,26.58,26.58,26.58,26.58,26.58,13.19,0,0.0,0.0,0.0,0.0,0.0
2015-05-08,世纪华通,sz002602,26.58,26.58,26.58,26.58,26.58,13.19,0,0.0,0.0,0.0,0.0,0.0
2015-05-11,世纪华通,sz002602,26.58,26.58,26.58,26.58,26.58,13.19,0,0.0,0.0,0.0,0.0,0.0
2015-05-12,世纪华通,sz002602,26.58,26.58,26.58,26.58,26.58,13.19,0,0.0,0.0,0.0,0.0,0.0
2015-05-13,世纪华通,sz002602,26.58,26.58,26.58,26.58,26.58,13.19,0,0.0,0.0,0.0,0.0,0.0
2015-05-14,世纪华通,sz002602,26.58,26.58,26.58,26.58,26.58,13.19,0,0.0,0.0,0.0,0.0,0.0
2015-05-15,世纪华通,sz002602,26.58,26.58,26.58,26.58,26.58,13.19,0,0.0,0.0,0.0,0.0,0.0
2015-05-18,世纪华通,sz002602,26.58,26.58,26.58,26.58,26.58,13.19,0,0.0,0.0,0.0,0.0,0.0
2015-05-19,世纪华通,sz002602,26.58,26.58,26.58,26.58,26.58,13.19,0,0.0,0.0,0.0,0.0,0.0
2015-05-20,世纪华通,sz002602,26.58,26.58,26.58,26.58,26.58,13.19,0,0.0,0.0,0.0,0.0,0.0
2015-05-21,世纪华通,sz002602,26.58,26.58,26.58,26.58,26.58,13.19,0,0.0,0.0,0.0,0.0,0.0
2015-05-22,世纪华通,sz002602,26.58,26.58,26.58,26.58,26.58,13.19,0,0.0,0.0,0.0,0.0,0.0
2015-05-25,世纪华通,sz002602,26.58,26.58,26.58,26.58,26.58,13.19,0,0.0,0.0,0.0,0.0,0.0
2015-05-26,世纪华通,sz002602,26.58,26.58,26.58,26.58,26.58,13.19,0,0.0,0.0,0.0,0.0,0.0
2015-05-27,世纪华通,sz002602,26.58,26.58,26.58,26.58,26.58,13.19,0,0.0,0.0,0.0,0.0,0.0
2015-05-28,世纪华通,sz002602,26.58,26.58,26.58,26.58,26.58,13.19,0,0.0,0.0,0.0,0.0,0.0
2015-05-29,世纪华通,sz002602,26.58,26.58,26.58,26.58,26.58,13.19,0,0.0,0.0,0.0,0.0,0.0
2015-06-01,世纪华通,sz002602,26.58,26.58,26.58,26.58,26.58,13.19,0,0.0,0.0,0.0,0.0,0.0
2015-06-02,世纪华通,sz002602,26.58,26.58,26.58,26.58,26.58,13.19,0,0.0,0.0,0.0,0.0,0.0
2015-06-03,世纪华通,sz002602,26.58,26.58,26.58,26.58,26.58,13.19,0,0.0,0.0,0.0,0.0,0.0
2015-06-04,世纪华通,sz002602,26.58,26.58,26.58,26.58,26.58,13.19,0,0.0,0.0,0.0,0.0,0.0
2015-06-05,世纪华通,sz002602,26.58,26.58,26.58,26.58,26.58,13.19,0,0.0,0.0,0.0,0.0,0.0
2015-06-08,世纪华通,sz002602,26.58,26.58,26.58,26.58,26.58,13.19,0,0.0,0.0,0.0,0.0,0.0
2015-06-09,世纪华通,sz002602,26.58,26.58,26.58,26.58,26.58,13.19,0,0.0,0.0,0.0,0.0,0.0
2015-06-10,世纪华通,sz002602,26.58,26.58,26.58,26.58,26.58,13.19,0,0.0,0.0,0.0,0.0,0.0
2015-06-11,世纪华通,sz002602,26.58,26.58,26.58,26.58,26.58,13.19,0,0.0,0.0,0.0,0.0,0.0
2015-06-12,世纪华通,sz002602,26.58,26.58,26.58,26.58,26.58,13.19,0,0.0,0.0,0.0,0.0,0.0
2015-06-15,世纪华通,sz002602,26.58,26.58,26.58,26.58,26.58,13.19,0,0.0,0.0,0.0,0.0,0.0
2015-06-16,世纪华通,sz002602,13.29,13.29,13.29,13.29,26.58,6.595,0,0.0,0.0,0.0,0.0,0.0
2015-06-17,世纪华通,sz002602,13.29,13.29,13.29,13.29,13.29,6.595,0,0.0,0.0,0.0,0.0,0.0
2015-06-18,世纪华通,sz002602,13.29,13.29,13.29,13.29,13.29,13.29,0,0.0,0.0,0.0,0.0,0.0
2015-06-19,世纪华通,sz002602,13.29,13.29,13.29,13.29,13.29,13.29,0,0.0,0.0,0.0,0.0,0.0
2015-06-22,世纪华通,sz002602,13.29,13.29,13.29,13.29,13.29,13.29,0,0.0,0.0,0.0,0.0,0.0
2015-06-23,世纪华通,sz002602,13.29,13.29,13.29,13.29,13.29,13.29,0,0.0,0.0,0.0,0.0,0.0
2015-06-24,世纪华通,sz002602,13.29,13.29,13.29,13.29,13.29,13.29,0,0.0,0.0,0.0,0.0,0.0
2015-06-25,世纪华通,sz002602,13.29,13.29,13.29,13.29,13.29,13.29,0,0.0,0.0,0.0,0.0,0.0
2015-06-26,世纪华通,sz002602,13.29,13.29,13.29,13.29,13.29,13.29,0,0.0,0.0,0.0,0.0,0.0
2015-06-29,世纪华通,sz002602,13.29,13.29,13.29,13.29,13.29,13.29,0,0.0,0.0,0.0,0.0,0.0
2015-06-30,世纪华通,sz002602,13.29,13.29,13.29,13.29,13.29,13.29,0,0.0,0.0,0.0,0.0,0.0
2015-07-01,世纪华通,sz002602,13.29,13.29,13.29,13.29,13.29,13.29,0,0.0,0.0,0.0,0.0,0.0
2015-07-02,世纪华通,sz002602,13.29,13.29,13.29,13.29,13.29,13.29,0,0.0,0.0,0.0,0.0,0.0
2015-07-03,世纪华通,sz002602,13.29,13.29,13.29,13.29,13.29,13.29,0,0.0,0.0,0.0,0.0,0.0
2015-07-06,世纪华通,sz002602,13.29,13.29,13.29,13.29,13.29,13.29,0,0.0,0.0,0.0,0.0,0.0
2015-07-07,世纪华通,sz002602,13.29,13.29,13.29,13.29,13.29,13.29,0,0.0,0.0,0.0,0.0,0.0
2015-07-08,世纪华通,sz002602,13.29,13.29,13.29,13.29,13.29,13.29,0,0.0,0.0,0.0,0.0,0.0
2015-07-09,世纪华通,sz002602,13.29,13.29,13.29,13.29,13.29,13.29,0,0.0,0.0,0.0,0.0,0.0
2015-07-10,世纪华通,sz002602,13.29,13.29,13.29,13.29,13.29,13.29,0,0.0,0.0,0.0,0.0,0.0
2015-07-13,世纪华通,sz002602,13.29,13.29,13.29,13.29,13.29,13.29,0,0.0,0.0,0.0,0.0,0.0
2015-07-14,世纪华通,sz002602,13.29,13.29,13.29,13.29,13.29,13.29,0,0.0,0.0,0.0,0.0,0.0
2015-07-15,世纪华通,sz002602,13.29,13.29,13.29,13.29,13.29,13.29,0,0.0,0.0,0.0,0.0,0.0
2015-07-16,世纪华通,sz002602,13.29,13.29,13.29,13.29,13.29,13.29,0,0.0,0.0,0.0,0.0,0.0
2015-07-17,世纪华通,sz002602,13.29,13.29,13.29,13.29,13.29,13.29,0,0.0,0.0,0.0,0.0,0.0
2015-07-20,世纪华通,sz002602,13.29,13.29,13.29,13.29,13.29,13.29,0,0.0,0.0,0.0,0.0,0.0
2015-07-21,世纪华通,sz002602,13.29,13.29,13.29,13.29,13.29,13.29,0,0.0,0.0,0.0,0.0,0.0
2015-07-22,世纪华通,sz002602,13.29,13.29,13.29,13.29,13.29,13.29,0,0.0,0.0,0.0,0.0,0.0
2015-07-23,世纪华通,sz002602,13.29,13.29,13.29,13.29,13.29,13.29,0,0.0,0.0,0.0,0.0,0.0
2015-07-24,世纪华通,sz002602,13.29,13.29,13.29,13.29,13.29,13.29,0,0.0,0.0,0.0,0.0,0.0
2015-07-27,世纪华通,sz002602,13.29,13.29,13.29,13.29,13.29,13.29,0,0.0,0.0,0.0,0.0,0.0
2015-07-28,世纪华通,sz002602,13.29,13.29,13.29,13.29,13.29,13.29,0,0.0,0.0,0.0,0.0,0.0
2015-07-29,世纪华通,sz002602,13.29,13.29,13.29,13.29,13.29,13.29,0,0.0,0.0,0.0,0.0,0.0
2015-07-30,世纪华通,sz002602,13.29,13.29,13.29,13.29,13.29,13.29,0,0.0,0.0,0.0,0.0,0.0
2015-07-31,世纪华通,sz002602,13.29,13.29,13.29,13.29,13.29,13.29,0,0.0,0.0,0.0,0.0,0.0
2015-08-03,世纪华通,sz002602,13.29,13.29,13.29,13.29,13.29,13.29,0,0.0,0.0,0.0,0.0,0.0
2015-08-04,世纪华通,sz002602,13.29,13.29,13.29,13.29,13.29,13.29,0,0.0,0.0,0.0,0.0,0.0
2015-08-05,世纪华通,sz002602,13.29,13.29,13.29,13.29,13.29,13.29,0,0.0,0.0,0.0,0.0,0.0
2015-08-06,世纪华通,sz002602,13.29,13.29,13.29,13.29,13.29,13.29,0,0.0,0.0,0.0,0.0,0.0
2015-08-07,世纪华通,sz002602,13.29,13.29,13.29,13.29,13.29,13.29,0,0.0,0.0,0.0,0.0,0.0
2015-08-10,世纪华通,sz002602,13.29,13.29,13.29,13.29,13.29,13.29,0,0.0,0.0,0.0,0.0,0.0
2015-08-11,世纪华通,sz002602,13.29,13.29,13.29,13.29,13.29,13.29,0,0.0,0.0,0.0,0.0,0.0
2015-08-12,世纪华通,sz002602,13.29,13.29,13.29,13.29,13.29,13.29,0,0.0,0.0,0.0,0.0,0.0
2015-08-13,世纪华通,sz002602,13.29,13.29,13.29,13.29,13.29,13.29,0,0.0,0.0,0.0,0.0,0.0
2015-08-14,世纪华通,sz002602,13.29,13.29,13.29,13.29,13.29,13.29,0,0.0,0.0,0.0,0.0,0.0
2015-08-17,世纪华通,sz002602,13.29,13.29,13.29,13.29,13.29,13.29,0,0.0,0.0,0.0,0.0,0.0
2015-08-18,世纪华通,sz002602,13.29,13.29,13.29,13.29,13.29,13.29,0,0.0,0.0,0.0,0.0,0.0
2015-08-19,世纪华通,sz002602,13.29,13.29,13.29,13.29,13.29,13.29,0,0.0,0.0,0.0,0.0,0.0
2015-08-20,世纪华通,sz002602,13.29,13.29,13.29,13.29,13.29,13.29,0,0.0,0.0,0.0,0.0,0.0
2015-08-21,世纪华通,sz002602,13.29,13.29,13.29,13.29,13.29,13.29,0,0.0,0.0,0.0,0.0,0.0
2015-08-24,世纪华通,sz002602,13.29,13.29,13.29,13.29,13.29,13.29,0,0.0,0.0,0.0,0.0,0.0
2015-08-25,世纪华通,sz002602,13.29,13.29,13.29,13.29,13.29,13.29,0,0.0,0.0,0.0,0.0,0.0
2015-08-26,世纪华通,sz002602,13.29,13.29,13.29,13.29,13.29,13.29,0,0.0,0.0,0.0,0.0,0.0
2015-08-27,世纪华通,sz002602,13.29,13.29,13.29,13.29,13.29,13.29,0,0.0,0.0,0.0,0.0,0.0
2015-08-28,世纪华通,sz002602,13.29,13.29,13.29,13.29,13.29,13.29,0,0.0,0.0,0.0,0.0,0.0
2015-08-31,世纪华通,sz002602,13.29,13.29,13.29,13.29,13.29,13.29,0,0.0,0.0,0.0,0.0,0.0
2015-09-01,世纪华通,sz002602,13.29,13.29,13.29,13.29,13.29,13.29,0,0.0,0.0,0.0,0.0,0.0
2015-09-02,世纪华通,sz002602,13.29,13.29,13.29,13.29,13.29,13.29,0,0.0,0.0,0.0,0.0,0.0
2015-09-03,世纪华通,sz002602,13.29,13.29,13.29,13.29,13.29,13.29,0,0.0,0.0,0.0,0.0,0.0
2015-09-04,世纪华通,sz002602,13.29,13.29,13.29,13.29,13.29,13.29,0,0.0,0.0,0.0,0.0,0.0
2015-09-07,世纪华通,sz002602,13.29,13.29,13.29,13.29,13.29,13.29,0,0.0,0.0,0.0,0.0,0.0
2015-09-08,世纪华通,sz002602,13.29,13.29,13.29,13.29,13.29,13.29,0,0.0,0.0,0.0,0.0,0.0
2015-09-09,世纪华通,sz002602,13.29,13.29,13.29,13.29,13.29,13.29,0,0.0,0.0,0.0,0.0,0.0
2015-09-10,世纪华通,sz002602,13.29,13.29,13.29,13.29,13.29,13.29,0,0.0,0.0,0.0,0.0,0.0
2015-09-11,世纪华通,sz002602,13.29,13.29,13.29,13.29,13.29,13.29,0,0.0,0.0,0.0,0.0,0.0
2015-09-14,世纪华通,sz002602,13.29,13.29,13.29,13.29,13.29,13.29,0,0.0,0.0,0.0,0.0,0.0
2015-09-15,世纪华通,sz002602,13.29,13.29,13.29,13.29,13.29,13.29,0,0.0,0.0,0.0,0.0,0.0
2015-09-16,世纪华通,sz002602,13.29,13.29,13.29,13.29,13.29,13.29,0,0.0,0.0,0.0,0.0,0.0
2015-09-17,世纪华通,sz002602,13.29,13.29,13.29,13.29,13.29,13.29,0,0.0,0.0,0.0,0.0,0.0
2015-09-18,世纪华通,sz002602,13.29,13.29,13.29,13.29,13.29,13.29,0,0.0,0.0,0.0,0.0,0.0
2015-09-21,世纪华通,sz002602,13.29,13.29,13.29,13.29,13.29,13.29,0,0.0,0.0,0.0,0.0,0.0
2015-09-22,世纪华通,sz002602,13.29,13.29,13.29,13.29,13.29,13.29,0,0.0,0.0,0.0,0.0,0.0
2015-09-23,世纪华通,sz002602,13.29,13.29,13.29,13.29,13.29,13.29,0,0.0,0.0,0.0,0.0,0.0
2015-09-24,世纪华通,sz002602,13.29,13.29,13.29,13.29,13.29,13.29,0,0.0,0.0,0.0,0.0,0.0
2015-09-25,世纪华通,sz002602,13.29,13.29,13.29,13.29,13.29,13.29,0,0.0,0.0,0.0,0.0,0.0
2015-09-28,世纪华通,sz002602,13.29,13.29,13.29,13.29,13.29,13.29,0,0.0,0.0,0.0,0.0,0.0
2015-09-29,世纪华通,sz002602,13.29,13.29,13.29,13.29,13.29,13.29,0,0.0,0.0,0.0,0.0,0.0
2015-09-30,世纪华通,sz002602,13.29,13.29,13.29,13.29,13.29,13.29,0,0.0,0.0,0.0,0.0,0.0
2015-10-01,世纪华通,sz002602,13.29,13.29,13.29,13.29,13.29,13.29,0,0.0,0.0,0.0,0.0,0.0
2015-10-02,世纪华通,sz002602,13.29,13.29,13.29,13.29,13.29,13.29,0,0.0,0.0,0.0,0.0,0.0
2015-10-05,世纪华通,sz002602,13.29,13.29,13.29,13.29,13.29,13.29,0,0.0,0.0,0.0,0.0,0.0
2015-10-06,世纪华通,sz002602,13.29,13.29,13.29,13.29,13.29,13.29,0,0.0,0.0,0.0,0.0,0.0
2015-10-07,世纪华通,sz002602,13.29,13.29,13.29,13.29,13.29,13.29,0,0.0,0.0,0.0,0.0,0.0
2015-10-08,世纪华通,sz002602,13.29,13.29,13.29,13.29,13.29,13.29,0,0.0,0.0,0.0,0.0,0.0
2015-10-09,世纪华通,sz002602,13.29,13.29,13.29,13.29,13.29,13.29,0,0.0,0.0,0.0,0.0,0.0
2015-10-12,世纪华通,sz002602,13.29,13.29,13.29,13.29,13.29,13.29,0,0.0,0.0,0.0,0.0,0.0
2015-10-13,世纪华通,sz002602,13.29,13.29,13.29,13.29,13.29,13.29,0,0.0,0.0,0.0,0.0,0.0
2015-10-14,世纪华通,sz002602,13.29,13.29,13.29,13.29,13.29,13.29,0,0.0,0.0,0.0,0.0,0.0
2015-10-15,世纪华通,sz002602,13.29,13.29,13.29,13.29,13.29,13.29,0,0.0,0.0,0.0,0.0,0.0
2015-10-16,世纪华通,sz002602,13.29,13.29,13.29,13.29,13.29,13.29,0,0.0,0.0,0.0,0.0,0.0
2015-10-19,世纪华通,sz002602,13.29,13.29,13.29,13.29,13.29,13.29,0,0.0,0.0,0.0,0.0,0.0
2015-10-20,世纪华通,sz002602,13.29,13.29,13.29,13.29,13.29,13.29,0,0.0,0.0,0.0,0.0,0.0
2015-10-21,世纪华通,sz002602,13.29,13.29,13.29,13.29,13.29,13.29,0,0.0,0.0,0.0,0.0,0.0
2015-10-22,世纪华通,sz002602,13.29,13.29,13.29,13.29,13.29,13.29,0,0.0,0.0,0.0,0.0,0.0
2015-10-23,世纪华通,sz002602,13.29,13.29,13.29,13.29,13.29,13.29,0,0.0,0.0,0.0,0.0,0.0
2015-10-26,世纪华通,sz002602,13.29,13.29,13.29,13.29,13.29,13.29,0,0.0,0.0,0.0,0.0,0.0
2015-10-27,世纪华通,sz002602,13.29,13.29,13.29,13.29,13.29,13.29,0,0.0,0.0,0.0,0.0,0.0
2015-10-28,世纪华通,sz002602,13.29,13.29,13.29,13.29,13.29,13.29,0,0.0,0.0,0.0,0.0,0.0
2015-10-29,世纪华通,sz002602,13.29,13.29,13.29,13.29,13.29,13.29,0,0.0,0.0,0.0,0.0,0.0
2015-10-30,世纪华通,sz002602,13.29,13.29,13.29,13.29,13.29,13.29,0,0.0,0.0,0.0,0.0,0.0
2015-11-02,世纪华通,sz002602,13.29,13.29,13.29,13.29,13.29,13.29,0,0.0,0.0,0.0,0.0,0.0
2015-11-03,世纪华通,sz002602,0.0,0.0,0.0,0.0,13.29,0.0,0,0.0,0.0,0.0,0.0,0.0
2015-11-04,世纪华通,sz002602,0.0,0.0,0.0,0.0,0.0,0.0,0,0.0,0.0,0.0,0.0,0.0
2015-11-05,世纪华通,sz002602,0.0,0.0,0.0,0.0,0.0,0.0,0,0.0,0.0,0.0,0.0,0.0
2015-11-06,世纪华通,sz002602,0.0,0.0,0.0,0.0,0.0,0.0,0,0.0,0.0,0.0,0.0,0.0
2015-11-09,世纪华通,sz002602,0.0,0.0,0.0,0.0,0.0,0.0,0,0.0,0.0,0.0,0.0,0.0
2015-11-10,世纪华通,sz002602,0.0,0.0,0.0,0.0,0.0,0.0,0,0.0,0.0,0.0,0.0,0.0
2015-11-11,世纪华通,sz002602,0.0,0.0,0.0,0.0,0.0,0.0,0,0.0,0.0,0.0,0.0,0.0
2015-11-12,世纪华通,sz002602,0.0,0.0,0.0,0.0,0.0,0.0,0,0.0,0.0,0.0,0.0,0.0
2015-11-13,世纪华通,sz002602,0.0,0.0,0.0,0.0,0.0,0.0,0,0.0,0.0,0.0,0.0,0.0
2015-11-16,世纪华通,sz002602,0.0,0.0,0.0,0.0,0.0,0.0,0,0.0,0.0,0.0,0.0,0.0
2015-11-17,世纪华通,sz002602,0.0,0.0,0.0,0.0,0.0,0.0,0,0.0,0.0,0.0,0.0,0.0
2015-11-18,世纪华通,sz002602,0.0,0.0,0.0,0.0,0.0,0.0,0,0.0,0.0,0.0,0.0,0.0
2015-11-19,世纪华通,sz002602,0.0,0.0,0.0,0.0,0.0,0.0,0,0.0,0.0,0.0,0.0,0.0
2015-11-20,世纪华通,sz002602,0.0,0.0,0.0,0.0,0.0,0.0,0,0.0,0.0,0.0,0.0,0.0
2015-11-23,世纪华通,sz002602,0.0,0.0,0.0,0.0,0.0,0.0,0,0.0,0.0,0.0,0.0,0.0
2015-11-24,世纪华通,sz002602,0.0,0.0,0.0,0.0,0.0,0.0,0,0.0,0.0,0.0,0.0,0.0
2015-11-25,世纪华通,sz002602,0.0,0.0,0.0,0.0,0.0,0.0,0,0.0,0.0,0.0,0.0,0.0
2015-11-26,世纪华通,sz002602,0.0,0.0,0.0,0.0,0.0,0.0,0,0.0,0.0,0.0,0.0,0.0
2015-11-27,世纪华通,sz002602,0.0,0.0,0.0,0.0,0.0,0.0,0,0.0,0.0,0.0,0.0,0.0
2015-11-30,世纪华通,sz002602,0.0,0.0,0.0,0.0,0.0,0.0,0,0.0,0.0,0.0,0.0,0.0
2015-12-01,世纪华通,sz002602,0.0,0.0,0.0,0.0,0.0,0.0,0,0.0,0.0,0.0,0.0,0.0
2015-12-02,世纪华通,sz002602,0.0,0.0,0.0,0.0,0.0,0.0,0,0.0,0.0,0.0,0.0,0.0
2015-12-03,世纪华通,sz002602,0.0,0.0,0.0,0.0,0.0,0.0,0,0.0,0.0,0.0,0.0,0.0
2015-12-04,世纪华通,sz002602,0.0,0.0,0.0,0.0,0.0,0.0,0,0.0,0.0,0.0,0.0,0.0
2015-12-07,世纪华通,sz002602,0.0,0.0,0.0,0.0,0.0,0.0,0,0.0,0.0,0.0,0.0,0.0
2015-12-08,世纪华通,sz002602,14.56,14.56,14.56,14.56,0.0,14.56,1483,0.0,0.0,0.0,0.0,0.0
2015-12-09,世纪华通,sz002602,16.02,16.02,16.02,16.02,14.56,16.02,346,0.0,0.0,0.0,0.0,0.0
2015-12-10,世纪华通,sz002602,17.62,17.62,17.62,17.62,16.02,17.62,795,0.0,0.0,0.0,0.0,0.0
2015-12-11,世纪华通,sz002602,19.38,19.38,19.38,19.38,17.62,19.38,784,0.0,0.0,0.0,0.0,0.0
2015-12-14,世纪华通,sz002602,21.32,21.32,21.32,21.32,19.38,21.32,417,0.0,0.0,0.0,0.0,0.0
2015-12-15,世纪华通,sz002602,23.45,23.45,23.45,23.45,21.32,23.45,827,0.0,0.0,0.0,0.0,0.0
2015-12-16,世纪华通,sz002602,25.8,25.8,25.8,25.8,23.45,25.8,284,0.0,0.0,0.0,0.0,0.0
2015-12-17,世纪华通,sz002602,0.0,0.0,0.0,0.0,25.8,0.0,0,0.0,0.0,0.0,0.0,0.0
2015-12-18,世纪华通,sz002602,0.0,0.0,0.0,0.0,0.0,0.0,0,0.0,0.0,0.0,0.0,0.0
2015-12-21,世纪华通,sz002602,0.0,0.0,0.0,0.0,0.0,0.0,0,0.0,0.0,0.0,0.0,0.0
2015-12-22,世纪华通,sz002602,28.38,28.38,28.38,28.38,0.0,28.38,910,0.0,0.0,0.0,0.0,0.0
2015-12-23,世纪华通,sz002602,31.22,31.22,31.22,31.22,28.38,31.22,892,0.0,0.0,0.0,0.0,0.0
2015-12-24,世纪华通,sz002602,34.34,34.34,34.34,34.34,31.22,34.34,861,0.0,0.0,0.0,0.0,0.0
2015-12-25,世纪华通,sz002602,37.77,37.77,37.77,37.77,34.34,37.77,1490,0.0,0.0,0.0,0.0,0.0
2015-12-28,世纪华通,sz002602,41.55,39.0,41.55,41.55,37.77,41.55,561132,0.0,0.0,0.0,0.0675,0.0
2015-12-29,世纪华通,sz002602,0.0,0.0,0.0,0.0,41.55,0.0,0,0.0,0.0,0.0,0.0,0.0
2015-12-30,世纪华通,sz002602,40.37,37.51,39.0,37.71,0.0,37.71,311559,0.0,0.0,0.0,0.0,-0.033
2015-12-31,世纪华通,sz002602,38.85,33.94,38.3,34.05,37.71,34.05,313168,0.0,0.0,0.0,0.1302,-0.1109
2016-01-01,世纪华通,sz002602,38.85,33.94,38.3,34.05,34.05,34.05,313168,0.0,0.0,0.0,0.1441,-0.1109
2016-01-04,世纪华通,sz002602,33.6,30.65,32.99,30.65,34.05,30.65,180654,0.0,0.0,0.0,0.0866,-0.0709
2016-01-05,世纪华通,sz002602,31.49,28.4,29.51,30.25,30.65,30.25,239505,0.0,0.0,0.0,0.1008,0.025
2016-01-06,世纪华通,sz002602,32.27,29.38,29.99,30.59,30.25,30.59,266026,0.0,0.0,0.0,0.0955,0.02
2016-01-07,世纪华通,sz002602,28.8,27.53,28.8,27.53,30.59,27.53,55287,0.0,0.0,0.0,0.0415,-0.044
2016-01-08,世纪华通,sz002602,27.5,24.78,27.0,25.6,27.53,25.6,275419,0.0,0.0,0.0,0.0988,-0.0518
2016-01-11,世纪华通,sz002602,25.09,23.04,24.01,23.05,25.6,23.05,192329,0.0,0.0,0.0,0.08,-0.0399
2016-01-12,世纪华通,sz002602,25.36,23.22,23.59,25.36,23.05,25.36,243754,0.0,0.0,0.0,0.0928,0.075
2016-01-13,世纪华通,sz002602,26.48,24.0,26.14,24.0,25.36,24.0,289197,0.0,0.0,0.0,0.0977,-0.0818
2016-01-14,世纪华通,sz002602,25.9,22.03,22.78,25.2,24.0,25.2,251370,0.0,0.0,0.0,0.1612,0.1062
2016-01-15,世纪华通,sz002602,25.36,23.88,24.11,24.13,25.2,24.13,193077,0.0,0.0,0.0,0.0587,8.0E-4
2016-01-18,世纪华通,sz002602,26.35,23.33,23.61,25.38,24.13,25.38,219882,0.0,0.0,0.0,0.1251,0.0749
2016-01-19,世纪华通,sz002602,26.19,24.13,25.0,25.97,25.38,25.97,245767,0.0,0.0,0.0,0.0811,0.0387
2016-01-20,世纪华通,sz002602,27.54,25.2,25.7,26.58,25.97,26.58,281265,0.0,0.0,0.0,0.0901,0.0342
2016-01-21,世纪华通,sz002602,26.17,23.92,25.69,23.92,26.58,23.92,230943,0.0,0.0,0.0,0.0846,-0.0688
2016-01-22,世纪华通,sz002602,24.67,22.5,24.28,24.0,23.92,24.0,170158,0.0,0.0,0.0,0.0907,-0.0115
2016-01-25,世纪华通,sz002602,24.78,23.7,24.3,24.04,24.0,24.04,123319,0.0,0.0,0.0,0.045,-0.0106
2016-01-26,世纪华通,sz002602,23.59,21.64,23.38,21.64,24.04,21.64,151194,0.0,0.0,0.0,0.0811,-0.0744
2016-01-27,世纪华通,sz002602,22.0,20.4,21.83,21.69,21.64,21.69,142271,0.0,0.0,0.0,0.0739,-0.0064
2016-01-28,世纪华通,sz002602,21.54,19.52,21.11,19.52,21.69,19.52,127159,0.0,0.0,0.0,0.0931,-0.0753
2016-01-29,世纪华通,sz002602,20.76,19.3,19.54,20.46,19.52,20.46,139350,0.0,0.0,0.0,0.0747,0.047
2016-02-01,世纪华通,sz002602,21.05,19.59,20.4,20.2,20.46,20.2,104310,0.0,0.0,0.0,0.0713,-0.0098
2016-02-02,世纪华通,sz002602,22.22,20.25,20.25,22.22,20.2,22.22,131570,0.0,0.0,0.0,0.0975,0.0972
2016-02-03,世纪华通,sz002602,22.12,20.99,21.58,21.89,22.22,21.89,178562,0.0,0.0,0.0,0.0508,0.0143
2016-02-04,世纪华通,sz002602,22.87,21.75,22.0,22.08,21.89,22.08,153928,0.0,0.0,0.0,0.0511,0.0036
2016-02-05,世纪华通,sz002602,22.33,20.89,21.99,20.99,22.08,20.99,99838,0.0,0.0,0.0,0.0652,-0.0454
2016-02-08,世纪华通,sz002602,22.33,20.89,21.99,20.99,20.99,20.99,99838,0.0,0.0,0.0,0.0686,-0.0454
2016-02-09,世纪华通,sz002602,22.33,20.89,21.99,20.99,20.99,20.99,99838,0.0,0.0,0.0,0.0686,-0.0454
2016-02-10,世纪华通,sz002602,22.33,20.89,21.99,20.99,20.99,20.99,99838,0.0,0.0,0.0,0.0686,-0.0454
2016-02-11,世纪华通,sz002602,22.33,20.89,21.99,20.99,20.99,20.99,99838,0.0,0.0,0.0,0.0686,-0.0454
2016-02-12,世纪华通,sz002602,22.33,20.89,21.99,20.99,20.99,20.99,99838,0.0,0.0,0.0,0.0686,-0.0454
2016-02-15,世纪华通,sz002602,20.98,19.71,19.78,20.7,20.99,20.7,94129,0.0,0.0,0.0,0.0605,0.0465
2016-02-16,世纪华通,sz002602,22.77,20.95,21.0,22.44,20.7,22.44,175843,0.0,0.0,0.0,0.0879,0.0685
2016-02-17,世纪华通,sz002602,23.47,21.9,22.0,23.13,22.44,23.13,203527,0.0,0.0,0.0,0.0699,0.0513
2016-02-18,世纪华通,sz002602,23.39,22.48,23.22,23.19,23.13,23.19,171642,0.0,0.0,0.0,0.0393,-0.0012
2016-02-19,世纪华通,sz002602,23.5,22.72,23.0,23.15,23.19,23.15,121976,0.0,0.0,0.0,0.0336,0.0065
2016-02-22,世纪华通,sz002602,24.84,23.5,23.5,24.05,23.15,24.05,183509,0.0,0.0,0.0,0.0578,0.0234
2016-02-23,世纪华通,sz002602,24.38,23.29,24.0,23.57,24.05,23.57,131408,0.0,0.0,0.0,0.0453,-0.0179
2016-02-24,世纪华通,sz002602,25.93,23.5,23.53,25.93,23.57,25.93,343531,0.0,0.0,0.0,0.103,0.1019
2016-02-25,世纪华通,sz002602,28.38,25.58,26.34,25.97,25.93,25.97,404196,0.0,0.0,0.0,0.1079,-0.014
2016-02-26,世纪华通,sz002602,26.9,24.04,26.32,24.24,25.97,24.24,257268,0.0,0.0,0.0,0.1101,-0.079
2016-02-29,世纪华通,sz002602,23.58,21.82,23.55,21.82,24.24,21.82,146909,0.0,0.0,0.0,0.0726,-0.0734
2016-03-01,世纪华通,sz002602,22.26,19.87,20.8,21.39,21.82,21.39,159424,0.0,0.0,0.0,0.1095,0.0283
2016-03-02,世纪华通,sz002602,22.63,21.39,21.49,22.26,21.39,22.26,145487,0.0,0.0,0.0,0.0579,0.0358
2016-03-03,世纪华通,sz002602,23.6,21.83,22.16,22.33,22.26,22.33,158639,0.0,0.0,0.0,0.0795,0.0076
2016-03-04,世纪华通,sz002602,22.97,20.4,22.48,20.98,22.33,20.98,131905,0.0,0.0,0.0,0.115,-0.0667
2016-03-07,世纪华通,sz002602,22.1,21.1,21.31,21.35,20.98,21.35,85830,0.0,0.0,0.0,0.0476,0.0018
2016-03-08,世纪华通,sz002602,21.34,19.8,21.02,21.18,21.35,21.18,102801,0.0,0.0,0.0,0.0721,0.0076
2016-03-09,世纪华通,sz002602,21.98,20.6,20.75,20.97,21.18,20.97,95636,0.0,0.0,0.0,0.0651,0.0106
2016-03-10,世纪华通,sz002602,21.79,20.67,21.18,20.85,20.97,20.85,80870,0.0,0.0,0.0,0.0534,-0.0155
2016-03-11,世纪华通,sz002602,20.77,20.01,20.28,20.5,20.85,20.5,66929,0.0,0.0,0.0,0.0364,0.0108
2016-03-14,世纪华通,sz002602,21.94,20.76,20.85,21.66,20.5,21.66,119947,0.0,0.0,0.0,0.0575,0.0388
2016-03-15,世纪华通,sz002602,21.69,20.88,21.41,20.91,21.66,20.91,78875,0.0,0.0,0.0,0.0373,-0.0233
2016-03-16,世纪华通,sz002602,21.64,20.2,21.5,20.6,20.91,20.6,65066,0.0,0.0,0.0,0.0688,-0.0418
2016-03-17,世纪华通,sz002602,21.8,20.63,20.63,21.39,20.6,21.39,117181,0.0,0.0,0.0,0.0567,0.0368
2016-03-18,世纪华通,sz002602,23.5,21.56,21.7,23.02,21.39,23.02,190995,0.0,0.0,0.0,0.0906,0.0608
2016-03-21,世纪华通,sz002602,24.22,23.04,24.11,23.45,23.02,23.45,153065,0.0,0.0,0.0,0.0512,-0.0273
2016-03-22,世纪华通,sz002602,25.09,22.84,23.3,24.29,23.45,24.29,181818,0.0,0.0,0.0,0.0959,0.0424
2016-03-23,世纪华通,sz002602,24.31,23.49,23.8,23.98,24.29,23.98,124940,0.0,0.0,0.0,0.0337,0.0075
2016-03-24,世纪华通,sz002602,23.66,22.81,23.55,22.88,23.98,22.88,130548,0.0,0.0,0.0,0.0354,-0.0284
2016-03-25,世纪华通,sz002602,23.63,22.76,23.45,23.3,22.88,23.3,99376,0.0,0.0,0.0,0.038,-0.0063
