2016-03-25
2014-02-20,东易日盛,sz002713,33.26,33.26,33.26,33.26,30.24,33.26001,998467,0.031992,0.0,0.0,0.0,0.0
2014-02-21,东易日盛,sz002713,36.59,36.59,36.59,36.59,33.26,36.59,1069259,0.03426,0.0,0.0,0.0,0.0
2014-02-24,东易日盛,sz002713,40.25,40.25,40.25,40.25,36.59,40.24999,3724510,0.119337,0.0,0.0,0.0,0.0
2014-02-25,东易日盛,sz002713,44.28,41.08,41.8,44.28,40.25,44.27998,20063760,0.642861,0.0,0.0,0.0795,0.0593
2014-02-28,东易日盛,sz002713,48.68,39.85,39.85,46.48,44.28,46.479984,20962339,0.671652,0.0,0.0,0.1994,0.1663
2014-03-03,东易日盛,sz002713,51.13,44.61,45.92,51.13,46.48,51.129982,13524771,0.433346,0.0,0.0,0.1402,0.1134
2014-03-04,东易日盛,sz002713,56.24,47.78,52.0,48.33,51.13,48.33,16734405,0.536185,0.0,0.0,0.1654,-0.0705
2014-03-05,东易日盛,sz002713,47.8,44.53,47.51,45.8,48.33,45.800022,10171575,0.325906,0.0,0.0,0.0676,-0.0359
2014-03-06,东易日盛,sz002713,47.6,44.0,47.28,46.75,45.8,46.750008,9036134,0.289526,0.0,0.0,0.0786,-0.0112
2014-03-07,东易日盛,sz002713,46.28,42.51,45.8,45.5,46.75,45.500004,7680719,0.246097,0.0,0.0,0.0806,-0.0065
2014-03-10,东易日盛,sz002713,44.95,42.51,43.3,43.4,45.5,43.399998,4106231,0.131567,0.0,0.0,0.0536,0.0023
2014-03-11,东易日盛,sz002713,44.01,40.07,43.2,41.6,43.4,41.599983,5478769,0.175545,0.0,0.0,0.0907,-0.037
2014-03-12,东易日盛,sz002713,41.5,37.9,41.12,40.6,41.6,40.600002,6215497,0.19915,0.0,0.0,0.0865,-0.0126
2014-03-13,东易日盛,sz002713,40.68,39.22,39.8,40.15,40.6,40.149994,3184194,0.102024,0.0,0.0,0.0359,0.0087
2014-03-14,东易日盛,sz002713,40.56,39.1,39.84,39.7,40.15,39.69999,2697446,0.086429,0.0,0.0,0.0363,-0.0035
2014-03-17,东易日盛,sz002713,40.33,39.5,39.68,40.28,39.7,40.280006,2560364,0.082036,0.0,0.0,0.0209,0.0151
2014-03-18,东易日盛,sz002713,41.29,39.36,40.45,39.36,40.28,39.360012,4156367,0.133174,0.0,0.0,0.0479,-0.0269
2014-03-19,东易日盛,sz002713,39.43,37.12,39.43,37.45,39.36,37.450027,4397510,0.1409,0.0,0.0,0.0586,-0.0502
2014-03-20,东易日盛,sz002713,40.79,36.31,37.5,40.0,37.45,40.00004,8829485,0.282905,0.0,0.0,0.1196,0.0666
2014-03-21,东易日盛,sz002713,39.4,37.58,38.8,38.67,40.0,38.670036,5594965,0.179268,0.0,0.0,0.0455,-0.0033
2014-03-24,东易日盛,sz002713,39.89,37.7,38.51,38.5,38.67,38.500042,5829364,0.186778,0.0,0.0,0.0566,-2.0E-4
2014-03-25,东易日盛,sz002713,39.5,37.01,38.6,37.23,38.5,37.23004,5674121,0.181804,0.0,0.0,0.0646,-0.0354
2014-03-26,东易日盛,sz002713,37.0,35.43,36.11,35.5,37.23,35.50004,6038705,0.193485,0.0,0.0,0.0421,-0.0168
2014-03-27,东易日盛,sz002713,35.9,33.41,35.32,33.44,35.5,33.44004,4480110,0.143547,0.0,0.0,0.0701,-0.0532
2014-03-28,东易日盛,sz002713,34.5,31.92,33.35,32.89,33.44,32.890053,5764135,0.184688,0.0,0.0,0.0771,-0.0137
2014-03-31,东易日盛,sz002713,32.81,31.21,32.81,32.0,32.89,32.00005,3530364,0.113116,0.0,0.0,0.0486,-0.0246
2014-04-01,东易日盛,sz002713,33.29,31.66,31.96,32.84,32.0,32.84005,3299402,0.105716,0.0,0.0,0.0509,0.0275
2014-04-02,东易日盛,sz002713,34.31,32.08,32.69,33.98,32.84,33.980057,4854165,0.155532,0.0,0.0,0.0679,0.0394
2014-04-03,东易日盛,sz002713,36.49,33.33,33.45,34.85,33.98,34.850048,7460187,0.239031,0.0,0.0,0.0929,0.0418
2014-04-04,东易日盛,sz002713,34.88,33.7,34.35,34.01,34.85,34.01006,3524149,0.112917,0.0,0.0,0.0338,-0.0098
2014-04-08,东易日盛,sz002713,35.34,33.0,33.84,34.62,34.01,34.620064,3787793,0.121364,0.0,0.0,0.0688,0.023
2014-04-09,东易日盛,sz002713,35.6,33.9,34.61,35.55,34.62,35.550064,5384217,0.172515,0.0,0.0,0.0491,0.0271
2014-04-10,东易日盛,sz002713,36.2,35.0,35.2,35.21,35.55,35.21006,4716823,0.151131,0.0,0.0,0.0337,2.0E-4
2014-04-11,东易日盛,sz002713,34.72,33.52,34.71,33.8,35.21,33.800076,2736756,0.087688,0.0,0.0,0.034,-0.0262
2014-04-14,东易日盛,sz002713,33.99,33.6,33.92,33.77,33.8,33.77006,1342939,0.043029,0.0,0.0,0.0115,-0.0044
2014-04-15,东易日盛,sz002713,33.79,33.13,33.65,33.2,33.77,33.200054,1805465,0.057849,0.0,0.0,0.0195,-0.0133
2014-04-16,东易日盛,sz002713,33.35,31.75,33.13,31.79,33.2,31.790049,3647876,0.116881,0.0,0.0,0.0481,-0.0404
2014-04-17,东易日盛,sz002713,32.73,31.8,31.8,32.15,31.79,32.15004,1808288,0.057939,0.0,0.0,0.0292,0.011
2014-04-18,东易日盛,sz002713,32.58,31.88,32.15,32.14,32.15,32.14004,1272894,0.040785,0.0,0.0,0.0217,-3.0E-4
2014-04-21,东易日盛,sz002713,34.48,32.15,32.23,33.63,32.14,33.630054,5019798,0.160839,32.073902,8.151384,0.0724,0.0434
2014-04-22,东易日盛,sz002713,34.42,32.98,33.18,33.92,33.63,33.920044,3520779,0.112809,32.350475,8.221673,0.0428,0.0223
2014-04-23,东易日盛,sz002713,34.23,33.42,33.95,33.6,33.92,33.600044,1789419,0.057335,32.04528,8.14411,0.0238,-0.0103
2014-04-24,东易日盛,sz002713,33.6,31.77,33.54,32.7,33.6,32.70003,2913637,0.093356,31.186916,7.925962,0.0544,-0.025
2014-04-25,东易日盛,sz002713,32.55,31.31,32.22,31.35,32.7,31.350044,1534690,0.049173,29.899397,7.598746,0.0379,-0.027
2014-04-28,东易日盛,sz002713,31.0,28.22,31.0,28.22,31.35,28.220024,2456943,0.078723,26.91421,6.84008,0.0886,-0.0896
2014-04-29,东易日盛,sz002713,28.91,27.53,28.0,28.64,28.22,28.640024,2025812,0.064909,27.314774,6.941881,0.0489,0.0228
2014-04-30,东易日盛,sz002713,28.78,28.12,28.55,28.49,28.64,28.490036,1442124,0.046207,27.171726,6.905526,0.023,-0.0021
2014-05-05,东易日盛,sz002713,29.14,28.21,28.21,28.9,28.49,28.900036,1676705,0.053723,27.562756,7.004903,0.0326,0.0244
2014-05-06,东易日盛,sz002713,30.28,28.7,28.9,30.02,28.9,30.020027,2990414,0.095816,28.630922,7.276371,0.0546,0.0387
2014-05-07,东易日盛,sz002713,31.66,29.38,30.0,30.49,30.02,30.49002,3159893,0.101246,29.079168,7.39029,0.0759,0.0163
2014-05-08,东易日盛,sz002713,30.5,29.41,30.0,29.46,30.49,29.460007,1948667,0.062437,28.096815,7.140632,0.0357,-0.0179
2014-05-09,东易日盛,sz002713,29.85,28.21,29.1,28.59,29.46,28.589994,1810388,0.058006,27.26706,6.929754,0.0556,-0.0175
2014-05-12,东易日盛,sz002713,29.25,28.12,28.99,29.18,28.59,29.180006,1419487,0.045482,27.829771,7.072764,0.0395,0.0065
2014-05-13,东易日盛,sz002713,30.2,28.8,28.93,29.67,29.18,29.669996,2236204,0.07165,28.297089,7.19153,0.0479,0.0255
2014-05-14,东易日盛,sz002713,30.22,29.51,29.75,30.01,29.67,30.009985,1730427,0.055444,28.621346,7.273937,0.0239,0.0087
2014-05-15,东易日盛,sz002713,30.35,29.6,29.95,29.66,30.01,29.659979,2168007,0.069465,28.287535,7.189101,0.0249,-0.0096
2014-05-16,东易日盛,sz002713,30.44,28.52,29.26,30.12,29.66,30.119976,3267826,0.104704,28.726246,7.300597,0.0647,0.0293
2014-05-19,东易日盛,sz002713,30.06,29.1,30.0,29.47,30.12,29.469986,1569162,0.050277,28.106333,7.14305,0.0318,-0.0176
2014-05-20,东易日盛,sz002713,31.5,29.67,29.7,31.44,29.47,31.439997,3899146,0.124932,29.985186,7.620549,0.062,0.0585
2014-05-21,东易日盛,sz002713,33.79,30.75,31.0,33.6,31.44,33.599987,6234957,0.199774,32.045227,8.144096,0.0966,0.0838
2014-05-22,东易日盛,sz002713,33.78,32.0,33.3,32.68,33.6,32.679985,4175467,0.133786,31.167797,7.921102,0.0529,-0.0186
2014-05-23,东易日盛,sz002713,33.76,32.54,32.54,33.58,32.68,33.57999,3920753,0.125624,32.026157,8.13925,0.0373,0.0319
2014-05-26,东易日盛,sz002713,34.33,33.22,33.61,33.87,33.58,33.869987,2910332,0.09325,32.302734,8.20954,0.033,0.0077
2014-05-27,东易日盛,sz002713,34.21,33.41,33.96,33.8,33.87,33.79998,2543697,0.081502,32.235966,8.192571,0.0236,-0.0047
2014-05-28,东易日盛,sz002713,33.81,33.1,33.77,33.7,33.8,33.699966,2150574,0.068906,32.14058,8.168329,0.021,-0.002
2014-05-29,东易日盛,sz002713,34.05,33.3,33.69,33.81,33.7,33.809963,2175613,0.069709,32.245487,8.194991,0.0222,0.0035
2014-05-30,东易日盛,sz002713,33.39,31.73,33.27,32.09,33.81,32.589962,2407733,0.077146,31.081942,7.899283,0.049,-0.0354
2014-06-03,东易日盛,sz002713,32.26,31.46,32.0,31.6,32.09,32.092316,987370,0.031636,30.607319,7.77866,0.0249,-0.0124
2014-06-04,东易日盛,sz002713,32.1,31.4,31.6,31.8,31.6,32.295425,1065330,0.034134,30.801033,7.827892,0.0221,0.0063
2014-06-05,东易日盛,sz002713,32.18,31.67,32.07,31.9,31.8,32.396996,1026381,0.032886,30.897902,7.85251,0.016,-0.0053
2014-06-06,东易日盛,sz002713,32.09,31.51,32.0,31.69,31.9,32.183727,953270,0.030544,30.694502,7.800817,0.0181,-0.0096
2014-06-09,东易日盛,sz002713,31.96,30.91,31.68,30.95,31.69,31.432205,987851,0.031652,29.977755,7.61866,0.0331,-0.023
2014-06-10,东易日盛,sz002713,31.51,31.0,31.22,31.41,30.95,31.899382,979507,0.031384,30.423313,7.731897,0.0164,0.006
2014-06-11,东易日盛,sz002713,31.63,31.0,31.49,31.4,31.41,31.889236,916317,0.02936,30.41364,7.729438,0.02,-0.0028
2014-06-12,东易日盛,sz002713,31.99,31.28,31.4,31.82,31.4,32.31579,1605169,0.051431,30.820452,7.832827,0.0226,0.0133
2014-06-13,东易日盛,sz002713,33.0,31.71,31.71,32.85,31.82,33.36185,2504529,0.080247,31.81811,8.086375,0.0405,0.0359
2014-06-16,东易日盛,sz002713,33.27,32.61,32.85,32.9,32.85,33.41263,2112459,0.067685,31.866537,8.098683,0.02,0.0015
2014-06-17,东易日盛,sz002713,32.93,31.94,32.89,32.11,32.9,32.61032,1366399,0.043781,31.101358,7.904217,0.03,-0.0237
2014-06-18,东易日盛,sz002713,32.1,31.01,32.05,31.29,32.11,31.777554,1153627,0.036963,30.307121,7.702367,0.0339,-0.0237
2014-06-19,东易日盛,sz002713,31.38,28.53,31.0,29.27,31.29,29.72609,1597052,0.051171,28.350586,7.205126,0.091,-0.0558
2014-06-20,东易日盛,sz002713,29.71,29.2,29.3,29.55,29.27,30.010448,801069,0.025667,28.621786,7.27405,0.0174,0.0085
2014-06-23,东易日盛,sz002713,31.5,29.68,29.73,31.24,29.55,31.726776,1685666,0.05401,30.258696,7.69006,0.0615,0.0507
2014-06-24,东易日盛,sz002713,32.48,31.9,32.2,32.4,31.24,32.904854,2441266,0.07822,31.382261,7.975607,0.0185,0.0062
2014-06-25,东易日盛,sz002713,34.35,32.02,32.02,33.37,32.4,33.88996,4098915,0.131333,32.321785,8.214381,0.0719,0.0421
2014-06-26,东易日盛,sz002713,36.45,33.38,33.38,35.33,33.37,35.88049,5016494,0.160733,34.220203,8.696853,0.0919,0.0584
2014-06-27,东易日盛,sz002713,36.21,34.75,35.51,35.9,35.33,36.459385,4507016,0.144409,34.772312,8.837168,0.0413,0.0109
2014-06-30,东易日盛,sz002713,36.23,35.29,35.78,35.46,35.9,36.01254,3496261,0.112023,34.34614,8.728859,0.0261,-0.0089
2014-07-01,东易日盛,sz002713,36.48,35.22,35.56,35.44,35.46,35.992226,4455996,0.142774,34.32677,8.723936,0.0355,-0.0033
2014-07-02,东易日盛,sz002713,34.99,33.27,34.99,34.01,35.44,34.53994,4135419,0.132503,32.941685,8.371925,0.0485,-0.028
2014-07-03,东易日盛,sz002713,34.18,33.37,34.0,33.79,34.01,34.3165,1771540,0.056762,32.72859,8.317767,0.0238,-0.0061
2014-07-04,东易日盛,sz002713,35.99,33.83,33.83,35.53,33.79,36.08363,3440368,0.110232,34.413944,8.746091,0.0639,0.0502
2014-07-07,东易日盛,sz002713,36.98,34.6,35.49,36.41,35.53,36.97735,4388767,0.14062,35.26631,8.962714,0.0669,0.0259
2014-07-08,东易日盛,sz002713,37.28,35.58,36.1,36.77,36.41,37.342945,3640744,0.116653,35.614986,9.051328,0.0466,0.0185
2014-07-09,东易日盛,sz002713,37.66,35.4,36.77,35.4,36.77,35.951584,2806142,0.089911,34.28801,8.714085,0.0614,-0.0372
2014-07-10,东易日盛,sz002713,36.18,34.9,35.05,34.97,35.4,35.514877,1114927,0.035723,33.871513,8.608235,0.0361,-0.0022
2014-07-11,东易日盛,sz002713,36.45,34.6,35.01,35.67,34.97,36.22578,1220324,0.0391,34.54952,8.780546,0.0529,0.0188
2014-07-14,东易日盛,sz002713,37.6,35.51,35.66,37.0,35.67,37.576496,1540965,0.049374,35.83773,9.107937,0.0585,0.0375
2014-07-15,东易日盛,sz002713,36.88,35.35,36.79,35.83,37.0,36.388252,1053266,0.033748,34.70447,8.819926,0.0413,-0.026
2014-07-16,东易日盛,sz002713,36.0,34.51,35.88,34.72,35.83,35.260944,856121,0.027431,33.629326,8.546685,0.0415,-0.0323
2014-07-17,东易日盛,sz002713,35.1,34.3,34.38,34.87,34.72,35.41327,514245,0.016477,33.774605,8.583607,0.023,0.0142
2014-07-18,东易日盛,sz002713,34.87,34.3,34.87,34.51,34.87,35.047665,748802,0.023992,33.425915,8.494989,0.0163,-0.0103
2014-07-21,东易日盛,sz002713,34.48,32.9,34.2,33.2,34.51,33.717255,809740,0.025945,32.15707,8.17252,0.0457,-0.0292
2014-07-22,东易日盛,sz002713,34.39,33.0,33.0,34.31,33.2,34.84456,863445,0.027666,33.23221,8.44576,0.0418,0.0396
2014-07-23,东易日盛,sz002713,34.53,32.85,34.31,33.33,34.31,33.849293,926610,0.029689,32.282997,8.204523,0.0489,-0.0285
2014-07-24,东易日盛,sz002713,33.97,32.9,32.9,33.48,33.33,34.001614,592353,0.01898,32.42827,8.241444,0.0321,0.0176
2014-07-25,东易日盛,sz002713,34.36,33.4,33.48,33.93,33.48,34.45863,481799,0.015437,32.86414,8.352217,0.0286,0.0134
2014-07-28,东易日盛,sz002713,35.14,33.94,33.94,35.09,33.93,35.6367,784911,0.025149,33.987698,8.637763,0.0353,0.0338
2014-07-29,东易日盛,sz002713,35.97,34.76,35.15,35.44,35.09,35.99214,1074187,0.034418,34.32669,8.723916,0.0344,0.0082
2014-07-30,东易日盛,sz002713,35.61,34.53,35.3,34.9,35.44,35.44373,852091,0.027302,33.803654,8.590989,0.0304,-0.0113
2014-07-31,东易日盛,sz002713,35.16,34.53,34.83,35.04,34.9,35.585896,489034,0.015669,33.93924,8.625448,0.018,0.006
2014-08-01,东易日盛,sz002713,35.21,34.35,34.83,34.36,35.04,34.895313,695405,0.022281,33.280617,8.458062,0.0245,-0.0134
2014-08-04,东易日盛,sz002713,34.56,33.9,34.4,34.11,34.36,34.641415,747684,0.023956,33.038467,8.396522,0.0192,-0.0084
2014-08-05,东易日盛,sz002713,34.58,33.66,34.11,34.58,34.11,35.11874,752566,0.024113,33.493706,8.512217,0.0269,0.0137
2014-08-06,东易日盛,sz002713,34.55,34.12,34.55,34.23,34.58,34.7633,504313,0.016159,33.154713,8.426065,0.0124,-0.0092
2014-08-07,东易日盛,sz002713,34.43,33.8,34.2,33.87,34.23,34.397697,498344,0.015967,32.806026,8.337448,0.0184,-0.0096
2014-08-08,东易日盛,sz002713,34.88,33.8,33.85,34.65,33.87,35.189842,978942,0.031366,33.561516,8.529451,0.0318,0.0236
2014-08-11,东易日盛,sz002713,36.8,34.66,34.66,36.7,34.65,37.27178,2038518,0.065316,35.547115,9.034079,0.0617,0.0588
2014-08-12,东易日盛,sz002713,37.39,36.02,36.71,37.03,36.7,37.606926,1571680,0.050358,35.866756,9.115314,0.0373,0.0087
2014-08-13,东易日盛,sz002713,37.08,36.26,36.97,36.4,37.03,36.96712,852101,0.027302,35.256554,8.960235,0.0221,-0.0154
2014-08-14,东易日盛,sz002713,37.0,36.02,36.4,36.92,36.4,37.49523,1019934,0.03268,35.76023,9.088241,0.0269,0.0142
2014-08-15,东易日盛,sz002713,37.14,36.18,36.85,37.0,36.92,37.576485,1222379,0.039166,35.837723,9.107935,0.026,0.004
2014-08-18,东易日盛,sz002713,38.58,37.33,37.35,38.28,37.0,38.876442,1567063,0.05021,37.07753,9.423024,0.0337,0.0248
2014-08-19,东易日盛,sz002713,38.58,37.52,38.01,38.5,38.28,39.099865,1158052,0.037105,37.29061,9.477178,0.0276,0.0128
2014-08-20,东易日盛,sz002713,38.46,37.7,38.4,38.26,38.5,38.856117,673494,0.021579,37.058144,9.418097,0.0197,-0.0036
2014-08-21,东易日盛,sz002713,38.35,37.75,38.09,38.25,38.26,38.845974,862560,0.027637,37.04847,9.415639,0.0156,0.0042
2014-08-22,东易日盛,sz002713,39.15,38.1,38.12,39.0,38.25,39.607666,1103777,0.035366,37.774918,9.600261,0.0274,0.023
2014-08-25,东易日盛,sz002713,40.5,39.05,39.05,40.07,39.0,40.694344,1475149,0.047265,38.81131,9.863654,0.0371,0.0261
2014-08-26,东易日盛,sz002713,40.46,38.15,39.91,38.6,40.07,39.20143,952873,0.030531,37.387478,9.501796,0.0576,-0.0328
2014-08-27,东易日盛,sz002713,38.77,37.8,38.6,38.43,38.6,39.02879,564086,0.018074,37.222824,9.45995,0.0251,-0.0044
2014-08-28,东易日盛,sz002713,39.4,38.0,38.45,38.0,38.43,38.592094,479579,0.015366,36.806335,9.354103,0.0364,-0.0117
2014-08-29,东易日盛,sz002713,38.7,37.31,38.33,38.6,38.0,39.201424,566442,0.018149,37.387474,9.501794,0.0365,0.007
2014-09-01,东易日盛,sz002713,40.97,38.35,38.35,40.7,38.6,41.33414,1185630,0.037989,39.4215,10.01873,0.0678,0.0612
2014-09-02,东易日盛,sz002713,43.6,40.28,40.8,43.23,40.7,43.903553,1791641,0.057406,41.87202,10.641514,0.0815,0.0595
2014-09-03,东易日盛,sz002713,45.65,42.82,43.48,44.18,43.23,44.868332,1739919,0.055749,42.792156,10.875362,0.0654,0.016
2014-09-04,东易日盛,sz002713,44.4,43.03,44.4,43.55,44.18,44.22851,1136734,0.036422,42.181942,10.720279,0.031,-0.0191
2014-09-05,东易日盛,sz002713,43.8,43.2,43.37,43.48,43.55,44.157436,681989,0.021852,42.114155,10.703051,0.0137,0.0025
2014-09-09,东易日盛,sz002713,44.44,42.07,43.8,43.43,43.48,44.106655,1175688,0.03767,42.065723,10.690743,0.0545,-0.0084
2014-09-10,东易日盛,sz002713,43.35,42.7,43.05,43.21,43.43,43.88321,470331,0.01507,41.85262,10.636584,0.0149,0.0037
2014-09-11,东易日盛,sz002713,43.35,42.02,43.19,42.1,43.21,42.75594,1345129,0.043099,40.777508,10.363351,0.0307,-0.0252
2014-09-12,东易日盛,sz002713,42.17,41.06,42.17,41.95,42.1,42.6036,1348269,0.0432,40.632217,10.326426,0.0263,-0.0052
2014-09-15,东易日盛,sz002713,43.04,41.72,41.9,42.81,41.95,43.477016,1249906,0.040048,41.46522,10.538129,0.0314,0.0217
2014-09-16,东易日盛,sz002713,42.79,40.02,42.79,40.02,42.81,40.64353,1561613,0.050035,38.762848,9.851338,0.0647,-0.0647
2014-09-17,东易日盛,sz002713,40.99,39.15,40.05,40.77,40.02,41.40523,1008844,0.032324,39.489304,10.035962,0.0459,0.0179
2014-09-18,东易日盛,sz002713,42.2,40.27,40.73,41.88,40.77,42.53253,855447,0.027409,40.564438,10.309201,0.0473,0.0282
2014-09-19,东易日盛,sz002713,42.4,41.45,41.51,41.66,41.88,42.309105,795046,0.025474,40.351353,10.255046,0.0226,0.0036
2014-09-22,东易日盛,sz002713,41.6,40.3,41.6,40.32,41.66,40.948235,488237,0.015644,39.05345,9.925193,0.0312,-0.0307
2014-09-23,东易日盛,sz002713,41.18,40.35,40.53,40.5,40.32,41.131027,663362,0.021255,39.227787,9.969499,0.0205,-7.0E-4
2014-09-24,东易日盛,sz002713,41.96,40.4,40.5,41.94,40.5,42.593483,803990,0.025761,40.62257,10.323974,0.0385,0.0355
2014-09-25,东易日盛,sz002713,43.82,42.0,42.01,42.49,41.94,43.152054,1447381,0.046375,41.155296,10.459363,0.0433,0.0114
2014-09-26,东易日盛,sz002713,42.89,41.62,42.49,42.11,42.49,42.766144,578554,0.018537,40.787243,10.365825,0.0298,-0.0089
2014-09-29,东易日盛,sz002713,42.89,41.72,42.11,41.86,42.11,42.51224,755162,0.024196,40.54509,10.304283,0.0277,-0.0059
2014-09-30,东易日盛,sz002713,42.45,41.58,41.88,41.75,41.86,42.40052,668865,0.021431,40.438538,10.277203,0.0207,-0.0031
2014-10-08,东易日盛,sz002713,43.59,42.0,42.05,43.4,41.75,44.07623,918955,0.029444,42.03671,10.683369,0.038,0.0321
2014-10-09,东易日盛,sz002713,43.65,42.44,43.52,42.89,43.4,43.558292,730967,0.023421,41.542732,10.557828,0.0278,-0.0144
2014-10-10,东易日盛,sz002713,42.9,41.9,42.26,41.97,42.89,42.623966,626041,0.020059,40.65164,10.331363,0.0233,-0.0068
2014-10-13,东易日盛,sz002713,42.29,40.19,42.01,41.1,41.97,41.740414,1190237,0.038136,39.808975,10.117204,0.05,-0.0216
2014-10-14,东易日盛,sz002713,41.1,40.3,40.77,40.5,41.1,41.131046,724286,0.023207,39.227802,9.969503,0.0194,-0.0066
2014-10-15,东易日盛,sz002713,41.3,40.4,40.4,41.26,40.5,41.90287,575788,0.018449,39.963913,10.156581,0.0222,0.0212
2014-10-16,东易日盛,sz002713,41.95,40.83,40.83,41.03,41.26,41.669304,629933,0.020184,39.741154,10.099968,0.0271,0.0048
2014-10-17,东易日盛,sz002713,44.23,40.4,40.87,43.47,41.03,44.147335,1999271,0.064058,42.104523,10.700603,0.0933,0.0636
2014-10-20,东易日盛,sz002713,44.15,43.0,43.64,43.61,43.47,44.28953,1413647,0.045295,42.24014,10.73507,0.0264,-6.0E-4
2014-10-21,东易日盛,sz002713,45.21,43.2,43.61,45.0,43.61,45.70117,2040934,0.065393,43.58646,11.077229,0.046,0.0318
2014-10-22,东易日盛,sz002713,45.6,43.25,44.81,43.26,45.0,43.934044,1541639,0.049395,41.9011,10.648905,0.0522,-0.0345
2014-10-23,东易日盛,sz002713,42.99,41.0,42.74,41.5,43.26,42.146633,954701,0.030589,40.1964,10.215665,0.046,-0.029
2014-10-24,东易日盛,sz002713,45.1,41.5,42.05,44.29,41.5,44.98011,1868881,0.059881,42.89876,10.902454,0.0867,0.0532
2014-10-27,东易日盛,sz002713,46.64,43.25,44.05,45.8,44.29,46.513615,2460326,0.078831,44.36131,11.274152,0.0765,0.0397
2014-10-28,东易日盛,sz002713,46.8,45.18,45.18,46.6,45.8,47.32607,1897958,0.060812,45.13617,11.471077,0.0353,0.0314
2014-10-29,东易日盛,sz002713,46.74,45.51,46.67,45.98,46.6,46.696396,1742616,0.055835,44.53563,11.318455,0.0263,-0.0147
2014-10-30,东易日盛,sz002713,48.12,45.62,45.62,47.97,45.98,48.717415,2084020,0.066774,46.463135,11.808317,0.0543,0.0515
2014-10-31,东易日盛,sz002713,47.97,46.01,47.8,46.95,47.97,47.681538,1312774,0.042062,45.47519,11.557237,0.0408,-0.0177
2014-11-03,东易日盛,sz002713,47.17,46.3,46.98,46.82,46.95,47.549507,813520,0.026066,45.349266,11.525235,0.0185,-0.0034
2014-11-04,东易日盛,sz002713,47.2,45.35,46.82,45.72,46.82,46.43238,1104433,0.035387,44.283833,11.254461,0.0395,-0.0234
2014-11-05,东易日盛,sz002713,47.18,44.86,45.42,46.67,45.72,47.397198,899165,0.02881,45.204006,11.488318,0.0507,0.0275
2014-11-06,东易日盛,sz002713,47.38,46.2,46.66,47.05,46.67,47.783104,790312,0.025322,45.572056,11.581856,0.0252,0.0083
2014-11-07,东易日盛,sz002713,49.0,46.12,47.05,47.31,47.05,48.047153,1710721,0.054813,45.823887,11.645857,0.0612,0.0055
2014-11-10,东易日盛,sz002713,49.18,46.67,47.26,48.51,47.31,49.26587,1033177,0.033104,46.98621,11.941254,0.053,0.0264
2014-11-11,东易日盛,sz002713,48.93,45.88,48.0,46.3,48.51,47.021416,1355042,0.043417,44.84561,11.397234,0.0628,-0.0354
2014-11-12,东易日盛,sz002713,48.4,45.78,46.01,47.6,46.3,48.341682,1220722,0.039113,46.104786,11.717246,0.0565,0.0345
2014-11-13,东易日盛,sz002713,47.0,44.48,46.3,45.8,47.6,46.51364,1547968,0.049598,44.361336,11.274158,0.0529,-0.0107
2014-11-14,东易日盛,sz002713,45.46,42.5,44.8,43.03,45.8,43.700497,1635291,0.052396,41.67836,10.592297,0.0646,-0.0395
2014-11-17,东易日盛,sz002713,43.98,42.82,43.02,43.36,43.03,44.035637,635050,0.020348,41.997993,10.67353,0.0269,0.0079
2014-11-18,东易日盛,sz002713,43.91,42.0,43.36,42.8,43.36,43.466915,914512,0.029302,41.45559,10.535681,0.044,-0.0129
2014-11-19,东易日盛,sz002713,44.02,42.11,42.48,44.0,42.8,44.6856,934942,0.029956,42.617878,10.83107,0.0446,0.0357
2014-11-20,东易日盛,sz002713,44.7,43.49,43.78,44.4,44.0,45.091835,730819,0.023416,43.005318,10.929535,0.0275,0.0141
2014-11-21,东易日盛,sz002713,44.74,43.41,44.38,44.13,44.4,44.81763,699709,0.022419,42.7438,10.863073,0.0299,-0.0056
2014-11-24,东易日盛,sz002713,45.44,44.38,44.58,44.48,44.13,45.17308,943351,0.030226,43.082806,10.949228,0.024,-0.0022
2014-11-25,东易日盛,sz002713,45.41,43.5,44.0,44.92,44.48,45.619934,802754,0.025721,43.50898,11.057537,0.0429,0.0209
2014-11-26,东易日盛,sz002713,45.35,42.75,45.0,43.7,44.92,44.38094,1728436,0.055381,42.32732,10.757226,0.0578,-0.0288
2014-11-27,东易日盛,sz002713,44.0,43.15,43.82,43.4,43.7,44.076267,1309775,0.041966,42.036743,10.683377,0.0194,-0.0095
2014-11-28,东易日盛,sz002713,44.3,43.36,43.6,43.92,43.4,44.60439,995557,0.031899,42.540424,10.811386,0.0216,0.0073
2014-12-01,东易日盛,sz002713,43.89,42.29,43.81,42.78,43.92,43.446636,985783,0.031585,41.436245,10.530765,0.0364,-0.0235
2014-12-02,东易日盛,sz002713,43.99,42.62,43.0,43.9,42.78,44.58407,1077198,0.034514,42.521046,10.806461,0.032,0.0209
2014-12-03,东易日盛,sz002713,44.89,42.8,43.94,44.66,43.9,45.355907,1272655,0.040777,43.25717,10.993542,0.0476,0.0163
2014-12-04,东易日盛,sz002713,47.1,44.36,44.36,45.88,44.66,46.59494,2005720,0.064265,44.43887,11.293864,0.0613,0.0342
2014-12-05,东易日盛,sz002713,46.47,43.05,45.4,43.53,45.88,44.2083,1441913,0.0462,42.162666,10.715381,0.0745,-0.0411
2014-12-08,东易日盛,sz002713,43.39,40.74,43.39,40.85,43.53,41.48653,2348411,0.075245,39.566837,10.055667,0.0608,-0.0585
2014-12-09,东易日盛,sz002713,40.75,36.77,40.75,36.78,40.85,37.353104,2166681,0.069422,35.624676,9.053791,0.0974,-0.0974
2014-12-10,东易日盛,sz002713,38.33,36.78,37.25,38.09,36.78,38.683506,874406,0.028017,36.89352,9.376259,0.0421,0.0225
2014-12-11,东易日盛,sz002713,38.68,37.58,37.9,38.45,38.09,39.049107,805316,0.025803,37.242203,9.464874,0.0288,0.0145
2014-12-12,东易日盛,sz002713,38.85,38.06,38.35,38.79,38.45,39.394417,677919,0.021721,37.571533,9.548572,0.0205,0.0114
2014-12-15,东易日盛,sz002713,39.96,38.4,38.78,39.69,38.79,40.308445,1019114,0.032653,38.443268,9.770118,0.0402,0.0234
2014-12-16,东易日盛,sz002713,39.85,38.6,39.79,38.88,39.69,39.485832,800694,0.025655,37.65872,9.57073,0.0314,-0.0228
2014-12-17,东易日盛,sz002713,38.88,37.4,38.88,37.82,38.88,38.40933,764541,0.024497,36.632027,9.309803,0.038,-0.0272
2014-12-18,东易日盛,sz002713,38.3,37.36,37.79,37.93,37.82,38.52106,776837,0.024891,36.73859,9.336885,0.0248,0.0037
2014-12-19,东易日盛,sz002713,38.09,37.2,37.8,37.26,37.93,37.840626,646593,0.020717,36.08964,9.171958,0.0234,-0.0142
2014-12-22,东易日盛,sz002713,37.24,33.68,37.24,34.72,37.26,35.26103,1000434,0.032055,33.62941,8.546706,0.0955,-0.0676
2014-12-23,东易日盛,sz002713,35.45,34.45,35.29,34.76,34.72,35.30165,485840,0.015567,33.66815,8.556552,0.0288,-0.015
2014-12-24,东易日盛,sz002713,36.24,34.65,35.0,36.0,34.76,36.560966,1472401,0.047177,34.869194,8.86179,0.0457,0.0285
2014-12-25,东易日盛,sz002713,36.84,35.25,35.98,36.2,36.0,36.7641,1211940,0.038832,35.062927,8.911026,0.0441,0.0061
2014-12-26,东易日盛,sz002713,36.48,35.6,36.01,35.85,36.2,36.408627,761476,0.024398,34.723904,8.824865,0.0243,-0.0044
2014-12-29,东易日盛,sz002713,35.35,33.75,35.09,34.53,35.85,35.06806,720451,0.023084,33.44537,8.499934,0.0446,-0.0159
2014-12-30,东易日盛,sz002713,35.14,34.04,34.42,35.14,34.53,35.687572,436888,0.013998,34.036217,8.650093,0.0318,0.0209
2014-12-31,东易日盛,sz002713,37.58,35.18,35.18,37.0,35.14,37.576553,1030970,0.033033,35.837788,9.107951,0.0682,0.0517
2015-01-01,东易日盛,sz002713,37.0,37.0,37.0,37.0,37.0,18.25,0,0.0,0.0,0.0,0.0,0.0
2015-01-02,东易日盛,sz002713,37.0,37.0,37.0,37.0,37.0,18.25,0,0.0,0.0,0.0,0.0,0.0
2015-01-05,东易日盛,sz002713,36.92,35.66,36.4,36.8,37.0,18.151,15353,0.024597,35.644085,9.058723,0.034,0.0109
2015-01-06,东易日盛,sz002713,37.9,36.43,36.6,37.53,36.8,18.511,18975,0.030399,36.351154,9.238421,0.0399,0.0254
2015-01-07,东易日盛,sz002713,37.37,36.65,37.2,36.75,37.53,18.127,10136,0.01624,35.59567,9.046419,0.0191,-0.012
2015-01-08,东易日盛,sz002713,36.8,36.06,36.76,36.2,36.75,17.855,9427,0.015103,35.062946,8.91103,0.0201,-0.0152
2015-01-09,东易日盛,sz002713,37.85,36.41,36.7,36.74,36.2,18.122,18298,0.029315,35.58598,9.043956,0.0397,0.001
2015-01-12,东易日盛,sz002713,36.49,34.88,36.49,35.29,36.74,17.407,13545,0.021701,34.181507,8.687018,0.0438,-0.0328
2015-01-13,东易日盛,sz002713,36.48,35.26,35.46,35.9,35.29,17.707,9343,0.014968,34.772335,8.837173,0.0345,0.0124
2015-01-14,东易日盛,sz002713,36.21,35.22,35.85,35.31,35.9,17.416,6856,0.010985,34.20085,8.691934,0.0275,-0.015
2015-01-15,东易日盛,sz002713,35.92,35.2,35.5,35.62,35.31,17.569,4894,0.007842,34.5011,8.768241,0.0203,0.0033
2015-01-16,东易日盛,sz002713,36.89,35.6,35.73,36.67,35.62,18.087,10878,0.017427,35.518124,9.026711,0.0362,0.0263
2015-01-19,东易日盛,sz002713,39.18,35.5,36.2,37.3,36.67,18.398,25060,0.040148,36.128326,9.18179,0.1003,0.0303
2015-01-20,东易日盛,sz002713,38.94,37.17,37.17,38.88,37.3,19.177,23411,0.037507,37.658684,9.570721,0.0474,0.046
2015-01-21,东易日盛,sz002713,40.11,38.35,38.51,39.2,38.88,19.335,32349,0.051825,37.968616,9.649488,0.0452,0.0179
2015-01-22,东易日盛,sz002713,40.29,38.99,39.39,40.29,39.2,19.873,33112,0.053047,39.024372,9.917802,0.0331,0.0228
2015-01-23,东易日盛,sz002713,40.12,38.85,39.88,38.94,40.29,19.207,22630,0.036255,37.71678,9.585486,0.0315,-0.0235
2015-01-26,东易日盛,sz002713,39.9,38.48,38.94,39.24,38.94,19.355,21289,0.034107,38.00735,9.659333,0.0364,0.0077
2015-01-27,东易日盛,sz002713,39.6,38.42,39.34,38.58,39.24,19.029,16079,0.025759,37.36807,9.496863,0.03,-0.0193
2015-01-28,东易日盛,sz002713,42.44,40.38,40.38,42.44,38.58,20.933,34581,0.055401,41.10682,10.447043,0.0533,0.051
2015-01-29,东易日盛,sz002713,45.5,42.23,43.98,42.95,42.44,21.185,85303,0.136661,41.6008,10.572585,0.077,-0.0234
2015-01-30,东易日盛,sz002713,45.5,42.3,42.3,43.58,42.95,21.496,49734,0.079678,42.211,10.727664,0.0745,0.0302
2015-02-02,东易日盛,sz002713,47.89,41.5,42.42,47.6,43.58,23.478,64167,0.1028,46.10471,11.717226,0.1466,0.1221
2015-02-03,东易日盛,sz002713,49.99,47.11,47.77,48.8,47.6,24.07,54191,0.086818,47.26701,12.012618,0.0605,0.0215
2015-02-04,东易日盛,sz002713,49.2,46.63,47.7,47.9,48.8,23.626,35938,0.057575,46.395264,11.791069,0.0526,0.0041
2015-02-05,东易日盛,sz002713,52.05,46.64,47.6,51.3,47.9,25.303,71391,0.114372,49.688446,12.628011,0.1129,0.0777
2015-02-06,东易日盛,sz002713,52.0,48.04,51.3,49.98,51.3,24.652,35897,0.05751,48.409912,12.303079,0.0771,-0.0257
2015-02-09,东易日盛,sz002713,54.8,49.0,52.5,51.51,49.98,25.407,57588,0.09226,49.891838,12.679701,0.116,-0.0188
2015-02-10,东易日盛,sz002713,54.23,50.02,50.02,52.14,51.51,25.718,50141,0.080329,50.502064,12.834787,0.0817,0.0423
2015-02-11,东易日盛,sz002713,54.8,51.62,52.38,53.01,52.14,26.147,30091,0.048207,51.34474,13.048948,0.0609,0.012
2015-02-12,东易日盛,sz002713,54.1,50.5,53.08,51.66,53.01,25.481,27370,0.043849,50.037148,12.71663,0.0679,-0.0267
2015-02-13,东易日盛,sz002713,53.0,51.1,52.06,52.17,51.66,25.733,22928,0.036732,50.531113,12.842169,0.0367,0.0021
2015-02-16,东易日盛,sz002713,54.99,51.12,52.7,54.98,52.17,27.119,30136,0.048281,53.25282,13.533874,0.0741,0.0432
2015-02-17,东易日盛,sz002713,56.95,53.81,54.9,56.4,54.98,27.819,21615,0.034628,54.628235,13.883427,0.0571,0.0273
2015-02-18,东易日盛,sz002713,56.4,56.4,56.4,56.4,56.4,27.819,0,0.0,0.0,0.0,0.0,0.0
2015-02-19,东易日盛,sz002713,56.4,56.4,56.4,56.4,56.4,27.819,0,0.0,0.0,0.0,0.0,0.0
2015-02-20,东易日盛,sz002713,56.4,56.4,56.4,56.4,56.4,27.819,0,0.0,0.0,0.0,0.0,0.0
2015-02-23,东易日盛,sz002713,56.4,56.4,56.4,56.4,56.4,27.819,0,0.0,0.0,0.0,0.0,0.0
2015-02-24,东易日盛,sz002713,56.4,56.4,56.4,56.4,56.4,27.819,0,0.0,0.0,0.0,0.0,0.0
2015-02-25,东易日盛,sz002713,56.58,53.23,56.0,53.61,56.4,26.443,17178,0.02752,51.925884,13.196641,0.0593,-0.0426
2015-02-26,东易日盛,sz002713,54.8,52.77,53.36,53.51,53.61,26.393,13161,0.021086,51.82904,13.17203,0.0378,0.0028
2015-02-27,东易日盛,sz002713,53.0,51.13,53.0,51.65,53.51,25.476,38648,0.061917,50.027466,12.71417,0.0349,-0.0254
2015-03-02,东易日盛,sz002713,52.44,51.16,51.66,51.98,51.65,25.639,41900,0.067126,50.34709,12.795401,0.0247,0.0061
2015-03-03,东易日盛,sz002713,51.98,50.46,51.98,50.46,51.98,24.889,46181,0.073986,48.87484,12.421238,0.0292,-0.0292
2015-03-04,东易日盛,sz002713,51.5,50.2,50.42,50.9,50.46,25.106,31261,0.050082,49.30103,12.529551,0.0257,0.0095
2015-03-05,东易日盛,sz002713,52.19,50.76,50.76,51.72,50.9,25.511,35759,0.057289,50.09527,12.731402,0.028,0.0189
2015-03-06,东易日盛,sz002713,54.16,51.71,52.38,52.12,51.72,25.708,38436,0.061577,50.482704,12.829867,0.0473,-0.0049
2015-03-09,东易日盛,sz002713,51.48,49.69,50.4,50.0,52.12,24.662,32964,0.052811,48.42932,12.308012,0.0343,-0.0079
2015-03-10,东易日盛,sz002713,52.78,50.0,50.0,52.55,50.0,25.92,32516,0.052092,50.899216,12.93572,0.0556,0.0509
2015-03-11,东易日盛,sz002713,52.55,50.81,52.08,50.85,52.55,25.081,13163,0.021088,49.25263,12.51725,0.0331,-0.0236
2015-03-12,东易日盛,sz002713,51.1,48.6,50.5,48.79,50.85,24.065,19691,0.031546,47.257355,12.010164,0.0491,-0.0338
2015-03-13,东易日盛,sz002713,50.07,48.04,48.92,49.73,48.79,24.529,21087,0.033783,48.167812,12.241551,0.0416,0.0165
2015-03-16,东易日盛,sz002713,52.48,50.77,52.0,51.24,49.73,25.274,35794,0.057344,49.630383,12.613254,0.0343,-0.0146
2015-03-17,东易日盛,sz002713,51.97,51.2,51.2,51.81,51.24,25.555,32297,0.051742,50.18247,12.753564,0.015,0.0119
2015-03-18,东易日盛,sz002713,52.68,50.5,51.95,52.61,51.81,25.95,30613,0.049044,50.957336,12.950491,0.042,0.0127
2015-03-19,东易日盛,sz002713,54.0,52.08,52.4,53.58,52.61,26.428,36964,0.059219,51.89689,13.189273,0.0364,0.0225
2015-03-20,东易日盛,sz002713,53.6,52.31,53.54,52.91,53.58,26.098,22676,0.036328,51.247917,13.024341,0.024,-0.0117
2015-03-23,东易日盛,sz002713,57.5,52.15,53.32,57.29,52.91,28.258,51322,0.08222,55.490322,14.102522,0.1011,0.0744
2015-03-24,东易日盛,sz002713,57.38,53.89,57.27,56.59,57.29,27.913,41846,0.06704,54.812286,13.930203,0.0609,-0.0118
2015-03-25,东易日盛,sz002713,62.25,57.8,59.88,62.25,56.59,30.704,71379,0.114354,60.294502,15.323474,0.0786,0.0395
2015-03-26,东易日盛,sz002713,61.1,57.41,61.1,58.19,62.25,28.702,40164,0.064345,56.362034,14.324062,0.0592,-0.0476
2015-03-27,东易日盛,sz002713,58.62,56.4,57.0,57.7,58.19,28.46,17085,0.027371,55.88741,14.203439,0.0381,0.0122
2015-03-30,东易日盛,sz002713,59.58,54.02,57.26,56.09,57.7,27.666,33935,0.054366,54.327984,13.80712,0.0963,-0.0204
2015-03-31,东易日盛,sz002713,58.0,55.62,55.62,56.7,56.09,27.967,23734,0.038024,54.9188,13.957273,0.0424,0.0194
2015-04-01,东易日盛,sz002713,57.1,54.9,56.0,57.05,56.7,28.14,21018,0.033673,55.257812,14.043431,0.0388,0.0187
2015-04-02,东易日盛,sz002713,58.55,56.21,57.15,57.86,57.05,28.539,24513,0.039272,56.042362,14.24282,0.041,0.0124
2015-04-03,东易日盛,sz002713,59.47,56.92,57.86,59.04,57.86,29.121,26031,0.041704,57.18529,14.533288,0.044,0.0203
2015-04-06,东易日盛,sz002713,59.04,59.04,59.04,59.04,59.04,29.121,0,0.0,0.0,0.0,0.0,0.0
2015-04-07,东易日盛,sz002713,61.5,58.11,58.88,61.2,59.04,30.187,31637,0.050685,59.277416,15.064988,0.0574,0.0394
2015-04-08,东易日盛,sz002713,61.77,57.1,61.77,57.8,61.2,28.51,29140,0.046685,55.9842,14.228037,0.0763,-0.0642
2015-04-09,东易日盛,sz002713,59.5,54.02,58.8,56.3,57.8,27.77,39358,0.063054,54.5313,13.858791,0.0948,-0.0425
2015-04-10,东易日盛,sz002713,58.55,56.56,57.7,58.46,56.3,28.835,23542,0.037716,56.623447,14.390498,0.0353,0.0131
2015-04-13,东易日盛,sz002713,61.16,58.52,59.57,59.63,58.46,29.412,28030,0.044907,57.756706,14.678509,0.0451,0.001
2015-04-14,东易日盛,sz002713,60.99,58.0,60.98,58.8,59.63,29.003,27712,0.044396,56.952793,14.474199,0.0501,-0.0357
2015-04-15,东易日盛,sz002713,58.96,55.06,58.96,55.07,58.8,27.163,27098,0.043412,53.339993,13.556028,0.0663,-0.0659
2015-04-16,东易日盛,sz002713,57.5,52.07,54.8,55.5,55.07,27.375,29424,0.047139,53.75647,13.661874,0.0986,0.0127
2015-04-17,东易日盛,sz002713,59.3,56.32,59.28,56.5,55.5,27.868,42630,0.068297,69.79643,8.167948,0.0536,-0.0468
2015-04-20,东易日盛,sz002713,55.88,53.15,55.68,53.82,56.5,26.546,19322,0.030956,66.4857,7.78051,0.0483,-0.0334
2015-04-21,东易日盛,sz002713,56.26,53.52,53.82,56.04,53.82,27.641,13285,0.021285,69.22817,8.101448,0.0509,0.0412
2015-04-22,东易日盛,sz002713,57.8,55.67,57.01,57.44,56.04,28.332,29022,0.046495,70.957634,8.303838,0.038,0.0075
2015-04-23,东易日盛,sz002713,57.8,55.84,57.76,56.06,57.44,27.651,20967,0.033591,69.25288,8.104338,0.0341,-0.0294
2015-04-24,东易日盛,sz002713,55.87,54.33,55.19,54.8,56.06,27.03,18698,0.029955,67.69635,7.922185,0.0274,-0.007
2015-04-27,东易日盛,sz002713,56.5,54.5,54.91,54.99,54.8,27.123,22557,0.036138,67.93105,7.949652,0.0364,0.0014
2015-04-28,东易日盛,sz002713,55.39,51.52,54.98,52.09,54.99,25.693,20246,0.032436,64.34857,7.530411,0.0703,-0.0525
2015-04-29,东易日盛,sz002713,52.79,50.0,52.0,52.4,52.09,25.846,28646,0.045893,64.73151,7.575224,0.0535,0.0076
2015-04-30,东易日盛,sz002713,53.7,51.87,53.0,52.6,52.4,25.945,22847,0.036603,64.97859,7.604139,0.0349,-0.0075
2015-05-01,东易日盛,sz002713,52.6,52.6,52.6,52.6,52.6,25.945,0,0.0,0.0,0.0,0.0,0.0
2015-05-04,东易日盛,sz002713,57.86,53.0,53.0,57.86,52.6,28.539,56028,0.08976,71.47645,8.364553,0.0923,0.0916
2015-05-05,东易日盛,sz002713,62.23,56.8,58.5,58.39,57.86,28.801,74013,0.118573,72.13117,8.441172,0.0938,-0.0018
2015-05-06,东易日盛,sz002713,61.43,57.8,58.5,57.92,58.39,28.569,38465,0.061624,71.55059,8.373229,0.0621,-0.0099
2015-05-07,东易日盛,sz002713,60.39,56.81,56.82,58.75,57.92,28.978,27016,0.043282,72.57591,8.493218,0.0618,0.0339
2015-05-08,东易日盛,sz002713,61.98,58.8,58.9,61.33,58.75,30.251,39669,0.063552,75.76308,8.866197,0.0541,0.0412
2015-05-11,东易日盛,sz002713,67.46,60.5,61.4,67.46,61.33,33.274,52263,0.083728,83.33568,9.752382,0.1134,0.0986
2015-05-12,东易日盛,sz002713,69.0,66.0,68.9,68.06,67.46,33.57,38115,0.061063,84.076866,9.83912,0.0444,-0.0121
2015-05-13,东易日盛,sz002713,71.68,65.0,67.0,68.3,68.06,33.689,47749,0.076496,84.37332,9.873813,0.0981,0.0194
2015-05-14,东易日盛,sz002713,71.0,67.38,68.82,68.79,68.3,33.93,33559,0.053764,84.978615,9.944648,0.053,-4.0E-4
2015-05-15,东易日盛,sz002713,71.0,66.68,68.79,69.53,68.79,34.295,25812,0.041354,85.89273,10.051622,0.0627,0.0107
2015-05-18,东易日盛,sz002713,38.2,34.82,34.825,36.7,69.53,18.102,34997,0.056067,90.67343,10.611085,0.0486,0.0538
2015-05-19,东易日盛,sz002713,40.37,35.0,36.75,40.37,36.7,19.912,45958,0.073627,99.740776,11.672194,0.1463,0.0985
2015-05-20,东易日盛,sz002713,44.405,40.22,41.9,44.405,40.37,21.902,50252,0.080507,109.70986,12.83883,0.1036,0.0597
2015-05-21,东易日盛,sz002713,48.52,43.76,44.2,47.8,44.405,47.8,88441,0.141672,118.88759,13.912856,0.1071,0.0814
2015-05-22,东易日盛,sz002713,51.6,43.99,47.86,50.02,47.8,50.02,100491,0.161004,124.40914,14.559018,0.1592,0.0451
2015-05-25,东易日盛,sz002713,51.81,46.44,48.35,50.7,50.02,50.7,67549,0.108206,126.10043,14.756941,0.1073,0.0486
2015-05-26,东易日盛,sz002713,53.0,49.7,50.33,51.95,50.7,51.95,48544,0.077763,129.20941,15.120771,0.065,0.0321
2015-05-27,东易日盛,sz002713,56.0,48.4,50.91,55.1,51.95,55.1,54437,0.08722,137.04407,16.037622,0.1462,0.0823
2015-05-28,东易日盛,sz002713,57.6,49.6,54.55,50.05,55.1,50.05,53611,0.085891,124.483765,14.567749,0.1451,-0.0824
2015-05-29,东易日盛,sz002713,53.0,45.34,49.8,50.33,50.05,50.33,49700,0.079612,125.180176,14.649247,0.153,0.0106
2015-06-01,东易日盛,sz002713,52.6,50.09,50.33,52.38,50.33,52.38,29564,0.047357,130.27892,15.245928,0.0498,0.0407
2015-06-02,东易日盛,sz002713,54.0,51.51,52.37,53.3,52.38,53.3,31716,0.05081,132.56712,15.513707,0.0475,0.0177
2015-06-03,东易日盛,sz002713,53.6,50.0,53.37,50.68,53.3,50.68,28311,0.045362,126.05069,14.75112,0.0675,-0.0504
2015-06-04,东易日盛,sz002713,50.6,45.88,50.6,48.6,50.68,48.6,38836,0.062209,120.877335,14.145707,0.0931,-0.0395
2015-06-05,东易日盛,sz002713,50.6,47.48,48.9,49.46,48.6,49.46,27704,0.044387,123.01632,14.396022,0.0641,0.0114
2015-06-08,东易日盛,sz002713,49.66,45.03,49.47,47.17,49.46,47.17,20797,0.033322,117.320656,13.729485,0.0936,-0.0464
2015-06-09,东易日盛,sz002713,49.36,46.01,47.16,49.36,47.17,49.36,36348,0.058232,122.7676,14.366915,0.071,0.0466
2015-06-10,东易日盛,sz002713,52.8,48.13,48.16,51.52,49.36,51.52,28882,0.046269,128.13992,14.995613,0.0946,0.0697
2015-06-11,东易日盛,sz002713,51.77,50.0,51.77,50.2,51.52,50.2,19765,0.031669,124.85684,14.611409,0.0343,-0.0303
2015-06-12,东易日盛,sz002713,50.98,48.66,50.21,48.83,50.2,48.83,22666,0.036312,121.449394,14.212651,0.0462,-0.0274
2015-06-15,东易日盛,sz002713,50.0,46.6,50.0,47.0,48.83,47.0,21923,0.035119,116.897835,13.680004,0.0696,-0.06
2015-06-16,东易日盛,sz002713,47.5,43.43,46.0,43.45,47.0,43.45,28363,0.045441,108.06832,12.646728,0.0865,-0.0554
2015-06-17,东易日盛,sz002713,45.37,40.99,43.56,44.77,43.45,44.77,26487,0.042427,111.35141,13.030932,0.1008,0.0277
2015-06-18,东易日盛,sz002713,44.8,40.99,44.8,41.3,44.77,41.3,17558,0.028128,102.72086,12.02094,0.0851,-0.0781
2015-06-19,东易日盛,sz002713,40.5,37.67,39.0,39.0,41.3,39.0,26306,0.04215,97.000336,11.351493,0.0685,0.0
2015-06-22,东易日盛,sz002713,39.0,39.0,39.0,39.0,39.0,39.0,0,0.0,0.0,0.0,0.0,0.0
2015-06-23,东易日盛,sz002713,42.0,35.13,39.04,42.0,39.0,42.0,20207,0.032368,104.4619,12.224685,0.1761,0.0758
2015-06-24,东易日盛,sz002713,42.8,41.0,41.5,41.93,42.0,41.93,17033,0.027291,104.287796,12.20431,0.0428,0.0103
2015-06-25,东易日盛,sz002713,42.42,38.08,42.05,39.48,41.93,39.48,17852,0.028604,98.19418,11.491204,0.1035,-0.0611
2015-06-26,东易日盛,sz002713,38.9,35.53,38.9,35.53,39.48,35.53,16758,0.026845,88.36979,10.341501,0.0853,-0.0866
2015-06-29,东易日盛,sz002713,36.43,31.98,36.0,31.98,35.53,31.98,22489,0.036032,79.540276,9.308224,0.1252,-0.1116
2015-06-30,东易日盛,sz002713,34.1,28.78,31.3,33.6,31.98,33.6,27071,0.043376,83.56952,9.779748,0.1663,0.0734
2015-07-01,东易日盛,sz002713,34.5,30.24,33.24,30.25,33.6,30.25,25419,0.040727,75.237434,8.804684,0.1267,-0.0899
2015-07-02,东易日盛,sz002713,30.27,27.23,29.3,27.23,30.25,27.23,25080,0.040172,67.72613,7.925671,0.1004,-0.0706
2015-07-03,东易日盛,sz002713,27.55,24.51,25.5,24.51,27.23,24.51,28355,0.045424,60.96098,7.133977,0.1116,-0.0388
2015-07-06,东易日盛,sz002713,26.96,22.06,26.65,22.08,24.51,22.08,44839,0.071847,54.91711,6.426691,0.1999,-0.1714
2015-07-07,东易日盛,sz002713,21.99,19.87,20.0,19.87,22.08,19.87,46589,0.074655,49.420425,5.78344,0.096,-0.0064
2015-07-08,东易日盛,sz002713,21.38,17.88,17.89,20.2,19.87,20.2,86195,0.138076,50.2412,5.879491,0.1761,0.1291
2015-07-09,东易日盛,sz002713,22.22,19.0,19.5,22.22,20.2,22.22,23338,0.037388,55.26532,6.46744,0.1594,0.1394
2015-07-10,东易日盛,sz002713,24.44,22.5,23.0,24.44,22.22,24.44,8319,0.013323,60.786877,7.113602,0.0873,0.0626
2015-07-13,东易日盛,sz002713,26.88,25.5,26.7,26.88,24.44,26.88,58853,0.094277,66.85561,7.823798,0.0564,0.0067
2015-07-14,东易日盛,sz002713,29.4,25.88,26.6,27.58,26.88,27.58,55962,0.08963,68.59665,8.027543,0.1309,0.0368
2015-07-15,东易日盛,sz002713,27.12,24.82,26.1,24.82,27.58,24.82,31656,0.050723,61.732006,7.224207,0.0833,-0.049
2015-07-16,东易日盛,sz002713,26.5,22.86,24.82,25.44,24.82,25.44,26122,0.041848,63.274063,7.404666,0.1466,0.0249
2015-07-17,东易日盛,sz002713,27.45,25.44,25.44,26.78,25.44,26.78,16676,0.02671,66.606895,7.794692,0.079,0.0526
2015-07-20,东易日盛,sz002713,28.0,26.6,27.47,27.12,26.78,27.12,18227,0.029198,67.45254,7.893654,0.0522,-0.0127
2015-07-21,东易日盛,sz002713,27.56,26.02,26.85,27.18,27.12,27.18,15749,0.025224,67.60177,7.911117,0.0567,0.0122
2015-07-22,东易日盛,sz002713,28.56,27.06,27.3,28.0,27.18,28.0,19285,0.030891,69.641266,8.14979,0.0551,0.0256
2015-07-23,东易日盛,sz002713,29.6,27.58,27.98,29.34,28.0,29.34,26167,0.04193,72.9741,8.539816,0.0721,0.0486
2015-07-24,东易日盛,sz002713,29.99,26.8,29.34,27.35,29.34,27.35,39685,0.063584,68.02459,7.960598,0.1087,-0.0678
2015-07-27,东易日盛,sz002713,27.35,27.35,27.35,27.35,27.35,27.35,0,0.0,0.0,0.0,0.0,0.0
2015-07-28,东易日盛,sz002713,27.35,27.35,27.35,27.35,27.35,27.35,0,0.0,0.0,0.0,0.0,0.0
2015-07-29,东易日盛,sz002713,27.35,27.35,27.35,27.35,27.35,27.35,0,0.0,0.0,0.0,0.0,0.0
2015-07-30,东易日盛,sz002713,27.35,27.35,27.35,27.35,27.35,27.35,0,0.0,0.0,0.0,0.0,0.0
2015-07-31,东易日盛,sz002713,27.35,27.35,27.35,27.35,27.35,27.35,0,0.0,0.0,0.0,0.0,0.0
2015-08-03,东易日盛,sz002713,27.35,27.35,27.35,27.35,27.35,27.35,0,0.0,0.0,0.0,0.0,0.0
2015-08-04,东易日盛,sz002713,27.35,27.35,27.35,27.35,27.35,27.35,0,0.0,0.0,0.0,0.0,0.0
2015-08-05,东易日盛,sz002713,27.35,27.35,27.35,27.35,27.35,27.35,0,0.0,0.0,0.0,0.0,0.0
2015-08-06,东易日盛,sz002713,26.19,24.62,24.62,24.72,27.35,24.72,52027,0.083351,76.045395,7.353066,0.0574,0.004
2015-08-07,东易日盛,sz002713,26.0,23.32,23.4,25.6,24.72,25.6,60199,0.096439,78.75251,7.614825,0.1084,0.094
2015-08-10,东易日盛,sz002713,27.4,24.71,25.55,26.81,25.6,26.81,54434,0.087231,82.4748,7.974745,0.105,0.0493
2015-08-11,东易日盛,sz002713,27.2,26.14,26.5,26.78,26.81,26.78,41895,0.067142,82.38251,7.965821,0.0395,0.0105
2015-08-12,东易日盛,sz002713,29.46,26.38,26.42,29.21,26.78,29.21,74261,0.118989,89.85785,8.688635,0.115,0.1056
2015-08-13,东易日盛,sz002713,29.21,27.48,28.72,29.2,29.21,29.2,59719,0.095708,89.82708,8.68566,0.0592,0.0167
2015-08-14,东易日盛,sz002713,30.29,28.56,29.2,29.81,29.2,29.81,59400,0.095149,91.703606,8.867107,0.0592,0.0208
2015-08-17,东易日盛,sz002713,31.79,29.73,29.93,30.88,29.81,30.88,58908,0.0944,94.99522,9.185383,0.0691,0.0317
2015-08-18,东易日盛,sz002713,31.24,27.79,30.9,27.79,30.88,27.79,50001,0.080134,85.48954,8.26625,0.1117,-0.1006
2015-08-19,东易日盛,sz002713,28.84,25.01,26.54,28.35,27.79,28.35,44363,0.071096,87.21225,8.432824,0.1378,0.0681
2015-08-20,东易日盛,sz002713,28.2,26.12,27.05,26.5,28.35,26.5,23844,0.038202,81.52116,7.882534,0.0733,-0.0203
2015-08-21,东易日盛,sz002713,26.1,23.85,26.0,23.85,26.5,23.85,34104,0.054626,73.36904,7.094281,0.0849,-0.0826
2015-08-24,东易日盛,sz002713,22.5,21.47,21.61,21.47,23.85,21.47,14669,0.023503,66.047516,6.38634,0.0431,-0.0064
2015-08-25,东易日盛,sz002713,19.5,19.32,19.32,19.32,21.47,19.32,13849,0.022186,59.433537,5.746814,0.0083,0.0
2015-08-26,东易日盛,sz002713,20.1,17.39,18.09,17.39,19.32,17.39,60027,0.096209,53.496334,5.172727,0.1402,-0.0386
2015-08-27,东易日盛,sz002713,18.08,15.7,17.05,17.51,17.39,17.51,45203,0.072416,53.865486,5.208422,0.1368,0.0269
2015-08-28,东易日盛,sz002713,18.65,17.17,17.95,18.61,17.51,18.61,44807,0.071761,57.249386,5.535621,0.0845,0.0367
2015-08-31,东易日盛,sz002713,18.35,16.8,18.35,16.86,18.61,16.86,35023,0.05613,51.865913,5.015076,0.0832,-0.0811
2015-09-01,东易日盛,sz002713,16.86,15.17,16.86,15.18,16.86,15.18,26169,0.041948,46.697777,4.515354,0.1002,-0.0996
2015-09-02,东易日盛,sz002713,16.43,13.99,14.23,14.83,15.18,14.83,29790,0.047709,45.621082,4.411245,0.1607,0.0421
2015-09-03,东易日盛,sz002713,14.83,14.83,14.83,14.83,14.83,14.83,0,0.0,0.0,0.0,0.0,0.0
2015-09-04,东易日盛,sz002713,14.83,14.83,14.83,14.83,14.83,14.83,0,0.0,0.0,0.0,0.0,0.0
2015-09-07,东易日盛,sz002713,15.9,15.01,15.2,15.15,14.83,15.15,21023,0.033668,46.60549,4.50643,0.06,-0.0032
2015-09-08,东易日盛,sz002713,16.32,14.81,15.07,16.25,15.15,16.25,22176,0.035538,49.989388,4.833629,0.0996,0.0783
2015-09-09,东易日盛,sz002713,17.47,16.3,16.3,17.45,16.25,17.45,36007,0.057697,53.680912,5.190574,0.0719,0.0705
2015-09-10,东易日盛,sz002713,17.62,16.9,17.05,17.15,17.45,17.15,22897,0.036699,52.75803,5.101338,0.0412,0.0058
2015-09-11,东易日盛,sz002713,17.63,16.75,17.1,17.26,17.15,17.26,18034,0.028901,53.09642,5.134058,0.0513,0.0093
2015-09-14,东易日盛,sz002713,17.5,15.53,17.35,15.53,17.26,15.53,23953,0.038389,47.77447,4.619462,0.1141,-0.1048
2015-09-15,东易日盛,sz002713,15.8,13.98,14.31,14.0,15.53,14.0,23875,0.038244,43.06778,4.164358,0.1171,-0.0216
2015-09-16,东易日盛,sz002713,15.4,14.06,14.27,15.4,14.0,15.4,20806,0.033342,47.374557,4.580793,0.0957,0.0791
2015-09-17,东易日盛,sz002713,16.29,15.2,15.72,15.4,15.4,15.4,26411,0.042324,47.374557,4.580793,0.0707,-0.0203
2015-09-18,东易日盛,sz002713,15.79,15.08,15.56,15.44,15.4,15.44,19947,0.031948,47.49761,4.592692,0.0461,-0.0077
2015-09-21,东易日盛,sz002713,16.8,15.11,15.12,16.45,15.44,16.45,23821,0.038155,50.60464,4.89312,0.1094,0.0879
2015-09-22,东易日盛,sz002713,17.34,16.12,16.41,16.92,16.45,16.92,38283,0.06134,52.050488,5.032924,0.0741,0.031
2015-09-23,东易日盛,sz002713,16.87,15.94,16.5,16.31,16.92,16.31,26145,0.041889,50.17396,4.851477,0.0549,-0.0115
2015-09-24,东易日盛,sz002713,17.1,16.33,16.4,16.95,16.31,16.95,22138,0.035467,52.142776,5.041847,0.0472,0.0335
2015-09-25,东易日盛,sz002713,17.18,15.77,16.82,16.01,16.95,16.01,22802,0.036543,49.251083,4.76224,0.0831,-0.0481
2015-09-28,东易日盛,sz002713,16.01,16.01,16.01,16.01,16.01,16.01,0,0.02407,51.189133,4.949637,0.0,0.0
2015-09-29,东易日盛,sz002713,16.35,15.8,16.21,15.9,16.01,15.9,15830,0.025373,48.912693,4.729521,0.0343,-0.0191
2015-09-30,东易日盛,sz002713,16.79,15.8,15.8,16.18,15.9,16.18,21420,0.034314,49.774048,4.812808,0.0622,0.024
2015-10-01,东易日盛,sz002713,16.18,16.18,16.18,16.18,16.18,16.18,0,0.0,0.0,0.0,0.0,0.0
2015-10-02,东易日盛,sz002713,16.18,16.18,16.18,16.18,16.18,16.18,0,0.0,0.0,0.0,0.0,0.0
2015-10-05,东易日盛,sz002713,16.18,16.18,16.18,16.18,16.18,16.18,0,0.0,0.0,0.0,0.0,0.0
2015-10-06,东易日盛,sz002713,16.18,16.18,16.18,16.18,16.18,16.18,0,0.0,0.0,0.0,0.0,0.0
2015-10-07,东易日盛,sz002713,16.18,16.18,16.18,16.18,16.18,16.18,0,0.0,0.0,0.0,0.0,0.0
2015-10-08,东易日盛,sz002713,17.21,16.55,16.59,16.98,16.18,16.98,25610,0.041024,52.235065,5.050771,0.0407,0.0235
2015-10-09,东易日盛,sz002713,17.96,16.8,16.9,17.76,16.98,17.76,28004,0.044887,54.634556,5.282785,0.0683,0.0508
2015-10-12,东易日盛,sz002713,18.8,17.77,17.85,18.69,17.76,18.69,52742,0.084469,57.495487,5.559418,0.0579,0.047
2015-10-13,东易日盛,sz002713,19.12,18.35,18.43,18.89,18.69,18.89,35149,0.056316,58.11074,5.618908,0.0411,0.0249
2015-10-14,东易日盛,sz002713,19.06,18.32,18.63,18.36,18.89,18.36,30604,0.04903,56.480316,5.461258,0.0391,-0.0144
2015-10-15,东易日盛,sz002713,19.2,18.28,18.35,19.11,18.36,19.11,32465,0.052004,58.787518,5.684348,0.0501,0.0414
2015-10-16,东易日盛,sz002713,19.97,19.03,19.5,19.58,19.11,19.58,37952,0.06081,60.233364,5.824152,0.0491,0.0041
2015-10-19,东易日盛,sz002713,21.49,20.02,20.3,20.5,19.58,20.5,53145,0.085182,63.063534,6.097809,0.075,0.0098
2015-10-20,东易日盛,sz002713,21.59,19.85,20.16,21.08,20.5,21.08,49737,0.07967,64.84777,6.270333,0.0848,0.0456
2015-10-21,东易日盛,sz002713,21.98,18.97,21.11,19.2,21.08,19.2,71177,0.114073,59.064384,5.711119,0.1427,-0.0904
2015-10-22,东易日盛,sz002713,20.18,19.1,19.19,20.18,19.2,20.18,39076,0.062633,62.07913,6.002624,0.0562,0.0515
2015-10-23,东易日盛,sz002713,21.97,20.1,20.45,21.46,20.18,21.46,44658,0.071573,66.016754,6.383365,0.0926,0.0493
2015-10-26,东易日盛,sz002713,22.86,21.45,21.89,22.57,21.46,22.57,49892,0.079919,69.43141,6.713539,0.0657,0.031
2015-10-27,东易日盛,sz002713,22.37,20.75,22.3,21.99,22.57,21.99,47982,0.076904,67.64718,6.541016,0.0717,-0.0139
2015-10-28,东易日盛,sz002713,22.09,20.65,21.8,20.79,21.99,20.79,29158,0.046702,63.95565,6.184071,0.0654,-0.0463
2015-10-29,东易日盛,sz002713,21.35,20.35,21.0,20.79,20.79,20.79,21546,0.03451,63.95565,6.184071,0.0481,-0.01
2015-10-30,东易日盛,sz002713,21.2,20.26,20.93,20.74,20.79,20.74,22838,0.036604,63.801838,6.169198,0.0452,-0.009
2015-11-02,东易日盛,sz002713,21.12,19.6,19.6,20.3,20.74,20.3,22487,0.036029,62.44828,6.038319,0.0732,0.0357
2015-11-03,东易日盛,sz002713,21.95,19.92,20.19,21.4,20.3,21.4,34832,0.0,0.0,0.0,0.0999,0.0599
2015-11-04,东易日盛,sz002713,23.16,21.5,21.76,22.98,21.4,22.98,79435,0.0,0.0,0.0,0.0775,0.056
2015-11-05,东易日盛,sz002713,23.33,21.98,23.32,22.35,22.98,22.35,52188,0.0,0.0,0.0,0.0587,-0.0415
2015-11-06,东易日盛,sz002713,23.84,22.3,22.35,23.5,22.35,23.5,53754,0.0,0.0,0.0,0.0689,0.0514
2015-11-09,东易日盛,sz002713,23.77,22.5,23.41,23.59,23.5,23.59,51800,0.0,0.0,0.0,0.054,0.0076
2015-11-10,东易日盛,sz002713,25.7,23.0,23.49,25.26,23.59,25.26,66986,0.0,0.0,0.0,0.1144,0.0753
2015-11-11,东易日盛,sz002713,27.79,24.31,24.88,27.79,25.26,27.79,62218,0.0,0.0,0.0,0.1377,0.1169
2015-11-12,东易日盛,sz002713,29.79,26.71,28.4,28.66,27.79,28.66,66108,0.0,0.0,0.0,0.1108,0.0091
2015-11-13,东易日盛,sz002713,28.27,26.5,27.83,26.55,28.66,26.55,41417,0.0,0.0,0.0,0.0617,-0.0459
2015-11-16,东易日盛,sz002713,29.1,25.5,26.01,28.87,26.55,28.87,52697,0.0,0.0,0.0,0.1355,0.1099
2015-11-17,东易日盛,sz002713,29.6,27.5,28.9,27.7,28.87,27.7,54859,0.0,0.0,0.0,0.0727,-0.0415
2015-11-18,东易日盛,sz002713,28.41,26.58,27.9,27.17,27.7,27.17,37147,0.0,0.0,0.0,0.066,-0.0261
2015-11-19,东易日盛,sz002713,29.55,26.52,27.17,29.1,27.17,29.1,43998,0.0,0.0,0.0,0.1115,0.071
2015-11-20,东易日盛,sz002713,31.65,28.51,28.89,30.79,29.1,30.79,77770,0.0,0.0,0.0,0.1079,0.0657
2015-11-23,东易日盛,sz002713,31.4,29.65,31.3,29.65,30.79,29.65,37965,0.0,0.0,0.0,0.0568,-0.0527
2015-11-24,东易日盛,sz002713,30.18,28.88,29.58,29.7,29.65,29.7,23046,0.0,0.0,0.0,0.0438,0.004
2015-11-25,东易日盛,sz002713,30.99,28.35,29.69,30.3,29.7,30.3,47136,0.0,0.0,0.0,0.0888,0.0205
2015-11-26,东易日盛,sz002713,30.4,28.8,29.8,29.0,30.3,29.0,32380,0.0,0.0,0.0,0.0528,-0.0268
2015-11-27,东易日盛,sz002713,28.79,26.1,28.79,26.11,29.0,26.11,44889,0.0,0.0,0.0,0.0927,-0.093
2015-11-30,东易日盛,sz002713,26.57,23.8,26.11,25.44,26.11,25.44,36950,0.0,0.0,0.0,0.106,-0.0256
2015-12-01,东易日盛,sz002713,25.98,24.89,25.68,25.4,25.44,25.4,34569,0.0,0.0,0.0,0.0428,-0.0109
2015-12-02,东易日盛,sz002713,26.05,24.28,25.55,25.72,25.4,25.72,22582,0.0,0.0,0.0,0.0696,0.0066
2015-12-03,东易日盛,sz002713,26.86,25.72,25.85,26.86,25.72,26.86,19614,0.0,0.0,0.0,0.0443,0.039
2015-12-04,东易日盛,sz002713,27.36,26.1,26.8,26.41,26.86,26.41,20603,0.0,0.0,0.0,0.0469,-0.0145
2015-12-07,东易日盛,sz002713,26.68,25.63,26.41,26.0,26.41,26.0,19865,0.0,0.0,0.0,0.0397,-0.0155
2015-12-08,东易日盛,sz002713,26.38,25.44,25.9,25.44,26.0,25.44,17920,0.0,0.0,0.0,0.0361,-0.0177
2015-12-09,东易日盛,sz002713,25.49,24.0,25.1,24.62,25.44,24.62,24332,0.0,0.0,0.0,0.0585,-0.0191
2015-12-10,东易日盛,sz002713,24.85,24.26,24.63,24.5,24.62,24.5,13423,0.0,0.0,0.0,0.0239,-0.0052
2015-12-11,东易日盛,sz002713,25.37,24.34,24.68,25.1,24.5,25.1,22641,0.0,0.0,0.0,0.042,0.017
2015-12-14,东易日盛,sz002713,26.5,24.46,25.0,26.45,25.1,26.45,29769,0.0,0.0,0.0,0.0812,0.0579
2015-12-15,东易日盛,sz002713,27.18,26.41,26.8,26.54,26.45,26.54,24360,0.0,0.0,0.0,0.0291,-0.0097
2015-12-16,东易日盛,sz002713,27.08,26.52,26.6,26.56,26.54,26.56,26196,0.0,0.0,0.0,0.0211,-0.0015
2015-12-17,东易日盛,sz002713,28.56,26.55,26.6,28.04,26.56,28.04,35080,0.0,0.0,0.0,0.0756,0.0541
2015-12-18,东易日盛,sz002713,28.04,26.84,28.04,27.1,28.04,27.1,27398,0.0,0.0,0.0,0.0427,-0.0335
2015-12-21,东易日盛,sz002713,27.06,26.23,26.66,26.75,27.1,26.75,16986,0.0,0.0,0.0,0.0306,0.0033
2015-12-22,东易日盛,sz002713,27.0,26.3,26.98,26.59,26.75,26.59,18321,0.0,0.0,0.0,0.0261,-0.0144
2015-12-23,东易日盛,sz002713,27.42,26.36,26.72,26.77,26.59,26.77,22749,0.0,0.0,0.0,0.0398,0.0018
2015-12-24,东易日盛,sz002713,28.47,26.61,26.7,28.15,26.77,28.15,60688,0.0,0.0,0.0,0.0694,0.0543
2015-12-25,东易日盛,sz002713,29.49,27.59,28.05,29.14,28.15,29.14,50465,0.0,0.0,0.0,0.0674,0.0388
2015-12-28,东易日盛,sz002713,31.56,28.73,29.0,30.5,29.14,30.5,88313,0.0,0.0,0.0,0.0971,0.0517
2015-12-29,东易日盛,sz002713,33.55,30.49,30.5,33.55,30.5,33.55,94428,0.0,0.0,0.0,0.1003,0.0999
2015-12-30,东易日盛,sz002713,34.1,32.16,33.89,33.16,33.55,33.16,62704,0.0,0.0,0.0,0.0578,-0.0215
2015-12-31,东易日盛,sz002713,32.99,30.29,32.78,32.0,33.16,32.0,64885,0.0,0.0,0.0,0.0814,-0.0237
2016-01-01,东易日盛,sz002713,32.99,30.29,32.78,32.0,32.0,32.0,64885,0.0,0.0,0.0,0.0843,-0.0237
2016-01-04,东易日盛,sz002713,31.52,28.8,31.25,28.8,32.0,28.8,33158,0.0,0.0,0.0,0.0849,-0.0783
2016-01-05,东易日盛,sz002713,29.0,25.92,25.92,27.45,28.8,27.45,55924,0.0,0.0,0.0,0.1069,0.059
2016-01-06,东易日盛,sz002713,28.49,27.02,27.7,28.15,27.45,28.15,23383,0.0,0.0,0.0,0.0535,0.0162
2016-01-07,东易日盛,sz002713,27.75,25.34,27.71,25.34,28.15,25.34,5772,0.0,0.0,0.0,0.0856,-0.0855
2016-01-08,东易日盛,sz002713,26.7,23.11,25.8,26.05,25.34,26.05,34401,0.0,0.0,0.0,0.1416,0.0096
2016-01-11,东易日盛,sz002713,26.25,23.51,24.9,23.56,26.05,23.56,24899,0.0,0.0,0.0,0.1051,-0.0538
2016-01-12,东易日盛,sz002713,24.56,22.5,23.87,23.24,23.56,23.24,21707,0.0,0.0,0.0,0.0874,-0.0263
2016-01-13,东易日盛,sz002713,25.4,23.25,23.56,25.09,23.24,25.09,31223,0.0,0.0,0.0,0.0925,0.0649
2016-01-14,东易日盛,sz002713,27.0,24.09,24.4,26.63,25.09,26.63,42938,0.0,0.0,0.0,0.1159,0.0913
2016-01-15,东易日盛,sz002713,26.49,24.93,25.81,25.26,26.63,25.26,27900,0.0,0.0,0.0,0.0585,-0.0213
2016-01-18,东易日盛,sz002713,27.7,24.1,24.5,27.48,25.26,27.48,31251,0.0,0.0,0.0,0.1425,0.1216
2016-01-19,东易日盛,sz002713,28.5,26.73,27.08,28.34,27.48,28.34,35871,0.0,0.0,0.0,0.0644,0.0465
2016-01-20,东易日盛,sz002713,28.46,26.83,27.52,27.16,28.34,27.16,24621,0.0,0.0,0.0,0.0575,-0.013
2016-01-21,东易日盛,sz002713,29.2,26.12,26.36,27.95,27.16,27.95,52810,0.0,0.0,0.0,0.1134,0.0603
2016-01-22,东易日盛,sz002713,30.5,27.8,27.8,29.93,27.95,29.93,53378,0.0,0.0,0.0,0.0966,0.0766
2016-01-25,东易日盛,sz002713,30.98,28.8,29.6,29.35,29.93,29.35,42738,0.0,0.0,0.0,0.0728,-0.0084
2016-01-26,东易日盛,sz002713,29.2,26.42,28.8,26.42,29.35,26.42,33362,0.0,0.0,0.0,0.0947,-0.0826
2016-01-27,东易日盛,sz002713,27.8,23.78,26.42,26.78,26.42,26.78,43778,0.0,0.0,0.0,0.1521,0.0136
2016-01-28,东易日盛,sz002713,26.36,25.0,25.89,26.17,26.78,26.17,23044,0.0,0.0,0.0,0.0507,0.0108
2016-01-29,东易日盛,sz002713,27.61,25.2,26.06,27.15,26.17,27.15,18236,0.0,0.0,0.0,0.092,0.0418
2016-02-01,东易日盛,sz002713,27.35,24.81,26.6,25.15,27.15,25.15,17131,0.0,0.0,0.0,0.0935,-0.0545
2016-02-02,东易日盛,sz002713,26.15,24.35,24.4,25.7,25.15,25.7,12907,0.0,0.0,0.0,0.0715,0.0532
2016-02-03,东易日盛,sz002713,25.85,24.78,25.1,25.28,25.7,25.28,9566,0.0,0.0,0.0,0.0416,0.0071
2016-02-04,东易日盛,sz002713,26.31,25.29,25.42,25.6,25.28,25.6,13498,0.0,0.0,0.0,0.0403,0.007
2016-02-05,东易日盛,sz002713,25.9,24.76,25.89,24.76,25.6,24.76,10890,0.0,0.0,0.0,0.0445,-0.0436
2016-02-08,东易日盛,sz002713,25.9,24.76,25.89,24.76,24.76,24.76,10890,0.0,0.0,0.0,0.046,-0.0436
2016-02-09,东易日盛,sz002713,25.9,24.76,25.89,24.76,24.76,24.76,10890,0.0,0.0,0.0,0.046,-0.0436
2016-02-10,东易日盛,sz002713,25.9,24.76,25.89,24.76,24.76,24.76,10890,0.0,0.0,0.0,0.046,-0.0436
2016-02-11,东易日盛,sz002713,25.9,24.76,25.89,24.76,24.76,24.76,10890,0.0,0.0,0.0,0.046,-0.0436
2016-02-12,东易日盛,sz002713,25.9,24.76,25.89,24.76,24.76,24.76,10890,0.0,0.0,0.0,0.046,-0.0436
2016-02-15,东易日盛,sz002713,24.89,23.0,23.78,24.46,24.76,24.46,8843,0.0,0.0,0.0,0.0763,0.0285
2016-02-16,东易日盛,sz002713,26.91,24.55,24.88,26.91,24.46,26.91,22833,0.0,0.0,0.0,0.0964,0.0815
2016-02-17,东易日盛,sz002713,29.4,26.5,26.91,28.04,26.91,28.04,25837,0.0,0.0,0.0,0.1077,0.0419
2016-02-18,东易日盛,sz002713,28.8,27.4,28.17,27.68,28.04,27.68,20446,0.0,0.0,0.0,0.0499,-0.0173
2016-02-19,东易日盛,sz002713,29.5,27.64,27.99,28.76,27.68,28.76,25347,0.0,0.0,0.0,0.0671,0.0275
2016-02-22,东易日盛,sz002713,29.7,28.43,28.91,29.21,28.76,29.21,23240,0.0,0.0,0.0,0.0441,0.0103
2016-02-23,东易日盛,sz002713,29.4,27.78,28.76,28.42,29.21,28.42,19338,0.0,0.0,0.0,0.0554,-0.0118
2016-02-24,东易日盛,sz002713,30.5,28.17,28.3,28.88,28.42,28.88,25314,0.0,0.0,0.0,0.0819,0.0204
2016-02-25,东易日盛,sz002713,29.45,25.99,29.0,25.99,28.88,25.99,29156,0.0,0.0,0.0,0.1198,-0.1037
2016-02-26,东易日盛,sz002713,26.75,24.95,26.42,25.5,25.99,25.5,13722,0.0,0.0,0.0,0.0692,-0.0348
2016-02-29,东易日盛,sz002713,25.95,23.5,24.65,23.82,25.5,23.82,18306,0.0,0.0,0.0,0.096,-0.0336
2016-03-01,东易日盛,sz002713,26.2,23.82,23.82,26.2,23.82,26.2,27534,0.0,0.0,0.0,0.0999,0.0999
2016-03-02,东易日盛,sz002713,28.82,25.6,26.18,28.82,26.2,28.82,40820,0.0,0.0,0.0,0.1229,0.1008
2016-03-03,东易日盛,sz002713,30.96,29.43,30.07,29.83,28.82,29.83,64294,0.0,0.0,0.0,0.053,-0.0079
2016-03-04,东易日盛,sz002713,31.89,28.81,30.15,30.75,29.83,30.75,61927,0.0,0.0,0.0,0.1032,0.0199
2016-03-07,东易日盛,sz002713,33.0,29.83,30.4,32.21,30.75,32.21,51670,0.0,0.0,0.0,0.103,0.0595
2016-03-08,东易日盛,sz002713,32.46,29.98,32.25,31.79,32.21,31.79,38257,0.0,0.0,0.0,0.0769,-0.0142
2016-03-09,东易日盛,sz002713,30.59,28.61,30.59,29.0,31.79,29.0,42572,0.0,0.0,0.0,0.0622,-0.0519
2016-03-10,东易日盛,sz002713,29.98,27.75,28.68,28.89,29.0,28.89,29177,0.0,0.0,0.0,0.0768,0.0073
2016-03-11,东易日盛,sz002713,29.38,28.0,29.0,28.67,28.89,28.67,22944,0.0,0.0,0.0,0.0477,-0.0113
2016-03-14,东易日盛,sz002713,31.54,29.0,29.4,31.54,28.67,31.54,57645,0.0,0.0,0.0,0.0885,0.0727
2016-03-15,东易日盛,sz002713,33.99,30.88,31.0,32.92,31.54,32.92,67754,0.0,0.0,0.0,0.0986,0.0619
2016-03-16,东易日盛,sz002713,33.77,31.88,32.8,32.0,32.92,32.0,43406,0.0,0.0,0.0,0.0574,-0.0243
2016-03-17,东易日盛,sz002713,35.2,31.4,32.5,35.2,32.0,35.2,74465,0.0,0.0,0.0,0.1187,0.083
2016-03-18,东易日盛,sz002713,38.72,35.0,35.2,38.72,35.2,38.72,86346,0.0,0.0,0.0,0.1056,0.0999
2016-03-21,东易日盛,sz002713,39.5,37.06,39.38,38.11,38.72,38.11,93705,0.0,0.0,0.0,0.063,-0.0322
2016-03-22,东易日盛,sz002713,38.0,36.72,37.09,37.4,38.11,37.4,52894,0.0,0.0,0.0,0.0335,0.0083
2016-03-23,东易日盛,sz002713,38.26,36.28,37.08,37.95,37.4,37.95,55510,0.0,0.0,0.0,0.0529,0.0234
2016-03-24,东易日盛,sz002713,37.93,35.61,37.0,35.99,37.95,35.99,51091,0.0,0.0,0.0,0.0611,-0.0272
2016-03-25,东易日盛,sz002713,37.5,36.0,36.44,37.5,35.99,37.5,49990,0.0,0.0,0.0,0.0416,0.029
