2016-03-25
2014-12-04,王子新材,sz002735,14.62,14.62,14.62,14.62,13.29,14.619997,7100,3.55E-4,0.0,0.0,0.0,0.0
2014-12-05,王子新材,sz002735,16.08,16.08,16.08,16.08,14.62,16.079994,12900,6.45E-4,0.0,0.0,0.0,0.0
2014-12-08,王子新材,sz002735,17.69,17.69,17.69,17.69,16.08,17.689987,12500,6.25E-4,0.0,0.0,0.0,0.0
2014-12-09,王子新材,sz002735,19.46,19.46,19.46,19.46,17.69,19.459993,30000,0.0015,0.0,0.0,0.0,0.0
2014-12-10,王子新材,sz002735,21.41,21.41,21.41,21.41,19.46,21.410002,39000,0.00195,0.0,0.0,0.0,0.0
2014-12-11,王子新材,sz002735,23.55,23.55,23.55,23.55,21.41,23.549995,37400,0.00187,0.0,0.0,0.0,0.0
2014-12-12,王子新材,sz002735,25.91,25.91,25.91,25.91,23.55,25.909988,41100,0.002055,0.0,0.0,0.0,0.0
2014-12-15,王子新材,sz002735,28.5,28.5,28.5,28.5,25.91,28.499977,92851,0.004643,0.0,0.0,0.0,0.0
2014-12-16,王子新材,sz002735,31.35,31.35,31.35,31.35,28.5,31.349974,149770,0.007489,0.0,0.0,0.0,0.0
2014-12-17,王子新材,sz002735,34.49,34.49,34.49,34.49,31.35,34.489956,1034461,0.051723,0.0,0.0,0.0,0.0
2014-12-18,王子新材,sz002735,34.4,31.2,34.2,31.23,34.49,31.229965,11156689,0.557834,0.0,0.0,0.0927,-0.0868
2014-12-19,王子新材,sz002735,30.19,28.33,30.08,29.68,31.23,29.67996,7357571,0.367879,0.0,0.0,0.0595,-0.0132
2014-12-22,王子新材,sz002735,29.02,26.71,29.0,26.71,29.68,26.709974,4102187,0.205109,0.0,0.0,0.0778,-0.0789
2014-12-23,王子新材,sz002735,28.85,26.13,26.19,26.92,26.71,26.91997,4098604,0.20493,0.0,0.0,0.1018,0.0278
2014-12-24,王子新材,sz002735,27.97,26.51,27.0,27.83,26.92,27.829971,3084975,0.154249,0.0,0.0,0.0542,0.0307
2014-12-25,王子新材,sz002735,27.88,26.72,27.86,27.2,27.83,27.199986,2920967,0.146048,0.0,0.0,0.0416,-0.0236
2014-12-26,王子新材,sz002735,27.4,26.6,26.95,26.78,27.2,26.77999,2117479,0.105874,0.0,0.0,0.0294,-0.0063
2014-12-29,王子新材,sz002735,27.24,26.06,26.4,27.24,26.78,27.23999,2419954,0.120998,0.0,0.0,0.044,0.0318
2014-12-30,王子新材,sz002735,27.57,26.35,27.14,26.38,27.24,26.379995,2030105,0.101505,0.0,0.0,0.0447,-0.028
2014-12-31,王子新材,sz002735,26.81,25.66,26.3,26.47,26.38,26.470005,1743203,0.08716,0.0,0.0,0.0435,0.0064
2015-01-01,王子新材,sz002735,26.47,26.47,26.47,26.47,26.47,26.43,0,0.0,0.0,0.0,0.0,0.0
2015-01-02,王子新材,sz002735,26.47,26.47,26.47,26.47,26.47,26.43,0,0.0,0.0,0.0,0.0,0.0
2015-01-05,王子新材,sz002735,26.18,25.68,26.1,25.91,26.47,25.87,15459,0.077297,0.0,0.0,0.0188,-0.0072
2015-01-06,王子新材,sz002735,26.46,25.45,25.7,26.22,25.91,26.18,17636,0.088181,0.0,0.0,0.0389,0.0202
2015-01-07,王子新材,sz002735,26.21,25.67,26.2,25.79,26.22,25.75,12440,0.0622,0.0,0.0,0.0205,-0.0156
2015-01-08,王子新材,sz002735,26.35,25.62,25.7,25.8,25.79,25.76,14376,0.071885,0.0,0.0,0.0283,0.0038
2015-01-09,王子新材,sz002735,26.18,25.56,25.8,25.56,25.8,25.52,13478,0.067394,0.0,0.0,0.024,-0.0093
2015-01-12,王子新材,sz002735,25.21,23.72,25.1,23.8,25.56,23.77,16273,0.081368,0.0,0.0,0.0582,-0.0517
2015-01-13,王子新材,sz002735,24.37,23.58,23.6,24.26,23.8,24.23,12699,0.063499,0.0,0.0,0.0331,0.0279
2015-01-14,王子新材,sz002735,24.37,23.9,24.3,24.03,24.26,24.0,10803,0.054019,0.0,0.0,0.0193,-0.0111
2015-01-15,王子新材,sz002735,25.18,23.9,23.96,24.56,24.03,24.53,15950,0.07975,0.0,0.0,0.0532,0.025
2015-01-16,王子新材,sz002735,26.35,24.1,24.5,26.08,24.56,26.04,27269,0.136348,0.0,0.0,0.0916,0.0644
2015-01-19,王子新材,sz002735,28.69,25.62,26.37,28.69,26.08,28.65,87922,0.43961,0.0,0.0,0.1177,0.0879
2015-01-20,王子新材,sz002735,31.56,29.31,29.39,31.56,28.69,31.52,71120,0.355601,0.0,0.0,0.0784,0.0738
2015-01-21,王子新材,sz002735,34.4,29.85,33.25,30.9,31.56,30.86,112497,0.562489,0.0,0.0,0.1441,-0.0706
2015-01-22,王子新材,sz002735,30.8,29.48,29.6,30.07,30.9,30.03,69038,0.345195,0.0,0.0,0.0427,0.0158
2015-01-23,王子新材,sz002735,29.94,28.76,29.69,28.8,30.07,28.76,44599,0.222997,0.0,0.0,0.0392,-0.0299
2015-01-26,王子新材,sz002735,29.08,28.5,28.71,29.03,28.8,28.99,22874,0.114375,0.0,0.0,0.0201,0.0111
2015-01-27,王子新材,sz002735,29.55,28.47,28.89,29.38,29.03,29.34,30520,0.152601,0.0,0.0,0.0372,0.0169
2015-01-28,王子新材,sz002735,29.83,28.71,29.14,28.9,29.38,28.86,27960,0.139805,0.0,0.0,0.0381,-0.0082
2015-01-29,王子新材,sz002735,28.38,27.58,28.3,27.58,28.9,27.54,24139,0.120696,0.0,0.0,0.0276,-0.0254
2015-01-30,王子新材,sz002735,27.9,26.52,27.72,26.52,27.58,26.48,18661,0.093305,0.0,0.0,0.05,-0.0432
2015-02-02,王子新材,sz002735,26.97,26.17,26.6,26.52,26.52,26.48,12403,0.06202,0.0,0.0,0.0301,-0.003
2015-02-03,王子新材,sz002735,28.18,26.52,26.52,28.17,26.52,28.13,30746,0.153731,0.0,0.0,0.0625,0.0622
2015-02-04,王子新材,sz002735,28.64,27.63,28.07,27.89,28.17,27.85,23436,0.117183,0.0,0.0,0.0358,-0.0064
2015-02-05,王子新材,sz002735,28.22,27.61,28.14,27.89,27.89,27.85,17454,0.08727,0.0,0.0,0.0218,-0.0088
2015-02-06,王子新材,sz002735,28.62,26.54,27.87,28.58,27.89,28.54,34208,0.171041,0.0,0.0,0.0745,0.0254
2015-02-09,王子新材,sz002735,29.8,28.15,28.57,28.16,28.58,28.12,26134,0.130673,0.0,0.0,0.0577,-0.0143
2015-02-10,王子新材,sz002735,30.15,26.77,27.69,30.15,28.16,30.11,40676,0.203383,0.0,0.0,0.12,0.0888
2015-02-11,王子新材,sz002735,32.5,29.67,29.8,32.5,30.15,32.45,46446,0.232234,0.0,0.0,0.0938,0.0906
2015-02-12,王子新材,sz002735,32.5,30.88,32.49,31.54,32.5,31.5,25656,0.128282,0.0,0.0,0.0498,-0.0292
2015-02-13,王子新材,sz002735,32.43,31.08,31.54,31.75,31.54,31.71,20380,0.101902,0.0,0.0,0.0428,0.0066
2015-02-16,王子新材,sz002735,32.5,31.15,31.5,31.43,31.75,31.39,13682,0.068411,0.0,0.0,0.0425,-0.0022
2015-02-17,王子新材,sz002735,31.75,30.7,31.52,31.15,31.43,31.11,11670,0.058354,0.0,0.0,0.0334,-0.0117
2015-02-18,王子新材,sz002735,31.15,31.15,31.15,31.15,31.15,31.11,0,0.0,0.0,0.0,0.0,0.0
2015-02-19,王子新材,sz002735,31.15,31.15,31.15,31.15,31.15,31.11,0,0.0,0.0,0.0,0.0,0.0
2015-02-20,王子新材,sz002735,31.15,31.15,31.15,31.15,31.15,31.11,0,0.0,0.0,0.0,0.0,0.0
2015-02-23,王子新材,sz002735,31.15,31.15,31.15,31.15,31.15,31.11,0,0.0,0.0,0.0,0.0,0.0
2015-02-24,王子新材,sz002735,31.15,31.15,31.15,31.15,31.15,31.11,0,0.0,0.0,0.0,0.0,0.0
2015-02-25,王子新材,sz002735,31.78,30.7,31.35,31.53,31.15,31.49,12889,0.064449,0.0,0.0,0.0346,0.0057
2015-02-26,王子新材,sz002735,33.26,31.53,31.56,32.2,31.53,32.15,15328,0.07664,0.0,0.0,0.0548,0.0202
2015-02-27,王子新材,sz002735,32.52,31.54,31.67,32.14,32.2,32.09,11979,0.059899,0.0,0.0,0.0304,0.0148
2015-03-02,王子新材,sz002735,33.48,31.45,32.28,33.4,32.14,33.35,21759,0.108796,0.0,0.0,0.0631,0.0346
2015-03-03,王子新材,sz002735,36.2,32.8,33.06,33.51,33.4,33.46,30903,0.154517,0.0,0.0,0.1017,0.0136
2015-03-04,王子新材,sz002735,34.45,32.2,33.51,33.48,33.51,33.43,18339,0.091696,0.0,0.0,0.0671,-8.0E-4
2015-03-05,王子新材,sz002735,36.83,32.98,32.98,36.83,33.48,36.78,63362,0.316812,0.0,0.0,0.1149,0.1167
2015-03-06,王子新材,sz002735,39.2,36.1,37.0,37.31,36.83,37.26,30344,0.15172,0.0,0.0,0.0841,0.0083
2015-03-09,王子新材,sz002735,37.4,36.0,36.5,36.55,37.31,36.5,12608,0.063042,0.0,0.0,0.0375,0.0013
2015-03-10,王子新材,sz002735,40.21,36.61,36.61,40.21,36.55,40.15,42331,0.211658,0.0,0.0,0.0984,0.0983
2015-03-11,王子新材,sz002735,40.75,38.1,40.41,39.3,40.21,39.24,17249,0.08625,0.0,0.0,0.0659,-0.0274
2015-03-12,王子新材,sz002735,41.3,36.65,38.8,40.8,39.3,40.74,26710,0.133552,0.0,0.0,0.1183,0.0515
2015-03-13,王子新材,sz002735,44.82,39.83,40.12,43.58,40.8,43.52,37517,0.187589,0.0,0.0,0.1223,0.0862
2015-03-16,王子新材,sz002735,45.95,42.6,43.58,45.9,43.58,45.84,24173,0.12087,0.0,0.0,0.0768,0.0532
2015-03-17,王子新材,sz002735,46.63,44.0,44.8,45.78,45.9,45.72,23657,0.118286,0.0,0.0,0.0572,0.0218
2015-03-18,王子新材,sz002735,45.48,44.29,44.89,45.14,45.78,45.08,12549,0.062748,0.0,0.0,0.0259,0.0055
2015-03-19,王子新材,sz002735,45.2,43.03,45.14,43.68,45.14,43.62,16179,0.080898,0.0,0.0,0.048,-0.0323
2015-03-20,王子新材,sz002735,45.31,43.05,43.68,44.28,43.68,44.22,13159,0.065796,0.0,0.0,0.0517,0.0137
2015-03-23,王子新材,sz002735,45.0,43.3,44.2,44.28,44.28,44.22,9718,0.048592,0.0,0.0,0.0383,0.0018
2015-03-24,王子新材,sz002735,45.85,42.09,44.28,45.47,44.28,45.41,16101,0.080507,0.0,0.0,0.0849,0.0268
2015-03-25,王子新材,sz002735,46.4,44.01,44.66,45.12,45.47,45.06,10933,0.05467,0.0,0.0,0.0525,0.0103
2015-03-26,王子新材,sz002735,48.6,44.4,45.18,45.51,45.12,45.45,12041,0.060207,0.0,0.0,0.093,0.0073
2015-03-27,王子新材,sz002735,50.06,43.44,45.44,50.06,45.51,49.99,24257,0.121286,0.0,0.0,0.1454,0.1016
2015-03-30,王子新材,sz002735,53.19,48.35,50.3,50.99,50.06,50.92,22478,0.112394,0.0,0.0,0.0966,0.0137
2015-03-31,王子新材,sz002735,51.88,49.01,50.67,51.0,50.99,50.93,12587,0.06294,0.0,0.0,0.0562,0.0065
2015-04-01,王子新材,sz002735,51.8,50.3,50.85,50.98,51.0,50.91,10293,0.051465,0.0,0.0,0.0294,0.0025
2015-04-02,王子新材,sz002735,53.18,50.85,50.98,52.0,50.98,51.93,10156,0.05078,0.0,0.0,0.0457,0.02
2015-04-03,王子新材,sz002735,51.5,50.1,51.5,50.18,52.0,50.11,10946,0.054731,0.0,0.0,0.0269,-0.0256
2015-04-06,王子新材,sz002735,50.18,50.18,50.18,50.18,50.18,50.11,0,0.0,0.0,0.0,0.0,0.0
2015-04-07,王子新材,sz002735,54.88,48.7,49.67,53.9,50.18,53.82,27113,0.135566,0.0,0.0,0.1231,0.0851
2015-04-08,王子新材,sz002735,53.7,50.9,53.55,51.99,53.9,51.92,9415,0.047077,0.0,0.0,0.0519,-0.0291
2015-04-09,王子新材,sz002735,51.85,47.0,51.02,49.57,51.99,49.5,6973,0.034865,0.0,0.0,0.0932,-0.0284
2015-04-10,王子新材,sz002735,50.48,48.09,49.2,49.15,49.57,49.08,10395,0.051979,0.0,0.0,0.0482,-0.001
2015-04-13,王子新材,sz002735,51.99,48.8,48.8,51.0,49.15,50.93,13405,0.067026,0.0,0.0,0.0649,0.045
2015-04-14,王子新材,sz002735,51.5,49.03,50.2,50.45,51.0,50.38,16279,0.081399,0.0,0.0,0.0484,0.0049
2015-04-15,王子新材,sz002735,50.55,47.1,50.55,48.65,50.45,48.58,11149,0.055745,0.0,0.0,0.0683,-0.0375
2015-04-16,王子新材,sz002735,48.21,44.6,48.2,46.71,48.65,46.64,8476,0.04238,0.0,0.0,0.0742,-0.0309
2015-04-17,王子新材,sz002735,48.2,45.4,47.3,48.0,46.71,47.93,16020,0.080102,0.0,0.0,0.0599,0.0147
2015-04-20,王子新材,sz002735,47.0,44.04,47.0,45.97,48.0,45.91,14703,0.073516,118.21059,8.758482,0.0616,-0.0219
2015-04-21,王子新材,sz002735,47.45,45.0,45.4,47.0,45.97,46.93,19443,0.097217,120.859215,8.954724,0.0532,0.0352
2015-04-22,王子新材,sz002735,46.97,45.88,46.55,46.79,47.0,46.72,39226,0.196134,120.319214,8.914714,0.0231,0.0051
2015-04-23,王子新材,sz002735,47.0,45.71,46.8,46.34,46.79,46.27,30851,0.154256,119.1621,8.828982,0.0275,-0.0098
2015-04-24,王子新材,sz002735,46.3,45.3,45.81,45.6,46.34,45.54,20235,0.101179,117.25921,8.687992,0.0215,-0.0045
2015-04-27,王子新材,sz002735,45.98,45.2,45.57,45.72,45.6,45.66,27097,0.135487,117.56783,8.710858,0.0171,0.0032
2015-04-28,王子新材,sz002735,45.98,41.15,45.8,41.15,45.72,41.09,59497,0.297486,105.81622,7.840156,0.1056,-0.1015
2015-04-29,王子新材,sz002735,41.68,39.18,40.3,41.5,41.15,41.44,40256,0.201285,106.71619,7.906836,0.0607,0.0297
2015-04-30,王子新材,sz002735,41.68,41.1,41.1,41.31,41.5,41.25,23411,0.11706,106.22764,7.870639,0.0139,0.0051
2015-05-01,王子新材,sz002735,41.31,41.31,41.31,41.31,41.31,41.25,0,0.0,0.0,0.0,0.0,0.0
2015-05-04,王子新材,sz002735,41.96,40.66,41.55,40.79,41.31,40.73,30581,0.152906,104.89045,7.771563,0.0314,-0.0182
2015-05-05,王子新材,sz002735,41.11,39.41,40.9,39.79,40.79,39.73,20682,0.103412,102.318954,7.581036,0.0416,-0.0271
2015-05-06,王子新材,sz002735,40.89,39.82,40.0,39.95,39.79,39.89,18525,0.092627,102.73038,7.611519,0.0268,-0.0012
2015-05-07,王子新材,sz002735,40.85,39.82,39.98,40.68,39.95,40.62,23089,0.115446,104.60757,7.750604,0.0257,0.0175
2015-05-08,王子新材,sz002735,42.62,40.4,40.68,42.6,40.68,42.54,38239,0.191196,109.54484,8.116417,0.0545,0.0471
2015-05-11,王子新材,sz002735,43.69,42.1,43.4,43.52,42.6,43.46,40396,0.20198,111.91057,8.291699,0.0373,0.0027
2015-05-12,王子新材,sz002735,44.97,43.03,43.53,44.72,43.52,44.66,38522,0.192614,114.99639,8.520335,0.0445,0.0273
2015-05-13,王子新材,sz002735,46.66,43.2,44.0,45.66,44.72,45.6,52121,0.260607,117.41361,8.699432,0.0773,0.0377
2015-05-14,王子新材,sz002735,48.28,45.0,45.67,48.24,45.66,48.17,49573,0.247866,124.04807,9.190994,0.0718,0.0562
2015-05-15,王子新材,sz002735,51.2,47.05,48.37,48.11,48.24,48.04,63244,0.316222,123.71376,9.166224,0.086,-0.0053
2015-05-18,王子新材,sz002735,51.37,46.35,47.61,51.35,48.11,51.28,57546,0.287733,132.0454,9.783532,0.1043,0.0785
2015-05-19,王子新材,sz002735,52.74,48.81,51.35,49.31,51.35,49.24,46503,0.232516,126.79962,9.394862,0.0765,-0.0397
2015-05-20,王子新材,sz002735,52.33,46.9,49.29,49.75,49.31,49.68,52915,0.264578,127.93105,9.478692,0.1101,0.0093
2015-05-21,王子新材,sz002735,54.73,50.0,50.37,52.03,49.75,51.96,56084,0.280312,133.79402,9.913093,0.095,0.0329
2015-05-22,王子新材,sz002735,53.6,50.51,51.7,51.52,52.03,51.45,41253,0.206345,132.48257,9.815924,0.0593,-0.0034
2015-05-25,王子新材,sz002735,53.6,49.35,50.76,52.93,51.52,52.86,47800,0.23891,136.10835,10.084567,0.0824,0.0427
2015-05-26,王子新材,sz002735,58.22,53.08,53.31,58.22,52.93,58.14,65759,0.328908,149.71147,11.092452,0.0971,0.0921
2015-05-27,王子新材,sz002735,63.95,61.0,62.5,63.95,58.22,63.95,59353,0.296765,164.67232,12.200934,0.0506,0.0232
2015-05-28,王子新材,sz002735,70.35,59.0,70.24,60.0,63.95,60.0,106860,0.5343,154.501,11.447318,0.1774,-0.1457
2015-05-29,王子新材,sz002735,63.11,54.0,61.1,57.6,60.0,57.6,69614,0.34807,148.32097,10.989426,0.1518,-0.0572
2015-06-01,王子新材,sz002735,59.6,55.4,57.4,59.39,57.6,59.39,50312,0.251518,152.93025,11.330937,0.0729,0.0346
2015-06-02,王子新材,sz002735,64.5,57.67,58.62,63.4,59.39,63.4,51628,0.25814,163.25607,12.096,0.115,0.0815
2015-06-03,王子新材,sz002735,63.8,59.0,63.77,60.83,63.4,60.83,29558,0.147741,156.63828,11.605673,0.0757,-0.0461
2015-06-04,王子新材,sz002735,60.17,54.75,60.17,56.68,60.83,56.68,32104,0.160463,145.95195,10.8139,0.0891,-0.058
2015-06-05,王子新材,sz002735,58.6,55.41,57.33,56.51,56.68,56.51,23317,0.116606,145.5142,10.781466,0.0562,-0.0143
2015-06-08,王子新材,sz002735,57.3,51.0,57.01,52.23,56.51,52.23,31516,0.15752,134.49313,9.964891,0.1114,-0.0838
2015-06-09,王子新材,sz002735,53.95,51.0,51.73,53.21,52.23,53.21,18901,0.094523,137.01665,10.151864,0.0564,0.0286
2015-06-10,王子新材,sz002735,56.19,52.2,53.0,55.44,53.21,55.44,27003,0.134991,142.75893,10.577322,0.0749,0.046
2015-06-11,王子新材,sz002735,57.6,54.82,55.49,56.17,55.44,56.17,27964,0.13987,144.63869,10.716598,0.0501,0.0122
2015-06-12,王子新材,sz002735,56.98,54.23,56.44,55.5,56.17,55.5,25253,0.126265,142.91344,10.58877,0.0489,-0.0166
2015-06-15,王子新材,sz002735,55.44,52.35,55.43,52.61,55.5,52.61,21690,0.108471,135.47163,10.03739,0.0556,-0.0508
2015-06-16,王子新材,sz002735,52.34,49.82,52.3,50.13,52.61,50.13,19756,0.098741,129.08559,9.564235,0.0478,-0.0414
2015-06-17,王子新材,sz002735,52.46,49.53,50.16,52.29,50.13,52.29,16162,0.080795,134.64763,9.976338,0.0584,0.0424
2015-06-18,王子新材,sz002735,53.5,50.38,52.0,50.5,52.29,50.5,14035,0.070175,130.03835,9.634826,0.0596,-0.0288
2015-06-19,王子新材,sz002735,49.66,45.45,49.66,45.46,50.5,45.46,15586,0.077947,117.060265,8.673252,0.0833,-0.0845
2015-06-22,王子新材,sz002735,45.46,45.46,45.46,45.46,45.46,45.46,0,0.0,0.0,0.0,0.0,0.0
2015-06-23,王子新材,sz002735,47.1,43.01,45.75,47.1,45.46,47.1,17512,0.08756,121.283295,8.986145,0.0899,0.0295
2015-06-24,王子新材,sz002735,47.99,46.19,47.0,47.5,47.1,47.5,18140,0.0907,122.3133,9.06246,0.0382,0.0106
2015-06-25,王子新材,sz002735,49.87,46.81,47.08,47.92,47.5,47.92,22598,0.113037,123.394806,9.142592,0.0644,0.0178
2015-06-26,王子新材,sz002735,46.75,43.13,46.75,43.13,47.92,43.13,15812,0.079023,111.06048,8.228714,0.0755,-0.0774
2015-06-29,王子新材,sz002735,44.05,38.82,43.71,38.82,43.13,38.82,22027,0.110192,99.96215,7.406415,0.1212,-0.1118
2015-06-30,王子新材,sz002735,41.5,34.94,38.5,41.0,38.82,41.0,21257,0.106285,105.57569,7.822334,0.1689,0.0649
2015-07-01,王子新材,sz002735,42.0,37.0,39.0,37.01,41.0,37.01,19870,0.099377,95.30137,7.061088,0.1219,-0.051
2015-07-02,王子新材,sz002735,37.56,33.31,37.2,33.32,37.01,33.32,14977,0.07493,85.79956,6.357078,0.1148,-0.1043
2015-07-03,王子新材,sz002735,34.1,29.99,31.71,29.99,33.32,29.99,20908,0.104505,77.224754,5.721751,0.1233,-0.0542
2015-07-06,王子新材,sz002735,32.99,26.99,32.99,31.61,29.99,31.61,39685,0.198488,81.39628,6.030829,0.2,-0.0418
2015-07-07,王子新材,sz002735,30.61,28.45,30.0,28.45,31.61,28.45,16613,0.083065,73.25923,5.427937,0.0683,-0.0516
2015-07-08,王子新材,sz002735,28.98,25.61,25.61,26.66,28.45,26.66,40875,0.204452,68.64995,5.086425,0.1184,0.0409
2015-07-09,王子新材,sz002735,29.33,25.05,25.05,29.33,26.66,29.33,19208,0.095975,75.525246,5.595831,0.1605,0.1708
2015-07-10,王子新材,sz002735,32.26,30.0,31.28,32.26,29.33,32.26,12706,0.06355,83.070045,6.154842,0.077,0.0313
2015-07-13,王子新材,sz002735,35.49,32.69,34.5,35.49,32.26,35.49,21751,0.108724,91.387344,6.771089,0.0867,0.0286
2015-07-14,王子新材,sz002735,38.66,34.48,35.99,36.66,35.49,36.66,32303,0.161559,94.400116,6.994312,0.1177,0.0186
2015-07-15,王子新材,sz002735,35.7,32.99,35.16,32.99,36.66,32.99,15437,0.077162,84.94981,6.294117,0.0739,-0.0617
2015-07-16,王子新材,sz002735,35.0,29.99,32.99,33.61,32.99,33.61,18924,0.094648,86.54632,6.412406,0.1518,0.0187
2015-07-17,王子新材,sz002735,36.2,33.66,33.66,35.82,33.61,35.82,10804,0.05405,92.2371,6.834049,0.0755,0.0641
2015-07-20,王子新材,sz002735,36.8,35.02,35.87,35.51,35.82,35.51,11469,0.057361,91.43885,6.774905,0.0496,-0.01
2015-07-21,王子新材,sz002735,36.99,34.58,35.17,36.32,35.51,36.32,10906,0.05456,93.52461,6.929443,0.0678,0.0326
2015-07-22,王子新材,sz002735,37.2,35.4,36.11,36.4,36.32,36.4,11332,0.05666,93.73061,6.944707,0.0495,0.008
2015-07-23,王子新材,sz002735,39.88,36.41,36.6,39.78,36.4,39.78,22658,0.113233,102.434166,7.589572,0.0953,0.0868
2015-07-24,王子新材,sz002735,40.49,37.8,39.51,37.98,39.78,37.98,22259,0.111236,97.79914,7.246153,0.0676,-0.0387
2015-07-27,王子新材,sz002735,38.75,34.18,37.29,34.18,37.98,34.18,15857,0.079239,88.01408,6.521156,0.1203,-0.0834
2015-07-28,王子新材,sz002735,35.17,30.77,31.5,32.25,34.18,32.25,14102,0.07051,83.04429,6.152934,0.1287,0.0238
2015-07-29,王子新材,sz002735,35.48,31.82,33.5,35.48,32.25,35.48,17856,0.08923,91.361595,6.769181,0.1134,0.0591
2015-07-30,王子新材,sz002735,38.8,32.32,35.4,36.29,35.48,36.29,25122,0.125575,93.44736,6.92372,0.1826,0.0251
2015-07-31,王子新材,sz002735,39.29,34.91,35.1,38.6,36.29,38.6,28215,0.141075,99.39565,7.364442,0.1206,0.0997
2015-08-03,王子新材,sz002735,40.38,36.95,38.32,37.73,38.6,37.73,24561,0.12274,97.15538,7.198455,0.0888,-0.0153
2015-08-04,王子新材,sz002735,40.4,37.24,37.66,40.37,37.73,40.37,28297,0.141555,103.95343,7.702137,0.0837,0.0719
2015-08-05,王子新材,sz002735,40.69,38.74,39.88,39.4,40.37,39.4,26094,0.13047,101.455666,7.517072,0.0483,-0.012
2015-08-06,王子新材,sz002735,39.2,37.1,38.1,37.87,39.4,37.87,13635,0.068211,97.515884,7.225166,0.0532,-0.006
2015-08-07,王子新材,sz002735,39.7,38.0,38.47,38.9,37.87,38.9,14141,0.070705,100.16815,7.421678,0.0448,0.0111
2015-08-10,王子新材,sz002735,40.7,38.81,38.9,40.01,38.9,40.01,23268,0.116369,103.02642,7.633454,0.0485,0.0285
2015-08-11,王子新材,sz002735,41.23,39.61,40.15,40.7,40.01,40.7,24611,0.123055,104.803185,7.765098,0.0404,0.0136
2015-08-12,王子新材,sz002735,42.47,39.8,40.35,40.6,40.7,40.6,24051,0.120255,104.545685,7.746019,0.0656,0.0061
2015-08-13,王子新材,sz002735,41.62,40.07,40.53,41.35,40.6,41.35,16367,0.081835,106.476944,7.88911,0.0381,0.0202
2015-08-14,王子新材,sz002735,42.3,41.3,41.41,42.06,41.35,42.06,17235,0.086195,108.30521,8.02457,0.0241,0.0156
2015-08-17,王子新材,sz002735,43.0,40.5,41.98,42.67,42.06,42.67,18354,0.091813,109.87597,8.140951,0.0594,0.0164
2015-08-18,王子新材,sz002735,42.37,38.4,42.02,39.77,42.67,39.77,25229,0.126208,102.40842,7.587664,0.093,-0.0535
2015-08-19,王子新材,sz002735,41.8,36.01,38.6,40.39,39.77,40.39,17812,0.089038,104.00493,7.705953,0.1455,0.0463
2015-08-20,王子新材,sz002735,39.99,38.0,39.99,38.0,40.39,38.0,10113,0.050565,97.85064,7.249968,0.0492,-0.0497
2015-08-21,王子新材,sz002735,38.0,34.67,37.5,38.0,38.0,38.0,16624,0.08312,97.85064,7.249968,0.0876,0.0133
2015-08-24,王子新材,sz002735,36.94,34.2,35.77,34.2,38.0,34.2,12381,0.061905,88.065575,6.524972,0.0721,-0.0438
2015-08-25,王子新材,sz002735,34.99,30.78,30.79,30.78,34.2,30.78,30180,0.150802,79.25902,5.872474,0.123,-3.0E-4
2015-08-26,王子新材,sz002735,32.88,28.06,31.7,30.9,30.78,30.9,18870,0.09435,79.568016,5.895369,0.1565,-0.0252
2015-08-27,王子新材,sz002735,32.1,28.44,31.5,31.52,30.9,31.52,14221,0.07115,81.16453,6.013658,0.1184,6.0E-4
2015-08-28,王子新材,sz002735,33.85,31.0,31.58,33.5,31.52,33.5,15363,0.076815,86.26306,6.391419,0.0904,0.0607
2015-08-31,王子新材,sz002735,33.09,30.49,33.09,30.49,33.5,30.49,8680,0.043386,78.51226,5.817146,0.0776,-0.0785
2015-09-01,王子新材,sz002735,30.01,28.3,30.01,28.51,30.49,28.51,8649,0.04326,73.41373,5.439384,0.056,-0.0499
2015-09-02,王子新材,sz002735,29.5,27.0,27.26,27.86,28.51,27.86,5092,0.025469,71.73997,5.315372,0.0876,0.022
2015-09-03,王子新材,sz002735,27.86,27.86,27.86,27.86,27.86,27.86,0,0.0,0.0,0.0,0.0,0.0
2015-09-04,王子新材,sz002735,27.86,27.86,27.86,27.86,27.86,27.86,0,0.0,0.0,0.0,0.0,0.0
2015-09-07,王子新材,sz002735,29.5,28.0,28.0,28.71,27.86,28.71,5810,0.02906,73.928734,5.477542,0.0538,0.0253
2015-09-08,王子新材,sz002735,30.28,28.11,28.5,30.04,28.71,30.04,8613,0.043051,77.35351,5.731291,0.0755,0.054
2015-09-09,王子新材,sz002735,31.19,29.91,29.91,30.96,30.04,30.96,14054,0.070293,79.72252,5.906816,0.0426,0.0351
2015-09-10,王子新材,sz002735,31.02,30.0,30.61,30.1,30.96,30.1,7446,0.03723,77.508,5.742738,0.0329,-0.0166
2015-09-11,王子新材,sz002735,31.11,30.12,30.12,30.75,30.1,30.75,5331,0.026655,79.18177,5.866751,0.0328,0.0209
2015-09-14,王子新材,sz002735,31.33,27.7,30.83,28.0,30.75,28.0,6912,0.03456,72.10047,5.342082,0.118,-0.0917
2015-09-15,王子新材,sz002735,27.73,25.2,27.0,25.2,28.0,25.2,8955,0.044775,64.89043,4.807874,0.0903,-0.0666
2015-09-16,王子新材,sz002735,27.72,25.22,25.22,27.52,25.2,27.52,7553,0.037792,70.86446,5.250503,0.0992,0.0911
2015-09-17,王子新材,sz002735,30.27,26.91,26.91,29.9,27.52,29.9,25524,0.12762,76.993004,5.70458,0.122,0.1111
2015-09-18,王子新材,sz002735,31.35,29.27,29.41,31.35,29.9,31.35,24282,0.12141,80.726776,5.981224,0.0695,0.0659
2015-09-21,王子新材,sz002735,33.6,28.3,31.0,32.49,31.35,32.49,36591,0.182899,83.66229,6.198723,0.169,0.048
2015-09-22,王子新材,sz002735,32.82,31.05,32.49,32.2,32.49,32.2,32542,0.16271,82.91554,6.143394,0.0544,-0.0089
2015-09-23,王子新材,sz002735,31.95,30.82,31.5,31.28,32.2,31.28,13846,0.069186,80.546524,5.967869,0.035,-0.0069
2015-09-24,王子新材,sz002735,31.99,31.2,31.76,31.96,31.28,31.96,12629,0.063165,82.29754,6.097605,0.0252,0.0062
2015-09-25,王子新材,sz002735,31.95,28.76,31.55,28.9,31.96,28.9,12999,0.064995,74.417984,5.513792,0.0998,-0.0839
2015-09-28,王子新材,sz002735,28.9,28.9,28.9,28.9,28.9,28.9,0,0.075326,79.28477,5.874382,0.0,0.0
2015-09-29,王子新材,sz002735,30.44,29.5,30.0,29.8,28.9,29.8,10334,0.05167,76.735504,5.685502,0.0325,-0.0066
2015-09-30,王子新材,sz002735,32.78,29.8,29.8,32.78,29.8,32.78,51504,0.257363,84.40905,6.254052,0.1,0.1
2015-10-01,王子新材,sz002735,32.78,32.78,32.78,32.78,32.78,32.78,0,0.0,0.0,0.0,0.0,0.0
2015-10-02,王子新材,sz002735,32.78,32.78,32.78,32.78,32.78,32.78,0,0.0,0.0,0.0,0.0,0.0
2015-10-05,王子新材,sz002735,32.78,32.78,32.78,32.78,32.78,32.78,0,0.0,0.0,0.0,0.0,0.0
2015-10-06,王子新材,sz002735,32.78,32.78,32.78,32.78,32.78,32.78,0,0.0,0.0,0.0,0.0,0.0
2015-10-07,王子新材,sz002735,32.78,32.78,32.78,32.78,32.78,32.78,0,0.0,0.0,0.0,0.0,0.0
2015-10-08,王子新材,sz002735,36.06,32.35,33.0,36.06,32.78,36.06,55839,0.279272,92.8551,6.879838,0.1131,0.0927
2015-10-09,王子新材,sz002735,38.8,34.97,37.0,37.05,36.06,37.05,68301,0.341505,95.40437,7.068719,0.1062,0.0013
2015-10-12,王子新材,sz002735,38.5,35.81,36.23,37.5,37.05,37.5,88388,0.44194,96.56313,7.154574,0.0726,0.035
2015-10-13,王子新材,sz002735,38.0,36.2,36.45,37.01,37.5,37.01,37720,0.188651,95.30137,7.061088,0.0479,0.0153
2015-10-14,王子新材,sz002735,37.5,35.81,36.7,36.38,37.01,36.38,28212,0.140982,93.679115,6.940891,0.0456,-0.0087
2015-10-15,王子新材,sz002735,37.78,35.88,36.39,37.42,36.38,37.42,34154,0.170861,96.35713,7.139311,0.0522,0.0283
2015-10-16,王子新材,sz002735,38.0,36.38,38.0,37.79,37.42,37.79,40391,0.201902,97.30988,7.209903,0.0432,-0.0055
2015-10-19,王子新材,sz002735,39.65,36.93,37.8,39.05,37.79,39.05,49278,0.24639,100.554405,7.450296,0.0719,0.033
2015-10-20,王子新材,sz002735,39.0,37.4,39.0,38.4,39.05,38.4,33643,0.168215,98.880646,7.326284,0.0409,-0.0153
2015-10-21,王子新材,sz002735,39.1,34.56,38.39,34.56,38.4,34.56,31112,0.155605,88.992584,6.593655,0.1182,-0.0997
2015-10-22,王子新材,sz002735,36.96,33.52,33.72,36.3,34.56,36.3,30196,0.15098,93.47311,6.925628,0.0995,0.0765
2015-10-23,王子新材,sz002735,37.44,35.15,36.11,36.98,36.3,36.98,31983,0.159829,95.22412,7.055364,0.063,0.024
2015-10-26,王子新材,sz002735,37.2,36.2,37.0,37.2,36.98,37.2,26065,0.130325,95.79063,7.097337,0.027,0.0054
2015-10-27,王子新材,sz002735,37.87,34.73,36.96,37.48,37.2,37.48,26567,0.132764,96.51163,7.150758,0.0844,0.014
2015-10-28,王子新材,sz002735,37.98,35.7,37.0,36.02,37.48,36.02,15976,0.079924,92.752106,6.872207,0.0608,-0.0264
2015-10-29,王子新材,sz002735,37.45,35.67,36.02,37.21,36.02,37.21,19720,0.098627,95.816376,7.099245,0.0494,0.033
2015-10-30,王子新材,sz002735,37.92,36.28,36.97,36.88,37.21,36.88,19168,0.095788,94.96662,7.036285,0.044,-0.0024
2015-11-02,王子新材,sz002735,39.8,35.81,36.0,37.9,36.88,37.9,34931,0.174655,97.59314,7.23089,0.1081,0.0527
2015-11-03,王子新材,sz002735,39.44,37.58,37.9,39.15,37.9,39.15,33775,0.0,0.0,0.0,0.049,0.0329
2015-11-04,王子新材,sz002735,40.75,39.3,39.3,40.47,39.15,40.47,38231,0.0,0.0,0.0,0.037,0.0297
2015-11-05,王子新材,sz002735,41.43,39.02,40.04,39.38,40.47,39.38,32027,0.0,0.0,0.0,0.0595,-0.0164
2015-11-06,王子新材,sz002735,41.99,39.5,39.98,41.53,39.38,41.53,32546,0.0,0.0,0.0,0.0632,0.0387
2015-11-09,王子新材,sz002735,45.53,40.9,42.56,44.18,41.53,44.18,41279,0.0,0.0,0.0,0.1114,0.038
2015-11-10,王子新材,sz002735,44.5,42.5,43.38,43.21,44.18,43.21,30820,0.0,0.0,0.0,0.0452,-0.0039
2015-11-11,王子新材,sz002735,47.38,43.22,43.46,46.05,43.21,46.05,33416,0.0,0.0,0.0,0.0962,0.0595
2015-11-12,王子新材,sz002735,49.37,45.14,46.5,47.62,46.05,47.62,48014,0.0,0.0,0.0,0.0918,0.024
2015-11-13,王子新材,sz002735,47.47,42.91,46.7,44.5,47.62,44.5,43308,0.0,0.0,0.0,0.0957,-0.0471
2015-11-16,王子新材,sz002735,44.99,42.52,42.55,44.53,44.5,44.53,21279,0.0,0.0,0.0,0.0555,0.0465
2015-11-17,王子新材,sz002735,46.29,43.1,44.6,43.48,44.53,43.48,25838,0.0,0.0,0.0,0.0716,-0.0251
2015-11-18,王子新材,sz002735,44.28,41.37,43.55,41.48,43.48,41.48,18592,0.0,0.0,0.0,0.0669,-0.0475
2015-11-19,王子新材,sz002735,43.5,41.54,41.54,43.46,41.48,43.46,17667,0.0,0.0,0.0,0.0472,0.0462
2015-11-20,王子新材,sz002735,44.48,43.04,43.69,43.9,43.46,43.9,19238,0.0,0.0,0.0,0.0331,0.0048
2015-11-23,王子新材,sz002735,44.28,42.8,43.91,42.95,43.9,42.95,20025,0.0,0.0,0.0,0.0337,-0.0218
2015-11-24,王子新材,sz002735,46.63,42.45,42.45,46.39,42.95,46.39,30700,0.0,0.0,0.0,0.0973,0.0928
2015-11-25,王子新材,sz002735,47.18,45.11,46.01,46.23,46.39,46.23,26566,0.0,0.0,0.0,0.0446,0.0047
2015-11-26,王子新材,sz002735,49.74,46.26,46.26,47.78,46.23,47.78,40654,0.0,0.0,0.0,0.0752,0.0328
2015-11-27,王子新材,sz002735,48.5,43.61,47.01,44.3,47.78,44.3,31617,0.0,0.0,0.0,0.1023,-0.0576
2015-11-30,王子新材,sz002735,46.97,41.41,43.99,46.89,44.3,46.89,31957,0.0,0.0,0.0,0.1255,0.0659
2015-12-01,王子新材,sz002735,49.85,46.03,46.2,46.49,46.89,46.49,38182,0.0,0.0,0.0,0.0814,0.0062
2015-12-02,王子新材,sz002735,46.99,42.51,46.52,45.1,46.49,45.1,25105,0.0,0.0,0.0,0.0963,-0.0305
2015-12-03,王子新材,sz002735,48.48,45.08,45.48,48.06,45.1,48.06,34337,0.0,0.0,0.0,0.0753,0.0567
2015-12-04,王子新材,sz002735,48.94,47.03,47.57,47.77,48.06,47.77,32612,0.0,0.0,0.0,0.0397,0.0042
2015-12-07,王子新材,sz002735,48.65,47.05,48.02,48.25,47.77,48.25,26074,0.0,0.0,0.0,0.0334,0.0047
2015-12-08,王子新材,sz002735,48.4,46.11,48.4,47.18,48.25,47.18,26270,0.0,0.0,0.0,0.0474,-0.0252
2015-12-09,王子新材,sz002735,47.33,44.57,46.9,44.85,47.18,44.85,21679,0.0,0.0,0.0,0.0584,-0.0437
2015-12-10,王子新材,sz002735,45.2,44.11,44.33,44.19,44.85,44.19,14948,0.0,0.0,0.0,0.0243,-0.0031
2015-12-11,王子新材,sz002735,44.26,42.66,44.21,43.16,44.19,43.16,14050,0.0,0.0,0.0,0.0362,-0.0237
2015-12-14,王子新材,sz002735,45.95,42.3,42.8,45.71,43.16,45.71,21421,0.0,0.0,0.0,0.0845,0.0679
2015-12-15,王子新材,sz002735,48.13,45.56,46.0,47.8,45.71,47.8,31456,0.0,0.0,0.0,0.0562,0.0391
2015-12-16,王子新材,sz002735,48.8,47.12,47.8,48.0,47.8,48.0,24806,0.0,0.0,0.0,0.0351,0.0041
2015-12-17,王子新材,sz002735,49.7,47.85,48.44,49.66,48.0,49.66,33713,0.0,0.0,0.0,0.0385,0.0251
2015-12-18,王子新材,sz002735,52.52,49.02,49.13,51.8,49.66,51.8,62547,0.0,0.0,0.0,0.0704,0.0543
2015-12-21,王子新材,sz002735,51.96,50.02,50.95,51.34,51.8,51.34,22845,0.0,0.0,0.0,0.0374,0.0076
2015-12-22,王子新材,sz002735,52.0,50.5,51.19,50.99,51.34,50.99,16177,0.0,0.0,0.0,0.0292,-0.0039
2015-12-23,王子新材,sz002735,54.47,51.0,51.0,53.13,50.99,53.13,42795,0.0,0.0,0.0,0.068,0.0417
2015-12-24,王子新材,sz002735,54.0,51.6,52.2,53.48,53.13,53.48,38717,0.0,0.0,0.0,0.0451,0.0245
2015-12-25,王子新材,sz002735,54.5,52.24,53.45,52.45,53.48,52.45,26221,0.0,0.0,0.0,0.0422,-0.0187
2015-12-28,王子新材,sz002735,52.45,49.6,52.0,50.32,52.45,50.32,23034,0.0,0.0,0.0,0.0543,-0.0323
2015-12-29,王子新材,sz002735,53.8,49.5,49.5,53.7,50.32,53.7,27216,0.0,0.0,0.0,0.0854,0.0848
2015-12-30,王子新材,sz002735,55.35,53.01,53.98,54.29,53.7,54.29,53672,0.0,0.0,0.0,0.0435,0.0057
2015-12-31,王子新材,sz002735,54.3,51.71,53.58,52.9,54.29,52.9,22059,0.0,0.0,0.0,0.0477,-0.0126
2016-01-01,王子新材,sz002735,54.3,51.71,53.58,52.9,52.9,52.9,22059,0.0,0.0,0.0,0.0489,-0.0126
2016-01-04,王子新材,sz002735,53.25,48.48,52.85,48.69,52.9,48.69,10309,0.0,0.0,0.0,0.0901,-0.0787
2016-01-05,王子新材,sz002735,51.2,45.01,46.0,50.6,48.69,50.6,22182,0.0,0.0,0.0,0.1271,0.1
2016-01-06,王子新材,sz002735,53.0,50.0,50.57,52.55,50.6,52.55,25126,0.0,0.0,0.0,0.0592,0.0391
2016-01-07,王子新材,sz002735,52.28,47.3,52.28,47.36,52.55,47.36,7364,0.0,0.0,0.0,0.0947,-0.0941
2016-01-08,王子新材,sz002735,49.74,43.0,48.3,48.29,47.36,48.29,22736,0.0,0.0,0.0,0.1423,-2.0E-4
2016-01-11,王子新材,sz002735,48.0,43.46,47.0,43.46,48.29,43.46,18356,0.0,0.0,0.0,0.094,-0.0753
2016-01-12,王子新材,sz002735,43.46,39.16,42.0,41.7,43.46,41.7,26713,0.0,0.0,0.0,0.0989,-0.0071
2016-01-13,王子新材,sz002735,42.4,37.6,42.14,37.7,41.7,37.7,16390,0.0,0.0,0.0,0.1151,-0.1053
2016-01-14,王子新材,sz002735,39.89,34.75,35.95,39.39,37.7,39.39,20751,0.0,0.0,0.0,0.1363,0.0956
2016-01-15,王子新材,sz002735,38.9,35.48,38.68,35.56,39.39,35.56,16830,0.0,0.0,0.0,0.0868,-0.0806
2016-01-18,王子新材,sz002735,37.4,33.72,33.72,37.33,35.56,37.33,22279,0.0,0.0,0.0,0.1034,0.107
2016-01-19,王子新材,sz002735,41.0,36.78,37.0,40.41,37.33,40.41,29634,0.0,0.0,0.0,0.113,0.0921
2016-01-20,王子新材,sz002735,41.76,40.0,40.41,41.18,40.41,41.18,38483,0.0,0.0,0.0,0.0435,0.019
2016-01-21,王子新材,sz002735,41.11,39.3,40.22,39.66,41.18,39.66,16384,0.0,0.0,0.0,0.0439,-0.0139
2016-01-22,王子新材,sz002735,41.0,39.31,39.31,40.3,39.66,40.3,32487,0.0,0.0,0.0,0.0426,0.0251
2016-01-25,王子新材,sz002735,40.5,39.36,40.41,39.5,40.3,39.5,17070,0.0,0.0,0.0,0.0282,-0.0225
2016-01-26,王子新材,sz002735,39.33,35.55,39.33,35.55,39.5,35.55,15748,0.0,0.0,0.0,0.0956,-0.0961
2016-01-27,王子新材,sz002735,36.05,32.11,35.8,33.95,35.55,33.95,16558,0.0,0.0,0.0,0.1108,-0.0516
2016-01-28,王子新材,sz002735,33.8,30.56,33.35,30.56,33.95,30.56,12834,0.0,0.0,0.0,0.0954,-0.0836
2016-01-29,王子新材,sz002735,32.38,30.2,30.2,31.8,30.56,31.8,12831,0.0,0.0,0.0,0.0713,0.0529
2016-02-01,王子新材,sz002735,32.42,31.03,31.85,31.77,31.8,31.77,11671,0.0,0.0,0.0,0.0437,-0.0025
2016-02-02,王子新材,sz002735,33.85,32.0,32.5,33.08,31.77,33.08,10847,0.0,0.0,0.0,0.0582,0.0178
2016-02-03,王子新材,sz002735,33.38,31.36,32.81,33.25,33.08,33.25,10846,0.0,0.0,0.0,0.061,0.0134
2016-02-04,王子新材,sz002735,34.45,33.1,33.25,34.2,33.25,34.2,14124,0.0,0.0,0.0,0.0406,0.0285
2016-02-05,王子新材,sz002735,35.6,34.21,34.22,34.31,34.2,34.31,13760,0.0,0.0,0.0,0.0406,0.0026
2016-02-08,王子新材,sz002735,35.6,34.21,34.22,34.31,34.31,34.31,13760,0.0,0.0,0.0,0.0405,0.0026
2016-02-09,王子新材,sz002735,35.6,34.21,34.22,34.31,34.31,34.31,13760,0.0,0.0,0.0,0.0405,0.0026
2016-02-10,王子新材,sz002735,35.6,34.21,34.22,34.31,34.31,34.31,13760,0.0,0.0,0.0,0.0405,0.0026
2016-02-11,王子新材,sz002735,35.6,34.21,34.22,34.31,34.31,34.31,13760,0.0,0.0,0.0,0.0405,0.0026
2016-02-12,王子新材,sz002735,35.6,34.21,34.22,34.31,34.31,34.31,13760,0.0,0.0,0.0,0.0405,0.0026
2016-02-15,王子新材,sz002735,34.2,31.66,32.8,33.91,34.31,33.91,10883,0.0,0.0,0.0,0.074,0.0338
2016-02-16,王子新材,sz002735,36.01,33.94,34.12,35.73,33.91,35.73,13742,0.0,0.0,0.0,0.061,0.0471
2016-02-17,王子新材,sz002735,36.98,35.19,35.59,36.41,35.73,36.41,14199,0.0,0.0,0.0,0.05,0.023
2016-02-18,王子新材,sz002735,36.9,35.75,36.89,35.96,36.41,35.96,13148,0.0,0.0,0.0,0.0315,-0.0252
2016-02-19,王子新材,sz002735,37.15,35.76,35.94,37.15,35.96,37.15,14855,0.0,0.0,0.0,0.0386,0.0336
2016-02-22,王子新材,sz002735,37.98,37.15,37.28,37.74,37.15,37.74,15833,0.0,0.0,0.0,0.0223,0.0123
2016-02-23,王子新材,sz002735,39.7,37.04,38.02,39.35,37.74,39.35,21417,0.0,0.0,0.0,0.0704,0.0349
2016-02-24,王子新材,sz002735,39.75,38.7,38.7,39.2,39.35,39.2,23966,0.0,0.0,0.0,0.0266,0.0129
2016-02-25,王子新材,sz002735,38.5,35.28,38.5,35.28,39.2,35.28,17383,0.0,0.0,0.0,0.0821,-0.0836
2016-02-26,王子新材,sz002735,37.3,35.05,36.56,36.26,35.28,36.26,16281,0.0,0.0,0.0,0.0637,-0.0082
2016-02-29,王子新材,sz002735,36.8,32.63,36.8,33.06,36.26,33.06,17098,0.0,0.0,0.0,0.115,-0.1016
2016-03-01,王子新材,sz002735,34.5,32.21,33.25,34.5,33.06,34.5,11614,0.0,0.0,0.0,0.0692,0.0375
2016-03-02,王子新材,sz002735,35.9,33.98,35.0,35.6,34.5,35.6,16233,0.0,0.0,0.0,0.0556,0.0171
2016-03-03,王子新材,sz002735,36.0,34.68,35.55,34.73,35.6,34.73,15619,0.0,0.0,0.0,0.037,-0.023
2016-03-04,王子新材,sz002735,34.73,31.69,34.73,32.34,34.73,32.34,13068,0.0,0.0,0.0,0.0875,-0.0688
2016-03-07,王子新材,sz002735,33.85,32.66,32.66,33.67,32.34,33.67,10787,0.0,0.0,0.0,0.0367,0.0309
2016-03-08,王子新材,sz002735,34.21,31.8,33.4,33.81,33.67,33.81,9822,0.0,0.0,0.0,0.0715,0.0122
2016-03-09,王子新材,sz002735,33.41,32.5,33.4,32.89,33.81,32.89,7490,0.0,0.0,0.0,0.0269,-0.0152
2016-03-10,王子新材,sz002735,33.48,32.51,32.99,32.6,32.89,32.6,7064,0.0,0.0,0.0,0.0294,-0.0118
2016-03-11,王子新材,sz002735,35.3,32.6,32.94,34.85,32.6,34.85,23130,0.0,0.0,0.0,0.0828,0.0579
2016-03-14,王子新材,sz002735,0.0,0.0,0.0,0.0,34.85,0.0,0,0.0,0.0,0.0,0.0,0.0
2016-03-15,王子新材,sz002735,0.0,0.0,0.0,0.0,0.0,0.0,0,0.0,0.0,0.0,0.0,0.0
2016-03-16,王子新材,sz002735,0.0,0.0,0.0,0.0,0.0,0.0,0,0.0,0.0,0.0,0.0,0.0
2016-03-17,王子新材,sz002735,0.0,0.0,0.0,0.0,0.0,0.0,0,0.0,0.0,0.0,0.0,0.0
2016-03-18,王子新材,sz002735,0.0,0.0,0.0,0.0,0.0,0.0,0,0.0,0.0,0.0,0.0,0.0
2016-03-21,王子新材,sz002735,0.0,0.0,0.0,0.0,0.0,0.0,0,0.0,0.0,0.0,0.0,0.0
2016-03-22,王子新材,sz002735,0.0,0.0,0.0,0.0,0.0,0.0,0,0.0,0.0,0.0,0.0,0.0
2016-03-23,王子新材,sz002735,0.0,0.0,0.0,0.0,0.0,0.0,0,0.0,0.0,0.0,0.0,0.0
2016-03-24,王子新材,sz002735,0.0,0.0,0.0,0.0,0.0,0.0,0,0.0,0.0,0.0,0.0,0.0
2016-03-25,王子新材,sz002735,0.0,0.0,0.0,0.0,0.0,0.0,0,0.0,0.0,0.0,0.0,0.0
