2016-03-25
2014-02-20,岭南园林,sz002717,35.35,35.35,35.35,35.35,32.14,35.350014,164449,0.007674,0.0,0.0,0.0,0.0
2014-02-21,岭南园林,sz002717,38.89,38.89,38.89,38.89,35.35,38.89,253009,0.011806,0.0,0.0,0.0,0.0
2014-02-24,岭南园林,sz002717,42.78,42.78,42.78,42.78,38.89,42.78001,1476319,0.06889,0.0,0.0,0.0,0.0
2014-02-25,岭南园林,sz002717,47.06,47.06,47.06,47.06,42.78,47.060024,1829294,0.085361,0.0,0.0,0.0,0.0
2014-02-28,岭南园林,sz002717,51.77,47.06,48.77,51.77,47.06,51.770027,13185721,0.615293,0.0,0.0,0.1,0.0615
2014-03-03,岭南园林,sz002717,56.95,55.05,55.15,56.95,51.77,56.95003,5590013,0.26085,0.0,0.0,0.0367,0.0326
2014-03-04,岭南园林,sz002717,62.65,54.52,62.0,59.05,56.95,59.050007,11932474,0.556812,0.0,0.0,0.1427,-0.0475
2014-03-05,岭南园林,sz002717,59.5,54.7,57.23,54.8,59.05,54.8,7690825,0.358881,0.0,0.0,0.0812,-0.0424
2014-03-06,岭南园林,sz002717,57.57,51.88,53.68,56.45,54.8,56.449974,7465252,0.348355,0.0,0.0,0.1038,0.0516
2014-03-07,岭南园林,sz002717,55.5,51.06,55.2,51.22,56.45,51.219997,5915711,0.276048,0.0,0.0,0.0786,-0.0721
2014-03-10,岭南园林,sz002717,52.86,49.57,50.06,50.11,51.22,50.11001,4220951,0.196965,0.0,0.0,0.0642,9.0E-4
2014-03-11,岭南园林,sz002717,51.6,47.18,49.97,48.85,50.11,48.84999,3928387,0.183313,0.0,0.0,0.0882,-0.0224
2014-03-12,岭南园林,sz002717,49.19,45.77,48.01,47.74,48.85,47.739975,3793588,0.177022,0.0,0.0,0.07,-0.0056
2014-03-13,岭南园林,sz002717,48.38,46.8,47.3,48.13,47.74,48.129963,2379317,0.111027,0.0,0.0,0.033,0.0175
2014-03-14,岭南园林,sz002717,48.56,46.91,47.81,47.66,48.13,47.659973,2193541,0.102358,0.0,0.0,0.0342,-0.0031
2014-03-17,岭南园林,sz002717,48.29,47.22,47.22,48.17,47.66,48.169983,2026453,0.094562,0.0,0.0,0.0224,0.0201
2014-03-18,岭南园林,sz002717,49.78,47.87,48.17,48.11,48.17,48.109962,3237259,0.151062,0.0,0.0,0.0396,-0.0012
2014-03-19,岭南园林,sz002717,47.7,45.53,47.7,46.03,48.11,46.029976,3321470,0.154992,0.0,0.0,0.0451,-0.035
2014-03-20,岭南园林,sz002717,47.5,44.81,45.7,46.16,46.03,46.159966,3764526,0.175666,0.0,0.0,0.0584,0.01
2014-03-21,岭南园林,sz002717,46.44,44.72,45.02,45.77,46.16,45.76996,2113119,0.098606,0.0,0.0,0.0372,0.0166
2014-03-24,岭南园林,sz002717,46.33,44.0,45.88,44.5,45.77,44.49998,2311004,0.10784,0.0,0.0,0.0509,-0.03
2014-03-25,岭南园林,sz002717,44.55,43.62,44.03,43.81,44.5,43.809963,1629885,0.076056,0.0,0.0,0.0208,-0.0049
2014-03-26,岭南园林,sz002717,44.16,43.45,43.49,43.52,43.81,43.519985,1094863,0.05109,0.0,0.0,0.0162,6.0E-4
2014-03-27,岭南园林,sz002717,43.8,40.5,43.32,40.5,43.52,40.500004,2434168,0.113587,0.0,0.0,0.0758,-0.065
2014-03-28,岭南园林,sz002717,42.2,39.01,40.6,40.32,40.5,40.32002,2952934,0.137794,0.0,0.0,0.0787,-0.0068
2014-03-31,岭南园林,sz002717,40.45,38.77,40.32,39.25,40.32,39.250008,1409238,0.06576,0.0,0.0,0.0416,-0.0265
2014-04-01,岭南园林,sz002717,40.39,39.27,39.27,40.1,39.25,40.100006,1301549,0.060735,0.0,0.0,0.0285,0.0211
2014-04-02,岭南园林,sz002717,41.77,39.27,39.9,41.5,40.1,41.50002,2287453,0.106741,0.0,0.0,0.0623,0.0401
2014-04-03,岭南园林,sz002717,44.49,40.61,41.0,43.01,41.5,43.010036,4256066,0.198603,0.0,0.0,0.0934,0.049
2014-04-04,岭南园林,sz002717,43.0,41.66,42.5,42.31,43.01,42.310047,1857075,0.086658,0.0,0.0,0.0311,-0.0044
2014-04-08,岭南园林,sz002717,43.6,41.66,41.88,43.04,42.31,43.040066,2007093,0.093658,0.0,0.0,0.0458,0.0276
2014-04-09,岭南园林,sz002717,43.65,42.43,42.81,43.2,43.04,43.200047,2208390,0.103051,0.0,0.0,0.0283,0.0091
2014-04-10,岭南园林,sz002717,44.59,42.62,43.09,42.84,43.2,42.84006,3205799,0.149594,0.0,0.0,0.0456,-0.0058
2014-04-11,岭南园林,sz002717,41.89,40.77,41.87,40.79,42.84,40.790077,2264369,0.105664,0.0,0.0,0.0261,-0.0257
2014-04-14,岭南园林,sz002717,41.28,40.5,40.7,40.9,40.79,40.90009,777687,0.03629,0.0,0.0,0.0191,0.0049
2014-04-15,岭南园林,sz002717,41.5,40.7,40.8,40.99,40.9,40.99007,819199,0.038227,0.0,0.0,0.0195,0.0046
2014-04-16,岭南园林,sz002717,41.25,40.06,40.95,40.11,40.99,40.110054,881359,0.041127,0.0,0.0,0.029,-0.0205
2014-04-17,岭南园林,sz002717,41.06,40.07,40.11,40.63,40.11,40.63004,788815,0.036809,0.0,0.0,0.0246,0.0129
2014-04-18,岭南园林,sz002717,40.93,40.3,40.5,40.92,40.63,40.920055,513247,0.02395,0.0,0.0,0.0155,0.0103
2014-04-21,岭南园林,sz002717,43.44,40.5,40.63,42.43,40.92,42.43005,2969691,0.138576,0.0,0.0,0.0718,0.0443
2014-04-22,岭南园林,sz002717,42.89,41.51,41.99,42.72,42.43,42.72006,1588397,0.07412,0.0,0.0,0.0325,0.0173
2014-04-23,岭南园林,sz002717,42.97,41.8,42.5,42.19,42.72,42.19007,1034798,0.048287,0.0,0.0,0.0273,-0.0072
2014-04-24,岭南园林,sz002717,42.46,39.81,42.01,40.02,42.19,40.02007,1562635,0.072918,0.0,0.0,0.0628,-0.0473
2014-04-25,岭南园林,sz002717,40.69,39.63,39.79,39.7,40.02,39.70007,728903,0.034013,0.0,0.0,0.0264,-0.0022
2014-04-28,岭南园林,sz002717,39.6,35.73,39.6,35.73,39.7,35.73006,1684691,0.078614,0.0,0.0,0.0974,-0.0977
2014-04-29,岭南园林,sz002717,36.62,35.44,35.51,36.51,35.73,36.510048,766589,0.035772,0.0,0.0,0.033,0.0281
2014-04-30,岭南园林,sz002717,36.72,36.05,36.36,36.72,36.51,36.720055,695813,0.032469,0.0,0.0,0.0183,0.0099
2014-05-05,岭南园林,sz002717,37.75,36.13,36.43,37.47,36.72,37.470062,843859,0.039377,0.0,0.0,0.0441,0.0285
2014-05-06,岭南园林,sz002717,39.18,37.23,37.4,38.57,37.47,38.57007,1471815,0.06868,0.0,0.0,0.052,0.0312
2014-05-07,岭南园林,sz002717,40.3,38.0,38.03,39.28,38.57,39.280067,2002127,0.093426,0.0,0.0,0.0596,0.0328
2014-05-08,岭南园林,sz002717,39.35,38.07,39.1,38.2,39.28,38.20006,1140278,0.053209,0.0,0.0,0.0325,-0.023
2014-05-09,岭南园林,sz002717,38.45,36.88,37.98,37.5,38.2,37.500046,947937,0.044234,0.0,0.0,0.041,-0.0126
2014-05-12,岭南园林,sz002717,38.8,37.3,37.58,38.58,37.5,38.580048,911038,0.042512,0.0,0.0,0.04,0.0266
2014-05-13,岭南园林,sz002717,39.82,38.35,38.37,38.85,38.58,38.85003,1177857,0.054963,0.0,0.0,0.0381,0.0125
2014-05-14,岭南园林,sz002717,39.48,38.71,39.0,39.44,38.85,39.440044,829779,0.03872,0.0,0.0,0.0198,0.0112
2014-05-15,岭南园林,sz002717,40.84,39.2,39.36,39.58,39.44,39.58006,1984602,0.092609,0.0,0.0,0.0415,0.0055
2014-05-16,岭南园林,sz002717,39.67,37.5,39.33,38.65,39.58,38.650047,1191948,0.055621,0.0,0.0,0.0548,-0.0172
2014-05-19,岭南园林,sz002717,38.66,38.01,38.66,38.39,38.65,38.390045,476592,0.022239,0.0,0.0,0.0168,-0.0069
2014-05-20,岭南园林,sz002717,41.39,39.35,39.35,39.95,38.39,39.950066,1915459,0.089382,0.0,0.0,0.0531,0.0152
2014-05-21,岭南园林,sz002717,40.96,38.87,39.51,40.93,39.95,40.93008,1554315,0.07253,0.0,0.0,0.0523,0.0359
2014-05-22,岭南园林,sz002717,41.75,40.3,40.88,40.3,40.93,40.300083,1574430,0.073469,0.0,0.0,0.0354,-0.0141
2014-05-23,岭南园林,sz002717,41.18,39.86,39.9,41.09,40.3,41.090088,1157358,0.054006,0.0,0.0,0.0327,0.0298
2014-05-26,岭南园林,sz002717,41.51,40.68,41.5,41.09,41.09,41.090088,1139664,0.053181,0.0,0.0,0.0201,-0.0098
2014-05-27,岭南园林,sz002717,41.1,40.38,41.0,40.43,41.09,40.430096,941394,0.043929,0.0,0.0,0.0175,-0.0139
2014-05-28,岭南园林,sz002717,41.2,40.23,40.3,40.99,40.43,40.990093,1021775,0.04768,0.0,0.0,0.0239,0.0171
2014-05-29,岭南园林,sz002717,41.19,40.43,40.9,40.5,40.99,40.5001,943016,0.044004,0.0,0.0,0.0185,-0.0097
2014-05-30,岭南园林,sz002717,40.75,39.4,40.13,39.7,40.5,39.7001,912149,0.042564,0.0,0.0,0.0333,-0.0107
2014-06-03,岭南园林,sz002717,40.2,39.64,39.72,39.7,39.7,39.7001,544844,0.025424,0.0,0.0,0.0141,-5.0E-4
2014-06-04,岭南园林,sz002717,40.36,39.51,39.75,40.25,39.7,40.250107,717466,0.03348,0.0,0.0,0.0214,0.0125
2014-06-05,岭南园林,sz002717,40.31,39.58,40.31,40.2,40.25,40.200115,703735,0.032839,0.0,0.0,0.0181,-0.0027
2014-06-06,岭南园林,sz002717,40.2,39.69,40.2,39.9,40.2,39.9001,523633,0.024435,0.0,0.0,0.0126,-0.0074
2014-06-09,岭南园林,sz002717,40.19,39.1,39.88,39.1,39.9,39.100105,633513,0.029562,0.0,0.0,0.0273,-0.0195
2014-06-10,岭南园林,sz002717,39.75,39.0,39.1,39.71,39.1,39.710106,471894,0.02202,0.0,0.0,0.0191,0.0156
2014-06-11,岭南园林,sz002717,39.88,39.23,39.61,39.51,39.71,39.510086,455074,0.021235,0.0,0.0,0.0163,-0.0025
2014-06-12,岭南园林,sz002717,39.65,39.33,39.41,39.53,39.51,39.53008,437099,0.020397,0.0,0.0,0.008,0.003
2014-06-13,岭南园林,sz002717,40.63,39.53,39.53,40.62,39.53,40.62008,1176353,0.054893,0.0,0.0,0.0278,0.0275
2014-06-16,岭南园林,sz002717,42.2,40.7,40.7,42.19,40.62,42.190086,2331599,0.108801,0.0,0.0,0.0369,0.0366
2014-06-17,岭南园林,sz002717,42.25,41.18,41.94,41.33,42.19,41.330086,1354465,0.063204,0.0,0.0,0.0253,-0.0145
2014-06-18,岭南园林,sz002717,41.58,41.0,41.31,41.1,41.33,41.100082,910109,0.042469,0.0,0.0,0.014,-0.005
2014-06-19,岭南园林,sz002717,41.23,38.95,41.0,38.98,41.1,38.980057,1402420,0.065442,0.0,0.0,0.0554,-0.0492
2014-06-20,岭南园林,sz002717,39.9,39.11,39.11,39.68,38.98,39.68006,602683,0.028123,0.0,0.0,0.0202,0.0145
2014-06-23,岭南园林,sz002717,42.65,40.01,40.01,42.0,39.68,42.000076,2521404,0.117658,0.0,0.0,0.0665,0.0497
2014-06-24,岭南园林,sz002717,42.45,41.45,41.97,42.3,42.0,42.300083,1746329,0.08149,0.0,0.0,0.0238,0.0078
2014-06-25,岭南园林,sz002717,44.55,42.11,42.39,44.24,42.3,44.24009,3669772,0.171245,0.0,0.0,0.0576,0.0436
2014-06-26,岭南园林,sz002717,47.65,43.82,44.2,46.6,44.24,46.60008,4877181,0.227587,0.0,0.0,0.0865,0.0542
2014-06-27,岭南园林,sz002717,46.77,45.0,46.75,45.27,46.6,45.270065,3108026,0.145032,0.0,0.0,0.0379,-0.0316
2014-06-30,岭南园林,sz002717,46.56,44.66,45.21,44.99,45.27,44.99007,2398035,0.111901,0.0,0.0,0.0419,-0.0048
2014-07-01,岭南园林,sz002717,46.2,45.01,45.48,45.9,44.99,45.900085,1823418,0.085087,0.0,0.0,0.0264,0.0092
2014-07-02,岭南园林,sz002717,46.0,43.89,45.9,44.63,45.9,44.630074,2219777,0.103583,0.0,0.0,0.0459,-0.0276
2014-07-03,岭南园林,sz002717,45.11,44.3,44.75,44.9,44.63,44.900085,1103941,0.051514,0.0,0.0,0.0181,0.0033
2014-07-04,岭南园林,sz002717,46.46,44.88,44.9,46.0,44.9,46.000095,1950034,0.090996,0.0,0.0,0.0351,0.0244
2014-07-07,岭南园林,sz002717,46.38,44.7,45.95,45.05,46.0,45.0501,1285264,0.059975,0.0,0.0,0.0365,-0.0195
2014-07-08,岭南园林,sz002717,45.25,44.01,44.66,44.96,45.05,44.96009,1281759,0.059811,0.0,0.0,0.0275,0.0067
2014-07-09,岭南园林,sz002717,45.0,43.68,45.0,43.7,44.96,43.700085,1165159,0.05437,0.0,0.0,0.0293,-0.0288
2014-07-10,岭南园林,sz002717,44.71,43.44,43.49,44.08,43.7,44.0801,822763,0.038393,0.0,0.0,0.029,0.0135
2014-07-11,岭南园林,sz002717,44.62,43.7,44.08,44.08,44.08,44.0801,656406,0.03063,0.0,0.0,0.0208,0.0
2014-07-14,岭南园林,sz002717,47.5,45.66,45.97,45.78,44.08,45.780094,2805281,0.130904,0.0,0.0,0.0417,-0.0041
2014-07-15,岭南园林,sz002717,46.25,45.3,45.3,45.88,45.78,45.880077,1455962,0.06794,0.0,0.0,0.0207,0.0128
2014-07-16,岭南园林,sz002717,45.87,44.36,45.78,44.65,45.88,44.650078,1011832,0.047216,0.0,0.0,0.0329,-0.0246
2014-07-17,岭南园林,sz002717,45.36,44.4,44.65,45.33,44.65,45.330097,677778,0.031628,0.0,0.0,0.0215,0.0152
2014-07-18,岭南园林,sz002717,45.45,44.63,45.18,44.63,45.33,44.63011,605803,0.028269,0.0,0.0,0.018,-0.0121
2014-07-21,岭南园林,sz002717,44.53,42.88,44.38,43.0,44.63,43.000084,1079778,0.050386,0.0,0.0,0.0369,-0.031
2014-07-22,岭南园林,sz002717,43.7,43.0,43.15,43.43,43.0,43.430084,666190,0.031087,0.0,0.0,0.0162,0.0064
2014-07-23,岭南园林,sz002717,43.7,41.8,43.5,42.03,43.43,42.030075,1050822,0.049035,0.0,0.0,0.0437,-0.0337
2014-07-24,岭南园林,sz002717,42.69,41.51,42.15,42.36,42.03,42.360092,771150,0.035985,0.0,0.0,0.028,0.0049
2014-07-25,岭南园林,sz002717,43.14,42.09,42.35,43.01,42.36,43.01011,588339,0.027454,0.0,0.0,0.0247,0.0155
2014-07-28,岭南园林,sz002717,44.2,43.15,43.21,44.17,43.01,44.170094,973811,0.045441,0.0,0.0,0.0244,0.0222
2014-07-29,岭南园林,sz002717,45.86,44.31,44.85,44.39,44.17,44.390102,1788079,0.083438,0.0,0.0,0.035,-0.0102
2014-07-30,岭南园林,sz002717,44.98,43.77,44.3,44.68,44.39,44.680103,1027416,0.047943,0.0,0.0,0.0272,0.0085
2014-07-31,岭南园林,sz002717,45.22,44.54,44.65,44.98,44.68,44.980087,698143,0.032578,0.0,0.0,0.0152,0.0073
2014-08-01,岭南园林,sz002717,45.2,43.91,45.0,44.01,44.98,44.01009,933314,0.043552,0.0,0.0,0.0286,-0.022
2014-08-04,岭南园林,sz002717,45.13,43.88,43.88,45.0,44.01,45.0001,937654,0.043754,0.0,0.0,0.0284,0.0255
2014-08-05,岭南园林,sz002717,45.98,44.56,45.02,45.69,45.0,45.690083,1366412,0.063762,0.0,0.0,0.0315,0.0148
2014-08-06,岭南园林,sz002717,46.24,45.26,45.5,45.38,45.69,45.380077,1031617,0.048139,0.0,0.0,0.0214,-0.0026
2014-08-07,岭南园林,sz002717,45.68,44.83,45.24,44.85,45.38,44.850082,708581,0.033065,0.0,0.0,0.0187,-0.0086
2014-08-08,岭南园林,sz002717,45.95,44.93,44.93,45.82,44.85,45.8201,1216379,0.056761,0.0,0.0,0.0227,0.0198
2014-08-11,岭南园林,sz002717,46.29,45.68,45.9,46.19,45.82,46.190098,1320764,0.061632,0.0,0.0,0.0133,0.0063
2014-08-12,岭南园林,sz002717,46.29,45.72,46.19,45.94,46.19,45.940117,883244,0.041215,0.0,0.0,0.0123,-0.0054
2014-08-13,岭南园林,sz002717,46.56,45.71,46.0,46.21,45.94,46.210106,1127492,0.052613,0.0,0.0,0.0185,0.0045
2014-08-14,岭南园林,sz002717,46.15,45.39,46.02,45.42,46.21,45.420097,993601,0.046365,0.0,0.0,0.0164,-0.013
2014-08-15,岭南园林,sz002717,46.68,45.44,45.44,46.45,45.42,46.450092,1378201,0.064312,0.0,0.0,0.0273,0.0222
2014-08-18,岭南园林,sz002717,47.58,46.3,46.44,47.55,46.45,47.550076,1615481,0.075384,0.0,0.0,0.0275,0.0239
2014-08-19,岭南园林,sz002717,47.95,46.9,47.88,47.33,47.55,47.33006,1398213,0.065246,0.0,0.0,0.022,-0.0114
2014-08-20,岭南园林,sz002717,51.4,47.2,47.67,50.57,47.33,50.570087,3234280,0.150923,0.0,0.0,0.0887,0.0608
2014-08-21,岭南园林,sz002717,50.57,49.39,50.19,49.9,50.57,49.900085,1667020,0.077789,0.0,0.0,0.0233,-0.0057
2014-08-22,岭南园林,sz002717,50.46,48.86,50.1,49.84,49.9,49.840103,1970259,0.091939,0.0,0.0,0.032,-0.0051
2014-08-25,岭南园林,sz002717,51.38,49.05,50.0,49.1,49.84,49.10008,2463093,0.114937,0.0,0.0,0.0467,-0.0179
2014-08-26,岭南园林,sz002717,28.0,25.71,25.98,26.36,49.1,50.084045,8734254,0.214511,0.0,0.0,0.0466,0.0146
2014-08-27,岭南园林,sz002717,26.12,25.18,25.58,25.41,26.36,48.279064,4084484,0.100314,0.0,0.0,0.0356,-0.0066
2014-08-28,岭南园林,sz002717,25.2,24.3,25.2,24.47,25.41,46.493076,3474895,0.085343,0.0,0.0,0.0354,-0.0289
2014-08-29,岭南园林,sz002717,25.6,24.25,24.36,25.43,24.47,48.317093,3357786,0.082466,0.0,0.0,0.0551,0.0439
2014-09-01,岭南园林,sz002717,25.65,24.8,25.43,25.64,25.43,48.716095,2977793,0.073134,0.0,0.0,0.0334,0.0082
2014-09-02,岭南园林,sz002717,27.88,25.65,25.65,27.41,25.64,52.079117,7023671,0.1725,0.0,0.0,0.0869,0.0686
2014-09-03,岭南园林,sz002717,27.67,26.82,27.38,27.21,27.41,51.699093,4823984,0.118476,0.0,0.0,0.031,-0.0062
2014-09-04,岭南园林,sz002717,28.88,26.94,27.1,28.13,27.21,53.44709,6830037,0.167744,0.0,0.0,0.0712,0.038
2014-09-05,岭南园林,sz002717,28.37,27.9,28.27,28.37,28.13,53.903103,3685777,0.090522,0.0,0.0,0.0167,0.0035
2014-09-09,岭南园林,sz002717,28.4,27.8,28.37,28.08,28.37,53.352104,2670550,0.065588,0.0,0.0,0.0211,-0.0102
2014-09-10,岭南园林,sz002717,28.18,27.5,27.85,28.07,28.08,53.33311,3840163,0.094314,0.0,0.0,0.0242,0.0078
2014-09-11,岭南园林,sz002717,28.3,27.57,28.0,27.7,28.07,52.630127,3921999,0.096323,0.0,0.0,0.026,-0.0107
2014-09-12,岭南园林,sz002717,27.86,27.3,27.6,27.81,27.7,52.839123,2353788,0.057808,0.0,0.0,0.0202,0.0076
2014-09-15,岭南园林,sz002717,28.01,27.4,27.81,27.63,27.81,52.497147,2693537,0.066153,0.0,0.0,0.0219,-0.0064
2014-09-16,岭南园林,sz002717,27.71,26.51,27.63,26.55,27.63,50.445137,3449116,0.084709,0.0,0.0,0.0434,-0.039
2014-09-17,岭南园林,sz002717,26.76,26.0,26.52,26.55,26.55,50.445137,2141693,0.052599,0.0,0.0,0.0286,0.0011
2014-09-18,岭南园林,sz002717,26.55,26.2,26.55,26.45,26.55,50.25516,1281352,0.03147,0.0,0.0,0.0131,-0.0037
2014-09-19,岭南园林,sz002717,27.08,26.4,26.45,26.99,26.45,51.281174,1699867,0.041748,0.0,0.0,0.0257,0.0204
2014-09-22,岭南园林,sz002717,26.98,26.2,26.97,26.31,26.99,49.989143,1490825,0.036614,0.0,0.0,0.0288,-0.0244
2014-09-23,岭南园林,sz002717,27.08,26.2,26.31,27.01,26.31,51.319153,1786434,0.043874,0.0,0.0,0.0334,0.0266
2014-09-24,岭南园林,sz002717,27.15,26.73,27.01,27.02,27.01,51.338142,1620183,0.039791,0.0,0.0,0.0155,3.0E-4
2014-09-25,岭南园林,sz002717,27.28,26.7,27.08,26.78,27.02,50.882156,1828529,0.044908,0.0,0.0,0.0214,-0.011
2014-09-26,岭南园林,sz002717,26.8,26.4,26.58,26.72,26.78,50.76818,915914,0.022495,0.0,0.0,0.0149,0.0052
2014-09-29,岭南园林,sz002717,27.03,26.7,26.73,26.95,26.72,51.205193,1422612,0.034939,0.0,0.0,0.0123,0.0082
2014-09-30,岭南园林,sz002717,27.1,26.82,26.96,26.99,26.95,51.28118,1384379,0.034,0.0,0.0,0.0103,0.0011
2014-10-08,岭南园林,sz002717,27.54,27.03,27.03,27.53,26.99,52.307163,2458438,0.060379,0.0,0.0,0.0188,0.0184
2014-10-09,岭南园林,sz002717,27.6,27.11,27.6,27.4,27.53,52.06017,2116409,0.051979,0.0,0.0,0.0177,-0.0072
2014-10-10,岭南园林,sz002717,30.12,27.99,27.99,28.78,27.4,54.68218,7803106,0.191642,0.0,0.0,0.0777,0.0282
2014-10-13,岭南园林,sz002717,28.68,27.82,28.26,28.6,28.78,54.3402,3421234,0.084025,0.0,0.0,0.0298,0.012
2014-10-14,岭南园林,sz002717,29.4,28.3,28.55,28.78,28.6,54.682217,4035433,0.099109,0.0,0.0,0.0384,0.008
2014-10-15,岭南园林,sz002717,29.2,28.52,28.78,29.13,28.78,55.347206,2897351,0.071158,0.0,0.0,0.0236,0.0121
2014-10-16,岭南园林,sz002717,29.0,28.05,29.0,28.05,29.13,53.295208,2602697,0.063922,0.0,0.0,0.0326,-0.0327
2014-10-17,岭南园林,sz002717,29.1,27.27,27.89,28.88,28.05,54.87221,4336337,0.106499,0.0,0.0,0.0652,0.0354
2014-10-20,岭南园林,sz002717,29.27,28.4,28.72,29.12,28.88,55.3282,3468653,0.085189,0.0,0.0,0.0301,0.0139
2014-10-21,岭南园林,sz002717,29.27,28.8,29.13,28.81,29.12,54.739178,2330711,0.057242,0.0,0.0,0.0161,-0.0109
2014-10-22,岭南园林,sz002717,29.25,28.28,28.7,28.53,28.81,54.20717,3014847,0.074044,0.0,0.0,0.0336,-0.0059
2014-10-23,岭南园林,sz002717,28.4,27.0,28.29,27.13,28.53,51.54717,2967022,0.072869,0.0,0.0,0.049,-0.041
2014-10-24,岭南园林,sz002717,27.4,26.66,27.12,26.67,27.13,50.673183,2153238,0.052883,0.0,0.0,0.0272,-0.0165
2014-10-27,岭南园林,sz002717,27.0,26.3,26.68,26.81,26.67,50.939167,951513,0.023369,0.0,0.0,0.0262,0.0048
2014-10-28,岭南园林,sz002717,27.56,27.0,27.05,27.44,26.81,52.13619,1445821,0.035509,0.0,0.0,0.0208,0.0144
2014-10-29,岭南园林,sz002717,27.85,27.38,27.49,27.63,27.44,52.497177,1874111,0.046028,0.0,0.0,0.0171,0.005
2014-10-30,岭南园林,sz002717,27.77,27.17,27.65,27.31,27.63,51.889156,1716406,0.042155,0.0,0.0,0.0217,-0.0122
2014-10-31,岭南园林,sz002717,27.62,27.03,27.25,27.32,27.31,51.90815,1257729,0.03089,0.0,0.0,0.0216,0.0025
2014-11-03,岭南园林,sz002717,28.28,27.16,27.32,28.28,27.32,53.732147,2571032,0.063144,0.0,0.0,0.0409,0.0351
2014-11-04,岭南园林,sz002717,28.77,27.65,28.2,28.64,28.28,54.41616,3288163,0.080757,0.0,0.0,0.0396,0.0156
2014-11-05,岭南园林,sz002717,28.69,28.0,28.45,28.05,28.64,53.29513,2684380,0.065928,0.0,0.0,0.024,-0.014
2014-11-06,岭南园林,sz002717,28.3,27.74,28.05,28.26,28.05,53.694153,1976170,0.048534,0.0,0.0,0.0199,0.0074
2014-11-07,岭南园林,sz002717,28.65,27.86,28.27,27.95,28.26,53.105125,3057559,0.075093,0.0,0.0,0.0279,-0.0113
2014-11-10,岭南园林,sz002717,28.1,27.41,27.85,27.68,27.95,52.592133,1956018,0.048039,0.0,0.0,0.0246,-0.0061
2014-11-11,岭南园林,sz002717,27.88,26.35,27.68,26.7,27.68,50.730106,2591005,0.063634,0.0,0.0,0.0552,-0.0354
2014-11-12,岭南园林,sz002717,27.39,26.37,26.6,27.32,26.7,51.90811,1616058,0.03969,0.0,0.0,0.0382,0.027
2014-11-13,岭南园林,sz002717,27.21,26.42,27.2,26.71,27.32,50.749107,1665308,0.0409,0.0,0.0,0.0289,-0.018
2014-11-14,岭南园林,sz002717,26.6,25.81,26.6,26.05,26.71,49.4951,2037226,0.050034,0.0,0.0,0.0295,-0.0206
2014-11-17,岭南园林,sz002717,26.57,26.06,26.2,26.38,26.05,50.1221,1088446,0.026732,0.0,0.0,0.0195,0.0068
2014-11-18,岭南园林,sz002717,26.87,26.3,26.38,26.8,26.38,50.920094,963528,0.023664,0.0,0.0,0.0216,0.0159
2014-11-19,岭南园林,sz002717,26.84,26.43,26.43,26.8,26.8,50.920094,862423,0.021181,0.0,0.0,0.0152,0.0139
2014-11-20,岭南园林,sz002717,26.89,26.58,26.69,26.7,26.8,50.73011,833888,0.02048,0.0,0.0,0.0115,3.0E-4
2014-11-21,岭南园林,sz002717,27.1,26.61,26.66,26.82,26.7,50.95809,1032774,0.025365,0.0,0.0,0.0183,0.006
2014-11-24,岭南园林,sz002717,27.39,26.81,26.93,27.24,26.82,51.756096,2007584,0.049306,0.0,0.0,0.0216,0.0115
2014-11-25,岭南园林,sz002717,27.43,27.0,27.24,27.3,27.24,51.870113,1522229,0.037386,0.0,0.0,0.0157,0.0022
2014-11-26,岭南园林,sz002717,27.68,27.11,27.35,27.47,27.3,52.19311,2204370,0.054139,0.0,0.0,0.0208,0.0043
2014-11-27,岭南园林,sz002717,28.5,27.55,27.55,28.2,27.47,53.58009,4007094,0.098413,0.0,0.0,0.0345,0.0235
2014-11-28,岭南园林,sz002717,28.38,27.64,28.25,27.66,28.2,52.554085,2313837,0.056827,0.0,0.0,0.0262,-0.0208
2014-12-01,岭南园林,sz002717,27.77,26.7,27.55,26.87,27.66,51.05309,2467652,0.060605,0.0,0.0,0.0386,-0.0246
2014-12-02,岭南园林,sz002717,28.3,26.83,26.95,28.04,26.87,53.276093,3610117,0.088664,0.0,0.0,0.0547,0.0404
2014-12-03,岭南园林,sz002717,29.5,27.52,28.05,28.72,28.04,54.568092,5610147,0.137784,0.0,0.0,0.0706,0.0238
2014-12-04,岭南园林,sz002717,28.73,28.3,28.72,28.5,28.72,54.1501,3707093,0.091045,0.0,0.0,0.0149,-0.0076
2014-12-05,岭南园林,sz002717,28.4,26.69,28.4,27.18,28.5,51.642082,3533216,0.086775,0.0,0.0,0.0599,-0.0429
2014-12-08,岭南园林,sz002717,27.44,26.71,26.81,26.98,27.18,51.2621,2215959,0.054423,0.0,0.0,0.0268,0.0063
2014-12-09,岭南园林,sz002717,26.87,25.68,26.87,25.69,26.98,48.811104,3439956,0.084485,0.0,0.0,0.0441,-0.0439
2014-12-10,岭南园林,sz002717,27.8,25.52,25.61,27.2,25.69,51.680126,2836833,0.069672,0.0,0.0,0.0887,0.062
2014-12-11,岭南园林,sz002717,27.78,26.72,27.05,27.23,27.2,51.73713,2230884,0.05479,0.0,0.0,0.0389,0.0066
2014-12-12,岭南园林,sz002717,27.47,27.03,27.25,27.45,27.23,52.155113,1776455,0.043629,0.0,0.0,0.0161,0.0073
2014-12-15,岭南园林,sz002717,28.17,27.35,27.48,27.95,27.45,53.105118,2841700,0.069791,0.0,0.0,0.0298,0.0171
2014-12-16,岭南园林,sz002717,28.08,27.4,27.95,27.46,27.95,52.174133,1836056,0.045093,0.0,0.0,0.0243,-0.0175
2014-12-17,岭南园林,sz002717,27.43,26.37,27.42,26.73,27.46,50.787136,1970849,0.048404,0.0,0.0,0.0386,-0.0251
2014-12-18,岭南园林,sz002717,26.96,26.33,26.61,26.55,26.73,50.445133,1351258,0.033187,0.0,0.0,0.0235,-0.0022
2014-12-19,岭南园林,sz002717,26.5,25.78,26.43,26.4,26.55,50.16012,1842588,0.045254,0.0,0.0,0.0271,-0.0011
2014-12-22,岭南园林,sz002717,26.5,25.06,26.48,25.1,26.4,47.690136,1738293,0.042692,0.0,0.0,0.0545,-0.0521
2014-12-23,岭南园林,sz002717,25.9,25.1,25.22,25.21,25.1,47.899113,822623,0.020203,0.0,0.0,0.0318,-3.0E-4
2014-12-24,岭南园林,sz002717,25.95,25.33,25.33,25.84,25.21,49.09611,814229,0.019997,0.0,0.0,0.0245,0.0201
2014-12-25,岭南园林,sz002717,25.94,25.67,25.92,25.84,25.84,49.09611,747385,0.018356,0.0,0.0,0.0104,-0.003
2014-12-26,岭南园林,sz002717,25.88,25.7,25.84,25.73,25.84,48.887108,764168,0.018768,0.0,0.0,0.0069,-0.0042
2014-12-29,岭南园林,sz002717,25.93,24.81,25.73,24.96,25.73,47.424114,1222949,0.030035,0.0,0.0,0.0435,-0.0299
2014-12-30,岭南园林,sz002717,25.1,24.3,24.9,24.54,24.96,46.62611,1022586,0.025114,0.0,0.0,0.032,-0.0144
2014-12-31,岭南园林,sz002717,24.78,24.38,24.53,24.71,24.54,46.94909,672630,0.01652,0.0,0.0,0.0162,0.0073
2015-01-01,岭南园林,sz002717,24.71,24.71,24.71,24.71,24.71,12.33002,0,0.0,0.0,0.0,0.0,0.0
2015-01-02,岭南园林,sz002717,24.71,24.71,24.71,24.71,24.71,12.33002,0,0.0,0.0,0.0,0.0,0.0
2015-01-05,岭南园林,sz002717,24.71,24.71,24.71,24.71,24.71,12.33002,0,0.0,0.0,0.0,0.0,0.0
2015-01-06,岭南园林,sz002717,24.71,24.71,24.71,24.71,24.71,12.33002,0,0.0,0.0,0.0,0.0,0.0
2015-01-07,岭南园林,sz002717,24.71,24.71,24.71,24.71,24.71,12.33002,0,0.0,0.0,0.0,0.0,0.0
2015-01-08,岭南园林,sz002717,24.71,24.71,24.71,24.71,24.71,12.33002,0,0.0,0.0,0.0,0.0,0.0
2015-01-09,岭南园林,sz002717,24.71,24.71,24.71,24.71,24.71,12.33002,0,0.0,0.0,0.0,0.0,0.0
2015-01-12,岭南园林,sz002717,26.29,25.22,26.28,25.48,24.71,12.71425,41094,0.050464,0.0,0.0,0.0433,-0.0304
2015-01-13,岭南园林,sz002717,25.68,25.1,25.25,25.4,25.48,12.67433,19473,0.023914,0.0,0.0,0.0227,0.0059
2015-01-14,岭南园林,sz002717,25.89,25.38,25.4,25.54,25.4,12.74419,21385,0.026261,0.0,0.0,0.02,0.0055
2015-01-15,岭南园林,sz002717,25.79,25.43,25.58,25.61,25.54,12.77911,14194,0.01743,0.0,0.0,0.014,0.0011
2015-01-16,岭南园林,sz002717,25.88,25.55,25.65,25.65,25.61,12.79907,16847,0.020688,0.0,0.0,0.0128,0.0
2015-01-19,岭南园林,sz002717,25.87,24.8,25.47,25.01,25.65,12.47972,27193,0.033393,0.0,0.0,0.0417,-0.018
2015-01-20,岭南园林,sz002717,26.13,25.06,25.06,25.98,25.01,12.96374,30168,0.037046,0.0,0.0,0.0427,0.0367
2015-01-21,岭南园林,sz002717,26.66,25.98,25.98,26.5,25.98,13.22321,44154,0.054221,0.0,0.0,0.0261,0.02
2015-01-22,岭南园林,sz002717,26.95,26.4,26.53,26.92,26.5,13.43279,38180,0.046886,0.0,0.0,0.0207,0.0147
2015-01-23,岭南园林,sz002717,27.05,26.31,26.93,26.46,26.92,13.20325,28235,0.034673,0.0,0.0,0.0274,-0.0174
2015-01-26,岭南园林,sz002717,26.91,26.4,26.43,26.9,26.46,13.42281,26044,0.031982,0.0,0.0,0.0192,0.0177
2015-01-27,岭南园林,sz002717,27.0,26.5,27.0,26.77,26.9,13.35794,25380,0.031167,0.0,0.0,0.0185,-0.0085
2015-01-28,岭南园林,sz002717,27.33,26.51,26.75,27.3,26.77,13.62241,52845,0.064894,0.0,0.0,0.0306,0.0205
2015-01-29,岭南园林,sz002717,27.59,26.88,27.18,27.43,27.3,13.68727,47670,0.058539,0.0,0.0,0.026,0.0091
2015-01-30,岭南园林,sz002717,27.46,26.6,27.34,26.6,27.43,13.27311,28148,0.034566,0.0,0.0,0.0313,-0.027
2015-02-02,岭南园林,sz002717,26.98,25.7,26.35,26.76,26.6,13.35295,29669,0.036434,0.0,0.0,0.0481,0.0155
2015-02-03,岭南园林,sz002717,27.15,26.36,26.76,27.03,26.76,13.48768,19414,0.02384,0.0,0.0,0.0295,0.01
2015-02-04,岭南园林,sz002717,27.24,26.75,27.03,26.86,27.03,13.40285,16422,0.020167,0.0,0.0,0.0181,-0.0062
2015-02-05,岭南园林,sz002717,29.52,28.0,29.5,28.53,26.86,14.23616,177210,0.217613,0.0,0.0,0.0565,-0.0328
2015-02-06,岭南园林,sz002717,28.78,27.59,28.0,27.67,28.53,13.80703,78123,0.095935,0.0,0.0,0.0417,-0.0117
2015-02-09,岭南园林,sz002717,28.45,27.06,27.72,27.36,27.67,13.65235,42386,0.05205,0.0,0.0,0.0502,-0.0129
2015-02-10,岭南园林,sz002717,27.58,26.78,27.37,27.12,27.36,13.53259,34277,0.042093,0.0,0.0,0.0292,-0.0091
2015-02-11,岭南园林,sz002717,27.4,27.0,27.12,27.32,27.12,13.63239,24623,0.030237,0.0,0.0,0.0147,0.0073
2015-02-12,岭南园林,sz002717,28.06,27.35,27.38,27.98,27.32,13.96172,32087,0.039403,0.0,0.0,0.0259,0.0219
2015-02-13,岭南园林,sz002717,29.15,27.77,28.31,29.03,27.98,14.48566,75633,0.092877,0.0,0.0,0.0493,0.0254
2015-02-16,岭南园林,sz002717,29.03,29.03,29.03,29.03,29.03,14.48566,0,0.0,0.0,0.0,0.0,0.0
2015-02-17,岭南园林,sz002717,30.7,29.29,30.7,29.38,29.03,14.6603,118869,0.14597,0.0,0.0,0.0485,-0.0429
2015-02-18,岭南园林,sz002717,29.38,29.38,29.38,29.38,29.38,14.6603,0,0.0,0.0,0.0,0.0,0.0
2015-02-19,岭南园林,sz002717,29.38,29.38,29.38,29.38,29.38,14.6603,0,0.0,0.0,0.0,0.0,0.0
2015-02-20,岭南园林,sz002717,29.38,29.38,29.38,29.38,29.38,14.6603,0,0.0,0.0,0.0,0.0,0.0
2015-02-23,岭南园林,sz002717,29.38,29.38,29.38,29.38,29.38,14.6603,0,0.0,0.0,0.0,0.0,0.0
2015-02-24,岭南园林,sz002717,29.38,29.38,29.38,29.38,29.38,14.6603,0,0.0,0.0,0.0,0.0,0.0
2015-02-25,岭南园林,sz002717,29.25,28.72,29.25,29.03,29.38,14.48566,47851,0.031461,0.0,0.0,0.018,-0.0075
2015-02-26,岭南园林,sz002717,29.42,28.9,29.1,29.38,29.03,14.6603,34870,0.022926,0.0,0.0,0.0179,0.0096
2015-02-27,岭南园林,sz002717,29.03,28.53,28.95,28.61,29.38,14.27608,58285,0.038321,0.0,0.0,0.017,-0.0117
2015-03-02,岭南园林,sz002717,29.59,28.64,28.64,29.52,28.61,14.73016,55422,0.036439,0.0,0.0,0.0332,0.0307
2015-03-03,岭南园林,sz002717,30.49,29.29,29.37,29.94,29.52,14.93974,79058,0.051979,0.0,0.0,0.0406,0.0194
2015-03-04,岭南园林,sz002717,30.15,29.59,29.94,29.85,29.94,14.89483,50171,0.032986,0.0,0.0,0.0187,-0.003
2015-03-05,岭南园林,sz002717,29.97,29.04,29.87,29.6,29.85,14.77008,59545,0.03915,0.0,0.0,0.0311,-0.009
2015-03-06,岭南园林,sz002717,29.55,28.68,29.49,28.82,29.6,14.38087,57079,0.037528,0.0,0.0,0.0293,-0.0227
2015-03-09,岭南园林,sz002717,29.19,28.67,28.78,29.15,28.82,14.54554,50202,0.033007,0.0,0.0,0.018,0.0128
2015-03-10,岭南园林,sz002717,29.88,28.86,29.6,28.98,29.15,14.46071,97996,0.06443,40.337173,6.266904,0.0349,-0.0209
2015-03-11,岭南园林,sz002717,29.25,28.35,29.0,28.44,28.98,14.19125,76408,0.050236,39.58553,6.150126,0.031,-0.0193
2015-03-12,岭南园林,sz002717,28.97,28.32,28.59,28.69,28.44,14.316,64859,0.042643,39.933487,6.204186,0.0228,0.0034
2015-03-13,岭南园林,sz002717,29.17,28.54,28.62,29.09,28.69,14.5156,54981,0.036149,40.49024,6.290685,0.0219,0.0164
2015-03-16,岭南园林,sz002717,29.68,29.11,29.2,29.6,29.09,14.77008,97204,0.063909,41.200115,6.400973,0.0195,0.0136
2015-03-17,岭南园林,sz002717,29.99,29.42,29.62,29.85,29.6,14.89483,131682,0.086577,41.54809,6.455036,0.0192,0.0077
2015-03-18,岭南园林,sz002717,32.78,30.51,30.51,32.64,29.85,16.28701,266270,0.175065,45.431465,7.058369,0.076,0.0698
2015-03-19,岭南园林,sz002717,34.27,32.15,32.59,32.95,32.64,16.4417,223001,0.146616,45.862972,7.125409,0.0649,0.011
2015-03-20,岭南园林,sz002717,33.49,32.28,33.2,32.67,32.95,16.30198,132006,0.08679,45.473232,7.064857,0.0367,-0.0159
2015-03-23,岭南园林,sz002717,34.5,32.51,32.6,34.08,32.67,17.00555,149069,0.098009,47.43581,7.369769,0.0609,0.0453
2015-03-24,岭南园林,sz002717,34.72,32.71,33.96,34.72,34.08,17.32491,172060,0.113125,48.326607,7.508166,0.0589,0.0223
2015-03-25,岭南园林,sz002717,37.94,35.01,35.72,37.1,34.72,18.5125,183020,0.120331,51.639297,8.022836,0.0843,0.0386
2015-03-26,岭南园林,sz002717,37.1,37.1,37.1,37.1,37.1,18.5125,0,0.0,0.0,0.0,0.0,0.0
2015-03-27,岭南园林,sz002717,37.1,37.1,37.1,37.1,37.1,18.5125,0,0.0,0.0,0.0,0.0,0.0
2015-03-30,岭南园林,sz002717,37.1,37.1,37.1,37.1,37.1,18.5125,0,0.0,0.0,0.0,0.0,0.0
2015-03-31,岭南园林,sz002717,37.1,37.1,37.1,37.1,37.1,18.5125,0,0.0,0.0,0.0,0.0,0.0
2015-04-01,岭南园林,sz002717,37.1,37.1,37.1,37.1,37.1,18.5125,0,0.0,0.0,0.0,0.0,0.0
2015-04-02,岭南园林,sz002717,37.1,37.1,37.1,37.1,37.1,18.5125,0,0.0,0.0,0.0,0.0,0.0
2015-04-03,岭南园林,sz002717,37.1,37.1,37.1,37.1,37.1,18.5125,0,0.0,0.0,0.0,0.0,0.0
2015-04-06,岭南园林,sz002717,37.1,37.1,37.1,37.1,37.1,18.5125,0,0.0,0.0,0.0,0.0,0.0
2015-04-07,岭南园林,sz002717,37.1,37.1,37.1,37.1,37.1,18.5125,0,0.0,0.0,0.0,0.0,0.0
2015-04-08,岭南园林,sz002717,18.55,18.55,18.55,18.55,37.1,9.25625,0,0.0,0.0,0.0,0.0,0.0
2015-04-09,岭南园林,sz002717,18.55,18.55,18.55,18.55,18.55,18.55,0,0.0,0.0,0.0,0.0,0.0
2015-04-10,岭南园林,sz002717,18.55,18.55,18.55,18.55,18.55,18.55,0,0.0,0.0,0.0,0.0,0.0
2015-04-13,岭南园林,sz002717,18.55,18.55,18.55,18.55,18.55,18.55,0,0.0,0.0,0.0,0.0,0.0
2015-04-14,岭南园林,sz002717,18.55,18.55,18.55,18.55,18.55,18.55,0,0.0,0.0,0.0,0.0,0.0
2015-04-15,岭南园林,sz002717,18.55,18.55,18.55,18.55,18.55,18.55,0,0.0,0.0,0.0,0.0,0.0
2015-04-16,岭南园林,sz002717,18.55,18.55,18.55,18.55,18.55,18.55,0,0.0,0.0,0.0,0.0,0.0
2015-04-17,岭南园林,sz002717,18.55,18.55,18.55,18.55,18.55,18.55,0,0.0,0.0,0.0,0.0,0.0
2015-04-20,岭南园林,sz002717,18.55,18.55,18.55,18.55,18.55,18.55,0,0.0,0.0,0.0,0.0,0.0
2015-04-21,岭南园林,sz002717,18.55,18.55,18.55,18.55,18.55,18.55,0,0.0,0.0,0.0,0.0,0.0
2015-04-22,岭南园林,sz002717,18.55,18.55,18.55,18.55,18.55,18.55,0,0.0,0.0,0.0,0.0,0.0
2015-04-23,岭南园林,sz002717,18.55,18.55,18.55,18.55,18.55,18.55,0,0.0,0.0,0.0,0.0,0.0
2015-04-24,岭南园林,sz002717,18.55,18.55,18.55,18.55,18.55,18.55,0,0.0,0.0,0.0,0.0,0.0
2015-04-27,岭南园林,sz002717,18.55,18.55,18.55,18.55,18.55,18.55,0,0.0,0.0,0.0,0.0,0.0
2015-04-28,岭南园林,sz002717,18.55,18.55,18.55,18.55,18.55,18.55,0,0.0,0.0,0.0,0.0,0.0
2015-04-29,岭南园林,sz002717,18.55,18.55,18.55,18.55,18.55,18.55,0,0.0,0.0,0.0,0.0,0.0
2015-04-30,岭南园林,sz002717,18.55,18.55,18.55,18.55,18.55,18.55,0,0.0,0.0,0.0,0.0,0.0
2015-05-01,岭南园林,sz002717,18.55,18.55,18.55,18.55,18.55,18.55,0,0.0,0.0,0.0,0.0,0.0
2015-05-04,岭南园林,sz002717,18.55,18.55,18.55,18.55,18.55,18.55,0,0.0,0.0,0.0,0.0,0.0
2015-05-05,岭南园林,sz002717,18.55,18.55,18.55,18.55,18.55,18.55,0,0.0,0.0,0.0,0.0,0.0
2015-05-06,岭南园林,sz002717,18.55,18.55,18.55,18.55,18.55,18.55,0,0.0,0.0,0.0,0.0,0.0
2015-05-07,岭南园林,sz002717,18.55,18.55,18.55,18.55,18.55,18.55,0,0.0,0.0,0.0,0.0,0.0
2015-05-08,岭南园林,sz002717,18.55,18.55,18.55,18.55,18.55,18.55,0,0.0,0.0,0.0,0.0,0.0
2015-05-11,岭南园林,sz002717,18.55,18.55,18.55,18.55,18.55,18.55,0,0.0,0.0,0.0,0.0,0.0
2015-05-12,岭南园林,sz002717,18.55,18.55,18.55,18.55,18.55,18.55,0,0.0,0.0,0.0,0.0,0.0
2015-05-13,岭南园林,sz002717,18.55,18.55,18.55,18.55,18.55,18.55,0,0.0,0.0,0.0,0.0,0.0
2015-05-14,岭南园林,sz002717,18.55,18.55,18.55,18.55,18.55,18.55,0,0.0,0.0,0.0,0.0,0.0
2015-05-15,岭南园林,sz002717,18.55,18.55,18.55,18.55,18.55,18.55,0,0.0,0.0,0.0,0.0,0.0
2015-05-18,岭南园林,sz002717,18.55,18.55,18.55,18.55,18.55,18.55,0,0.0,0.0,0.0,0.0,0.0
2015-05-19,岭南园林,sz002717,18.55,18.55,18.55,18.55,18.55,18.55,0,0.0,0.0,0.0,0.0,0.0
2015-05-20,岭南园林,sz002717,18.55,18.55,18.55,18.55,18.55,18.55,0,0.0,0.0,0.0,0.0,0.0
2015-05-21,岭南园林,sz002717,18.55,18.55,18.55,18.55,18.55,18.55,0,0.0,0.0,0.0,0.0,0.0
2015-05-22,岭南园林,sz002717,18.55,18.55,18.55,18.55,18.55,18.55,0,0.0,0.0,0.0,0.0,0.0
2015-05-25,岭南园林,sz002717,18.55,18.55,18.55,18.55,18.55,18.55,0,0.0,0.0,0.0,0.0,0.0
2015-05-26,岭南园林,sz002717,18.55,18.55,18.55,18.55,18.55,18.55,0,0.0,0.0,0.0,0.0,0.0
2015-05-27,岭南园林,sz002717,18.55,18.55,18.55,18.55,18.55,18.55,0,0.0,0.0,0.0,0.0,0.0
2015-05-28,岭南园林,sz002717,18.55,18.55,18.55,18.55,18.55,18.55,0,0.0,0.0,0.0,0.0,0.0
2015-05-29,岭南园林,sz002717,18.55,18.55,18.55,18.55,18.55,18.55,0,0.0,0.0,0.0,0.0,0.0
2015-06-01,岭南园林,sz002717,18.55,18.55,18.55,18.55,18.55,18.55,0,0.0,0.0,0.0,0.0,0.0
2015-06-02,岭南园林,sz002717,18.55,18.55,18.55,18.55,18.55,18.55,0,0.0,0.0,0.0,0.0,0.0
2015-06-03,岭南园林,sz002717,18.55,18.55,18.55,18.55,18.55,18.55,0,0.0,0.0,0.0,0.0,0.0
2015-06-04,岭南园林,sz002717,18.55,18.55,18.55,18.55,18.55,18.55,0,0.0,0.0,0.0,0.0,0.0
2015-06-05,岭南园林,sz002717,18.55,18.55,18.55,18.55,18.55,18.55,0,0.0,0.0,0.0,0.0,0.0
2015-06-08,岭南园林,sz002717,20.36,20.36,20.36,20.36,18.55,20.36,947,6.19E-4,56.38504,8.693751,0.0,0.0
2015-06-09,岭南园林,sz002717,22.4,22.4,22.4,22.4,20.36,22.4,229,1.5E-4,62.034622,9.564834,0.0,0.0
2015-06-10,岭南园林,sz002717,24.64,24.64,24.64,24.64,22.4,24.64,1517,9.92E-4,68.23808,10.521317,0.0,0.0
2015-06-11,岭南园林,sz002717,27.1,27.1,27.1,27.1,24.64,27.1,992,6.49E-4,75.05081,11.571741,0.0,0.0
2015-06-12,岭南园林,sz002717,29.81,29.0,29.81,29.81,27.1,29.81,50477,0.03302,82.55589,12.728915,0.0298,0.0
2015-06-15,岭南园林,sz002717,32.79,28.01,32.79,28.78,29.81,28.78,335049,0.219153,79.70341,12.289103,0.1603,-0.1222
2015-06-16,岭南园林,sz002717,29.67,26.8,28.0,27.33,28.78,27.33,174020,0.113834,75.687775,11.669951,0.0997,-0.0239
2015-06-17,岭南园林,sz002717,28.1,25.01,26.81,26.66,27.33,26.66,137572,0.089982,73.832275,11.38386,0.113,-0.0055
2015-06-18,岭南园林,sz002717,26.58,23.99,26.51,24.3,26.66,24.3,107608,0.070387,67.296486,10.376136,0.0971,-0.0833
2015-06-19,岭南园林,sz002717,25.7,22.88,23.7,24.21,24.3,24.21,152342,0.099654,67.04724,10.337706,0.116,0.0215
2015-06-22,岭南园林,sz002717,24.21,24.21,24.21,24.21,24.21,24.21,0,0.0,0.0,0.0,0.0,0.0
2015-06-23,岭南园林,sz002717,25.65,23.18,24.5,25.55,24.21,25.55,113072,0.073963,70.75824,10.909888,0.102,0.0428
2015-06-24,岭南园林,sz002717,26.95,24.92,25.98,25.55,25.55,25.55,128369,0.083969,70.75824,10.909888,0.0794,-0.0165
2015-06-25,岭南园林,sz002717,25.9,23.0,25.63,24.5,25.55,24.5,118644,0.077597,67.850365,10.461537,0.1135,-0.044
2015-06-26,岭南园林,sz002717,23.6,22.05,23.51,22.05,24.5,22.05,80363,0.052566,61.06533,9.415383,0.0632,-0.0621
2015-06-29,岭南园林,sz002717,22.8,19.85,22.59,19.85,22.05,19.85,100491,0.065725,54.972645,8.47598,0.1337,-0.1212
2015-06-30,岭南园林,sz002717,20.77,17.87,18.88,20.62,19.85,20.62,129348,0.084618,57.105083,8.804771,0.146,0.0921
2015-07-01,岭南园林,sz002717,20.97,18.56,20.6,18.56,20.62,18.56,105831,0.069236,51.400116,7.925148,0.1168,-0.099
2015-07-02,岭南园林,sz002717,18.4,16.7,18.3,16.7,18.56,16.7,91816,0.06006,46.249023,7.130925,0.0915,-0.0874
2015-07-03,岭南园林,sz002717,16.87,15.03,15.55,15.03,16.7,15.03,110428,0.072225,41.624123,6.417833,0.1101,-0.0334
2015-07-06,岭南园林,sz002717,16.45,13.53,16.45,13.55,15.03,13.55,127196,0.083221,37.525406,5.78587,0.1942,-0.1762
2015-07-07,岭南园林,sz002717,13.55,13.55,13.55,13.55,13.55,13.55,0,0.0,0.0,0.0,0.0,0.0
2015-07-08,岭南园林,sz002717,13.55,13.55,13.55,13.55,13.55,13.55,0,0.0,0.0,0.0,0.0,0.0
2015-07-09,岭南园林,sz002717,13.55,13.55,13.55,13.55,13.55,13.55,0,0.0,0.0,0.0,0.0,0.0
2015-07-10,岭南园林,sz002717,13.55,13.55,13.55,13.55,13.55,13.55,0,0.0,0.0,0.0,0.0,0.0
2015-07-13,岭南园林,sz002717,13.55,13.55,13.55,13.55,13.55,13.55,0,0.0,0.0,0.0,0.0,0.0
2015-07-14,岭南园林,sz002717,13.55,13.55,13.55,13.55,13.55,13.55,0,0.0,0.0,0.0,0.0,0.0
2015-07-15,岭南园林,sz002717,14.91,14.91,14.91,14.91,13.55,14.91,33891,0.022173,41.291794,6.366592,0.0,0.0
2015-07-16,岭南园林,sz002717,16.3,13.48,13.96,15.78,14.91,15.78,166739,0.109085,43.701176,6.738084,0.1891,0.1303
2015-07-17,岭南园林,sz002717,17.36,15.61,15.7,17.23,15.78,17.23,150963,0.098751,47.71681,7.357236,0.1108,0.0974
2015-07-20,岭南园林,sz002717,18.95,17.41,17.85,18.95,17.23,18.95,172653,0.112937,52.480183,8.091678,0.0893,0.0616
2015-07-21,岭南园林,sz002717,20.25,18.31,20.0,19.38,18.95,19.38,157713,0.103155,53.671024,8.275289,0.1023,-0.031
2015-07-22,岭南园林,sz002717,19.84,18.5,19.39,19.29,19.38,19.29,140274,0.091756,53.42178,8.236859,0.0691,-0.0051
2015-07-23,岭南园林,sz002717,20.88,19.33,19.4,20.64,19.29,20.64,136902,0.089561,57.160473,8.813311,0.0803,0.0639
2015-07-24,岭南园林,sz002717,20.9,19.5,20.64,19.67,20.64,19.67,120401,0.078759,54.47415,8.39912,0.0678,-0.0469
2015-07-27,岭南园林,sz002717,19.98,17.7,18.9,17.7,19.67,17.7,98995,0.064753,49.01843,7.557927,0.1159,-0.0634
2015-07-28,岭南园林,sz002717,18.28,15.93,16.12,17.54,17.7,17.54,112004,0.073277,48.575325,7.489606,0.1327,0.088
2015-07-29,岭南园林,sz002717,18.58,16.8,17.6,18.48,17.54,18.48,85349,0.055832,51.178562,7.890988,0.1014,0.0499
2015-07-30,岭南园林,sz002717,18.99,17.6,18.45,17.75,18.48,17.75,77621,0.050765,49.1569,7.579277,0.0752,-0.0379
2015-07-31,岭南园林,sz002717,17.86,16.8,17.6,17.08,17.75,17.08,44715,0.029251,47.3014,7.293186,0.0597,-0.0295
2015-08-03,岭南园林,sz002717,17.6,16.14,16.87,16.34,17.08,16.34,41064,0.026861,45.25204,6.977205,0.0854,-0.0314
2015-08-04,岭南园林,sz002717,17.97,16.36,16.56,17.97,16.34,17.97,57519,0.037627,49.766167,7.673217,0.0985,0.0851
2015-08-05,岭南园林,sz002717,18.99,17.59,18.05,17.89,17.97,17.89,70586,0.046171,49.544617,7.639057,0.0779,-0.0088
2015-08-06,岭南园林,sz002717,18.5,17.25,17.5,18.14,17.89,18.14,58441,0.03823,50.236965,7.745807,0.0698,0.0365
2015-08-07,岭南园林,sz002717,19.95,18.17,18.17,19.95,18.14,19.95,112977,0.073898,55.249584,8.51868,0.0981,0.0979
2015-08-10,岭南园林,sz002717,20.85,19.8,20.38,20.55,19.95,20.55,108851,0.071193,56.911224,8.774881,0.0526,0.0083
2015-08-11,岭南园林,sz002717,21.5,19.81,20.57,21.11,20.55,21.11,107757,0.070491,58.46209,9.014002,0.0822,0.0262
2015-08-12,岭南园林,sz002717,21.78,20.15,20.5,20.22,21.11,20.22,70680,0.046236,55.997322,8.63397,0.0772,-0.0136
2015-08-13,岭南园林,sz002717,20.58,19.37,20.01,20.58,20.22,20.58,73024,0.04777,56.99431,8.787691,0.0598,0.0284
2015-08-14,岭南园林,sz002717,20.85,19.85,20.79,20.16,20.58,20.16,54354,0.035554,55.831158,8.60835,0.0485,-0.0303
2015-08-17,岭南园林,sz002717,20.47,19.68,20.0,20.32,20.16,20.32,46202,0.030226,56.27426,8.676671,0.0391,0.016
2015-08-18,岭南园林,sz002717,20.44,18.29,20.3,18.29,20.32,18.29,71397,0.046704,50.652374,7.809857,0.1058,-0.099
2015-08-19,岭南园林,sz002717,18.86,16.8,17.7,18.63,18.29,18.63,50780,0.033217,51.59397,7.955038,0.1126,0.0525
2015-08-20,岭南园林,sz002717,18.49,17.8,18.02,17.8,18.63,17.8,32119,0.021011,49.29537,7.600627,0.037,-0.0122
2015-08-21,岭南园林,sz002717,17.96,16.02,17.4,16.1,17.8,16.1,76079,0.04965,40.51609,6.434124,0.1089,-0.0747
2015-08-24,岭南园林,sz002717,15.7,14.49,15.7,14.49,16.1,14.49,28356,0.018508,36.46448,5.790712,0.0751,-0.077
2015-08-25,岭南园林,sz002717,13.78,13.04,13.04,13.04,14.49,13.04,56075,0.036597,32.815517,5.211241,0.051,0.0
2015-08-26,岭南园林,sz002717,14.2,12.18,13.21,13.18,13.04,13.18,63640,0.041544,33.16783,5.26719,0.1549,-0.0022
2015-08-27,岭南园林,sz002717,14.48,13.13,13.6,14.43,13.18,14.43,57248,0.037363,36.313488,5.766734,0.1024,0.061
2015-08-28,岭南园林,sz002717,15.84,14.48,14.48,15.7,14.43,15.7,54944,0.035868,39.50948,6.27427,0.0942,0.0842
2015-08-31,岭南园林,sz002717,15.69,14.84,15.69,14.98,15.7,14.98,39085,0.025512,37.69758,5.986533,0.0541,-0.0452
2015-09-01,岭南园林,sz002717,14.8,13.48,14.8,13.48,14.98,13.48,41093,0.026825,33.922787,5.387081,0.0881,-0.0891
2015-09-02,岭南园林,sz002717,13.97,12.36,12.88,12.92,13.48,12.92,36692,0.023955,32.513535,5.163285,0.1194,0.0031
2015-09-03,岭南园林,sz002717,12.92,12.92,12.92,12.92,12.92,12.92,0,0.0,0.0,0.0,0.0,0.0
2015-09-04,岭南园林,sz002717,12.92,12.92,12.92,12.92,12.92,12.92,0,0.0,0.0,0.0,0.0,0.0
2015-09-07,岭南园林,sz002717,13.85,12.99,13.41,13.39,12.92,13.39,36510,0.023836,33.6963,5.351113,0.0665,-0.0014
2015-09-08,岭南园林,sz002717,14.58,13.1,13.39,14.45,13.39,14.45,34718,0.022659,36.36382,5.774727,0.1105,0.0791
2015-09-09,岭南园林,sz002717,15.51,14.54,14.94,15.31,14.45,15.31,54355,0.035472,38.528034,6.118413,0.0671,0.0247
2015-09-10,岭南园林,sz002717,15.34,14.8,15.19,15.16,15.31,15.16,29926,0.01953,38.150555,6.058467,0.0352,-0.0019
2015-09-11,岭南园林,sz002717,15.18,14.73,14.98,15.05,15.16,15.05,23049,0.015043,37.873737,6.014508,0.0296,0.0046
2015-09-14,岭南园林,sz002717,15.35,13.55,15.09,13.55,15.05,13.55,30519,0.01992,34.098946,5.415055,0.1196,-0.102
2015-09-15,岭南园林,sz002717,13.75,12.9,13.01,13.2,13.55,13.2,34309,0.022398,33.21816,5.275183,0.0627,0.0146
2015-09-16,岭南园林,sz002717,14.52,13.18,13.18,14.45,13.2,14.45,33823,0.022075,36.36382,5.774727,0.1015,0.0963
2015-09-17,岭南园林,sz002717,15.0,14.05,14.49,14.18,14.45,14.18,41955,0.027391,35.684357,5.666825,0.0657,-0.0213
2015-09-18,岭南园林,sz002717,14.82,14.1,14.5,14.62,14.18,14.62,29409,0.019195,36.79163,5.842664,0.0507,0.0082
2015-09-21,岭南园林,sz002717,16.0,14.3,14.3,15.58,14.62,15.58,50933,0.033244,39.207497,6.226314,0.1162,0.0895
2015-09-22,岭南园林,sz002717,15.82,15.29,15.29,15.35,15.58,15.35,37339,0.024369,38.628693,6.134398,0.034,0.0039
2015-09-23,岭南园林,sz002717,15.3,14.8,15.2,14.99,15.35,14.99,28939,0.018885,37.722744,5.990529,0.0325,-0.0138
2015-09-24,岭南园林,sz002717,15.42,15.0,15.21,15.15,14.99,15.15,27061,0.017664,38.12539,6.054471,0.028,-0.0039
2015-09-25,岭南园林,sz002717,15.2,14.01,15.19,14.6,15.15,14.6,31165,0.02034,36.7413,5.834672,0.0785,-0.0388
2015-09-28,岭南园林,sz002717,14.6,14.6,14.6,14.6,14.6,14.6,0,0.017278,37.79824,6.002519,0.0,0.0
2015-09-29,岭南园林,sz002717,15.4,14.73,14.8,15.1,14.6,15.1,31226,0.020385,37.99956,6.034489,0.0458,0.0202
2015-09-30,岭南园林,sz002717,15.3,14.85,15.23,15.02,15.1,15.02,21369,0.013949,37.79824,6.002519,0.0298,-0.0137
2015-10-01,岭南园林,sz002717,15.02,15.02,15.02,15.02,15.02,15.02,0,0.0,0.0,0.0,0.0,0.0
2015-10-02,岭南园林,sz002717,15.02,15.02,15.02,15.02,15.02,15.02,0,0.0,0.0,0.0,0.0,0.0
2015-10-05,岭南园林,sz002717,15.02,15.02,15.02,15.02,15.02,15.02,0,0.0,0.0,0.0,0.0,0.0
2015-10-06,岭南园林,sz002717,15.02,15.02,15.02,15.02,15.02,15.02,0,0.0,0.0,0.0,0.0,0.0
2015-10-07,岭南园林,sz002717,15.02,15.02,15.02,15.02,15.02,15.02,0,0.0,0.0,0.0,0.0,0.0
2015-10-08,岭南园林,sz002717,15.86,15.4,15.55,15.64,15.02,15.64,39079,0.025509,39.358486,6.250292,0.0306,0.0057
2015-10-09,岭南园林,sz002717,17.2,16.31,16.5,17.2,15.64,17.2,40889,0.02669,43.284267,6.873723,0.0569,0.0424
2015-10-12,岭南园林,sz002717,18.7,17.72,17.89,18.02,17.2,18.02,126509,0.082568,45.34782,7.201424,0.0569,0.0072
2015-10-13,岭南园林,sz002717,18.31,17.6,17.91,18.25,18.02,18.25,54942,0.035862,45.926624,7.29334,0.0394,0.0189
2015-10-14,岭南园林,sz002717,18.87,17.82,18.0,17.91,18.25,17.91,56091,0.03661,45.071003,7.157464,0.0575,-0.0049
2015-10-15,岭南园林,sz002717,18.65,17.6,17.7,18.4,17.91,18.4,47434,0.030961,46.304104,7.353285,0.0586,0.0395
2015-10-16,岭南园林,sz002717,18.9,18.18,18.6,18.83,18.4,18.83,62213,0.040606,47.386208,7.525128,0.0391,0.0123
2015-10-19,岭南园林,sz002717,18.85,17.64,18.85,18.33,18.83,18.33,55507,0.036234,46.127945,7.325311,0.0642,-0.0275
2015-10-20,岭南园林,sz002717,18.38,17.71,17.8,18.3,18.33,18.3,32462,0.021186,46.05245,7.313321,0.0365,0.028
2015-10-21,岭南园林,sz002717,19.18,16.8,18.3,16.89,18.3,16.89,68104,0.044447,42.504147,6.749836,0.13,-0.077
2015-10-22,岭南园林,sz002717,17.89,16.91,17.0,17.82,16.89,17.82,50372,0.03288,44.844517,7.121497,0.058,0.0482
2015-10-23,岭南园林,sz002717,19.6,17.51,17.82,19.6,17.82,19.6,115204,0.075191,49.323936,7.832847,0.1172,0.0998
2015-10-26,岭南园林,sz002717,21.56,21.0,21.56,21.56,19.6,21.56,69564,0.045407,54.25633,8.616132,0.0285,0.0
2015-10-27,岭南园林,sz002717,23.3,21.02,21.56,22.65,21.56,22.65,201450,0.131494,56.999344,9.051734,0.1057,0.0505
2015-10-28,岭南园林,sz002717,23.58,21.45,22.2,21.7,22.65,21.7,135966,0.088736,54.608643,8.672081,0.094,-0.0225
2015-10-29,岭南园林,sz002717,23.1,21.51,21.7,22.3,21.7,22.3,97869,0.06389,56.11856,8.911862,0.0732,0.0276
2015-10-30,岭南园林,sz002717,23.96,21.77,21.9,22.73,22.3,22.73,111069,0.072504,57.200665,9.083705,0.0982,0.0378
2015-11-02,岭南园林,sz002717,25.0,21.8,22.0,24.01,22.73,24.01,150788,0.098434,60.42182,9.595238,0.1407,0.0913
2015-11-03,岭南园林,sz002717,26.41,25.18,26.0,26.41,24.01,26.41,223324,0.0,0.0,0.0,0.0512,0.0157
2015-11-04,岭南园林,sz002717,28.0,25.48,25.62,27.47,26.41,27.47,223083,0.0,0.0,0.0,0.0954,0.0722
2015-11-05,岭南园林,sz002717,28.18,25.47,26.81,26.28,27.47,26.28,113734,0.0,0.0,0.0,0.0986,-0.0197
2015-11-06,岭南园林,sz002717,28.62,26.28,26.28,27.08,26.28,27.08,188882,0.0,0.0,0.0,0.089,0.0304
2015-11-09,岭南园林,sz002717,27.71,26.21,26.63,27.29,27.08,27.29,102799,0.0,0.0,0.0,0.0553,0.0247
2015-11-10,岭南园林,sz002717,30.02,27.46,27.46,30.02,27.29,30.02,189665,0.0,0.0,0.0,0.0938,0.0932
2015-11-11,岭南园林,sz002717,33.02,30.23,31.7,33.02,30.02,33.02,234327,0.0,0.0,0.0,0.0929,0.0416
2015-11-12,岭南园林,sz002717,34.64,30.08,34.5,31.2,33.02,31.2,134748,0.0,0.0,0.0,0.138,-0.0956
2015-11-13,岭南园林,sz002717,31.0,28.75,30.62,30.12,31.2,30.12,106588,0.0,0.0,0.0,0.0721,-0.0163
2015-11-16,岭南园林,sz002717,33.13,29.0,29.2,33.13,30.12,33.13,131029,0.0,0.0,0.0,0.1371,0.1345
2015-11-17,岭南园林,sz002717,36.44,30.83,35.1,31.7,33.13,31.7,262182,0.0,0.0,0.0,0.1693,-0.0968
2015-11-18,岭南园林,sz002717,32.58,29.5,32.02,29.53,31.7,29.53,181154,0.0,0.0,0.0,0.0971,-0.0777
2015-11-19,岭南园林,sz002717,31.61,29.8,29.8,31.37,29.53,31.37,186445,0.0,0.0,0.0,0.0612,0.0526
2015-11-20,岭南园林,sz002717,33.99,29.85,31.85,33.0,31.37,33.0,206377,0.0,0.0,0.0,0.1319,0.0361
2015-11-23,岭南园林,sz002717,33.0,31.0,32.39,31.3,33.0,31.3,95933,0.0,0.0,0.0,0.0606,-0.0336
2015-11-24,岭南园林,sz002717,31.23,29.63,31.0,31.06,31.3,31.06,94914,0.0,0.0,0.0,0.0511,0.0019
2015-11-25,岭南园林,sz002717,32.9,30.28,30.92,32.13,31.06,32.13,123394,0.0,0.0,0.0,0.0843,0.0391
2015-11-26,岭南园林,sz002717,35.34,33.43,34.7,34.03,32.13,34.03,251339,0.0,0.0,0.0,0.0594,-0.0193
2015-11-27,岭南园林,sz002717,33.33,30.63,33.0,30.63,34.03,30.63,133447,0.0,0.0,0.0,0.0793,-0.0718
2015-11-30,岭南园林,sz002717,30.9,27.86,30.02,29.85,30.63,29.85,151207,0.0,0.0,0.0,0.0992,-0.0056
2015-12-01,岭南园林,sz002717,30.45,26.87,29.6,27.0,29.85,27.0,123651,0.0,0.0,0.0,0.1199,-0.0878
2015-12-02,岭南园林,sz002717,27.8,25.02,27.44,26.6,27.0,26.6,101249,0.0,0.0,0.0,0.1029,-0.0306
2015-12-03,岭南园林,sz002717,28.36,26.78,27.0,28.32,26.6,28.32,79621,0.0,0.0,0.0,0.0593,0.0488
2015-12-04,岭南园林,sz002717,29.49,27.7,28.38,27.87,28.32,27.87,84453,0.0,0.0,0.0,0.0632,-0.0179
2015-12-07,岭南园林,sz002717,30.5,27.63,27.63,29.57,27.87,29.57,145833,0.0,0.0,0.0,0.1029,0.0702
2015-12-08,岭南园林,sz002717,31.2,28.86,29.8,31.06,29.57,31.06,125735,0.0,0.0,0.0,0.0791,0.0422
2015-12-09,岭南园林,sz002717,33.49,29.72,30.62,32.17,31.06,32.17,121428,0.0,0.0,0.0,0.1213,0.0506
2015-12-10,岭南园林,sz002717,35.39,32.25,32.25,35.39,32.17,35.39,106449,0.0,0.0,0.0,0.0976,0.0973
2015-12-11,岭南园林,sz002717,37.5,33.68,36.0,34.45,35.39,34.45,159856,0.0,0.0,0.0,0.1079,-0.043
2015-12-14,岭南园林,sz002717,34.77,31.73,32.98,33.8,34.45,33.8,98661,0.0,0.0,0.0,0.0882,0.0248
2015-12-15,岭南园林,sz002717,37.18,32.8,33.35,37.18,33.8,37.18,108855,0.0,0.0,0.0,0.1295,0.1148
2015-12-16,岭南园林,sz002717,40.5,36.51,37.19,38.73,37.18,38.73,137881,0.0,0.0,0.0,0.1073,0.0414
2015-12-17,岭南园林,sz002717,41.97,38.06,38.81,39.53,38.73,39.53,107977,0.0,0.0,0.0,0.1009,0.0185
2015-12-18,岭南园林,sz002717,40.46,38.02,38.98,38.61,39.53,38.61,68240,0.0,0.0,0.0,0.0617,-0.0094
2015-12-21,岭南园林,sz002717,40.36,38.0,38.01,38.8,38.61,38.8,60232,0.0,0.0,0.0,0.0611,0.0207
2015-12-22,岭南园林,sz002717,40.5,38.6,38.6,39.6,38.8,39.6,59175,0.0,0.0,0.0,0.0489,0.0259
2015-12-23,岭南园林,sz002717,40.1,37.8,40.1,37.97,39.6,37.97,63647,0.0,0.0,0.0,0.058,-0.0531
2015-12-24,岭南园林,sz002717,37.95,35.92,37.2,36.78,37.97,36.78,69407,0.0,0.0,0.0,0.0534,-0.0112
2015-12-25,岭南园林,sz002717,40.46,36.9,37.1,40.46,36.78,40.46,104351,0.0,0.0,0.0,0.0967,0.0905
2015-12-28,岭南园林,sz002717,44.51,40.46,40.54,43.49,40.46,43.49,177004,0.0,0.0,0.0,0.1,0.0727
2015-12-29,岭南园林,sz002717,47.48,42.18,42.98,44.43,43.49,44.43,150640,0.0,0.0,0.0,0.1218,0.0337
2015-12-30,岭南园林,sz002717,46.5,42.89,45.0,44.9,44.43,44.9,110524,0.0,0.0,0.0,0.0812,-0.0022
2015-12-31,岭南园林,sz002717,46.5,43.0,44.33,43.9,44.9,43.9,86213,0.0,0.0,0.0,0.0779,-0.0096
2016-01-01,岭南园林,sz002717,46.5,43.0,44.33,43.9,43.9,43.9,86213,0.0,0.0,0.0,0.0797,-0.0096
2016-01-04,岭南园林,sz002717,45.7,39.51,44.0,39.6,43.9,39.6,106728,0.0,0.0,0.0,0.141,-0.0999
2016-01-05,岭南园林,sz002717,41.8,36.51,36.51,40.19,39.6,40.19,127999,0.0,0.0,0.0,0.1335,0.1007
2016-01-06,岭南园林,sz002717,41.3,38.78,39.95,39.9,40.19,39.9,93002,0.0,0.0,0.0,0.0627,-0.0012
2016-01-07,岭南园林,sz002717,39.0,35.91,39.0,35.91,39.9,35.91,23296,0.0,0.0,0.0,0.0774,-0.0792
2016-01-08,岭南园林,sz002717,37.0,32.32,36.28,33.79,35.91,33.79,133038,0.0,0.0,0.0,0.1303,-0.0686
2016-01-11,岭南园林,sz002717,33.88,30.41,32.93,30.41,33.79,30.41,93953,0.0,0.0,0.0,0.1026,-0.0765
2016-01-12,岭南园林,sz002717,33.45,28.0,30.03,33.45,30.41,33.45,177964,0.0,0.0,0.0,0.1792,0.1138
2016-01-13,岭南园林,sz002717,33.76,31.49,32.89,31.49,33.45,31.49,128534,0.0,0.0,0.0,0.0678,-0.0425
2016-01-14,岭南园林,sz002717,34.64,29.6,30.78,34.64,31.49,34.64,149810,0.0,0.0,0.0,0.16,0.1254
2016-01-15,岭南园林,sz002717,38.1,34.71,35.0,36.66,34.64,36.66,226548,0.0,0.0,0.0,0.0978,0.0474
2016-01-18,岭南园林,sz002717,40.33,36.0,36.57,40.33,36.66,40.33,191073,0.0,0.0,0.0,0.1181,0.1028
2016-01-19,岭南园林,sz002717,41.45,38.41,41.0,40.75,40.33,40.75,265125,0.0,0.0,0.0,0.0753,-0.006
2016-01-20,岭南园林,sz002717,43.8,39.5,39.5,43.2,40.75,43.2,210376,0.0,0.0,0.0,0.1055,0.0936
2016-01-21,岭南园林,sz002717,44.6,40.5,42.98,40.85,43.2,40.85,175484,0.0,0.0,0.0,0.0949,-0.0495
2016-01-22,岭南园林,sz002717,43.44,40.3,41.8,42.3,40.85,42.3,178544,0.0,0.0,0.0,0.0768,0.0119
2016-01-25,岭南园林,sz002717,43.4,40.57,41.66,41.76,42.3,41.76,174485,0.0,0.0,0.0,0.0669,0.0024
2016-01-26,岭南园林,sz002717,43.1,37.58,40.8,38.3,41.76,38.3,209392,0.0,0.0,0.0,0.1321,-0.0612
2016-01-27,岭南园林,sz002717,39.27,34.47,39.0,36.25,38.3,36.25,191726,0.0,0.0,0.0,0.1253,-0.0705
2016-01-28,岭南园林,sz002717,35.5,32.63,34.86,32.63,36.25,32.63,108824,0.0,0.0,0.0,0.0791,-0.0639
2016-01-29,岭南园林,sz002717,34.19,30.67,31.51,33.0,32.63,33.0,147058,0.0,0.0,0.0,0.1078,0.0472
2016-02-01,岭南园林,sz002717,35.8,32.9,33.42,34.05,33.0,34.05,160640,0.0,0.0,0.0,0.0878,0.0188
2016-02-02,岭南园林,sz002717,36.95,33.33,34.0,36.38,34.05,36.38,157718,0.0,0.0,0.0,0.1063,0.07
2016-02-03,岭南园林,sz002717,36.5,34.4,35.1,35.69,36.38,35.69,111513,0.0,0.0,0.0,0.0577,0.0168
2016-02-04,岭南园林,sz002717,37.01,35.45,36.47,35.99,35.69,35.99,117008,0.0,0.0,0.0,0.0437,-0.0131
2016-02-05,岭南园林,sz002717,36.0,32.8,36.0,33.2,35.99,33.2,121848,0.0,0.0,0.0,0.0889,-0.0777
2016-02-08,岭南园林,sz002717,36.0,32.8,36.0,33.2,33.2,33.2,121848,0.0,0.0,0.0,0.0963,-0.0777
2016-02-09,岭南园林,sz002717,36.0,32.8,36.0,33.2,33.2,33.2,121848,0.0,0.0,0.0,0.0963,-0.0777
2016-02-10,岭南园林,sz002717,36.0,32.8,36.0,33.2,33.2,33.2,121848,0.0,0.0,0.0,0.0963,-0.0777
2016-02-11,岭南园林,sz002717,36.0,32.8,36.0,33.2,33.2,33.2,121848,0.0,0.0,0.0,0.0963,-0.0777
2016-02-12,岭南园林,sz002717,36.0,32.8,36.0,33.2,33.2,33.2,121848,0.0,0.0,0.0,0.0963,-0.0777
2016-02-15,岭南园林,sz002717,35.47,31.08,31.4,34.33,33.2,34.33,109342,0.0,0.0,0.0,0.1322,0.0933
2016-02-16,岭南园林,sz002717,36.74,34.21,34.33,35.76,34.33,35.76,106984,0.0,0.0,0.0,0.0736,0.0416
2016-02-17,岭南园林,sz002717,39.34,35.02,35.13,39.34,35.76,39.34,158796,0.0,0.0,0.0,0.1208,0.1198
2016-02-18,岭南园林,sz002717,42.68,38.9,40.1,40.7,39.34,40.7,218428,0.0,0.0,0.0,0.096,0.0149
2016-02-19,岭南园林,sz002717,43.16,39.74,40.01,41.05,40.7,41.05,170383,0.0,0.0,0.0,0.084,0.0259
2016-02-22,岭南园林,sz002717,41.3,39.7,40.59,40.73,41.05,40.73,195581,0.0,0.0,0.0,0.0389,0.0034
2016-02-23,岭南园林,sz002717,42.0,39.85,40.1,41.6,40.73,41.6,183655,0.0,0.0,0.0,0.0527,0.0374
2016-02-24,岭南园林,sz002717,41.3,37.44,41.25,38.35,41.6,38.35,179853,0.0,0.0,0.0,0.0927,-0.0703
2016-02-25,岭南园林,sz002717,0.0,0.0,0.0,0.0,38.35,0.0,0,0.0,0.0,0.0,0.0,0.0
2016-02-26,岭南园林,sz002717,0.0,0.0,0.0,0.0,0.0,0.0,0,0.0,0.0,0.0,0.0,0.0
2016-02-29,岭南园林,sz002717,0.0,0.0,0.0,0.0,0.0,0.0,0,0.0,0.0,0.0,0.0,0.0
2016-03-01,岭南园林,sz002717,0.0,0.0,0.0,0.0,0.0,0.0,0,0.0,0.0,0.0,0.0,0.0
2016-03-02,岭南园林,sz002717,0.0,0.0,0.0,0.0,0.0,0.0,0,0.0,0.0,0.0,0.0,0.0
2016-03-03,岭南园林,sz002717,0.0,0.0,0.0,0.0,0.0,0.0,0,0.0,0.0,0.0,0.0,0.0
2016-03-04,岭南园林,sz002717,0.0,0.0,0.0,0.0,0.0,0.0,0,0.0,0.0,0.0,0.0,0.0
2016-03-07,岭南园林,sz002717,0.0,0.0,0.0,0.0,0.0,0.0,0,0.0,0.0,0.0,0.0,0.0
2016-03-08,岭南园林,sz002717,0.0,0.0,0.0,0.0,0.0,0.0,0,0.0,0.0,0.0,0.0,0.0
2016-03-09,岭南园林,sz002717,0.0,0.0,0.0,0.0,0.0,0.0,0,0.0,0.0,0.0,0.0,0.0
2016-03-10,岭南园林,sz002717,0.0,0.0,0.0,0.0,0.0,0.0,0,0.0,0.0,0.0,0.0,0.0
2016-03-11,岭南园林,sz002717,0.0,0.0,0.0,0.0,0.0,0.0,0,0.0,0.0,0.0,0.0,0.0
2016-03-14,岭南园林,sz002717,0.0,0.0,0.0,0.0,0.0,0.0,0,0.0,0.0,0.0,0.0,0.0
2016-03-15,岭南园林,sz002717,0.0,0.0,0.0,0.0,0.0,0.0,0,0.0,0.0,0.0,0.0,0.0
2016-03-16,岭南园林,sz002717,0.0,0.0,0.0,0.0,0.0,0.0,0,0.0,0.0,0.0,0.0,0.0
2016-03-17,岭南园林,sz002717,0.0,0.0,0.0,0.0,0.0,0.0,0,0.0,0.0,0.0,0.0,0.0
2016-03-18,岭南园林,sz002717,0.0,0.0,0.0,0.0,0.0,0.0,0,0.0,0.0,0.0,0.0,0.0
2016-03-21,岭南园林,sz002717,0.0,0.0,0.0,0.0,0.0,0.0,0,0.0,0.0,0.0,0.0,0.0
2016-03-22,岭南园林,sz002717,0.0,0.0,0.0,0.0,0.0,0.0,0,0.0,0.0,0.0,0.0,0.0
2016-03-23,岭南园林,sz002717,0.0,0.0,0.0,0.0,0.0,0.0,0,0.0,0.0,0.0,0.0,0.0
2016-03-24,岭南园林,sz002717,0.0,0.0,0.0,0.0,0.0,0.0,0,0.0,0.0,0.0,0.0,0.0
2016-03-25,岭南园林,sz002717,0.0,0.0,0.0,0.0,0.0,0.0,0,0.0,0.0,0.0,0.0,0.0
