2016-03-25
2012-05-28,浙江美大,sz002677,10.85,10.1,10.8,10.42,11.22,4.558,41808300,0.418083,0.0,0.0,0.0668,-0.0351
2012-05-29,浙江美大,sz002677,11.19,10.13,10.15,11.05,10.42,4.834,45910700,0.459108,0.0,0.0,0.1017,0.0886
2012-05-30,浙江美大,sz002677,10.99,10.58,10.91,10.75,11.05,4.702,23293600,0.232936,0.0,0.0,0.0371,-0.0146
2012-05-31,浙江美大,sz002677,10.89,10.52,10.55,10.61,10.75,4.641,19511600,0.195117,0.0,0.0,0.0344,0.0056
2012-06-01,浙江美大,sz002677,11.14,10.42,10.55,10.85,10.61,4.746,28336300,0.283364,0.0,0.0,0.0678,0.0284
2012-06-04,浙江美大,sz002677,10.71,10.3,10.51,10.37,10.85,4.536,16240500,0.162405,0.0,0.0,0.0377,-0.0133
2012-06-05,浙江美大,sz002677,10.51,9.9,10.46,10.07,10.37,4.405,15797400,0.157974,0.0,0.0,0.0588,-0.0372
2012-06-06,浙江美大,sz002677,10.16,9.9,10.06,9.98,10.07,4.366,10012900,0.100129,0.0,0.0,0.0258,-0.0079
2012-06-07,浙江美大,sz002677,10.14,9.81,10.08,9.82,9.98,4.296,8923800,0.089239,0.0,0.0,0.033,-0.0257
2012-06-08,浙江美大,sz002677,9.95,9.69,9.94,9.75,9.82,4.265,8590600,0.085907,0.0,0.0,0.0264,-0.0191
2012-06-11,浙江美大,sz002677,10.05,9.72,9.8,9.96,9.75,4.357,7959200,0.079593,0.0,0.0,0.0338,0.0163
2012-06-12,浙江美大,sz002677,9.96,9.7,9.86,9.87,9.96,4.317,7169900,0.071699,0.0,0.0,0.0261,0.001
2012-06-13,浙江美大,sz002677,10.03,9.7,9.84,10.01,9.87,4.379,10713900,0.10714,0.0,0.0,0.0334,0.0172
2012-06-14,浙江美大,sz002677,10.25,9.87,9.93,9.96,10.01,4.357,12300400,0.123004,0.0,0.0,0.0379,0.003
2012-06-15,浙江美大,sz002677,10.06,9.85,10.05,9.92,9.96,4.339,8059400,0.080595,0.0,0.0,0.021,-0.0129
2012-06-18,浙江美大,sz002677,10.23,9.92,10.0,10.1,9.92,4.418,9510500,0.095105,0.0,0.0,0.0312,0.0099
2012-06-19,浙江美大,sz002677,10.12,9.88,10.03,9.91,10.1,4.335,7385800,0.073859,0.0,0.0,0.0237,-0.0119
2012-06-20,浙江美大,sz002677,10.08,9.83,9.96,10.01,9.91,4.379,7341600,0.073416,0.0,0.0,0.0252,0.005
2012-06-21,浙江美大,sz002677,9.98,9.74,9.97,9.8,10.01,4.287,6507700,0.065078,0.0,0.0,0.0239,-0.017
2012-06-22,浙江美大,sz002677,9.8,9.8,9.8,9.8,9.8,4.287,0,0.0,0.0,0.0,0.0,0.0
2012-06-25,浙江美大,sz002677,9.79,9.4,9.72,9.45,9.8,4.134,5769300,0.057693,0.0,0.0,0.0397,-0.0277
2012-06-26,浙江美大,sz002677,9.48,9.24,9.31,9.37,9.45,4.099,5237000,0.05237,0.0,0.0,0.0253,0.0064
2012-06-27,浙江美大,sz002677,9.79,9.35,9.38,9.49,9.37,4.151,7681300,0.076814,0.0,0.0,0.0469,0.0117
2012-06-28,浙江美大,sz002677,9.56,9.3,9.46,9.3,9.49,4.068,5734400,0.057344,0.0,0.0,0.0273,-0.0169
2012-06-29,浙江美大,sz002677,9.43,9.15,9.25,9.41,9.3,4.116,4354800,0.043549,0.0,0.0,0.0301,0.0172
2012-07-02,浙江美大,sz002677,9.6,9.4,9.43,9.55,9.41,4.177,5355200,0.053552,0.0,0.0,0.0212,0.0127
2012-07-03,浙江美大,sz002677,9.92,9.48,9.49,9.79,9.55,4.282,12972100,0.129721,0.0,0.0,0.046,0.0316
2012-07-04,浙江美大,sz002677,9.79,9.79,9.79,9.79,9.79,4.282,0,0.0,0.0,0.0,0.0,0.0
2012-07-05,浙江美大,sz002677,9.62,9.32,9.6,9.35,9.79,4.09,6883800,0.068838,0.0,0.0,0.0306,-0.026
2012-07-06,浙江美大,sz002677,9.5,9.14,9.4,9.46,9.35,4.138,6320900,0.06321,0.0,0.0,0.0385,0.0063
2012-07-09,浙江美大,sz002677,9.37,9.04,9.36,9.04,9.46,3.954,5366200,0.053663,0.0,0.0,0.0348,-0.0341
2012-07-10,浙江美大,sz002677,9.0,8.8,9.0,8.84,9.04,3.867,5370200,0.053703,0.0,0.0,0.0221,-0.0177
2012-07-11,浙江美大,sz002677,8.91,8.78,8.85,8.86,8.84,3.876,3123000,0.03123,0.0,0.0,0.0147,0.0011
2012-07-12,浙江美大,sz002677,9.03,8.68,8.88,8.96,8.86,3.919,5320700,0.053207,0.0,0.0,0.0395,0.009
2012-07-13,浙江美大,sz002677,8.95,8.66,8.88,8.68,8.96,3.797,4531900,0.04532,0.0,0.0,0.0323,-0.0225
2012-07-16,浙江美大,sz002677,8.69,8.02,8.67,8.08,8.68,3.534,7016800,0.070169,0.0,0.0,0.0771,-0.068
2012-07-17,浙江美大,sz002677,8.23,8.02,8.08,8.17,8.08,3.574,2570700,0.025708,0.0,0.0,0.0259,0.0111
2012-07-18,浙江美大,sz002677,8.2,8.02,8.17,8.19,8.17,3.583,3015300,0.030154,0.0,0.0,0.022,0.0024
2012-07-19,浙江美大,sz002677,8.46,8.11,8.14,8.32,8.19,3.639,5270200,0.052703,0.0,0.0,0.0427,0.0221
2012-07-20,浙江美大,sz002677,8.42,8.18,8.32,8.3,8.32,3.631,3983500,0.039836,0.0,0.0,0.0288,-0.0024
2012-07-23,浙江美大,sz002677,8.27,8.1,8.16,8.16,8.3,3.569,2436300,0.024363,0.0,0.0,0.0204,0.0
2012-07-24,浙江美大,sz002677,8.98,8.08,8.16,8.98,8.16,3.928,14362300,0.143624,0.0,0.0,0.1102,0.1004
2012-07-25,浙江美大,sz002677,9.66,8.85,8.9,9.18,8.98,4.016,27021200,0.270213,0.0,0.0,0.0902,0.0314
2012-07-26,浙江美大,sz002677,9.17,8.8,9.0,8.84,9.18,3.867,11547200,0.115472,0.0,0.0,0.0403,-0.0177
2012-07-27,浙江美大,sz002677,9.03,8.75,8.83,8.84,8.84,3.867,7114700,0.071147,0.0,0.0,0.0316,0.0011
2012-07-30,浙江美大,sz002677,8.84,8.3,8.83,8.39,8.84,3.67,6972100,0.069722,0.0,0.0,0.061,-0.0498
2012-07-31,浙江美大,sz002677,8.75,8.3,8.39,8.6,8.39,3.762,7691900,0.07692,0.0,0.0,0.0536,0.025
2012-08-01,浙江美大,sz002677,8.8,8.43,8.43,8.68,8.6,3.797,6361400,0.063615,0.0,0.0,0.043,0.0296
2012-08-02,浙江美大,sz002677,8.85,8.59,8.68,8.73,8.68,3.819,5360700,0.053608,0.0,0.0,0.0299,0.0057
2012-08-03,浙江美大,sz002677,9.1,8.75,8.75,9.02,8.73,3.946,8178600,0.081786,0.0,0.0,0.04,0.0308
2012-08-06,浙江美大,sz002677,9.18,8.81,8.92,9.13,9.02,3.994,8428700,0.084288,0.0,0.0,0.041,0.0235
2012-08-07,浙江美大,sz002677,9.17,8.93,9.03,9.13,9.13,3.994,7200800,0.072008,0.0,0.0,0.0262,0.011
2012-08-08,浙江美大,sz002677,9.17,8.85,9.15,8.87,9.13,3.88,5284900,0.052849,0.0,0.0,0.035,-0.0306
2012-08-09,浙江美大,sz002677,9.15,8.82,8.87,9.08,8.87,3.972,5975100,0.059752,0.0,0.0,0.0372,0.0236
2012-08-10,浙江美大,sz002677,9.11,8.91,9.09,9.0,9.08,3.937,4784200,0.047843,0.0,0.0,0.022,-0.0099
2012-08-13,浙江美大,sz002677,9.05,8.81,9.0,8.82,9.0,3.858,3686300,0.036863,0.0,0.0,0.0266,-0.0199
2012-08-14,浙江美大,sz002677,9.05,8.55,8.75,9.0,8.82,3.937,5245100,0.052451,0.0,0.0,0.0566,0.0285
2012-08-15,浙江美大,sz002677,9.18,8.82,8.9,9.04,9.0,3.954,5200200,0.052002,0.0,0.0,0.0399,0.0157
2012-08-16,浙江美大,sz002677,9.13,8.79,9.0,8.82,9.04,3.858,2853100,0.028532,0.0,0.0,0.0376,-0.0199
2012-08-17,浙江美大,sz002677,8.85,8.67,8.8,8.8,8.82,3.849,2104300,0.021044,0.0,0.0,0.0204,0.0
2012-08-20,浙江美大,sz002677,8.77,8.59,8.71,8.72,8.8,3.814,2462200,0.024623,0.0,0.0,0.0204,0.0011
2012-08-21,浙江美大,sz002677,8.94,8.72,8.73,8.85,8.72,3.871,2452900,0.024529,0.0,0.0,0.0252,0.0137
2012-08-22,浙江美大,sz002677,9.05,8.75,8.86,9.01,8.85,3.941,3733800,0.037338,0.0,0.0,0.0338,0.0169
2012-08-23,浙江美大,sz002677,9.16,8.92,8.98,9.13,9.01,3.994,5040800,0.050408,0.0,0.0,0.0266,0.0167
2012-08-24,浙江美大,sz002677,9.11,8.69,9.11,8.72,9.13,3.814,3689000,0.036891,0.0,0.0,0.046,-0.0428
2012-08-27,浙江美大,sz002677,8.87,8.63,8.66,8.67,8.72,3.792,2724500,0.027245,0.0,0.0,0.0275,0.0011
2012-08-28,浙江美大,sz002677,8.86,8.62,8.65,8.72,8.67,3.814,1686600,0.016866,0.0,0.0,0.0276,0.008
2012-08-29,浙江美大,sz002677,8.82,8.63,8.65,8.67,8.72,3.792,1316700,0.013168,0.0,0.0,0.0217,0.0023
2012-08-30,浙江美大,sz002677,8.73,8.2,8.54,8.56,8.67,3.744,2860100,0.028601,0.0,0.0,0.0611,0.0023
2012-08-31,浙江美大,sz002677,8.65,8.37,8.46,8.56,8.56,3.744,1120400,0.011205,0.0,0.0,0.0327,0.0118
2012-09-03,浙江美大,sz002677,8.72,8.47,8.56,8.68,8.56,3.797,1664700,0.016648,0.0,0.0,0.0292,0.014
2012-09-04,浙江美大,sz002677,8.74,8.52,8.63,8.55,8.68,3.74,1747800,0.017479,0.0,0.0,0.0253,-0.0092
2012-09-05,浙江美大,sz002677,8.86,8.51,8.55,8.72,8.55,3.814,2271100,0.022711,0.0,0.0,0.0409,0.0198
2012-09-06,浙江美大,sz002677,8.99,8.7,8.7,8.92,8.72,3.902,2938300,0.029384,0.0,0.0,0.0332,0.0252
2012-09-07,浙江美大,sz002677,9.3,8.88,8.98,9.1,8.92,3.981,6187200,0.061873,0.0,0.0,0.047,0.0133
2012-09-10,浙江美大,sz002677,9.34,9.05,9.1,9.18,9.1,4.016,4656600,0.046567,0.0,0.0,0.0318,0.0087
2012-09-11,浙江美大,sz002677,9.24,9.03,9.11,9.18,9.18,4.016,3083900,0.03084,0.0,0.0,0.0228,0.0076
2012-09-12,浙江美大,sz002677,9.34,9.07,9.19,9.16,9.18,4.007,3331400,0.033314,0.0,0.0,0.0294,-0.0032
2012-09-13,浙江美大,sz002677,9.19,8.97,9.18,8.97,9.16,3.924,2439300,0.024394,0.0,0.0,0.024,-0.0228
2012-09-14,浙江美大,sz002677,9.08,8.81,9.03,8.96,8.97,3.919,2574000,0.025741,0.0,0.0,0.0301,-0.0077
2012-09-17,浙江美大,sz002677,9.33,8.9,8.93,9.2,8.96,4.024,11290400,0.112904,0.0,0.0,0.0479,0.0302
2012-09-18,浙江美大,sz002677,9.58,9.08,9.15,9.13,9.2,3.994,10197600,0.101977,0.0,0.0,0.0543,-0.0021
2012-09-19,浙江美大,sz002677,9.05,8.66,9.05,8.92,9.13,3.902,6786700,0.067867,0.0,0.0,0.0427,-0.0143
2012-09-20,浙江美大,sz002677,8.88,8.45,8.86,8.47,8.92,3.705,4395700,0.043957,0.0,0.0,0.0482,-0.044
2012-09-21,浙江美大,sz002677,8.68,8.39,8.39,8.51,8.47,3.722,2647700,0.026477,0.0,0.0,0.0342,0.0143
2012-09-24,浙江美大,sz002677,8.56,8.31,8.45,8.47,8.51,3.705,2078600,0.020786,0.0,0.0,0.0293,0.0023
2012-09-25,浙江美大,sz002677,8.51,8.31,8.45,8.35,8.47,3.653,1592300,0.015923,0.0,0.0,0.0236,-0.0118
2012-09-26,浙江美大,sz002677,8.37,7.99,8.37,8.04,8.35,3.517,2281400,0.022814,0.0,0.0,0.0455,-0.0394
2012-09-27,浙江美大,sz002677,8.31,8.0,8.01,8.2,8.04,3.587,2296800,0.022969,0.0,0.0,0.0385,0.0237
2012-09-28,浙江美大,sz002677,8.35,8.11,8.13,8.3,8.2,3.631,1369400,0.013695,0.0,0.0,0.0292,0.0209
2012-10-01,浙江美大,sz002677,8.3,8.3,8.3,8.3,8.3,3.631,0,0.0,0.0,0.0,0.0,0.0
2012-10-02,浙江美大,sz002677,8.3,8.3,8.3,8.3,8.3,3.631,0,0.0,0.0,0.0,0.0,0.0
2012-10-03,浙江美大,sz002677,8.3,8.3,8.3,8.3,8.3,3.631,0,0.0,0.0,0.0,0.0,0.0
2012-10-04,浙江美大,sz002677,8.3,8.3,8.3,8.3,8.3,3.631,0,0.0,0.0,0.0,0.0,0.0
2012-10-05,浙江美大,sz002677,8.3,8.3,8.3,8.3,8.3,3.631,0,0.0,0.0,0.0,0.0,0.0
2012-10-08,浙江美大,sz002677,8.37,8.24,8.3,8.29,8.3,3.626,1097300,0.010973,0.0,0.0,0.0156,-0.0012
2012-10-09,浙江美大,sz002677,8.53,8.3,8.33,8.52,8.29,3.727,2939700,0.029398,0.0,0.0,0.0277,0.0228
2012-10-10,浙江美大,sz002677,8.85,8.42,8.49,8.63,8.52,3.775,3094100,0.030942,0.0,0.0,0.0504,0.0164
2012-10-11,浙江美大,sz002677,8.7,8.42,8.57,8.43,8.63,3.688,1880000,0.0188,0.0,0.0,0.0324,-0.0163
2012-10-12,浙江美大,sz002677,8.54,8.31,8.45,8.4,8.43,3.674,1623000,0.01623,0.0,0.0,0.0272,-0.0059
2012-10-15,浙江美大,sz002677,8.45,8.25,8.42,8.33,8.4,3.644,1059700,0.010597,0.0,0.0,0.0238,-0.0106
2012-10-16,浙江美大,sz002677,8.4,8.23,8.33,8.34,8.33,3.648,1214700,0.012148,0.0,0.0,0.0204,0.0012
2012-10-17,浙江美大,sz002677,8.39,8.27,8.37,8.36,8.34,3.657,956600,0.009567,0.0,0.0,0.0143,-0.0011
2012-10-18,浙江美大,sz002677,8.52,8.36,8.39,8.5,8.36,3.718,1754400,0.017545,0.0,0.0,0.0191,0.0131
2012-10-19,浙江美大,sz002677,8.54,8.44,8.5,8.47,8.5,3.705,1238700,0.012387,0.0,0.0,0.0117,-0.0035
2012-10-22,浙江美大,sz002677,8.59,8.43,8.47,8.56,8.47,3.744,1734400,0.017345,0.0,0.0,0.0188,0.0106
2012-10-23,浙江美大,sz002677,8.6,8.42,8.56,8.43,8.56,3.688,1747700,0.017478,0.0,0.0,0.021,-0.0151
2012-10-24,浙江美大,sz002677,8.51,8.35,8.36,8.4,8.43,3.674,1255500,0.012556,0.0,0.0,0.0189,0.0047
2012-10-25,浙江美大,sz002677,8.51,8.36,8.37,8.42,8.4,3.683,1348700,0.013488,0.0,0.0,0.0178,0.0059
2012-10-26,浙江美大,sz002677,8.44,8.18,8.38,8.28,8.42,3.622,1429500,0.014296,0.0,0.0,0.0308,-0.0119
2012-10-29,浙江美大,sz002677,8.39,8.2,8.39,8.26,8.28,3.613,840300,0.008403,0.0,0.0,0.0229,-0.0154
2012-10-30,浙江美大,sz002677,8.3,8.15,8.26,8.28,8.26,3.622,1311300,0.013114,0.0,0.0,0.0181,0.0024
2012-10-31,浙江美大,sz002677,8.42,8.21,8.26,8.42,8.28,3.683,1117200,0.011173,0.0,0.0,0.0253,0.0193
2012-11-01,浙江美大,sz002677,8.52,8.4,8.44,8.5,8.42,3.718,1838500,0.018386,0.0,0.0,0.0142,0.0071
2012-11-02,浙江美大,sz002677,8.54,8.43,8.46,8.51,8.5,3.722,1710700,0.017107,0.0,0.0,0.0129,0.0059
2012-11-05,浙江美大,sz002677,8.55,8.41,8.5,8.47,8.51,3.705,992600,0.009926,0.0,0.0,0.0164,-0.0035
2012-11-06,浙江美大,sz002677,8.48,8.3,8.41,8.39,8.47,3.67,1263200,0.012633,0.0,0.0,0.0212,-0.0023
2012-11-07,浙江美大,sz002677,8.45,8.36,8.4,8.41,8.39,3.679,659700,0.006598,0.0,0.0,0.0107,0.0011
2012-11-08,浙江美大,sz002677,8.41,8.08,8.38,8.08,8.41,3.534,1678400,0.016784,0.0,0.0,0.0392,-0.0357
2012-11-09,浙江美大,sz002677,8.27,8.07,8.08,8.14,8.08,3.561,1094900,0.010949,0.0,0.0,0.0247,0.0074
2012-11-12,浙江美大,sz002677,8.24,8.12,8.24,8.16,8.14,3.569,614000,0.00614,0.0,0.0,0.0147,-0.0097
2012-11-13,浙江美大,sz002677,8.2,8.03,8.17,8.05,8.16,3.521,1076100,0.010761,0.0,0.0,0.0208,-0.0146
2012-11-14,浙江美大,sz002677,8.15,8.04,8.09,8.15,8.05,3.565,648300,0.006484,0.0,0.0,0.0136,0.0074
2012-11-15,浙江美大,sz002677,8.17,8.03,8.13,8.03,8.15,3.513,655100,0.006552,0.0,0.0,0.0171,-0.0123
2012-11-16,浙江美大,sz002677,8.03,7.8,8.03,7.81,8.03,3.416,1221400,0.012214,0.0,0.0,0.0286,-0.0273
2012-11-19,浙江美大,sz002677,7.94,7.74,7.82,7.91,7.81,3.46,697000,0.006971,0.0,0.0,0.0256,0.0115
2012-11-20,浙江美大,sz002677,7.98,7.85,7.93,7.88,7.91,3.447,405700,0.004057,0.0,0.0,0.0164,-0.0063
2012-11-21,浙江美大,sz002677,8.02,7.83,7.92,8.02,7.88,3.508,661100,0.006611,0.0,0.0,0.0241,0.0126
2012-11-22,浙江美大,sz002677,8.8,7.85,7.96,8.22,8.02,3.596,4995900,0.049959,0.0,0.0,0.1184,0.0326
2012-11-23,浙江美大,sz002677,8.25,8.07,8.16,8.16,8.22,3.569,1901000,0.01901,0.0,0.0,0.0218,0.0
2012-11-26,浙江美大,sz002677,8.23,8.1,8.15,8.17,8.16,3.574,998100,0.009982,0.0,0.0,0.0159,0.0024
2012-11-27,浙江美大,sz002677,8.13,7.52,8.13,7.6,8.17,3.324,3110000,0.0311,0.0,0.0,0.0746,-0.0651
2012-11-28,浙江美大,sz002677,7.58,7.33,7.58,7.36,7.6,3.219,1409400,0.014095,0.0,0.0,0.0328,-0.029
2012-11-29,浙江美大,sz002677,7.46,7.31,7.36,7.33,7.36,3.206,773600,0.007737,0.0,0.0,0.0203,-0.004
2012-11-30,浙江美大,sz002677,7.45,7.33,7.33,7.42,7.33,3.246,586800,0.005868,0.0,0.0,0.0163,0.0122
2012-12-03,浙江美大,sz002677,7.42,7.02,7.4,7.12,7.42,3.114,941200,0.009412,0.0,0.0,0.0539,-0.0378
2012-12-04,浙江美大,sz002677,7.25,7.01,7.05,7.23,7.12,3.163,793200,0.007932,0.0,0.0,0.0337,0.0255
2012-12-05,浙江美大,sz002677,7.61,7.15,7.2,7.48,7.23,3.272,2600300,0.026003,0.0,0.0,0.0636,0.0388
2012-12-06,浙江美大,sz002677,7.55,7.38,7.51,7.43,7.48,3.25,1095800,0.010958,0.0,0.0,0.0227,-0.0106
2012-12-07,浙江美大,sz002677,7.63,7.35,7.51,7.59,7.43,3.32,2314200,0.023142,0.0,0.0,0.0376,0.0106
2012-12-10,浙江美大,sz002677,7.76,7.54,7.61,7.7,7.59,3.368,2086400,0.020865,0.0,0.0,0.0289,0.0118
2012-12-11,浙江美大,sz002677,7.7,7.57,7.58,7.6,7.7,3.324,1447700,0.014478,0.0,0.0,0.0168,0.0026
2012-12-12,浙江美大,sz002677,7.66,7.49,7.66,7.6,7.6,3.324,1152500,0.011525,0.0,0.0,0.0223,-0.0078
2012-12-13,浙江美大,sz002677,7.6,7.48,7.6,7.49,7.6,3.276,730700,0.007307,0.0,0.0,0.0157,-0.0144
2012-12-14,浙江美大,sz002677,7.86,7.49,7.5,7.82,7.49,3.421,2593100,0.025931,0.0,0.0,0.0493,0.0426
2012-12-17,浙江美大,sz002677,8.1,7.83,7.87,7.92,7.82,3.464,2955400,0.029554,0.0,0.0,0.0345,0.0063
2012-12-18,浙江美大,sz002677,7.98,7.79,7.87,7.82,7.92,3.421,1898400,0.018985,0.0,0.0,0.0239,-0.0063
2012-12-19,浙江美大,sz002677,7.89,7.78,7.79,7.84,7.82,3.429,1477900,0.014779,0.0,0.0,0.014,0.0064
2012-12-20,浙江美大,sz002677,7.98,7.78,7.83,7.92,7.84,3.464,1944200,0.019443,0.0,0.0,0.0255,0.0114
2012-12-21,浙江美大,sz002677,8.2,7.91,7.94,8.11,7.92,3.548,4696100,0.046961,0.0,0.0,0.0366,0.0214
2012-12-24,浙江美大,sz002677,8.17,8.05,8.1,8.15,8.11,3.565,3098400,0.030985,0.0,0.0,0.0147,0.0061
2012-12-25,浙江美大,sz002677,8.51,8.11,8.11,8.39,8.15,3.67,5522200,0.055223,0.0,0.0,0.049,0.0345
2012-12-26,浙江美大,sz002677,9.02,8.33,8.37,8.98,8.39,3.928,9905700,0.099058,0.0,0.0,0.0822,0.0728
2012-12-27,浙江美大,sz002677,9.08,8.58,8.93,8.58,8.98,3.753,7545900,0.075459,0.0,0.0,0.0556,-0.0391
2012-12-28,浙江美大,sz002677,8.79,8.42,8.57,8.65,8.58,3.784,5259200,0.052593,0.0,0.0,0.0431,0.0093
2012-12-31,浙江美大,sz002677,8.8,8.62,8.65,8.65,8.65,3.784,3817100,0.038171,0.0,0.0,0.0208,0.0
2013-01-04,浙江美大,sz002677,8.77,8.41,8.7,8.57,8.65,8.570008,2051739,0.041035,0.0,0.0,0.0416,-0.0149
2013-01-07,浙江美大,sz002677,8.63,8.45,8.56,8.61,8.57,8.610004,1962180,0.039244,0.0,0.0,0.021,0.0058
2013-01-08,浙江美大,sz002677,8.86,8.57,8.58,8.76,8.61,8.760008,2831432,0.056629,0.0,0.0,0.0336,0.0209
2013-01-09,浙江美大,sz002677,8.8,8.57,8.73,8.68,8.76,8.680012,1726073,0.034521,0.0,0.0,0.0262,-0.0057
2013-01-10,浙江美大,sz002677,8.98,8.62,8.65,8.8,8.68,8.800013,2573828,0.051477,0.0,0.0,0.0414,0.0173
2013-01-11,浙江美大,sz002677,8.89,8.5,8.79,8.52,8.8,8.520014,1920069,0.038401,0.0,0.0,0.0443,-0.0307
2013-01-14,浙江美大,sz002677,8.82,8.45,8.52,8.79,8.52,8.790013,2174649,0.043493,0.0,0.0,0.0434,0.0316
2013-01-15,浙江美大,sz002677,9.14,8.75,8.79,8.99,8.79,8.990012,3650222,0.073004,0.0,0.0,0.0443,0.0227
2013-01-16,浙江美大,sz002677,9.19,8.82,8.99,8.97,8.99,8.97001,2902709,0.058054,0.0,0.0,0.0411,-0.0022
2013-01-17,浙江美大,sz002677,9.04,8.71,9.0,8.78,8.97,8.780006,1681525,0.033631,0.0,0.0,0.0367,-0.0244
2013-01-18,浙江美大,sz002677,8.96,8.77,8.85,8.95,8.78,8.950006,1694011,0.03388,0.0,0.0,0.0216,0.0112
2013-01-21,浙江美大,sz002677,9.09,8.94,8.96,9.06,8.95,9.06001,1881915,0.037638,0.0,0.0,0.0167,0.0111
2013-01-22,浙江美大,sz002677,9.1,8.73,9.07,8.8,9.06,8.800006,1901657,0.038033,0.0,0.0,0.0408,-0.0297
2013-01-23,浙江美大,sz002677,8.82,8.49,8.75,8.68,8.8,8.680009,2581586,0.051632,0.0,0.0,0.0375,-0.008
2013-01-24,浙江美大,sz002677,8.78,8.2,8.64,8.35,8.68,8.350012,1810369,0.036207,0.0,0.0,0.0668,-0.0335
2013-01-25,浙江美大,sz002677,8.45,8.3,8.3,8.36,8.35,8.360016,837662,0.016753,0.0,0.0,0.0179,0.0072
2013-01-28,浙江美大,sz002677,8.55,8.35,8.36,8.54,8.36,8.540015,1116463,0.022329,0.0,0.0,0.0239,0.0215
2013-01-29,浙江美大,sz002677,8.66,8.51,8.51,8.6,8.54,8.600018,921172,0.018423,0.0,0.0,0.0175,0.0105
2013-01-30,浙江美大,sz002677,8.66,8.51,8.6,8.56,8.6,8.560019,1045886,0.020918,0.0,0.0,0.0174,-0.0046
2013-01-31,浙江美大,sz002677,8.63,8.51,8.57,8.59,8.56,8.590021,807314,0.016146,0.0,0.0,0.014,0.0023
2013-02-01,浙江美大,sz002677,8.75,8.53,8.6,8.7,8.59,8.700026,1318754,0.026375,0.0,0.0,0.0256,0.0116
2013-02-04,浙江美大,sz002677,9.19,8.6,8.75,9.16,8.7,9.16003,5833996,0.11668,0.0,0.0,0.0678,0.0468
2013-02-05,浙江美大,sz002677,9.14,8.8,9.02,8.98,9.16,8.980026,3664534,0.073291,0.0,0.0,0.0371,-0.0044
2013-02-06,浙江美大,sz002677,9.02,8.92,8.95,8.95,8.98,8.950025,1656747,0.033135,0.0,0.0,0.0111,0.0
2013-02-07,浙江美大,sz002677,9.0,8.77,8.95,8.88,8.95,8.880026,1871066,0.037421,0.0,0.0,0.0256,-0.0078
2013-02-08,浙江美大,sz002677,9.05,8.83,8.9,8.99,8.88,8.990023,1658780,0.033176,0.0,0.0,0.0247,0.0101
2013-02-18,浙江美大,sz002677,9.04,8.9,9.0,9.02,8.99,9.020022,1552629,0.031053,0.0,0.0,0.0155,0.0022
2013-02-19,浙江美大,sz002677,9.45,9.07,9.2,9.14,9.02,9.140025,6109763,0.122195,0.0,0.0,0.0421,-0.0065
2013-02-20,浙江美大,sz002677,9.3,9.04,9.05,9.29,9.14,9.290022,3355253,0.067105,0.0,0.0,0.0284,0.0265
2013-02-21,浙江美大,sz002677,9.22,8.92,9.22,8.94,9.29,8.940021,2855019,0.0571,0.0,0.0,0.0322,-0.0303
2013-02-22,浙江美大,sz002677,9.05,8.9,8.91,8.95,8.94,8.950025,1622961,0.032459,0.0,0.0,0.0167,0.0044
2013-02-25,浙江美大,sz002677,9.16,8.93,8.96,9.15,8.95,9.150022,1870779,0.037416,0.0,0.0,0.0256,0.0212
2013-02-26,浙江美大,sz002677,9.14,8.91,9.06,8.91,9.15,8.910016,1444075,0.028882,0.0,0.0,0.0251,-0.0165
2013-02-27,浙江美大,sz002677,9.06,8.89,8.98,8.95,8.91,8.950013,1213831,0.024277,0.0,0.0,0.019,-0.0033
2013-02-28,浙江美大,sz002677,9.14,8.9,8.97,9.13,8.95,9.130016,1855178,0.037104,0.0,0.0,0.0268,0.0178
2013-03-01,浙江美大,sz002677,9.34,9.07,9.13,9.33,9.13,9.330018,3324751,0.066495,0.0,0.0,0.0295,0.0219
2013-03-04,浙江美大,sz002677,9.28,8.96,9.28,9.0,9.33,9.000015,2758418,0.055168,0.0,0.0,0.0342,-0.0301
2013-03-05,浙江美大,sz002677,9.28,8.9,9.05,9.25,9.0,9.250018,2104926,0.042099,0.0,0.0,0.0422,0.022
2013-03-06,浙江美大,sz002677,9.47,9.23,9.27,9.4,9.25,9.400017,2966491,0.05933,0.0,0.0,0.0259,0.014
2013-03-07,浙江美大,sz002677,9.42,9.22,9.42,9.31,9.4,9.31002,2025525,0.04051,0.0,0.0,0.0212,-0.0116
2013-03-08,浙江美大,sz002677,9.37,9.14,9.37,9.14,9.31,9.140019,1510385,0.030208,0.0,0.0,0.0247,-0.0245
2013-03-11,浙江美大,sz002677,9.33,9.12,9.19,9.22,9.14,9.220022,1079249,0.021585,0.0,0.0,0.0229,0.0032
2013-03-12,浙江美大,sz002677,9.29,8.73,9.18,8.85,9.22,8.850022,2226780,0.044536,0.0,0.0,0.0607,-0.0359
2013-03-13,浙江美大,sz002677,8.88,8.66,8.88,8.83,8.85,8.830022,934399,0.018688,0.0,0.0,0.0248,-0.0056
2013-03-14,浙江美大,sz002677,8.88,8.75,8.86,8.83,8.83,8.830022,381791,0.007636,0.0,0.0,0.0147,-0.0033
2013-03-15,浙江美大,sz002677,9.0,8.81,8.83,8.87,8.83,8.870022,794440,0.015889,0.0,0.0,0.0215,0.0045
2013-03-18,浙江美大,sz002677,8.9,8.7,8.88,8.75,8.87,8.750019,500342,0.010007,0.0,0.0,0.0225,-0.0146
2013-03-19,浙江美大,sz002677,8.85,8.55,8.79,8.72,8.75,8.720016,591610,0.011832,0.0,0.0,0.0342,-0.0079
2013-03-20,浙江美大,sz002677,8.98,8.71,8.73,8.98,8.72,8.98002,978059,0.019561,0.0,0.0,0.0309,0.0286
2013-03-21,浙江美大,sz002677,9.04,8.88,9.0,9.01,8.98,9.010022,1077607,0.021552,0.0,0.0,0.0178,0.0011
2013-03-22,浙江美大,sz002677,9.06,8.92,9.02,9.02,9.01,9.020023,895235,0.017905,0.0,0.0,0.0155,0.0
2013-03-25,浙江美大,sz002677,9.21,8.98,9.04,9.2,9.02,9.2000265,1530467,0.030609,0.0,0.0,0.0254,0.0176
2013-03-26,浙江美大,sz002677,9.15,8.92,9.15,9.02,9.2,9.020028,1419102,0.028382,0.0,0.0,0.025,-0.0142
2013-03-27,浙江美大,sz002677,9.1,8.9,9.05,9.02,9.02,9.020028,781185,0.015624,0.0,0.0,0.0221,-0.0033
2013-03-28,浙江美大,sz002677,9.0,8.71,8.95,8.72,9.02,8.720032,1424293,0.028486,0.0,0.0,0.0321,-0.0256
2013-03-29,浙江美大,sz002677,9.08,8.72,8.76,8.83,8.72,8.830034,763090,0.015262,0.0,0.0,0.0412,0.0079
2013-04-01,浙江美大,sz002677,9.15,8.73,8.73,8.96,8.83,8.960039,1736223,0.034724,0.0,0.0,0.0475,0.0263
2013-04-02,浙江美大,sz002677,9.01,8.78,8.98,8.81,8.96,8.8100395,691535,0.013831,0.0,0.0,0.0256,-0.0189
2013-04-03,浙江美大,sz002677,8.91,8.7,8.91,8.74,8.81,8.740034,601092,0.012022,0.0,0.0,0.0238,-0.019
2013-04-08,浙江美大,sz002677,8.79,8.51,8.62,8.67,8.74,8.670035,582795,0.011656,0.0,0.0,0.032,0.0058
2013-04-09,浙江美大,sz002677,8.85,8.64,8.64,8.73,8.67,8.730032,468101,0.009362,0.0,0.0,0.0242,0.0104
2013-04-10,浙江美大,sz002677,8.73,8.55,8.69,8.65,8.73,8.65003,377300,0.007546,0.0,0.0,0.0206,-0.0046
2013-04-11,浙江美大,sz002677,8.74,8.56,8.66,8.63,8.65,8.630032,388016,0.00776,0.0,0.0,0.0208,-0.0034
2013-04-12,浙江美大,sz002677,8.9,8.55,8.61,8.61,8.63,8.610036,840060,0.016801,0.0,0.0,0.0405,0.0
2013-04-15,浙江美大,sz002677,8.59,8.25,8.52,8.31,8.61,8.310036,647318,0.012946,0.0,0.0,0.0394,-0.0246
2013-04-16,浙江美大,sz002677,8.47,8.22,8.29,8.4,8.31,8.400034,443849,0.008877,0.0,0.0,0.03,0.0132
2013-04-17,浙江美大,sz002677,8.48,8.35,8.4,8.45,8.4,8.45003,379584,0.007592,0.0,0.0,0.0154,0.0059
2013-04-18,浙江美大,sz002677,8.49,8.27,8.46,8.41,8.45,8.410028,328875,0.006578,0.0,0.0,0.026,-0.0059
2013-04-19,浙江美大,sz002677,8.62,8.43,8.45,8.55,8.41,8.55003,731850,0.014637,0.0,0.0,0.0225,0.0118
2013-04-22,浙江美大,sz002677,8.64,8.46,8.49,8.6,8.55,8.600031,680483,0.01361,0.0,0.0,0.021,0.0129
2013-04-23,浙江美大,sz002677,8.68,8.33,8.68,8.33,8.6,8.330032,519900,0.010398,0.0,0.0,0.0406,-0.0403
2013-04-24,浙江美大,sz002677,8.6,8.32,8.32,8.5,8.33,8.500032,586965,0.011739,0.0,0.0,0.0336,0.0216
2013-04-25,浙江美大,sz002677,8.54,8.23,8.54,8.25,8.5,8.250029,1230402,0.024608,18.73965,1.913221,0.0364,-0.0339
2013-04-26,浙江美大,sz002677,8.28,8.02,8.26,8.05,8.25,8.050032,875752,0.017515,18.285364,1.866841,0.0315,-0.0254
2013-05-02,浙江美大,sz002677,8.1,7.96,8.01,8.07,8.05,8.070028,512197,0.010244,18.330786,1.871478,0.0173,0.0074
2013-05-03,浙江美大,sz002677,8.32,8.01,8.03,8.28,8.07,8.280026,829580,0.016592,18.807789,1.920177,0.0384,0.0311
2013-05-06,浙江美大,sz002677,8.66,8.26,8.32,8.61,8.28,8.610027,1691975,0.03384,19.557373,1.996706,0.0483,0.0348
2013-05-07,浙江美大,sz002677,8.75,8.53,8.6,8.61,8.61,8.610027,852344,0.017047,19.557373,1.996706,0.0255,0.0011
2013-05-08,浙江美大,sz002677,8.85,8.55,8.61,8.84,8.61,8.840027,3037619,0.060752,20.07981,2.050044,0.0348,0.0267
2013-05-09,浙江美大,sz002677,8.95,8.73,8.8,8.9,8.84,8.900023,1607826,0.032157,20.216091,2.063958,0.0248,0.0113
2013-05-10,浙江美大,sz002677,9.06,8.78,8.8,8.84,8.9,8.84002,2013928,0.040279,20.079794,2.050043,0.0314,0.0045
2013-05-13,浙江美大,sz002677,8.95,8.73,8.82,8.92,8.84,8.920022,1642359,0.032847,20.261517,2.068595,0.0248,0.0113
2013-05-14,浙江美大,sz002677,9.24,8.7,8.99,8.96,8.92,8.960019,1319671,0.026393,20.35237,2.077871,0.0605,-0.0033
2013-05-15,浙江美大,sz002677,9.06,8.85,8.9,8.93,8.96,8.930021,2456430,0.049129,20.28423,2.070914,0.0234,0.0033
2013-05-16,浙江美大,sz002677,9.07,8.9,8.9,8.99,8.93,8.990022,2253965,0.045079,20.420519,2.084829,0.019,0.0101
2013-05-17,浙江美大,sz002677,9.06,8.91,9.01,9.05,8.99,9.050021,2575663,0.051513,20.556805,2.098743,0.0166,0.0044
2013-05-20,浙江美大,sz002677,9.23,9.06,9.09,9.14,9.05,9.140024,2492931,0.049859,20.761244,2.119615,0.0187,0.0055
2013-05-21,浙江美大,sz002677,9.47,9.08,9.18,9.47,9.14,9.470024,4981948,0.099639,21.510826,2.196144,0.0426,0.0315
2013-05-22,浙江美大,sz002677,9.49,9.27,9.43,9.28,9.47,9.280027,2637009,0.05274,21.079254,2.152082,0.0232,-0.0159
2013-05-23,浙江美大,sz002677,9.65,9.23,9.26,9.4,9.28,9.400027,3114931,0.062299,21.351831,2.179911,0.0452,0.0151
2013-05-24,浙江美大,sz002677,9.49,9.26,9.3,9.42,9.4,9.420031,1874871,0.037497,21.397268,2.18455,0.0244,0.0129
2013-05-27,浙江美大,sz002677,9.66,9.37,9.4,9.6,9.42,9.600029,2814128,0.056283,21.806128,2.226292,0.0307,0.0212
2013-05-28,浙江美大,sz002677,9.64,9.37,9.61,9.47,9.6,9.470025,2319741,0.046395,21.510828,2.196144,0.0281,-0.0145
2013-05-29,浙江美大,sz002677,9.32,9.13,9.29,9.2,9.47,9.450025,2110965,0.042219,21.465399,2.191506,0.02,-0.0096
2013-05-30,浙江美大,sz002677,9.22,9.09,9.18,9.12,9.2,9.3678465,1644509,0.03289,21.278734,2.172448,0.0141,-0.0065
2013-05-31,浙江美大,sz002677,9.39,9.13,9.14,9.2,9.12,9.450022,2680787,0.053616,21.465391,2.191505,0.0285,0.0065
2013-06-03,浙江美大,sz002677,9.19,8.9,9.16,8.92,9.2,9.16241,2477380,0.049548,20.812092,2.124806,0.0315,-0.0262
2013-06-04,浙江美大,sz002677,8.98,8.67,8.96,8.71,8.92,8.946699,1645085,0.032902,20.322113,2.074782,0.0347,-0.0279
2013-06-05,浙江美大,sz002677,8.85,8.69,8.69,8.83,8.71,9.069959,1167690,0.023354,20.60209,2.103366,0.0183,0.0161
2013-06-06,浙江美大,sz002677,8.88,8.72,8.8,8.72,8.83,8.9569645,927943,0.018559,20.34543,2.077163,0.0181,-0.009
2013-06-07,浙江美大,sz002677,8.78,8.58,8.67,8.64,8.72,8.874794,565716,0.011314,20.158781,2.058107,0.0229,-0.0034
2013-06-13,浙江美大,sz002677,8.58,8.27,8.58,8.35,8.64,8.576911,784649,0.015693,19.482153,1.989026,0.0358,-0.0268
2013-06-14,浙江美大,sz002677,8.5,8.32,8.36,8.46,8.35,8.689903,454205,0.009084,19.73881,2.01523,0.0215,0.0119
2013-06-17,浙江美大,sz002677,8.64,8.42,8.42,8.52,8.46,8.751533,862988,0.01726,19.878798,2.029522,0.026,0.0118
2013-06-18,浙江美大,sz002677,8.62,8.45,8.52,8.57,8.52,8.802895,425498,0.00851,19.995466,2.041433,0.0199,0.0058
2013-06-19,浙江美大,sz002677,8.52,8.3,8.48,8.47,8.57,8.700174,563257,0.011265,19.762138,2.017612,0.0256,-0.0011
2013-06-20,浙江美大,sz002677,8.47,8.21,8.47,8.22,8.47,8.443379,607730,0.012155,19.17884,1.95806,0.0306,-0.0295
2013-06-21,浙江美大,sz002677,8.34,8.03,8.2,8.32,8.22,8.546093,697085,0.013942,19.41215,1.98188,0.0377,0.0146
2013-06-24,浙江美大,sz002677,8.37,7.81,8.28,7.92,8.32,8.135222,1909864,0.038197,18.478872,1.886597,0.0673,-0.0434
2013-06-25,浙江美大,sz002677,8.0,7.22,7.8,7.8,7.92,8.011958,1417550,0.028351,18.19888,1.858011,0.0984,0.0
2013-06-26,浙江美大,sz002677,8.1,7.61,7.8,7.99,7.8,8.207121,1068264,0.021365,18.642187,1.90327,0.0628,0.0243
2013-06-27,浙江美大,sz002677,8.17,7.92,7.99,7.95,7.99,8.166037,1166872,0.023337,18.548864,1.893743,0.0312,-0.005
2013-06-28,浙江美大,sz002677,8.33,7.84,7.95,8.23,7.95,8.453644,1515557,0.030311,19.202154,1.96044,0.0616,0.0352
2013-07-01,浙江美大,sz002677,8.83,8.18,8.21,8.68,8.23,8.915873,5024779,0.100496,20.25209,2.067633,0.0789,0.0572
2013-07-02,浙江美大,sz002677,9.41,8.49,8.67,9.25,8.68,9.50136,10014055,0.200281,21.582005,2.203411,0.1059,0.0668
2013-07-03,浙江美大,sz002677,9.23,8.88,9.18,9.12,9.25,9.367827,4770092,0.095402,21.27869,2.172444,0.0378,-0.0065
2013-07-04,浙江美大,sz002677,9.16,8.98,9.06,9.03,9.12,9.275386,2848440,0.056969,21.068712,2.151006,0.0197,-0.0033
2013-07-05,浙江美大,sz002677,9.1,8.59,9.07,8.65,9.03,8.885059,3912140,0.078243,20.1821,2.060487,0.0564,-0.0463
2013-07-08,浙江美大,sz002677,8.58,7.95,8.58,8.03,8.65,8.248214,2825625,0.056512,18.735527,1.9128,0.0728,-0.0641
2013-07-09,浙江美大,sz002677,8.16,7.95,8.03,8.14,8.03,8.361206,1181254,0.023625,18.992186,1.939003,0.0261,0.0136
2013-07-10,浙江美大,sz002677,8.35,8.07,8.1,8.32,8.14,8.546098,1632912,0.032658,19.41216,1.981881,0.0343,0.0271
2013-07-11,浙江美大,sz002677,8.55,8.23,8.33,8.46,8.32,8.689902,1803393,0.036068,19.738808,2.01523,0.0384,0.0156
2013-07-12,浙江美大,sz002677,8.68,8.35,8.41,8.37,8.46,8.59746,1878382,0.037568,19.528826,1.993792,0.039,-0.0047
2013-07-15,浙江美大,sz002677,8.53,8.36,8.37,8.49,8.37,8.720721,1140900,0.022818,19.808811,2.022377,0.0203,0.0143
2013-07-16,浙江美大,sz002677,8.6,8.37,8.49,8.6,8.49,8.833707,2409667,0.048193,20.065454,2.048579,0.027,0.0129
2013-07-17,浙江美大,sz002677,8.75,8.5,8.6,8.57,8.6,8.802895,1683040,0.033661,19.995466,2.041433,0.029,-0.0034
2013-07-18,浙江美大,sz002677,8.64,8.43,8.53,8.54,8.57,8.772076,1072478,0.02145,19.925463,2.034286,0.0245,0.0011
2013-07-19,浙江美大,sz002677,8.58,8.15,8.58,8.15,8.54,8.371482,1692000,0.03384,19.015526,1.941386,0.0503,-0.0501
2013-07-22,浙江美大,sz002677,8.26,7.98,8.09,8.25,8.15,8.474199,901580,0.018032,19.248846,1.965207,0.0343,0.0197
2013-07-23,浙江美大,sz002677,8.56,8.29,8.29,8.52,8.25,8.751534,1636432,0.032729,19.878803,2.029522,0.0327,0.0277
2013-07-24,浙江美大,sz002677,8.67,8.46,8.58,8.65,8.52,8.885066,1757100,0.035142,20.182114,2.060489,0.0246,0.0081
2013-07-25,浙江美大,sz002677,8.65,8.45,8.65,8.6,8.65,8.83371,1478640,0.029573,20.06546,2.048579,0.0231,-0.0057
2013-07-26,浙江美大,sz002677,8.84,8.5,8.61,8.78,8.6,9.0185995,2064330,0.041287,20.485432,2.091456,0.0395,0.0197
2013-07-29,浙江美大,sz002677,8.98,8.6,8.75,8.66,8.78,8.895343,1752342,0.035047,20.205458,2.062872,0.0432,-0.0102
2013-07-30,浙江美大,sz002677,8.73,8.31,8.67,8.62,8.66,8.854255,1439735,0.028795,20.112127,2.053344,0.0484,-0.0057
2013-07-31,浙江美大,sz002677,8.8,8.58,8.6,8.62,8.62,8.854255,957261,0.019145,20.112127,2.053344,0.0255,0.0023
2013-08-01,浙江美大,sz002677,8.83,8.6,8.62,8.81,8.62,9.04942,2055427,0.041109,20.55544,2.098604,0.0266,0.022
2013-08-02,浙江美大,sz002677,8.96,8.74,8.85,8.87,8.81,9.111047,3169660,0.063393,20.695421,2.112895,0.0249,0.0022
2013-08-05,浙江美大,sz002677,9.76,8.85,8.98,9.76,8.87,10.025231,14845306,0.296906,22.77196,2.324899,0.1025,0.0868
2013-08-06,浙江美大,sz002677,10.59,9.57,9.7,10.25,9.76,10.528547,20399705,0.407994,23.915226,2.44162,0.1045,0.0567
2013-08-07,浙江美大,sz002677,10.28,9.94,10.05,10.2,10.25,10.477189,10427502,0.20855,23.798567,2.42971,0.0331,0.0149
2013-08-08,浙江美大,sz002677,11.22,10.02,10.27,11.0,10.2,11.298926,12950866,0.259017,25.665113,2.620275,0.1176,0.071
2013-08-09,浙江美大,sz002677,11.28,10.48,10.73,10.71,11.0,11.001041,11363203,0.227264,24.988478,2.551194,0.0727,-0.0018
2013-08-12,浙江美大,sz002677,10.88,10.39,10.65,10.63,10.71,10.918863,7821302,0.156426,24.801813,2.532136,0.0457,-0.0018
2013-08-13,浙江美大,sz002677,10.7,10.28,10.58,10.61,10.63,10.898325,6878073,0.137561,24.755161,2.527373,0.0395,0.0028
2013-08-14,浙江美大,sz002677,11.18,10.39,10.56,10.72,10.61,11.011319,9019478,0.18039,25.011824,2.553577,0.0744,0.0151
2013-08-15,浙江美大,sz002677,10.78,10.35,10.49,10.4,10.72,10.68262,5975371,0.119507,22.825739,2.438045,0.0401,-0.0085
2013-08-16,浙江美大,sz002677,10.98,10.13,10.45,10.18,10.4,10.456639,6946802,0.138936,22.342882,2.386471,0.0817,-0.0258
2013-08-19,浙江美大,sz002677,10.33,9.86,9.96,10.29,10.18,10.569634,5087764,0.101755,22.58432,2.412259,0.0461,0.0331
2013-08-20,浙江美大,sz002677,10.95,10.16,10.25,10.77,10.29,11.062675,8209548,0.164191,23.637812,2.524783,0.0767,0.0507
2013-08-21,浙江美大,sz002677,10.9,10.54,10.73,10.67,10.77,10.959959,5835600,0.116712,23.418333,2.501341,0.0334,-0.0055
2013-08-22,浙江美大,sz002677,10.76,10.4,10.54,10.5,10.67,10.785334,3820320,0.076406,23.04521,2.461487,0.0337,-0.0037
2013-08-23,浙江美大,sz002677,11.1,10.34,10.55,10.71,10.5,11.00104,8232935,0.164659,23.506113,2.510717,0.0723,0.0151
2013-08-26,浙江美大,sz002677,11.55,10.48,10.65,11.39,10.71,11.699518,9904450,0.198089,24.998564,2.670127,0.0999,0.0694
2013-08-27,浙江美大,sz002677,11.37,11.07,11.33,11.15,11.39,11.452998,6847030,0.136941,24.471819,2.613865,0.0263,-0.0158
2013-08-28,浙江美大,sz002677,11.18,10.75,11.04,10.77,11.15,11.062669,5366508,0.10733,23.637794,2.524782,0.0385,-0.0244
2013-08-29,浙江美大,sz002677,10.89,10.48,10.76,10.62,10.77,10.908587,3679472,0.073589,23.308567,2.489617,0.038,-0.013
2013-08-30,浙江美大,sz002677,10.73,10.0,10.64,10.04,10.62,10.312826,4842420,0.096848,22.035595,2.353649,0.0687,-0.0563
2013-09-02,浙江美大,sz002677,10.3,9.89,10.13,10.24,10.04,10.518257,2981248,0.059625,22.474543,2.400533,0.0408,0.0108
2013-09-03,浙江美大,sz002677,10.37,10.0,10.19,10.29,10.24,10.569618,2641273,0.052825,22.584286,2.412255,0.0361,0.0098
2013-09-04,浙江美大,sz002677,10.32,10.03,10.25,10.09,10.29,10.364187,3227129,0.064543,22.145338,2.36537,0.0281,-0.0156
2013-09-05,浙江美大,sz002677,10.47,10.04,10.05,10.33,10.09,10.610709,3540870,0.070817,22.672087,2.421633,0.0426,0.0278
2013-09-06,浙江美大,sz002677,10.47,10.24,10.27,10.29,10.33,10.569625,2405978,0.04812,22.584301,2.412257,0.0222,0.0019
2013-09-09,浙江美大,sz002677,10.45,10.1,10.3,10.27,10.29,10.549078,2319806,0.046396,22.540398,2.407567,0.034,-0.0029
2013-09-10,浙江美大,sz002677,10.4,10.16,10.25,10.27,10.27,10.549078,2699633,0.053993,22.540398,2.407567,0.0233,0.0019
2013-09-11,浙江美大,sz002677,10.29,9.75,10.27,9.82,10.27,10.086848,3820576,0.076412,21.552744,2.302075,0.0525,-0.0438
2013-09-12,浙江美大,sz002677,10.0,9.71,9.82,9.81,9.82,10.07658,2082271,0.041645,21.530804,2.299731,0.0295,-0.001
2013-09-13,浙江美大,sz002677,9.98,9.72,9.82,9.97,9.81,10.24093,1997049,0.039941,21.881971,2.33724,0.0265,0.0152
2013-09-16,浙江美大,sz002677,10.05,9.86,9.97,9.94,9.97,10.2101145,1930785,0.038616,21.816128,2.330207,0.019,-0.003
2013-09-17,浙江美大,sz002677,9.96,9.69,9.96,9.72,9.94,9.984134,1626559,0.032531,21.333273,2.278633,0.0271,-0.024
2013-09-18,浙江美大,sz002677,9.83,9.68,9.68,9.82,9.72,10.086851,1381381,0.027628,21.552748,2.302075,0.0154,0.0144
2013-09-23,浙江美大,sz002677,10.23,9.88,9.95,10.13,9.82,10.4052725,2796131,0.055923,22.233126,2.374747,0.0356,0.018
2013-09-24,浙江美大,sz002677,10.23,10.05,10.2,10.17,10.13,10.4463625,2114338,0.042287,22.320925,2.384125,0.0177,-0.0029
2013-09-25,浙江美大,sz002677,10.16,9.96,10.16,9.99,10.17,10.261473,1488127,0.029763,21.925865,2.341928,0.0196,-0.0167
2013-09-26,浙江美大,sz002677,10.04,9.74,9.98,9.74,9.99,10.00468,1483951,0.029679,21.37717,2.283322,0.03,-0.024
2013-09-27,浙江美大,sz002677,9.93,9.69,9.78,9.87,9.74,10.138211,1107185,0.022144,21.662493,2.313797,0.0246,0.0092
2013-09-30,浙江美大,sz002677,10.07,9.8,9.93,10.03,9.87,10.302563,1425754,0.028515,22.013662,2.351306,0.0273,0.01
2013-10-08,浙江美大,sz002677,10.5,9.93,9.98,10.42,10.03,10.703156,3792737,0.075855,22.86962,2.442732,0.0568,0.044
2013-10-09,浙江美大,sz002677,10.76,10.28,10.41,10.63,10.42,10.918868,4546472,0.090929,23.330536,2.491963,0.046,0.0211
2013-10-10,浙江美大,sz002677,10.7,10.35,10.68,10.41,10.63,10.692891,2663859,0.053277,22.847687,2.440389,0.0329,-0.0252
2013-10-11,浙江美大,sz002677,10.68,10.4,10.41,10.45,10.41,10.7339735,2239030,0.044781,22.935467,2.449765,0.0268,0.0038
2013-10-14,浙江美大,sz002677,10.52,10.35,10.44,10.45,10.45,10.7339735,1914535,0.038291,22.935467,2.449765,0.0162,9.0E-4
2013-10-15,浙江美大,sz002677,10.5,10.17,10.45,10.29,10.45,10.569626,2161949,0.043239,22.584303,2.412257,0.0315,-0.0153
2013-10-16,浙江美大,sz002677,10.34,9.86,10.22,9.94,10.29,10.210111,2115682,0.042314,21.816118,2.330206,0.0466,-0.0273
2013-10-17,浙江美大,sz002677,10.08,9.9,9.91,9.95,9.94,10.220382,1607583,0.032152,21.838066,2.33255,0.0181,0.004
2013-10-18,浙江美大,sz002677,10.12,9.9,9.95,10.12,9.95,10.394997,1214980,0.0243,22.21117,2.372402,0.0221,0.017
2013-10-21,浙江美大,sz002677,10.54,10.14,10.14,10.5,10.12,10.785318,3268028,0.065361,23.045177,2.461483,0.0395,0.0355
2013-10-22,浙江美大,sz002677,10.62,10.38,10.52,10.57,10.5,10.857224,3393168,0.067863,23.198818,2.477894,0.0228,0.0047
2013-10-23,浙江美大,sz002677,10.87,10.3,10.55,10.49,10.57,10.775046,4233499,0.08467,22.234093,2.418644,0.0539,-0.0056
2013-10-24,浙江美大,sz002677,10.87,10.3,10.4,10.81,10.49,11.103739,6431906,0.128638,22.912342,2.492425,0.0543,0.0394
2013-10-25,浙江美大,sz002677,10.95,10.4,10.85,10.49,10.81,10.775046,4289613,0.085792,22.234093,2.418644,0.0508,-0.0331
2013-10-28,浙江美大,sz002677,10.51,10.19,10.42,10.4,10.49,10.682596,2210231,0.044205,22.043324,2.397892,0.0305,-0.0019
2013-10-29,浙江美大,sz002677,11.44,9.95,10.47,11.32,10.4,11.6276,10831941,0.216639,23.993319,2.610014,0.1432,0.0811
2013-10-30,浙江美大,sz002677,12.25,10.98,11.03,11.84,11.32,12.161725,12093202,0.241864,25.095476,2.729908,0.1121,0.0734
2013-10-31,浙江美大,sz002677,12.37,11.45,11.72,11.46,11.84,11.771395,9311208,0.186224,24.290037,2.642292,0.0777,-0.0221
2013-11-01,浙江美大,sz002677,11.37,10.31,11.12,10.66,11.46,10.949657,6321935,0.126439,22.594398,2.457838,0.0924,-0.0413
2013-11-04,浙江美大,sz002677,11.24,10.55,10.72,11.19,10.66,11.494063,4451374,0.089027,23.71777,2.58004,0.0647,0.0438
2013-11-05,浙江美大,sz002677,11.33,10.8,11.04,11.29,11.19,11.596786,4408822,0.088176,23.929735,2.603098,0.0473,0.0226
2013-11-06,浙江美大,sz002677,11.49,10.98,11.2,11.05,11.29,11.350261,4803375,0.096068,23.421038,2.547761,0.0451,-0.0133
2013-11-07,浙江美大,sz002677,11.35,10.82,10.9,11.01,11.05,11.309174,3525027,0.070501,23.336252,2.538538,0.0479,0.01
2013-11-08,浙江美大,sz002677,11.94,10.9,10.91,11.8,11.01,12.120641,8464469,0.169289,25.010698,2.720686,0.0944,0.0815
2013-11-11,浙江美大,sz002677,12.25,11.6,11.68,11.97,11.8,12.295262,8116051,0.162321,25.371029,2.759883,0.055,0.0248
2013-11-12,浙江美大,sz002677,12.49,11.73,11.9,12.1,11.97,12.428789,7696611,0.153932,25.646557,2.789855,0.0634,0.0168
2013-11-13,浙江美大,sz002677,12.3,11.71,11.93,11.8,12.1,12.120642,7130825,0.142617,25.010702,2.720686,0.0487,-0.0108
2013-11-14,浙江美大,sz002677,12.98,11.65,11.65,12.93,11.8,13.281351,11309685,0.226194,27.405802,2.981227,0.1127,0.1098
2013-11-15,浙江美大,sz002677,13.88,12.67,12.92,13.26,12.93,13.620317,12269250,0.245385,28.105253,3.057314,0.0935,0.0263
2013-11-18,浙江美大,sz002677,13.46,13.01,13.07,13.25,13.26,13.610048,7415272,0.148305,28.08406,3.055009,0.0339,0.0137
2013-11-19,浙江美大,sz002677,13.75,12.81,13.2,12.9,13.25,13.250539,7092611,0.141852,27.34222,2.974311,0.0709,-0.0227
2013-11-20,浙江美大,sz002677,13.29,12.53,12.77,13.24,12.9,13.599783,6692809,0.133856,28.06288,3.052705,0.0589,0.0368
2013-11-21,浙江美大,sz002677,13.15,12.8,13.08,12.93,13.24,13.281358,4018186,0.080364,27.405815,2.981229,0.0264,-0.0114
2013-11-22,浙江美大,sz002677,13.28,12.78,12.91,13.0,12.93,13.353263,4262136,0.085243,27.554192,2.997369,0.0386,0.0069
2013-11-25,浙江美大,sz002677,13.77,12.9,12.95,13.58,13.0,13.9490185,7107624,0.142152,28.783522,3.131097,0.0669,0.0486
2013-11-26,浙江美大,sz002677,13.66,13.26,13.59,13.4,13.58,13.764125,4581397,0.091628,28.401995,3.089594,0.0294,-0.0139
2013-11-27,浙江美大,sz002677,13.53,13.2,13.39,13.43,13.4,13.794942,3727992,0.07456,28.465588,3.096512,0.0246,0.0029
2013-11-28,浙江美大,sz002677,14.05,13.33,13.43,13.96,13.43,14.339346,7063343,0.141267,29.588953,3.218712,0.0536,0.0394
2013-11-29,浙江美大,sz002677,14.95,14.02,14.15,14.23,13.96,14.616683,9050839,0.181017,30.161234,3.280965,0.0666,0.0056
2013-12-02,浙江美大,sz002677,13.48,12.81,13.11,12.81,14.23,13.158099,5728320,0.114566,27.151474,2.953561,0.047,-0.0228
2013-12-03,浙江美大,sz002677,12.78,11.6,12.0,12.4,12.81,12.736961,7161784,0.143236,26.282463,2.859029,0.0921,0.0333
2013-12-04,浙江美大,sz002677,12.98,12.21,12.3,12.68,12.4,13.024574,6417798,0.128356,26.875948,2.923589,0.062,0.0308
2013-12-05,浙江美大,sz002677,12.85,12.38,12.58,12.6,12.68,12.942402,3446076,0.068922,26.706388,2.905144,0.037,0.0015
2013-12-06,浙江美大,sz002677,12.68,12.12,12.51,12.15,12.6,12.480177,3891955,0.077839,25.752596,2.80139,0.0444,-0.0287
2013-12-09,浙江美大,sz002677,12.77,12.15,12.15,12.7,12.15,13.045117,3833525,0.076671,26.918339,2.9282,0.051,0.0452
2013-12-10,浙江美大,sz002677,13.39,12.63,12.71,13.18,12.7,13.538157,6832272,0.136645,27.935717,3.038872,0.0598,0.0369
2013-12-11,浙江美大,sz002677,13.18,12.71,13.18,12.9,13.18,13.250553,3705675,0.074113,27.34225,2.974314,0.0356,-0.0212
2013-12-12,浙江美大,sz002677,14.19,12.9,12.9,14.19,12.9,14.575608,5881839,0.117637,30.076475,3.271745,0.0999,0.0999
2013-12-13,浙江美大,sz002677,15.28,14.04,14.2,14.53,14.19,14.924854,14387392,0.287748,30.797138,3.35014,0.0873,0.0232
2013-12-16,浙江美大,sz002677,14.48,14.01,14.31,14.35,14.53,14.739965,6393357,0.127867,30.415623,3.308638,0.0323,0.0027
2013-12-17,浙江美大,sz002677,14.26,12.98,14.18,12.99,14.35,13.342999,7439309,0.148786,27.533012,2.995065,0.0891,-0.0839
2013-12-18,浙江美大,sz002677,13.15,12.1,12.97,12.74,12.99,13.086201,5357944,0.107159,27.003113,2.937422,0.0808,-0.0177
2013-12-19,浙江美大,sz002677,13.09,12.68,12.78,12.8,12.74,13.147837,3350729,0.067015,27.130297,2.951258,0.0321,0.0015
2013-12-20,浙江美大,sz002677,13.24,12.73,12.8,13.0,12.8,13.3532715,3506558,0.070131,27.554209,2.997371,0.0398,0.0156
2013-12-23,浙江美大,sz002677,12.99,12.12,12.72,12.57,13.0,12.911585,3129116,0.062582,26.642797,2.898227,0.0669,-0.0117
2013-12-24,浙江美大,sz002677,13.2,12.52,12.61,13.14,12.57,13.497074,4081168,0.081623,27.850943,3.02965,0.054,0.042
2013-12-25,浙江美大,sz002677,13.87,13.17,13.17,13.68,13.14,14.05175,5865818,0.117316,28.995504,3.154156,0.0532,0.0387
2013-12-26,浙江美大,sz002677,13.74,13.2,13.6,13.43,13.68,13.794954,3829313,0.076586,28.465612,3.096514,0.0394,-0.0124
2013-12-27,浙江美大,sz002677,14.17,13.35,13.42,14.11,13.43,14.493434,5692551,0.113851,29.906912,3.2533,0.061,0.0514
2013-12-30,浙江美大,sz002677,14.25,13.9,14.01,13.92,14.11,14.298265,4449568,0.088991,29.504185,3.209491,0.0248,-0.0064
2013-12-31,浙江美大,sz002677,13.84,13.36,13.84,13.52,13.92,13.88739,3698779,0.073976,28.656351,3.117263,0.0344,-0.0231
2014-01-02,浙江美大,sz002677,13.86,13.41,13.45,13.84,13.52,14.216091,2612421,0.052248,29.33462,3.191046,0.0332,0.0289
2014-01-03,浙江美大,sz002677,13.84,13.35,13.77,13.36,13.84,13.723048,3290145,0.065803,28.317236,3.080374,0.0354,-0.0297
2014-01-06,浙江美大,sz002677,13.2,12.36,13.16,12.42,13.36,12.757508,3711104,0.074222,26.324863,2.863642,0.0628,-0.0562
2014-01-07,浙江美大,sz002677,12.83,12.25,12.32,12.73,12.42,13.075936,2460273,0.049205,26.981932,2.935118,0.0466,0.0332
2014-01-08,浙江美大,sz002677,13.06,12.69,12.75,12.78,12.73,13.127298,1993065,0.039861,27.087917,2.946647,0.029,0.0023
2014-01-09,浙江美大,sz002677,12.88,12.12,12.8,12.19,12.78,12.521263,2689326,0.053787,25.837378,2.810612,0.0594,-0.0476
2014-01-10,浙江美大,sz002677,12.29,11.6,12.18,11.74,12.19,12.059029,3236900,0.064738,24.883564,2.706856,0.0566,-0.0361
2014-01-13,浙江美大,sz002677,11.9,11.66,11.75,11.81,11.74,12.130937,1382559,0.027651,25.031944,2.722997,0.0204,0.0051
2014-01-14,浙江美大,sz002677,12.37,11.68,11.81,12.27,11.81,12.603436,2409915,0.048198,26.006939,2.829058,0.0584,0.0389
2014-01-15,浙江美大,sz002677,12.58,12.23,12.25,12.32,12.27,12.654796,1929315,0.038586,26.112917,2.840586,0.0285,0.0057
2014-01-16,浙江美大,sz002677,12.42,12.16,12.3,12.37,12.32,12.706149,2070696,0.041414,26.218884,2.852113,0.0211,0.0056
2014-01-17,浙江美大,sz002677,12.31,11.96,12.3,12.06,12.37,12.38772,1672255,0.033445,25.561811,2.780636,0.0282,-0.0195
2014-01-20,浙江美大,sz002677,12.32,11.83,12.05,12.31,12.06,12.644517,1822833,0.036457,26.091707,2.838279,0.0406,0.0215
2014-01-21,浙江美大,sz002677,12.57,12.22,12.22,12.5,12.31,12.839685,2073576,0.041472,26.494434,2.882088,0.0284,0.0229
2014-01-22,浙江美大,sz002677,12.83,12.42,12.42,12.72,12.5,13.065664,2843262,0.056865,26.960735,2.932812,0.0328,0.0241
2014-01-23,浙江美大,sz002677,13.17,12.61,12.76,12.91,12.72,13.260826,3961418,0.079228,27.363447,2.97662,0.044,0.0117
2014-01-24,浙江美大,sz002677,13.15,12.83,12.9,13.05,12.91,13.404626,2443783,0.048876,27.660177,3.008898,0.0247,0.0116
2014-01-27,浙江美大,sz002677,13.04,12.76,13.01,12.97,13.05,13.322455,2174906,0.043498,27.490622,2.990454,0.0214,-0.003
2014-01-28,浙江美大,sz002677,13.05,12.7,12.92,13.02,12.97,13.373814,1715288,0.034306,27.596598,3.001982,0.0269,0.0077
2014-01-29,浙江美大,sz002677,13.65,13.02,13.02,13.58,13.02,13.949035,3773918,0.075478,28.783554,3.1311,0.0483,0.043
2014-01-30,浙江美大,sz002677,13.83,13.26,13.5,13.68,13.58,14.051756,3673834,0.073477,28.995516,3.154158,0.0419,0.0133
2014-02-07,浙江美大,sz002677,13.97,13.47,13.47,13.9,13.68,14.277736,4089116,0.081782,29.461823,3.204883,0.0365,0.0319
2014-02-10,浙江美大,sz002677,14.56,13.82,13.9,14.46,13.9,14.852958,6736876,0.134738,30.64878,3.334001,0.0532,0.0402
2014-02-11,浙江美大,sz002677,14.5,13.99,14.5,14.34,14.46,14.729692,4624557,0.092491,30.394426,3.306332,0.0352,-0.011
2014-02-12,浙江美大,sz002677,14.75,14.04,14.33,14.61,14.34,15.007023,6767613,0.135352,30.966692,3.368584,0.0495,0.0195
2014-02-13,浙江美大,sz002677,14.9,14.23,14.5,14.4,14.61,14.791312,6638034,0.132761,30.521578,3.320164,0.0458,-0.0068
2014-02-14,浙江美大,sz002677,14.74,14.1,14.41,14.69,14.4,15.089194,7037942,0.140759,31.136251,3.387029,0.0444,0.0194
2014-02-17,浙江美大,sz002677,15.38,14.82,14.94,15.3,14.69,15.715774,9552300,0.191046,32.429184,3.527675,0.0381,0.024
2014-02-18,浙江美大,sz002677,15.44,14.97,15.25,15.2,15.3,15.613055,4490033,0.089801,32.217228,3.504618,0.0307,-0.0032
2014-02-19,浙江美大,sz002677,15.67,15.1,15.37,15.39,15.2,15.808218,6853298,0.137066,32.61994,3.548426,0.0375,0.0013
2014-02-20,浙江美大,sz002677,15.84,14.75,15.3,15.07,15.39,15.479518,5925553,0.118511,31.941675,3.474643,0.0708,-0.015
2014-02-21,浙江美大,sz002677,15.3,14.27,15.04,15.0,15.07,15.407616,4779781,0.095596,31.793306,3.458504,0.0683,-0.0026
2014-02-24,浙江美大,sz002677,15.17,14.65,14.75,15.13,15.0,15.541154,5244807,0.104896,32.06886,3.488479,0.0346,0.0257
2014-02-25,浙江美大,sz002677,15.77,14.73,15.18,15.2,15.13,15.613062,9938730,0.198775,32.217243,3.50462,0.0687,0.0013
2014-02-26,浙江美大,sz002677,15.0,14.35,14.9,14.76,15.2,15.161111,3846846,0.076937,31.284649,3.403172,0.0427,-0.0093
2014-02-27,浙江美大,sz002677,14.87,13.56,14.76,13.78,14.76,14.154474,5341032,0.106821,29.207474,3.177215,0.0887,-0.0663
2014-02-28,浙江美大,sz002677,13.75,13.35,13.52,13.68,13.78,14.051755,2583507,0.05167,28.995516,3.154158,0.029,0.0118
2014-03-03,浙江美大,sz002677,14.1,13.56,13.58,14.02,13.68,14.400997,2249949,0.044999,29.71617,3.232551,0.0394,0.0324
2014-03-04,浙江美大,sz002677,14.07,13.7,13.94,13.97,14.02,14.349644,2127768,0.042555,29.610203,3.221024,0.0263,0.0021
2014-03-05,浙江美大,sz002677,14.46,13.93,14.06,14.19,13.97,14.575622,4025460,0.080509,30.076504,3.271748,0.0379,0.0092
2014-03-06,浙江美大,sz002677,14.69,13.83,14.2,14.52,14.19,14.914592,5261965,0.105239,30.775963,3.347836,0.0606,0.0225
2014-03-07,浙江美大,sz002677,14.77,14.32,14.48,14.55,14.52,14.945406,3264949,0.065299,30.839544,3.354753,0.0309,0.0048
2014-03-10,浙江美大,sz002677,14.47,13.8,14.45,13.91,14.55,14.288017,2638518,0.05277,29.483038,3.207191,0.046,-0.0373
2014-03-11,浙江美大,sz002677,14.54,13.7,13.7,14.35,13.91,14.739976,4967662,0.099353,30.415646,3.30864,0.0603,0.0474
2014-03-12,浙江美大,sz002677,14.97,14.17,14.45,14.68,14.35,15.078951,7353010,0.14706,31.115112,3.384729,0.0557,0.0159
2014-03-13,浙江美大,sz002677,15.08,14.55,14.66,14.92,14.68,15.325477,6924174,0.138483,31.623814,3.440066,0.0361,0.0177
2014-03-14,浙江美大,sz002677,15.12,14.49,14.8,14.58,14.92,14.976239,4805660,0.096113,30.903172,3.361674,0.0422,-0.0148
2014-03-17,浙江美大,sz002677,14.59,13.83,14.41,14.11,14.58,14.493465,5109257,0.102185,29.906977,3.253307,0.0521,-0.0208
2014-03-18,浙江美大,sz002677,14.27,13.96,14.17,14.0,14.11,14.380474,2788707,0.055774,29.67382,3.227944,0.0219,-0.0119
2014-03-19,浙江美大,sz002677,13.99,13.68,13.95,13.92,14.0,14.298305,2552267,0.051045,29.504265,3.2095,0.0221,-0.0021
2014-03-20,浙江美大,sz002677,14.08,13.45,13.88,13.45,13.92,13.8155365,2293242,0.045865,28.508083,3.101134,0.0452,-0.0309
2014-03-21,浙江美大,sz002677,13.7,13.1,13.45,13.66,13.45,14.031239,2135739,0.042715,28.95318,3.149552,0.0446,0.0156
2014-03-24,浙江美大,sz002677,13.86,13.42,13.65,13.78,13.66,14.154503,1781358,0.035627,29.207533,3.177221,0.0322,0.0095
2014-03-25,浙江美大,sz002677,13.75,13.25,13.75,13.42,13.78,13.784717,1626438,0.032529,28.444487,3.094216,0.0362,-0.024
2014-03-26,浙江美大,sz002677,13.57,13.32,13.42,13.41,13.42,13.7744465,1240125,0.024803,28.423294,3.091911,0.0186,-7.0E-4
2014-03-27,浙江美大,sz002677,13.43,12.62,13.43,12.62,13.41,12.96298,2627392,0.052548,26.748852,2.909763,0.0604,-0.0603
2014-03-28,浙江美大,sz002677,12.83,11.88,12.62,11.94,12.62,12.264496,3394568,0.067891,22.177397,2.595378,0.0752,-0.0538
2014-03-31,浙江美大,sz002677,12.15,11.85,11.9,12.03,11.94,12.356946,1295336,0.025907,22.34457,2.614942,0.0251,0.0109
2014-04-01,浙江美大,sz002677,12.34,12.06,12.07,12.28,12.03,12.613735,913743,0.018275,22.808912,2.669283,0.0232,0.0173
2014-04-02,浙江美大,sz002677,12.34,12.0,12.29,12.05,12.28,12.3774805,1246181,0.024924,22.381702,2.619287,0.0276,-0.0195
2014-04-03,浙江美大,sz002677,12.28,12.01,12.09,12.23,12.05,12.562375,1141449,0.022829,22.71604,2.658414,0.0224,0.0115
2014-04-04,浙江美大,sz002677,12.46,12.13,12.18,12.36,12.23,12.695913,1349955,0.026999,22.957512,2.686673,0.0269,0.0147
2014-04-08,浙江美大,sz002677,12.58,12.23,12.32,12.55,12.36,12.891075,1433323,0.028666,23.310413,2.727973,0.0283,0.0186
2014-04-09,浙江美大,sz002677,12.87,12.5,12.51,12.77,12.55,13.117055,1839957,0.036799,23.719046,2.775794,0.0294,0.0207
2014-04-10,浙江美大,sz002677,12.81,12.67,12.77,12.71,12.77,13.055418,1318923,0.026378,23.60759,2.762751,0.0109,-0.0046
2014-04-11,浙江美大,sz002677,12.73,12.36,12.71,12.52,12.71,12.860253,1086305,0.021726,23.25468,2.72145,0.0291,-0.0149
2014-04-14,浙江美大,sz002677,12.59,12.39,12.52,12.56,12.52,12.901341,986221,0.019724,23.32898,2.730145,0.0159,0.0031
2014-04-15,浙江美大,sz002677,12.6,12.26,12.6,12.28,12.56,12.613731,870127,0.017403,22.808907,2.669282,0.027,-0.0253
2014-04-16,浙江美大,sz002677,12.36,12.1,12.32,12.29,12.28,12.624,973889,0.019478,22.827473,2.671455,0.0211,-0.0024
2014-04-17,浙江美大,sz002677,12.48,12.28,12.31,12.38,12.29,12.716445,767289,0.015346,22.994638,2.691018,0.0162,0.0056
2014-04-18,浙江美大,sz002677,12.59,12.31,12.43,12.51,12.38,12.84998,972956,0.019459,23.236103,2.719276,0.0226,0.0064
2014-04-21,浙江美大,sz002677,12.74,12.38,12.51,12.54,12.51,12.880795,1578541,0.031571,23.291824,2.725797,0.0287,0.0023
2014-04-22,浙江美大,sz002677,12.62,12.04,12.53,12.26,12.54,12.59318,1339631,0.026793,22.771742,2.664933,0.0462,-0.0215
2014-04-23,浙江美大,sz002677,12.45,12.1,12.13,12.4,12.26,12.73698,1127631,0.022553,23.031773,2.695364,0.0285,0.0222
2014-04-24,浙江美大,sz002677,12.35,12.1,12.3,12.14,12.4,12.469912,771962,0.015439,22.069757,2.575262,0.0201,-0.013
2014-04-25,浙江美大,sz002677,12.19,11.31,12.19,11.31,12.14,11.617356,1595988,0.03192,20.560871,2.399194,0.0724,-0.0721
2014-04-28,浙江美大,sz002677,11.33,10.63,11.33,10.93,11.31,11.227025,1382641,0.027653,19.870047,2.318584,0.0618,-0.0353
2014-04-29,浙江美大,sz002677,11.07,10.83,10.88,11.07,10.93,11.3708315,854386,0.017088,20.124561,2.348282,0.0219,0.0174
2014-04-30,浙江美大,sz002677,11.27,11.01,11.08,11.19,11.07,11.494092,769782,0.015396,20.342712,2.373738,0.0234,0.0099
2014-05-05,浙江美大,sz002677,11.48,11.06,11.06,11.45,11.19,11.761157,1065161,0.021303,20.815374,2.428892,0.0375,0.0352
2014-05-06,浙江美大,sz002677,11.64,11.28,11.43,11.44,11.45,11.75089,1148413,0.022968,20.797203,2.426771,0.0314,8.0E-4
2014-05-07,浙江美大,sz002677,11.44,11.11,11.36,11.14,11.44,11.442734,1024131,0.020483,20.251818,2.363131,0.0288,-0.0193
2014-05-08,浙江美大,sz002677,11.55,11.14,11.24,11.32,11.14,11.627625,903573,0.018071,20.579046,2.401315,0.0368,0.0071
2014-05-09,浙江美大,sz002677,11.4,11.2,11.39,11.39,11.32,11.699531,768345,0.015367,20.706306,2.416165,0.0176,0.0
2014-05-12,浙江美大,sz002677,11.74,11.4,11.4,11.65,11.39,11.966597,1195938,0.023919,21.178968,2.471318,0.0298,0.0219
2014-05-13,浙江美大,sz002677,11.7,11.57,11.67,11.58,11.65,11.894689,687032,0.013741,21.051704,2.456468,0.0111,-0.0077
2014-05-14,浙江美大,sz002677,11.82,11.55,11.58,11.79,11.58,12.110399,1161025,0.023221,21.433477,2.501016,0.0233,0.0181
2014-05-15,浙江美大,sz002677,11.44,11.03,11.43,11.09,11.79,11.750877,994222,0.019884,20.797182,2.426769,0.0347,-0.0297
2014-05-16,浙江美大,sz002677,11.18,10.98,11.02,11.11,11.09,11.772064,536897,0.010738,20.834679,2.431144,0.018,0.0081
2014-05-19,浙江美大,sz002677,11.15,11.03,11.1,11.1,11.11,11.76147,683279,0.013666,20.815928,2.428956,0.0108,0.0
2014-05-20,浙江美大,sz002677,11.3,11.13,11.14,11.19,11.1,11.856832,737944,0.014759,20.984703,2.44865,0.0153,0.0044
2014-05-21,浙江美大,sz002677,11.28,11.04,11.13,11.25,11.19,11.920408,685920,0.013718,21.097223,2.46178,0.0214,0.0107
2014-05-22,浙江美大,sz002677,11.38,11.18,11.21,11.32,11.25,11.994576,868179,0.017364,21.22849,2.477097,0.0177,0.0098
2014-05-23,浙江美大,sz002677,11.38,11.22,11.37,11.38,11.32,12.058148,673564,0.013471,21.341002,2.490226,0.0141,8.0E-4
2014-05-26,浙江美大,sz002677,11.57,11.36,11.36,11.57,11.38,12.259471,920503,0.01841,21.697311,2.531802,0.0184,0.0184
2014-05-27,浙江美大,sz002677,11.7,11.44,11.57,11.52,11.57,12.206486,915263,0.018305,21.603535,2.52086,0.0224,-0.0043
2014-05-28,浙江美大,sz002677,11.65,11.36,11.52,11.64,11.52,12.33364,1581696,0.031634,21.828579,2.54712,0.0251,0.0104
2014-05-29,浙江美大,sz002677,11.66,11.38,11.63,11.38,11.64,12.058144,1033820,0.020676,21.340994,2.490225,0.024,-0.0214
2014-05-30,浙江美大,sz002677,11.57,11.38,11.38,11.5,11.38,12.185297,1012368,0.020247,21.566034,2.516484,0.0166,0.0105
2014-06-03,浙江美大,sz002677,11.64,11.5,11.51,11.55,11.5,12.238278,824798,0.016496,21.659803,2.527426,0.0121,0.0034
2014-06-04,浙江美大,sz002677,11.55,11.2,11.55,11.3,11.55,11.973381,907290,0.018146,21.190977,2.47272,0.0303,-0.0216
2014-06-05,浙江美大,sz002677,11.54,11.27,11.28,11.54,11.3,12.227684,808603,0.016172,21.641052,2.525238,0.0238,0.023
2014-06-06,浙江美大,sz002677,11.79,11.45,11.54,11.75,11.54,12.450203,1910530,0.038211,22.034878,2.571192,0.0294,0.0181
2014-06-09,浙江美大,sz002677,11.79,11.56,11.69,11.6,11.75,12.291264,1233079,0.024662,21.753578,2.538368,0.0195,-0.0076
2014-06-10,浙江美大,sz002677,11.84,11.54,11.66,11.75,11.6,12.450202,1094157,0.021883,22.034876,2.571192,0.0258,0.0077
2014-06-11,浙江美大,sz002677,11.86,11.7,11.74,11.81,11.75,12.513773,1449447,0.028989,22.147385,2.58432,0.0136,0.0059
2014-06-12,浙江美大,sz002677,11.89,11.71,11.78,11.83,11.81,12.534959,1309496,0.02619,22.184881,2.588696,0.0152,0.0042
2014-06-13,浙江美大,sz002677,12.4,11.76,11.78,12.3,11.83,13.032972,3628521,0.07257,23.066286,2.691544,0.054,0.0441
2014-06-16,浙江美大,sz002677,12.95,12.27,12.3,12.82,12.3,13.583955,5419617,0.108392,24.041435,2.805332,0.0552,0.0422
2014-06-17,浙江美大,sz002677,12.94,12.59,12.7,12.9,12.82,13.668718,2871852,0.057437,24.191456,2.822837,0.0273,0.0157
2014-06-18,浙江美大,sz002677,12.92,12.62,12.92,12.78,12.9,13.541572,1525346,0.030507,23.966427,2.796579,0.0232,-0.0108
2014-06-19,浙江美大,sz002677,12.85,11.9,12.76,12.13,12.78,12.852834,2435524,0.04871,22.747469,2.654343,0.0743,-0.0493
2014-06-20,浙江美大,sz002677,12.47,12.14,12.2,12.43,12.13,13.170711,1185540,0.023711,23.31006,2.71999,0.0272,0.0188
2014-06-23,浙江美大,sz002677,12.75,12.4,12.43,12.51,12.43,13.255477,1061889,0.021238,23.460083,2.737496,0.0281,0.0064
2014-06-24,浙江美大,sz002677,13.3,12.43,12.44,13.23,12.51,14.018383,4814889,0.096298,24.810305,2.89505,0.0695,0.0635
2014-06-25,浙江美大,sz002677,13.28,12.92,13.28,13.2,13.23,13.986589,4063223,0.081264,24.754036,2.888484,0.0272,-0.006
2014-06-26,浙江美大,sz002677,14.5,13.09,13.16,13.19,13.2,13.975987,7146969,0.142939,24.735271,2.886294,0.1068,0.0022
2014-06-27,浙江美大,sz002677,13.63,13.06,13.18,13.31,13.19,14.103141,3991313,0.079826,24.960314,2.912554,0.0432,0.0098
2014-06-30,浙江美大,sz002677,13.41,13.02,13.3,13.21,13.31,13.997184,2351841,0.047037,24.772785,2.890672,0.0293,-0.0067
2014-07-01,浙江美大,sz002677,13.28,13.01,13.2,13.09,13.21,13.870033,2045081,0.040902,24.54775,2.864413,0.0204,-0.0083
2014-07-02,浙江美大,sz002677,13.24,13.01,13.09,13.15,13.09,13.933614,1838621,0.036772,24.660276,2.877543,0.0175,0.0045
2014-07-03,浙江美大,sz002677,13.17,13.01,13.15,13.09,13.15,13.870034,2122792,0.042456,24.547752,2.864413,0.0121,-0.0045
2014-07-04,浙江美大,sz002677,13.17,12.83,13.12,12.83,13.09,13.594548,2364863,0.047297,24.060184,2.80752,0.0259,-0.0221
2014-07-07,浙江美大,sz002677,12.97,12.71,12.81,12.97,12.83,13.742891,2129413,0.042588,24.32273,2.838156,0.0202,0.0124
2014-07-08,浙江美大,sz002677,13.14,12.81,12.88,13.11,12.97,13.8912325,1602510,0.03205,24.58527,2.868791,0.0254,0.0178
2014-07-09,浙江美大,sz002677,13.18,12.86,13.12,12.86,13.11,13.626341,1725928,0.034519,24.116453,2.814086,0.0244,-0.0198
2014-07-10,浙江美大,sz002677,12.95,12.8,12.85,12.82,12.86,13.583962,1157345,0.023147,24.04145,2.805334,0.0116,-0.0023
2014-07-11,浙江美大,sz002677,13.05,12.77,12.78,13.05,12.82,13.827673,1145730,0.022915,24.472778,2.855664,0.0218,0.0211
2014-07-14,浙江美大,sz002677,13.23,13.05,13.07,13.19,13.05,13.976016,1941194,0.038824,24.735323,2.8863,0.0137,0.0091
2014-07-15,浙江美大,sz002677,13.2,13.02,13.2,13.16,13.19,13.944234,2009499,0.04019,24.679073,2.879737,0.0136,-0.003
2014-07-16,浙江美大,sz002677,13.14,12.88,13.13,12.89,13.16,13.65814,1085066,0.021701,24.172733,2.820653,0.0197,-0.0182
2014-07-17,浙江美大,sz002677,12.94,12.77,12.83,12.86,12.89,13.626358,1029626,0.020593,24.116484,2.814089,0.0131,0.0023
2014-07-18,浙江美大,sz002677,12.97,12.83,12.85,12.88,12.86,13.647547,591299,0.011826,24.153984,2.818465,0.0108,0.0023
2014-07-21,浙江美大,sz002677,12.95,12.75,12.9,12.91,12.88,13.679332,817421,0.016348,24.21024,2.825029,0.0155,7.0E-4
2014-07-22,浙江美大,sz002677,13.13,12.86,12.91,13.1,12.91,13.8806505,1303841,0.026077,24.566542,2.866605,0.0209,0.0147
2014-07-23,浙江美大,sz002677,13.16,12.75,13.09,12.82,13.1,13.583966,1297497,0.02595,24.041456,2.805335,0.0312,-0.0206
2014-07-24,浙江美大,sz002677,12.89,12.34,12.8,12.45,12.82,13.191919,1563004,0.03126,23.347595,2.72437,0.0429,-0.0273
2014-07-25,浙江美大,sz002677,12.64,12.42,12.45,12.58,12.45,13.329669,1304984,0.0261,23.59139,2.752818,0.0176,0.0104
2014-07-28,浙江美大,sz002677,12.92,12.56,12.56,12.88,12.58,13.647542,1135660,0.022713,24.153975,2.818464,0.0286,0.0254
2014-07-29,浙江美大,sz002677,13.08,12.93,12.97,12.98,12.88,13.753501,1234681,0.024694,24.341507,2.840347,0.0116,7.0E-4
2014-07-30,浙江美大,sz002677,13.05,12.9,12.98,12.99,12.98,13.7640915,1048282,0.020966,24.36025,2.842534,0.0115,7.0E-4
2014-07-31,浙江美大,sz002677,13.17,12.98,13.02,13.14,12.99,13.923025,1912429,0.038249,24.641537,2.875356,0.0146,0.0092
2014-08-01,浙江美大,sz002677,13.22,13.01,13.14,13.03,13.14,13.806476,2094310,0.041886,24.435263,2.851287,0.0159,-0.0083
2014-08-04,浙江美大,sz002677,13.24,12.95,12.95,13.24,13.03,14.028995,3286194,0.065724,24.829086,2.897241,0.0222,0.0223
2014-08-05,浙江美大,sz002677,13.31,13.16,13.24,13.3,13.24,14.092574,3024274,0.060485,24.941612,2.910371,0.0113,0.0045
2014-08-06,浙江美大,sz002677,13.44,13.25,13.28,13.33,13.3,14.124367,2101293,0.042026,24.99788,2.916937,0.0142,0.0037
2014-08-07,浙江美大,sz002677,13.36,13.06,13.32,13.07,13.33,13.848871,2053531,0.041071,24.510296,2.860042,0.0225,-0.0187
2014-08-08,浙江美大,sz002677,13.2,13.06,13.06,13.18,13.07,13.965424,1296023,0.02592,24.716576,2.884112,0.0107,0.0091
2014-08-11,浙江美大,sz002677,13.32,13.13,13.13,13.29,13.18,14.081979,1641314,0.032826,24.92286,2.908183,0.0144,0.0121
2014-08-12,浙江美大,sz002677,13.44,13.28,13.32,13.44,13.29,14.240922,2055591,0.041112,25.204165,2.941008,0.012,0.009
2014-08-13,浙江美大,sz002677,13.7,13.35,13.5,13.47,13.44,14.272708,2933625,0.058673,25.26042,2.947572,0.026,-0.0022
2014-08-14,浙江美大,sz002677,13.52,13.36,13.45,13.4,13.47,14.198532,1844949,0.036899,25.12914,2.932254,0.0118,-0.0037
2014-08-15,浙江美大,sz002677,13.63,13.36,13.4,13.58,13.4,14.389261,2387908,0.047758,25.466702,2.971643,0.0201,0.0134
2014-08-18,浙江美大,sz002677,13.8,13.6,13.69,13.77,13.58,14.590582,2342881,0.046858,25.823006,3.013219,0.0147,0.0058
2014-08-19,浙江美大,sz002677,13.83,13.61,13.8,13.69,13.77,14.50581,2138717,0.042774,25.672974,2.995712,0.0159,-0.0079
2014-08-20,浙江美大,sz002677,13.79,13.6,13.67,13.79,13.69,14.611775,2305194,0.046104,25.860516,3.017596,0.0138,0.0087
2014-08-21,浙江美大,sz002677,13.85,13.58,13.77,13.75,13.79,14.5693865,2114063,0.042281,25.785494,3.008842,0.0195,-0.0014
2014-08-22,浙江美大,sz002677,13.84,13.65,13.7,13.81,13.75,14.632967,2093090,0.041862,25.898022,3.021972,0.0138,0.008
2014-08-25,浙江美大,sz002677,14.0,13.71,13.75,13.96,13.81,14.79191,3230471,0.064609,26.179325,3.054797,0.0209,0.0152
2014-08-26,浙江美大,sz002677,14.0,13.36,14.0,13.42,13.96,14.219729,2991401,0.059828,23.317232,2.98803,0.0458,-0.0414
2014-08-27,浙江美大,sz002677,13.5,13.29,13.41,13.39,13.42,14.187948,1644220,0.032884,23.265118,2.981351,0.0156,-0.0014
2014-08-28,浙江美大,sz002677,13.5,13.13,13.38,13.17,13.39,13.954841,1282103,0.025642,22.882874,2.932368,0.0276,-0.0156
2014-08-29,浙江美大,sz002677,13.42,13.15,13.18,13.41,13.17,14.20914,1186168,0.023723,23.299868,2.985804,0.0205,0.0174
2014-09-01,浙江美大,sz002677,13.74,13.42,13.42,13.72,13.41,14.537612,1846801,0.036936,23.83849,3.054827,0.0238,0.0223
2014-09-02,浙江美大,sz002677,13.83,13.66,13.8,13.78,13.72,14.601186,2449796,0.048996,23.942736,3.068186,0.0123,-0.0014
2014-09-03,浙江美大,sz002677,13.99,13.77,13.8,13.85,13.78,14.67536,2377408,0.047548,24.064365,3.083772,0.0159,0.0036
2014-09-04,浙江美大,sz002677,14.1,13.81,13.85,14.04,13.85,14.876676,2321677,0.046434,24.39448,3.126075,0.0209,0.0137
2014-09-05,浙江美大,sz002677,14.16,13.9,13.97,14.1,14.04,14.940259,2281647,0.045633,24.498741,3.139436,0.0185,0.0093
2014-09-09,浙江美大,sz002677,14.43,13.97,14.08,14.29,14.1,15.141579,3054615,0.061092,24.828863,3.18174,0.0326,0.0149
2014-09-10,浙江美大,sz002677,14.41,14.11,14.21,14.34,14.29,15.194559,2409492,0.04819,24.91574,3.192873,0.0209,0.0091
2014-09-11,浙江美大,sz002677,14.8,14.26,14.35,14.49,14.34,15.353495,4379727,0.087595,25.176357,3.226271,0.0376,0.0097
2014-09-12,浙江美大,sz002677,14.87,14.38,14.45,14.83,14.49,15.713749,3760229,0.075205,25.767096,3.301972,0.0338,0.0262
2014-09-15,浙江美大,sz002677,15.41,14.65,14.82,15.05,14.83,15.946862,4693896,0.093878,26.14935,3.350957,0.0512,0.0155
2014-09-16,浙江美大,sz002677,15.5,14.71,15.0,14.78,15.05,15.660775,5226405,0.104528,25.680231,3.29084,0.0524,-0.0146
2014-09-17,浙江美大,sz002677,15.02,14.53,14.88,14.81,14.78,15.692567,3332285,0.066646,25.732363,3.297521,0.0331,-0.0047
2014-09-18,浙江美大,sz002677,14.97,14.62,14.82,14.81,14.81,15.692567,2616565,0.052331,25.732363,3.297521,0.0236,-6.0E-4
2014-09-19,浙江美大,sz002677,15.34,14.72,14.78,15.18,14.81,16.084614,3009885,0.060198,26.375233,3.379903,0.0418,0.027
2014-09-22,浙江美大,sz002677,15.34,15.02,15.2,15.25,15.18,16.158781,3246939,0.064939,26.49685,3.395488,0.021,0.0032
2014-09-23,浙江美大,sz002677,16.15,15.2,15.2,15.98,15.25,16.932285,5009948,0.100199,27.765226,3.558026,0.0622,0.0513
2014-09-24,浙江美大,sz002677,16.37,15.8,15.99,16.35,15.98,17.324335,4274485,0.08549,28.408104,3.640409,0.0356,0.0225
2014-09-25,浙江美大,sz002677,16.44,15.81,16.23,15.96,16.35,16.911098,3561593,0.071232,27.730486,3.553574,0.0385,-0.0166
2014-09-26,浙江美大,sz002677,17.24,15.86,15.86,16.91,15.96,17.917713,5060842,0.101217,29.381113,3.765097,0.0864,0.0662
2014-09-29,浙江美大,sz002677,18.39,17.0,17.0,17.95,16.91,19.01969,6611334,0.132227,31.188112,3.996658,0.0821,0.0558
2014-09-30,浙江美大,sz002677,18.1,17.5,17.99,17.67,17.95,18.723001,4660232,0.093205,30.701609,3.934314,0.0334,-0.0177
2014-10-08,浙江美大,sz002677,17.96,17.28,17.6,17.71,17.67,18.76539,3856102,0.077122,30.771116,3.943221,0.0384,0.0062
2014-10-09,浙江美大,sz002677,18.79,17.35,17.62,18.6,17.71,19.708426,5507920,0.110158,32.31749,4.141384,0.0813,0.0556
2014-10-10,浙江美大,sz002677,18.54,17.54,18.35,17.57,18.6,18.617052,4717341,0.094347,30.527876,3.912051,0.0537,-0.0425
2014-10-13,浙江美大,sz002677,17.53,16.9,17.25,17.27,17.57,18.299166,3248324,0.064966,30.006613,3.845252,0.0358,0.0011
2014-10-14,浙江美大,sz002677,18.38,17.1,17.27,17.45,17.27,18.489899,3734364,0.074687,30.31937,3.885331,0.0741,0.0104
2014-10-15,浙江美大,sz002677,17.7,16.95,17.54,17.3,17.45,18.33096,2188156,0.043763,30.058744,3.851933,0.0429,-0.0136
2014-10-16,浙江美大,sz002677,17.44,17.0,17.07,17.15,17.3,18.17201,3096604,0.061932,29.798105,3.818533,0.0254,0.0046
2014-10-17,浙江美大,sz002677,17.19,16.0,17.06,16.67,17.15,17.663412,3108488,0.06217,28.964115,3.71166,0.0693,-0.0228
2014-10-20,浙江美大,sz002677,17.36,16.53,16.68,17.27,16.67,18.299171,3757681,0.075154,30.006622,3.845254,0.0497,0.0353
2014-10-21,浙江美大,sz002677,18.34,17.2,17.34,18.13,17.27,19.210417,6902138,0.138043,31.500862,4.036736,0.066,0.0455
2014-10-22,浙江美大,sz002677,18.02,17.1,18.0,17.33,18.13,18.362738,4263844,0.085277,30.110855,3.858611,0.0507,-0.0372
2014-10-23,浙江美大,sz002677,17.8,17.07,17.07,17.39,17.33,18.42631,2809881,0.056198,30.215097,3.871969,0.0421,0.0187
2014-10-24,浙江美大,sz002677,18.17,17.49,17.8,17.9,17.39,18.966698,5535474,0.110709,26.506384,3.839183,0.0391,0.0056
2014-10-27,浙江美大,sz002677,17.68,17.01,17.68,17.46,17.9,18.500477,3143199,0.062864,25.854832,3.744812,0.0374,-0.0124
2014-10-28,浙江美大,sz002677,18.19,17.51,17.69,18.19,17.46,19.273981,4743294,0.094866,26.935822,3.901383,0.0389,0.0282
2014-10-29,浙江美大,sz002677,18.9,18.07,18.34,18.6,18.19,19.708418,5930562,0.118611,27.542955,3.98932,0.0456,0.0141
2014-10-30,浙江美大,sz002677,19.5,18.4,18.56,19.5,18.6,20.662048,6083743,0.121675,28.875675,4.182351,0.0591,0.0506
2014-10-31,浙江美大,sz002677,19.99,19.06,19.4,19.09,19.5,20.227608,6729062,0.134581,28.268536,4.094413,0.0476,-0.0159
2014-11-03,浙江美大,sz002677,20.16,19.05,19.05,20.06,19.09,21.255413,5130048,0.102601,29.704918,4.302459,0.0581,0.053
2014-11-04,浙江美大,sz002677,20.35,19.69,19.92,19.91,20.06,21.096466,3111608,0.062232,29.482782,4.270285,0.0329,-5.0E-4
2014-11-05,浙江美大,sz002677,20.13,19.11,19.77,19.23,19.91,20.375937,3415792,0.068316,28.475828,4.124437,0.0512,-0.0273
2014-11-06,浙江美大,sz002677,20.2,19.2,19.33,20.11,19.23,21.30838,3497500,0.06995,29.778938,4.31318,0.052,0.0403
2014-11-07,浙江美大,sz002677,20.28,19.4,20.1,19.75,20.11,20.926918,3262355,0.065247,29.245836,4.235965,0.0437,-0.0174
2014-11-10,浙江美大,sz002677,20.08,19.4,19.55,19.81,19.75,20.990494,2556346,0.051127,29.334686,4.248834,0.0344,0.0132
2014-11-11,浙江美大,sz002677,19.97,18.47,19.75,18.86,19.81,19.983873,5313454,0.106269,27.927912,4.045077,0.0757,-0.045
2014-11-12,浙江美大,sz002677,19.7,18.68,18.71,19.68,18.86,20.852734,3777383,0.075548,29.14216,4.220949,0.054,0.0518
2014-11-13,浙江美大,sz002677,19.55,18.01,19.49,18.31,19.68,19.40109,4940576,0.098812,27.113459,3.927112,0.0782,-0.0605
2014-11-14,浙江美大,sz002677,18.4,17.74,18.19,18.3,18.31,19.390497,2824076,0.056482,27.098656,3.924968,0.036,0.006
2014-11-17,浙江美大,sz002677,18.94,18.28,18.36,18.6,18.3,19.708366,1882122,0.037642,27.542883,3.98931,0.036,0.013
2014-11-18,浙江美大,sz002677,18.69,18.2,18.6,18.47,18.6,19.570625,1282493,0.02565,27.350386,3.961428,0.0263,-0.0069
2014-11-19,浙江美大,sz002677,19.5,18.29,18.45,19.22,18.47,20.365309,3482912,0.069658,28.460976,4.122286,0.0655,0.0417
2014-11-20,浙江美大,sz002677,19.41,19.0,19.2,19.23,19.22,20.375898,1996294,0.039926,28.475775,4.12443,0.0213,0.0015
2014-11-21,浙江美大,sz002677,19.39,19.1,19.24,19.32,19.23,20.471258,1773515,0.03547,28.609041,4.143732,0.015,0.0041
2014-11-24,浙江美大,sz002677,19.59,19.04,19.41,19.2,19.32,20.34411,2181040,0.043621,28.43135,4.117995,0.0284,-0.0108
2014-11-25,浙江美大,sz002677,19.42,19.0,19.2,19.25,19.2,20.397087,2308540,0.046171,28.505386,4.128719,0.0218,0.0026
2014-11-26,浙江美大,sz002677,19.98,19.03,19.23,19.6,19.25,20.767948,3193630,0.063873,29.02367,4.203787,0.0493,0.0192
2014-11-27,浙江美大,sz002677,19.75,19.15,19.75,19.37,19.6,20.524235,2048446,0.040969,28.683079,4.154456,0.0306,-0.0192
2014-11-28,浙江美大,sz002677,19.61,19.2,19.37,19.35,19.37,20.503035,1977134,0.039543,28.653448,4.150164,0.0211,-0.001
2014-12-01,浙江美大,sz002677,19.36,18.38,19.29,18.49,19.35,19.591797,3481092,0.069622,27.379974,3.965714,0.0506,-0.0414
2014-12-02,浙江美大,sz002677,18.9,18.5,18.58,18.53,18.49,19.634174,2006934,0.040139,27.439198,3.974292,0.0216,-0.0026
2014-12-03,浙江美大,sz002677,18.66,18.03,18.61,18.62,18.53,19.729538,3633758,0.072675,27.57247,3.993595,0.0339,5.0E-4
2014-12-04,浙江美大,sz002677,19.02,18.29,18.57,18.63,18.62,19.740131,2805522,0.05611,27.587276,3.99574,0.0392,0.0032
2014-12-05,浙江美大,sz002677,18.59,17.75,18.59,18.0,18.63,19.0726,2924686,0.058494,26.654385,3.86062,0.045,-0.0317
2014-12-08,浙江美大,sz002677,18.17,17.69,17.99,17.8,18.0,18.860683,2275394,0.045508,26.358229,3.817724,0.0266,-0.0105
2014-12-09,浙江美大,sz002677,17.81,16.41,17.81,16.47,17.8,17.451433,4569897,0.091398,24.388767,3.532468,0.0786,-0.0752
2014-12-10,浙江美大,sz002677,17.35,16.4,16.4,17.27,16.47,18.2991,2148293,0.042966,25.573402,3.70405,0.0576,0.053
2014-12-11,浙江美大,sz002677,17.88,17.07,17.23,17.75,17.27,18.807707,2300093,0.046002,26.284191,3.807001,0.0469,0.0301
2014-12-12,浙江美大,sz002677,18.3,17.63,17.79,18.19,17.75,19.27393,1859376,0.037188,26.93575,3.901372,0.0377,0.0224
2014-12-15,浙江美大,sz002677,18.68,18.01,18.19,18.52,18.19,19.623598,1943785,0.038876,27.424417,3.972151,0.0368,0.0181
2014-12-16,浙江美大,sz002677,18.72,18.28,18.48,18.55,18.52,19.655388,2014075,0.040281,27.468845,3.978586,0.0237,0.0037
2014-12-17,浙江美大,sz002677,18.56,17.9,18.38,18.38,18.55,19.475266,1355172,0.027103,27.217121,3.942126,0.0355,0.0
2014-12-18,浙江美大,sz002677,18.68,18.07,18.12,18.1,18.38,19.17858,1647608,0.032952,26.802494,3.882072,0.0331,-0.0011
2014-12-19,浙江美大,sz002677,18.47,17.45,18.1,18.44,18.1,19.538849,2517092,0.050342,27.30598,3.954997,0.0563,0.0187
2014-12-22,浙江美大,sz002677,20.28,18.99,19.58,19.9,18.44,21.085857,11421424,0.228428,29.467958,4.268137,0.0699,0.0163
2014-12-23,浙江美大,sz002677,21.8,19.51,19.8,21.26,19.9,22.526907,9363260,0.187265,31.481857,4.559831,0.115,0.0737
2014-12-24,浙江美大,sz002677,23.39,20.5,21.5,23.39,21.26,24.783833,10129654,0.202593,34.635963,5.016671,0.1359,0.0879
2014-12-25,浙江美大,sz002677,25.73,25.16,25.16,25.73,23.39,27.263283,5657600,0.113152,38.101048,5.518554,0.0243,0.0226
2014-12-26,浙江美大,sz002677,27.95,24.81,26.06,25.53,25.73,27.051365,19976604,0.399532,37.80489,5.475658,0.122,-0.0203
2014-12-29,浙江美大,sz002677,25.18,23.5,24.36,24.93,25.53,26.415604,12338771,0.246775,36.916397,5.346969,0.0658,0.0233
2014-12-30,浙江美大,sz002677,24.68,23.23,24.2,23.41,24.93,24.805017,7969844,0.159397,34.66557,5.020959,0.0581,-0.0326
2014-12-31,浙江美大,sz002677,24.37,23.0,23.1,23.8,23.41,25.21827,5654112,0.113082,35.243095,5.104608,0.0585,0.0303
2015-01-01,浙江美大,sz002677,23.8,23.8,23.8,23.8,23.8,11.685,0,0.0,0.0,0.0,0.0,0.0
2015-01-02,浙江美大,sz002677,23.8,23.8,23.8,23.8,23.8,11.685,0,0.0,0.0,0.0,0.0,0.0
2015-01-05,浙江美大,sz002677,24.32,23.41,24.25,23.71,23.8,11.641,99574,0.099574,35.109806,5.085302,0.0382,-0.0222
2015-01-06,浙江美大,sz002677,23.6,22.3,23.57,23.5,23.71,11.538,125036,0.125037,34.79884,5.040262,0.0548,-0.0029
2015-01-07,浙江美大,sz002677,23.96,22.86,23.16,23.7,23.5,11.636,107266,0.107266,35.095013,5.08316,0.0468,0.0233
2015-01-08,浙江美大,sz002677,23.68,22.8,23.54,22.84,23.7,11.213,79913,0.079913,33.82152,4.898707,0.0371,-0.0297
2015-01-09,浙江美大,sz002677,23.6,22.35,22.35,22.97,22.84,11.277,105634,0.105634,34.01403,4.92659,0.0547,0.0277
2015-01-12,浙江美大,sz002677,23.47,22.04,22.65,23.38,22.97,11.479,108079,0.108079,34.621147,5.014525,0.0622,0.0322
2015-01-13,浙江美大,sz002677,25.48,23.13,23.33,25.11,23.38,12.328,214424,0.214425,37.18294,5.385575,0.1005,0.0762
2015-01-14,浙江美大,sz002677,27.57,24.13,24.49,26.58,25.11,13.05,314410,0.314411,39.359703,5.700857,0.1369,0.0853
2015-01-15,浙江美大,sz002677,26.99,25.06,26.0,25.14,26.58,12.343,211246,0.211247,37.227352,5.392008,0.0726,-0.033
2015-01-16,浙江美大,sz002677,25.89,24.17,24.66,24.9,25.14,12.225,161768,0.161768,36.871944,5.34053,0.0684,0.0097
2015-01-19,浙江美大,sz002677,25.64,23.0,24.21,23.8,24.9,11.685,152473,0.152473,35.24305,5.104602,0.106,-0.0169
2015-01-20,浙江美大,sz002677,25.5,23.7,23.7,25.39,23.8,12.465,141608,0.141609,37.597534,5.445625,0.0756,0.0713
2015-01-21,浙江美大,sz002677,25.69,25.0,25.3,25.4,25.39,12.47,116227,0.116228,37.612347,5.44777,0.0271,0.0039
2015-01-22,浙江美大,sz002677,26.12,25.19,25.39,25.88,25.4,12.706,133631,0.133631,38.323147,5.550722,0.0366,0.0192
2015-01-23,浙江美大,sz002677,25.85,24.59,25.85,24.88,25.88,12.215,107385,0.107385,36.84234,5.336242,0.0486,-0.0375
2015-01-26,浙江美大,sz002677,25.17,24.65,24.87,24.92,24.88,12.235,56691,0.056691,36.90158,5.344823,0.0209,0.002
2015-01-27,浙江美大,sz002677,25.07,23.99,25.01,24.64,24.92,12.097,73997,0.073998,36.486954,5.284769,0.0433,-0.0147
2015-01-28,浙江美大,sz002677,24.34,23.81,24.2,23.99,24.64,11.778,62609,0.062609,35.52443,5.145356,0.0215,-0.0086
2015-01-29,浙江美大,sz002677,24.3,23.55,23.7,24.0,23.99,11.783,37172,0.037172,35.53924,5.147502,0.0312,0.0126
2015-01-30,浙江美大,sz002677,24.29,23.15,23.72,23.68,24.0,11.626,47343,0.047344,35.0654,5.07887,0.0475,-0.0016
2015-02-02,浙江美大,sz002677,24.22,23.2,23.48,23.79,23.68,11.68,49965,0.049966,35.228275,5.102462,0.043,0.0132
2015-02-03,浙江美大,sz002677,24.25,23.4,23.83,24.11,23.79,11.837,51092,0.051093,35.702133,5.171095,0.0357,0.0117
2015-02-04,浙江美大,sz002677,24.34,23.68,24.08,23.68,24.11,11.626,39608,0.039609,35.065384,5.078868,0.0273,-0.0166
2015-02-05,浙江美大,sz002677,24.08,23.0,24.0,23.27,23.68,11.425,48357,0.048357,34.458263,4.990933,0.0456,-0.0304
2015-02-06,浙江美大,sz002677,23.27,22.17,23.27,22.23,23.27,10.914,42291,0.042291,32.91822,4.767873,0.0472,-0.0446
2015-02-09,浙江美大,sz002677,22.4,21.72,22.23,21.88,22.23,10.742,30157,0.030157,32.399956,4.692808,0.0305,-0.0157
2015-02-10,浙江美大,sz002677,23.52,21.81,21.88,22.88,21.88,11.233,42323,0.042324,33.880764,4.907288,0.0781,0.0457
2015-02-11,浙江美大,sz002677,23.16,22.6,22.85,22.82,22.88,11.204,21918,0.021919,33.791927,4.894421,0.0244,-0.0013
2015-02-12,浙江美大,sz002677,23.29,22.8,22.86,23.08,22.82,11.331,22563,0.022564,34.176952,4.950188,0.0214,0.0096
2015-02-13,浙江美大,sz002677,23.48,23.1,23.1,23.44,23.08,11.508,30265,0.030266,34.710045,5.027401,0.0164,0.0147
2015-02-16,浙江美大,sz002677,23.87,23.33,23.44,23.85,23.44,11.709,38286,0.038287,35.317158,5.115335,0.023,0.0174
2015-02-17,浙江美大,sz002677,23.98,23.62,23.87,23.75,23.85,11.66,25231,0.025232,35.16907,5.093887,0.015,-0.005
2015-02-18,浙江美大,sz002677,23.75,23.75,23.75,23.75,23.75,11.66,0,0.0,0.0,0.0,0.0,0.0
2015-02-19,浙江美大,sz002677,23.75,23.75,23.75,23.75,23.75,11.66,0,0.0,0.0,0.0,0.0,0.0
2015-02-20,浙江美大,sz002677,23.75,23.75,23.75,23.75,23.75,11.66,0,0.0,0.0,0.0,0.0,0.0
2015-02-23,浙江美大,sz002677,23.75,23.75,23.75,23.75,23.75,11.66,0,0.0,0.0,0.0,0.0,0.0
2015-02-24,浙江美大,sz002677,23.75,23.75,23.75,23.75,23.75,11.66,0,0.0,0.0,0.0,0.0,0.0
2015-02-25,浙江美大,sz002677,23.79,23.19,23.6,23.48,23.75,11.528,22062,0.022063,34.76927,5.035979,0.0252,-0.005
2015-02-26,浙江美大,sz002677,23.78,23.28,23.28,23.69,23.48,11.631,23069,0.02307,35.08025,5.081021,0.0212,0.0176
2015-02-27,浙江美大,sz002677,23.9,23.65,23.79,23.75,23.69,11.66,36150,0.03615,35.169106,5.093891,0.0105,-0.0016
2015-03-02,浙江美大,sz002677,25.37,23.85,23.89,25.36,23.75,12.451,116767,0.116767,37.553185,5.439201,0.0639,0.0615
2015-03-03,浙江美大,sz002677,25.85,25.0,25.2,25.1,25.36,12.323,109193,0.109194,37.16819,5.383438,0.0335,-0.0039
2015-03-04,浙江美大,sz002677,25.34,24.71,25.05,25.14,25.1,12.343,65571,0.065571,37.227436,5.39202,0.025,0.0035
2015-03-05,浙江美大,sz002677,25.29,24.45,25.15,24.61,25.14,12.082,53408,0.053408,36.442608,5.278345,0.0334,-0.0214
2015-03-06,浙江美大,sz002677,25.8,24.53,24.55,25.32,24.61,12.431,106801,0.106801,37.493977,5.430625,0.0516,0.0313
2015-03-09,浙江美大,sz002677,25.68,24.81,25.14,25.34,25.32,12.441,75779,0.075779,37.523598,5.434916,0.0343,0.0079
2015-03-10,浙江美大,sz002677,25.62,25.1,25.23,25.6,25.34,12.569,69079,0.06908,37.90859,5.490678,0.0205,0.0146
2015-03-11,浙江美大,sz002677,26.18,25.12,25.6,25.41,25.6,12.475,77153,0.077154,37.62723,5.449926,0.0414,-0.0074
2015-03-12,浙江美大,sz002677,25.51,24.5,25.38,24.77,25.41,12.161,63421,0.063422,36.679512,5.312659,0.0397,-0.024
2015-03-13,浙江美大,sz002677,24.96,24.7,24.92,24.84,24.77,12.195,43325,0.043325,36.78317,5.327672,0.0104,-0.0032
2015-03-16,浙江美大,sz002677,25.65,25.05,25.07,25.6,24.84,12.569,70629,0.07063,37.90859,5.490678,0.0241,0.0211
2015-03-17,浙江美大,sz002677,27.3,25.6,25.82,26.77,25.6,13.143,134349,0.13435,39.641125,5.741618,0.0664,0.0367
2015-03-18,浙江美大,sz002677,28.34,26.5,26.96,27.93,26.77,13.712,140595,0.140595,41.358852,5.990414,0.0687,0.0359
2015-03-19,浙江美大,sz002677,27.95,27.31,27.95,27.58,27.93,13.541,89390,0.089391,40.840584,5.915348,0.0229,-0.0132
2015-03-20,浙江美大,sz002677,29.7,27.5,27.54,29.16,27.58,14.316,134908,0.134908,43.18026,6.254227,0.0797,0.0588
2015-03-23,浙江美大,sz002677,31.97,28.87,28.99,31.24,29.16,15.338,141830,0.14183,46.260353,6.700347,0.1063,0.0776
2015-03-24,浙江美大,sz002677,32.97,29.5,31.1,32.62,31.24,16.015,168044,0.168044,48.303856,6.996328,0.111,0.0488
2015-03-25,浙江美大,sz002677,35.88,31.98,32.2,35.88,32.62,17.616,198660,0.198661,53.131294,7.695534,0.1195,0.1142
2015-03-26,浙江美大,sz002677,38.68,33.02,35.9,34.79,35.88,17.08,307259,0.307259,50.51774,7.043716,0.1577,-0.0309
2015-03-27,浙江美大,sz002677,34.79,32.01,33.05,33.33,34.79,16.364,158357,0.158357,48.39771,6.74812,0.0799,0.0084
2015-03-30,浙江美大,sz002677,34.87,32.87,32.87,33.95,33.33,16.668,111436,0.111436,49.298004,6.873648,0.06,0.0328
2015-03-31,浙江美大,sz002677,34.8,33.01,33.61,34.0,33.95,16.693,99677,0.099678,49.37062,6.883773,0.0527,0.0116
2015-04-01,浙江美大,sz002677,36.58,34.0,34.09,36.1,34.0,17.724,139457,0.139458,52.42,7.308949,0.0758,0.0589
2015-04-02,浙江美大,sz002677,36.96,35.2,36.1,36.83,36.1,18.082,129921,0.129922,53.480034,7.456751,0.0487,0.0202
2015-04-03,浙江美大,sz002677,39.0,36.14,36.14,38.9,36.83,19.098,155774,0.155775,56.485825,7.87585,0.0776,0.0763
2015-04-06,浙江美大,sz002677,38.9,38.9,38.9,38.9,38.9,19.098,0,0.0,0.0,0.0,0.0,0.0
2015-04-07,浙江美大,sz002677,39.6,38.15,38.9,39.28,38.9,19.285,135194,0.135194,57.037636,7.952789,0.0372,0.0097
2015-04-08,浙江美大,sz002677,39.3,35.35,39.28,37.64,39.28,18.48,121502,0.121503,54.6562,7.620745,0.1005,-0.0417
2015-04-09,浙江美大,sz002677,37.5,34.37,37.5,35.95,37.64,17.65,111499,0.1115,52.20219,7.278581,0.0831,-0.0413
2015-04-10,浙江美大,sz002677,37.69,35.26,35.87,37.55,35.95,18.435,82471,0.082472,54.5255,7.602521,0.0675,0.0468
2015-04-13,浙江美大,sz002677,38.8,37.6,37.6,37.88,37.55,18.598,87579,0.087579,55.004673,7.669332,0.0319,0.0074
2015-04-14,浙江美大,sz002677,37.5,36.3,37.02,36.4,37.88,17.871,75729,0.07573,52.855583,7.369684,0.0316,-0.0167
2015-04-15,浙江美大,sz002677,36.2,33.49,36.12,33.77,36.4,16.58,75037,0.075038,49.03661,6.837202,0.0744,-0.065
2015-04-16,浙江美大,sz002677,35.18,32.0,33.41,35.18,33.77,17.272,71923,0.071924,51.084038,7.122676,0.0941,0.0529
2015-04-17,浙江美大,sz002677,35.85,34.0,35.33,34.6,35.18,16.987,74612,0.074612,50.241814,7.005244,0.0525,-0.0206
2015-04-20,浙江美大,sz002677,34.65,32.17,34.65,32.34,34.6,15.878,77003,0.077004,46.960117,6.547676,0.0716,-0.0666
2015-04-21,浙江美大,sz002677,33.8,32.18,32.21,33.62,32.34,16.506,55909,0.05591,48.818752,6.806826,0.05,0.0437
2015-04-22,浙江美大,sz002677,35.0,34.0,34.0,34.7,33.62,17.036,59284,0.059284,50.38701,7.025489,0.0297,0.0205
2015-04-23,浙江美大,sz002677,36.37,34.36,34.71,36.1,34.7,17.724,93251,0.093252,52.41992,7.308939,0.0579,0.04
2015-04-24,浙江美大,sz002677,35.7,34.6,35.0,34.84,36.1,17.105,71685,0.071685,49.62122,6.876946,0.0304,-0.0045
2015-04-27,浙江美大,sz002677,35.28,34.0,34.9,34.15,34.84,16.766,62509,0.06251,48.63847,6.740749,0.0367,-0.0214
2015-04-28,浙江美大,sz002677,34.29,32.15,34.15,32.54,34.15,15.976,73545,0.073546,46.34541,6.422956,0.0626,-0.0471
2015-04-29,浙江美大,sz002677,33.6,32.1,32.61,33.14,32.54,16.27,39798,0.039798,47.19997,6.541389,0.046,0.0162
2015-04-30,浙江美大,sz002677,33.4,32.67,33.2,32.75,33.14,16.079,33922,0.033922,46.644524,6.46441,0.022,-0.0135
2015-05-01,浙江美大,sz002677,32.75,32.75,32.75,32.75,32.75,16.079,0,0.0,0.0,0.0,0.0,0.0
2015-05-04,浙江美大,sz002677,33.17,32.47,32.65,32.91,32.75,16.157,30604,0.030605,46.87238,6.495988,0.0213,0.0079
2015-05-05,浙江美大,sz002677,33.2,31.68,33.02,32.01,32.91,15.716,38664,0.038665,45.59056,6.318343,0.0461,-0.0305
2015-05-06,浙江美大,sz002677,33.27,31.99,32.15,32.47,32.01,15.941,45991,0.045991,46.245743,6.409144,0.0399,0.0099
2015-05-07,浙江美大,sz002677,33.0,31.86,32.2,31.86,32.47,15.642,32859,0.032859,45.376926,6.288735,0.0351,-0.0105
2015-05-08,浙江美大,sz002677,33.2,32.15,32.3,33.19,31.86,16.295,46959,0.046959,47.271187,6.551258,0.0329,0.0275
2015-05-11,浙江美大,sz002677,35.98,33.22,33.22,35.75,33.19,17.552,91816,0.091816,50.917305,7.05657,0.0831,0.0761
2015-05-12,浙江美大,sz002677,36.58,35.01,36.0,35.95,35.75,17.65,95554,0.095554,51.202137,7.096044,0.0439,-0.0013
2015-05-13,浙江美大,sz002677,36.4,35.2,35.2,35.35,35.95,17.355,75898,0.075898,50.347572,6.977611,0.0333,0.0042
2015-05-14,浙江美大,sz002677,35.99,35.27,35.27,35.87,35.35,17.611,68324,0.068324,51.08819,7.080252,0.0203,0.017
2015-05-15,浙江美大,sz002677,36.96,35.9,35.9,36.6,35.87,17.969,104680,0.104681,52.127884,7.224342,0.0295,0.0194
2015-05-18,浙江美大,sz002677,37.0,35.4,36.72,37.0,36.6,18.165,97794,0.097794,52.69759,7.303297,0.0437,0.0076
2015-05-19,浙江美大,sz002677,40.7,36.6,36.7,40.7,37.0,19.982,215308,0.215308,57.967346,8.033627,0.1108,0.1089
2015-05-20,浙江美大,sz002677,42.69,39.87,41.0,40.3,40.7,19.786,210132,0.210133,57.397644,7.954672,0.0692,-0.017
2015-05-21,浙江美大,sz002677,41.9,39.61,39.82,41.56,40.3,20.404,132493,0.132492,59.19221,8.203379,0.0568,0.0436
2015-05-22,浙江美大,sz002677,44.6,40.01,42.94,41.29,41.56,20.272,161676,0.161637,58.80766,8.150085,0.1104,-0.0384
2015-05-25,浙江美大,sz002677,43.12,40.05,41.35,42.56,41.29,20.895,122575,0.122574,60.61647,8.400766,0.0743,0.0292
2015-05-26,浙江美大,sz002677,46.15,42.08,42.78,45.85,42.56,22.51,149680,0.149713,65.302284,9.050167,0.0956,0.0717
2015-05-27,浙江美大,sz002677,48.06,44.22,45.4,47.45,45.85,23.296,153405,0.153372,67.5811,9.365985,0.0837,0.0451
2015-05-28,浙江美大,sz002677,52.2,49.0,49.0,51.62,47.45,25.343,235897,0.235896,73.520256,10.189086,0.0674,0.0534
2015-05-29,浙江美大,sz002677,54.03,46.46,51.0,51.04,51.62,25.059,178551,0.17855,72.69418,10.074602,0.1466,7.0E-4
2015-06-01,浙江美大,sz002677,28.07,25.005,26.0,28.07,51.04,13.781,174948,0.174948,79.95791,11.081273,0.06,0.0796
2015-06-02,浙江美大,sz002677,30.375,27.595,28.8,29.645,28.07,14.554,184844,0.184813,84.44433,11.70304,0.099,0.0293
2015-06-03,浙江美大,sz002677,30.075,27.41,30.075,27.65,29.645,13.575,157942,0.157942,78.76153,10.915468,0.0898,-0.0806
2015-06-04,浙江美大,sz002677,27.3,24.66,27.3,25.44,27.65,25.44,146683,0.146683,73.127495,10.134654,0.0954,-0.0681
2015-06-05,浙江美大,sz002677,27.39,25.3,25.9,26.15,25.44,26.15,133971,0.133971,75.168396,10.4175,0.0821,0.0096
2015-06-08,浙江美大,sz002677,25.99,24.11,25.99,24.7,26.15,24.7,122108,0.122108,71.00036,9.839857,0.0718,-0.0496
2015-06-09,浙江美大,sz002677,25.14,23.74,24.6,24.45,24.7,24.45,71459,0.071459,70.28173,9.740263,0.0566,-0.006
2015-06-10,浙江美大,sz002677,25.87,24.05,24.6,25.52,24.45,25.52,113911,0.113911,73.35745,10.166524,0.0744,0.0373
2015-06-11,浙江美大,sz002677,25.46,24.8,25.41,25.16,25.52,25.16,89097,0.089097,72.32263,10.023109,0.0258,-0.0098
2015-06-12,浙江美大,sz002677,27.2,25.0,25.16,26.74,25.16,26.74,154886,0.154886,76.86436,10.652541,0.0874,0.0627
2015-06-15,浙江美大,sz002677,27.19,25.5,26.88,25.6,26.74,25.6,111895,0.111895,73.58742,10.198394,0.0632,-0.0476
2015-06-16,浙江美大,sz002677,25.21,23.04,25.21,23.39,25.6,23.39,93296,0.093296,67.23475,9.317986,0.0847,-0.0721
2015-06-17,浙江美大,sz002677,24.16,23.08,23.39,24.1,23.39,24.1,60559,0.060559,69.27565,9.600832,0.0461,0.0303
2015-06-18,浙江美大,sz002677,24.08,22.85,24.08,22.85,24.1,22.85,54346,0.054346,65.68252,9.102863,0.051,-0.051
2015-06-19,浙江美大,sz002677,22.18,20.57,22.18,20.57,22.85,20.57,56716,0.056716,59.12864,8.194569,0.0704,-0.0725
2015-06-22,浙江美大,sz002677,20.57,20.57,20.57,20.57,20.57,20.57,0,0.0,0.0,0.0,0.0,0.0
2015-06-23,浙江美大,sz002677,20.5,18.51,20.01,19.86,20.57,19.86,86446,0.086446,57.087738,7.911723,0.0967,-0.0074
2015-06-24,浙江美大,sz002677,20.5,19.58,20.3,20.1,19.86,20.1,61427,0.061427,57.77762,8.007333,0.0463,-0.0098
2015-06-25,浙江美大,sz002677,20.44,18.1,20.3,18.51,20.1,18.51,69359,0.069359,53.20715,7.373917,0.1164,-0.0881
2015-06-26,浙江美大,sz002677,17.7,16.66,17.67,16.66,18.51,16.66,57817,0.057817,47.889313,6.636923,0.0561,-0.0571
2015-06-29,浙江美大,sz002677,17.2,14.99,17.01,14.99,16.66,14.99,74333,0.074333,43.088882,5.971638,0.1326,-0.1187
2015-06-30,浙江美大,sz002677,16.0,13.49,14.33,15.9,14.99,15.9,96598,0.096598,45.704685,6.334159,0.1674,0.1095
2015-07-01,浙江美大,sz002677,16.51,14.36,15.86,14.61,15.9,14.61,82815,0.082815,41.996567,5.820255,0.1352,-0.0788
2015-07-02,浙江美大,sz002677,14.9,13.15,14.61,13.16,14.61,13.16,64332,0.064332,37.82853,5.242612,0.1197,-0.0992
2015-07-03,浙江美大,sz002677,14.48,12.0,12.85,13.46,13.16,13.46,110737,0.110737,38.690884,5.362124,0.1884,0.0474
2015-07-06,浙江美大,sz002677,14.81,13.51,14.81,14.81,13.46,14.81,154800,0.1548,42.57147,5.89993,0.0965,0.0
2015-07-07,浙江美大,sz002677,16.2,14.31,14.83,15.83,14.81,15.83,214606,0.214606,45.503468,6.306272,0.1276,0.0674
2015-07-08,浙江美大,sz002677,15.9,14.25,14.25,15.4,15.83,15.4,214348,0.214348,44.26743,6.134971,0.1042,0.0807
2015-07-09,浙江美大,sz002677,16.94,15.1,15.1,16.94,15.4,16.94,131569,0.131569,48.69417,6.748468,0.1194,0.1218
2015-07-10,浙江美大,sz002677,18.63,17.5,18.1,18.63,16.94,18.63,92637,0.092637,53.552094,7.421722,0.0667,0.0292
2015-07-13,浙江美大,sz002677,20.49,19.31,19.85,20.49,18.63,20.49,173095,0.173095,58.898678,8.162699,0.0633,0.0322
2015-07-14,浙江美大,sz002677,22.1,19.48,20.5,21.42,20.49,21.42,218609,0.218609,61.57197,8.533187,0.1278,0.0448
2015-07-15,浙江美大,sz002677,20.9,19.28,20.4,19.28,21.42,19.28,95294,0.095294,55.420525,7.680665,0.0756,-0.0549
2015-07-16,浙江美大,sz002677,20.59,17.35,19.27,19.84,19.28,19.84,130645,0.130645,57.030247,7.903755,0.168,0.0295
2015-07-17,浙江美大,sz002677,21.54,19.84,20.03,21.14,19.84,21.14,121568,0.121568,60.76711,8.421642,0.0856,0.0554
2015-07-20,浙江美大,sz002677,22.0,20.16,20.98,20.67,21.14,20.67,133777,0.133777,59.41609,8.234406,0.087,-0.0147
2015-07-21,浙江美大,sz002677,20.81,19.8,20.2,20.45,20.67,20.45,90982,0.090982,58.7837,8.146764,0.0488,0.0123
2015-07-22,浙江美大,sz002677,20.46,19.5,20.3,19.87,20.45,19.87,84226,0.084226,57.11648,7.915706,0.0469,-0.0211
2015-07-23,浙江美大,sz002677,21.86,20.01,20.01,21.86,19.87,21.86,100172,0.100172,62.836754,8.708472,0.0931,0.0924
2015-07-24,浙江美大,sz002677,23.41,21.86,23.0,22.1,21.86,22.1,213740,0.21374,63.526638,8.804082,0.0709,-0.0391
2015-07-27,浙江美大,sz002677,23.4,20.0,21.28,20.55,22.1,20.55,173332,0.173332,59.071148,8.186601,0.1538,-0.0343
2015-07-28,浙江美大,sz002677,20.96,18.5,18.55,18.65,20.55,18.65,124289,0.124289,53.60958,7.429689,0.1197,0.0053
2015-07-29,浙江美大,sz002677,20.52,18.65,19.36,20.52,18.65,20.52,99912,0.099912,58.984913,8.17465,0.1002,0.0599
2015-07-30,浙江美大,sz002677,21.8,20.0,21.02,20.48,20.52,20.48,125295,0.125295,58.869934,8.158715,0.0877,-0.0256
2015-07-31,浙江美大,sz002677,20.48,20.48,20.48,20.48,20.48,20.48,0,0.0,0.0,0.0,0.0,0.0
2015-08-03,浙江美大,sz002677,20.48,20.48,20.48,20.48,20.48,20.48,0,0.0,0.0,0.0,0.0,0.0
2015-08-04,浙江美大,sz002677,20.48,20.48,20.48,20.48,20.48,20.48,0,0.0,0.0,0.0,0.0,0.0
2015-08-05,浙江美大,sz002677,20.48,20.48,20.48,20.48,20.48,20.48,0,0.0,0.0,0.0,0.0,0.0
2015-08-06,浙江美大,sz002677,20.48,20.48,20.48,20.48,20.48,20.48,0,0.0,0.0,0.0,0.0,0.0
2015-08-07,浙江美大,sz002677,20.48,20.48,20.48,20.48,20.48,20.48,0,0.0,0.0,0.0,0.0,0.0
2015-08-10,浙江美大,sz002677,20.48,20.48,20.48,20.48,20.48,20.48,0,0.0,0.0,0.0,0.0,0.0
2015-08-11,浙江美大,sz002677,20.48,20.48,20.48,20.48,20.48,20.48,0,0.0,0.0,0.0,0.0,0.0
2015-08-12,浙江美大,sz002677,20.48,20.48,20.48,20.48,20.48,20.48,0,0.0,0.0,0.0,0.0,0.0
2015-08-13,浙江美大,sz002677,20.48,20.48,20.48,20.48,20.48,20.48,0,0.0,0.0,0.0,0.0,0.0
2015-08-14,浙江美大,sz002677,20.48,20.48,20.48,20.48,20.48,20.48,0,0.0,0.0,0.0,0.0,0.0
2015-08-17,浙江美大,sz002677,20.48,20.48,20.48,20.48,20.48,20.48,0,0.0,0.0,0.0,0.0,0.0
2015-08-18,浙江美大,sz002677,20.48,20.48,20.48,20.48,20.48,20.48,0,0.0,0.0,0.0,0.0,0.0
2015-08-19,浙江美大,sz002677,20.48,20.48,20.48,20.48,20.48,20.48,0,0.0,0.0,0.0,0.0,0.0
2015-08-20,浙江美大,sz002677,20.48,20.48,20.48,20.48,20.48,20.48,0,0.0,0.0,0.0,0.0,0.0
2015-08-21,浙江美大,sz002677,20.48,20.48,20.48,20.48,20.48,20.48,0,0.0,0.0,0.0,0.0,0.0
2015-08-24,浙江美大,sz002677,20.48,20.48,20.48,20.48,20.48,20.48,0,0.0,0.0,0.0,0.0,0.0
2015-08-25,浙江美大,sz002677,20.48,20.48,20.48,20.48,20.48,20.48,0,0.0,0.0,0.0,0.0,0.0
2015-08-26,浙江美大,sz002677,20.48,20.48,20.48,20.48,20.48,20.48,0,0.0,0.0,0.0,0.0,0.0
2015-08-27,浙江美大,sz002677,20.48,20.48,20.48,20.48,20.48,20.48,0,0.0,0.0,0.0,0.0,0.0
2015-08-28,浙江美大,sz002677,20.48,20.48,20.48,20.48,20.48,20.48,0,0.0,0.0,0.0,0.0,0.0
2015-08-31,浙江美大,sz002677,20.48,20.48,20.48,20.48,20.48,20.48,0,0.0,0.0,0.0,0.0,0.0
2015-09-01,浙江美大,sz002677,20.48,20.48,20.48,20.48,20.48,20.48,0,0.0,0.0,0.0,0.0,0.0
2015-09-02,浙江美大,sz002677,20.48,20.48,20.48,20.48,20.48,20.48,0,0.0,0.0,0.0,0.0,0.0
2015-09-03,浙江美大,sz002677,20.48,20.48,20.48,20.48,20.48,20.48,0,0.0,0.0,0.0,0.0,0.0
2015-09-04,浙江美大,sz002677,20.48,20.48,20.48,20.48,20.48,20.48,0,0.0,0.0,0.0,0.0,0.0
2015-09-07,浙江美大,sz002677,20.48,20.48,20.48,20.48,20.48,20.48,0,0.0,0.0,0.0,0.0,0.0
2015-09-08,浙江美大,sz002677,20.48,20.48,20.48,20.48,20.48,20.48,0,0.0,0.0,0.0,0.0,0.0
2015-09-09,浙江美大,sz002677,20.48,20.48,20.48,20.48,20.48,20.48,0,0.0,0.0,0.0,0.0,0.0
2015-09-10,浙江美大,sz002677,20.48,20.48,20.48,20.48,20.48,20.48,0,0.0,0.0,0.0,0.0,0.0
2015-09-11,浙江美大,sz002677,20.48,20.48,20.48,20.48,20.48,20.48,0,0.0,0.0,0.0,0.0,0.0
2015-09-14,浙江美大,sz002677,20.48,20.48,20.48,20.48,20.48,20.48,0,0.0,0.0,0.0,0.0,0.0
2015-09-15,浙江美大,sz002677,20.48,20.48,20.48,20.48,20.48,20.48,0,0.0,0.0,0.0,0.0,0.0
2015-09-16,浙江美大,sz002677,20.48,20.48,20.48,20.48,20.48,20.48,0,0.0,0.0,0.0,0.0,0.0
2015-09-17,浙江美大,sz002677,20.48,20.48,20.48,20.48,20.48,20.48,0,0.0,0.0,0.0,0.0,0.0
2015-09-18,浙江美大,sz002677,20.48,20.48,20.48,20.48,20.48,20.48,0,0.0,0.0,0.0,0.0,0.0
2015-09-21,浙江美大,sz002677,20.48,20.48,20.48,20.48,20.48,20.48,0,0.0,0.0,0.0,0.0,0.0
2015-09-22,浙江美大,sz002677,20.48,20.48,20.48,20.48,20.48,20.48,0,0.0,0.0,0.0,0.0,0.0
2015-09-23,浙江美大,sz002677,20.48,20.48,20.48,20.48,20.48,20.48,0,0.0,0.0,0.0,0.0,0.0
2015-09-24,浙江美大,sz002677,20.48,20.48,20.48,20.48,20.48,20.48,0,0.0,0.0,0.0,0.0,0.0
2015-09-25,浙江美大,sz002677,20.48,20.48,20.48,20.48,20.48,20.48,0,0.0,0.0,0.0,0.0,0.0
2015-09-28,浙江美大,sz002677,20.48,20.48,20.48,20.48,20.48,20.48,0,0.0,0.0,0.0,0.0,0.0
2015-09-29,浙江美大,sz002677,20.48,20.48,20.48,20.48,20.48,20.48,0,0.0,0.0,0.0,0.0,0.0
2015-09-30,浙江美大,sz002677,20.48,20.48,20.48,20.48,20.48,20.48,0,0.0,0.0,0.0,0.0,0.0
2015-10-01,浙江美大,sz002677,20.48,20.48,20.48,20.48,20.48,20.48,0,0.0,0.0,0.0,0.0,0.0
2015-10-02,浙江美大,sz002677,20.48,20.48,20.48,20.48,20.48,20.48,0,0.0,0.0,0.0,0.0,0.0
2015-10-05,浙江美大,sz002677,20.48,20.48,20.48,20.48,20.48,20.48,0,0.0,0.0,0.0,0.0,0.0
2015-10-06,浙江美大,sz002677,20.48,20.48,20.48,20.48,20.48,20.48,0,0.0,0.0,0.0,0.0,0.0
2015-10-07,浙江美大,sz002677,20.48,20.48,20.48,20.48,20.48,20.48,0,0.0,0.0,0.0,0.0,0.0
2015-10-08,浙江美大,sz002677,20.48,20.48,20.48,20.48,20.48,20.48,0,0.0,0.0,0.0,0.0,0.0
2015-10-09,浙江美大,sz002677,20.48,20.48,20.48,20.48,20.48,20.48,0,0.0,0.0,0.0,0.0,0.0
2015-10-12,浙江美大,sz002677,20.48,20.48,20.48,20.48,20.48,20.48,0,0.0,0.0,0.0,0.0,0.0
2015-10-13,浙江美大,sz002677,20.48,20.48,20.48,20.48,20.48,20.48,0,0.0,0.0,0.0,0.0,0.0
2015-10-14,浙江美大,sz002677,20.48,20.48,20.48,20.48,20.48,20.48,0,0.0,0.0,0.0,0.0,0.0
2015-10-15,浙江美大,sz002677,20.48,20.48,20.48,20.48,20.48,20.48,0,0.0,0.0,0.0,0.0,0.0
2015-10-16,浙江美大,sz002677,20.48,20.48,20.48,20.48,20.48,20.48,0,0.0,0.0,0.0,0.0,0.0
2015-10-19,浙江美大,sz002677,20.48,20.48,20.48,20.48,20.48,20.48,0,0.0,0.0,0.0,0.0,0.0
2015-10-20,浙江美大,sz002677,20.48,20.48,20.48,20.48,20.48,20.48,0,0.0,0.0,0.0,0.0,0.0
2015-10-21,浙江美大,sz002677,20.48,20.48,20.48,20.48,20.48,20.48,0,0.0,0.0,0.0,0.0,0.0
2015-10-22,浙江美大,sz002677,20.48,20.48,20.48,20.48,20.48,20.48,0,0.0,0.0,0.0,0.0,0.0
2015-10-23,浙江美大,sz002677,20.48,20.48,20.48,20.48,20.48,20.48,0,0.0,0.0,0.0,0.0,0.0
2015-10-26,浙江美大,sz002677,20.48,20.48,20.48,20.48,20.48,20.48,0,0.0,0.0,0.0,0.0,0.0
2015-10-27,浙江美大,sz002677,20.48,20.48,20.48,20.48,20.48,20.48,0,0.0,0.0,0.0,0.0,0.0
2015-10-28,浙江美大,sz002677,20.48,20.48,20.48,20.48,20.48,20.48,0,0.0,0.0,0.0,0.0,0.0
2015-10-29,浙江美大,sz002677,20.48,20.48,20.48,20.48,20.48,20.48,0,0.0,0.0,0.0,0.0,0.0
2015-10-30,浙江美大,sz002677,20.48,20.48,20.48,20.48,20.48,20.48,0,0.0,0.0,0.0,0.0,0.0
2015-11-02,浙江美大,sz002677,20.48,20.48,20.48,20.48,20.48,20.48,0,0.0,0.0,0.0,0.0,0.0
2015-11-03,浙江美大,sz002677,0.0,0.0,0.0,0.0,20.48,0.0,0,0.0,0.0,0.0,0.0,0.0
2015-11-04,浙江美大,sz002677,0.0,0.0,0.0,0.0,0.0,0.0,0,0.0,0.0,0.0,0.0,0.0
2015-11-05,浙江美大,sz002677,0.0,0.0,0.0,0.0,0.0,0.0,0,0.0,55.72,0.0,0.0,0.0
2015-11-06,浙江美大,sz002677,0.0,0.0,0.0,0.0,0.0,0.0,0,0.0,55.72,0.0,0.0,0.0
2015-11-09,浙江美大,sz002677,0.0,0.0,0.0,0.0,0.0,0.0,0,0.0,55.72,0.0,0.0,0.0
2015-11-10,浙江美大,sz002677,22.53,22.0,22.53,22.53,0.0,22.53,45376,4.54,61.3,9.2,0.0,0.0
2015-11-11,浙江美大,sz002677,24.68,20.65,24.68,21.68,22.53,21.68,193623,19.36,58.99,8.85,0.1788,-0.1215
2015-11-12,浙江美大,sz002677,21.51,20.65,21.49,20.85,21.68,20.85,139778,13.98,56.73,8.51,0.0396,-0.0297
2015-11-13,浙江美大,sz002677,21.48,20.2,20.4,21.15,20.85,21.15,99275,9.93,57.55,8.64,0.0613,0.0367
2015-11-16,浙江美大,sz002677,21.0,20.3,20.5,20.84,21.15,20.84,59118,5.91,56.7,8.51,0.033,0.0165
2015-11-17,浙江美大,sz002677,21.38,20.13,21.0,20.18,20.84,20.18,92079,9.21,54.91,8.24,0.0599,-0.039
2015-11-18,浙江美大,sz002677,20.18,18.88,19.9,18.93,20.18,18.93,87408,8.74,51.51,7.73,0.0644,-0.0487
2015-11-19,浙江美大,sz002677,19.29,18.9,18.93,19.28,18.93,19.28,43741,4.37,52.46,7.87,0.0206,0.0184
2015-11-20,浙江美大,sz002677,19.38,18.84,19.28,19.09,19.28,19.09,65133,6.51,51.94,7.8,0.028,-0.0098
2015-11-23,浙江美大,sz002677,21.0,19.09,19.09,21.0,19.09,21.0,113425,11.34,57.14,8.58,0.1,0.1
2015-11-24,浙江美大,sz002677,23.1,21.33,21.4,23.1,21.0,23.1,183412,18.34,62.85,9.43,0.0842,0.0794
2015-11-25,浙江美大,sz002677,25.41,23.11,24.42,23.55,23.1,23.55,347434,34.74,64.08,9.62,0.0995,-0.0356
2015-11-26,浙江美大,sz002677,23.96,22.58,23.02,23.2,23.55,23.2,219054,21.91,63.12,9.47,0.0585,0.0078
2015-11-27,浙江美大,sz002677,22.79,20.88,22.5,20.88,23.2,20.88,155651,15.57,56.81,8.53,0.0823,-0.072
2015-11-30,浙江美大,sz002677,20.98,18.9,20.48,20.1,20.88,20.1,110841,11.08,54.69,8.21,0.0996,-0.0185
2015-12-01,浙江美大,sz002677,21.2,19.81,20.0,20.58,20.1,20.58,89822,8.98,55.99,8.4,0.0691,0.0289
2015-12-02,浙江美大,sz002677,20.58,18.91,20.2,19.93,20.58,19.93,64113,6.41,54.23,8.14,0.0811,-0.0133
2015-12-03,浙江美大,sz002677,20.56,19.93,19.93,20.56,19.93,20.56,50896,5.09,55.94,8.4,0.0316,0.0316
2015-12-04,浙江美大,sz002677,21.26,20.56,20.82,21.02,20.56,21.02,81792,8.18,57.19,8.58,0.034,0.0096
2015-12-07,浙江美大,sz002677,21.6,21.1,21.1,21.49,21.02,21.49,72292,7.23,58.47,8.78,0.0237,0.0184
2015-12-08,浙江美大,sz002677,21.8,20.35,21.8,20.35,21.49,20.35,72881,7.29,55.37,8.31,0.0674,-0.0665
2015-12-09,浙江美大,sz002677,20.37,19.69,20.37,19.85,20.35,19.85,47352,4.74,54.01,8.11,0.0334,-0.0255
2015-12-10,浙江美大,sz002677,20.37,19.3,19.65,19.67,19.85,19.67,48530,4.85,53.52,8.03,0.0539,0.001
2015-12-11,浙江美大,sz002677,19.85,18.9,19.85,18.99,19.67,18.99,49835,1.32,51.67,7.75,0.0482,-0.0433
2015-12-14,浙江美大,sz002677,19.4,18.4,18.7,19.27,18.99,19.27,39378,1.04,52.43,7.87,0.0526,0.0304
2015-12-15,浙江美大,sz002677,19.7,19.2,19.3,19.45,19.27,19.45,32318,0.86,52.92,7.94,0.0259,0.0077
2015-12-16,浙江美大,sz002677,19.69,19.2,19.56,19.32,19.45,19.32,38181,1.01,52.57,7.89,0.0251,-0.0122
2015-12-17,浙江美大,sz002677,20.29,19.35,19.35,20.27,19.32,20.27,62985,1.67,55.15,8.28,0.0486,0.0475
2015-12-18,浙江美大,sz002677,20.44,19.61,20.44,19.69,20.27,19.69,51087,1.35,53.57,8.04,0.0409,-0.0366
2015-12-21,浙江美大,sz002677,20.11,19.41,19.64,19.71,19.69,19.71,43403,1.15,53.63,8.05,0.0355,0.0035
2015-12-22,浙江美大,sz002677,19.95,19.5,19.94,19.72,19.71,19.72,38008,1.01,53.65,8.05,0.0228,-0.011
2015-12-23,浙江美大,sz002677,19.86,19.46,19.72,19.53,19.72,19.53,40101,1.06,53.14,7.98,0.0202,-0.0096
2015-12-24,浙江美大,sz002677,19.49,18.87,19.21,19.15,19.53,19.15,35619,0.94,52.1,7.82,0.0317,-0.0031
2015-12-25,浙江美大,sz002677,19.56,19.03,19.17,19.38,19.15,19.38,29325,0.78,52.73,7.91,0.0276,0.0109
2015-12-28,浙江美大,sz002677,19.5,18.92,19.39,19.0,19.38,19.0,38504,1.02,51.7,7.76,0.0299,-0.0201
2015-12-29,浙江美大,sz002677,19.15,18.9,19.0,19.15,19.0,19.15,21488,0.57,52.1,7.82,0.0131,0.0078
2015-12-30,浙江美大,sz002677,19.89,19.06,19.18,19.84,19.15,19.84,51360,1.36,53.98,8.1,0.0433,0.0344
2015-12-31,浙江美大,sz002677,21.82,19.54,19.99,21.82,19.84,21.82,171061,4.53,59.37,8.91,0.1149,0.0915
2016-01-01,浙江美大,sz002677,21.82,19.54,19.99,21.82,21.82,21.82,171061,4.53,59.37,8.91,0.1044,0.0915
2016-01-04,浙江美大,sz002677,23.95,20.55,22.19,20.99,21.82,20.99,200741,5.32,57.11,8.57,0.1558,-0.054
2016-01-05,浙江美大,sz002677,23.09,19.61,20.5,23.09,20.99,23.09,293430,7.77,62.82,9.43,0.1657,0.1263
2016-01-06,浙江美大,sz002677,25.07,22.49,23.1,23.99,23.09,23.99,289019,7.66,65.27,9.8,0.1117,0.0385
2016-01-07,浙江美大,sz002677,23.2,21.59,23.2,21.59,23.99,21.59,59270,1.57,58.74,8.82,0.0671,-0.0693
2016-01-08,浙江美大,sz002677,22.99,19.65,21.95,22.43,21.59,22.43,201037,5.33,61.03,9.16,0.1547,0.0218
2016-01-11,浙江美大,sz002677,21.6,20.19,21.5,20.19,22.43,20.19,128300,3.4,54.93,8.24,0.0628,-0.0609
2016-01-12,浙江美大,sz002677,19.64,18.17,19.2,18.17,20.19,18.17,108337,2.87,49.44,7.42,0.0728,-0.0536
2016-01-13,浙江美大,sz002677,18.0,16.35,17.25,16.35,18.17,16.35,102251,2.71,44.49,6.68,0.0908,-0.0521
2016-01-14,浙江美大,sz002677,17.45,14.73,15.57,17.31,16.35,17.31,113446,3.01,47.1,7.07,0.1663,0.1117
2016-01-15,浙江美大,sz002677,17.2,15.8,16.9,16.15,17.31,16.15,94306,2.5,43.94,6.6,0.0808,-0.0443
2016-01-18,浙江美大,sz002677,16.5,15.02,15.5,15.9,16.15,15.9,64345,1.7,43.26,6.49,0.0916,0.0258
2016-01-19,浙江美大,sz002677,16.7,15.92,15.92,16.52,15.9,16.52,70322,1.86,44.95,6.75,0.049,0.0376
2016-01-20,浙江美大,sz002677,16.9,16.05,16.4,16.16,16.52,16.16,60858,1.61,43.97,6.6,0.0514,-0.0146
2016-01-21,浙江美大,sz002677,16.35,14.87,16.08,14.96,16.16,14.96,66268,1.76,40.7,6.11,0.0915,-0.0696
2016-01-22,浙江美大,sz002677,15.35,14.68,14.8,15.1,14.96,15.1,46050,1.22,41.08,6.17,0.0447,0.0202
2016-01-25,浙江美大,sz002677,16.49,15.3,15.5,15.86,15.1,15.86,54270,1.44,43.15,6.48,0.0788,0.0232
2016-01-26,浙江美大,sz002677,15.8,14.27,15.6,14.28,15.86,14.28,57206,1.52,38.85,5.83,0.0964,-0.0846
2016-01-27,浙江美大,sz002677,14.7,13.03,14.7,14.18,14.28,14.18,44811,1.19,38.58,5.79,0.1169,-0.0353
2016-01-28,浙江美大,sz002677,14.69,13.5,13.86,14.09,14.18,14.09,45340,1.2,38.34,5.75,0.0839,0.0165
2016-01-29,浙江美大,sz002677,14.59,13.79,13.99,14.27,14.09,14.27,45620,1.21,38.83,5.83,0.0567,0.02
2016-02-01,浙江美大,sz002677,14.26,13.26,14.26,13.55,14.27,13.55,32211,0.85,36.87,5.53,0.07,-0.0497
2016-02-02,浙江美大,sz002677,14.18,13.55,13.55,14.05,13.55,14.05,34378,0.91,38.23,5.74,0.0464,0.0369
2016-02-03,浙江美大,sz002677,15.46,14.1,14.1,15.46,14.05,15.46,26481,0.7,42.06,6.31,0.0967,0.0964
2016-02-04,浙江美大,sz002677,17.0,16.13,16.95,16.36,15.46,16.36,107444,2.85,44.51,6.68,0.0562,-0.0348
2016-02-05,浙江美大,sz002677,16.43,15.56,16.4,15.6,16.36,15.6,55378,1.47,42.45,6.37,0.0531,-0.0487
2016-02-08,浙江美大,sz002677,16.43,15.56,16.4,15.6,15.6,15.6,55378,1.47,42.45,6.37,0.0557,-0.0487
2016-02-09,浙江美大,sz002677,16.43,15.56,16.4,15.6,15.6,15.6,55378,1.47,42.45,6.37,0.0557,-0.0487
2016-02-10,浙江美大,sz002677,16.43,15.56,16.4,15.6,15.6,15.6,55378,1.47,42.45,6.37,0.0557,-0.0487
2016-02-11,浙江美大,sz002677,16.43,15.56,16.4,15.6,15.6,15.6,55378,1.47,42.45,6.37,0.0557,-0.0487
2016-02-12,浙江美大,sz002677,16.43,15.56,16.4,15.6,15.6,15.6,55378,1.47,42.45,6.37,0.0557,-0.0487
2016-02-15,浙江美大,sz002677,15.5,14.5,14.83,15.01,15.6,15.01,39632,1.05,40.84,6.13,0.0641,0.0121
2016-02-16,浙江美大,sz002677,15.99,15.17,15.52,15.84,15.01,15.84,49242,1.3,43.1,6.47,0.0546,0.0206
2016-02-17,浙江美大,sz002677,17.19,15.55,15.7,16.49,15.84,16.49,81266,2.15,44.87,6.73,0.1035,0.0503
2016-02-18,浙江美大,sz002677,16.99,16.01,16.4,16.1,16.49,16.1,56659,1.5,43.81,6.57,0.0594,-0.0182
2016-02-19,浙江美大,sz002677,16.5,15.89,16.01,16.19,16.1,16.19,42377,1.12,44.05,6.61,0.0378,0.0112
2016-02-22,浙江美大,sz002677,16.54,16.2,16.32,16.37,16.19,16.37,43889,1.16,44.54,6.68,0.021,0.003
2016-02-23,浙江美大,sz002677,16.85,16.13,16.43,16.48,16.37,16.48,46329,1.23,44.84,6.73,0.0439,0.003
2016-02-24,浙江美大,sz002677,16.57,15.81,16.48,16.16,16.48,16.16,44105,1.17,43.97,6.6,0.0461,-0.0194
2016-02-25,浙江美大,sz002677,16.26,14.54,16.16,14.54,16.16,14.54,52065,1.38,39.56,5.94,0.1064,-0.1002
2016-02-26,浙江美大,sz002677,15.5,14.24,15.5,14.75,14.54,14.75,34803,0.92,40.13,6.02,0.0866,-0.0483
2016-02-29,浙江美大,sz002677,14.75,13.46,14.5,13.82,14.75,13.82,37100,0.98,37.6,5.64,0.0874,-0.0468
2016-03-01,浙江美大,sz002677,14.28,13.71,13.91,14.14,13.82,14.14,27776,0.74,38.47,5.77,0.0412,0.0165
2016-03-02,浙江美大,sz002677,14.8,14.1,14.14,14.74,14.14,14.74,35340,0.94,40.11,6.02,0.0495,0.0424
2016-03-03,浙江美大,sz002677,16.21,14.67,14.74,16.21,14.74,16.21,84504,2.24,44.1,6.62,0.1044,0.0997
2016-03-04,浙江美大,sz002677,16.22,14.63,16.22,14.88,16.21,14.88,77014,2.04,40.49,6.08,0.098,-0.0826
2016-03-07,浙江美大,sz002677,15.49,14.67,14.67,14.98,14.88,14.98,36142,0.96,40.76,6.12,0.0551,0.0211
2016-03-08,浙江美大,sz002677,15.29,14.5,14.92,15.24,14.98,15.24,42970,1.14,41.47,6.22,0.0527,0.0214
2016-03-09,浙江美大,sz002677,15.1,14.57,14.74,14.62,15.24,14.62,27344,0.72,39.78,5.97,0.0347,-0.0081
2016-03-10,浙江美大,sz002677,14.92,14.33,14.72,14.42,14.62,14.42,19469,0.52,39.23,5.89,0.0403,-0.0203
2016-03-11,浙江美大,sz002677,14.7,14.29,14.43,14.5,14.42,14.5,16785,0.44,39.45,5.92,0.0284,0.0048
2016-03-14,浙江美大,sz002677,15.16,14.62,14.62,14.99,14.5,14.99,32277,0.86,40.79,6.12,0.0372,0.0253
2016-03-15,浙江美大,sz002677,15.09,14.7,14.9,14.76,14.99,14.76,22199,0.59,40.16,6.03,0.026,-0.0093
2016-03-16,浙江美大,sz002677,15.01,14.49,14.95,14.75,14.76,14.75,19632,0.52,40.13,6.02,0.0352,-0.0133
2016-03-17,浙江美大,sz002677,15.38,14.73,14.73,15.3,14.75,15.3,47650,1.26,41.63,6.25,0.044,0.0386
2016-03-18,浙江美大,sz002677,15.98,15.2,15.28,15.69,15.3,15.69,55251,1.46,42.69,6.41,0.0509,0.0268
2016-03-21,浙江美大,sz002677,16.42,15.66,15.85,16.08,15.69,16.08,59007,1.56,43.75,6.57,0.0484,0.0145
2016-03-22,浙江美大,sz002677,16.98,16.04,16.46,16.05,16.08,16.05,68518,1.82,43.67,6.55,0.0584,-0.0249
2016-03-23,浙江美大,sz002677,16.35,15.45,15.6,16.3,16.05,16.3,61984,1.64,44.35,6.66,0.056,0.0448
2016-03-24,浙江美大,sz002677,16.18,15.6,16.0,15.66,16.3,15.66,44781,1.19,42.61,6.39,0.0355,-0.0212
2016-03-25,浙江美大,sz002677,15.98,15.52,15.52,15.76,15.66,15.76,26142,0.69,42.88,6.44,0.0293,0.0154
