2016-03-25
2014-01-24,思美传媒,sz002712,40.24,40.24,40.24,40.24,36.58,40.240013,1260038,0.059074,0.0,0.0,0.0,0.0
2014-01-27,思美传媒,sz002712,44.26,44.26,44.26,44.26,40.24,44.26003,590873,0.027702,0.0,0.0,0.0,0.0
2014-01-28,思美传媒,sz002712,48.69,48.69,48.69,48.69,44.26,48.690014,1346974,0.06315,0.0,0.0,0.0,0.0
2014-02-07,思美传媒,sz002712,53.49,46.71,48.7,51.71,48.69,51.710014,12693671,0.595112,0.0,0.0,0.1392,0.0618
2014-02-10,思美传媒,sz002712,56.88,50.66,51.1,56.88,51.71,56.88003,8449745,0.396146,0.0,0.0,0.1202,0.1131
2014-02-11,思美传媒,sz002712,60.58,55.37,56.3,57.9,56.88,57.900005,7825302,0.36687,0.0,0.0,0.0915,0.0284
2014-02-12,思美传媒,sz002712,62.25,56.0,57.3,58.8,57.9,58.800003,6628912,0.310781,0.0,0.0,0.1079,0.0261
2014-02-13,思美传媒,sz002712,59.16,56.3,57.8,57.0,58.8,57.00002,4427194,0.207558,0.0,0.0,0.0486,-0.0138
2014-02-14,思美传媒,sz002712,60.5,56.5,57.5,60.17,57.0,60.170017,5290297,0.248023,0.0,0.0,0.0701,0.0464
2014-02-17,思美传媒,sz002712,62.5,58.98,61.1,61.17,60.17,61.170044,4593182,0.21534,0.0,0.0,0.0585,0.0011
2014-02-18,思美传媒,sz002712,61.0,58.55,60.96,58.87,61.17,58.87005,4710201,0.220826,0.0,0.0,0.04,-0.0342
2014-02-19,思美传媒,sz002712,59.49,54.8,59.11,56.75,58.87,56.75002,3970420,0.186144,0.0,0.0,0.0796,-0.0399
2014-02-20,思美传媒,sz002712,58.3,54.98,56.73,55.8,56.75,55.800026,3555484,0.16669,0.0,0.0,0.0585,-0.0163
2014-02-21,思美传媒,sz002712,61.38,55.21,55.7,61.38,55.8,61.380028,7302094,0.342341,0.0,0.0,0.1105,0.1019
2014-02-24,思美传媒,sz002712,62.15,59.3,61.6,62.0,61.38,62.000027,5049550,0.236736,0.0,0.0,0.0464,0.0064
2014-02-25,思美传媒,sz002712,63.65,55.8,61.45,55.8,62.0,55.800026,7172619,0.336271,0.0,0.0,0.1266,-0.0919
2014-02-26,思美传媒,sz002712,54.7,50.58,53.8,53.28,55.8,53.28004,4047456,0.189755,0.0,0.0,0.0738,-0.0096
2014-02-27,思美传媒,sz002712,54.28,48.88,53.58,49.5,53.28,49.500034,4120730,0.193191,0.0,0.0,0.1013,-0.0761
2014-02-28,思美传媒,sz002712,52.58,48.5,49.35,52.17,49.5,52.170017,3152848,0.147814,0.0,0.0,0.0824,0.0571
2014-03-03,思美传媒,sz002712,56.44,50.51,51.5,56.0,52.17,56.000027,4005636,0.187795,0.0,0.0,0.1136,0.0873
2014-03-04,思美传媒,sz002712,58.8,53.0,54.7,54.9,56.0,54.900017,4574552,0.214467,0.0,0.0,0.1035,0.0036
2014-03-05,思美传媒,sz002712,55.0,52.18,54.6,52.6,54.9,52.600037,2561975,0.120112,0.0,0.0,0.0513,-0.0366
2014-03-06,思美传媒,sz002712,57.6,50.02,52.33,55.88,52.6,55.880016,3822831,0.179224,0.0,0.0,0.1441,0.0678
2014-03-07,思美传媒,sz002712,59.0,54.82,56.5,56.75,55.88,56.75001,4640217,0.217545,0.0,0.0,0.0748,0.0044
2014-03-10,思美传媒,sz002712,55.0,51.09,53.58,52.71,56.75,52.710037,2598935,0.121845,0.0,0.0,0.0688,-0.0162
2014-03-11,思美传媒,sz002712,54.54,51.89,52.68,53.58,52.71,53.580013,1828199,0.085711,0.0,0.0,0.0502,0.017
2014-03-12,思美传媒,sz002712,54.18,50.51,53.1,52.5,53.58,52.500004,2175034,0.101971,0.0,0.0,0.0684,-0.0112
2014-03-13,思美传媒,sz002712,54.97,51.5,52.0,54.7,52.5,54.700016,2194962,0.102906,0.0,0.0,0.066,0.0519
2014-03-14,思美传媒,sz002712,56.44,53.7,54.17,54.86,54.7,54.860012,2330247,0.109248,0.0,0.0,0.05,0.0127
2014-03-17,思美传媒,sz002712,56.28,53.88,54.5,55.97,54.86,55.969994,1744088,0.081767,0.0,0.0,0.0437,0.0269
2014-03-18,思美传媒,sz002712,57.77,55.3,55.71,55.45,55.97,55.449978,2720889,0.127562,0.0,0.0,0.0441,-0.0046
2014-03-19,思美传媒,sz002712,54.6,52.0,54.52,53.1,55.45,53.099953,2675123,0.125417,0.0,0.0,0.0468,-0.026
2014-03-20,思美传媒,sz002712,53.45,51.65,52.99,51.65,53.1,51.649952,1536561,0.072038,0.0,0.0,0.0338,-0.0252
2014-03-21,思美传媒,sz002712,52.93,50.5,50.89,52.48,51.65,52.479965,1021819,0.047906,0.0,0.0,0.047,0.0312
2014-03-24,思美传媒,sz002712,52.75,48.68,52.06,48.83,52.48,48.829987,1785598,0.083713,0.0,0.0,0.0775,-0.062
2014-03-25,思美传媒,sz002712,50.08,47.51,48.33,48.38,48.83,48.379967,1208044,0.056636,0.0,0.0,0.0526,0.001
2014-03-26,思美传媒,sz002712,49.05,48.02,48.42,48.45,48.38,48.449974,809772,0.037964,0.0,0.0,0.0212,6.0E-4
2014-03-27,思美传媒,sz002712,48.37,45.71,48.35,45.8,48.45,45.799953,1463879,0.06863,0.0,0.0,0.0549,-0.0527
2014-03-28,思美传媒,sz002712,47.45,44.9,45.8,45.8,45.8,45.799953,1192430,0.055904,0.0,0.0,0.0556,0.0
2014-03-31,思美传媒,sz002712,46.58,44.28,45.99,45.0,45.8,44.999966,922462,0.043247,0.0,0.0,0.0502,-0.0215
2014-04-01,思美传媒,sz002712,46.3,44.76,45.0,46.1,45.0,46.099945,832710,0.03904,0.0,0.0,0.0342,0.0244
2014-04-02,思美传媒,sz002712,47.2,44.68,46.1,46.96,46.1,46.95994,1347729,0.063185,0.0,0.0,0.0546,0.0186
2014-04-03,思美传媒,sz002712,47.86,46.02,46.52,46.65,46.96,46.649956,1198165,0.056173,0.0,0.0,0.0391,0.0027
2014-04-04,思美传媒,sz002712,46.95,45.58,46.37,46.33,46.65,46.329937,892430,0.041839,0.0,0.0,0.0293,-8.0E-4
2014-04-08,思美传媒,sz002712,47.1,44.88,45.01,46.82,46.33,46.819923,1074533,0.050377,0.0,0.0,0.0479,0.0402
2014-04-09,思美传媒,sz002712,48.49,46.92,47.0,47.89,46.82,47.8899,1752369,0.082156,0.0,0.0,0.0335,0.0189
2014-04-10,思美传媒,sz002712,48.98,47.58,47.78,47.8,47.89,47.799915,1858611,0.087137,0.0,0.0,0.0292,4.0E-4
2014-04-11,思美传媒,sz002712,47.35,46.1,47.3,46.15,47.8,46.14991,1026352,0.048118,0.0,0.0,0.0261,-0.0243
2014-04-14,思美传媒,sz002712,47.0,45.86,45.86,46.51,46.15,46.509926,580554,0.027218,0.0,0.0,0.0247,0.0141
2014-04-15,思美传媒,sz002712,46.66,46.15,46.4,46.63,46.51,46.62992,645496,0.030263,0.0,0.0,0.0109,0.0049
2014-04-16,思美传媒,sz002712,46.58,45.0,46.28,45.11,46.63,45.109924,817670,0.038334,0.0,0.0,0.0338,-0.0252
2014-04-17,思美传媒,sz002712,48.93,45.21,45.21,47.9,45.11,47.89993,2088006,0.097891,0.0,0.0,0.0824,0.0595
2014-04-18,思美传媒,sz002712,46.6,45.66,46.2,45.81,47.9,45.80991,1512977,0.070932,39.751823,6.552444,0.0196,-0.0084
2014-04-21,思美传媒,sz002712,47.18,45.13,45.45,46.17,45.81,46.16993,1370114,0.064234,40.06423,6.603939,0.0447,0.0158
2014-04-22,思美传媒,sz002712,46.8,44.51,46.01,45.01,46.17,45.00991,1049619,0.049209,39.057617,6.438015,0.0495,-0.0217
2014-04-23,思美传媒,sz002712,46.66,44.66,44.95,45.93,45.01,45.929913,982434,0.046059,39.855957,6.569608,0.0444,0.0218
2014-04-24,思美传媒,sz002712,46.1,45.0,46.0,45.75,45.93,45.749916,762522,0.035749,39.69976,6.543862,0.0239,-0.0054
2014-04-25,思美传媒,sz002712,45.74,44.02,45.74,44.02,45.75,44.019928,762589,0.035752,38.198555,6.296412,0.0375,-0.0376
2014-04-28,思美传媒,sz002712,43.11,39.62,43.05,39.62,44.02,39.619915,1614780,0.075705,34.380417,5.667054,0.0792,-0.0796
2014-04-29,思美传媒,sz002712,40.2,38.9,39.25,39.92,39.62,39.919918,1004792,0.047107,34.640747,5.709965,0.0328,0.017
2014-04-30,思美传媒,sz002712,40.25,39.54,40.0,39.8,39.92,39.79992,656890,0.030797,34.536617,5.692801,0.0177,-0.005
2014-05-05,思美传媒,sz002712,40.97,39.32,39.58,40.84,39.8,40.83993,939307,0.044037,35.43909,5.84156,0.0414,0.0318
2014-05-06,思美传媒,sz002712,42.36,40.63,40.94,41.8,40.84,41.799915,827922,0.038815,36.27212,5.978872,0.0423,0.021
2014-05-07,思美传媒,sz002712,43.55,41.18,41.5,42.39,41.8,42.38992,1150854,0.053955,36.784103,6.063263,0.0566,0.0214
2014-05-08,思美传媒,sz002712,42.51,41.36,41.95,41.4,42.39,41.399902,795721,0.037305,35.92501,5.921656,0.0271,-0.0131
2014-05-09,思美传媒,sz002712,41.76,39.61,41.41,40.26,41.4,40.259914,753420,0.035322,34.93578,5.758597,0.0519,-0.0277
2014-05-12,思美传媒,sz002712,41.68,40.01,40.66,41.68,40.26,41.679924,614421,0.028806,36.168,5.961709,0.0414,0.025
2014-05-13,思美传媒,sz002712,42.61,41.25,41.68,41.32,41.68,41.319935,593633,0.027831,35.855618,5.910217,0.0326,-0.0086
2014-05-14,思美传媒,sz002712,42.18,40.51,40.51,41.9,41.32,41.89994,783356,0.036726,36.35892,5.993179,0.0404,0.0343
2014-05-15,思美传媒,sz002712,42.93,41.38,41.79,41.48,41.9,41.479935,1191396,0.055856,35.99446,5.933103,0.0369,-0.0074
2014-05-16,思美传媒,sz002712,41.4,39.36,41.4,40.01,41.48,40.00993,1069609,0.050146,34.718853,5.72284,0.0491,-0.0335
2014-05-19,思美传媒,sz002712,40.39,39.5,39.82,40.0,40.01,39.999928,451502,0.021168,34.710175,5.721409,0.0222,0.0045
2014-05-20,思美传媒,sz002712,44.0,41.19,41.41,44.0,40.0,43.99992,4093954,0.191935,38.18119,6.29355,0.0702,0.0625
2014-05-21,思美传媒,sz002712,45.2,42.81,43.8,45.18,44.0,45.17991,2574416,0.120695,39.205135,6.462331,0.0543,0.0315
2014-05-22,思美传媒,sz002712,45.63,44.0,44.81,44.0,45.18,43.9999,1725001,0.080873,38.181175,6.293548,0.036,-0.018
2014-05-23,思美传媒,sz002712,46.98,43.7,44.19,46.45,44.0,46.4499,2174102,0.101928,40.30718,6.643985,0.0745,0.0511
2014-05-26,思美传媒,sz002712,46.78,46.02,46.45,46.45,46.45,46.4499,1274855,0.059769,40.30718,6.643985,0.0163,0.0
2014-05-27,思美传媒,sz002712,51.1,46.1,46.44,48.33,46.45,48.329914,4408669,0.20669,41.938572,6.912894,0.1076,0.0406
2014-05-28,思美传媒,sz002712,48.5,46.66,47.5,48.4,48.33,48.3999,3391838,0.159018,41.9993,6.922903,0.038,0.0189
2014-05-29,思美传媒,sz002712,48.0,46.66,47.87,46.86,48.4,46.85991,1529904,0.071726,40.662964,6.70263,0.0276,-0.021
2014-05-30,思美传媒,sz002712,47.99,46.0,47.1,46.2,46.86,46.199886,1288964,0.06043,40.090225,6.608224,0.0424,-0.0191
2014-06-03,思美传媒,sz002712,47.62,45.43,45.89,47.07,46.2,47.069878,1419975,0.066572,40.845165,6.732663,0.0474,0.0257
2014-06-04,思美传媒,sz002712,47.97,46.52,46.88,47.18,47.07,47.17988,1195220,0.056035,40.94062,6.748398,0.0308,0.0063
2014-06-05,思美传媒,sz002712,48.88,46.66,47.35,48.76,47.18,48.759888,1790058,0.083923,42.31168,6.974395,0.047,0.0297
2014-06-06,思美传媒,sz002712,49.97,47.68,48.75,48.11,48.76,48.109867,1399886,0.06563,41.747623,6.881419,0.0469,-0.0131
2014-06-09,思美传媒,sz002712,48.57,46.5,48.2,46.69,48.11,46.689857,863643,0.04049,40.5154,6.678307,0.043,-0.0313
2014-06-10,思美传媒,sz002712,48.6,46.35,46.69,48.45,46.69,48.449833,1103090,0.051716,42.04263,6.930046,0.0481,0.0376
2014-06-11,思美传媒,sz002712,48.79,47.68,48.4,48.75,48.45,48.749832,836318,0.039209,42.302956,6.972957,0.0229,0.0072
2014-06-12,思美传媒,sz002712,49.12,48.0,48.7,48.2,48.75,48.199837,834563,0.039126,41.825695,6.894288,0.0229,-0.0102
2014-06-13,思美传媒,sz002712,49.54,48.01,48.25,48.96,48.2,48.959854,1080364,0.05065,42.485203,7.002997,0.0317,0.0147
2014-06-16,思美传媒,sz002712,50.5,48.73,49.01,49.79,48.96,49.789867,1377442,0.064578,43.205456,7.121719,0.0361,0.0159
2014-06-17,思美传媒,sz002712,49.88,48.48,49.78,48.69,49.79,48.68986,821866,0.038531,42.250916,6.964379,0.0281,-0.0218
2014-06-18,思美传媒,sz002712,49.0,46.89,48.3,47.0,48.69,46.999886,1050859,0.049267,40.784428,6.722652,0.0433,-0.0269
2014-06-19,思美传媒,sz002712,47.2,43.14,46.6,43.61,47.0,43.909878,1314870,0.061645,38.103058,6.280671,0.0863,-0.0641
2014-06-20,思美传媒,sz002712,45.14,43.5,43.65,44.91,43.61,45.21883,669904,0.031407,39.23891,6.467898,0.0376,0.0288
2014-06-23,思美传媒,sz002712,49.4,45.31,45.48,48.75,44.91,49.08522,3364032,0.157715,42.593994,7.020929,0.091,0.0718
2014-06-24,思美传媒,sz002712,49.11,48.22,48.5,48.82,48.75,49.15571,1404840,0.065863,42.65516,7.031011,0.0182,0.0065
2014-06-25,思美传媒,sz002712,50.68,48.3,48.68,49.38,48.82,49.719574,2587148,0.121292,43.144455,7.111664,0.0487,0.0143
2014-06-26,思美传媒,sz002712,53.53,49.1,49.24,52.11,49.38,52.46837,4043591,0.189574,45.52974,7.504839,0.0897,0.0582
2014-06-27,思美传媒,sz002712,53.28,51.39,52.41,52.4,52.11,52.760357,2687460,0.125995,45.78311,7.546604,0.0362,-1.0E-4
2014-06-30,思美传媒,sz002712,52.79,50.33,52.38,51.0,52.4,51.350704,2552601,0.119673,44.55988,7.344974,0.0469,-0.0263
2014-07-01,思美传媒,sz002712,51.38,49.7,50.94,50.92,51.0,51.270138,2317253,0.108639,44.489964,7.333449,0.0329,-3.0E-4
2014-07-02,思美传媒,sz002712,51.25,49.11,50.94,50.6,50.92,50.947956,2285862,0.107167,44.21039,7.287366,0.042,-0.0066
2014-07-03,思美传媒,sz002712,50.82,49.07,50.01,50.33,50.6,50.676098,1483009,0.069527,43.974483,7.248481,0.0345,0.0063
2014-07-04,思美传媒,sz002712,51.77,50.5,50.5,51.27,50.33,51.622574,2013727,0.094409,44.795795,7.383861,0.0252,0.0152
2014-07-07,思美传媒,sz002712,51.01,49.32,51.01,49.8,51.27,50.142452,1400461,0.065657,43.51141,7.172151,0.0329,-0.0237
2014-07-08,思美传媒,sz002712,52.5,49.69,49.78,51.68,49.8,52.035378,2391645,0.112127,45.15401,7.442906,0.0564,0.0381
2014-07-09,思美传媒,sz002712,51.08,49.13,51.08,49.37,51.68,49.709503,1959571,0.09187,43.135715,7.110223,0.0377,-0.0334
2014-07-10,思美传媒,sz002712,50.5,48.89,49.45,49.38,49.37,49.719593,1072296,0.050272,43.14447,7.111667,0.0326,-0.0014
2014-07-11,思美传媒,sz002712,49.9,47.31,48.92,48.06,49.38,48.390537,1711455,0.080237,41.991177,6.921565,0.0524,-0.0175
2014-07-14,思美传媒,sz002712,48.77,47.6,48.0,48.77,48.06,49.10541,1036230,0.048581,42.61151,7.023817,0.0243,0.016
2014-07-15,思美传媒,sz002712,48.47,46.7,48.47,47.2,48.77,47.52461,1352429,0.063405,41.23976,6.797706,0.0362,-0.0262
2014-07-16,思美传媒,sz002712,47.4,44.99,47.0,46.04,47.2,46.356644,1230841,0.057705,40.226254,6.630646,0.051,-0.0204
2014-07-17,思美传媒,sz002712,46.4,45.0,45.8,45.8,46.04,46.114986,651553,0.030546,40.016556,6.59608,0.0304,0.0
2014-07-18,思美传媒,sz002712,46.35,45.53,45.53,46.08,45.8,46.396935,524905,0.024609,40.261215,6.636409,0.0179,0.012
2014-07-21,思美传媒,sz002712,46.68,45.08,45.91,46.61,46.08,46.93059,731373,0.034289,40.7243,6.712741,0.0347,0.0152
2014-07-22,思美传媒,sz002712,46.99,46.18,46.43,46.82,46.61,47.142014,612310,0.028707,40.907764,6.742982,0.0173,0.0083
2014-07-23,思美传媒,sz002712,46.71,43.95,46.71,44.05,46.82,44.35295,1248647,0.05854,38.487537,6.344047,0.0589,-0.0569
2014-07-24,思美传媒,sz002712,44.71,43.51,44.08,44.18,44.05,44.483837,686663,0.032193,38.601112,6.362768,0.0272,0.0022
2014-07-25,思美传媒,sz002712,44.68,43.83,44.32,44.3,44.18,44.604656,397726,0.018646,38.705956,6.380049,0.0192,-4.0E-4
2014-07-28,思美传媒,sz002712,45.89,44.32,44.44,45.7,44.3,46.014297,672146,0.031512,39.92918,6.581678,0.0354,0.0283
2014-07-29,思美传媒,sz002712,46.11,45.31,45.7,45.8,45.7,46.114975,613608,0.028768,40.016544,6.596079,0.0175,0.0021
2014-07-30,思美传媒,sz002712,45.99,45.31,45.83,45.97,45.8,46.286156,540920,0.02536,40.165085,6.620563,0.0148,0.003
2014-07-31,思美传媒,sz002712,46.47,45.5,45.97,46.16,45.97,46.477455,990471,0.046436,40.33109,6.647926,0.0211,0.0041
2014-08-01,思美传媒,sz002712,45.99,44.73,45.88,44.8,46.16,45.10809,828478,0.038841,39.142815,6.452058,0.0272,-0.0235
2014-08-04,思美传媒,sz002712,45.46,44.5,44.6,45.08,44.8,45.390015,599818,0.028121,39.387455,6.492384,0.0214,0.0107
2014-08-05,思美传媒,sz002712,47.28,44.65,45.0,47.2,45.08,47.524616,1943721,0.091127,41.23977,6.797707,0.0583,0.0488
2014-08-06,思美传媒,sz002712,47.98,46.75,47.0,47.21,47.2,47.53469,1045217,0.049002,41.248512,6.799148,0.026,0.0044
2014-08-07,思美传媒,sz002712,47.97,46.72,47.31,47.39,47.21,47.715942,1064230,0.049894,41.405792,6.825074,0.0264,0.0016
2014-08-08,思美传媒,sz002712,48.78,47.18,47.39,48.6,47.39,48.934273,1279478,0.059985,42.463005,6.999338,0.0337,0.0255
2014-08-11,思美传媒,sz002712,48.64,48.1,48.6,48.35,48.6,48.682556,760702,0.035664,42.244576,6.963334,0.0111,-0.0051
2014-08-12,思美传媒,sz002712,48.38,46.98,48.38,47.49,48.35,47.81664,1284240,0.060209,41.49317,6.839477,0.0289,-0.0183
2014-08-13,思美传媒,sz002712,47.4,45.8,47.4,46.24,47.49,46.558056,1467923,0.06882,40.40103,6.659455,0.0336,-0.0244
2014-08-14,思美传媒,sz002712,46.45,45.82,46.19,45.9,46.24,46.215717,1074290,0.050366,40.103962,6.610488,0.0136,-0.0062
2014-08-15,思美传媒,sz002712,46.62,45.84,46.04,46.62,45.9,46.940655,943071,0.044214,40.733032,6.71418,0.0169,0.0125
2014-08-18,思美传媒,sz002712,47.9,46.46,46.65,47.87,46.62,48.199276,1395537,0.065426,41.825207,6.894207,0.0308,0.0261
2014-08-19,思美传媒,sz002712,49.59,47.7,48.85,48.2,47.87,48.531563,2121883,0.099479,42.11355,6.941736,0.0394,-0.0133
2014-08-20,思美传媒,sz002712,48.49,47.31,47.97,48.11,48.2,48.440952,1227684,0.057557,42.034924,6.928776,0.0244,0.0029
2014-08-21,思美传媒,sz002712,49.99,47.7,48.0,49.72,48.11,50.06203,2409228,0.112951,43.441624,7.160647,0.0475,0.0358
2014-08-22,思美传媒,sz002712,49.75,48.5,49.75,49.08,49.72,49.41763,1666159,0.078114,42.882442,7.068475,0.0251,-0.0134
2014-08-25,思美传媒,sz002712,47.98,46.44,47.98,46.44,49.08,46.759457,2730482,0.128012,40.575794,6.688262,0.0313,-0.032
2014-08-26,思美传媒,sz002712,46.75,45.85,46.37,46.1,46.44,46.41713,1009855,0.047345,40.27874,6.639297,0.0193,-0.0058
2014-08-27,思美传媒,sz002712,46.5,45.91,46.1,46.28,46.1,46.59839,540860,0.025357,40.436028,6.665224,0.0127,0.0039
2014-08-28,思美传媒,sz002712,46.4,45.01,46.28,45.17,46.28,45.480774,862007,0.040413,39.46621,6.505365,0.03,-0.0239
2014-08-29,思美传媒,sz002712,45.73,45.17,45.21,45.63,45.17,45.94395,460070,0.021569,39.868134,6.571616,0.0123,0.0092
2014-09-01,思美传媒,sz002712,46.72,45.72,45.72,46.49,45.63,46.809856,674862,0.031639,40.61953,6.695471,0.0219,0.0168
2014-09-02,思美传媒,sz002712,47.15,46.4,46.74,47.04,46.49,47.363663,1239690,0.05812,41.100098,6.774685,0.0161,0.0064
2014-09-03,思美传媒,sz002712,47.8,46.63,47.18,47.5,47.04,47.82683,1750511,0.082068,41.502018,6.840935,0.0248,0.0067
2014-09-04,思美传媒,sz002712,52.25,47.31,47.36,52.25,47.5,52.609516,4578660,0.214659,45.652218,7.525028,0.1039,0.1032
2014-09-05,思美传媒,sz002712,52.96,50.88,52.6,51.86,52.25,52.21684,3429069,0.160764,45.31147,7.468861,0.0398,-0.014
2014-09-09,思美传媒,sz002712,51.79,50.67,51.79,51.39,51.86,51.743595,2228143,0.104461,44.900814,7.401171,0.0215,-0.0077
2014-09-10,思美传媒,sz002712,52.4,50.89,51.03,51.5,51.39,51.85433,1826865,0.085648,44.996902,7.41701,0.0293,0.0092
2014-09-11,思美传媒,sz002712,52.33,50.52,51.4,50.9,51.5,51.250225,1758464,0.082441,44.472687,7.330601,0.0351,-0.0097
2014-09-12,思美传媒,sz002712,51.07,50.01,50.7,50.95,50.9,51.300552,1015640,0.047616,44.516357,7.3378,0.0208,0.0049
2014-09-15,思美传媒,sz002712,52.06,50.51,51.18,51.52,50.95,51.87445,1693003,0.079372,45.014362,7.419888,0.0304,0.0066
2014-09-16,思美传媒,sz002712,52.44,48.79,51.34,48.8,51.52,49.13574,2113557,0.099089,42.63783,7.028155,0.0708,-0.0494
2014-09-17,思美传媒,sz002712,49.33,48.0,48.77,49.0,48.8,49.337097,1459204,0.068411,42.81256,7.056957,0.0272,0.0047
2014-09-18,思美传媒,sz002712,49.85,48.82,49.3,49.82,49.0,50.162754,993179,0.046563,43.52903,7.175055,0.021,0.0105
2014-09-19,思美传媒,sz002712,50.29,49.34,50.0,49.81,49.82,50.15267,809940,0.037972,43.52028,7.173612,0.019,-0.0037
2014-09-22,思美传媒,sz002712,49.6,48.65,49.5,49.0,49.81,49.33709,764781,0.035855,42.812553,7.056955,0.019,-0.0101
2014-09-23,思美传媒,sz002712,50.0,48.83,48.83,49.8,49.0,50.142616,918567,0.043065,43.511555,7.172174,0.0238,0.0198
2014-09-24,思美传媒,sz002712,50.3,49.33,49.8,50.29,49.8,50.63597,1352849,0.063425,43.939663,7.242741,0.0194,0.0098
2014-09-25,思美传媒,sz002712,50.6,49.82,50.42,49.89,50.29,50.23321,1365638,0.064025,43.590168,7.185132,0.0155,-0.0105
2014-09-26,思美传媒,sz002712,50.7,49.53,49.69,50.68,49.89,51.028652,972059,0.045573,44.28042,7.298909,0.0234,0.0199
2014-09-29,思美传媒,sz002712,51.28,50.3,51.28,50.57,50.68,50.917923,1442484,0.067627,44.18433,7.28307,0.0193,-0.0138
2014-09-30,思美传媒,sz002712,50.94,50.4,50.76,50.85,50.57,51.199856,1004727,0.047104,44.428978,7.323397,0.0106,0.0017
2014-10-08,思美传媒,sz002712,51.16,50.12,50.7,51.16,50.85,51.511967,1150638,0.053945,44.699818,7.36804,0.0204,0.009
2014-10-09,思美传媒,sz002712,52.7,50.85,51.17,52.1,51.16,52.45845,2240200,0.105026,45.52113,7.50342,0.0361,0.0181
2014-10-10,思美传媒,sz002712,51.9,50.75,51.38,50.84,52.1,51.189793,1236919,0.05799,44.420246,7.321958,0.022,-0.0105
2014-10-13,思美传媒,sz002712,53.05,49.75,50.31,52.65,50.84,53.012253,2027225,0.095042,46.001698,7.582634,0.0649,0.0465
2014-10-14,思美传媒,sz002712,52.92,51.4,52.2,51.66,52.65,52.015465,1354339,0.063495,45.136726,7.440058,0.0288,-0.0103
2014-10-15,思美传媒,sz002712,54.38,51.22,51.71,53.8,51.66,54.170204,2833259,0.132831,47.006516,7.748262,0.0611,0.0404
2014-10-16,思美传媒,sz002712,55.15,52.8,53.0,53.17,53.8,53.53587,2357050,0.110505,46.45607,7.65753,0.0436,0.0032
2014-10-17,思美传媒,sz002712,57.7,52.81,52.95,56.55,53.17,56.939148,3787108,0.177549,49.409283,8.144319,0.0919,0.0679
2014-10-20,思美传媒,sz002712,57.5,55.26,56.01,57.07,56.55,57.462704,2291894,0.10745,49.8636,8.219206,0.0396,0.0189
2014-10-21,思美传媒,sz002712,58.2,56.0,56.8,56.39,57.07,56.778034,2085015,0.097751,49.269478,8.121274,0.0385,-0.0072
2014-10-22,思美传媒,sz002712,56.48,53.8,56.45,53.8,56.39,54.17022,2057186,0.096446,47.00653,7.748264,0.0475,-0.0469
2014-10-23,思美传媒,sz002712,53.68,52.02,53.51,52.65,53.8,53.01233,1631513,0.07649,46.001762,7.582645,0.0308,-0.016
2014-10-24,思美传媒,sz002712,53.5,52.02,52.83,52.39,52.65,52.750557,1386775,0.065016,45.77461,7.545202,0.0281,-0.0083
2014-10-27,思美传媒,sz002712,51.38,49.0,51.38,50.85,52.39,51.19995,1589407,0.074516,44.42906,7.323411,0.0454,-0.0103
2014-10-28,思美传媒,sz002712,52.4,50.6,50.6,52.35,50.85,52.7103,917531,0.043016,45.739677,7.539444,0.0353,0.0345
2014-10-29,思美传媒,sz002712,53.69,51.88,52.53,52.06,52.35,52.418285,1579516,0.074052,45.48628,7.497676,0.0345,-0.0089
2014-10-30,思美传媒,sz002712,52.9,51.4,52.01,52.0,52.06,52.357845,1366343,0.064058,45.43383,7.489031,0.0288,-1.0E-4
2014-10-31,思美传媒,sz002712,52.86,50.73,51.93,52.61,52.0,52.972057,1330059,0.062357,45.966816,7.576885,0.0409,0.013
2014-11-03,思美传媒,sz002712,54.28,52.52,52.52,54.12,52.61,54.492462,1415447,0.06636,47.286156,7.794356,0.0334,0.0304
2014-11-04,思美传媒,sz002712,54.49,52.7,54.13,52.89,54.12,53.25401,994695,0.046634,46.211483,7.617214,0.033,-0.0229
2014-11-05,思美传媒,sz002712,53.48,52.1,52.1,52.53,52.89,52.89151,633022,0.029678,45.896923,7.565364,0.026,0.0082
2014-11-06,思美传媒,sz002712,54.55,52.53,52.53,54.51,52.53,54.88515,1378279,0.064617,47.626915,7.850525,0.0384,0.0376
2014-11-07,思美传媒,sz002712,55.92,53.85,55.25,54.18,54.51,54.552876,2104361,0.098658,47.33858,7.802998,0.0379,-0.0193
2014-11-10,思美传媒,sz002712,55.5,53.37,53.95,55.5,54.18,55.881947,1521335,0.071324,48.49189,7.993102,0.0393,0.0287
2014-11-11,思美传媒,sz002712,56.47,53.5,55.0,55.03,55.5,55.408737,2152575,0.100918,48.08126,7.925417,0.0535,5.0E-4
2014-11-12,思美传媒,sz002712,58.79,54.55,55.03,57.9,55.03,58.29847,3022742,0.141714,50.588844,8.338751,0.077,0.0521
2014-11-13,思美传媒,sz002712,56.88,55.11,56.5,55.35,57.9,55.73095,2056381,0.096408,48.360863,7.971504,0.0305,-0.0203
2014-11-14,思美传媒,sz002712,55.3,51.51,54.81,52.21,55.35,52.569332,1992232,0.093401,45.617348,7.519281,0.0684,-0.0474
2014-11-17,思美传媒,sz002712,53.5,51.61,51.66,52.65,52.21,53.012386,920675,0.043164,46.001812,7.582653,0.0361,0.0191
2014-11-18,思美传媒,sz002712,53.19,52.25,52.8,52.8,52.65,53.163418,653179,0.030623,46.13287,7.604256,0.0178,0.0
2014-11-19,思美传媒,sz002712,53.79,52.58,52.89,53.23,52.8,53.596382,1062635,0.049819,46.50858,7.666185,0.0229,0.0064
2014-11-20,思美传媒,sz002712,53.01,52.1,52.88,52.9,53.23,53.264084,670569,0.031438,46.220222,7.618655,0.017,3.0E-4
2014-11-21,思美传媒,sz002712,54.89,52.81,52.95,53.7,52.9,54.069595,1572814,0.073738,46.919212,7.733872,0.0393,0.0141
2014-11-24,思美传媒,sz002712,54.59,53.0,54.3,54.05,53.7,54.42202,1178440,0.055248,47.225033,7.784281,0.0296,-0.0046
2014-11-25,思美传媒,sz002712,54.5,53.53,53.75,54.2,54.05,54.573044,1076346,0.050462,47.356083,7.805882,0.0179,0.0083
2014-11-26,思美传媒,sz002712,55.46,51.0,54.1,54.55,54.2,54.925476,1354805,0.063517,47.661907,7.856293,0.0822,0.0083
2014-11-27,思美传媒,sz002712,56.57,54.0,54.57,55.05,54.55,55.42892,1535333,0.07198,48.098778,7.928304,0.0471,0.0087
2014-11-28,思美传媒,sz002712,56.46,54.8,55.45,55.6,55.05,55.98271,1510466,0.070815,48.57933,8.007515,0.0301,0.0027
2014-12-01,思美传媒,sz002712,60.99,54.98,55.69,59.23,55.6,59.63771,3416217,0.160161,51.75098,8.53031,0.108,0.0635
2014-12-02,思美传媒,sz002712,60.24,58.0,58.65,58.85,59.23,59.255077,2225789,0.104351,51.418945,8.475579,0.0378,0.0034
2014-12-03,思美传媒,sz002712,61.8,57.19,58.78,60.0,58.85,60.41298,3004987,0.140882,52.42372,8.641201,0.0783,0.0207
2014-12-04,思美传媒,sz002712,61.4,59.0,60.91,60.03,60.0,60.443188,2444543,0.114607,52.449932,8.645521,0.0399,-0.0144
2014-12-05,思美传媒,sz002712,59.8,55.55,59.78,55.71,60.03,56.093452,2783648,0.130505,48.675426,8.023355,0.0707,-0.068
2014-12-08,思美传媒,sz002712,56.78,53.7,55.36,54.24,55.71,54.613316,1859232,0.087166,47.39103,7.811643,0.0552,-0.0202
2014-12-09,思美传媒,sz002712,56.1,52.3,53.86,52.4,54.24,52.760666,1878702,0.088078,45.783382,7.546648,0.07,-0.0271
2014-12-10,思美传媒,sz002712,55.89,52.47,52.47,55.33,52.4,55.710835,1754005,0.082232,48.343407,7.968627,0.0652,0.0545
2014-12-11,思美传媒,sz002712,55.77,54.2,55.33,54.78,55.33,55.157066,1061893,0.049784,47.862873,7.889419,0.0283,-0.0099
2014-12-12,思美传媒,sz002712,55.74,54.6,54.61,55.36,54.78,55.74107,865415,0.040573,48.369644,7.972952,0.0208,0.0137
2014-12-17,思美传媒,sz002712,60.65,56.69,57.19,57.72,55.36,58.117313,3260942,0.152881,50.431644,8.312839,0.0715,0.0092
2014-12-18,思美传媒,sz002712,60.86,56.68,56.95,59.0,57.72,59.40612,2175688,0.102002,51.550014,8.497184,0.0724,0.0359
2014-12-19,思美传媒,sz002712,58.2,53.83,58.2,54.7,59.0,55.076546,1681135,0.078816,47.793,7.877901,0.074,-0.0601
2014-12-22,思美传媒,sz002712,54.59,49.23,54.01,49.23,54.7,49.56889,1694084,0.079423,43.0137,7.090111,0.0979,-0.0885
2014-12-23,思美传媒,sz002712,50.45,48.01,49.2,49.01,49.23,49.347366,678191,0.031795,42.82147,7.058425,0.0495,-0.0038
2014-12-24,思美传媒,sz002712,51.2,49.43,49.81,50.98,49.01,51.330933,704990,0.033052,44.54272,7.342146,0.0361,0.0234
2014-12-25,思美传媒,sz002712,51.96,50.5,50.88,51.23,50.98,51.58266,548770,0.025728,44.761158,7.378152,0.0286,0.0068
2014-12-26,思美传媒,sz002712,51.48,50.2,51.0,50.7,51.23,51.048985,731448,0.034292,44.29806,7.301817,0.0249,-0.0058
2014-12-29,思美传媒,sz002712,50.1,47.5,50.0,48.0,50.7,48.33042,1119504,0.052485,41.93901,6.912966,0.0512,-0.04
2014-12-30,思美传媒,sz002712,48.48,46.0,47.5,47.0,48.0,47.323555,709979,0.033286,41.065296,6.768948,0.0516,-0.0105
2014-12-31,思美传媒,sz002712,47.66,45.04,47.0,46.01,47.0,46.326733,1033970,0.048475,40.2003,6.626367,0.0557,-0.021
2015-01-01,思美传媒,sz002712,46.01,46.01,46.01,46.01,46.01,45.92,0,0.0,0.0,0.0,0.0,0.0
2015-01-02,思美传媒,sz002712,46.01,46.01,46.01,46.01,46.01,45.92,0,0.0,0.0,0.0,0.0,0.0
2015-01-05,思美传媒,sz002712,45.8,44.13,44.14,45.28,46.01,45.19,8731,0.040937,39.562477,6.521233,0.0362,0.0258
2015-01-06,思美传媒,sz002712,47.88,44.6,45.05,47.47,45.28,47.37,9059,0.042473,41.47596,6.836639,0.0724,0.0537
2015-01-07,思美传媒,sz002712,47.47,45.59,47.4,46.17,47.47,46.07,7023,0.032927,40.340096,6.649411,0.0396,-0.0259
2015-01-08,思美传媒,sz002712,47.29,46.0,46.21,46.58,46.17,46.48,6794,0.031854,40.69832,6.708458,0.0279,0.008
2015-01-09,思美传媒,sz002712,47.29,46.08,46.59,46.16,46.58,46.06,6598,0.030934,40.33134,6.647968,0.0259,-0.0092
2015-01-12,思美传媒,sz002712,46.12,45.07,46.0,45.65,46.16,45.56,3971,0.018621,39.88572,6.574514,0.0227,-0.0076
2015-01-13,思美传媒,sz002712,48.18,45.63,45.95,47.72,45.65,47.62,10516,0.049303,41.694336,6.872636,0.0558,0.0385
2015-01-14,思美传媒,sz002712,48.98,46.81,47.72,48.59,47.72,48.49,9235,0.043298,42.454468,6.997931,0.0454,0.0182
2015-01-15,思美传媒,sz002712,48.57,47.29,48.3,47.58,48.59,47.48,4365,0.020467,41.572006,6.852472,0.0263,-0.0149
2015-01-16,思美传媒,sz002712,50.55,47.32,47.57,50.5,47.58,50.4,14328,0.067177,44.123283,7.273008,0.0678,0.0615
2015-01-19,思美传媒,sz002712,54.14,48.89,49.0,50.4,50.5,50.3,16901,0.079237,44.03592,7.258607,0.1039,0.0285
2015-01-20,思美传媒,sz002712,52.88,50.02,51.05,52.4,50.4,52.29,10520,0.049324,45.783398,7.546651,0.0567,0.0264
2015-01-21,思美传媒,sz002712,53.42,51.6,52.3,52.55,52.4,52.44,9398,0.04406,45.914474,7.568257,0.0347,0.0047
2015-01-22,思美传媒,sz002712,53.48,52.0,52.0,52.7,52.55,52.59,5726,0.026849,46.045513,7.589856,0.0281,0.0134
2015-01-23,思美传媒,sz002712,53.5,49.95,53.01,50.45,52.7,50.35,9162,0.038039,44.079647,7.265815,0.0673,-0.0482
2015-01-26,思美传媒,sz002712,55.5,50.55,51.35,55.5,50.45,55.39,19390,0.080501,48.491974,7.993116,0.0981,0.0808
2015-01-27,思美传媒,sz002712,57.99,55.03,55.8,57.01,55.5,56.89,25370,0.105326,49.811295,8.210585,0.0533,0.0216
2015-01-28,思美传媒,sz002712,62.71,56.2,56.5,62.52,57.01,62.39,41114,0.170692,54.625557,9.004138,0.1141,0.1065
2015-01-29,思美传媒,sz002712,63.6,60.55,62.52,61.42,62.52,61.29,19909,0.082658,53.664474,8.845719,0.0487,-0.0175
2015-01-30,思美传媒,sz002712,62.83,59.1,61.87,59.1,61.42,58.98,15547,0.064546,51.637405,8.51159,0.0607,-0.0447
2015-02-02,思美传媒,sz002712,60.55,57.53,59.02,59.8,59.1,59.68,15169,0.062978,52.249,8.612401,0.051,0.0132
2015-02-03,思美传媒,sz002712,62.5,59.0,59.35,60.28,59.8,60.16,27212,0.112977,52.668404,8.681533,0.0585,0.0156
2015-02-04,思美传媒,sz002712,62.7,57.9,60.0,61.68,60.28,61.55,22696,0.094228,53.89163,8.883161,0.0796,0.0279
2015-02-05,思美传媒,sz002712,67.85,60.87,61.0,64.5,61.68,64.37,29671,0.123183,56.355553,9.289299,0.1131,0.0573
2015-02-06,思美传媒,sz002712,68.9,65.2,65.56,66.3,64.5,66.16,22242,0.09234,57.92827,9.548536,0.0573,0.0112
2015-02-09,思美传媒,sz002712,67.48,63.1,66.1,64.45,66.3,64.32,11246,0.046691,56.311893,9.282103,0.066,-0.0249
2015-02-10,思美传媒,sz002712,68.0,62.56,64.43,67.18,64.45,67.04,8423,0.034971,58.697155,9.675274,0.0844,0.0426
2015-02-11,思美传媒,sz002712,73.1,66.11,67.17,73.08,67.18,72.93,16810,0.069791,63.852173,10.524996,0.104,0.0879
2015-02-12,思美传媒,sz002712,73.5,70.88,72.76,71.58,73.08,71.43,6429,0.026693,62.541607,10.30897,0.0358,-0.0162
2015-02-13,思美传媒,sz002712,73.5,71.08,72.1,72.38,71.58,72.23,8791,0.0365,63.240574,10.424183,0.0338,0.0038
2015-02-16,思美传媒,sz002712,76.38,71.0,72.5,75.8,72.38,75.64,13333,0.055355,66.22875,10.916736,0.0743,0.0455
2015-02-17,思美传媒,sz002712,76.18,73.03,75.8,73.7,75.8,73.55,5258,0.02183,64.39395,10.614299,0.0415,-0.0277
2015-02-18,思美传媒,sz002712,73.7,73.7,73.7,73.7,73.7,73.55,0,0.0,0.0,0.0,0.0,0.0
2015-02-19,思美传媒,sz002712,73.7,73.7,73.7,73.7,73.7,73.55,0,0.0,0.0,0.0,0.0,0.0
2015-02-20,思美传媒,sz002712,73.7,73.7,73.7,73.7,73.7,73.55,0,0.0,0.0,0.0,0.0,0.0
2015-02-23,思美传媒,sz002712,73.7,73.7,73.7,73.7,73.7,73.55,0,0.0,0.0,0.0,0.0,0.0
2015-02-24,思美传媒,sz002712,73.7,73.7,73.7,73.7,73.7,73.55,0,0.0,0.0,0.0,0.0,0.0
2015-02-25,思美传媒,sz002712,73.48,66.51,72.0,67.99,73.7,67.85,13607,0.056492,59.404964,9.791945,0.0945,-0.0556
2015-02-26,思美传媒,sz002712,69.5,66.01,67.88,67.6,67.99,67.46,12714,0.052785,59.064217,9.735779,0.0513,-0.0041
2015-02-27,思美传媒,sz002712,71.1,67.53,67.76,70.03,67.6,69.89,9672,0.040158,61.1874,10.085751,0.0528,0.0335
2015-03-02,思美传媒,sz002712,70.98,68.13,69.15,70.68,70.03,70.53,6549,0.027192,61.75534,10.179367,0.0406,0.0221
2015-03-03,思美传媒,sz002712,70.65,67.4,70.65,67.51,70.68,67.37,7474,0.031029,58.985615,9.722822,0.0459,-0.0444
2015-03-04,思美传媒,sz002712,70.0,66.33,67.68,69.06,67.51,68.92,15350,0.06373,60.339924,9.946058,0.0543,0.0203
2015-03-05,思美传媒,sz002712,68.92,66.9,68.3,67.42,69.06,67.28,7734,0.032111,58.907032,9.709869,0.0292,-0.0128
2015-03-06,思美传媒,sz002712,69.5,64.0,67.51,66.28,67.42,66.14,9950,0.034252,57.910973,9.545685,0.0815,-0.0182
2015-03-09,思美传媒,sz002712,68.25,64.08,65.88,68.0,66.28,67.86,8378,0.028839,59.41382,9.793405,0.0629,0.0321
2015-03-10,思美传媒,sz002712,69.75,66.85,68.16,68.5,68.0,68.36,7571,0.026061,59.85069,9.865416,0.0426,0.0049
2015-03-11,思美传媒,sz002712,69.7,67.5,69.7,68.69,68.5,68.55,4412,0.015188,60.016716,9.892783,0.0321,-0.0144
2015-03-12,思美传媒,sz002712,69.61,65.3,68.45,67.1,68.69,66.96,5496,0.018919,58.62751,9.663794,0.0627,-0.0197
2015-03-13,思美传媒,sz002712,68.7,65.88,67.36,67.68,67.1,67.54,7603,0.026173,59.134285,9.747328,0.042,0.0047
2015-03-16,思美传媒,sz002712,71.85,67.66,67.66,70.99,67.68,70.84,10778,0.037099,62.026363,10.224041,0.0619,0.0492
2015-03-17,思美传媒,sz002712,72.85,70.36,70.95,71.5,70.99,71.35,8797,0.03028,62.471962,10.29749,0.035,0.0077
2015-03-18,思美传媒,sz002712,72.98,70.0,71.44,72.86,71.5,72.71,5888,0.020269,63.66024,10.493359,0.0416,0.0198
2015-03-19,思美传媒,sz002712,72.86,72.86,72.86,72.86,72.86,72.71,0,0.0,0.0,0.0,0.0,0.0
2015-03-20,思美传媒,sz002712,72.86,72.86,72.86,72.86,72.86,72.71,0,0.0,0.0,0.0,0.0,0.0
2015-03-23,思美传媒,sz002712,72.86,72.86,72.86,72.86,72.86,72.71,0,0.0,0.0,0.0,0.0,0.0
2015-03-24,思美传媒,sz002712,72.86,72.86,72.86,72.86,72.86,72.71,0,0.0,0.0,0.0,0.0,0.0
2015-03-25,思美传媒,sz002712,72.86,72.86,72.86,72.86,72.86,72.71,0,0.0,0.0,0.0,0.0,0.0
2015-03-26,思美传媒,sz002712,72.86,72.86,72.86,72.86,72.86,72.71,0,0.0,0.0,0.0,0.0,0.0
2015-03-27,思美传媒,sz002712,72.86,72.86,72.86,72.86,72.86,72.71,0,0.0,0.0,0.0,0.0,0.0
2015-03-30,思美传媒,sz002712,72.86,72.86,72.86,72.86,72.86,72.71,0,0.0,0.0,0.0,0.0,0.0
2015-03-31,思美传媒,sz002712,72.86,72.86,72.86,72.86,72.86,72.71,0,0.0,0.0,0.0,0.0,0.0
2015-04-01,思美传媒,sz002712,72.86,72.86,72.86,72.86,72.86,72.71,0,0.0,0.0,0.0,0.0,0.0
2015-04-02,思美传媒,sz002712,72.86,72.86,72.86,72.86,72.86,72.71,0,0.0,0.0,0.0,0.0,0.0
2015-04-03,思美传媒,sz002712,72.86,72.86,72.86,72.86,72.86,72.71,0,0.0,0.0,0.0,0.0,0.0
2015-04-06,思美传媒,sz002712,72.86,72.86,72.86,72.86,72.86,72.71,0,0.0,0.0,0.0,0.0,0.0
2015-04-07,思美传媒,sz002712,72.86,72.86,72.86,72.86,72.86,72.71,0,0.0,0.0,0.0,0.0,0.0
2015-04-08,思美传媒,sz002712,72.86,72.86,72.86,72.86,72.86,72.71,0,0.0,0.0,0.0,0.0,0.0
2015-04-09,思美传媒,sz002712,72.86,72.86,72.86,72.86,72.86,72.71,0,0.0,0.0,0.0,0.0,0.0
2015-04-10,思美传媒,sz002712,72.86,72.86,72.86,72.86,72.86,72.71,0,0.0,0.0,0.0,0.0,0.0
2015-04-13,思美传媒,sz002712,72.86,72.86,72.86,72.86,72.86,72.71,0,0.0,0.0,0.0,0.0,0.0
2015-04-14,思美传媒,sz002712,72.86,72.86,72.86,72.86,72.86,72.71,0,0.0,0.0,0.0,0.0,0.0
2015-04-15,思美传媒,sz002712,72.86,72.86,72.86,72.86,72.86,72.71,0,0.0,0.0,0.0,0.0,0.0
2015-04-16,思美传媒,sz002712,72.86,72.86,72.86,72.86,72.86,72.71,0,0.0,0.0,0.0,0.0,0.0
2015-04-17,思美传媒,sz002712,72.86,72.86,72.86,72.86,72.86,72.71,0,0.0,0.0,0.0,0.0,0.0
2015-04-20,思美传媒,sz002712,72.86,72.86,72.86,72.86,72.86,72.71,0,0.0,0.0,0.0,0.0,0.0
2015-04-21,思美传媒,sz002712,72.86,72.86,72.86,72.86,72.86,72.71,0,0.0,0.0,0.0,0.0,0.0
2015-04-22,思美传媒,sz002712,72.86,72.86,72.86,72.86,72.86,72.71,0,0.0,0.0,0.0,0.0,0.0
2015-04-23,思美传媒,sz002712,72.86,72.86,72.86,72.86,72.86,72.71,0,0.0,0.0,0.0,0.0,0.0
2015-04-24,思美传媒,sz002712,72.86,72.86,72.86,72.86,72.86,72.71,0,0.0,0.0,0.0,0.0,0.0
2015-04-27,思美传媒,sz002712,72.86,72.86,72.86,72.86,72.86,72.71,0,0.0,0.0,0.0,0.0,0.0
2015-04-28,思美传媒,sz002712,72.86,72.86,72.86,72.86,72.86,72.71,0,0.0,0.0,0.0,0.0,0.0
2015-04-29,思美传媒,sz002712,72.86,72.86,72.86,72.86,72.86,72.71,0,0.0,0.0,0.0,0.0,0.0
2015-04-30,思美传媒,sz002712,72.86,72.86,72.86,72.86,72.86,72.71,0,0.0,0.0,0.0,0.0,0.0
2015-05-01,思美传媒,sz002712,72.86,72.86,72.86,72.86,72.86,72.71,0,0.0,0.0,0.0,0.0,0.0
2015-05-04,思美传媒,sz002712,72.86,72.86,72.86,72.86,72.86,72.71,0,0.0,0.0,0.0,0.0,0.0
2015-05-05,思美传媒,sz002712,72.86,72.86,72.86,72.86,72.86,72.71,0,0.0,0.0,0.0,0.0,0.0
2015-05-06,思美传媒,sz002712,72.86,72.86,72.86,72.86,72.86,72.71,0,0.0,0.0,0.0,0.0,0.0
2015-05-07,思美传媒,sz002712,72.86,72.86,72.86,72.86,72.86,72.71,0,0.0,0.0,0.0,0.0,0.0
2015-05-08,思美传媒,sz002712,72.86,72.86,72.86,72.86,72.86,72.71,0,0.0,0.0,0.0,0.0,0.0
2015-05-11,思美传媒,sz002712,72.86,72.86,72.86,72.86,72.86,72.71,0,0.0,0.0,0.0,0.0,0.0
2015-05-12,思美传媒,sz002712,72.86,72.86,72.86,72.86,72.86,72.71,0,0.0,0.0,0.0,0.0,0.0
2015-05-13,思美传媒,sz002712,72.86,72.86,72.86,72.86,72.86,72.71,0,0.0,0.0,0.0,0.0,0.0
2015-05-14,思美传媒,sz002712,72.86,72.86,72.86,72.86,72.86,72.71,0,0.0,0.0,0.0,0.0,0.0
2015-05-15,思美传媒,sz002712,72.86,72.86,72.86,72.86,72.86,72.71,0,0.0,0.0,0.0,0.0,0.0
2015-05-18,思美传媒,sz002712,72.86,72.86,72.86,72.86,72.86,72.71,0,0.0,0.0,0.0,0.0,0.0
2015-05-19,思美传媒,sz002712,72.86,72.86,72.86,72.86,72.86,72.71,0,0.0,0.0,0.0,0.0,0.0
2015-05-20,思美传媒,sz002712,72.86,72.86,72.86,72.86,72.86,72.71,0,0.0,0.0,0.0,0.0,0.0
2015-05-21,思美传媒,sz002712,72.86,72.86,72.86,72.86,72.86,72.71,0,0.0,0.0,0.0,0.0,0.0
2015-05-22,思美传媒,sz002712,72.86,72.86,72.86,72.86,72.86,72.71,0,0.0,0.0,0.0,0.0,0.0
2015-05-25,思美传媒,sz002712,72.86,72.86,72.86,72.86,72.86,72.71,0,0.0,0.0,0.0,0.0,0.0
2015-05-26,思美传媒,sz002712,72.86,72.86,72.86,72.86,72.86,72.71,0,0.0,0.0,0.0,0.0,0.0
2015-05-27,思美传媒,sz002712,72.86,72.86,72.86,72.86,72.86,72.71,0,0.0,0.0,0.0,0.0,0.0
2015-05-28,思美传媒,sz002712,72.86,72.86,72.86,72.86,72.86,72.71,0,0.0,0.0,0.0,0.0,0.0
2015-05-29,思美传媒,sz002712,72.86,72.86,72.86,72.86,72.86,72.71,0,0.0,0.0,0.0,0.0,0.0
2015-06-01,思美传媒,sz002712,72.86,72.86,72.86,72.86,72.86,72.71,0,0.0,0.0,0.0,0.0,0.0
2015-06-02,思美传媒,sz002712,72.86,72.86,72.86,72.86,72.86,72.71,0,0.0,0.0,0.0,0.0,0.0
2015-06-03,思美传媒,sz002712,72.86,72.86,72.86,72.86,72.86,72.71,0,0.0,0.0,0.0,0.0,0.0
2015-06-04,思美传媒,sz002712,72.86,72.86,72.86,72.86,72.86,72.71,0,0.0,0.0,0.0,0.0,0.0
2015-06-05,思美传媒,sz002712,72.86,72.86,72.86,72.86,72.86,72.71,0,0.0,0.0,0.0,0.0,0.0
2015-06-08,思美传媒,sz002712,72.86,72.86,72.86,72.86,72.86,72.71,0,0.0,0.0,0.0,0.0,0.0
2015-06-09,思美传媒,sz002712,72.86,72.86,72.86,72.86,72.86,72.71,0,0.0,0.0,0.0,0.0,0.0
2015-06-10,思美传媒,sz002712,72.86,72.86,72.86,72.86,72.86,72.71,0,0.0,0.0,0.0,0.0,0.0
2015-06-11,思美传媒,sz002712,72.86,72.86,72.86,72.86,72.86,72.71,0,0.0,0.0,0.0,0.0,0.0
2015-06-12,思美传媒,sz002712,72.86,72.86,72.86,72.86,72.86,72.71,0,0.0,0.0,0.0,0.0,0.0
2015-06-15,思美传媒,sz002712,72.86,72.86,72.86,72.86,72.86,72.71,0,0.0,0.0,0.0,0.0,0.0
2015-06-16,思美传媒,sz002712,72.86,72.86,72.86,72.86,72.86,72.71,0,0.0,0.0,0.0,0.0,0.0
2015-06-17,思美传媒,sz002712,72.86,72.86,72.86,72.86,72.86,72.71,0,0.0,0.0,0.0,0.0,0.0
2015-06-18,思美传媒,sz002712,72.86,72.86,72.86,72.86,72.86,72.71,0,0.0,0.0,0.0,0.0,0.0
2015-06-19,思美传媒,sz002712,72.86,72.86,72.86,72.86,72.86,72.71,0,0.0,0.0,0.0,0.0,0.0
2015-06-22,思美传媒,sz002712,72.86,72.86,72.86,72.86,72.86,72.71,0,0.0,0.0,0.0,0.0,0.0
2015-06-23,思美传媒,sz002712,72.86,72.86,72.86,72.86,72.86,72.71,0,0.0,0.0,0.0,0.0,0.0
2015-06-24,思美传媒,sz002712,72.86,72.86,72.86,72.86,72.86,72.71,0,0.0,0.0,0.0,0.0,0.0
2015-06-25,思美传媒,sz002712,72.86,72.86,72.86,72.86,72.86,72.71,0,0.0,0.0,0.0,0.0,0.0
2015-06-26,思美传媒,sz002712,72.86,72.86,72.86,72.86,72.86,72.71,0,0.0,0.0,0.0,0.0,0.0
2015-06-29,思美传媒,sz002712,72.86,72.86,72.86,72.86,72.86,72.71,0,0.0,0.0,0.0,0.0,0.0
2015-06-30,思美传媒,sz002712,72.86,72.86,72.86,72.86,72.86,72.71,0,0.0,0.0,0.0,0.0,0.0
2015-07-01,思美传媒,sz002712,72.86,72.86,72.86,72.86,72.86,72.71,0,0.0,0.0,0.0,0.0,0.0
2015-07-02,思美传媒,sz002712,72.86,72.86,72.86,72.86,72.86,72.71,0,0.0,0.0,0.0,0.0,0.0
2015-07-03,思美传媒,sz002712,72.86,72.86,72.86,72.86,72.86,72.86,0,0.0,0.0,0.0,0.0,0.0
2015-07-06,思美传媒,sz002712,72.86,72.86,72.86,72.86,72.86,72.86,0,0.0,0.0,0.0,0.0,0.0
2015-07-07,思美传媒,sz002712,72.86,72.86,72.86,72.86,72.86,72.86,0,0.0,0.0,0.0,0.0,0.0
2015-07-08,思美传媒,sz002712,72.86,72.86,72.86,72.86,72.86,72.86,0,0.0,0.0,0.0,0.0,0.0
2015-07-09,思美传媒,sz002712,72.86,72.86,72.86,72.86,72.86,72.86,0,0.0,0.0,0.0,0.0,0.0
2015-07-10,思美传媒,sz002712,72.86,72.86,72.86,72.86,72.86,72.86,0,0.0,0.0,0.0,0.0,0.0
2015-07-13,思美传媒,sz002712,72.86,72.86,72.86,72.86,72.86,72.86,0,0.0,0.0,0.0,0.0,0.0
2015-07-14,思美传媒,sz002712,72.86,72.86,72.86,72.86,72.86,72.86,0,0.0,0.0,0.0,0.0,0.0
2015-07-15,思美传媒,sz002712,72.86,72.86,72.86,72.86,72.86,72.86,0,0.0,0.0,0.0,0.0,0.0
2015-07-16,思美传媒,sz002712,72.86,72.86,72.86,72.86,72.86,72.86,0,0.0,0.0,0.0,0.0,0.0
2015-07-17,思美传媒,sz002712,72.86,72.86,72.86,72.86,72.86,72.86,0,0.0,0.0,0.0,0.0,0.0
2015-07-20,思美传媒,sz002712,72.86,72.86,72.86,72.86,72.86,72.86,0,0.0,0.0,0.0,0.0,0.0
2015-07-21,思美传媒,sz002712,72.86,72.86,72.86,72.86,72.86,72.86,0,0.0,0.0,0.0,0.0,0.0
2015-07-22,思美传媒,sz002712,72.86,72.86,72.86,72.86,72.86,72.86,0,0.0,0.0,0.0,0.0,0.0
2015-07-23,思美传媒,sz002712,72.86,72.86,72.86,72.86,72.86,72.86,0,0.0,0.0,0.0,0.0,0.0
2015-07-24,思美传媒,sz002712,72.86,72.86,72.86,72.86,72.86,72.86,0,0.0,0.0,0.0,0.0,0.0
2015-07-27,思美传媒,sz002712,72.86,72.86,72.86,72.86,72.86,72.86,0,0.0,0.0,0.0,0.0,0.0
2015-07-28,思美传媒,sz002712,72.86,72.86,72.86,72.86,72.86,72.86,0,0.0,0.0,0.0,0.0,0.0
2015-07-29,思美传媒,sz002712,72.86,72.86,72.86,72.86,72.86,72.86,0,0.0,0.0,0.0,0.0,0.0
2015-07-30,思美传媒,sz002712,72.86,72.86,72.86,72.86,72.86,72.86,0,0.0,0.0,0.0,0.0,0.0
2015-07-31,思美传媒,sz002712,70.0,65.44,66.1,65.44,72.86,65.44,22000,0.075733,68.44804,6.230265,0.0625,-0.0099
2015-08-03,思美传媒,sz002712,58.9,58.9,58.9,58.9,65.44,58.9,3695,0.01272,61.60742,5.607619,0.0,0.0
2015-08-04,思美传媒,sz002712,59.02,53.01,54.01,58.3,58.9,58.3,74396,0.256038,60.97984,5.550496,0.102,0.0794
2015-08-05,思美传媒,sz002712,57.09,53.79,55.9,54.53,58.3,54.53,43464,0.149627,57.03655,5.19157,0.0566,-0.0245
2015-08-06,思美传媒,sz002712,57.38,53.11,53.82,56.26,54.53,56.26,31627,0.108894,58.84607,5.356276,0.0783,0.0453
2015-08-07,思美传媒,sz002712,61.5,57.11,57.11,58.22,56.26,58.22,40312,0.138792,60.896164,5.542879,0.078,0.0194
2015-08-10,思美传媒,sz002712,64.04,58.9,59.01,64.04,58.22,64.04,33589,0.115585,66.98369,6.096977,0.0882,0.0852
2015-08-11,思美传媒,sz002712,65.93,63.03,63.05,63.91,64.04,63.91,25222,0.086803,66.84771,6.0846,0.0452,0.0136
2015-08-12,思美传媒,sz002712,69.46,62.69,63.02,64.92,63.91,64.92,19777,0.068077,67.90414,6.180758,0.1059,0.0301
2015-08-13,思美传媒,sz002712,68.49,64.55,64.96,67.24,64.92,67.24,19798,0.068163,70.33078,6.401635,0.0606,0.035
2015-08-14,思美传媒,sz002712,69.36,65.7,68.11,66.87,67.24,66.87,16194,0.055733,69.94377,6.366409,0.0544,-0.0182
2015-08-17,思美传媒,sz002712,68.0,63.53,66.05,65.81,66.87,65.81,13184,0.045379,68.835045,6.265491,0.0668,-0.0036
2015-08-18,思美传媒,sz002712,66.35,59.23,65.85,59.23,65.81,59.23,17653,0.060755,61.952587,5.639037,0.1081,-0.1005
2015-08-19,思美传媒,sz002712,60.65,53.31,56.5,59.9,59.23,59.9,25319,0.087161,62.653385,5.702825,0.1239,0.0601
2015-08-20,思美传媒,sz002712,59.86,55.52,58.18,56.1,59.9,56.1,16300,0.0561,58.678715,5.341043,0.0724,-0.0357
2015-08-21,思美传媒,sz002712,55.8,52.5,54.01,54.52,56.1,54.52,16175,0.055673,57.02609,5.190618,0.0588,0.0094
2015-08-24,思美传媒,sz002712,53.09,49.07,53.08,49.07,54.52,49.07,16213,0.05579,51.32557,4.671747,0.0737,-0.0755
2015-08-25,思美传媒,sz002712,47.98,44.16,44.9,44.19,49.07,44.19,24394,0.083954,52.838184,4.150788,0.0778,-0.0158
2015-08-26,思美传媒,sz002712,48.61,43.33,45.0,46.7,44.19,46.7,27274,0.093861,55.8394,4.386554,0.1194,0.0377
2015-08-27,思美传媒,sz002712,51.37,46.71,48.0,51.37,46.7,51.37,22114,0.076139,61.423344,4.825209,0.0997,0.0702
2015-08-28,思美传媒,sz002712,54.57,49.5,51.96,54.2,51.37,54.2,22178,0.07632,64.80719,5.091033,0.0986,0.0431
2015-08-31,思美传媒,sz002712,53.14,51.15,53.0,51.4,54.2,51.4,10457,0.036001,61.459213,4.828027,0.0367,-0.0301
2015-09-01,思美传媒,sz002712,51.1,46.26,51.1,46.26,51.4,46.26,18850,0.064881,55.313293,4.345225,0.0941,-0.0947
2015-09-02,思美传媒,sz002712,49.0,43.85,44.52,45.41,46.26,45.41,11367,0.039134,54.296944,4.265384,0.1113,0.0199
2015-09-03,思美传媒,sz002712,45.41,45.41,45.41,45.41,45.41,45.41,0,0.0,0.0,0.0,0.0,0.0
2015-09-04,思美传媒,sz002712,45.41,45.41,45.41,45.41,45.41,45.41,0,0.0,0.0,0.0,0.0,0.0
2015-09-07,思美传媒,sz002712,49.5,46.51,47.8,47.06,45.41,47.06,10881,0.037459,56.269855,4.420369,0.0658,-0.0154
2015-09-08,思美传媒,sz002712,51.22,46.7,47.0,50.51,47.06,50.51,8331,0.028684,60.39504,4.744429,0.096,0.0746
2015-09-09,思美传媒,sz002712,54.31,50.51,50.51,54.2,50.51,54.2,13906,0.047854,64.80719,5.091033,0.0752,0.073
2015-09-10,思美传媒,sz002712,53.99,52.51,52.79,52.61,54.2,52.61,6472,0.022284,62.906017,4.941683,0.0273,-0.0034
2015-09-11,思美传媒,sz002712,55.17,52.2,53.29,54.45,52.61,54.45,8655,0.029789,65.10611,5.114515,0.0564,0.0217
2015-09-14,思美传媒,sz002712,55.08,49.08,54.44,49.08,54.45,49.08,9843,0.033878,58.68518,4.610109,0.1101,-0.0984
2015-09-15,思美传媒,sz002712,52.67,47.97,47.97,50.8,49.08,50.8,7787,0.026801,60.74179,4.771669,0.0957,0.0589
2015-09-16,思美传媒,sz002712,55.79,50.04,51.79,54.73,50.8,54.73,11419,0.039306,65.44091,5.140816,0.1131,0.0567
2015-09-17,思美传媒,sz002712,57.25,53.1,53.9,54.2,54.73,54.2,17049,0.05867,64.80719,5.091033,0.0758,0.0055
2015-09-18,思美传媒,sz002712,55.26,52.71,55.0,54.18,54.2,54.18,6903,0.023761,64.78327,5.089154,0.047,-0.0149
2015-09-21,思美传媒,sz002712,59.6,53.05,53.89,59.6,54.18,59.6,13186,0.045374,71.26399,5.598257,0.1208,0.1059
2015-09-22,思美传媒,sz002712,60.48,58.05,59.03,60.28,59.6,60.28,10559,0.03635,72.07707,5.66213,0.0407,0.0211
2015-09-23,思美传媒,sz002712,62.4,58.5,58.63,59.38,60.28,59.38,5094,0.017535,71.00094,5.577593,0.0646,0.0127
2015-09-24,思美传媒,sz002712,62.54,59.35,59.35,59.66,59.38,59.66,7356,0.025324,71.33573,5.603893,0.0537,0.0052
2015-09-25,思美传媒,sz002712,60.17,56.4,59.24,57.79,59.66,57.79,6455,0.022218,69.09977,5.428243,0.0631,-0.0244
2015-09-28,思美传媒,sz002712,57.79,57.79,57.79,57.79,57.79,57.79,0,0.034715,73.53583,5.776725,0.0,0.0
2015-09-29,思美传媒,sz002712,62.97,59.3,60.0,60.51,57.79,60.51,5672,0.019523,72.35208,5.683734,0.0635,0.0084
2015-09-30,思美传媒,sz002712,61.6,57.77,61.0,59.29,60.51,59.29,5655,0.019459,70.893326,5.569139,0.0632,-0.028
2015-10-01,思美传媒,sz002712,59.29,59.29,59.29,59.29,59.29,59.29,0,0.0,0.0,0.0,0.0,0.0
2015-10-02,思美传媒,sz002712,59.29,59.29,59.29,59.29,59.29,59.29,0,0.0,0.0,0.0,0.0,0.0
2015-10-05,思美传媒,sz002712,59.29,59.29,59.29,59.29,59.29,59.29,0,0.0,0.0,0.0,0.0,0.0
2015-10-06,思美传媒,sz002712,59.29,59.29,59.29,59.29,59.29,59.29,0,0.0,0.0,0.0,0.0,0.0
2015-10-07,思美传媒,sz002712,59.29,59.29,59.29,59.29,59.29,59.29,0,0.0,0.0,0.0,0.0,0.0
2015-10-08,思美传媒,sz002712,63.47,60.3,61.21,62.08,59.29,62.08,8090,0.02784,74.22934,5.831205,0.0534,0.0142
2015-10-09,思美传媒,sz002712,64.92,61.79,62.45,63.73,62.08,63.73,6112,0.021032,76.20225,5.98619,0.0504,0.0204
2015-10-12,思美传媒,sz002712,65.9,63.8,64.01,64.0,63.73,64.0,19636,0.067601,76.52509,6.011552,0.0329,-1.0E-4
2015-10-13,思美传媒,sz002712,64.44,62.4,63.8,64.16,64.0,64.16,12617,0.043428,76.71641,6.02658,0.0318,0.0056
2015-10-14,思美传媒,sz002712,64.8,61.57,64.05,62.0,64.16,62.0,6826,0.023499,74.13368,5.823691,0.0503,-0.032
2015-10-15,思美传媒,sz002712,66.78,61.52,61.81,66.32,62.0,66.32,12980,0.044672,79.299126,6.22947,0.0848,0.0729
2015-10-16,思美传媒,sz002712,66.77,63.0,66.02,65.27,66.32,65.27,16982,0.058461,78.04363,6.130843,0.0568,-0.0113
2015-10-19,思美传媒,sz002712,67.4,63.55,65.18,67.11,65.27,67.11,13488,0.046419,80.24373,6.303675,0.0589,0.0296
2015-10-20,思美传媒,sz002712,71.1,66.2,66.92,69.64,67.11,69.64,14770,0.050844,83.26887,6.54132,0.073,0.0406
2015-10-21,思美传媒,sz002712,69.78,63.2,69.4,64.3,69.64,64.3,13530,0.046573,76.883804,6.039731,0.0944,-0.0734
2015-10-22,思美传媒,sz002712,70.73,65.1,65.1,70.73,64.3,70.73,25020,0.086115,84.57218,6.643704,0.0875,0.0864
2015-10-23,思美传媒,sz002712,73.2,68.9,70.31,72.97,70.73,72.97,13533,0.04658,87.250565,6.854108,0.0607,0.0378
2015-10-26,思美传媒,sz002712,78.5,72.65,72.65,75.99,72.97,75.99,14357,0.049411,90.86159,7.137778,0.0801,0.0459
2015-10-27,思美传媒,sz002712,77.88,72.2,75.03,76.2,75.99,76.2,11014,0.037907,91.112686,7.157504,0.0747,0.0155
2015-10-28,思美传媒,sz002712,78.89,74.23,74.6,75.33,76.2,75.33,11081,0.038133,90.072426,7.075784,0.0611,0.0097
2015-10-29,思美传媒,sz002712,76.18,72.6,76.1,74.99,75.33,74.99,8807,0.030309,89.665886,7.043848,0.0475,-0.0145
2015-10-30,思美传媒,sz002712,82.49,74.03,74.79,82.49,74.99,82.49,11615,0.039972,98.63367,7.748326,0.1128,0.1029
2015-11-02,思美传媒,sz002712,90.74,81.01,81.99,85.99,82.49,85.99,27935,0.096162,102.818634,8.077083,0.1179,0.0487
2015-11-03,思美传媒,sz002712,86.87,83.75,84.99,84.26,85.99,84.26,11699,0.0,0.0,0.0,0.0362,-0.0085
2015-11-04,思美传媒,sz002712,90.72,84.3,85.0,88.76,84.26,88.76,13959,0.0,0.0,0.0,0.0761,0.0442
2015-11-05,思美传媒,sz002712,90.74,86.31,88.0,89.01,88.76,89.01,13561,0.0,0.0,0.0,0.0499,0.0114
2015-11-06,思美传媒,sz002712,97.91,91.18,95.65,94.85,89.01,94.85,28479,0.0,0.0,0.0,0.0756,-0.0083
2015-11-09,思美传媒,sz002712,103.28,92.02,93.2,101.0,94.85,101.0,27342,0.0,0.0,0.0,0.1187,0.0836
2015-11-10,思美传媒,sz002712,104.25,97.75,100.0,101.82,101.0,101.82,14949,0.0,0.0,0.0,0.0643,0.0181
2015-11-11,思美传媒,sz002712,110.0,99.58,99.67,108.5,101.82,108.5,22844,0.0,0.0,0.0,0.1023,0.0885
2015-11-12,思美传媒,sz002712,108.0,103.1,106.13,104.0,108.5,104.0,22723,0.0,0.0,0.0,0.0451,-0.02
2015-11-13,思美传媒,sz002712,101.97,93.6,101.97,93.6,104.0,93.6,32297,0.0,0.0,0.0,0.0804,-0.082
2015-11-16,思美传媒,sz002712,94.6,90.0,90.0,94.47,93.6,94.47,24542,0.0,0.0,0.0,0.0491,0.0496
2015-11-17,思美传媒,sz002712,98.89,89.01,94.0,89.18,94.47,89.18,24471,0.0,0.0,0.0,0.1045,-0.0512
2015-11-18,思美传媒,sz002712,93.6,88.89,89.35,88.98,89.18,88.98,17624,0.0,0.0,0.0,0.0528,-0.0041
2015-11-19,思美传媒,sz002712,97.66,89.22,90.49,96.6,88.98,96.6,22953,0.0,0.0,0.0,0.0948,0.0675
2015-11-20,思美传媒,sz002712,105.68,92.6,97.65,104.77,96.6,104.77,28541,0.0,0.0,0.0,0.1354,0.0729
2015-11-23,思美传媒,sz002712,107.87,98.0,104.0,100.5,104.77,100.5,24492,0.0,0.0,0.0,0.0942,-0.0336
2015-11-24,思美传媒,sz002712,108.5,99.2,99.2,106.99,100.5,106.99,21977,0.0,0.0,0.0,0.0925,0.0785
2015-11-25,思美传媒,sz002712,112.49,104.33,105.6,108.58,106.99,108.58,21394,0.0,0.0,0.0,0.0762,0.0282
2015-11-26,思美传媒,sz002712,111.98,100.76,107.45,103.5,108.58,103.5,22914,0.0,0.0,0.0,0.1033,-0.0367
2015-11-27,思美传媒,sz002712,105.88,96.7,102.78,98.79,103.5,98.79,17985,0.0,0.0,0.0,0.0886,-0.0388
2015-11-30,思美传媒,sz002712,106.81,96.55,99.0,105.92,98.79,105.92,20720,0.0,0.0,0.0,0.1038,0.0698
2015-12-01,思美传媒,sz002712,112.0,99.15,105.95,103.5,105.92,103.5,17951,0.0,0.0,0.0,0.1213,-0.0231
2015-12-02,思美传媒,sz002712,102.95,95.1,100.01,100.3,103.5,100.3,14837,0.0,0.0,0.0,0.0758,0.0028
2015-12-03,思美传媒,sz002712,103.99,99.18,100.12,103.4,100.3,103.4,12281,0.0,0.0,0.0,0.0479,0.0327
2015-12-04,思美传媒,sz002712,104.99,99.98,102.7,100.95,103.4,100.95,10707,0.0,0.0,0.0,0.0484,-0.017
2015-12-07,思美传媒,sz002712,109.0,100.11,100.95,106.85,100.95,106.85,22674,0.0,0.0,0.0,0.088,0.0584
2015-12-08,思美传媒,sz002712,108.66,103.0,105.97,107.4,106.85,107.4,14314,0.0,0.0,0.0,0.0529,0.0134
2015-12-09,思美传媒,sz002712,118.14,105.6,106.59,118.14,107.4,118.14,31228,0.0,0.0,0.0,0.1167,0.1083
2015-12-10,思美传媒,sz002712,119.96,111.11,118.98,112.02,118.14,112.02,20370,0.0,0.0,0.0,0.0749,-0.0584
2015-12-11,思美传媒,sz002712,111.44,104.05,109.2,105.99,112.02,105.99,16843,0.0,0.0,0.0,0.0659,-0.0293
2015-12-14,思美传媒,sz002712,109.93,103.31,105.3,109.45,105.99,109.45,12252,0.0,0.0,0.0,0.0624,0.0394
2015-12-15,思美传媒,sz002712,112.33,108.65,109.45,109.75,109.45,109.75,9527,0.0,0.0,0.0,0.0336,0.0027
2015-12-16,思美传媒,sz002712,115.99,109.21,109.21,112.82,109.75,112.82,10491,0.0,0.0,0.0,0.0617,0.033
2015-12-17,思美传媒,sz002712,124.1,113.1,113.86,124.1,112.82,124.1,20178,0.0,0.0,0.0,0.0975,0.0899
2015-12-18,思美传媒,sz002712,127.7,118.0,122.0,124.9,124.1,124.9,17175,0.0,0.0,0.0,0.0781,0.0237
2015-12-21,思美传媒,sz002712,129.88,121.54,123.01,121.98,124.9,121.98,13611,0.0,0.0,0.0,0.0667,-0.0083
2015-12-22,思美传媒,sz002712,134.18,120.0,121.88,134.18,121.98,134.18,16290,0.0,0.0,0.0,0.1162,0.1009
2015-12-23,思美传媒,sz002712,142.44,130.69,132.0,135.8,134.18,135.8,19023,0.0,0.0,0.0,0.0875,0.0287
2015-12-24,思美传媒,sz002712,142.38,133.8,135.81,135.68,135.8,135.68,12438,0.0,0.0,0.0,0.0631,-9.0E-4
2015-12-25,思美传媒,sz002712,144.44,132.1,135.23,140.7,135.68,140.7,17741,0.0,0.0,0.0,0.0909,0.0404
2015-12-28,思美传媒,sz002712,151.0,139.05,139.05,147.8,140.7,147.8,16331,0.0,0.0,0.0,0.0849,0.0629
2015-12-29,思美传媒,sz002712,147.88,133.02,145.81,133.95,147.8,133.95,25418,0.0,0.0,0.0,0.1005,-0.0813
2015-12-30,思美传媒,sz002712,138.98,129.77,132.11,134.38,133.95,134.38,18927,0.0,0.0,0.0,0.0687,0.0171
2015-12-31,思美传媒,sz002712,134.38,126.01,134.33,128.0,134.38,128.0,15343,0.0,0.0,0.0,0.0622,-0.0471
2016-01-01,思美传媒,sz002712,134.38,126.01,134.33,128.0,128.0,128.0,15343,0.0,0.0,0.0,0.0653,-0.0471
2016-01-04,思美传媒,sz002712,129.83,115.2,127.11,115.2,128.0,115.2,8654,0.0,0.0,0.0,0.1142,-0.0936
2016-01-05,思美传媒,sz002712,114.79,103.68,107.99,107.88,115.2,107.88,29649,0.0,0.0,0.0,0.0964,-0.001
2016-01-06,思美传媒,sz002712,111.18,100.8,108.17,109.9,107.88,109.9,31036,0.0,0.0,0.0,0.0962,0.0159
2016-01-07,思美传媒,sz002712,104.99,98.91,104.99,98.91,109.9,98.91,6753,0.0,0.0,0.0,0.0553,-0.0579
2016-01-08,思美传媒,sz002712,102.53,92.0,101.0,97.99,98.91,97.99,23687,0.0,0.0,0.0,0.1064,-0.0298
2016-01-11,思美传媒,sz002712,99.48,88.19,94.28,88.19,97.99,88.19,20159,0.0,0.0,0.0,0.1152,-0.0645
2016-01-12,思美传媒,sz002712,96.8,88.35,88.35,93.28,88.19,93.28,19664,0.0,0.0,0.0,0.0958,0.0558
2016-01-13,思美传媒,sz002712,99.99,93.68,95.79,97.38,93.28,97.38,24912,0.0,0.0,0.0,0.0676,0.0165
2016-01-14,思美传媒,sz002712,103.99,91.1,93.0,103.1,97.38,103.1,14857,0.0,0.0,0.0,0.1323,0.1086
2016-01-15,思美传媒,sz002712,106.48,97.5,102.0,99.8,103.1,99.8,14958,0.0,0.0,0.0,0.087,-0.0215
2016-01-18,思美传媒,sz002712,0.0,0.0,0.0,0.0,99.8,0.0,0,0.0,0.0,0.0,0.0,0.0
2016-01-19,思美传媒,sz002712,0.0,0.0,0.0,0.0,0.0,0.0,0,0.0,0.0,0.0,0.0,0.0
2016-01-20,思美传媒,sz002712,0.0,0.0,0.0,0.0,0.0,0.0,0,0.0,0.0,0.0,0.0,0.0
2016-01-21,思美传媒,sz002712,0.0,0.0,0.0,0.0,0.0,0.0,0,0.0,0.0,0.0,0.0,0.0
2016-01-22,思美传媒,sz002712,0.0,0.0,0.0,0.0,0.0,0.0,0,0.0,0.0,0.0,0.0,0.0
2016-01-25,思美传媒,sz002712,108.99,100.21,102.3,104.01,0.0,104.01,14210,0.0,0.0,0.0,0.0,0.0167
2016-01-26,思美传媒,sz002712,102.99,93.61,101.3,93.61,104.01,93.61,11480,0.0,0.0,0.0,0.0901,-0.0759
2016-01-27,思美传媒,sz002712,91.5,84.25,91.5,88.07,93.61,88.07,15698,0.0,0.0,0.0,0.0774,-0.0374
2016-01-28,思美传媒,sz002712,88.1,79.26,87.42,79.26,88.07,79.26,10162,0.0,0.0,0.0,0.1003,-0.0933
2016-01-29,思美传媒,sz002712,85.4,76.22,79.0,83.1,79.26,83.1,10785,0.0,0.0,0.0,0.1158,0.0518
2016-02-01,思美传媒,sz002712,86.55,80.51,82.6,82.75,83.1,82.75,14896,0.0,0.0,0.0,0.0726,0.0018
2016-02-02,思美传媒,sz002712,91.03,81.53,82.74,91.03,82.75,91.03,12491,0.0,0.0,0.0,0.1148,0.1001
2016-02-03,思美传媒,sz002712,100.13,88.88,89.6,99.5,91.03,99.5,13784,0.0,0.0,0.0,0.1235,0.1104
2016-02-04,思美传媒,sz002712,104.44,97.28,98.4,103.0,99.5,103.0,11482,0.0,0.0,0.0,0.0719,0.0467
2016-02-05,思美传媒,sz002712,106.5,99.06,102.99,101.02,103.0,101.02,8258,0.0,0.0,0.0,0.0722,-0.0191
2016-02-08,思美传媒,sz002712,106.5,99.06,102.99,101.02,101.02,101.02,8258,0.0,0.0,0.0,0.0736,-0.0191
2016-02-09,思美传媒,sz002712,106.5,99.06,102.99,101.02,101.02,101.02,8258,0.0,0.0,0.0,0.0736,-0.0191
2016-02-10,思美传媒,sz002712,106.5,99.06,102.99,101.02,101.02,101.02,8258,0.0,0.0,0.0,0.0736,-0.0191
2016-02-11,思美传媒,sz002712,106.5,99.06,102.99,101.02,101.02,101.02,8258,0.0,0.0,0.0,0.0736,-0.0191
2016-02-12,思美传媒,sz002712,106.5,99.06,102.99,101.02,101.02,101.02,8258,0.0,0.0,0.0,0.0736,-0.0191
2016-02-15,思美传媒,sz002712,103.78,97.01,97.6,101.02,101.02,101.02,6586,0.0,0.0,0.0,0.067,0.035
2016-02-16,思美传媒,sz002712,110.49,102.1,102.55,108.16,101.02,108.16,8000,0.0,0.0,0.0,0.083,0.0547
2016-02-17,思美传媒,sz002712,114.87,106.0,107.02,109.68,108.16,109.68,8853,0.0,0.0,0.0,0.082,0.0248
2016-02-18,思美传媒,sz002712,113.23,105.12,108.99,112.0,109.68,112.0,10534,0.0,0.0,0.0,0.0739,0.0276
2016-02-19,思美传媒,sz002712,112.5,109.32,111.9,110.79,112.0,110.79,5796,0.0,0.0,0.0,0.0283,-0.0099
2016-02-22,思美传媒,sz002712,114.0,105.95,111.29,108.5,110.79,108.5,13295,0.0,0.0,0.0,0.0726,-0.025
2016-02-23,思美传媒,sz002712,119.35,107.0,119.35,112.18,108.5,112.18,35899,0.0,0.0,0.0,0.1138,-0.06
2016-02-24,思美传媒,sz002712,109.8,101.01,109.78,104.61,112.18,104.61,19146,0.0,0.0,0.0,0.0783,-0.047
2016-02-25,思美传媒,sz002712,104.6,94.15,102.6,94.15,104.61,94.15,14971,0.0,0.0,0.0,0.0998,-0.0823
2016-02-26,思美传媒,sz002712,95.55,89.01,94.35,91.5,94.15,91.5,11158,0.0,0.0,0.0,0.0694,-0.0302
2016-02-29,思美传媒,sz002712,91.43,82.35,91.43,82.35,91.5,82.35,10762,0.0,0.0,0.0,0.0992,-0.0993
2016-03-01,思美传媒,sz002712,88.78,77.21,82.0,86.61,82.35,86.61,18246,0.0,0.0,0.0,0.1404,0.0562
2016-03-02,思美传媒,sz002712,92.0,85.09,85.9,89.99,86.61,89.99,15862,0.0,0.0,0.0,0.0797,0.0476
2016-03-03,思美传媒,sz002712,90.99,86.05,89.85,87.5,89.99,87.5,19839,0.0,0.0,0.0,0.0548,-0.0261
2016-03-04,思美传媒,sz002712,87.0,78.75,87.0,78.75,87.5,78.75,23423,0.0,0.0,0.0,0.0942,-0.0948
2016-03-07,思美传媒,sz002712,83.49,77.35,80.5,79.36,78.75,79.36,20335,0.0,0.0,0.0,0.0779,-0.0141
2016-03-08,思美传媒,sz002712,86.69,72.02,78.65,84.4,79.36,84.4,31393,0.0,0.0,0.0,0.1848,0.0731
2016-03-09,思美传媒,sz002712,87.66,81.1,82.07,84.3,84.4,84.3,19808,0.0,0.0,0.0,0.0777,0.0271
2016-03-10,思美传媒,sz002712,84.68,78.83,83.03,80.0,84.3,80.0,15398,0.0,0.0,0.0,0.0693,-0.0364
2016-03-11,思美传媒,sz002712,81.98,76.24,78.0,79.5,80.0,79.5,10573,0.0,0.0,0.0,0.0717,0.0192
2016-03-14,思美传媒,sz002712,86.17,80.1,81.97,84.97,79.5,84.97,17605,0.0,0.0,0.0,0.0763,0.0365
2016-03-15,思美传媒,sz002712,86.5,83.54,84.43,83.6,84.97,83.6,14908,0.0,0.0,0.0,0.0348,-0.0098
2016-03-16,思美传媒,sz002712,86.1,80.28,84.47,81.65,83.6,81.65,13466,0.0,0.0,0.0,0.0696,-0.0333
2016-03-17,思美传媒,sz002712,89.82,81.44,81.9,89.82,81.65,89.82,33244,0.0,0.0,0.0,0.1026,0.0967
2016-03-18,思美传媒,sz002712,98.8,89.6,89.6,94.77,89.82,94.77,26190,0.0,0.0,0.0,0.1024,0.0577
2016-03-21,思美传媒,sz002712,97.0,93.17,96.5,96.4,94.77,96.4,24762,0.0,0.0,0.0,0.0404,-0.001
2016-03-22,思美传媒,sz002712,96.5,93.6,94.5,94.47,96.4,94.47,19697,0.0,0.0,0.0,0.03,-3.0E-4
2016-03-23,思美传媒,sz002712,98.6,94.01,94.6,97.59,94.47,97.59,21069,0.0,0.0,0.0,0.0485,0.0316
2016-03-24,思美传媒,sz002712,103.8,95.03,96.66,98.01,97.59,98.01,23068,0.0,0.0,0.0,0.0898,0.0139
2016-03-25,思美传媒,sz002712,98.58,94.18,97.0,95.63,98.01,95.63,15313,0.0,0.0,0.0,0.0448,-0.0141
