2016-03-25
2012-05-28,东诚药业,sz002675,27.8499,26.0101,27.34,27.02,28.6,16.4421,18246600,0.422377,0.0,0.0,0.0643,-0.0117
2012-05-29,东诚药业,sz002675,27.4499,26.5101,26.58,27.18,27.02,16.5394,13792800,0.319278,0.0,0.0,0.0347,0.0225
2012-05-30,东诚药业,sz002675,28.7,26.82,27.0,27.9899,27.18,17.0323,15257200,0.353178,0.0,0.0,0.0691,0.0366
2012-05-31,东诚药业,sz002675,28.48,27.6,27.8,28.0299,27.9899,17.0566,9854700,0.228119,0.0,0.0,0.0314,0.0082
2012-06-01,东诚药业,sz002675,28.14,27.0,27.9899,27.2,28.0299,16.5516,8972700,0.207702,0.0,0.0,0.0406,-0.0282
2012-06-04,东诚药业,sz002675,26.74,26.06,26.7,26.3701,27.2,16.0466,6226500,0.144134,0.0,0.0,0.0249,-0.0123
2012-06-05,东诚药业,sz002675,27.2299,26.3101,26.3101,26.6701,26.3701,16.2291,5076600,0.117514,0.0,0.0,0.0348,0.0136
2012-06-06,东诚药业,sz002675,26.78,25.9,26.68,25.9,26.6701,15.7605,5941600,0.137539,0.0,0.0,0.0329,-0.0292
2012-06-07,东诚药业,sz002675,26.3701,25.0301,26.1101,25.2,25.9,15.3346,6278300,0.145333,0.0,0.0,0.0517,-0.0348
2012-06-08,东诚药业,sz002675,25.48,24.5501,25.48,24.7,25.2,15.0303,4311200,0.099797,0.0,0.0,0.0369,-0.0306
2012-06-11,东诚药业,sz002675,25.48,24.62,24.62,25.34,24.7,15.4198,4018800,0.09303,0.0,0.0,0.0348,0.0292
2012-06-12,东诚药业,sz002675,25.6499,24.64,25.14,25.3899,25.34,15.4501,4116600,0.095293,0.0,0.0,0.0398,0.0099
2012-06-13,东诚药业,sz002675,25.8899,25.22,25.4101,25.7701,25.3899,15.6815,4297100,0.09947,0.0,0.0,0.0263,0.0141
2012-06-14,东诚药业,sz002675,27.32,25.56,25.7,26.7,25.7701,16.2473,9113200,0.210955,0.0,0.0,0.0682,0.0389
2012-06-15,东诚药业,sz002675,27.1501,26.2701,26.5501,27.0,26.7,16.4299,6409800,0.148375,0.0,0.0,0.0329,0.0169
2012-06-18,东诚药业,sz002675,27.44,26.82,26.9,26.92,27.0,16.3812,6000000,0.13889,0.0,0.0,0.0229,7.0E-4
2012-06-19,东诚药业,sz002675,28.44,26.7101,26.9299,27.52,26.92,16.7463,8230600,0.190524,0.0,0.0,0.0642,0.0219
2012-06-20,东诚药业,sz002675,29.28,27.86,28.7,28.36,27.52,17.2575,12404200,0.287136,0.0,0.0,0.0515,-0.0118
2012-06-21,东诚药业,sz002675,28.6499,27.56,28.08,28.3501,28.36,17.2514,6867100,0.158961,0.0,0.0,0.0384,0.0096
2012-06-22,东诚药业,sz002675,28.3501,28.3501,28.3501,28.3501,28.3501,17.2514,0,0.0,0.0,0.0,0.0,0.0
2012-06-25,东诚药业,sz002675,28.1,27.0499,28.1,27.2,28.3501,16.5516,6319900,0.146296,0.0,0.0,0.037,-0.032
2012-06-26,东诚药业,sz002675,27.5899,26.3,27.0,27.3101,27.2,16.6186,5544700,0.128352,0.0,0.0,0.0474,0.0114
2012-06-27,东诚药业,sz002675,30.04,26.9899,27.1,29.1501,27.3101,17.7382,16297200,0.377251,0.0,0.0,0.1116,0.0756
2012-06-28,东诚药业,sz002675,29.9501,28.7101,28.92,28.8101,29.1501,17.5313,9374500,0.217004,0.0,0.0,0.0425,-0.0038
2012-06-29,东诚药业,sz002675,30.28,28.34,28.5,29.48,28.8101,17.939,8916600,0.206403,0.0,0.0,0.0673,0.0343
2012-07-02,东诚药业,sz002675,30.8899,29.18,29.4899,30.78,29.48,18.7301,9317800,0.215691,0.0,0.0,0.058,0.0437
2012-07-03,东诚药业,sz002675,30.9501,30.16,30.4499,30.6499,30.78,18.6509,7416600,0.171681,0.0,0.0,0.0256,0.0065
2012-07-04,东诚药业,sz002675,30.4899,28.4,30.38,28.4101,30.6499,17.2879,11630900,0.269234,0.0,0.0,0.0681,-0.0648
2012-07-05,东诚药业,sz002675,28.4101,28.4101,28.4101,28.4101,28.4101,17.2879,0,0.0,0.0,0.0,0.0,0.0
2012-07-06,东诚药业,sz002675,28.7299,27.1101,28.1,28.7,28.4101,17.4644,8528600,0.197423,0.0,0.0,0.057,0.0213
2012-07-09,东诚药业,sz002675,28.4701,27.22,28.16,27.5899,28.7,16.7889,5639000,0.130532,0.0,0.0,0.0435,-0.0202
2012-07-10,东诚药业,sz002675,27.28,25.82,27.2299,25.86,27.5899,15.7362,6371800,0.147496,0.0,0.0,0.0529,-0.0503
2012-07-11,东诚药业,sz002675,26.32,25.52,25.5301,26.2499,25.86,15.9735,4259100,0.098592,0.0,0.0,0.0309,0.0281
2012-07-12,东诚药业,sz002675,26.94,25.8,25.9899,26.66,26.2499,16.223,4892900,0.113262,0.0,0.0,0.0434,0.0257
2012-07-13,东诚药业,sz002675,27.1899,25.8,26.4101,26.0,26.66,15.8214,5214800,0.120714,0.0,0.0,0.0521,-0.0155
2012-07-16,东诚药业,sz002675,25.98,24.5501,25.98,24.7699,26.0,15.0729,4352100,0.100743,0.0,0.0,0.0549,-0.0465
2012-07-17,东诚药业,sz002675,24.3501,22.58,24.3501,23.1899,24.7699,14.1114,6885200,0.15938,0.0,0.0,0.0714,-0.0476
2012-07-18,东诚药业,sz002675,23.7,22.7501,22.8899,23.64,23.1899,14.3853,3616800,0.083724,0.0,0.0,0.0409,0.0327
2012-07-19,东诚药业,sz002675,24.2,23.3301,23.4,23.64,23.64,14.3853,3930800,0.090991,0.0,0.0,0.0367,0.0102
2012-07-20,东诚药业,sz002675,24.5,23.4699,23.4699,24.16,23.64,14.7017,4236700,0.098073,0.0,0.0,0.0435,0.0294
2012-07-23,东诚药业,sz002675,24.1301,23.5101,23.8,23.76,24.16,14.4583,2384300,0.055193,0.0,0.0,0.0256,-0.0016
2012-07-24,东诚药业,sz002675,24.5101,23.46,23.6,24.32,23.76,14.7991,3131100,0.072481,0.0,0.0,0.0441,0.0305
2012-07-25,东诚药业,sz002675,25.8299,24.1101,24.1899,24.92,24.32,15.1642,5017200,0.11614,0.0,0.0,0.0707,0.0301
2012-07-26,东诚药业,sz002675,25.2,24.1699,24.6101,24.18,24.92,14.7139,3283200,0.076,0.0,0.0,0.0413,-0.0174
2012-07-27,东诚药业,sz002675,24.5501,23.6,24.3,23.8101,24.18,14.4888,2365000,0.054746,0.0,0.0,0.0392,-0.0201
2012-07-30,东诚药业,sz002675,24.14,23.2101,23.7699,23.4,23.8101,14.2392,1372700,0.031777,0.0,0.0,0.039,-0.0155
2012-07-31,东诚药业,sz002675,23.5,22.7501,23.4,22.9,23.4,13.935,1628400,0.037695,0.0,0.0,0.032,-0.0213
2012-08-01,东诚药业,sz002675,23.7501,22.8101,22.8101,23.4499,22.9,14.2696,1611100,0.037296,0.0,0.0,0.041,0.028
2012-08-02,东诚药业,sz002675,24.12,23.32,23.6,23.82,23.4499,14.4948,2308600,0.053441,0.0,0.0,0.0341,0.0093
2012-08-03,东诚药业,sz002675,24.3899,23.6899,23.88,24.3101,23.82,14.793,2057100,0.04762,0.0,0.0,0.0293,0.018
2012-08-06,东诚药业,sz002675,24.7699,24.0699,24.2899,24.6499,24.3101,14.9998,2392600,0.055385,0.0,0.0,0.0287,0.0148
2012-08-07,东诚药业,sz002675,24.78,24.3,24.6699,24.4,24.6499,14.8478,2425300,0.056143,0.0,0.0,0.0194,-0.0109
2012-08-08,东诚药业,sz002675,24.5,23.6101,24.42,23.9,24.4,14.5435,2661000,0.061599,0.0,0.0,0.0364,-0.0212
2012-08-09,东诚药业,sz002675,24.9501,23.78,23.8101,24.7899,23.9,15.085,3411100,0.078963,0.0,0.0,0.0489,0.0411
2012-08-10,东诚药业,sz002675,25.2,24.6101,24.6899,24.9101,24.7899,15.1581,2969300,0.068735,0.0,0.0,0.0237,0.0089
2012-08-13,东诚药业,sz002675,25.12,23.9101,24.8499,23.9699,24.9101,14.586,2232100,0.05167,0.0,0.0,0.0485,-0.0354
2012-08-14,东诚药业,sz002675,24.74,24.0,24.0101,24.72,23.9699,15.0425,2288800,0.052983,0.0,0.0,0.0308,0.0295
2012-08-15,东诚药业,sz002675,24.7301,24.1501,24.72,24.2499,24.72,14.7564,1712100,0.039632,0.0,0.0,0.0234,-0.019
2012-08-16,东诚药业,sz002675,24.3501,23.2,24.0499,23.66,24.2499,14.3975,2261100,0.052341,0.0,0.0,0.0474,-0.0162
2012-08-17,东诚药业,sz002675,23.66,23.14,23.14,23.5899,23.66,14.3548,1286900,0.029791,0.0,0.0,0.0219,0.0194
2012-08-20,东诚药业,sz002675,23.8499,23.22,23.3,23.7899,23.5899,14.4765,1040400,0.024085,0.0,0.0,0.0267,0.021
2012-08-21,东诚药业,sz002675,24.44,23.6101,23.8,24.2499,23.7899,14.7564,1715600,0.039714,0.0,0.0,0.0348,0.0189
2012-08-22,东诚药业,sz002675,24.66,23.9301,24.26,24.0,24.2499,14.6043,2302900,0.053308,0.0,0.0,0.03,-0.0107
2012-08-23,东诚药业,sz002675,24.9,23.9,24.2301,24.8,24.0,15.0912,3232600,0.07483,0.0,0.0,0.0416,0.0235
2012-08-24,东诚药业,sz002675,24.94,24.1501,24.64,24.1501,24.8,14.6957,2575200,0.059613,0.0,0.0,0.0318,-0.0198
2012-08-27,东诚药业,sz002675,24.0499,23.32,24.0101,23.6301,24.1501,14.3792,1450200,0.033571,0.0,0.0,0.0302,-0.0158
2012-08-28,东诚药业,sz002675,24.56,23.5899,23.62,24.26,23.6301,14.7626,1752000,0.040556,0.0,0.0,0.041,0.027
2012-08-29,东诚药业,sz002675,24.78,24.18,24.36,24.4301,24.26,14.8661,2187900,0.050646,0.0,0.0,0.0247,0.0028
2012-08-30,东诚药业,sz002675,24.74,23.1301,24.3101,23.66,24.4301,14.3975,2667300,0.061745,0.0,0.0,0.0658,-0.0267
2012-08-31,东诚药业,sz002675,23.84,23.4301,23.5699,23.7501,23.66,14.4523,1012400,0.023437,0.0,0.0,0.0173,0.0076
2012-09-03,东诚药业,sz002675,24.3501,23.5501,23.7501,24.3501,23.7501,14.8174,1458100,0.033753,0.0,0.0,0.0336,0.0252
2012-09-04,东诚药业,sz002675,24.5699,23.8,24.3501,23.8499,24.3501,14.513,1800900,0.041689,0.0,0.0,0.0316,-0.0205
2012-09-05,东诚药业,sz002675,24.6,23.58,23.9501,24.58,23.8499,14.9573,2207300,0.051095,0.0,0.0,0.0427,0.0263
2012-09-06,东诚药业,sz002675,24.88,24.3501,24.6,24.7699,24.58,15.0729,2220000,0.051391,0.0,0.0,0.0215,0.0069
2012-09-07,东诚药业,sz002675,25.6499,24.7501,24.9301,25.2699,24.7699,15.3771,5296700,0.12261,0.0,0.0,0.0363,0.0136
2012-09-10,东诚药业,sz002675,25.5,24.8499,25.0499,25.4,25.2699,15.4563,4013200,0.0929,0.0,0.0,0.0257,0.0139
2012-09-11,东诚药业,sz002675,25.34,25.0499,25.28,25.16,25.4,15.3102,2423400,0.056098,0.0,0.0,0.0114,-0.0047
2012-09-12,东诚药业,sz002675,25.38,24.7101,25.2,24.98,25.16,15.2007,2404500,0.055661,0.0,0.0,0.0266,-0.0087
2012-09-13,东诚药业,sz002675,25.16,24.6499,25.14,24.6499,24.98,14.9998,1455300,0.033689,0.0,0.0,0.0204,-0.0194
2012-09-14,东诚药业,sz002675,26.38,24.5101,24.8499,25.94,24.6499,15.7849,6163700,0.14268,0.0,0.0,0.0758,0.0438
2012-09-17,东诚药业,sz002675,25.9299,25.0,25.9299,25.08,25.94,15.2615,3333300,0.077162,0.0,0.0,0.0358,-0.0327
2012-09-18,东诚药业,sz002675,25.0699,24.6499,24.8101,24.78,25.08,15.079,1417800,0.03282,0.0,0.0,0.0167,-0.0012
2012-09-19,东诚药业,sz002675,25.6,24.72,24.8,25.4,24.78,15.4563,2828800,0.065483,0.0,0.0,0.0355,0.0241
2012-09-20,东诚药业,sz002675,25.4301,23.6699,25.4301,23.6699,25.4,14.4035,3266700,0.075619,0.0,0.0,0.0692,-0.0692
2012-09-21,东诚药业,sz002675,23.84,22.9301,23.68,23.0499,23.6699,14.0262,2108500,0.048808,0.0,0.0,0.0384,-0.0266
2012-09-24,东诚药业,sz002675,23.14,22.5699,22.72,23.0101,23.0499,14.002,1426100,0.033013,0.0,0.0,0.0247,0.0127
2012-09-25,东诚药业,sz002675,23.36,22.7301,22.9899,22.8101,23.0101,13.8803,1075800,0.024904,0.0,0.0,0.0273,-0.0078
2012-09-26,东诚药业,sz002675,23.08,21.66,22.8101,21.6899,22.8101,13.1986,2024000,0.046853,0.0,0.0,0.0622,-0.0491
2012-09-27,东诚药业,sz002675,22.54,21.52,21.52,22.18,21.6899,13.4968,1455100,0.033685,0.0,0.0,0.047,0.0306
2012-09-28,东诚药业,sz002675,22.46,21.9,22.06,22.4101,22.18,13.6369,1250500,0.028948,0.0,0.0,0.0252,0.0158
2012-10-01,东诚药业,sz002675,22.4101,22.4101,22.4101,22.4101,22.4101,13.6369,0,0.0,0.0,0.0,0.0,0.0
2012-10-02,东诚药业,sz002675,22.4101,22.4101,22.4101,22.4101,22.4101,13.6369,0,0.0,0.0,0.0,0.0,0.0
2012-10-03,东诚药业,sz002675,22.4101,22.4101,22.4101,22.4101,22.4101,13.6369,0,0.0,0.0,0.0,0.0,0.0
2012-10-04,东诚药业,sz002675,22.4101,22.4101,22.4101,22.4101,22.4101,13.6369,0,0.0,0.0,0.0,0.0,0.0
2012-10-05,东诚药业,sz002675,22.4101,22.4101,22.4101,22.4101,22.4101,13.6369,0,0.0,0.0,0.0,0.0,0.0
2012-10-08,东诚药业,sz002675,22.6,22.3501,22.38,22.5,22.4101,13.6916,1029400,0.023829,0.0,0.0,0.0111,0.0053
2012-10-09,东诚药业,sz002675,23.06,22.5,22.5,22.9899,22.5,13.9897,1523200,0.03526,0.0,0.0,0.0248,0.0217
2012-10-10,东诚药业,sz002675,23.3699,22.8699,22.9899,23.2,22.9899,14.1175,1560300,0.03612,0.0,0.0,0.0217,0.0091
2012-10-11,东诚药业,sz002675,23.22,22.6,23.2101,22.6,23.2,13.7524,1446000,0.033474,0.0,0.0,0.0267,-0.0262
2012-10-12,东诚药业,sz002675,22.8499,22.1301,22.78,22.3501,22.6,13.6003,1108300,0.025657,0.0,0.0,0.0318,-0.0188
2012-10-15,东诚药业,sz002675,22.3301,21.6301,22.3301,21.8101,22.3501,13.2717,1613600,0.037353,0.0,0.0,0.0313,-0.0232
2012-10-16,东诚药业,sz002675,22.3301,21.68,21.7699,21.9,21.8101,13.3265,1400500,0.032419,0.0,0.0,0.0298,0.0059
2012-10-17,东诚药业,sz002675,22.18,21.82,22.0101,22.0699,21.9,13.4299,910300,0.021073,0.0,0.0,0.0164,0.0027
2012-10-18,东诚药业,sz002675,22.5301,22.0101,22.1,22.4301,22.0699,13.649,1336700,0.030943,0.0,0.0,0.0235,0.0149
2012-10-19,东诚药业,sz002675,22.4499,22.14,22.4301,22.1501,22.4301,13.4786,1196600,0.0277,0.0,0.0,0.0138,-0.0124
2012-10-22,东诚药业,sz002675,23.4499,22.02,22.02,23.42,22.1501,14.2514,3579600,0.082862,0.0,0.0,0.0645,0.0635
2012-10-23,东诚药业,sz002675,23.48,22.78,23.2699,22.82,23.42,13.8863,2236500,0.051772,0.0,0.0,0.0298,-0.0193
2012-10-24,东诚药业,sz002675,22.88,22.5301,22.62,22.6499,22.82,13.7828,956700,0.022148,0.0,0.0,0.0153,0.0013
2012-10-25,东诚药业,sz002675,22.9699,22.4,22.7501,22.4101,22.6499,13.6369,961400,0.022255,0.0,0.0,0.0251,-0.0149
2012-10-26,东诚药业,sz002675,22.6,22.1,22.3101,22.18,22.4101,13.4968,1198100,0.027736,0.0,0.0,0.0223,-0.0058
2012-10-29,东诚药业,sz002675,22.48,21.8899,22.2499,22.12,22.18,13.4603,855400,0.019801,0.0,0.0,0.0266,-0.0058
2012-10-30,东诚药业,sz002675,22.44,22.0301,22.16,22.3,22.12,13.5699,740800,0.017148,0.0,0.0,0.0185,0.0063
2012-10-31,东诚药业,sz002675,22.7501,22.2301,22.2301,22.6699,22.3,13.795,1169400,0.027071,0.0,0.0,0.0233,0.0197
2012-11-01,东诚药业,sz002675,23.0499,22.68,22.7,22.9,22.6699,13.935,1401000,0.032431,0.0,0.0,0.0163,0.0088
2012-11-02,东诚药业,sz002675,22.9899,22.5101,22.7301,22.7501,22.9,13.8438,1195500,0.027674,0.0,0.0,0.0209,8.0E-4
2012-11-05,东诚药业,sz002675,22.8899,22.6101,22.7501,22.7501,22.7501,13.8438,750900,0.017383,0.0,0.0,0.0122,0.0
2012-11-06,东诚药业,sz002675,22.8,22.12,22.6101,22.3699,22.7501,13.6124,986100,0.022829,0.0,0.0,0.0298,-0.0106
2012-11-07,东诚药业,sz002675,22.4301,22.2,22.28,22.3501,22.3699,13.6003,731200,0.016927,0.0,0.0,0.0102,0.0031
2012-11-08,东诚药业,sz002675,22.24,21.6,22.24,21.6,22.3501,13.1439,1181700,0.027354,0.0,0.0,0.0286,-0.0287
2012-11-09,东诚药业,sz002675,21.9101,21.5501,21.68,21.7,21.6,13.2048,532600,0.012331,0.0,0.0,0.0166,9.0E-4
2012-11-12,东诚药业,sz002675,21.84,21.3,21.84,21.4499,21.7,13.0526,736400,0.017048,0.0,0.0,0.0248,-0.0178
2012-11-13,东诚药业,sz002675,21.4699,21.1,21.4,21.1899,21.4499,12.8944,691400,0.016006,0.0,0.0,0.0172,-0.0098
2012-11-14,东诚药业,sz002675,21.7501,21.02,21.02,21.52,21.1899,13.0952,840700,0.019463,0.0,0.0,0.0344,0.0237
2012-11-15,东诚药业,sz002675,21.48,21.1,21.42,21.1501,21.52,12.8701,631100,0.014609,0.0,0.0,0.0176,-0.0126
2012-11-16,东诚药业,sz002675,21.36,20.5,21.1,20.7899,21.1501,12.651,721900,0.016712,0.0,0.0,0.0406,-0.0146
2012-11-19,东诚药业,sz002675,20.8,20.24,20.7899,20.6,20.7899,12.5354,625900,0.014489,0.0,0.0,0.0269,-0.0091
2012-11-20,东诚药业,sz002675,20.7699,20.5,20.7699,20.5899,20.6,12.5293,454600,0.010524,0.0,0.0,0.0131,-0.0086
2012-11-21,东诚药业,sz002675,20.9501,20.3,20.78,20.94,20.5899,12.7423,652000,0.015093,0.0,0.0,0.0315,0.0076
2012-11-22,东诚药业,sz002675,21.1501,20.6499,20.92,21.0499,20.94,12.8092,759900,0.017592,0.0,0.0,0.0238,0.0062
2012-11-23,东诚药业,sz002675,21.1,20.7899,20.9101,20.8499,21.0499,12.6875,516600,0.01196,0.0,0.0,0.0147,-0.0028
2012-11-26,东诚药业,sz002675,20.8499,20.32,20.7101,20.38,20.8499,12.4015,412400,0.009547,0.0,0.0,0.0254,-0.0159
2012-11-27,东诚药业,sz002675,20.38,19.0499,20.38,19.08,20.38,11.6105,939200,0.021741,0.0,0.0,0.0652,-0.0637
2012-11-28,东诚药业,sz002675,19.08,18.0301,19.0101,18.24,19.08,11.0993,1039000,0.024051,0.0,0.0,0.055,-0.0405
2012-11-29,东诚药业,sz002675,18.38,17.58,18.24,17.62,18.24,10.722,693400,0.016052,0.0,0.0,0.0438,-0.0339
2012-11-30,东诚药业,sz002675,17.9501,17.62,17.7699,17.8,17.62,10.8316,541600,0.012537,0.0,0.0,0.0187,0.0016
2012-12-03,东诚药业,sz002675,17.88,16.7899,17.88,16.8,17.8,10.223,1191500,0.027582,0.0,0.0,0.0612,-0.0604
2012-12-04,东诚药业,sz002675,17.0,16.46,16.68,16.9501,16.8,10.3144,1269600,0.029389,0.0,0.0,0.0321,0.0161
2012-12-05,东诚药业,sz002675,18.2,16.8301,16.8301,17.8499,16.9501,10.8619,1733700,0.040132,0.0,0.0,0.0808,0.0605
2012-12-06,东诚药业,sz002675,17.92,17.46,17.68,17.5899,17.8499,10.7037,1128000,0.026112,0.0,0.0,0.0257,-0.005
2012-12-07,东诚药业,sz002675,18.1101,17.5301,17.6,18.06,17.5899,10.9898,1120600,0.02594,0.0,0.0,0.0329,0.0261
2012-12-10,东诚药业,sz002675,18.54,18.06,18.16,18.52,18.06,11.2697,1322000,0.030602,0.0,0.0,0.0265,0.0198
2012-12-11,东诚药业,sz002675,18.4899,18.22,18.4699,18.24,18.52,11.0993,1126400,0.026074,0.0,0.0,0.0145,-0.0124
2012-12-12,东诚药业,sz002675,18.38,17.9101,18.2699,18.32,18.24,11.148,938900,0.021735,0.0,0.0,0.0257,0.0027
2012-12-13,东诚药业,sz002675,18.4101,17.82,18.3,17.84,18.32,10.8559,801400,0.018553,0.0,0.0,0.0322,-0.0251
2012-12-14,东诚药业,sz002675,18.68,17.6699,17.6699,18.6,17.84,11.3184,1564400,0.036214,0.0,0.0,0.0566,0.0526
2012-12-17,东诚药业,sz002675,18.9699,18.62,18.6301,18.9101,18.6,11.5071,1545000,0.035765,0.0,0.0,0.0188,0.015
2012-12-18,东诚药业,sz002675,19.68,18.72,18.8499,19.06,18.9101,11.5983,2376900,0.055023,0.0,0.0,0.0507,0.0111
2012-12-19,东诚药业,sz002675,19.28,18.9101,18.9101,19.1,19.06,11.6226,1148200,0.026579,0.0,0.0,0.0194,0.01
2012-12-20,东诚药业,sz002675,20.0,18.88,19.16,19.74,19.1,12.0121,2535000,0.058681,0.0,0.0,0.0586,0.0302
2012-12-21,东诚药业,sz002675,21.6,19.62,19.72,20.9501,19.74,12.7484,4824900,0.111688,0.0,0.0,0.1003,0.0623
2012-12-24,东诚药业,sz002675,21.74,20.6101,20.8499,21.6,20.9501,13.1439,3892000,0.090094,0.0,0.0,0.0539,0.0359
2012-12-25,东诚药业,sz002675,22.98,21.38,21.5,22.66,21.6,13.7889,5201900,0.120415,0.0,0.0,0.074,0.0539
2012-12-26,东诚药业,sz002675,24.2499,22.6699,22.6699,24.2499,22.66,14.7564,5513700,0.127633,0.0,0.0,0.0697,0.0696
2012-12-27,东诚药业,sz002675,25.6,23.2,24.5,23.2,24.2499,14.1175,7472300,0.172972,0.0,0.0,0.0989,-0.053
2012-12-28,东诚药业,sz002675,24.88,22.6899,23.2,24.3699,23.2,14.8294,7084500,0.163994,0.0,0.0,0.0944,0.0504
2012-12-31,东诚药业,sz002675,24.44,23.3,24.44,23.6499,24.3699,14.3913,3702600,0.085709,0.0,0.0,0.0467,-0.0323
2013-01-04,东诚药业,sz002675,24.28,23.4,23.9,24.0,23.6499,24.000051,2362601,0.087504,0.0,0.0,0.0372,0.0041
2013-01-07,东诚药业,sz002675,24.79,23.68,24.29,24.16,24.0,24.16006,3111975,0.115258,0.0,0.0,0.0462,-0.0053
2013-01-08,东诚药业,sz002675,24.87,23.8,24.14,24.18,24.16,24.180065,3277214,0.121378,0.0,0.0,0.0442,0.0016
2013-01-09,东诚药业,sz002675,23.9,22.95,23.9,23.3,24.18,23.300056,2730086,0.101114,0.0,0.0,0.0392,-0.0251
2013-01-10,东诚药业,sz002675,23.69,23.11,23.13,23.35,23.3,23.350058,1037133,0.038412,0.0,0.0,0.0248,0.0095
2013-01-11,东诚药业,sz002675,23.99,23.32,23.51,23.41,23.35,23.410067,2033824,0.075327,0.0,0.0,0.0286,-0.0042
2013-01-14,东诚药业,sz002675,24.43,23.5,23.5,24.29,23.41,24.290075,2172121,0.080449,0.0,0.0,0.0397,0.0336
2013-01-15,东诚药业,sz002675,24.85,24.19,24.29,24.64,24.29,24.640072,2309472,0.085536,0.0,0.0,0.0271,0.0144
2013-01-16,东诚药业,sz002675,24.54,23.48,24.52,23.93,24.64,23.930067,1827555,0.067687,0.0,0.0,0.043,-0.024
2013-01-17,东诚药业,sz002675,24.37,23.56,23.92,23.96,23.93,23.960075,1345323,0.049827,0.0,0.0,0.0338,0.0016
2013-01-18,东诚药业,sz002675,24.22,23.48,23.95,23.96,23.96,23.960075,1629027,0.060334,0.0,0.0,0.0308,4.0E-4
2013-01-21,东诚药业,sz002675,24.68,23.9,24.05,24.68,23.96,24.680077,2306185,0.085414,0.0,0.0,0.0325,0.0261
2013-01-22,东诚药业,sz002675,24.7,23.45,24.7,23.7,24.68,23.700079,1947925,0.072145,0.0,0.0,0.0506,-0.0404
2013-01-23,东诚药业,sz002675,23.79,22.54,23.7,23.15,23.7,23.150072,1809540,0.06702,0.0,0.0,0.0527,-0.0232
2013-01-24,东诚药业,sz002675,23.89,22.3,23.1,23.21,23.15,23.210077,2406469,0.089128,0.0,0.0,0.0686,0.0047
2013-01-25,东诚药业,sz002675,23.07,22.56,22.85,22.66,23.21,22.660069,1005265,0.037232,0.0,0.0,0.0219,-0.0083
2013-01-28,东诚药业,sz002675,23.45,22.6,22.65,23.38,22.66,23.380068,1035740,0.038361,0.0,0.0,0.0375,0.0322
2013-01-29,东诚药业,sz002675,23.83,23.38,23.4,23.52,23.38,23.52007,1162419,0.043053,0.0,0.0,0.0192,0.0051
2013-01-30,东诚药业,sz002675,23.64,22.98,23.55,23.1,23.52,23.10007,964372,0.035717,0.0,0.0,0.028,-0.0191
2013-01-31,东诚药业,sz002675,23.2,22.8,23.06,22.9,23.1,22.90007,708106,0.026226,0.0,0.0,0.0173,-0.0069
2013-02-01,东诚药业,sz002675,23.27,22.72,22.72,23.12,22.9,23.120071,770001,0.028519,0.0,0.0,0.024,0.0176
2013-02-04,东诚药业,sz002675,23.3,22.58,23.1,22.71,23.12,22.71006,748967,0.02774,0.0,0.0,0.0311,-0.0168
2013-02-05,东诚药业,sz002675,23.05,22.51,22.71,23.04,22.71,23.04006,703474,0.026055,0.0,0.0,0.0237,0.0145
2013-02-06,东诚药业,sz002675,23.49,22.98,23.09,23.38,23.04,23.380062,831794,0.030807,0.0,0.0,0.0221,0.0125
2013-02-07,东诚药业,sz002675,23.99,23.35,23.39,23.92,23.38,23.92007,1465413,0.054275,0.0,0.0,0.0273,0.0226
2013-02-08,东诚药业,sz002675,24.81,23.77,23.99,24.64,23.92,24.640066,1777529,0.065834,0.0,0.0,0.0434,0.027
2013-02-18,东诚药业,sz002675,25.56,24.61,24.77,24.96,24.64,24.960066,2361999,0.087481,0.0,0.0,0.0385,0.0076
2013-02-19,东诚药业,sz002675,24.95,24.0,24.89,24.02,24.96,24.02007,1615015,0.059815,0.0,0.0,0.038,-0.0349
2013-02-20,东诚药业,sz002675,24.76,24.02,24.18,24.75,24.02,24.750063,1271783,0.047103,0.0,0.0,0.0308,0.0235
2013-02-21,东诚药业,sz002675,25.35,24.2,24.68,24.7,24.75,24.70007,2155286,0.079825,0.0,0.0,0.0464,8.0E-4
2013-02-22,东诚药业,sz002675,24.87,24.2,24.58,24.34,24.7,24.340065,1046177,0.038747,0.0,0.0,0.0271,-0.0097
2013-02-25,东诚药业,sz002675,24.72,24.1,24.38,24.56,24.34,24.560076,898200,0.033267,0.0,0.0,0.0254,0.0073
2013-02-26,东诚药业,sz002675,24.78,23.96,24.3,24.11,24.56,24.110085,1561419,0.05783,0.0,0.0,0.0333,-0.0078
2013-02-27,东诚药业,sz002675,24.3,22.81,24.0,22.98,24.11,22.98007,2189241,0.081083,0.0,0.0,0.0618,-0.0424
2013-02-28,东诚药业,sz002675,23.4,22.9,22.98,23.39,22.98,23.39008,1244584,0.046096,0.0,0.0,0.0217,0.0178
2013-03-01,东诚药业,sz002675,23.73,23.28,23.46,23.62,23.39,23.620075,1279437,0.047387,0.0,0.0,0.0192,0.0068
2013-03-04,东诚药业,sz002675,23.5,22.61,23.5,22.76,23.62,22.760067,1257746,0.046583,0.0,0.0,0.0376,-0.0314
2013-03-05,东诚药业,sz002675,23.45,22.67,22.77,23.42,22.76,23.420065,1032670,0.038247,0.0,0.0,0.0342,0.0285
2013-03-06,东诚药业,sz002675,24.35,23.43,23.43,24.19,23.42,24.19007,1636275,0.060603,0.0,0.0,0.0392,0.0324
2013-03-07,东诚药业,sz002675,25.18,23.7,24.65,24.07,24.19,24.070063,2307067,0.085447,0.0,0.0,0.0611,-0.0235
2013-03-08,东诚药业,sz002675,24.16,23.08,24.15,23.25,24.07,23.250067,1731710,0.064137,0.0,0.0,0.0448,-0.0372
2013-03-11,东诚药业,sz002675,23.38,22.8,23.22,23.14,23.25,23.140072,914268,0.033862,0.0,0.0,0.0249,-0.0034
2013-03-12,东诚药业,sz002675,23.37,22.0,23.14,22.18,23.14,22.18006,1228579,0.045503,0.0,0.0,0.0592,-0.0414
2013-03-13,东诚药业,sz002675,22.26,21.3,22.2,21.62,22.18,21.620056,863593,0.031985,0.0,0.0,0.0432,-0.0261
2013-03-14,东诚药业,sz002675,21.92,21.45,21.5,21.72,21.62,21.720049,512049,0.018965,0.0,0.0,0.0217,0.0102
2013-03-15,东诚药业,sz002675,22.18,21.45,21.72,21.87,21.72,21.870049,594930,0.022034,0.0,0.0,0.0336,0.0069
2013-03-18,东诚药业,sz002675,22.28,21.6,21.85,21.62,21.87,21.620052,420398,0.01557,0.0,0.0,0.031,-0.0105
2013-03-19,东诚药业,sz002675,21.84,21.01,21.58,21.46,21.62,21.460041,466031,0.01726,0.0,0.0,0.0383,-0.0055
2013-03-20,东诚药业,sz002675,22.1,21.36,21.4,22.05,21.46,22.050043,601146,0.022265,0.0,0.0,0.0344,0.0303
2013-03-21,东诚药业,sz002675,22.45,21.86,22.0,22.38,22.05,22.380043,911267,0.033751,0.0,0.0,0.0267,0.0172
2013-03-22,东诚药业,sz002675,22.52,22.08,22.15,22.33,22.38,22.330048,529442,0.019609,0.0,0.0,0.0196,0.0081
2013-03-25,东诚药业,sz002675,22.55,22.07,22.31,22.32,22.33,22.320044,499973,0.018518,0.0,0.0,0.0214,4.0E-4
2013-03-26,东诚药业,sz002675,22.42,21.65,22.28,21.88,22.32,21.880049,512713,0.018989,0.0,0.0,0.0344,-0.0179
2013-03-27,东诚药业,sz002675,22.17,21.46,21.97,21.62,21.88,21.620047,613411,0.022719,0.0,0.0,0.0324,-0.0159
2013-03-28,东诚药业,sz002675,21.41,20.38,21.38,20.39,21.62,20.39004,1037722,0.038434,0.0,0.0,0.0476,-0.0463
2013-03-29,东诚药业,sz002675,20.6,20.09,20.6,20.14,20.39,20.140038,707513,0.026204,0.0,0.0,0.025,-0.0223
2013-04-01,东诚药业,sz002675,20.65,20.0,20.0,20.53,20.14,20.53003,503472,0.018647,0.0,0.0,0.0322,0.0265
2013-04-02,东诚药业,sz002675,21.14,20.36,20.6,20.36,20.53,20.36002,771667,0.02858,0.0,0.0,0.0379,-0.0116
2013-04-03,东诚药业,sz002675,20.7,20.32,20.35,20.65,20.36,20.650028,489713,0.018138,0.0,0.0,0.0186,0.0147
2013-04-08,东诚药业,sz002675,20.8,20.08,20.49,20.78,20.65,20.78002,555045,0.020557,0.0,0.0,0.0348,0.0141
2013-04-09,东诚药业,sz002675,20.91,20.56,20.91,20.73,20.78,20.730022,519752,0.01925,0.0,0.0,0.0168,-0.0086
2013-04-10,东诚药业,sz002675,20.7,20.2,20.63,20.37,20.73,20.370026,502388,0.018607,0.0,0.0,0.0241,-0.0126
2013-04-11,东诚药业,sz002675,20.55,20.21,20.23,20.26,20.37,20.260027,299821,0.011104,0.0,0.0,0.0166,0.0014
2013-04-16,东诚药业,sz002675,20.4,19.67,20.4,20.02,20.26,20.020027,528292,0.019566,0.0,0.0,0.036,-0.0186
2013-04-17,东诚药业,sz002675,20.29,19.8,19.8,20.25,20.02,20.250036,412645,0.015283,0.0,0.0,0.0244,0.0227
2013-04-18,东诚药业,sz002675,20.8,19.91,20.16,20.79,20.25,20.790045,549833,0.020364,0.0,0.0,0.0439,0.0312
2013-04-19,东诚药业,sz002675,21.35,20.61,20.72,21.17,20.79,21.170046,852442,0.031572,0.0,0.0,0.0355,0.0217
2013-04-22,东诚药业,sz002675,22.21,21.7,21.7,22.11,21.17,22.110037,1595007,0.059074,21.762909,2.2516,0.024,0.0188
2013-04-23,东诚药业,sz002675,22.18,21.41,22.11,21.42,22.11,21.420027,1115822,0.041327,21.083733,2.181333,0.0348,-0.0312
2013-04-24,东诚药业,sz002675,23.18,21.6,21.6,22.9,21.42,22.900023,1727218,0.063971,22.540491,2.332049,0.0737,0.0601
2013-04-25,东诚药业,sz002675,23.36,22.55,22.8,22.64,22.9,22.640017,1471819,0.054512,22.284567,2.305571,0.0353,-0.007
2013-04-26,东诚药业,sz002675,22.96,22.31,22.49,22.33,22.64,22.330006,777961,0.028813,21.979424,2.274001,0.0287,-0.0071
2013-05-02,东诚药业,sz002675,22.86,22.2,22.22,22.8,22.33,22.800009,698229,0.02586,22.442047,2.321864,0.0295,0.0261
2013-05-03,东诚药业,sz002675,23.25,22.71,22.73,22.9,22.8,22.90001,944337,0.034975,22.540478,2.332048,0.0236,0.0074
2013-05-06,东诚药业,sz002675,23.13,22.86,23.09,23.0,22.9,23.000013,928037,0.034372,22.638912,2.342232,0.0117,-0.0038
2013-05-07,东诚药业,sz002675,23.49,22.82,23.08,23.02,23.0,23.020023,812902,0.030107,22.658607,2.34427,0.0291,-0.0025
2013-05-08,东诚药业,sz002675,23.1,22.62,23.01,23.07,23.02,23.070023,922952,0.034183,22.707823,2.349362,0.0208,0.0026
2013-05-09,东诚药业,sz002675,23.4,22.86,23.05,23.19,23.07,23.190033,1318475,0.048832,22.825949,2.361583,0.0234,0.006
2013-05-10,东诚药业,sz002675,24.03,23.12,23.25,23.9,23.19,23.900043,1822549,0.067502,23.52481,2.433888,0.0392,0.0279
2013-05-13,东诚药业,sz002675,24.2,23.66,24.18,23.86,23.9,23.860033,1068174,0.039562,23.48543,2.429813,0.0225,-0.0132
2013-05-14,东诚药业,sz002675,23.8,23.12,23.8,23.15,23.86,23.15003,980228,0.036305,22.786573,2.357509,0.0284,-0.0273
2013-05-15,东诚药业,sz002675,23.6,23.2,23.2,23.45,23.15,23.450031,580042,0.021483,23.081865,2.38806,0.0172,0.0107
2013-05-16,东诚药业,sz002675,23.88,23.41,23.45,23.86,23.45,23.860033,1224235,0.045342,23.485428,2.429813,0.02,0.0174
2013-05-17,东诚药业,sz002675,24.21,23.75,23.9,24.01,23.86,24.01004,1307549,0.048428,23.633081,2.445089,0.0192,0.0046
2013-05-20,东诚药业,sz002675,24.17,23.81,24.17,24.13,24.01,24.130043,1419040,0.052557,23.7512,2.45731,0.0149,-0.0016
2013-05-21,东诚药业,sz002675,25.17,24.1,24.1,24.88,24.13,24.880053,2246668,0.08321,24.489433,2.533688,0.0443,0.0323
2013-05-22,东诚药业,sz002675,25.05,24.28,24.91,24.28,24.88,24.280045,1408749,0.052176,23.898848,2.472586,0.0309,-0.0252
2013-05-23,东诚药业,sz002675,25.6,24.55,24.66,25.06,24.28,25.060041,3198412,0.11846,24.666597,2.552017,0.0432,0.0162
2013-05-24,东诚药业,sz002675,25.45,24.72,25.02,25.17,25.06,25.17003,2152086,0.079707,24.774858,2.563218,0.0291,0.0059
2013-05-27,东诚药业,sz002675,26.83,25.18,25.28,26.29,25.17,26.290022,2879877,0.057461,25.877266,2.677274,0.0655,0.0399
2013-05-28,东诚药业,sz002675,27.25,25.72,26.19,26.9,26.29,26.900028,3219650,0.06424,26.477695,2.739395,0.0581,0.0271
2013-05-29,东诚药业,sz002675,27.2,26.53,27.2,26.59,26.9,26.590033,1992854,0.039763,26.172567,2.707826,0.0249,-0.0224
2013-05-30,东诚药业,sz002675,27.51,26.35,26.48,27.19,26.59,27.190037,2144742,0.042793,26.763151,2.768928,0.0436,0.0268
2013-05-31,东诚药业,sz002675,27.48,27.02,27.19,27.19,27.19,27.190037,1711074,0.03414,26.763151,2.768928,0.0169,0.0
2013-06-03,东诚药业,sz002675,27.34,26.01,27.19,26.15,27.19,26.150045,2200890,0.043914,25.739489,2.663019,0.0489,-0.0382
2013-06-04,东诚药业,sz002675,26.0,24.7,25.98,25.26,26.15,25.260054,1534215,0.030612,24.86347,2.572386,0.0497,-0.0277
2013-06-05,东诚药业,sz002675,25.54,25.0,25.33,25.45,25.26,25.45006,871157,0.017382,25.050493,2.591735,0.0213,0.0047
2013-06-06,东诚药业,sz002675,25.58,25.06,25.27,25.22,25.45,25.220068,556265,0.011099,24.824112,2.568314,0.0204,-0.0019
2013-06-07,东诚药业,sz002675,25.45,24.4,25.45,24.71,25.22,24.710068,777545,0.015514,24.322119,2.516377,0.0416,-0.029
2013-06-13,东诚药业,sz002675,24.4,22.97,24.4,23.53,24.71,23.530064,895048,0.017859,23.16064,2.39621,0.0578,-0.0356
2013-06-14,东诚药业,sz002675,24.46,23.55,23.76,24.25,23.53,24.25006,835162,0.016664,23.869331,2.469532,0.0386,0.0206
2013-06-17,东诚药业,sz002675,26.68,24.2,24.33,26.43,24.25,26.430067,3041548,0.060687,26.015114,2.691536,0.1022,0.0863
2013-06-18,东诚药业,sz002675,26.58,25.87,26.21,26.29,26.43,26.290068,1695216,0.033824,25.877312,2.677278,0.0268,0.003
2013-06-19,东诚药业,sz002675,26.39,25.6,26.0,26.26,26.29,26.26007,945461,0.018864,25.847786,2.674224,0.03,0.01
2013-06-20,东诚药业,sz002675,26.23,24.35,26.23,24.4,26.26,24.40007,1300070,0.02594,24.016987,2.484808,0.0715,-0.0697
2013-06-21,东诚药业,sz002675,25.4,23.53,24.0,25.14,24.4,25.140076,1257176,0.025084,24.745375,2.560168,0.0766,0.0475
2013-06-24,东诚药业,sz002675,25.08,23.27,25.0,23.63,25.14,23.630062,1212767,0.024198,23.259068,2.406394,0.0719,-0.0548
2013-06-25,东诚药业,sz002675,24.5,21.42,23.9,24.27,23.63,24.270058,1707517,0.034069,23.889017,2.471569,0.1303,0.0154
2013-06-26,东诚药业,sz002675,24.97,23.9,24.43,24.96,24.27,24.960056,1409469,0.028123,24.56818,2.541835,0.044,0.0216
2013-06-27,东诚药业,sz002675,25.44,24.18,25.01,24.23,24.96,24.23005,1467480,0.02928,23.849636,2.467494,0.0504,-0.0311
2013-06-28,东诚药业,sz002675,24.5,23.01,24.33,23.5,24.23,23.500046,1389793,0.02773,23.131094,2.393154,0.0614,-0.0341
2013-07-01,东诚药业,sz002675,14.86,14.13,14.36,14.84,23.5,23.994041,885315,0.01104,23.617332,2.44346,0.031,0.0334
2013-07-02,东诚药业,sz002675,15.86,14.73,14.73,15.44,14.84,24.964144,2823140,0.035206,24.572205,2.542252,0.0761,0.0482
2013-07-03,东诚药业,sz002675,15.67,15.01,15.22,15.5,15.44,25.061155,1902473,0.023725,24.667692,2.552131,0.0427,0.0183
2013-07-04,东诚药业,sz002675,15.75,15.16,15.48,15.33,15.5,24.786283,1930839,0.024078,24.397137,2.524139,0.038,-0.0096
2013-07-05,东诚药业,sz002675,15.37,14.77,15.33,14.77,15.33,23.88084,2052780,0.025599,23.50591,2.431932,0.0391,-0.0365
2013-07-08,东诚药业,sz002675,14.5,13.77,14.44,13.77,14.77,22.263988,1601993,0.019977,21.914442,2.267278,0.0494,-0.0463
2013-07-09,东诚药业,sz002675,14.09,13.76,13.77,13.9,13.77,22.474182,829671,0.010346,22.121338,2.288684,0.0239,0.0094
2013-07-10,东诚药业,sz002675,14.3,13.79,13.96,14.3,13.9,23.120922,1091318,0.013609,22.757921,2.354545,0.0366,0.0243
2013-07-11,东诚药业,sz002675,14.72,14.2,14.3,14.6,14.3,23.605976,1431099,0.017846,23.235361,2.403941,0.0363,0.0209
2013-07-12,东诚药业,sz002675,14.77,14.33,14.56,14.5,14.6,23.4443,1453740,0.018129,23.076221,2.387476,0.0301,-0.0041
2013-07-15,东诚药业,sz002675,14.87,14.5,14.5,14.82,14.5,23.96169,1105509,0.013786,23.585491,2.440166,0.0255,0.022
2013-07-16,东诚药业,sz002675,15.12,14.68,14.68,14.96,14.82,24.188057,2133801,0.026609,23.808304,2.463218,0.0296,0.019
2013-07-17,东诚药业,sz002675,15.29,14.6,14.92,14.75,14.96,23.84853,1997449,0.024909,23.474106,2.428642,0.0461,-0.0113
2013-07-18,东诚药业,sz002675,14.98,14.55,14.56,14.79,14.75,23.913206,1228831,0.015324,23.537767,2.435228,0.0291,0.0157
2013-07-19,东诚药业,sz002675,15.32,14.8,14.91,14.9,14.79,24.09105,2382479,0.02971,23.712818,2.453339,0.0351,-6.0E-4
2013-07-22,东诚药业,sz002675,15.53,14.56,14.75,15.51,14.9,25.077337,2233753,0.027856,24.68362,2.553779,0.0651,0.0515
2013-07-23,东诚药业,sz002675,15.72,15.33,15.53,15.64,15.51,25.287535,2763875,0.034467,24.890518,2.575184,0.0251,0.007
2013-07-24,东诚药业,sz002675,16.27,15.42,15.65,16.05,15.64,25.950447,3673844,0.045814,25.543024,2.642693,0.0543,0.0255
2013-07-25,东诚药业,sz002675,16.09,15.4,16.09,15.4,16.05,24.899506,2461791,0.030699,24.508581,2.535669,0.0429,-0.0428
2013-07-26,东诚药业,sz002675,15.8,15.31,15.4,15.57,15.4,25.174372,1692334,0.021104,24.779133,2.56366,0.0318,0.011
2013-07-29,东诚药业,sz002675,15.55,14.96,15.55,15.01,15.57,24.268925,1446423,0.018037,23.887901,2.471453,0.0378,-0.0347
2013-07-30,东诚药业,sz002675,15.12,14.47,15.01,15.0,15.01,24.252762,1560995,0.019466,23.871992,2.469807,0.0433,-6.0E-4
2013-07-31,东诚药业,sz002675,15.15,14.7,15.08,14.79,15.0,23.913223,1022421,0.01275,23.537785,2.43523,0.03,-0.0192
2013-08-01,东诚药业,sz002675,15.28,14.79,14.8,15.25,14.79,24.656973,1721616,0.021469,24.269857,2.51097,0.0331,0.0304
2013-08-02,东诚药业,sz002675,15.77,15.34,15.5,15.52,15.25,25.093525,2037469,0.025408,24.699554,2.555427,0.0281,0.0012
2013-08-05,东诚药业,sz002675,16.04,15.42,15.48,16.04,15.52,25.934282,2550923,0.031811,25.527113,2.641047,0.0399,0.0361
2013-08-06,东诚药业,sz002675,16.08,15.69,16.04,15.92,16.04,25.740269,2592272,0.032327,25.336145,2.621289,0.0243,-0.0074
2013-08-07,东诚药业,sz002675,16.33,15.75,15.92,15.84,15.92,25.610924,3239452,0.040397,25.208832,2.608117,0.0364,-0.005
2013-08-08,东诚药业,sz002675,16.49,15.75,15.8,16.23,15.84,26.24149,3502964,0.043683,25.829496,2.672332,0.0467,0.0272
2013-08-09,东诚药业,sz002675,16.39,15.85,16.26,16.1,16.23,26.031296,2519372,0.031418,25.622602,2.650926,0.0332,-0.0098
2013-08-12,东诚药业,sz002675,16.22,15.89,16.1,16.08,16.1,25.998964,1855904,0.023144,25.59078,2.647634,0.0204,-0.0012
2013-08-13,东诚药业,sz002675,16.47,16.06,16.11,16.21,16.08,26.209167,2279508,0.028426,25.797682,2.66904,0.0254,0.0062
2013-08-14,东诚药业,sz002675,16.3,15.95,16.2,16.04,16.21,25.93431,1937107,0.024156,25.527142,2.64105,0.0215,-0.0098
2013-08-15,东诚药业,sz002675,15.99,15.61,15.99,15.64,16.04,25.287561,2072148,0.02584,24.890545,2.575187,0.0236,-0.0218
2013-08-16,东诚药业,sz002675,15.73,14.95,15.51,15.0,15.64,24.25277,2226074,0.02776,23.872,2.469808,0.0498,-0.0328
2013-08-19,东诚药业,sz002675,15.45,14.9,14.98,15.32,15.0,24.770153,1217028,0.015177,24.38126,2.522496,0.0366,0.0226
2013-08-20,东诚药业,sz002675,15.46,15.15,15.3,15.2,15.32,24.576128,863234,0.010765,24.190283,2.502738,0.0202,-0.0065
2013-08-21,东诚药业,sz002675,15.45,14.96,15.19,15.45,15.2,24.980331,896881,0.011184,24.588139,2.5439,0.0322,0.0171
2013-08-22,东诚药业,sz002675,15.49,15.2,15.37,15.23,15.45,24.624638,931190,0.011612,24.23803,2.507678,0.0187,-0.0091
2013-08-23,东诚药业,sz002675,15.38,14.88,15.23,15.08,15.23,24.382109,1267377,0.015805,23.99931,2.482979,0.0328,-0.0098
2013-08-26,东诚药业,sz002675,16.29,15.1,15.24,16.15,15.08,26.112143,3380682,0.042158,17.496117,1.666332,0.0789,0.0597
2013-08-27,东诚药业,sz002675,16.08,15.82,16.05,16.04,16.15,25.934292,2098474,0.026169,17.37695,1.654983,0.016,-6.0E-4
2013-08-28,东诚药业,sz002675,16.0,15.56,15.93,15.71,16.04,25.40072,1756887,0.021909,17.019438,1.620933,0.0274,-0.0138
2013-08-29,东诚药业,sz002675,16.03,15.61,15.67,15.74,15.71,25.449236,1691705,0.021096,17.051945,1.624029,0.0267,0.0044
2013-08-30,东诚药业,sz002675,15.88,15.0,15.8,15.11,15.74,24.43063,2284172,0.028484,16.36944,1.559027,0.0559,-0.0436
2013-09-02,东诚药业,sz002675,15.3,15.06,15.16,15.25,15.11,24.656979,893374,0.011141,16.521103,1.573472,0.0158,0.0059
2013-09-03,东诚药业,sz002675,15.5,15.22,15.22,15.5,15.25,25.061182,1102788,0.013752,16.791933,1.599266,0.0183,0.0183
2013-09-04,东诚药业,sz002675,16.1,15.65,15.69,15.85,15.5,25.627089,3802684,0.047421,17.171112,1.635379,0.029,0.0101
2013-09-05,东诚药业,sz002675,15.79,15.42,15.5,15.72,15.85,25.416895,2023870,0.025238,17.030273,1.621965,0.0233,0.0141
2013-09-06,东诚药业,sz002675,15.89,15.5,15.62,15.88,15.72,25.675587,2054822,0.025624,17.203608,1.638474,0.0248,0.0166
2013-09-09,东诚药业,sz002675,16.17,15.8,15.98,15.92,15.88,25.740265,2742555,0.034201,17.246944,1.642601,0.0232,-0.0037
2013-09-10,东诚药业,sz002675,16.12,15.79,15.94,15.93,15.92,25.75643,2215158,0.027624,17.257774,1.643633,0.0207,-6.0E-4
2013-09-11,东诚药业,sz002675,15.95,15.37,15.9,15.46,15.93,24.996511,2153060,0.026849,16.748602,1.595139,0.0364,-0.0276
2013-09-12,东诚药业,sz002675,15.68,15.4,15.42,15.46,15.46,24.996511,1205327,0.015031,16.748602,1.595139,0.0181,0.0025
2013-09-13,东诚药业,sz002675,15.62,15.4,15.46,15.52,15.46,25.093523,990076,0.012347,16.813602,1.60133,0.0142,0.0038
2013-09-16,东诚药业,sz002675,15.69,15.5,15.52,15.52,15.52,25.093523,966129,0.012048,16.813602,1.60133,0.0122,0.0
2013-09-17,东诚药业,sz002675,15.6,15.21,15.46,15.21,15.52,24.592304,1486507,0.018537,16.477768,1.569345,0.0251,-0.0161
2013-09-18,东诚药业,sz002675,15.4,15.18,15.22,15.4,15.21,24.899511,677179,0.008445,16.683609,1.588949,0.0144,0.0118
2013-09-23,东诚药业,sz002675,15.66,15.37,15.4,15.55,15.4,25.142033,1864518,0.023251,16.846107,1.604425,0.0188,0.0097
2013-09-24,东诚药业,sz002675,15.88,15.47,15.55,15.8,15.55,25.546242,3335231,0.041592,17.116941,1.63022,0.0263,0.016
2013-09-25,东诚药业,sz002675,16.83,15.72,15.83,16.4,15.8,26.516361,6801099,0.084812,17.766958,1.692127,0.0702,0.036
2013-09-26,东诚药业,sz002675,16.78,16.2,16.25,16.44,16.4,26.581034,5158902,0.064333,17.810291,1.696254,0.0353,0.0116
2013-09-27,东诚药业,sz002675,16.75,16.22,16.46,16.32,16.44,26.387018,3141691,0.039178,17.680294,1.683873,0.0322,-0.0085
2013-09-30,东诚药业,sz002675,16.6,16.11,16.36,16.53,16.32,26.726566,2979606,0.037157,17.907804,1.705541,0.03,0.0103
2013-10-08,东诚药业,sz002675,16.55,16.16,16.55,16.42,16.53,26.548702,2724470,0.033975,17.788628,1.694191,0.0235,-0.0078
2013-10-09,东诚药业,sz002675,16.6,16.28,16.42,16.52,16.42,26.710382,3238055,0.04038,17.89696,1.704509,0.0194,0.006
2013-10-10,东诚药业,sz002675,17.3,16.43,16.6,16.99,16.52,27.470293,6735964,0.084,18.40613,1.753002,0.0526,0.0234
2013-10-11,东诚药业,sz002675,17.47,16.86,16.94,17.01,16.99,27.502626,3938706,0.049117,18.427794,1.755065,0.0359,0.0041
2013-10-14,东诚药业,sz002675,17.35,16.8,17.08,17.17,17.01,27.761316,3165071,0.03947,18.601126,1.771573,0.0323,0.0052
2013-10-15,东诚药业,sz002675,18.0,17.23,17.24,17.88,17.17,28.909273,6296482,0.07852,19.3703,1.84483,0.0448,0.0371
2013-10-16,东诚药业,sz002675,17.8,16.72,17.8,17.0,17.88,27.486446,5149405,0.064215,18.416952,1.754033,0.0604,-0.0449
2013-10-17,东诚药业,sz002675,17.36,16.55,17.03,16.6,17.0,26.839718,3453892,0.043071,17.98362,1.712762,0.0476,-0.0252
2013-10-18,东诚药业,sz002675,16.8,16.52,16.66,16.79,16.6,27.146925,1599034,0.019941,18.18946,1.732366,0.0168,0.0078
2013-10-21,东诚药业,sz002675,17.56,16.8,16.8,17.43,16.79,28.181711,3132708,0.039066,18.882807,1.798401,0.0452,0.0374
2013-10-22,东诚药业,sz002675,17.49,16.98,17.48,16.99,17.43,27.470293,2732434,0.034074,18.406128,1.753002,0.0292,-0.028
2013-10-23,东诚药业,sz002675,17.12,16.24,17.0,16.4,16.99,26.51636,3030787,0.037795,17.766956,1.692127,0.0517,-0.0352
2013-10-24,东诚药业,sz002675,16.5,16.08,16.42,16.26,16.4,26.28999,1431791,0.017855,17.61528,1.677681,0.0256,-0.0097
2013-10-25,东诚药业,sz002675,16.39,16.08,16.22,16.12,16.26,26.063633,1412828,0.017619,17.463614,1.663237,0.019,-0.0061
2013-10-28,东诚药业,sz002675,16.33,15.73,16.15,16.03,16.12,25.91812,1352689,0.016869,17.366114,1.653951,0.0372,-0.0074
2013-10-29,东诚药业,sz002675,15.98,14.66,15.8,15.1,16.03,24.414454,2580992,0.032186,26.95259,2.44443,0.0823,-0.0443
2013-10-30,东诚药业,sz002675,15.27,14.83,15.01,15.25,15.1,24.656986,1407899,0.017557,27.220337,2.468713,0.0291,0.0159
2013-10-31,东诚药业,sz002675,15.25,14.9,15.25,14.98,15.25,24.220434,889309,0.01109,26.738401,2.425004,0.0229,-0.0177
2013-11-01,东诚药业,sz002675,15.08,14.71,14.95,14.98,14.98,24.220434,659407,0.008223,26.738401,2.425004,0.0246,0.002
2013-11-04,东诚药业,sz002675,15.2,14.9,14.98,15.1,14.98,24.414465,660275,0.008234,26.952602,2.444431,0.02,0.008
2013-11-05,东诚药业,sz002675,15.31,14.91,15.16,15.29,15.1,24.721672,854273,0.010653,27.291746,2.475189,0.0264,0.0085
2013-11-06,东诚药业,sz002675,15.42,15.16,15.28,15.18,15.29,24.543823,1124146,0.014019,27.09541,2.457383,0.017,-0.0065
2013-11-07,东诚药业,sz002675,15.29,14.68,15.18,14.72,15.18,23.800072,1269553,0.015832,26.274338,2.382917,0.0401,-0.0303
2013-11-08,东诚药业,sz002675,14.76,14.18,14.7,14.43,14.72,23.331186,1076326,0.013422,25.756706,2.335971,0.0394,-0.0183
2013-11-11,东诚药业,sz002675,14.73,14.05,14.5,14.66,14.43,23.703064,768792,0.009587,26.167242,2.373204,0.0471,0.011
2013-11-12,东诚药业,sz002675,14.91,14.51,14.68,14.83,14.66,23.977924,1004748,0.01253,26.470678,2.400723,0.0272,0.0102
2013-11-13,东诚药业,sz002675,15.1,14.55,14.98,14.61,14.83,23.622211,1044782,0.013029,26.077986,2.365109,0.037,-0.0246
2013-11-14,东诚药业,sz002675,14.98,14.51,14.61,14.95,14.61,24.171947,1224921,0.015275,26.684874,2.420149,0.0321,0.0232
2013-11-15,东诚药业,sz002675,15.38,14.9,14.94,15.27,14.95,24.689348,2056356,0.025644,27.256063,2.471953,0.0321,0.022
2013-11-18,东诚药业,sz002675,15.5,15.22,15.3,15.48,15.27,25.028875,2311910,0.02883,27.630888,2.505947,0.0183,0.0117
2013-11-19,东诚药业,sz002675,15.66,15.38,15.56,15.45,15.48,24.98037,2143456,0.02673,27.57734,2.501091,0.018,-0.007
2013-11-20,东诚药业,sz002675,15.63,15.4,15.49,15.56,15.45,25.15823,1738795,0.021683,27.77369,2.518898,0.0148,0.0045
2013-11-21,东诚药业,sz002675,15.5,15.22,15.5,15.27,15.56,24.689331,1532186,0.019107,27.256044,2.471951,0.0179,-0.0148
2013-11-22,东诚药业,sz002675,15.55,15.21,15.28,15.4,15.27,24.899511,1230581,0.015346,27.488075,2.492995,0.0222,0.0078
2013-11-25,东诚药业,sz002675,15.8,15.3,15.31,15.55,15.4,25.142033,1957339,0.024409,27.75581,2.517277,0.0324,0.0156
2013-11-26,东诚药业,sz002675,16.19,15.6,15.6,15.9,15.55,25.70793,3062651,0.038192,28.380537,2.573935,0.0379,0.0192
2013-11-27,东诚药业,sz002675,16.03,15.76,15.86,16.01,15.9,25.885777,2319405,0.028924,28.576874,2.591742,0.0169,0.0094
2013-11-28,东诚药业,sz002675,16.26,15.94,16.25,16.0,16.01,25.869598,3214391,0.040085,28.559013,2.590122,0.0199,-0.0153
2013-11-29,东诚药业,sz002675,16.69,16.01,16.01,16.5,16.0,26.678022,3514255,0.043824,29.451483,2.671063,0.0424,0.0306
2013-12-02,东诚药业,sz002675,16.08,15.12,16.0,15.14,16.5,24.479115,4061829,0.050653,27.023973,2.450904,0.0581,-0.0537
2013-12-03,东诚药业,sz002675,15.57,14.68,15.0,15.53,15.14,25.109695,2384792,0.029739,27.72011,2.514039,0.0587,0.0353
2013-12-04,东诚药业,sz002675,16.22,15.4,15.45,15.96,15.53,25.804934,3123590,0.038952,28.487625,2.583648,0.0528,0.033
2013-12-05,东诚药业,sz002675,16.41,15.83,15.95,16.21,15.96,26.20914,3016210,0.037613,28.933855,2.624118,0.0363,0.0163
2013-12-06,东诚药业,sz002675,16.52,15.89,16.21,16.05,16.21,25.950457,2567611,0.032019,28.648277,2.598218,0.0388,-0.0098
2013-12-09,东诚药业,sz002675,16.47,15.95,16.0,16.4,16.05,26.51636,2336626,0.029139,29.27301,2.654877,0.0323,0.0249
2013-12-10,东诚药业,sz002675,16.7,16.24,16.7,16.29,16.4,26.338514,2489264,0.031042,29.076677,2.637071,0.028,-0.0245
2013-12-11,东诚药业,sz002675,16.19,15.8,16.13,15.94,16.29,25.772604,2308404,0.028787,28.451935,2.580411,0.0239,-0.0117
2013-12-12,东诚药业,sz002675,16.35,15.83,15.91,16.21,15.94,26.209166,2054120,0.025616,28.933884,2.62412,0.0326,0.0188
2013-12-13,东诚药业,sz002675,16.57,16.02,16.13,16.53,16.21,26.726562,2774456,0.034599,29.505066,2.675923,0.0339,0.0247
2013-12-16,东诚药业,sz002675,16.96,16.2,16.63,16.35,16.53,26.435535,3835535,0.047831,29.183786,2.646785,0.0459,-0.0168
2013-12-17,东诚药业,sz002675,16.97,16.33,16.47,16.82,16.35,27.195452,5453642,0.068009,30.022703,2.72287,0.0391,0.0212
2013-12-18,东诚药业,sz002675,16.91,16.47,16.71,16.83,16.82,27.211634,3711966,0.04629,30.040565,2.72449,0.0261,0.0071
2013-12-19,东诚药业,sz002675,16.98,16.09,16.86,16.13,16.83,26.079847,3934578,0.049066,28.791119,2.611173,0.0528,-0.0432
2013-12-20,东诚药业,sz002675,16.19,15.66,16.04,15.7,16.13,25.384611,2342689,0.029214,28.023605,2.541564,0.0328,-0.0211
2013-12-23,东诚药业,sz002675,17.27,15.68,15.85,16.82,15.7,27.195498,10579371,0.131929,30.022753,2.722874,0.1012,0.0611
2013-12-24,东诚药业,sz002675,16.64,15.95,16.6,16.22,16.82,26.22538,7126936,0.088876,28.951782,2.625744,0.041,-0.0228
2013-12-25,东诚药业,sz002675,17.3,16.03,16.15,17.21,16.22,27.826073,7579223,0.094516,30.718884,2.786009,0.0782,0.0656
2013-12-26,东诚药业,sz002675,17.29,16.75,17.29,16.97,17.21,27.438038,5020243,0.062604,30.290508,2.747158,0.0313,-0.0185
2013-12-27,东诚药业,sz002675,17.6,16.9,17.0,17.51,16.97,28.311144,6452945,0.080471,31.254381,2.834575,0.0412,0.03
2013-12-30,东诚药业,sz002675,17.93,17.23,17.49,17.31,17.51,27.987774,4176217,0.052079,30.897394,2.802199,0.0399,-0.0102
2013-12-31,东诚药业,sz002675,17.38,16.8,17.25,17.24,17.31,27.874592,3158689,0.03939,30.772446,2.790866,0.0335,-5.0E-4
2014-01-02,东诚药业,sz002675,17.47,17.02,17.25,17.37,17.24,28.084793,3192735,0.039815,31.0045,2.811912,0.0261,0.0069
2014-01-03,东诚药业,sz002675,17.33,16.81,17.33,16.96,17.37,27.42188,3569996,0.044519,30.27267,2.74554,0.0299,-0.0213
2014-01-06,东诚药业,sz002675,17.0,16.4,16.88,16.54,16.96,26.742805,2864142,0.035717,29.522999,2.677549,0.0353,-0.0201
2014-01-07,东诚药业,sz002675,16.98,16.43,16.49,16.92,16.54,27.35722,2118308,0.026416,30.201288,2.739066,0.0332,0.026
2014-01-08,东诚药业,sz002675,17.47,16.81,16.81,17.4,16.92,28.133318,4111907,0.051277,31.05807,2.816771,0.039,0.035
2014-01-09,东诚药业,sz002675,17.55,16.58,17.35,16.68,17.4,26.969189,3268312,0.040757,29.772917,2.700216,0.0557,-0.0386
2014-01-10,东诚药业,sz002675,16.69,15.9,16.55,16.13,16.68,26.079906,2130508,0.026568,28.791185,2.611179,0.0473,-0.0253
2014-01-13,东诚药业,sz002675,16.58,16.08,16.28,16.3,16.13,26.354763,1393719,0.01738,29.094616,2.638698,0.0309,0.0012
2014-01-14,东诚药业,sz002675,16.66,16.17,16.3,16.65,16.3,26.920652,1490058,0.018582,29.719336,2.695356,0.03,0.0214
2014-01-15,东诚药业,sz002675,16.85,16.5,16.6,16.8,16.65,27.163181,2016769,0.02515,29.987076,2.719638,0.021,0.012
2014-01-16,东诚药业,sz002675,16.96,16.55,16.88,16.67,16.8,26.952991,2333656,0.029102,29.755035,2.698594,0.0244,-0.0124
2014-01-17,东诚药业,sz002675,16.66,15.98,16.56,16.12,16.67,26.063732,3178405,0.039636,28.773329,2.609559,0.0407,-0.0265
2014-01-20,东诚药业,sz002675,16.17,15.81,16.12,16.15,16.12,26.112236,1670219,0.020828,28.826876,2.614416,0.0223,0.0018
2014-01-21,东诚药业,sz002675,16.36,16.08,16.08,16.25,16.15,26.273924,1453175,0.018122,29.005371,2.630604,0.0173,0.0105
2014-01-22,东诚药业,sz002675,16.59,16.25,16.32,16.53,16.25,26.72665,1993985,0.024866,29.505163,2.675932,0.0209,0.0128
2014-01-23,东诚药业,sz002675,16.74,16.35,16.55,16.59,16.53,26.823668,2087814,0.026036,29.612267,2.685646,0.0235,0.0024
2014-01-24,东诚药业,sz002675,16.97,16.45,16.49,16.94,16.59,27.389566,2696694,0.033629,30.236998,2.742305,0.0313,0.0272
2014-01-27,东诚药业,sz002675,17.23,16.75,16.94,16.93,16.94,27.373405,2916208,0.036366,30.219156,2.740687,0.0283,-5.0E-4
2014-01-28,东诚药业,sz002675,17.18,16.82,16.99,17.01,16.93,27.502745,2461027,0.03069,30.361942,2.753636,0.0212,0.0011
2014-01-29,东诚药业,sz002675,17.19,16.87,17.15,16.99,17.01,27.470402,1888964,0.023556,30.326237,2.750398,0.0188,-0.0093
2014-01-30,东诚药业,sz002675,17.35,16.81,16.97,16.81,16.99,27.17938,1929292,0.024059,30.004961,2.72126,0.0317,-0.0094
2014-02-07,东诚药业,sz002675,17.32,16.59,16.71,17.22,16.81,27.842285,2496671,0.031134,30.736782,2.787632,0.0434,0.0305
2014-02-10,东诚药业,sz002675,17.9,17.25,17.25,17.7,17.22,28.61839,4783011,0.059646,31.59357,2.865337,0.0377,0.026
2014-02-11,东诚药业,sz002675,18.16,17.7,17.73,18.08,17.7,29.232798,5013765,0.062524,32.27185,2.926853,0.0259,0.0197
2014-02-12,东诚药业,sz002675,18.67,18.0,18.18,18.1,18.08,29.26513,5263981,0.065644,32.307545,2.93009,0.037,-0.0044
2014-02-13,东诚药业,sz002675,18.6,17.88,18.1,17.95,18.1,29.02261,4867773,0.060703,32.03981,2.905809,0.0397,-0.0082
2014-02-14,东诚药业,sz002675,19.75,17.95,18.0,19.5,17.95,31.52874,11071711,0.138068,34.80648,3.156728,0.1002,0.0833
2014-02-17,东诚药业,sz002675,19.95,19.33,19.55,19.88,19.5,32.143143,7250122,0.090412,35.484756,3.218243,0.0317,0.0168
2014-02-18,东诚药业,sz002675,19.78,19.22,19.75,19.4,19.88,31.367044,6313869,0.078736,34.627975,3.140539,0.0281,-0.0177
2014-02-19,东诚药业,sz002675,19.8,19.19,19.38,19.62,19.4,31.722748,3676526,0.045848,35.020657,3.176152,0.0314,0.0123
2014-02-20,东诚药业,sz002675,19.71,18.68,19.46,18.79,19.62,30.380749,4431284,0.05526,33.539143,3.041788,0.0524,-0.0344
2014-02-21,东诚药业,sz002675,19.49,18.33,18.65,19.32,18.79,31.237667,5173704,0.064518,34.48515,3.127585,0.0617,0.0359
2014-02-24,东诚药业,sz002675,19.6,18.78,19.15,19.6,19.32,31.690395,3795158,0.047327,34.984943,3.172913,0.0424,0.0234
2014-02-25,东诚药业,sz002675,20.43,18.1,19.53,18.5,19.6,29.911867,7470433,0.093159,33.02152,2.994843,0.1188,-0.0527
2014-02-26,东诚药业,sz002675,18.92,18.2,18.46,18.91,18.5,30.574774,3171853,0.039554,33.75334,3.061215,0.0389,0.0243
2014-02-27,东诚药业,sz002675,20.13,18.65,18.84,18.95,18.91,30.639439,5147094,0.064186,33.824726,3.067689,0.0782,0.0058
2014-02-28,东诚药业,sz002675,19.18,17.98,18.86,18.54,18.95,29.976524,3704302,0.046194,33.092896,3.001317,0.0633,-0.0169
2014-03-03,东诚药业,sz002675,19.75,18.2,18.2,19.66,18.54,31.787407,4890577,0.060987,35.092037,3.182626,0.0836,0.0802
2014-03-04,东诚药业,sz002675,20.63,19.23,19.4,20.36,19.66,32.919197,5343885,0.06664,36.34149,3.295944,0.0712,0.0494
2014-03-05,东诚药业,sz002675,21.31,19.97,20.36,20.75,20.36,33.549763,5917589,0.073795,37.037613,3.359077,0.0658,0.0191
2014-03-06,东诚药业,sz002675,21.18,20.12,20.65,20.7,20.75,33.46891,4957819,0.061826,36.948353,3.350982,0.051,0.0024
2014-03-07,东诚药业,sz002675,21.69,20.5,20.75,21.15,20.7,34.19649,4317755,0.053844,37.75157,3.423829,0.0574,0.0192
2014-03-10,东诚药业,sz002675,21.28,19.77,21.1,19.82,21.15,32.046078,3952409,0.049288,35.3776,3.208525,0.0713,-0.0606
2014-03-11,东诚药业,sz002675,20.27,19.1,19.85,19.49,19.82,31.51251,3017415,0.037628,34.788563,3.155103,0.059,-0.0181
2014-03-12,东诚药业,sz002675,19.59,18.5,19.29,18.97,19.49,30.671757,3126834,0.038993,33.860405,3.070925,0.0559,-0.0165
2014-03-13,东诚药业,sz002675,19.3,18.75,18.83,19.04,18.97,30.784935,1520855,0.018966,33.98535,3.082257,0.0289,0.0111
2014-03-14,东诚药业,sz002675,19.5,18.9,18.99,19.4,19.04,31.367018,1810163,0.022573,34.627945,3.140536,0.0315,0.0215
2014-03-17,东诚药业,sz002675,19.9,19.26,19.26,19.85,19.4,32.094604,2450220,0.030555,35.431175,3.213384,0.0329,0.0306
2014-03-18,东诚药业,sz002675,20.18,19.66,19.8,19.9,19.85,32.175453,2769953,0.034542,35.520428,3.221478,0.0261,0.005
2014-03-19,东诚药业,sz002675,19.89,19.36,19.89,19.65,19.9,31.771233,2173294,0.027102,35.074184,3.181007,0.0266,-0.012
2014-03-20,东诚药业,sz002675,19.76,18.7,19.6,18.75,19.65,30.316046,1649098,0.020565,33.467716,3.03531,0.0539,-0.0433
2014-03-21,东诚药业,sz002675,19.12,18.38,18.7,18.99,18.75,30.704092,1927279,0.024034,33.896103,3.074162,0.0394,0.0155
2014-03-24,东诚药业,sz002675,19.03,18.3,18.84,18.51,18.99,29.928015,2343205,0.029221,33.039345,2.99646,0.0384,-0.0175
2014-03-25,东诚药业,sz002675,18.69,18.43,18.5,18.64,18.51,30.138199,1490777,0.018591,33.27138,3.017504,0.014,0.0075
2014-03-26,东诚药业,sz002675,19.06,18.72,18.76,18.86,18.64,30.493921,1293699,0.016133,33.66408,3.05312,0.0182,0.0053
2014-03-27,东诚药业,sz002675,18.86,18.4,18.86,18.48,18.86,29.87953,1253380,0.01563,32.985817,2.991605,0.0243,-0.0201
2014-03-28,东诚药业,sz002675,18.58,17.03,18.32,17.32,18.48,28.003962,3166572,0.039488,30.915264,2.803819,0.0838,-0.0545
2014-03-31,东诚药业,sz002675,17.55,17.11,17.32,17.32,17.32,28.003962,813770,0.010148,30.915264,2.803819,0.0254,0.0
2014-04-01,东诚药业,sz002675,17.82,17.22,17.22,17.65,17.32,28.537521,1088050,0.013568,31.504293,2.85724,0.0346,0.0249
2014-04-02,东诚药业,sz002675,17.97,17.65,17.8,17.65,17.65,28.537521,1365010,0.017022,31.504293,2.85724,0.0181,-0.0084
2014-04-03,东诚药业,sz002675,17.81,17.4,17.69,17.41,17.65,28.149467,736042,0.009179,31.075897,2.818388,0.0232,-0.0158
2014-04-04,东诚药业,sz002675,17.82,17.34,17.41,17.65,17.41,28.537508,755325,0.009419,31.504278,2.857239,0.0275,0.0137
2014-04-08,东诚药业,sz002675,18.22,17.6,17.78,18.16,17.65,29.362099,1008185,0.012572,32.414597,2.939799,0.0351,0.0213
2014-04-09,东诚药业,sz002675,18.4,18.1,18.16,18.24,18.16,29.49144,718958,0.008966,32.55738,2.952749,0.0165,0.0044
2014-04-10,东诚药业,sz002675,18.35,18.1,18.16,18.11,18.24,29.281254,985454,0.012289,32.325344,2.931705,0.0137,-0.0027
2014-04-11,东诚药业,sz002675,18.17,17.8,18.07,18.0,18.11,29.1034,1185666,0.014786,32.129,2.913897,0.0204,-0.0038
2014-04-14,东诚药业,sz002675,18.3,17.9,18.1,18.29,18.0,29.572285,893121,0.011138,32.646633,2.960843,0.0222,0.0104
2014-04-15,东诚药业,sz002675,18.35,18.06,18.29,18.1,18.29,29.265087,797863,0.00995,32.3075,2.930086,0.0158,-0.0103
2014-04-16,东诚药业,sz002675,18.14,17.7,18.0,17.88,18.1,28.90937,768098,0.009578,31.9148,2.894471,0.0243,-0.0066
2014-04-17,东诚药业,sz002675,18.35,17.94,17.94,18.24,17.88,29.491432,941702,0.011743,32.557373,2.952748,0.0229,0.0167
2014-04-18,东诚药业,sz002675,18.26,18.07,18.24,18.1,18.24,29.265085,706977,0.008816,32.307495,2.930086,0.0104,-0.0076
2014-04-21,东诚药业,sz002675,17.8,16.66,17.4,16.85,18.1,27.244009,4227382,0.052717,34.53836,2.812005,0.0629,-0.0316
2014-04-22,东诚药业,sz002675,16.95,16.56,16.83,16.91,16.85,27.341024,1653758,0.020623,34.66135,2.822019,0.0231,0.0047
2014-04-23,东诚药业,sz002675,17.35,16.87,16.88,17.1,16.91,27.648228,1313405,0.016379,35.050804,2.853727,0.0283,0.013
2014-04-24,东诚药业,sz002675,17.23,16.9,17.23,17.1,17.1,27.648228,519938,0.006484,35.050804,2.853727,0.0192,-0.0075
2014-04-25,东诚药业,sz002675,17.1,16.68,17.0,16.8,17.1,27.163168,672623,0.008388,34.435875,2.803661,0.0245,-0.0117
2014-04-28,东诚药业,sz002675,16.72,16.01,16.61,16.39,16.8,26.500252,653202,0.008146,33.595467,2.735238,0.0422,-0.0132
2014-04-29,东诚药业,sz002675,16.79,16.22,16.3,16.79,16.39,27.14699,539863,0.006732,34.415363,2.801991,0.0347,0.03
2014-04-30,东诚药业,sz002675,17.76,16.51,16.72,17.19,16.79,27.79374,934212,0.01165,35.235275,2.868746,0.0744,0.0281
2014-05-05,东诚药业,sz002675,17.19,16.92,17.19,17.19,17.19,27.79374,668232,0.008333,35.235275,2.868746,0.0157,0.0
2014-05-06,东诚药业,sz002675,17.33,17.05,17.19,17.21,17.19,27.826063,749736,0.009349,35.276253,2.872082,0.0162,0.0011
2014-05-07,东诚药业,sz002675,17.39,16.96,17.21,17.08,17.21,27.615866,585131,0.007297,35.009777,2.850387,0.0249,-0.0075
2014-05-08,东诚药业,sz002675,17.15,16.68,17.03,16.97,17.08,27.438019,704358,0.008784,34.784313,2.83203,0.0275,-0.0035
2014-05-09,东诚药业,sz002675,16.95,16.45,16.85,16.82,16.97,27.195494,626158,0.007808,34.476856,2.806998,0.0294,-0.0017
2014-05-12,东诚药业,sz002675,17.09,16.72,16.82,17.09,16.82,27.632036,2087376,0.02603,35.030277,2.852056,0.0219,0.016
2014-05-13,东诚药业,sz002675,17.14,16.82,17.1,16.89,17.09,27.308659,817461,0.010194,34.62032,2.818678,0.0187,-0.0122
2014-05-14,东诚药业,sz002675,16.96,16.72,16.81,16.84,16.89,27.227825,693304,0.008646,34.51784,2.810335,0.0142,0.0017
2014-05-15,东诚药业,sz002675,16.84,16.3,16.77,16.57,16.84,26.79128,1137900,0.01419,33.964417,2.765277,0.032,-0.0119
2014-05-16,东诚药业,sz002675,16.54,16.3,16.42,16.49,16.57,26.661934,557844,0.006957,33.800438,2.751926,0.0144,0.0042
2014-05-19,东诚药业,sz002675,16.64,16.24,16.45,16.58,16.49,26.807455,502280,0.006264,33.98492,2.766946,0.0242,0.0079
2014-05-20,东诚药业,sz002675,16.75,16.37,16.69,16.47,16.58,26.629614,987591,0.012316,33.759464,2.74859,0.0229,-0.0131
2014-05-21,东诚药业,sz002675,16.5,16.21,16.41,16.48,16.47,26.645777,698836,0.008715,33.779957,2.750258,0.0176,0.0042
2014-05-22,东诚药业,sz002675,16.7,16.34,16.49,16.63,16.48,26.888308,941958,0.011747,34.08742,2.775291,0.0218,0.0084
2014-05-23,东诚药业,sz002675,17.0,16.52,16.63,16.91,16.63,27.341026,1160533,0.014472,34.66135,2.822019,0.0288,0.0168
2014-05-26,东诚药业,sz002675,17.12,16.91,16.91,17.01,16.91,27.50272,1585485,0.019772,34.86634,2.838708,0.0124,0.0059
2014-05-27,东诚药业,sz002675,17.13,16.93,16.99,16.93,17.01,27.373375,835216,0.010415,34.702362,2.825358,0.0117,-0.0035
2014-05-28,东诚药业,sz002675,17.2,16.82,16.93,17.13,16.93,27.696737,1830710,0.02283,35.1123,2.858734,0.0224,0.0118
2014-05-29,东诚药业,sz002675,17.5,16.79,17.19,17.0,17.13,27.486547,1830008,0.022821,34.845837,2.837039,0.0414,-0.011
2014-05-30,东诚药业,sz002675,17.15,16.93,16.93,17.08,17.0,27.615898,1095585,0.013662,35.00982,2.85039,0.0129,0.0088
2014-06-03,东诚药业,sz002675,17.22,16.98,17.16,17.06,17.08,27.58356,892285,0.011127,34.968822,2.847052,0.014,-0.0058
2014-06-04,东诚药业,sz002675,17.08,16.71,17.08,16.89,17.06,27.30869,721376,0.008996,34.620358,2.818681,0.0216,-0.0111
2014-06-05,东诚药业,sz002675,17.21,16.82,16.87,17.17,16.89,27.761414,912521,0.011379,35.194294,2.865409,0.023,0.0177
2014-06-06,东诚药业,sz002675,17.22,16.9,17.15,17.11,17.17,27.664415,610252,0.00761,35.071327,2.855398,0.0186,-0.0023
2014-06-09,东诚药业,sz002675,17.09,16.63,17.09,16.7,17.11,27.001493,1455950,0.018156,34.23091,2.786974,0.0268,-0.0228
2014-06-10,东诚药业,sz002675,16.83,16.55,16.77,16.7,16.7,27.001493,1004497,0.012526,34.23091,2.786974,0.0167,-0.0041
2014-06-11,东诚药业,sz002675,16.95,16.7,16.8,16.84,16.7,27.227846,1325404,0.011167,34.517868,2.810337,0.0149,0.0023
2014-06-12,东诚药业,sz002675,17.2,16.78,16.9,17.18,16.84,27.777576,2229555,0.018784,35.214787,2.867078,0.0249,0.0165
2014-06-13,东诚药业,sz002675,17.4,16.88,17.08,17.36,17.18,28.068602,2776076,0.023389,35.58373,2.897116,0.0302,0.0163
2014-06-16,东诚药业,sz002675,17.27,17.0,17.27,17.07,17.36,27.599716,2224499,0.018742,34.989304,2.84872,0.0155,-0.0115
2014-06-17,东诚药业,sz002675,17.8,17.12,17.16,17.66,17.07,28.553673,3759757,0.031677,36.198673,2.947183,0.0398,0.0291
2014-06-18,东诚药业,sz002675,17.6,16.9,17.52,17.03,17.66,27.53505,3437241,0.028959,34.907322,2.842045,0.0396,-0.0279
2014-06-19,东诚药业,sz002675,17.09,16.5,17.01,16.66,17.03,26.936823,2019150,0.017012,34.148926,2.780299,0.0346,-0.0205
2014-06-20,东诚药业,sz002675,16.85,16.56,16.7,16.8,16.66,27.163172,870402,0.007333,34.43588,2.803662,0.0174,0.0059
2014-06-23,东诚药业,sz002675,17.07,16.73,16.87,17.0,16.8,27.48655,1402753,0.011818,34.84584,2.837039,0.0202,0.0077
2014-06-24,东诚药业,sz002675,17.49,17.0,17.0,17.44,17.0,28.197956,2296521,0.019349,35.74772,2.910467,0.0288,0.0258
2014-06-25,东诚药业,sz002675,17.7,17.33,17.55,17.48,17.44,28.262644,2036469,0.017158,35.829723,2.917144,0.0212,-0.0039
2014-06-26,东诚药业,sz002675,17.92,17.49,17.49,17.69,17.48,28.60219,2892312,0.024368,36.26018,2.952191,0.0245,0.0114
2014-06-27,东诚药业,sz002675,18.25,17.5,17.61,17.93,17.69,28.990236,3394516,0.028599,36.752125,2.992243,0.0423,0.0181
2014-06-30,东诚药业,sz002675,18.66,17.8,17.85,18.56,17.93,30.008867,3269035,0.027542,38.043484,3.097381,0.0479,0.0397
2014-07-01,东诚药业,sz002675,18.85,18.38,18.58,18.55,18.56,29.992691,2605173,0.021949,38.02298,3.095712,0.0253,-0.0016
2014-07-02,东诚药业,sz002675,18.77,18.24,18.5,18.56,18.55,30.008858,2362193,0.019902,38.043472,3.097381,0.0285,0.0032
2014-07-03,东诚药业,sz002675,18.9,18.4,18.5,18.72,18.56,30.267565,2096053,0.01766,38.371445,3.124083,0.0269,0.0118
2014-07-04,东诚药业,sz002675,18.8,18.52,18.6,18.65,18.72,30.154394,1319196,0.011114,38.227974,3.112402,0.0149,0.0026
2014-07-07,东诚药业,sz002675,18.72,18.0,18.52,18.19,18.65,29.410635,2753547,0.023199,37.285084,3.035635,0.0386,-0.0178
2014-07-08,东诚药业,sz002675,18.38,18.07,18.19,18.22,18.19,29.459133,1623203,0.013676,37.346565,3.04064,0.017,0.0016
2014-07-09,东诚药业,sz002675,18.65,18.18,18.18,18.25,18.22,29.507652,2151612,0.018128,37.408073,3.045648,0.0257,0.0038
2014-07-10,东诚药业,sz002675,19.08,18.1,18.25,18.85,18.25,30.477776,2588737,0.021811,38.63794,3.14578,0.0536,0.0328
2014-07-11,东诚药业,sz002675,19.71,18.9,18.92,19.52,18.85,31.561077,3705728,0.031221,40.011288,3.257594,0.0429,0.0317
2014-07-14,东诚药业,sz002675,19.65,19.12,19.39,19.52,19.52,31.561077,2066217,0.017408,40.011288,3.257594,0.0271,0.0067
2014-07-15,东诚药业,sz002675,20.23,19.13,19.5,19.59,19.52,31.887672,3302105,0.027821,40.425323,3.291303,0.0563,0.0046
2014-07-16,东诚药业,sz002675,19.6,19.0,19.6,19.0,19.59,30.92731,2318057,0.01953,39.207832,3.192179,0.0306,-0.0306
2014-07-17,东诚药业,sz002675,19.37,18.71,19.1,19.3,19.0,31.415623,1281822,0.0108,39.826885,3.242581,0.0347,0.0104
2014-07-18,东诚药业,sz002675,19.84,19.16,19.29,19.83,19.3,32.278328,1686553,0.014209,40.920574,3.331625,0.0352,0.0279
2014-07-21,东诚药业,sz002675,20.1,19.55,19.7,19.88,19.83,32.3597,1393159,0.011738,41.023735,3.340024,0.0277,0.0091
2014-07-22,东诚药业,sz002675,19.99,19.52,19.86,19.9,19.88,32.392254,1410928,0.011887,41.065002,3.343384,0.0236,0.002
2014-07-23,东诚药业,sz002675,19.86,19.52,19.8,19.6,19.9,31.90394,1259469,0.010611,40.44595,3.292983,0.017,-0.0101
2014-07-24,东诚药业,sz002675,19.59,18.6,19.5,18.7,19.6,30.438976,2647877,0.022309,38.588753,3.141775,0.0505,-0.041
2014-07-25,东诚药业,sz002675,19.15,18.6,18.71,18.98,18.7,30.89474,1203668,0.010141,39.166542,3.188817,0.0294,0.0144
2014-07-28,东诚药业,sz002675,19.3,18.85,19.0,19.08,18.98,31.057524,1102718,0.009291,39.37291,3.205619,0.0237,0.0042
2014-07-29,东诚药业,sz002675,19.45,18.9,19.01,19.35,19.08,31.497019,1700537,0.014327,39.930077,3.250982,0.0288,0.0178
2014-07-30,东诚药业,sz002675,19.57,19.1,19.4,19.5,19.35,31.741182,1287754,0.01085,40.239613,3.276183,0.0242,0.0051
2014-07-31,东诚药业,sz002675,19.69,19.35,19.5,19.51,19.5,31.757465,960393,0.008091,40.260258,3.277864,0.0174,5.0E-4
2014-08-01,东诚药业,sz002675,19.78,19.31,19.5,19.41,19.51,31.594677,2534326,0.021352,40.053883,3.261062,0.024,-0.0046
2014-08-04,东诚药业,sz002675,20.25,19.3,19.3,20.25,19.41,32.962,2890685,0.024355,41.787292,3.402191,0.0489,0.0492
2014-08-05,东诚药业,sz002675,20.23,19.87,20.18,20.19,20.25,32.864334,1377531,0.011606,41.66348,3.39211,0.0177,4.0E-4
2014-08-06,东诚药业,sz002675,20.26,19.8,20.18,20.12,20.19,32.750393,1106729,0.009324,41.51903,3.38035,0.0227,-0.0029
2014-08-07,东诚药业,sz002675,20.12,19.74,20.0,20.1,20.12,32.71784,1378606,0.011615,41.47776,3.37699,0.0188,0.005
2014-08-08,东诚药业,sz002675,20.5,19.93,20.1,20.15,20.1,32.79924,1148584,0.009677,41.58096,3.385392,0.0283,0.0024
2014-08-11,东诚药业,sz002675,20.25,20.03,20.15,20.17,20.15,32.83181,1166359,0.009827,41.62225,3.388753,0.0109,9.0E-4
2014-08-12,东诚药业,sz002675,20.35,19.88,20.16,20.0,20.17,32.555103,1285666,0.010832,41.271458,3.360193,0.0233,-0.0079
2014-08-13,东诚药业,sz002675,20.05,19.51,20.0,19.6,20.0,31.904003,1963454,0.016542,40.446026,3.292989,0.0269,-0.0199
2014-08-14,东诚药业,sz002675,19.87,19.3,19.6,19.44,19.6,31.64357,1696551,0.014294,40.115864,3.266108,0.029,-0.0081
2014-08-15,东诚药业,sz002675,19.9,19.28,19.6,19.77,19.44,32.18072,1324463,0.011159,40.796833,3.32155,0.0318,0.0086
2014-08-18,东诚药业,sz002675,20.05,19.72,19.87,19.99,19.77,32.538826,1534684,0.01293,41.25082,3.358513,0.0166,0.006
2014-08-19,东诚药业,sz002675,20.12,19.76,20.0,19.9,19.99,32.392338,2404376,0.020257,35.650177,3.06944,0.018,-0.005
2014-08-20,东诚药业,sz002675,20.58,19.84,19.9,20.53,19.9,33.417812,3087393,0.026012,36.77879,3.166612,0.0371,0.0316
2014-08-21,东诚药业,sz002675,20.84,20.22,20.63,20.63,20.53,33.580593,2590522,0.021826,36.95794,3.182037,0.0301,0.0
2014-08-22,东诚药业,sz002675,20.63,20.35,20.63,20.61,20.63,33.548054,2106449,0.017747,36.922127,3.178954,0.0135,-9.0E-4
2014-08-25,东诚药业,sz002675,20.73,20.18,20.6,20.18,20.61,32.848106,1763460,0.014857,36.151783,3.112628,0.0266,-0.0203
2014-08-26,东诚药业,sz002675,20.49,19.96,19.99,20.12,20.18,32.750446,2066392,0.01741,36.044304,3.103374,0.0262,0.0065
2014-08-27,东诚药业,sz002675,20.5,19.92,20.12,20.35,20.12,33.124817,1298474,0.01094,36.456326,3.138849,0.0288,0.0114
2014-08-28,东诚药业,sz002675,20.38,19.75,20.34,19.85,20.35,32.31094,1543314,0.013003,35.560596,3.061727,0.0309,-0.024
2014-08-29,东诚药业,sz002675,20.08,19.77,19.77,19.99,19.85,32.53883,973390,0.008201,35.811405,3.083322,0.0156,0.0111
2014-09-01,东诚药业,sz002675,20.48,19.9,20.0,20.39,19.99,33.189934,1560769,0.01315,36.52799,3.145019,0.029,0.0195
2014-09-02,东诚药业,sz002675,20.9,20.35,20.45,20.85,20.39,33.938698,2237584,0.018852,37.352062,3.215971,0.0269,0.0195
2014-09-03,东诚药业,sz002675,20.9,20.49,20.85,20.8,20.85,33.85731,1823973,0.015367,37.262493,3.208259,0.0196,-0.0023
2014-09-04,东诚药业,sz002675,20.9,20.5,20.76,20.79,20.8,33.841026,1687777,0.01422,37.244568,3.206715,0.0192,0.0014
2014-09-05,东诚药业,sz002675,21.35,20.8,20.8,20.92,20.79,34.052635,1943586,0.016375,37.47746,3.226767,0.0264,0.0057
2014-09-09,东诚药业,sz002675,20.98,20.58,20.98,20.67,20.92,33.645706,2029274,0.017097,37.029602,3.188207,0.0191,-0.0147
2014-09-10,东诚药业,sz002675,20.86,20.38,20.68,20.71,20.67,33.71081,1857718,0.015652,37.101254,3.194376,0.0232,0.0014
2014-09-11,东诚药业,sz002675,22.08,20.56,20.61,22.0,20.71,35.810623,6269031,0.052818,39.412254,3.393351,0.0733,0.0674
2014-09-12,东诚药业,sz002675,22.14,21.67,21.75,22.08,22.0,35.94083,2745118,0.023128,39.555557,3.405689,0.0213,0.0151
2014-09-15,东诚药业,sz002675,22.98,21.68,22.0,22.11,22.08,35.989674,2721463,0.022929,39.609314,3.410317,0.0588,0.0049
2014-09-16,东诚药业,sz002675,22.77,21.7,22.11,21.7,22.11,35.32228,3157704,0.026604,38.874798,3.347077,0.0483,-0.0185
2014-09-17,东诚药业,sz002675,22.3,21.5,21.88,22.13,21.7,36.02223,1889532,0.01592,39.64514,3.413402,0.0368,0.0114
2014-09-18,东诚药业,sz002675,22.96,22.01,22.14,22.42,22.13,36.494263,2582218,0.021756,40.164654,3.458131,0.0429,0.0126
2014-09-19,东诚药业,sz002675,22.67,22.2,22.41,22.54,22.42,36.68958,1511037,0.012731,40.379612,3.476639,0.0209,0.0058
2014-09-22,东诚药业,sz002675,22.58,21.81,22.54,21.9,22.54,35.647816,1467452,0.012364,39.233074,3.377924,0.0341,-0.0283
2014-09-23,东诚药业,sz002675,22.28,21.8,21.86,22.28,21.9,36.266376,850107,0.007162,39.91385,3.436537,0.0219,0.0192
2014-09-24,东诚药业,sz002675,22.83,22.01,22.1,22.8,22.28,37.112797,1543083,0.013001,40.845394,3.516743,0.0368,0.0316
2014-09-25,东诚药业,sz002675,23.5,22.69,22.82,22.99,22.8,37.42206,1736291,0.014629,41.18576,3.546048,0.0355,0.0074
2014-09-26,东诚药业,sz002675,23.21,22.61,23.03,23.05,22.99,37.51973,1002528,0.008446,41.293255,3.555303,0.026,8.0E-4
2014-09-29,东诚药业,sz002675,24.1,23.1,23.1,23.89,23.05,38.887062,2233615,0.018819,42.798107,3.684869,0.0433,0.0341
2014-09-30,东诚药业,sz002675,24.18,23.32,24.0,24.15,23.89,39.310272,1405297,0.01184,43.263878,3.724971,0.0359,0.0062
2014-10-08,东诚药业,sz002675,24.35,23.59,24.1,24.2,24.15,39.391644,2024026,0.017053,43.353436,3.732682,0.0314,0.0041
2014-10-09,东诚药业,sz002675,24.35,23.32,24.17,24.18,24.2,39.359104,2431635,0.020487,43.317623,3.729599,0.0425,4.0E-4
2015-01-01,东诚药业,sz002675,24.18,24.18,24.18,24.18,24.18,24.1129,0,0.0,0.0,0.0,0.0,0.0
2015-01-02,东诚药业,sz002675,24.18,24.18,24.18,24.18,24.18,24.1129,0,0.0,0.0,0.0,0.0,0.0
2015-01-05,东诚药业,sz002675,24.18,24.18,24.18,24.18,24.18,24.1129,0,0.0,0.0,0.0,0.0,0.0
2015-01-06,东诚药业,sz002675,24.18,24.18,24.18,24.18,24.18,24.1129,0,0.0,0.0,0.0,0.0,0.0
2015-01-07,东诚药业,sz002675,24.18,24.18,24.18,24.18,24.18,24.1129,0,0.0,0.0,0.0,0.0,0.0
2015-01-08,东诚药业,sz002675,24.18,24.18,24.18,24.18,24.18,24.1129,0,0.0,0.0,0.0,0.0,0.0
2015-01-09,东诚药业,sz002675,24.18,24.18,24.18,24.18,24.18,24.1129,0,0.0,0.0,0.0,0.0,0.0
2015-01-12,东诚药业,sz002675,24.18,24.18,24.18,24.18,24.18,24.1129,0,0.0,0.0,0.0,0.0,0.0
2015-01-13,东诚药业,sz002675,24.18,24.18,24.18,24.18,24.18,24.1129,0,0.0,0.0,0.0,0.0,0.0
2015-01-14,东诚药业,sz002675,24.18,24.18,24.18,24.18,24.18,24.1129,0,0.0,0.0,0.0,0.0,0.0
2015-01-15,东诚药业,sz002675,24.18,24.18,24.18,24.18,24.18,24.1129,0,0.0,0.0,0.0,0.0,0.0
2015-01-16,东诚药业,sz002675,24.18,24.18,24.18,24.18,24.18,24.1129,0,0.0,0.0,0.0,0.0,0.0
2015-01-19,东诚药业,sz002675,24.18,24.18,24.18,24.18,24.18,24.1129,0,0.0,0.0,0.0,0.0,0.0
2015-01-20,东诚药业,sz002675,24.18,24.18,24.18,24.18,24.18,24.1129,0,0.0,0.0,0.0,0.0,0.0
2015-01-21,东诚药业,sz002675,24.18,24.18,24.18,24.18,24.18,24.1129,0,0.0,0.0,0.0,0.0,0.0
2015-01-22,东诚药业,sz002675,24.18,24.18,24.18,24.18,24.18,24.1129,0,0.0,0.0,0.0,0.0,0.0
2015-01-23,东诚药业,sz002675,24.18,24.18,24.18,24.18,24.18,24.1129,0,0.0,0.0,0.0,0.0,0.0
2015-01-26,东诚药业,sz002675,24.18,24.18,24.18,24.18,24.18,24.1129,0,0.0,0.0,0.0,0.0,0.0
2015-01-27,东诚药业,sz002675,24.18,24.18,24.18,24.18,24.18,24.1129,0,0.0,0.0,0.0,0.0,0.0
2015-01-28,东诚药业,sz002675,24.18,24.18,24.18,24.18,24.18,24.1129,0,0.0,0.0,0.0,0.0,0.0
2015-01-29,东诚药业,sz002675,24.18,24.18,24.18,24.18,24.18,24.1129,0,0.0,0.0,0.0,0.0,0.0
2015-01-30,东诚药业,sz002675,24.18,24.18,24.18,24.18,24.18,24.1129,0,0.0,0.0,0.0,0.0,0.0
2015-02-02,东诚药业,sz002675,24.18,24.18,24.18,24.18,24.18,24.1129,0,0.0,0.0,0.0,0.0,0.0
2015-02-03,东诚药业,sz002675,24.18,24.18,24.18,24.18,24.18,24.1129,0,0.0,0.0,0.0,0.0,0.0
2015-02-04,东诚药业,sz002675,24.18,24.18,24.18,24.18,24.18,24.1129,0,0.0,0.0,0.0,0.0,0.0
2015-02-05,东诚药业,sz002675,24.18,24.18,24.18,24.18,24.18,24.1129,0,0.0,0.0,0.0,0.0,0.0
2015-02-06,东诚药业,sz002675,24.18,24.18,24.18,24.18,24.18,24.1129,0,0.0,0.0,0.0,0.0,0.0
2015-02-09,东诚药业,sz002675,24.18,24.18,24.18,24.18,24.18,24.1129,0,0.0,0.0,0.0,0.0,0.0
2015-02-10,东诚药业,sz002675,24.18,24.18,24.18,24.18,24.18,24.1129,0,0.0,0.0,0.0,0.0,0.0
2015-02-11,东诚药业,sz002675,24.18,24.18,24.18,24.18,24.18,24.1129,0,0.0,0.0,0.0,0.0,0.0
2015-02-12,东诚药业,sz002675,24.18,24.18,24.18,24.18,24.18,24.1129,0,0.0,0.0,0.0,0.0,0.0
2015-02-13,东诚药业,sz002675,24.18,24.18,24.18,24.18,24.18,24.1129,0,0.0,0.0,0.0,0.0,0.0
2015-02-16,东诚药业,sz002675,24.18,24.18,24.18,24.18,24.18,24.1129,0,0.0,0.0,0.0,0.0,0.0
2015-02-17,东诚药业,sz002675,24.18,24.18,24.18,24.18,24.18,24.1129,0,0.0,0.0,0.0,0.0,0.0
2015-02-18,东诚药业,sz002675,24.18,24.18,24.18,24.18,24.18,24.1129,0,0.0,0.0,0.0,0.0,0.0
2015-02-19,东诚药业,sz002675,24.18,24.18,24.18,24.18,24.18,24.1129,0,0.0,0.0,0.0,0.0,0.0
2015-02-20,东诚药业,sz002675,24.18,24.18,24.18,24.18,24.18,24.1129,0,0.0,0.0,0.0,0.0,0.0
2015-02-23,东诚药业,sz002675,24.18,24.18,24.18,24.18,24.18,24.1129,0,0.0,0.0,0.0,0.0,0.0
2015-02-24,东诚药业,sz002675,24.18,24.18,24.18,24.18,24.18,24.1129,0,0.0,0.0,0.0,0.0,0.0
2015-02-25,东诚药业,sz002675,24.18,24.18,24.18,24.18,24.18,24.1129,0,0.0,0.0,0.0,0.0,0.0
2015-02-26,东诚药业,sz002675,24.18,24.18,24.18,24.18,24.18,24.1129,0,0.0,0.0,0.0,0.0,0.0
2015-02-27,东诚药业,sz002675,24.18,24.18,24.18,24.18,24.18,24.1129,0,0.0,0.0,0.0,0.0,0.0
2015-03-02,东诚药业,sz002675,24.18,24.18,24.18,24.18,24.18,24.1129,0,0.0,0.0,0.0,0.0,0.0
2015-03-03,东诚药业,sz002675,24.18,24.18,24.18,24.18,24.18,24.1129,0,0.0,0.0,0.0,0.0,0.0
2015-03-04,东诚药业,sz002675,24.18,24.18,24.18,24.18,24.18,24.1129,0,0.0,0.0,0.0,0.0,0.0
2015-03-05,东诚药业,sz002675,24.18,24.18,24.18,24.18,24.18,24.1129,0,0.0,0.0,0.0,0.0,0.0
2015-03-06,东诚药业,sz002675,24.18,24.18,24.18,24.18,24.18,24.1129,0,0.0,0.0,0.0,0.0,0.0
2015-03-09,东诚药业,sz002675,24.18,24.18,24.18,24.18,24.18,24.1129,0,0.0,0.0,0.0,0.0,0.0
2015-03-10,东诚药业,sz002675,24.18,24.18,24.18,24.18,24.18,24.1129,0,0.0,0.0,0.0,0.0,0.0
2015-03-11,东诚药业,sz002675,24.18,24.18,24.18,24.18,24.18,24.1129,0,0.0,0.0,0.0,0.0,0.0
2015-03-12,东诚药业,sz002675,24.18,24.18,24.18,24.18,24.18,24.1129,0,0.0,0.0,0.0,0.0,0.0
2015-03-13,东诚药业,sz002675,24.18,24.18,24.18,24.18,24.18,24.1129,0,0.0,0.0,0.0,0.0,0.0
2015-03-16,东诚药业,sz002675,24.18,24.18,24.18,24.18,24.18,24.1129,0,0.0,0.0,0.0,0.0,0.0
2015-03-17,东诚药业,sz002675,24.18,24.18,24.18,24.18,24.18,24.1129,0,0.0,0.0,0.0,0.0,0.0
2015-03-18,东诚药业,sz002675,24.18,24.18,24.18,24.18,24.18,24.1129,0,0.0,0.0,0.0,0.0,0.0
2015-03-19,东诚药业,sz002675,24.18,24.18,24.18,24.18,24.18,24.1129,0,0.0,0.0,0.0,0.0,0.0
2015-03-20,东诚药业,sz002675,24.18,24.18,24.18,24.18,24.18,24.1129,0,0.0,0.0,0.0,0.0,0.0
2015-03-23,东诚药业,sz002675,24.18,24.18,24.18,24.18,24.18,24.1129,0,0.0,0.0,0.0,0.0,0.0
2015-03-24,东诚药业,sz002675,24.18,24.18,24.18,24.18,24.18,24.1129,0,0.0,0.0,0.0,0.0,0.0
2015-03-25,东诚药业,sz002675,24.18,24.18,24.18,24.18,24.18,24.1129,0,0.0,0.0,0.0,0.0,0.0
2015-03-26,东诚药业,sz002675,24.18,24.18,24.18,24.18,24.18,24.1129,0,0.0,0.0,0.0,0.0,0.0
2015-03-27,东诚药业,sz002675,24.18,24.18,24.18,24.18,24.18,24.1129,0,0.0,0.0,0.0,0.0,0.0
2015-03-30,东诚药业,sz002675,24.18,24.18,24.18,24.18,24.18,24.1129,0,0.0,0.0,0.0,0.0,0.0
2015-03-31,东诚药业,sz002675,24.18,24.18,24.18,24.18,24.18,24.1129,0,0.0,0.0,0.0,0.0,0.0
2015-04-01,东诚药业,sz002675,24.18,24.18,24.18,24.18,24.18,24.1129,0,0.0,0.0,0.0,0.0,0.0
2015-04-02,东诚药业,sz002675,24.18,24.18,24.18,24.18,24.18,24.1129,0,0.0,0.0,0.0,0.0,0.0
2015-04-03,东诚药业,sz002675,24.18,24.18,24.18,24.18,24.18,24.1129,0,0.0,0.0,0.0,0.0,0.0
2015-04-06,东诚药业,sz002675,24.18,24.18,24.18,24.18,24.18,24.1129,0,0.0,0.0,0.0,0.0,0.0
2015-04-07,东诚药业,sz002675,24.18,24.18,24.18,24.18,24.18,24.1129,0,0.0,0.0,0.0,0.0,0.0
2015-04-08,东诚药业,sz002675,24.18,24.18,24.18,24.18,24.18,24.1129,0,0.0,0.0,0.0,0.0,0.0
2015-04-09,东诚药业,sz002675,24.18,24.18,24.18,24.18,24.18,24.1129,0,0.0,0.0,0.0,0.0,0.0
2015-04-10,东诚药业,sz002675,24.18,24.18,24.18,24.18,24.18,24.1129,0,0.0,0.0,0.0,0.0,0.0
2015-04-13,东诚药业,sz002675,24.18,24.18,24.18,24.18,24.18,24.1129,0,0.0,0.0,0.0,0.0,0.0
2015-04-14,东诚药业,sz002675,24.18,24.18,24.18,24.18,24.18,24.1129,0,0.0,0.0,0.0,0.0,0.0
2015-04-15,东诚药业,sz002675,24.18,24.18,24.18,24.18,24.18,24.1129,0,0.0,0.0,0.0,0.0,0.0
2015-04-16,东诚药业,sz002675,24.18,24.18,24.18,24.18,24.18,24.1129,0,0.0,0.0,0.0,0.0,0.0
2015-04-17,东诚药业,sz002675,24.18,24.18,24.18,24.18,24.18,24.1129,0,0.0,0.0,0.0,0.0,0.0
2015-04-20,东诚药业,sz002675,24.18,24.18,24.18,24.18,24.18,24.1129,0,0.0,0.0,0.0,0.0,0.0
2015-04-21,东诚药业,sz002675,24.18,24.18,24.18,24.18,24.18,24.1129,0,0.0,0.0,0.0,0.0,0.0
2015-04-22,东诚药业,sz002675,24.18,24.18,24.18,24.18,24.18,24.1129,0,0.0,0.0,0.0,0.0,0.0
2015-04-23,东诚药业,sz002675,26.6,26.6,26.6,26.6,24.18,26.5262,68,5.8E-5,44.4608,3.939072,0.0,0.0
2015-04-24,东诚药业,sz002675,29.26,29.26,29.26,29.26,26.6,29.1788,111,9.4E-5,48.90688,4.332979,0.0,0.0
2015-04-27,东诚药业,sz002675,32.19,32.19,32.19,32.19,29.26,32.1007,106,8.9E-5,53.804268,4.76687,0.0,0.0
2015-04-28,东诚药业,sz002675,35.41,35.41,35.41,35.41,32.19,35.3118,176,1.49E-4,59.186363,5.243705,0.0,0.0
2015-04-29,东诚药业,sz002675,38.95,38.95,38.95,38.95,35.41,38.8419,10429,0.008787,65.10334,5.767929,0.0,0.0
2015-04-30,东诚药业,sz002675,42.85,42.85,42.85,42.85,38.95,42.7311,4717,0.003974,71.62201,6.34546,0.0,0.0
2015-05-01,东诚药业,sz002675,42.85,42.85,42.85,42.85,42.85,42.7311,0,0.0,0.0,0.0,0.0,0.0
2015-05-04,东诚药业,sz002675,47.14,44.04,47.14,46.8,42.85,46.6702,174173,0.146744,78.224266,6.930397,0.0723,-0.0072
2015-05-05,东诚药业,sz002675,46.5,42.12,44.98,43.0,46.8,42.8807,79279,0.066795,71.87269,6.36767,0.0935,-0.044
2015-05-06,东诚药业,sz002675,44.44,41.4,44.01,41.7,43.0,41.5843,61683,0.051969,69.69977,6.175156,0.0706,-0.0524
2015-05-07,东诚药业,sz002675,42.0,38.0,41.4,38.9,41.7,38.7921,55916,0.047111,65.01971,5.760519,0.0959,-0.0603
2015-05-08,东诚药业,sz002675,42.79,39.0,39.68,42.79,38.9,42.6713,65715,0.055366,71.521675,6.336571,0.0974,0.0783
2015-05-11,东诚药业,sz002675,46.99,42.79,44.0,44.7,42.79,44.576,78329,0.065994,74.71419,6.619416,0.0981,0.0159
2015-05-12,东诚药业,sz002675,49.0,43.8,44.0,49.0,44.7,48.8641,66361,0.05591,81.90147,7.256184,0.1163,0.1136
2015-05-13,东诚药业,sz002675,52.99,47.1,48.0,51.75,49.0,51.6064,68957,0.058098,86.49794,7.663416,0.1202,0.0781
2015-05-14,东诚药业,sz002675,55.99,51.6,51.66,54.07,51.75,53.92,53228,0.044846,90.37573,8.006974,0.0848,0.0466
2015-05-15,东诚药业,sz002675,54.07,54.07,54.07,54.07,54.07,54.07,0,0.0,0.0,0.0,0.0,0.0
2015-05-18,东诚药业,sz002675,54.07,54.07,54.07,54.07,54.07,54.07,0,0.0,0.0,0.0,0.0,0.0
2015-05-19,东诚药业,sz002675,59.31,58.77,59.31,59.31,54.07,59.31,11357,0.009568,99.384834,8.80515,0.0099,0.0
2015-05-20,东诚药业,sz002675,65.24,61.5,64.5,65.24,59.31,65.24,36399,0.030667,109.32163,9.685515,0.063,0.0114
2015-05-21,东诚药业,sz002675,69.66,62.8,67.47,66.35,65.24,66.35,84916,0.071545,111.18164,9.850305,0.1051,-0.0165
2015-05-22,东诚药业,sz002675,66.0,63.17,65.99,63.69,66.35,63.69,55798,0.047014,106.72432,9.455402,0.0426,-0.0348
2015-05-25,东诚药业,sz002675,63.48,59.7,63.48,61.87,63.69,61.87,41264,0.034768,103.674576,9.185206,0.0593,-0.0253
2015-05-26,东诚药业,sz002675,68.06,62.0,62.0,68.06,61.87,68.06,56159,0.047316,114.04706,10.104171,0.0979,0.0977
2015-05-27,东诚药业,sz002675,71.8,65.61,70.0,67.0,68.06,67.0,61630,0.051927,112.270836,9.946804,0.0909,-0.0428
2015-05-28,东诚药业,sz002675,69.18,62.0,64.8,62.9,67.0,62.9,45095,0.037992,105.40053,9.338119,0.1071,-0.0293
2015-05-29,东诚药业,sz002675,64.44,60.0,62.78,61.95,62.9,61.95,36226,0.030521,103.80863,9.197082,0.0705,-0.0132
2015-06-01,东诚药业,sz002675,67.49,62.1,62.1,65.8,61.95,65.8,50627,0.042654,110.26002,9.768652,0.087,0.0595
2015-06-02,东诚药业,sz002675,66.58,63.0,65.8,65.7,65.8,65.7,28874,0.024327,110.092445,9.753806,0.0544,-0.0015
2015-06-03,东诚药业,sz002675,66.24,62.24,64.5,65.7,65.7,65.7,51965,0.043782,110.092445,9.753806,0.0608,0.0186
2015-06-04,东诚药业,sz002675,67.97,60.88,66.18,65.8,65.7,65.8,30052,0.025319,110.26002,9.768652,0.1079,-0.0057
2015-06-05,东诚药业,sz002675,66.6,63.01,65.65,63.9,65.8,63.9,32281,0.027199,107.07622,9.486579,0.0545,-0.0266
2015-06-08,东诚药业,sz002675,66.6,57.6,62.1,65.0,63.9,65.0,74568,0.061392,108.919464,9.649885,0.1408,0.0466
2015-06-09,东诚药业,sz002675,66.0,60.7,64.0,62.2,65.0,62.2,37356,0.030755,104.227554,9.234197,0.0815,-0.0281
2015-06-10,东诚药业,sz002675,63.5,59.96,61.0,61.99,62.2,61.99,45122,0.037151,103.875656,9.203021,0.0569,0.0162
2015-06-11,东诚药业,sz002675,62.56,60.1,61.47,61.58,61.99,61.58,31303,0.025774,103.18863,9.142152,0.0396,0.0017
2015-06-12,东诚药业,sz002675,65.08,61.65,61.65,63.0,61.58,63.0,43515,0.035827,105.5681,9.352965,0.0556,0.0218
2015-06-15,东诚药业,sz002675,62.65,60.51,62.6,61.5,63.0,61.5,26514,0.021829,103.05457,9.130275,0.0339,-0.0175
2015-06-16,东诚药业,sz002675,62.34,59.0,61.01,61.8,61.5,61.8,22413,0.018454,103.55728,9.174813,0.0543,0.0129
2015-06-17,东诚药业,sz002675,62.9,59.42,62.3,61.4,61.8,61.4,17028,0.014021,102.88701,9.115429,0.0563,-0.0144
2015-06-18,东诚药业,sz002675,61.47,58.0,60.8,59.46,61.4,59.46,20074,0.016527,99.63618,8.827418,0.0565,-0.022
2015-06-19,东诚药业,sz002675,58.0,54.05,56.32,54.55,59.46,54.55,27027,0.022254,91.40857,8.09848,0.0664,-0.0314
2015-06-22,东诚药业,sz002675,54.55,54.55,54.55,54.55,54.55,54.55,0,0.0,0.0,0.0,0.0,0.0
2015-06-23,东诚药业,sz002675,55.5,49.1,54.58,53.0,54.55,53.0,25885,0.021313,88.81126,7.868367,0.1173,-0.0289
2015-06-24,东诚药业,sz002675,54.44,50.7,53.69,52.31,53.0,52.31,22772,0.01875,87.65504,7.76593,0.0705,-0.0257
2015-06-25,东诚药业,sz002675,52.18,48.66,52.18,49.4,52.31,49.4,25666,0.021132,82.77879,7.333912,0.0672,-0.0532
2015-06-26,东诚药业,sz002675,50.0,44.46,47.0,44.55,49.4,44.55,47221,0.038878,74.651726,6.613882,0.1121,-0.0521
2015-06-29,东诚药业,sz002675,46.0,40.1,44.7,41.48,44.55,41.48,64150,0.052817,69.50738,6.158111,0.1324,-0.072
2015-06-30,东诚药业,sz002675,45.63,38.59,40.41,45.63,41.48,45.63,41322,0.034022,76.461464,6.774219,0.1697,0.1291
2015-07-01,东诚药业,sz002675,49.5,44.37,45.64,45.1,45.63,45.1,50828,0.041846,75.57336,6.695535,0.1124,-0.0118
2015-07-02,东诚药业,sz002675,48.18,41.5,45.18,42.5,45.1,42.5,49325,0.04061,71.216576,6.30954,0.1481,-0.0593
2015-07-03,东诚药业,sz002675,44.85,38.45,40.02,40.95,42.5,40.95,48468,0.039903,68.61926,6.079427,0.1505,0.0232
2015-07-06,东诚药业,sz002675,45.05,36.86,45.05,37.38,40.95,37.38,56675,0.046663,62.637074,5.549426,0.1999,-0.1702
2015-07-07,东诚药业,sz002675,35.0,33.64,35.0,33.64,37.38,33.64,25255,0.020792,56.370014,4.994186,0.0363,-0.0388
2015-07-08,东诚药业,sz002675,33.64,33.64,33.64,33.64,33.64,33.64,0,0.0,0.0,0.0,0.0,0.0
2015-07-09,东诚药业,sz002675,33.64,33.64,33.64,33.64,33.64,33.64,0,0.0,0.0,0.0,0.0,0.0
2015-07-10,东诚药业,sz002675,33.64,33.64,33.64,33.64,33.64,33.64,0,0.0,0.0,0.0,0.0,0.0
2015-07-13,东诚药业,sz002675,33.64,33.64,33.64,33.64,33.64,33.64,0,0.0,0.0,0.0,0.0,0.0
2015-07-14,东诚药业,sz002675,33.64,33.64,33.64,33.64,33.64,33.64,0,0.0,0.0,0.0,0.0,0.0
2015-07-15,东诚药业,sz002675,37.0,37.0,37.0,37.0,33.64,37.0,1950,0.001605,62.000313,5.493011,0.0,0.0
2015-07-16,东诚药业,sz002675,37.0,37.0,37.0,37.0,37.0,37.0,0,0.0,0.0,0.0,0.0,0.0
2015-07-17,东诚药业,sz002675,37.0,37.0,37.0,37.0,37.0,37.0,0,0.0,0.0,0.0,0.0,0.0
2015-07-20,东诚药业,sz002675,37.0,37.0,37.0,37.0,37.0,37.0,0,0.0,0.0,0.0,0.0,0.0
2015-07-21,东诚药业,sz002675,37.0,37.0,37.0,37.0,37.0,37.0,0,0.0,0.0,0.0,0.0,0.0
2015-07-22,东诚药业,sz002675,37.0,37.0,37.0,37.0,37.0,37.0,0,0.0,0.0,0.0,0.0,0.0
2015-07-23,东诚药业,sz002675,40.7,40.7,40.7,40.7,37.0,40.7,163,1.34E-4,71.35281,5.895771,0.0,0.0
2015-07-24,东诚药业,sz002675,44.77,44.77,44.77,44.77,40.7,44.77,815,6.71E-4,78.48809,6.485348,0.0,0.0
2015-07-27,东诚药业,sz002675,49.25,45.05,45.11,48.0,44.77,48.0,112069,0.09227,84.150734,6.953244,0.0938,0.064
2015-07-28,东诚药业,sz002675,49.33,43.2,43.2,46.16,48.0,46.16,81830,0.067379,80.92496,6.686703,0.1277,0.0685
2015-07-29,东诚药业,sz002675,50.78,46.0,47.2,50.78,46.16,50.78,78491,0.06462,89.02447,7.355952,0.1035,0.0758
2015-07-30,东诚药业,sz002675,54.17,47.0,50.9,47.15,50.78,47.15,61858,0.050927,82.66057,6.830113,0.1411,-0.0736
2015-07-31,东诚药业,sz002675,49.59,45.99,46.26,47.25,47.15,47.25,54526,0.044892,82.83588,6.844599,0.0763,0.0214
2015-08-03,东诚药业,sz002675,47.85,42.53,47.5,42.61,47.25,42.61,38555,0.031745,74.70131,6.172452,0.1125,-0.1029
2015-08-04,东诚药业,sz002675,46.5,42.6,43.5,46.09,42.61,46.09,38712,0.031873,80.80224,6.676562,0.0915,0.0595
2015-08-05,东诚药业,sz002675,48.58,45.2,46.0,47.6,46.09,47.6,40251,0.033142,83.44948,6.8953,0.0733,0.0347
2015-08-06,东诚药业,sz002675,52.36,46.1,46.95,52.36,47.6,52.36,46801,0.038536,91.794426,7.58483,0.1315,0.1152
2015-08-07,东诚药业,sz002675,55.86,52.5,53.01,54.86,52.36,54.86,44849,0.036927,96.17728,7.946978,0.0641,0.0348
2015-08-10,东诚药业,sz002675,57.33,54.0,55.15,56.67,54.86,56.67,33637,0.027694,99.350464,8.209173,0.0606,0.0275
2015-08-11,东诚药业,sz002675,56.8,54.3,56.8,55.07,56.67,55.07,34924,0.028753,96.54544,7.977398,0.0441,-0.0304
2015-08-12,东诚药业,sz002675,56.0,53.0,54.1,53.02,55.07,53.02,22149,0.018235,92.9515,7.680437,0.0544,-0.0199
2015-08-13,东诚药业,sz002675,54.65,52.15,52.5,54.33,53.02,54.33,23455,0.019311,95.248116,7.870203,0.0471,0.0348
2015-08-14,东诚药业,sz002675,55.6,52.7,54.5,53.5,54.33,53.5,26199,0.02157,93.79301,7.749969,0.0533,-0.0183
2015-08-17,东诚药业,sz002675,53.21,49.94,52.5,51.41,53.5,51.41,30541,0.025146,90.128944,7.447214,0.0611,-0.0207
2015-08-18,东诚药业,sz002675,51.99,46.27,51.99,46.32,51.41,46.32,33394,0.027494,81.20546,6.70988,0.1112,-0.109
2015-08-19,东诚药业,sz002675,48.2,44.3,46.0,47.9,46.32,47.9,31271,0.025746,83.97542,6.938758,0.0841,0.0413
2015-08-20,东诚药业,sz002675,47.69,45.07,47.2,45.4,47.9,45.4,16834,0.01386,79.59257,6.57661,0.0546,-0.0381
2015-08-21,东诚药业,sz002675,44.99,41.5,44.99,41.58,45.4,41.58,23287,0.019174,72.89558,6.023247,0.0768,-0.0757
2015-08-24,东诚药业,sz002675,40.08,37.42,40.0,37.42,41.58,37.42,26833,0.022092,65.60251,5.420633,0.0639,-0.0644
2015-08-25,东诚药业,sz002675,38.0,34.2,34.5,35.38,37.42,35.38,39713,0.032352,62.026104,5.12512,0.1015,0.0255
2015-08-26,东诚药业,sz002675,38.5,34.0,35.95,37.29,35.38,37.29,41239,0.033598,65.3746,5.401801,0.1271,0.0372
2015-08-27,东诚药业,sz002675,41.0,35.02,38.8,41.0,37.29,41.0,42586,0.034698,71.87875,5.939229,0.1603,0.0567
2015-08-28,东诚药业,sz002675,43.1,40.0,41.2,41.98,41.0,41.98,36167,0.029464,73.59683,6.081191,0.0756,0.0189
2015-08-31,东诚药业,sz002675,41.58,39.4,41.58,39.5,41.98,39.5,14834,0.012086,69.24904,5.72194,0.0519,-0.05
2015-09-01,东诚药业,sz002675,39.6,35.95,39.6,37.11,39.5,37.11,16500,0.013443,65.05904,5.375726,0.0924,-0.0628
2015-09-02,东诚药业,sz002675,38.9,35.25,35.62,36.79,37.11,36.79,17118,0.013945,64.49803,5.329372,0.0983,0.0328
2015-09-03,东诚药业,sz002675,36.79,36.79,36.79,36.79,36.79,36.79,0,0.0,0.0,0.0,0.0,0.0
2015-09-04,东诚药业,sz002675,36.79,36.79,36.79,36.79,36.79,36.79,0,0.0,0.0,0.0,0.0,0.0
2015-09-07,东诚药业,sz002675,38.48,36.5,36.81,37.0,36.79,37.0,15210,0.012393,64.866196,5.359792,0.0538,0.0051
2015-09-08,东诚药业,sz002675,40.5,36.3,36.3,40.2,37.0,40.2,23123,0.01884,70.47624,5.823342,0.1135,0.1074
2015-09-09,东诚药业,sz002675,42.55,39.97,40.25,41.98,40.2,41.98,32656,0.026604,73.59683,6.081191,0.0641,0.0429
2015-09-10,东诚药业,sz002675,42.0,40.5,40.5,40.77,41.98,40.77,12856,0.010474,71.47553,5.905911,0.0357,0.0066
2015-09-11,东诚药业,sz002675,41.44,39.36,41.0,40.18,40.77,40.18,10183,0.008296,70.44118,5.820444,0.051,-0.02
2015-09-14,东诚药业,sz002675,40.98,36.16,40.4,36.69,40.18,36.69,14242,0.011604,64.322716,5.314886,0.1199,-0.0918
2015-09-15,东诚药业,sz002675,36.7,34.48,36.0,36.0,36.69,36.0,16545,0.013479,63.113052,5.214933,0.0605,0.0
2015-09-16,东诚药业,sz002675,39.45,35.4,36.29,39.15,36.0,39.15,18814,0.015329,68.635445,5.671239,0.1125,0.0788
2015-09-17,东诚药业,sz002675,40.44,37.09,39.0,37.68,39.15,37.68,23491,0.019138,66.05833,5.458296,0.0855,-0.0338
2015-09-18,东诚药业,sz002675,38.55,37.5,38.03,38.3,37.68,38.3,12175,0.009919,67.14527,5.548109,0.0278,0.007
2015-09-21,东诚药业,sz002675,41.25,37.7,38.29,41.04,38.3,41.04,18552,0.015116,71.948875,5.945023,0.0926,0.0718
2015-09-22,东诚药业,sz002675,42.16,40.4,41.1,41.19,41.04,41.19,15827,0.012894,72.211845,5.966752,0.0428,0.0021
2015-09-23,东诚药业,sz002675,41.5,39.3,40.26,40.5,41.19,40.5,16438,0.013392,71.00218,5.866799,0.0534,0.0059
2015-09-24,东诚药业,sz002675,40.98,39.07,40.25,39.5,40.5,39.5,12453,0.010146,69.24904,5.72194,0.0471,-0.0186
2015-09-25,东诚药业,sz002675,40.0,38.06,39.21,38.4,39.5,38.4,7343,0.005983,67.32059,5.562595,0.0491,-0.0206
2015-09-28,东诚药业,sz002675,38.4,38.4,38.4,38.4,38.4,38.4,0,0.006215,69.81004,5.768295,0.0,0.0
2015-09-29,东诚药业,sz002675,41.0,38.6,39.0,40.2,38.4,40.2,11592,0.009445,70.47624,5.823342,0.0624,0.0307
2015-09-30,东诚药业,sz002675,40.79,39.5,40.21,39.53,40.2,39.53,6776,0.005521,69.301636,5.726286,0.032,-0.0169
2015-10-01,东诚药业,sz002675,39.53,39.53,39.53,39.53,39.53,39.53,0,0.0,0.0,0.0,0.0,0.0
2015-10-02,东诚药业,sz002675,39.53,39.53,39.53,39.53,39.53,39.53,0,0.0,0.0,0.0,0.0,0.0
2015-10-05,东诚药业,sz002675,39.53,39.53,39.53,39.53,39.53,39.53,0,0.0,0.0,0.0,0.0,0.0
2015-10-06,东诚药业,sz002675,39.53,39.53,39.53,39.53,39.53,39.53,0,0.0,0.0,0.0,0.0,0.0
2015-10-07,东诚药业,sz002675,39.53,39.53,39.53,39.53,39.53,39.53,0,0.0,0.0,0.0,0.0,0.0
2015-10-08,东诚药业,sz002675,42.0,40.12,40.12,41.2,39.53,41.2,19467,0.01586,72.22938,5.968201,0.0475,0.0269
2015-10-09,东诚药业,sz002675,42.11,40.82,41.4,41.69,41.2,41.69,16610,0.013533,73.08842,6.039182,0.0313,0.007
2015-10-12,东诚药业,sz002675,45.86,41.11,41.6,44.45,41.69,44.45,36185,0.02948,77.927086,6.438993,0.1139,0.0685
2015-10-13,东诚药业,sz002675,45.81,43.79,44.39,45.27,44.45,45.27,16150,0.013157,79.36466,6.557778,0.0454,0.0198
2015-10-14,东诚药业,sz002675,46.47,44.5,44.9,45.86,45.27,45.86,14498,0.011812,80.39902,6.643245,0.0435,0.0213
2015-10-15,东诚药业,sz002675,48.06,45.16,45.3,47.97,45.86,47.97,13936,0.011354,84.098145,6.948898,0.0632,0.0589
2015-10-16,东诚药业,sz002675,50.0,47.58,48.0,47.81,47.97,47.81,14978,0.012203,83.817635,6.92572,0.0504,-0.0039
2015-10-19,东诚药业,sz002675,48.12,44.51,48.1,45.2,47.81,45.2,19839,0.016163,79.24194,6.547638,0.0755,-0.0602
2015-10-20,东诚药业,sz002675,46.54,44.32,45.5,45.72,45.2,45.72,11785,0.009601,80.15357,6.622965,0.0491,0.0048
2015-10-21,东诚药业,sz002675,46.16,41.16,45.72,41.4,45.72,41.4,27980,0.022794,72.58001,5.997173,0.1093,-0.0944
2015-10-22,东诚药业,sz002675,42.83,40.8,41.0,42.6,41.4,42.6,47049,0.03833,74.68378,6.171004,0.049,0.039
2015-10-23,东诚药业,sz002675,44.6,41.87,42.66,43.47,42.6,43.47,41885,0.034122,76.20901,6.297031,0.064,0.0189
2015-10-26,东诚药业,sz002675,43.96,41.68,43.96,42.73,43.47,42.73,28472,0.023196,74.91169,6.189835,0.0524,-0.0279
2015-10-27,东诚药业,sz002675,43.49,40.88,42.7,43.0,42.73,43.0,19192,0.015636,75.38503,6.228947,0.061,0.007
2015-10-28,东诚药业,sz002675,43.35,40.4,42.9,40.65,43.0,40.65,20897,0.017027,71.26515,5.888528,0.0686,-0.0524
2015-10-29,东诚药业,sz002675,42.5,40.15,40.8,42.13,40.65,42.13,16439,0.013393,73.8598,6.10292,0.0578,0.0325
2015-10-30,东诚药业,sz002675,42.5,40.8,41.8,41.7,42.13,41.7,9597,0.007819,73.10595,6.04063,0.0403,-0.0023
2015-11-02,东诚药业,sz002675,42.6,38.5,40.0,39.25,41.7,39.25,20177,0.016437,68.81076,5.685725,0.0983,-0.0187
2015-11-03,东诚药业,sz002675,40.65,39.21,40.0,39.61,39.25,39.61,24026,0.0,0.0,0.0,0.0366,-0.0097
2015-11-04,东诚药业,sz002675,41.64,40.0,40.0,41.18,39.61,41.18,32026,0.0,0.0,0.0,0.0414,0.0294
2015-11-05,东诚药业,sz002675,41.5,40.35,41.06,40.7,41.18,40.7,32222,0.0,0.0,0.0,0.0279,-0.0087
2015-11-06,东诚药业,sz002675,42.55,40.74,41.3,42.5,40.7,42.5,47091,0.0,0.0,0.0,0.0444,0.029
2015-11-09,东诚药业,sz002675,44.0,42.0,42.51,43.74,42.5,43.74,47567,0.0,0.0,0.0,0.047,0.0289
2015-11-10,东诚药业,sz002675,46.0,43.1,43.74,45.5,43.74,45.5,52084,0.0,0.0,0.0,0.0663,0.0402
2015-11-11,东诚药业,sz002675,46.2,44.66,45.57,45.93,45.5,45.93,43357,0.0,0.0,0.0,0.0338,0.0078
2015-11-12,东诚药业,sz002675,49.28,45.79,45.79,49.06,45.93,49.06,66276,0.0,0.0,0.0,0.0759,0.0714
2015-11-13,东诚药业,sz002675,50.02,47.0,49.18,47.86,49.06,47.86,50826,0.0,0.0,0.0,0.0615,-0.0268
2015-11-16,东诚药业,sz002675,52.38,46.28,46.58,52.0,47.86,52.0,57782,0.0,0.0,0.0,0.1274,0.1163
2015-11-17,东诚药业,sz002675,52.34,49.82,51.66,49.91,52.0,49.91,44603,0.0,0.0,0.0,0.0484,-0.0338
2015-11-18,东诚药业,sz002675,50.95,48.08,49.74,48.6,49.91,48.6,25500,0.0,0.0,0.0,0.0575,-0.0229
2015-11-19,东诚药业,sz002675,50.0,47.6,48.3,49.69,48.6,49.69,25869,0.0,0.0,0.0,0.0493,0.0287
2015-11-20,东诚药业,sz002675,51.16,48.82,49.6,50.8,49.69,50.8,25547,0.0,0.0,0.0,0.047,0.0241
2015-11-23,东诚药业,sz002675,52.1,48.5,50.3,48.62,50.8,48.62,35541,0.0,0.0,0.0,0.0708,-0.0333
2015-11-24,东诚药业,sz002675,49.08,45.92,48.9,47.81,48.62,47.81,41643,0.0,0.0,0.0,0.0649,-0.0222
2015-11-25,东诚药业,sz002675,52.0,47.35,47.8,50.97,47.81,50.97,65969,0.0,0.0,0.0,0.0972,0.0663
2015-11-26,东诚药业,sz002675,54.6,50.1,50.56,51.81,50.97,51.81,60537,0.0,0.0,0.0,0.0882,0.0247
2015-11-27,东诚药业,sz002675,52.78,47.97,52.03,49.23,51.81,49.23,46859,0.0,0.0,0.0,0.0928,-0.0538
2015-11-30,东诚药业,sz002675,50.97,46.5,49.29,48.79,49.23,48.79,34828,0.0,0.0,0.0,0.0907,-0.0101
2015-12-01,东诚药业,sz002675,49.04,47.0,49.04,48.0,48.79,48.0,51731,0.0,0.0,0.0,0.0418,-0.0212
2015-12-02,东诚药业,sz002675,48.88,46.06,47.6,47.89,48.0,47.89,49292,0.0,0.0,0.0,0.0587,0.006
2015-12-03,东诚药业,sz002675,50.6,47.81,47.85,50.24,47.89,50.24,43025,0.0,0.0,0.0,0.0582,0.0499
2015-12-04,东诚药业,sz002675,51.2,49.5,50.0,50.1,50.24,50.1,28478,0.0,0.0,0.0,0.0338,0.002
2015-12-07,东诚药业,sz002675,51.0,48.3,50.21,49.19,50.1,49.19,40602,0.0,0.0,0.0,0.0538,-0.0203
2015-12-08,东诚药业,sz002675,48.98,46.78,48.91,46.79,49.19,46.79,51528,0.0,0.0,0.0,0.0447,-0.0433
2015-12-09,东诚药业,sz002675,47.2,45.85,46.22,46.5,46.79,46.5,23186,0.0,0.0,0.0,0.0288,0.006
2015-12-10,东诚药业,sz002675,46.99,44.38,46.99,44.47,46.5,44.47,38760,0.0,0.0,0.0,0.0561,-0.0536
2015-12-11,东诚药业,sz002675,44.98,43.4,44.3,43.4,44.47,43.4,17342,0.0,0.0,0.0,0.0355,-0.0203
2015-12-14,东诚药业,sz002675,44.45,42.82,43.0,44.32,43.4,44.32,18140,0.0,0.0,0.0,0.0375,0.0306
2015-12-15,东诚药业,sz002675,46.5,44.6,44.75,45.57,44.32,45.57,21131,0.0,0.0,0.0,0.0428,0.0183
2015-12-16,东诚药业,sz002675,46.2,45.3,46.2,45.6,45.57,45.6,16600,0.0,0.0,0.0,0.0197,-0.0129
2015-12-17,东诚药业,sz002675,47.0,45.68,45.68,46.96,45.6,46.96,42826,0.0,0.0,0.0,0.0289,0.028
2015-12-18,东诚药业,sz002675,48.5,46.49,46.5,47.39,46.96,47.39,36112,0.0,0.0,0.0,0.0428,0.0191
2015-12-21,东诚药业,sz002675,51.12,47.12,47.3,51.08,47.39,51.08,90251,0.0,0.0,0.0,0.0844,0.0799
2015-12-22,东诚药业,sz002675,52.57,50.72,50.9,50.94,51.08,50.94,45579,0.0,0.0,0.0,0.0362,7.0E-4
2015-12-23,东诚药业,sz002675,51.98,50.0,51.0,50.2,50.94,50.2,33139,0.0,0.0,0.0,0.0388,-0.0156
2015-12-24,东诚药业,sz002675,51.6,48.61,50.1,50.9,50.2,50.9,38686,0.0,0.0,0.0,0.0595,0.0159
2015-12-25,东诚药业,sz002675,52.27,49.88,51.0,52.23,50.9,52.23,40971,0.0,0.0,0.0,0.0469,0.0241
2015-12-28,东诚药业,sz002675,54.97,51.0,52.56,52.55,52.23,52.55,68718,0.0,0.0,0.0,0.076,-1.0E-4
2015-12-29,东诚药业,sz002675,54.75,51.01,52.0,53.41,52.55,53.41,55635,0.0,0.0,0.0,0.0711,0.0271
2015-12-30,东诚药业,sz002675,55.97,53.44,53.98,55.39,53.41,55.39,35692,0.0,0.0,0.0,0.0473,0.0261
2015-12-31,东诚药业,sz002675,57.0,55.0,55.39,56.01,55.39,56.01,34121,0.0,0.0,0.0,0.0361,0.0111
2016-01-01,东诚药业,sz002675,57.0,55.0,55.39,56.01,56.01,56.01,34121,0.0,0.0,0.0,0.0357,0.0111
2016-01-04,东诚药业,sz002675,56.19,50.41,56.19,50.41,56.01,50.41,33174,0.0,0.0,0.0,0.1031,-0.1028
2016-01-05,东诚药业,sz002675,50.6,45.37,45.37,48.1,50.41,48.1,66213,0.0,0.0,0.0,0.1037,0.0601
2016-01-06,东诚药业,sz002675,51.0,49.0,49.88,50.67,48.1,50.67,53019,0.0,0.0,0.0,0.0415,0.0158
2016-01-07,东诚药业,sz002675,49.98,45.6,48.66,45.6,50.67,45.6,8697,0.0,0.0,0.0,0.0864,-0.0628
2016-01-08,东诚药业,sz002675,47.8,42.16,46.8,45.9,45.6,45.9,33185,0.0,0.0,0.0,0.1236,-0.0192
2016-01-11,东诚药业,sz002675,45.27,41.31,44.1,41.31,45.9,41.31,43930,0.0,0.0,0.0,0.0862,-0.0632
2016-01-12,东诚药业,sz002675,42.7,38.0,41.5,39.55,41.31,39.55,59635,0.0,0.0,0.0,0.1137,-0.0469
2016-01-13,东诚药业,sz002675,41.41,39.1,39.72,39.62,39.55,39.62,41675,0.0,0.0,0.0,0.0584,-0.0025
2016-01-14,东诚药业,sz002675,41.77,37.02,38.2,41.1,39.62,41.1,42983,0.0,0.0,0.0,0.1198,0.0759
2016-01-15,东诚药业,sz002675,41.9,39.61,40.8,39.9,41.1,39.9,35486,0.0,0.0,0.0,0.0557,-0.022
2016-01-18,东诚药业,sz002675,41.69,38.8,39.0,40.7,39.9,40.7,16724,0.0,0.0,0.0,0.0724,0.0435
2016-01-19,东诚药业,sz002675,42.86,40.96,40.98,42.78,40.7,42.78,18878,0.0,0.0,0.0,0.0466,0.0439
2016-01-20,东诚药业,sz002675,43.31,41.7,42.79,42.98,42.78,42.98,24114,0.0,0.0,0.0,0.0376,0.0044
2016-01-21,东诚药业,sz002675,44.34,41.51,42.0,41.92,42.98,41.92,24658,0.0,0.0,0.0,0.0658,-0.0019
2016-01-22,东诚药业,sz002675,43.49,39.6,43.0,41.4,41.92,41.4,25464,0.0,0.0,0.0,0.0927,-0.0372
2016-01-25,东诚药业,sz002675,43.0,41.58,42.0,42.9,41.4,42.9,22091,0.0,0.0,0.0,0.0342,0.0214
2016-01-26,东诚药业,sz002675,42.55,38.61,42.4,38.61,42.9,38.61,24789,0.0,0.0,0.0,0.0918,-0.0893
2016-01-27,东诚药业,sz002675,39.0,35.88,38.6,37.33,38.61,37.33,21406,0.0,0.0,0.0,0.0808,-0.0329
2016-01-28,东诚药业,sz002675,37.57,35.0,37.01,35.2,37.33,35.2,16229,0.0,0.0,0.0,0.0688,-0.0489
2016-01-29,东诚药业,sz002675,38.3,34.82,35.3,36.96,35.2,36.96,20210,0.0,0.0,0.0,0.0988,0.047
2016-02-01,东诚药业,sz002675,37.93,36.91,37.2,37.53,36.96,37.53,12815,0.0,0.0,0.0,0.0275,0.0088
2016-02-02,东诚药业,sz002675,39.56,37.54,37.7,39.12,37.53,39.12,10370,0.0,0.0,0.0,0.0538,0.0376
2016-02-03,东诚药业,sz002675,39.0,38.23,38.28,38.92,39.12,38.92,5915,0.0,0.0,0.0,0.0196,0.0167
2016-02-04,东诚药业,sz002675,40.1,39.15,39.15,39.64,38.92,39.64,12097,0.0,0.0,0.0,0.0244,0.0125
2016-02-05,东诚药业,sz002675,40.8,39.5,39.64,40.05,39.64,40.05,10164,0.0,0.0,0.0,0.0327,0.0103
2016-02-08,东诚药业,sz002675,40.8,39.5,39.64,40.05,40.05,40.05,10164,0.0,0.0,0.0,0.0324,0.0103
2016-02-09,东诚药业,sz002675,40.8,39.5,39.64,40.05,40.05,40.05,10164,0.0,0.0,0.0,0.0324,0.0103
2016-02-10,东诚药业,sz002675,40.8,39.5,39.64,40.05,40.05,40.05,10164,0.0,0.0,0.0,0.0324,0.0103
2016-02-11,东诚药业,sz002675,40.8,39.5,39.64,40.05,40.05,40.05,10164,0.0,0.0,0.0,0.0324,0.0103
2016-02-12,东诚药业,sz002675,40.8,39.5,39.64,40.05,40.05,40.05,10164,0.0,0.0,0.0,0.0324,0.0103
2016-02-15,东诚药业,sz002675,0.0,0.0,0.0,0.0,40.05,0.0,0,0.0,0.0,0.0,0.0,0.0
2016-02-16,东诚药业,sz002675,0.0,0.0,0.0,0.0,0.0,0.0,0,0.0,0.0,0.0,0.0,0.0
2016-02-17,东诚药业,sz002675,0.0,0.0,0.0,0.0,0.0,0.0,0,0.0,0.0,0.0,0.0,0.0
2016-02-18,东诚药业,sz002675,0.0,0.0,0.0,0.0,0.0,0.0,0,0.0,0.0,0.0,0.0,0.0
2016-02-19,东诚药业,sz002675,0.0,0.0,0.0,0.0,0.0,0.0,0,0.0,0.0,0.0,0.0,0.0
2016-02-22,东诚药业,sz002675,0.0,0.0,0.0,0.0,0.0,0.0,0,0.0,0.0,0.0,0.0,0.0
2016-02-23,东诚药业,sz002675,0.0,0.0,0.0,0.0,0.0,0.0,0,0.0,0.0,0.0,0.0,0.0
2016-02-24,东诚药业,sz002675,0.0,0.0,0.0,0.0,0.0,0.0,0,0.0,0.0,0.0,0.0,0.0
2016-02-25,东诚药业,sz002675,0.0,0.0,0.0,0.0,0.0,0.0,0,0.0,0.0,0.0,0.0,0.0
2016-02-26,东诚药业,sz002675,0.0,0.0,0.0,0.0,0.0,0.0,0,0.0,0.0,0.0,0.0,0.0
2016-02-29,东诚药业,sz002675,0.0,0.0,0.0,0.0,0.0,0.0,0,0.0,0.0,0.0,0.0,0.0
2016-03-01,东诚药业,sz002675,0.0,0.0,0.0,0.0,0.0,0.0,0,0.0,0.0,0.0,0.0,0.0
2016-03-02,东诚药业,sz002675,0.0,0.0,0.0,0.0,0.0,0.0,0,0.0,0.0,0.0,0.0,0.0
2016-03-03,东诚药业,sz002675,0.0,0.0,0.0,0.0,0.0,0.0,0,0.0,0.0,0.0,0.0,0.0
2016-03-04,东诚药业,sz002675,0.0,0.0,0.0,0.0,0.0,0.0,0,0.0,0.0,0.0,0.0,0.0
2016-03-07,东诚药业,sz002675,0.0,0.0,0.0,0.0,0.0,0.0,0,0.0,0.0,0.0,0.0,0.0
2016-03-08,东诚药业,sz002675,0.0,0.0,0.0,0.0,0.0,0.0,0,0.0,0.0,0.0,0.0,0.0
2016-03-09,东诚药业,sz002675,0.0,0.0,0.0,0.0,0.0,0.0,0,0.0,0.0,0.0,0.0,0.0
2016-03-10,东诚药业,sz002675,0.0,0.0,0.0,0.0,0.0,0.0,0,0.0,0.0,0.0,0.0,0.0
2016-03-11,东诚药业,sz002675,0.0,0.0,0.0,0.0,0.0,0.0,0,0.0,0.0,0.0,0.0,0.0
2016-03-14,东诚药业,sz002675,0.0,0.0,0.0,0.0,0.0,0.0,0,0.0,0.0,0.0,0.0,0.0
2016-03-15,东诚药业,sz002675,0.0,0.0,0.0,0.0,0.0,0.0,0,0.0,0.0,0.0,0.0,0.0
2016-03-16,东诚药业,sz002675,0.0,0.0,0.0,0.0,0.0,0.0,0,0.0,0.0,0.0,0.0,0.0
2016-03-17,东诚药业,sz002675,0.0,0.0,0.0,0.0,0.0,0.0,0,0.0,0.0,0.0,0.0,0.0
2016-03-18,东诚药业,sz002675,0.0,0.0,0.0,0.0,0.0,0.0,0,0.0,0.0,0.0,0.0,0.0
2016-03-21,东诚药业,sz002675,0.0,0.0,0.0,0.0,0.0,0.0,0,0.0,0.0,0.0,0.0,0.0
2016-03-22,东诚药业,sz002675,0.0,0.0,0.0,0.0,0.0,0.0,0,0.0,0.0,0.0,0.0,0.0
2016-03-23,东诚药业,sz002675,0.0,0.0,0.0,0.0,0.0,0.0,0,0.0,0.0,0.0,0.0,0.0
2016-03-24,东诚药业,sz002675,0.0,0.0,0.0,0.0,0.0,0.0,0,0.0,0.0,0.0,0.0,0.0
2016-03-25,东诚药业,sz002675,0.0,0.0,0.0,0.0,0.0,0.0,0,0.0,0.0,0.0,0.0,0.0
