2016-03-25
2014-01-29,友邦吊顶,sz002718,44.39,44.39,44.39,44.39,40.35,44.390003,1693244,0.129255,0.0,0.0,0.0,0.0
2014-01-30,友邦吊顶,sz002718,43.0,39.95,41.0,41.41,44.39,41.410015,5765868,0.440143,0.0,0.0,0.0687,0.0099
2014-02-07,友邦吊顶,sz002718,43.88,40.53,40.9,42.7,41.41,42.70002,4110594,0.313786,0.0,0.0,0.0808,0.044
2014-02-10,友邦吊顶,sz002718,46.97,42.66,42.88,46.97,42.7,46.97002,4391350,0.335218,0.0,0.0,0.1009,0.0953
2014-02-11,友邦吊顶,sz002718,50.88,45.82,47.0,49.3,46.97,49.300014,4896785,0.3738,0.0,0.0,0.1077,0.0489
2014-02-12,友邦吊顶,sz002718,53.68,48.0,49.5,52.35,49.3,52.35001,3810673,0.290891,0.0,0.0,0.1152,0.0575
2014-02-13,友邦吊顶,sz002718,53.95,49.7,51.52,50.55,52.35,50.550007,3696960,0.282211,0.0,0.0,0.0811,-0.0188
2014-02-14,友邦吊顶,sz002718,55.61,50.5,50.5,55.61,50.55,55.610012,3409398,0.260259,0.0,0.0,0.101,0.1011
2014-02-17,友邦吊顶,sz002718,61.17,58.0,58.0,61.17,55.61,61.170013,2224392,0.169801,0.0,0.0,0.057,0.0546
2014-02-18,友邦吊顶,sz002718,66.97,62.81,64.98,63.85,61.17,63.849995,4328094,0.330389,0.0,0.0,0.068,-0.0173
2014-02-19,友邦吊顶,sz002718,67.5,60.01,64.69,66.9,63.85,66.89998,4403909,0.336176,0.0,0.0,0.1173,0.0341
2014-02-20,友邦吊顶,sz002718,69.59,64.03,65.1,65.8,66.9,65.80001,3614599,0.275924,0.0,0.0,0.0831,0.0107
2014-02-21,友邦吊顶,sz002718,67.45,63.8,65.8,64.97,65.8,64.97001,2001347,0.152775,0.0,0.0,0.0554,-0.0126
2014-02-24,友邦吊顶,sz002718,64.5,62.38,64.5,63.5,64.97,63.499996,2141107,0.163443,0.0,0.0,0.0326,-0.0155
2014-02-25,友邦吊顶,sz002718,65.55,58.02,64.48,60.79,63.5,60.79001,3743938,0.285797,0.0,0.0,0.1185,-0.0572
2014-02-26,友邦吊顶,sz002718,62.98,59.1,59.2,62.81,60.79,62.809998,2330511,0.177902,0.0,0.0,0.0638,0.0609
2014-02-27,友邦吊顶,sz002718,63.1,59.16,62.98,61.3,62.81,61.299984,1733631,0.132338,0.0,0.0,0.0627,-0.0266
2014-02-28,友邦吊顶,sz002718,67.0,59.3,60.98,66.5,61.3,66.5,3152720,0.240666,0.0,0.0,0.1256,0.0905
2014-03-03,友邦吊顶,sz002718,70.0,65.03,66.1,68.8,66.5,68.79997,3532904,0.269687,0.0,0.0,0.0747,0.0408
2014-03-04,友邦吊顶,sz002718,68.95,64.01,67.78,65.0,68.8,64.99994,3162217,0.241391,0.0,0.0,0.0718,-0.041
2014-03-05,友邦吊顶,sz002718,66.66,63.5,64.38,63.68,65.0,63.67992,2052435,0.156674,0.0,0.0,0.0486,-0.0108
2014-03-06,友邦吊顶,sz002718,65.88,60.03,62.02,64.28,63.68,64.279915,2408695,0.18387,0.0,0.0,0.0918,0.0364
2014-03-07,友邦吊顶,sz002718,63.34,57.88,63.34,58.27,64.28,58.269936,2609687,0.199213,0.0,0.0,0.0849,-0.08
2014-03-10,友邦吊顶,sz002718,57.18,55.37,57.18,55.51,58.27,55.509922,1410641,0.107683,0.0,0.0,0.031,-0.0292
2014-03-11,友邦吊顶,sz002718,57.48,54.0,56.3,56.0,55.51,55.99991,1335718,0.101963,0.0,0.0,0.0626,-0.0053
2014-03-12,友邦吊顶,sz002718,56.26,52.88,55.48,54.8,56.0,54.799885,1349583,0.103022,0.0,0.0,0.0603,-0.0122
2014-03-13,友邦吊顶,sz002718,56.18,54.6,55.08,55.55,54.8,55.549877,979051,0.074737,0.0,0.0,0.0288,0.0085
2014-03-14,友邦吊顶,sz002718,56.48,54.01,55.28,54.67,55.55,54.669857,1109435,0.08469,0.0,0.0,0.0444,-0.011
2014-03-17,友邦吊顶,sz002718,56.25,54.4,54.5,55.9,54.67,55.89987,874659,0.066768,0.0,0.0,0.0338,0.0256
2014-03-18,友邦吊顶,sz002718,57.46,55.66,55.9,56.1,55.9,56.099884,1139309,0.08697,0.0,0.0,0.0322,0.0035
2014-03-19,友邦吊顶,sz002718,55.98,53.0,55.98,54.59,56.1,54.589897,907128,0.069246,0.0,0.0,0.0531,-0.0248
2014-03-20,友邦吊顶,sz002718,55.15,53.61,54.1,53.91,54.59,53.909927,898358,0.068577,0.0,0.0,0.0282,-0.0035
2014-03-21,友邦吊顶,sz002718,54.6,52.21,53.5,53.87,53.91,53.869926,914606,0.069817,0.0,0.0,0.0443,0.0069
2014-03-24,友邦吊顶,sz002718,54.1,50.65,53.37,50.79,53.87,50.789913,1144084,0.087335,0.0,0.0,0.064,-0.0483
2014-03-25,友邦吊顶,sz002718,51.79,50.21,50.79,51.29,50.79,51.289886,536434,0.040949,0.0,0.0,0.0311,0.0098
2014-03-26,友邦吊顶,sz002718,51.5,50.4,51.5,51.04,51.29,51.0399,450900,0.03442,0.0,0.0,0.0214,-0.0089
2014-03-27,友邦吊顶,sz002718,51.2,48.17,51.2,48.2,51.04,48.199886,931868,0.071135,0.0,0.0,0.0593,-0.0585
2014-03-28,友邦吊顶,sz002718,49.96,46.25,48.11,48.0,48.2,47.999905,1275148,0.09734,0.0,0.0,0.0769,-0.0022
2014-03-31,友邦吊顶,sz002718,48.8,46.9,48.0,47.52,48.0,47.51991,779773,0.059525,0.0,0.0,0.0395,-0.0099
2014-04-01,友邦吊顶,sz002718,49.33,47.57,47.61,49.18,47.52,49.17992,683166,0.05215,0.0,0.0,0.037,0.0329
2014-04-02,友邦吊顶,sz002718,50.46,47.78,49.28,50.08,49.18,50.079914,974659,0.074401,0.0,0.0,0.0544,0.0162
2014-04-03,友邦吊顶,sz002718,51.96,49.3,49.58,49.91,50.08,49.909893,1254619,0.095772,0.0,0.0,0.0531,0.0066
2014-04-04,友邦吊顶,sz002718,50.58,49.4,49.4,49.95,49.91,49.94987,524149,0.040011,0.0,0.0,0.0236,0.0111
2014-04-08,友邦吊顶,sz002718,51.32,48.5,49.0,50.6,49.95,50.599865,826704,0.063107,0.0,0.0,0.0564,0.0326
2014-04-09,友邦吊顶,sz002718,52.19,50.41,50.41,52.06,50.6,52.059875,1105634,0.0844,0.0,0.0,0.0351,0.0327
2014-04-10,友邦吊顶,sz002718,56.99,51.71,51.91,54.0,52.06,53.999886,1936054,0.14779,0.0,0.0,0.1014,0.0402
2014-04-11,友邦吊顶,sz002718,52.18,50.01,50.8,51.0,54.0,50.99987,1669661,0.127455,0.0,0.0,0.0401,0.0039
2014-04-14,友邦吊顶,sz002718,50.78,49.01,50.63,49.95,51.0,49.949883,1024653,0.078218,0.0,0.0,0.0347,-0.0134
2014-04-15,友邦吊顶,sz002718,50.35,49.33,49.6,49.56,49.95,49.559875,614298,0.046893,25.917128,7.93836,0.0204,-8.0E-4
2014-04-16,友邦吊顶,sz002718,49.77,48.18,49.4,48.92,49.56,48.919857,603444,0.046064,25.582434,7.835844,0.032,-0.0097
2014-04-17,友邦吊顶,sz002718,49.83,48.84,48.84,49.12,48.92,49.119843,427116,0.032604,25.687014,7.867877,0.0202,0.0057
2014-04-18,友邦吊顶,sz002718,49.5,48.7,49.34,49.35,49.12,49.349823,326679,0.024937,25.807281,7.904714,0.0162,2.0E-4
2014-04-21,友邦吊顶,sz002718,51.55,48.38,49.0,50.66,49.35,50.659813,927781,0.070823,26.492334,8.114545,0.0642,0.0338
2014-04-22,友邦吊顶,sz002718,50.36,48.39,49.89,49.09,50.66,49.089813,767022,0.058551,25.67131,7.863067,0.0388,-0.016
2014-04-23,友邦吊顶,sz002718,49.49,48.29,48.7,48.57,49.09,48.569805,345719,0.026391,25.399376,7.779774,0.0244,-0.0026
2014-04-24,友邦吊顶,sz002718,48.5,46.47,48.5,46.62,48.57,46.619827,647415,0.049421,24.37964,7.467431,0.0417,-0.0387
2014-04-25,友邦吊顶,sz002718,46.62,45.05,46.62,45.12,46.62,45.119835,554953,0.042363,23.595226,7.227167,0.0336,-0.0321
2014-04-28,友邦吊顶,sz002718,44.44,42.58,44.03,42.6,45.12,42.599846,689160,0.052608,22.277409,6.823522,0.0412,-0.0324
2014-04-29,友邦吊顶,sz002718,43.48,42.16,42.18,43.46,42.6,43.45985,377011,0.028779,22.727144,6.961276,0.0309,0.0303
2014-04-30,友邦吊顶,sz002718,44.48,43.22,43.5,44.44,43.46,44.439827,420748,0.032118,23.23962,7.118245,0.0289,0.0216
2014-05-05,友邦吊顶,sz002718,45.09,43.65,43.99,45.03,44.44,45.02981,592934,0.045262,23.54815,7.212747,0.0324,0.0236
2014-05-06,友邦吊顶,sz002718,46.5,44.52,44.95,45.75,45.03,45.74979,724344,0.055293,23.92466,7.328072,0.0439,0.0177
2014-05-07,友邦吊顶,sz002718,47.23,44.92,45.68,46.38,45.75,46.37977,836751,0.063874,24.254103,7.428979,0.0504,0.0153
2014-05-08,友邦吊顶,sz002718,46.37,44.92,45.88,45.1,46.38,45.099777,477414,0.036444,23.584738,7.223954,0.0312,-0.017
2014-05-09,友邦吊顶,sz002718,45.15,43.5,44.64,43.9,45.1,43.89976,449660,0.034325,22.957195,7.031739,0.0365,-0.0165
2014-05-12,友邦吊顶,sz002718,45.6,44.01,44.5,45.55,43.9,45.549736,468136,0.035736,23.820042,7.296027,0.0362,0.0235
2014-05-13,友邦吊顶,sz002718,46.18,44.01,45.54,44.79,45.55,44.789738,405267,0.030936,23.422604,7.174293,0.0476,-0.0164
2014-05-14,友邦吊顶,sz002718,46.09,44.24,44.78,46.0,44.79,45.999733,493132,0.037644,24.055367,7.368107,0.0413,0.0272
2014-05-15,友邦吊顶,sz002718,46.67,45.21,45.87,45.42,46.0,45.419724,640287,0.048877,23.752052,7.275202,0.0317,-0.0098
2014-05-16,友邦吊顶,sz002718,45.42,43.99,45.42,44.43,45.42,44.42971,512517,0.039123,23.234327,7.116625,0.0314,-0.0217
2014-05-19,友邦吊顶,sz002718,44.9,43.7,44.34,44.43,44.43,44.42971,222371,0.016975,23.234327,7.116625,0.027,0.002
2014-05-20,友邦吊顶,sz002718,48.87,45.17,45.17,46.16,44.43,46.159714,1047006,0.079924,24.139027,7.393732,0.0832,0.0219
2014-05-21,友邦吊顶,sz002718,46.81,45.19,45.8,46.77,46.16,46.769714,663919,0.050681,24.458023,7.49144,0.035,0.0211
2014-05-22,友邦吊顶,sz002718,48.96,46.8,46.88,47.02,46.77,47.0197,1017426,0.077666,24.588753,7.531482,0.0461,0.0029
2014-05-23,友邦吊顶,sz002718,48.75,46.78,47.25,48.73,47.02,48.72971,829161,0.063295,25.482994,7.805387,0.0418,0.0313
2014-05-26,友邦吊顶,sz002718,49.17,48.2,48.89,49.1,48.73,49.099716,673348,0.051401,25.676489,7.864653,0.0199,0.0042
2014-05-27,友邦吊顶,sz002718,49.5,48.37,49.1,48.61,49.1,48.6097,521116,0.03978,25.420237,7.786164,0.023,-0.0099
2014-05-28,友邦吊顶,sz002718,49.6,48.26,48.59,48.95,48.61,48.949677,581668,0.044402,25.598026,7.84062,0.0275,0.0074
2014-05-29,友邦吊顶,sz002718,49.97,48.25,48.99,48.25,48.95,48.249695,556543,0.042484,25.231974,7.728499,0.0351,-0.0151
2014-05-30,友邦吊顶,sz002718,48.92,48.09,48.09,48.2,48.25,48.199707,378939,0.028927,25.205833,7.720493,0.0172,0.0022
2014-06-03,友邦吊顶,sz002718,49.0,48.02,48.2,48.38,48.2,48.379684,381100,0.029092,25.299952,7.749321,0.0203,0.0037
2014-06-04,友邦吊顶,sz002718,49.96,48.41,48.43,49.83,48.38,49.829674,919854,0.070218,26.058216,7.981576,0.032,0.0289
2014-06-05,友邦吊顶,sz002718,50.08,49.21,49.75,49.9,49.83,49.899685,633907,0.04839,26.09483,7.99279,0.0174,0.003
2014-06-06,友邦吊顶,sz002718,50.3,49.38,49.91,49.84,49.9,49.839706,412788,0.031511,26.063463,7.983183,0.0184,-0.0014
2014-06-09,友邦吊顶,sz002718,49.99,48.54,49.52,48.54,49.84,48.539738,428030,0.032674,25.38365,7.774957,0.029,-0.0197
2014-06-10,友邦吊顶,sz002718,49.18,48.26,48.4,49.02,48.54,49.389717,353602,0.026993,25.828142,7.911104,0.0189,0.0128
2014-06-11,友邦吊顶,sz002718,49.28,48.16,49.28,48.55,49.02,48.91617,439764,0.03357,25.580502,7.835253,0.0228,-0.0148
2014-06-12,友邦吊顶,sz002718,48.94,48.0,48.55,48.58,48.55,48.946396,356272,0.027196,25.596312,7.840095,0.0193,6.0E-4
2014-06-13,友邦吊顶,sz002718,50.78,48.24,48.24,50.29,48.58,50.66931,908682,0.069365,26.497301,8.116066,0.0522,0.0424
2014-06-16,友邦吊顶,sz002718,51.48,50.44,50.88,50.53,50.29,50.911102,616738,0.047079,26.623747,8.154796,0.0206,-0.0068
2014-06-17,友邦吊顶,sz002718,50.79,49.8,50.33,49.8,50.53,50.17559,428673,0.032723,26.239113,8.036984,0.0195,-0.0105
2014-06-18,友邦吊顶,sz002718,50.24,49.5,49.5,49.51,49.8,49.88342,311618,0.023788,26.086323,7.990184,0.0148,2.0E-4
2014-06-19,友邦吊顶,sz002718,49.9,45.99,49.9,45.99,49.51,46.336857,642252,0.049027,24.231663,7.422106,0.0789,-0.0783
2014-06-20,友邦吊顶,sz002718,47.45,45.99,46.5,47.22,45.99,47.576138,422604,0.03226,24.87974,7.620611,0.0317,0.0154
2014-06-23,友邦吊顶,sz002718,51.94,47.57,47.61,51.94,47.22,52.331753,1702730,0.129979,27.366669,8.382352,0.0925,0.0909
2014-06-24,友邦吊顶,sz002718,53.99,51.5,52.88,53.4,51.94,53.802746,1744294,0.133152,28.135918,8.617971,0.0479,0.0098
2014-06-25,友邦吊顶,sz002718,55.99,52.7,52.72,55.18,53.4,55.596153,1910880,0.145869,29.073772,8.905234,0.0616,0.0466
2014-06-26,友邦吊顶,sz002718,58.93,55.1,55.1,57.88,55.18,58.31653,2102016,0.160459,30.496382,9.340976,0.0694,0.0504
2014-06-27,友邦吊顶,sz002718,58.2,56.34,58.0,57.5,57.88,57.933678,1448871,0.110601,30.296173,9.279652,0.0321,-0.0086
2014-06-30,友邦吊顶,sz002718,57.85,55.78,57.6,56.32,57.5,56.744766,1078224,0.082307,29.674435,9.089215,0.036,-0.0222
2014-07-01,友邦吊顶,sz002718,57.37,55.39,56.3,56.43,56.32,56.855587,962626,0.073483,29.73239,9.106967,0.0351,0.0023
2014-07-02,友邦吊顶,sz002718,56.2,53.71,55.8,54.95,56.43,55.364437,1578963,0.120532,28.952597,8.868118,0.0441,-0.0152
2014-07-03,友邦吊顶,sz002718,55.38,54.17,54.9,55.34,54.95,55.75736,747337,0.057049,29.158073,8.931055,0.022,0.008
2014-07-04,友邦吊顶,sz002718,56.55,55.35,55.66,55.8,55.34,56.220814,1036180,0.079098,29.400436,9.00529,0.0216,0.0025
2014-07-07,友邦吊顶,sz002718,55.81,54.19,55.8,54.32,55.8,54.729668,765616,0.058444,28.620647,8.766443,0.029,-0.0265
2014-07-08,友邦吊顶,sz002718,55.47,53.78,54.3,55.28,54.32,55.696903,689139,0.052606,29.126461,8.921372,0.0311,0.018
2014-07-09,友邦吊顶,sz002718,55.66,53.2,55.1,53.53,55.28,53.93371,833127,0.063597,28.204405,8.638948,0.0445,-0.0284
2014-07-10,友邦吊顶,sz002718,55.35,53.03,53.03,54.1,53.53,54.507996,635905,0.048542,28.504725,8.730936,0.0433,0.0201
2014-07-11,友邦吊顶,sz002718,55.3,53.58,54.21,53.99,54.1,54.39718,600230,0.045819,28.446775,8.713186,0.0317,-0.004
2014-07-14,友邦吊顶,sz002718,56.48,54.01,54.3,56.48,53.99,56.90598,941297,0.071855,29.75874,9.115038,0.0457,0.0401
2014-07-15,友邦吊顶,sz002718,58.97,55.08,56.4,58.47,56.48,58.911003,1482394,0.11316,30.807259,9.436197,0.0688,0.0367
2014-07-16,友邦吊顶,sz002718,58.5,56.41,58.0,57.49,58.47,57.923595,896657,0.068447,30.2909,9.278037,0.0357,-0.0087
2014-07-17,友邦吊顶,sz002718,58.88,57.06,57.61,57.81,57.49,58.246,716112,0.054665,30.459497,9.329679,0.0316,0.0034
2014-07-18,友邦吊顶,sz002718,57.98,55.85,57.75,56.2,57.81,56.623848,597015,0.045574,29.6112,9.069847,0.0368,-0.0268
2014-07-21,友邦吊顶,sz002718,56.56,54.2,56.0,54.94,56.2,55.35434,474292,0.036205,28.947317,8.866501,0.0419,-0.0189
2014-07-22,友邦吊顶,sz002718,55.97,54.47,54.8,55.29,54.94,55.707005,285300,0.021779,29.13174,8.92299,0.0273,0.0089
2014-07-23,友邦吊顶,sz002718,56.2,53.25,55.63,53.91,55.29,54.316612,574443,0.043851,28.404642,8.700281,0.0533,-0.0309
2014-07-24,友邦吊顶,sz002718,55.58,53.9,54.0,54.6,53.91,55.01181,559480,0.042708,28.768192,8.811636,0.0311,0.0111
2014-07-25,友邦吊顶,sz002718,55.38,54.03,54.03,55.18,54.6,55.5962,335292,0.025595,29.073797,8.905242,0.0247,0.0212
2014-07-28,友邦吊顶,sz002718,57.97,55.2,55.38,57.88,55.18,58.316578,858301,0.065519,30.496408,9.340984,0.0501,0.0451
2014-07-29,友邦吊顶,sz002718,58.5,57.38,58.1,57.91,57.88,58.346786,603151,0.046042,30.512205,9.345823,0.0193,-0.0032
2014-07-30,友邦吊顶,sz002718,58.18,56.61,57.91,57.48,57.91,57.913563,624487,0.047671,30.285652,9.27643,0.0271,-0.0074
2014-07-31,友邦吊顶,sz002718,58.18,57.02,57.39,57.82,57.48,58.25612,571361,0.043615,30.46479,9.3313,0.0201,0.0074
2014-08-01,友邦吊顶,sz002718,57.7,56.5,57.5,56.65,57.82,57.07731,614874,0.046937,29.848335,9.142481,0.0207,-0.0147
2014-08-04,友邦吊顶,sz002718,57.29,56.43,56.58,57.0,56.65,57.42993,274114,0.020925,30.03274,9.198963,0.0151,0.0074
2014-08-05,友邦吊顶,sz002718,59.59,57.0,57.06,58.8,57.0,59.24351,823973,0.062899,30.981144,9.489457,0.0454,0.0304
2014-08-06,友邦吊顶,sz002718,59.19,57.92,58.7,58.34,58.8,58.78005,591223,0.045132,30.738777,9.415221,0.0215,-0.0061
2014-08-07,友邦吊顶,sz002718,58.86,57.56,58.34,57.72,58.34,58.15539,506690,0.038679,30.412117,9.315166,0.0222,-0.0106
2014-08-08,友邦吊顶,sz002718,59.8,57.52,57.98,58.92,57.72,59.364445,683087,0.052144,31.044386,9.508828,0.0395,0.0162
2014-08-11,友邦吊顶,sz002718,60.5,58.92,58.92,60.0,58.92,60.452595,722706,0.055168,31.613428,9.683125,0.0268,0.0183
2014-08-12,友邦吊顶,sz002718,61.56,59.63,59.9,60.13,60.0,60.583595,677537,0.05172,31.681934,9.704108,0.0321,0.0038
2014-08-13,友邦吊顶,sz002718,60.43,58.85,59.93,59.8,60.13,60.251114,611267,0.046662,31.508064,9.650852,0.0262,-0.0021
2014-08-14,友邦吊顶,sz002718,60.78,59.43,59.43,59.84,59.8,60.29142,393709,0.030054,31.529142,9.657309,0.0225,0.0068
2014-08-15,友邦吊顶,sz002718,60.4,59.45,59.45,59.94,59.84,60.392166,329225,0.025132,31.581827,9.673446,0.0158,0.0082
2014-08-18,友邦吊顶,sz002718,60.98,59.98,59.98,60.4,59.94,60.855618,413314,0.031551,31.824186,9.74768,0.0166,0.007
2014-08-19,友邦吊顶,sz002718,62.56,60.18,60.2,62.0,60.4,62.46768,717403,0.054764,32.66721,10.005896,0.0394,0.0299
2014-08-20,友邦吊顶,sz002718,63.0,61.55,61.87,62.69,62.0,63.162884,512535,0.039125,33.03076,10.117252,0.0233,0.0132
2014-08-21,友邦吊顶,sz002718,62.98,61.08,62.86,61.79,62.69,62.25612,529012,0.040383,32.556576,9.972008,0.0303,-0.017
2014-08-22,友邦吊顶,sz002718,62.49,61.32,61.51,62.12,61.79,62.588627,445932,0.034041,32.730457,10.025269,0.0189,0.0099
2014-08-25,友邦吊顶,sz002718,60.45,58.71,60.1,59.18,62.12,59.626434,1345487,0.102709,31.18139,9.550793,0.028,-0.0153
2014-08-26,友邦吊顶,sz002718,59.39,57.8,58.96,57.95,59.18,58.387157,628645,0.047988,30.533318,9.352289,0.0268,-0.0171
2014-08-27,友邦吊顶,sz002718,58.27,57.55,57.9,58.05,57.95,58.487934,362659,0.027684,30.586018,9.368431,0.0124,0.0025
2014-08-28,友邦吊顶,sz002718,58.3,56.82,57.78,56.85,58.05,57.27887,514419,0.039269,29.953743,9.174767,0.0254,-0.016
2014-08-29,友邦吊顶,sz002718,57.95,56.58,56.58,57.78,56.85,58.215897,318884,0.024342,30.443756,9.324857,0.024,0.0212
2014-09-01,友邦吊顶,sz002718,58.4,57.6,57.85,58.4,57.78,58.840553,480532,0.036682,30.770418,9.424913,0.0138,0.0095
2014-09-02,友邦吊顶,sz002718,59.38,58.5,58.5,59.06,58.4,59.50551,791043,0.060385,31.118155,9.531424,0.015,0.0095
2014-09-03,友邦吊顶,sz002718,59.57,58.88,59.29,59.15,59.06,59.596195,532293,0.040633,31.165579,9.54595,0.0116,-0.0023
2014-09-04,友邦吊顶,sz002718,60.8,58.86,59.16,60.26,59.15,60.71458,649046,0.049545,31.750431,9.725089,0.0327,0.0185
2014-09-05,友邦吊顶,sz002718,60.63,59.73,60.63,59.81,60.26,60.26116,494780,0.037769,31.51332,9.652462,0.0149,-0.0135
2014-09-09,友邦吊顶,sz002718,60.24,58.74,59.99,59.12,59.81,59.56593,517685,0.039518,31.149752,9.541102,0.025,-0.0145
2014-09-10,友邦吊顶,sz002718,59.62,58.87,59.11,59.41,59.12,59.8581,451955,0.0345,31.30254,9.587901,0.0126,0.005
2014-09-11,友邦吊顶,sz002718,60.63,58.85,59.17,59.56,59.41,60.009243,749796,0.057236,31.381578,9.61211,0.0299,0.0065
2014-09-12,友邦吊顶,sz002718,59.77,58.91,59.3,59.55,59.56,59.99916,500990,0.038244,31.376307,9.610495,0.0144,0.0042
2014-09-15,友邦吊顶,sz002718,60.53,59.29,59.5,60.32,59.55,60.77495,682397,0.052091,31.782003,9.734759,0.0208,0.0137
2014-09-16,友邦吊顶,sz002718,60.4,57.8,60.3,57.94,60.32,58.377014,860732,0.065705,30.528011,9.350664,0.0431,-0.0391
2014-09-17,友邦吊顶,sz002718,59.32,57.61,57.94,59.15,57.94,59.596157,545918,0.041673,31.16556,9.545944,0.0295,0.0208
2014-09-18,友邦吊顶,sz002718,59.3,58.54,59.16,58.98,59.15,59.42488,293013,0.022367,31.075989,9.518509,0.0128,-0.003
2014-09-19,友邦吊顶,sz002718,59.76,58.7,58.85,59.7,58.98,60.150337,342353,0.026134,31.455364,9.63471,0.0179,0.0144
2014-09-22,友邦吊顶,sz002718,59.91,58.65,59.91,59.0,59.7,59.445076,270041,0.020614,31.086552,9.521743,0.0211,-0.0151
2014-09-23,友邦吊顶,sz002718,61.58,58.96,58.96,61.3,59.0,61.762424,974124,0.074361,32.298397,9.89293,0.0444,0.0396
2014-09-24,友邦吊顶,sz002718,61.47,60.88,61.0,61.29,61.3,61.752354,509951,0.038928,32.293133,9.891317,0.0096,0.0047
2014-09-25,友邦吊顶,sz002718,61.78,60.6,61.35,60.69,61.29,61.1478,490893,0.037473,31.976982,9.794481,0.0192,-0.0107
2014-09-26,友邦吊顶,sz002718,63.37,60.08,60.5,62.59,60.69,63.062153,643714,0.049138,32.97809,10.101117,0.0542,0.0345
2014-09-29,友邦吊顶,sz002718,64.95,62.66,62.66,64.17,62.59,64.6541,748407,0.05713,33.810585,10.356109,0.0365,0.024
2014-09-30,友邦吊顶,sz002718,64.65,63.8,64.65,64.16,64.17,64.64401,459281,0.03506,33.80531,10.354494,0.0132,-0.0075
2014-10-08,友邦吊顶,sz002718,67.36,64.32,65.0,66.93,64.16,67.43488,773924,0.059078,35.26479,10.801529,0.0473,0.0296
2014-10-09,友邦吊顶,sz002718,67.02,65.8,66.81,66.94,66.93,67.44493,543489,0.041488,35.270042,10.803138,0.0182,0.0019
2014-10-10,友邦吊顶,sz002718,69.45,66.46,66.6,66.96,66.94,67.465096,688945,0.052591,35.280586,10.806368,0.0446,0.0054
2014-10-13,友邦吊顶,sz002718,69.4,65.1,66.65,68.96,66.96,69.48022,795502,0.060725,36.334385,11.129143,0.0642,0.0346
2014-10-14,友邦吊顶,sz002718,69.4,67.76,68.55,69.33,68.96,69.852974,549094,0.041916,36.52932,11.188851,0.0237,0.0113
2014-10-15,友邦吊顶,sz002718,71.28,68.85,68.98,69.7,69.33,70.22578,909456,0.069424,36.724274,11.248566,0.035,0.0104
2014-10-16,友邦吊顶,sz002718,72.72,68.77,68.96,70.99,69.7,71.52552,1107169,0.084517,37.40397,11.456755,0.0566,0.0294
2014-10-17,友邦吊顶,sz002718,78.09,70.27,70.55,76.9,70.99,77.48009,1929353,0.147279,40.517883,12.410541,0.1101,0.09
2014-10-20,友邦吊顶,sz002718,76.44,74.65,76.44,75.31,76.9,75.87811,843699,0.064405,39.680138,12.153941,0.0232,-0.0147
2014-10-21,友邦吊顶,sz002718,78.68,75.0,75.3,76.01,75.31,76.5834,819089,0.062526,40.048965,12.266912,0.0488,0.0094
2014-10-22,友邦吊顶,sz002718,77.6,75.55,76.1,76.84,76.01,77.41969,764986,0.058396,40.486298,12.400866,0.0269,0.0097
2014-10-23,友邦吊顶,sz002718,79.68,75.25,76.58,76.9,76.84,77.480156,1016230,0.077575,40.517918,12.410551,0.0576,0.0041
2014-10-24,友邦吊顶,sz002718,77.23,72.0,76.51,72.37,76.9,72.915955,1097760,0.083798,38.13109,11.679471,0.068,-0.0541
2014-10-27,友邦吊顶,sz002718,74.74,71.66,72.37,73.93,72.37,74.48773,680153,0.05192,38.953045,11.931233,0.0425,0.0215
2014-10-28,友邦吊顶,sz002718,76.49,73.4,73.4,75.7,73.93,76.27112,803894,0.061366,39.88566,12.216891,0.0417,0.0313
2014-10-29,友邦吊顶,sz002718,78.48,75.42,75.72,76.0,75.7,76.57338,945410,0.072169,40.043724,12.265306,0.0404,0.0036
2014-10-30,友邦吊顶,sz002718,78.38,75.8,76.03,76.0,76.0,76.57338,856311,0.065367,40.043724,12.265306,0.0339,-3.0E-4
2014-10-31,友邦吊顶,sz002718,76.89,74.37,76.35,75.9,76.0,76.47261,764241,0.058339,39.991028,12.249165,0.0331,-0.0058
2014-11-03,友邦吊顶,sz002718,77.0,75.53,75.96,76.9,75.9,77.48013,552142,0.042148,40.517906,12.410548,0.0193,0.0123
2014-11-04,友邦吊顶,sz002718,78.6,76.53,77.15,77.03,76.9,77.61115,686732,0.052422,40.586426,12.431534,0.0269,-0.0015
2014-11-05,友邦吊顶,sz002718,77.15,75.58,76.79,76.0,77.03,76.57341,462008,0.035268,40.043743,12.265312,0.0203,-0.0102
2014-11-06,友邦吊顶,sz002718,78.5,75.91,75.91,78.5,76.0,79.09229,914870,0.069837,41.36098,12.66878,0.034,0.0341
2014-11-07,友邦吊顶,sz002718,79.45,76.0,79.35,76.2,78.5,76.77497,837689,0.063946,40.149147,12.297597,0.0439,-0.0396
2014-11-10,友邦吊顶,sz002718,77.58,75.8,76.32,77.21,76.2,77.792625,927915,0.070833,40.681324,12.460602,0.0233,0.0116
2014-11-11,友邦吊顶,sz002718,78.35,75.8,76.99,78.35,77.21,78.94123,1067026,0.081452,41.281982,12.644582,0.033,0.0176
2014-11-12,友邦吊顶,sz002718,83.8,77.6,78.2,82.99,78.35,83.61621,1753567,0.13386,43.72674,13.393407,0.0791,0.0612
2014-11-13,友邦吊顶,sz002718,81.58,79.0,80.51,80.5,82.99,81.10739,1213204,0.092611,42.414764,12.991551,0.031,-1.0E-4
2014-11-14,友邦吊顶,sz002718,80.79,74.5,79.48,75.93,80.5,76.50292,1452939,0.110911,40.00688,12.254021,0.0781,-0.0446
2014-11-17,友邦吊顶,sz002718,79.0,75.0,75.02,77.37,75.93,77.953804,746024,0.056948,40.76561,12.486419,0.0526,0.0313
2014-11-18,友邦吊顶,sz002718,78.59,76.52,77.8,78.4,77.37,78.9916,500224,0.038185,41.308323,12.65265,0.0267,0.0077
2014-11-19,友邦吊顶,sz002718,78.72,76.47,78.29,77.43,78.4,78.01431,552274,0.042158,40.797256,12.496112,0.0286,-0.0109
2014-11-20,友邦吊顶,sz002718,78.43,76.02,76.5,78.06,77.43,78.64904,462572,0.035311,41.129185,12.59778,0.0311,0.0203
2014-11-21,友邦吊顶,sz002718,80.4,77.72,78.06,80.12,78.06,80.72459,832815,0.063574,42.21458,12.930235,0.0343,0.0263
2014-11-24,友邦吊顶,sz002718,81.49,79.25,81.12,79.9,80.12,80.50292,687166,0.052455,42.09866,12.894729,0.0279,-0.015
2014-11-25,友邦吊顶,sz002718,80.0,77.18,79.51,78.7,79.9,79.293846,755808,0.057695,41.46638,12.701063,0.0352,-0.0101
2014-11-26,友邦吊顶,sz002718,80.59,78.31,79.1,79.35,78.7,79.94873,575243,0.043912,41.808853,12.805961,0.0289,0.0031
2014-11-27,友邦吊顶,sz002718,81.08,79.6,79.7,80.9,79.35,81.51045,721948,0.055111,42.625546,13.056113,0.0186,0.015
2014-11-28,友邦吊顶,sz002718,82.49,79.92,81.12,81.15,80.9,81.76232,897110,0.068482,42.75726,13.096456,0.0317,3.0E-4
2014-12-01,友邦吊顶,sz002718,84.8,80.0,81.31,84.45,81.15,85.08718,1155264,0.088188,44.495983,13.629024,0.0591,0.0386
2014-12-02,友邦吊顶,sz002718,90.6,84.12,84.12,87.52,84.45,88.18036,1779617,0.135849,46.113544,14.124479,0.0767,0.0404
2014-12-03,友邦吊顶,sz002718,91.3,85.64,86.88,89.11,87.52,89.78233,1354910,0.103428,46.95129,14.381079,0.0646,0.0256
2014-12-04,友邦吊顶,sz002718,90.73,87.4,89.99,88.18,89.11,88.845276,888615,0.067833,46.461258,14.230984,0.0373,-0.0201
2014-12-05,友邦吊顶,sz002718,87.7,80.88,87.7,81.7,88.18,82.31639,1390128,0.106117,43.04701,13.185206,0.0773,-0.0684
2014-12-08,友邦吊顶,sz002718,82.78,79.42,80.8,79.8,81.7,80.40204,852338,0.065064,42.045906,12.87857,0.0411,-0.0123
2014-12-09,友邦吊顶,sz002718,80.88,75.5,79.12,76.17,79.8,76.74463,1032732,0.078835,40.13328,12.292737,0.0674,-0.0372
2014-12-10,友邦吊顶,sz002718,78.97,76.3,76.42,78.18,76.17,78.76977,661625,0.050506,41.192318,12.617118,0.035,0.023
2014-12-11,友邦吊顶,sz002718,79.33,76.88,77.8,79.07,78.18,79.66648,501561,0.038287,41.66125,12.760751,0.0313,0.0163
2014-12-12,友邦吊顶,sz002718,79.32,78.11,78.85,78.96,79.07,79.555664,347717,0.026543,41.6033,12.743001,0.0153,0.0013
2014-12-15,友邦吊顶,sz002718,82.22,78.24,78.62,81.62,78.96,82.23574,533065,0.040692,43.00483,13.172287,0.0504,0.0381
2014-12-16,友邦吊顶,sz002718,85.25,81.11,81.93,84.45,81.62,85.0871,947027,0.072292,44.495937,13.62901,0.0507,0.0307
2014-12-17,友邦吊顶,sz002718,83.49,79.4,83.27,80.12,84.45,80.72443,794224,0.060628,42.214497,12.93021,0.0484,-0.0378
2014-12-18,友邦吊顶,sz002718,80.74,77.4,79.79,78.0,80.12,78.588455,556441,0.042476,41.097504,12.588076,0.0416,-0.0224
2014-12-19,友邦吊顶,sz002718,77.93,72.97,77.93,74.0,78.0,74.55829,1065015,0.081299,38.98994,11.942535,0.0635,-0.0504
2014-12-22,友邦吊顶,sz002718,73.0,66.81,72.52,67.62,74.0,68.130165,847557,0.064699,35.628384,10.912897,0.0836,-0.0675
2014-12-23,友邦吊顶,sz002718,71.23,67.5,67.52,68.48,67.62,68.99665,648053,0.04947,36.081505,11.051687,0.0551,0.0142
2014-12-24,友邦吊顶,sz002718,73.21,69.26,69.46,72.65,68.48,73.19813,655349,0.050027,38.278652,11.724669,0.0576,0.0459
2014-12-25,友邦吊顶,sz002718,73.98,71.11,73.98,72.99,72.65,73.540695,532687,0.040663,38.457794,11.77954,0.0395,-0.0133
2014-12-26,友邦吊顶,sz002718,73.5,71.9,72.72,73.18,72.99,73.732124,308306,0.023535,38.557903,11.810202,0.0219,0.0063
2014-12-29,友邦吊顶,sz002718,72.01,69.0,72.0,69.47,73.18,69.994125,671005,0.051222,36.60313,11.21146,0.0411,-0.0351
2014-12-30,友邦吊顶,sz002718,70.1,68.62,69.71,69.71,69.47,70.235954,324482,0.02477,36.729595,11.250196,0.0213,0.0
2014-12-31,友邦吊顶,sz002718,71.32,69.42,69.72,70.56,69.71,71.09234,429937,0.03282,37.17744,11.38737,0.0272,0.012
2015-01-01,友邦吊顶,sz002718,70.56,70.56,70.56,70.56,70.56,43.8035,0,0.0,0.0,0.0,0.0,0.0
2015-01-02,友邦吊顶,sz002718,70.56,70.56,70.56,70.56,70.56,43.8035,0,0.0,0.0,0.0,0.0,0.0
2015-01-05,友邦吊顶,sz002718,68.78,65.8099,66.7099,67.9,70.56,42.1522,10177,0.048558,35.775925,10.958089,0.042,0.0178
2015-01-06,友邦吊顶,sz002718,70.3901,66.9,67.44,70.1299,67.9,43.5365,9527,0.045458,36.95088,11.317974,0.0514,0.0398
2015-01-07,友邦吊顶,sz002718,70.1,68.02,70.0,68.8,70.1299,42.7109,7507,0.035821,36.250103,11.103329,0.0296,-0.0171
2015-01-08,友邦吊顶,sz002718,69.14,67.7299,68.6,68.08,68.8,42.2639,7246,0.034573,35.870747,10.987132,0.0204,-0.0075
2015-01-09,友邦吊顶,sz002718,68.7,66.78,67.42,66.78,68.08,41.4569,11027,0.052614,35.185795,10.777333,0.0282,-0.0094
2015-01-12,友邦吊顶,sz002718,67.9901,66.06,66.2,66.7901,66.78,41.4632,4986,0.023791,35.191074,10.77895,0.0289,0.0089
2015-01-13,友邦吊顶,sz002718,69.4901,66.84,67.7901,69.0701,66.7901,42.8786,9019,0.043033,36.39239,11.146911,0.0396,0.0188
2015-01-14,友邦吊顶,sz002718,69.3,67.6499,68.9901,67.9901,69.0701,42.2081,5307,0.025323,35.82336,10.972618,0.0238,-0.0144
2015-01-15,友邦吊顶,sz002718,69.32,67.2299,67.58,68.3099,67.9901,42.4067,4517,0.021551,35.991978,11.024266,0.0307,0.0108
2015-01-16,友邦吊顶,sz002718,72.2,68.06,68.3099,72.0499,68.3099,44.7285,13304,0.063476,37.96254,11.627844,0.0606,0.0547
2015-01-19,友邦吊顶,sz002718,74.88,70.0099,71.1099,72.54,72.0499,45.0327,16311,0.077822,38.220722,11.706925,0.0675,0.0201
2015-01-20,友邦吊顶,sz002718,76.0,72.58,72.6,75.9901,72.54,47.1745,14899,0.071085,40.0385,12.263707,0.0471,0.0466
2015-01-21,友邦吊顶,sz002718,77.8701,75.74,76.5,77.2901,75.9901,47.9816,15466,0.07379,40.72348,12.473514,0.028,0.0103
2015-01-22,友邦吊顶,sz002718,78.2,76.5,77.2901,77.7,77.2901,48.236,10437,0.0498,40.939518,12.539686,0.0219,0.0053
2015-01-23,友邦吊顶,sz002718,79.8,76.5,78.0,77.4701,77.7,48.0933,12652,0.060363,40.818336,12.502569,0.0424,-0.0067
2015-01-26,友邦吊顶,sz002718,77.4499,76.1,76.5099,77.0499,77.4701,47.8325,7137,0.034054,40.59706,12.434792,0.0174,0.007
2015-01-27,友邦吊顶,sz002718,77.1099,73.8299,77.1,74.7,77.0499,46.3736,11405,0.054413,39.35885,12.055531,0.0425,-0.0311
2015-01-28,友邦吊顶,sz002718,75.38,73.1099,74.6901,74.1901,74.7,46.0571,7912,0.037751,39.090145,11.973228,0.0303,-0.0066
2015-01-29,友邦吊顶,sz002718,74.8299,72.6099,73.14,74.18,74.1901,46.0508,4821,0.023006,39.08487,11.971612,0.0299,0.0142
2015-01-30,友邦吊顶,sz002718,73.0,68.3501,73.0,68.8099,74.18,42.7171,23335,0.111335,36.255478,11.104975,0.0626,-0.0573
2015-02-02,友邦吊顶,sz002718,69.7501,67.2,67.8901,68.9,68.8099,42.773,7090,0.033827,36.3029,11.1195,0.037,0.0148
2015-02-03,友邦吊顶,sz002718,70.58,68.7299,69.1099,70.0299,68.9,43.4745,7611,0.036313,36.898304,11.301871,0.0268,0.0133
2015-02-04,友邦吊顶,sz002718,70.7,68.7501,70.2499,68.8499,70.0299,42.7419,6497,0.030999,36.276566,11.111434,0.0278,-0.0199
2015-02-05,友邦吊顶,sz002718,70.3901,68.5299,69.3901,68.74,68.8499,42.6737,8118,0.038731,36.218597,11.093678,0.027,-0.0093
2015-02-06,友邦吊顶,sz002718,68.9,66.18,68.9,66.7501,68.74,41.4383,8560,0.040843,35.17007,10.772516,0.0395,-0.0312
2015-02-09,友邦吊顶,sz002718,68.34,66.5,66.9501,67.2701,66.7501,41.7612,5500,0.026245,35.444042,10.856434,0.0275,0.0047
2015-02-10,友邦吊顶,sz002718,67.3299,65.7,66.8099,66.7901,67.2701,41.4632,7317,0.034911,35.19115,10.778974,0.0242,-2.0E-4
2015-02-11,友邦吊顶,sz002718,68.3701,66.22,66.8901,68.3501,66.7901,42.4316,7036,0.033569,36.01311,11.030738,0.0321,0.0218
2015-02-12,友邦吊顶,sz002718,69.7701,68.4,68.4,68.9099,68.3501,42.7792,7542,0.035987,36.308167,11.121113,0.02,0.0074
2015-02-13,友邦吊顶,sz002718,70.2901,69.0,69.0,70.14,68.9099,43.5428,8494,0.040526,36.95623,11.319614,0.0187,0.0165
2015-02-16,友邦吊顶,sz002718,70.8499,69.2,70.5099,70.26,70.14,43.6173,7179,0.034253,37.019463,11.338981,0.0235,-0.0035
2015-02-17,友邦吊顶,sz002718,70.58,69.16,70.3501,69.6499,70.26,43.2386,6458,0.030815,36.69806,11.240536,0.0202,-0.0099
2015-02-18,友邦吊顶,sz002718,69.6499,69.6499,69.6499,69.6499,69.6499,43.2386,0,0.0,0.0,0.0,0.0,0.0
2015-02-19,友邦吊顶,sz002718,69.6499,69.6499,69.6499,69.6499,69.6499,43.2386,0,0.0,0.0,0.0,0.0,0.0
2015-02-20,友邦吊顶,sz002718,69.6499,69.6499,69.6499,69.6499,69.6499,43.2386,0,0.0,0.0,0.0,0.0,0.0
2015-02-23,友邦吊顶,sz002718,69.6499,69.6499,69.6499,69.6499,69.6499,43.2386,0,0.0,0.0,0.0,0.0,0.0
2015-02-24,友邦吊顶,sz002718,69.6499,69.6499,69.6499,69.6499,69.6499,43.2386,0,0.0,0.0,0.0,0.0,0.0
2015-02-25,友邦吊顶,sz002718,69.48,67.56,68.9901,67.8901,69.6499,42.146,8070,0.038504,35.770737,10.956499,0.0275,-0.0159
2015-02-26,友邦吊顶,sz002718,69.86,67.38,67.8901,69.54,67.8901,43.1703,8979,0.042841,36.640106,11.222786,0.0365,0.0243
2015-02-27,友邦吊顶,sz002718,70.4,69.2,69.8701,69.9,69.54,43.3938,7491,0.035742,36.829796,11.280886,0.0172,4.0E-4
2015-03-02,友邦吊顶,sz002718,71.96,69.8,70.2,71.88,69.9,44.623,11611,0.055398,37.873035,11.600429,0.0309,0.0239
2015-03-03,友邦吊顶,sz002718,71.88,70.3099,71.88,70.52,71.88,43.7787,9466,0.045165,37.156475,11.380949,0.0218,-0.0189
2015-03-04,友邦吊顶,sz002718,71.2299,70.0099,70.08,71.2299,70.52,44.2194,7621,0.036364,37.530567,11.495532,0.0173,0.0164
2015-03-05,友邦吊顶,sz002718,75.6,70.84,71.2299,72.9901,71.2299,45.3121,15504,0.073969,38.457912,11.779575,0.0668,0.0247
2015-03-06,友邦吊顶,sz002718,74.1299,71.0,73.0,71.8901,72.9901,44.6292,9541,0.045521,37.87831,11.602045,0.0428,-0.0152
2015-03-09,友邦吊顶,sz002718,73.3501,70.74,71.6,72.5,71.8901,45.0079,7598,0.036253,38.19971,11.700489,0.0363,0.0125
2015-03-10,友邦吊顶,sz002718,72.84,71.78,72.5,72.2,72.5,44.8216,6584,0.031416,38.041637,11.652072,0.0146,-0.0041
2015-03-11,友邦吊顶,sz002718,72.2499,70.0499,72.2099,70.5099,72.2,43.7724,9110,0.043464,37.1512,11.379332,0.0304,-0.0235
2015-03-12,友邦吊顶,sz002718,70.9701,68.88,70.5,69.6,70.5099,43.2076,9596,0.045783,36.671726,11.23247,0.0296,-0.0127
2015-03-13,友邦吊顶,sz002718,72.0,69.6499,70.0901,72.0,69.6,44.6975,9746,0.046502,37.936275,11.6198,0.0337,0.0272
2015-03-16,友邦吊顶,sz002718,75.0901,72.2,72.2,73.3501,72.0,45.5356,11485,0.054796,38.64758,11.837671,0.0401,0.0159
2015-03-17,友邦吊顶,sz002718,74.96,72.7099,73.5,74.8901,73.3501,46.4916,14402,0.068715,39.45899,12.086203,0.0306,0.0189
2015-03-18,友邦吊顶,sz002718,80.98,74.4,74.8499,79.2299,74.8901,49.1858,22611,0.107877,41.745712,12.786622,0.0878,0.0585
2015-03-19,友邦吊顶,sz002718,78.6099,76.58,78.0,77.46,79.2299,48.087,13007,0.062059,40.813114,12.500969,0.0256,-0.0069
2015-03-20,友邦吊顶,sz002718,80.0,77.52,77.88,78.4,77.46,48.6706,12233,0.058367,41.30838,12.652668,0.032,0.0066
2015-03-23,友邦吊顶,sz002718,80.48,78.0299,78.0299,80.0499,78.4,49.6949,20273,0.096725,42.177757,12.918956,0.0312,0.0258
2015-03-24,友邦吊顶,sz002718,80.6499,76.08,80.3,79.2701,80.0499,49.2107,20499,0.097803,41.766777,12.793074,0.057,-0.0128
2015-03-25,友邦吊顶,sz002718,83.16,77.64,78.8,82.0099,79.2701,50.9116,23909,0.11407,43.210445,13.235267,0.0696,0.0407
2015-03-26,友邦吊顶,sz002718,82.86,80.02,81.48,80.7,82.0099,50.0984,15899,0.075855,42.520203,13.023847,0.0346,-0.0095
2015-03-27,友邦吊顶,sz002718,82.78,81.0,81.06,81.72,80.7,50.7316,11516,0.054945,43.057617,13.188455,0.022,0.0081
2015-03-30,友邦吊顶,sz002718,82.3,78.28,81.72,78.82,81.72,48.9313,17090,0.081539,41.52963,12.720436,0.0491,-0.0354
2015-03-31,友邦吊顶,sz002718,81.1901,79.56,80.3501,80.16,78.82,49.7632,16711,0.079732,42.235676,12.936696,0.0206,-0.0023
2015-04-01,友邦吊顶,sz002718,84.5,79.8499,79.9,84.06,80.16,52.1843,18824,0.08981,44.29057,13.566106,0.058,0.052
2015-04-02,友邦吊顶,sz002718,88.0,84.4901,84.4901,87.1701,84.06,54.115,17733,0.084609,45.929188,14.068011,0.0417,0.0317
2015-04-03,友邦吊顶,sz002718,94.2499,85.8099,86.0,92.6499,87.1701,57.5169,23464,0.111951,48.81657,14.95241,0.0968,0.0773
2015-04-06,友邦吊顶,sz002718,92.6499,92.6499,92.6499,92.6499,92.6499,57.5169,0,0.0,0.0,0.0,0.0,0.0
2015-04-07,友邦吊顶,sz002718,96.72,92.7099,93.3,94.8,92.6499,58.8517,19356,0.092349,49.949406,15.299396,0.0432,0.016
2015-04-08,友邦吊顶,sz002718,94.9901,90.3901,94.78,93.24,94.8,57.8832,16724,0.07979,49.12744,15.047629,0.0485,-0.0162
2015-04-09,友邦吊顶,sz002718,93.6,88.5,92.78,93.5,93.24,58.0446,15281,0.07291,49.264458,15.089597,0.0546,0.0077
2015-04-10,友邦吊顶,sz002718,99.84,91.5,93.0,97.7701,93.5,60.6955,15079,0.071946,51.514267,15.778709,0.0891,0.0512
2015-04-13,友邦吊顶,sz002718,102.88,97.0,98.8299,101.1901,97.7701,62.8186,15084,0.071968,53.316235,16.330648,0.0601,0.0238
2015-04-14,友邦吊顶,sz002718,103.1099,98.0,100.6,99.8,101.1901,61.9557,11642,0.055547,52.58383,16.106314,0.0504,-0.0079
2015-04-15,友邦吊顶,sz002718,99.0,91.0299,98.3299,91.5701,99.8,56.8466,18715,0.089291,48.247505,14.778107,0.0798,-0.0687
2015-04-16,友邦吊顶,sz002718,93.2901,88.0099,89.9,90.5501,91.5701,56.2133,13329,0.063597,47.710075,14.613493,0.0576,0.0072
2015-04-17,友邦吊顶,sz002718,93.4,88.88,91.0,90.0,90.5501,55.8718,11611,0.055397,47.420284,14.524731,0.0499,-0.0109
2015-04-20,友邦吊顶,sz002718,93.4901,88.9501,90.3,90.9,90.0,56.4306,12258,0.058486,47.894485,14.669978,0.0504,0.0066
2015-04-21,友邦吊顶,sz002718,95.0,90.0,90.3901,94.9,90.9,58.9138,12881,0.061459,50.002037,15.315516,0.055,0.0498
2015-04-22,友邦吊顶,sz002718,98.7901,95.5,96.9701,98.1099,94.9,60.9065,11764,0.05613,51.693356,15.833563,0.0346,0.0117
2015-04-23,友邦吊顶,sz002718,107.92,97.8901,99.0,107.92,98.1099,66.9966,23566,0.112436,56.86217,17.416761,0.1022,0.0901
2015-04-24,友邦吊顶,sz002718,112.6901,103.7699,107.0,109.7699,107.92,68.145,24627,0.117499,57.836906,17.715319,0.0826,0.0258
2015-04-27,友邦吊顶,sz002718,114.8499,104.5,111.9,106.82,109.7699,66.3137,22707,0.108338,56.282597,17.239239,0.0942,-0.0453
2015-04-28,友邦吊顶,sz002718,99.96,96.14,97.0,96.14,106.82,59.6836,48432,0.23107,45.792313,9.265941,0.0357,-0.0088
2015-04-29,友邦吊顶,sz002718,94.9,91.8,93.5,93.3501,96.14,57.9516,26842,0.128066,44.46342,8.997043,0.0322,-0.0016
2015-04-30,友邦吊顶,sz002718,95.2099,92.8099,93.98,92.8701,93.3501,57.6536,18003,0.085896,44.23479,8.95078,0.0257,-0.0118
2015-05-01,友邦吊顶,sz002718,92.8701,92.8701,92.8701,92.8701,92.8701,57.6536,0,0.0,0.0,0.0,0.0,0.0
2015-05-04,友邦吊顶,sz002718,93.5,89.7,92.98,90.7501,92.8701,56.3375,15191,0.072479,43.225,8.746452,0.0409,-0.0239
2015-05-05,友邦吊顶,sz002718,91.8,88.5299,91.2299,88.9,90.7501,55.189,15913,0.075921,42.343815,8.568147,0.036,-0.0255
2015-05-06,友邦吊顶,sz002718,90.9,87.04,89.7901,87.92,88.9,54.5806,13276,0.063341,41.877014,8.473691,0.0434,-0.0208
2015-05-07,友邦吊顶,sz002718,88.9901,87.0,88.2901,87.76,87.92,54.4813,10321,0.049246,41.800797,8.458269,0.0226,-0.006
2015-05-08,友邦吊顶,sz002718,90.9,88.44,88.44,90.52,87.76,56.1947,15722,0.075013,43.11539,8.724273,0.028,0.0235
2015-05-11,友邦吊顶,sz002718,96.7901,89.8,91.0,95.64,90.52,59.3732,22728,0.108435,45.554085,9.217736,0.0772,0.0509
2015-05-12,友邦吊顶,sz002718,95.4901,91.8901,95.4901,93.5701,95.64,58.0881,22425,0.10699,44.56811,9.018227,0.0376,-0.0201
2015-05-13,友邦吊顶,sz002718,94.88,91.2,92.58,93.0,93.5701,57.7342,24921,0.1189,44.296604,8.963288,0.0393,0.0045
2015-05-14,友邦吊顶,sz002718,96.3,92.0,93.0099,96.3,93.0,59.7829,25537,0.121838,45.868423,9.281341,0.0462,0.0353
2015-05-15,友邦吊顶,sz002718,98.9901,94.8701,96.3,95.7901,96.3,59.4663,22744,0.108513,45.625504,9.232187,0.0427,-0.0052
2015-05-18,友邦吊顶,sz002718,104.9699,97.16,97.16,104.46,95.7901,64.8486,33801,0.161267,49.75507,10.067793,0.0815,0.0751
2015-05-19,友邦吊顶,sz002718,105.5099,101.0099,105.5,103.14,104.46,64.0291,21812,0.104067,49.126366,9.940576,0.043,-0.0223
2015-05-20,友邦吊顶,sz002718,106.66,100.4,101.5,102.3501,103.14,63.5388,26467,0.126277,48.750107,9.864441,0.0606,0.0083
2015-05-21,友邦吊顶,sz002718,105.0699,101.9,101.9099,103.7,102.3501,64.3768,19802,0.094506,49.39312,9.994554,0.0309,0.0175
2015-05-22,友邦吊顶,sz002718,113.86,105.02,108.6,112.0,103.7,69.5294,33917,0.161839,53.346474,10.794503,0.0852,0.0313
2015-05-25,友邦吊顶,sz002718,123.1501,100.8099,111.7699,119.0,112.0,73.875,29697,0.141678,56.68063,11.46916,0.1994,0.0646
2015-05-26,友邦吊顶,sz002718,74.375,74.375,74.375,74.375,119.0,46.1719,0,0.0,0.0,0.0,0.0,0.0
2015-05-27,友邦吊顶,sz002718,74.375,74.375,74.375,74.375,74.375,46.1719,0,0.0,0.0,0.0,0.0,0.0
2015-05-28,友邦吊顶,sz002718,74.375,74.375,74.375,74.375,74.375,46.1719,0,0.0,0.0,0.0,0.0,0.0
2015-05-29,友邦吊顶,sz002718,74.375,74.375,74.375,74.375,74.375,74.375,0,0.0,0.0,0.0,0.0,0.0
2015-06-01,友邦吊顶,sz002718,74.375,74.375,74.375,74.375,74.375,74.375,0,0.0,0.0,0.0,0.0,0.0
2015-06-02,友邦吊顶,sz002718,74.375,74.375,74.375,74.375,74.375,74.375,0,0.0,0.0,0.0,0.0,0.0
2015-06-03,友邦吊顶,sz002718,74.375,74.375,74.375,74.375,74.375,74.375,0,0.0,0.0,0.0,0.0,0.0
2015-06-04,友邦吊顶,sz002718,74.375,74.375,74.375,74.375,74.375,74.375,0,0.0,0.0,0.0,0.0,0.0
2015-06-05,友邦吊顶,sz002718,74.375,74.375,74.375,74.375,74.375,74.375,0,0.0,0.0,0.0,0.0,0.0
2015-06-08,友邦吊顶,sz002718,74.375,74.375,74.375,74.375,74.375,74.375,0,0.0,0.0,0.0,0.0,0.0
2015-06-09,友邦吊顶,sz002718,74.375,74.375,74.375,74.375,74.375,74.375,0,0.0,0.0,0.0,0.0,0.0
2015-06-10,友邦吊顶,sz002718,74.375,74.375,74.375,74.375,74.375,74.375,0,0.0,0.0,0.0,0.0,0.0
2015-06-11,友邦吊顶,sz002718,74.375,74.375,74.375,74.375,74.375,74.375,0,0.0,0.0,0.0,0.0,0.0
2015-06-12,友邦吊顶,sz002718,74.375,74.375,74.375,74.375,74.375,74.375,0,0.0,0.0,0.0,0.0,0.0
2015-06-15,友邦吊顶,sz002718,74.375,74.375,74.375,74.375,74.375,74.375,0,0.0,0.0,0.0,0.0,0.0
2015-06-16,友邦吊顶,sz002718,74.375,74.375,74.375,74.375,74.375,74.375,0,0.0,0.0,0.0,0.0,0.0
2015-06-17,友邦吊顶,sz002718,74.375,74.375,74.375,74.375,74.375,74.375,0,0.0,0.0,0.0,0.0,0.0
2015-06-18,友邦吊顶,sz002718,74.375,74.375,74.375,74.375,74.375,74.375,0,0.0,0.0,0.0,0.0,0.0
2015-06-19,友邦吊顶,sz002718,74.375,74.375,74.375,74.375,74.375,74.375,0,0.0,0.0,0.0,0.0,0.0
2015-06-22,友邦吊顶,sz002718,74.375,74.375,74.375,74.375,74.375,74.375,0,0.0,0.0,0.0,0.0,0.0
2015-06-23,友邦吊顶,sz002718,74.375,74.375,74.375,74.375,74.375,74.375,0,0.0,0.0,0.0,0.0,0.0
2015-06-24,友邦吊顶,sz002718,73.96,66.65,66.65,69.0,74.375,69.0,36696,0.175105,52.80804,10.685553,0.0982,0.0352
2015-06-25,友邦吊顶,sz002718,67.5,62.1,67.03,62.1,69.0,62.1,28041,0.133744,47.527237,9.616997,0.0782,-0.0735
2015-06-26,友邦吊顶,sz002718,58.15,55.89,57.58,55.89,62.1,55.89,17165,0.081926,42.774513,8.655298,0.0363,-0.0293
2015-06-29,友邦吊顶,sz002718,56.8,50.3,56.8,50.3,55.89,50.3,21216,0.101249,38.496296,7.789613,0.1162,-0.1144
2015-06-30,友邦吊顶,sz002718,53.33,45.51,50.3,52.3,50.3,52.3,26640,0.127123,40.026962,8.099339,0.1554,0.0397
2015-07-01,友邦吊顶,sz002718,53.84,47.7,50.99,48.29,52.3,48.29,17922,0.085519,36.957973,7.478338,0.1173,-0.0529
2015-07-02,友邦吊顶,sz002718,49.37,44.0,48.46,44.01,48.29,44.01,16031,0.076521,33.682346,6.815524,0.1112,-0.0918
2015-07-03,友邦吊顶,sz002718,45.21,40.3,42.01,40.4,44.01,40.4,15006,0.071575,30.91949,6.256468,0.1115,-0.0383
2015-07-06,友邦吊顶,sz002718,44.44,37.0,44.44,40.2,40.4,40.2,24899,0.118735,30.766424,6.225496,0.1841,-0.0954
2015-07-07,友邦吊顶,sz002718,39.5,36.18,39.0,36.18,40.2,36.18,15617,0.074541,27.689781,5.602946,0.0825,-0.0723
2015-07-08,友邦吊顶,sz002718,36.18,36.18,36.18,36.18,36.18,36.18,0,0.0,0.0,0.0,0.0,0.0
2015-07-09,友邦吊顶,sz002718,36.18,36.18,36.18,36.18,36.18,36.18,0,0.0,0.0,0.0,0.0,0.0
2015-07-10,友邦吊顶,sz002718,36.18,36.18,36.18,36.18,36.18,36.18,0,0.0,0.0,0.0,0.0,0.0
2015-07-13,友邦吊顶,sz002718,36.18,36.18,36.18,36.18,36.18,36.18,0,0.0,0.0,0.0,0.0,0.0
2015-07-14,友邦吊顶,sz002718,36.18,36.18,36.18,36.18,36.18,36.18,0,0.0,0.0,0.0,0.0,0.0
2015-07-15,友邦吊顶,sz002718,39.8,39.8,39.8,39.8,36.18,39.8,716,0.003417,30.46029,6.163551,0.0,0.0
2015-07-16,友邦吊顶,sz002718,43.75,37.0,39.0,42.22,39.8,42.22,29192,0.139264,32.312397,6.538319,0.1695,0.0825
2015-07-17,友邦吊顶,sz002718,46.44,41.63,42.26,46.44,42.22,46.44,21441,0.102335,35.542107,7.191841,0.1139,0.0989
2015-07-20,友邦吊顶,sz002718,49.68,46.0,47.1,47.78,46.44,47.78,23314,0.111283,36.567654,7.399358,0.0792,0.0144
2015-07-21,友邦吊顶,sz002718,50.5,46.0,46.01,49.37,47.78,49.37,15126,0.072152,37.784534,7.64559,0.0941,0.073
2015-07-22,友邦吊顶,sz002718,49.68,47.2,48.99,48.5,49.37,48.5,14230,0.067862,37.118694,7.510859,0.0502,-0.01
2015-07-23,友邦吊顶,sz002718,51.66,48.66,49.01,51.6,48.5,51.6,15424,0.073556,39.49123,7.990935,0.0618,0.0528
2015-07-24,友邦吊顶,sz002718,52.79,50.01,51.6,50.22,51.6,50.22,16769,0.079975,38.43507,7.777224,0.0538,-0.0267
2015-07-27,友邦吊顶,sz002718,52.85,45.2,48.41,45.2,50.22,45.2,19510,0.093121,34.593094,6.999811,0.1523,-0.0663
2015-07-28,友邦吊顶,sz002718,48.6,40.68,42.11,46.6,45.2,46.6,25709,0.122624,35.664562,7.21662,0.1752,0.1066
2015-07-29,友邦吊顶,sz002718,48.99,45.0,47.29,48.9,46.6,48.9,14757,0.070402,37.424828,7.572805,0.0856,0.034
2015-07-30,友邦吊顶,sz002718,51.34,47.61,48.7,47.85,48.9,47.85,15489,0.073893,36.621227,7.410198,0.0762,-0.0174
2015-07-31,友邦吊顶,sz002718,48.65,46.2,46.8,46.75,47.85,46.75,8630,0.041169,35.77936,7.239849,0.0512,-0.001
2015-08-03,友邦吊顶,sz002718,46.9,43.0,46.11,43.76,46.75,43.76,11103,0.052984,33.491013,6.776808,0.0834,-0.0509
2015-08-04,友邦吊顶,sz002718,47.8,43.86,43.86,47.57,43.76,47.57,10715,0.051125,36.406937,7.366837,0.09,0.0845
2015-08-05,友邦吊顶,sz002718,49.79,46.52,47.8,46.69,47.57,46.69,11621,0.055422,35.73344,7.230557,0.0687,-0.0232
2015-08-06,友邦吊顶,sz002718,47.59,45.14,45.55,46.74,46.69,46.74,5328,0.025411,35.771706,7.2383,0.0524,0.0261
2015-08-07,友邦吊顶,sz002718,48.77,47.0,47.3,48.33,46.74,48.33,10403,0.049632,36.988586,7.484533,0.0378,0.0217
2015-08-10,友邦吊顶,sz002718,50.48,48.34,48.34,50.27,48.33,50.27,13370,0.063768,38.473335,7.784967,0.0442,0.0399
2015-08-11,友邦吊顶,sz002718,50.65,48.81,50.0,50.18,50.27,50.18,15178,0.072398,38.404457,7.771029,0.0366,0.0035
2015-08-12,友邦吊顶,sz002718,51.0,49.05,49.05,49.31,50.18,49.31,10965,0.052291,37.738617,7.636299,0.0388,0.0053
2015-08-13,友邦吊顶,sz002718,50.2,48.7,49.31,50.2,49.31,50.2,10410,0.049675,38.41976,7.774127,0.0304,0.018
2015-08-14,友邦吊顶,sz002718,51.58,50.28,50.31,50.79,50.2,50.79,14293,0.068164,38.87131,7.865496,0.0258,0.0095
2015-08-17,友邦吊顶,sz002718,50.6,49.41,50.6,49.99,50.79,49.99,10161,0.048468,38.259045,7.741605,0.0234,-0.012
2015-08-18,友邦吊顶,sz002718,50.3,44.99,50.0,44.99,49.99,44.99,15345,0.07321,34.432373,6.96729,0.1062,-0.1001
2015-08-19,友邦吊顶,sz002718,48.01,42.88,44.0,47.9,44.99,47.9,14903,0.071101,36.659496,7.417942,0.114,0.0886
2015-08-20,友邦吊顶,sz002718,47.77,45.06,47.67,45.6,47.9,45.6,7541,0.03597,34.899227,7.061757,0.0565,-0.0434
2015-08-21,友邦吊顶,sz002718,45.89,43.25,44.26,43.5,45.6,43.5,8985,0.042856,33.292027,6.736544,0.0578,-0.0171
2015-08-24,友邦吊顶,sz002718,41.0,39.15,39.5,39.15,43.5,39.15,7130,0.034,32.704872,6.529743,0.0425,-0.0088
2015-08-25,友邦吊顶,sz002718,40.75,35.24,35.24,35.24,39.15,35.24,17492,0.083412,29.438562,5.877603,0.1407,0.0
2015-08-26,友邦吊顶,sz002718,37.33,34.01,35.4,34.66,35.24,34.66,17013,0.081222,28.954046,5.780866,0.0942,-0.0209
2015-08-27,友邦吊顶,sz002718,36.0,34.3,35.0,35.84,34.66,35.84,12154,0.058003,29.939787,5.977676,0.049,0.024
2015-08-28,友邦吊顶,sz002718,38.25,35.59,36.35,38.17,35.84,38.17,15222,0.072628,31.886208,6.366291,0.0742,0.05
2015-08-31,友邦吊顶,sz002718,37.6,35.07,37.52,35.51,38.17,35.51,10021,0.047829,29.664114,5.922636,0.0662,-0.0535
2015-09-01,友邦吊顶,sz002718,36.68,32.85,35.5,33.45,35.51,33.45,11169,0.053296,27.943245,5.579053,0.1078,-0.0577
2015-09-02,友邦吊顶,sz002718,34.5,32.0,32.99,32.22,33.45,32.22,12394,0.059161,26.915735,5.373904,0.0747,-0.0233
2015-09-03,友邦吊顶,sz002718,32.22,32.22,32.22,32.22,32.22,32.22,0,0.0,0.0,0.0,0.0,0.0
2015-09-04,友邦吊顶,sz002718,32.22,32.22,32.22,32.22,32.22,32.22,0,0.0,0.0,0.0,0.0,0.0
2015-09-07,友邦吊顶,sz002718,34.18,32.66,32.66,33.0,32.22,33.0,7416,0.035365,27.567326,5.503998,0.0471,0.0104
2015-09-08,友邦吊顶,sz002718,35.0,32.52,33.03,34.8,33.0,34.8,8873,0.042357,29.071,5.804216,0.0751,0.0535
2015-09-09,友邦吊顶,sz002718,37.18,34.61,34.79,37.05,34.8,37.05,16006,0.076322,30.950588,6.179489,0.0738,0.0649
2015-09-10,友邦吊顶,sz002718,36.86,35.8,36.18,36.2,37.05,36.2,8803,0.041985,30.240522,6.037719,0.0286,5.0E-4
2015-09-11,友邦吊顶,sz002718,37.8,36.0,36.0,37.31,36.2,37.31,11390,0.054343,31.167786,6.222854,0.0497,0.0363
2015-09-14,友邦吊顶,sz002718,38.88,34.0,37.23,34.11,37.31,34.11,17846,0.085137,28.49459,5.689133,0.1307,-0.0838
2015-09-15,友邦吊顶,sz002718,34.73,31.88,33.18,32.14,34.11,32.14,9229,0.044009,26.848906,5.360561,0.0835,-0.0313
2015-09-16,友邦吊顶,sz002718,35.35,32.11,32.11,35.35,32.14,35.35,13129,0.062633,29.530455,5.895949,0.1008,0.1009
2015-09-17,友邦吊顶,sz002718,35.98,33.81,35.0,33.89,35.35,33.89,14630,0.069832,28.310808,5.652439,0.0613,-0.0317
2015-09-18,友邦吊顶,sz002718,34.7,33.69,34.2,34.28,33.89,34.28,7342,0.035005,28.636604,5.717487,0.0298,0.0023
2015-09-21,友邦吊顶,sz002718,36.34,33.63,33.88,36.0,34.28,36.0,10559,0.050348,30.073446,6.004362,0.079,0.0625
2015-09-22,友邦吊顶,sz002718,36.61,35.52,36.15,36.28,36.0,36.28,10771,0.051417,30.30735,6.051062,0.0302,0.0035
2015-09-23,友邦吊顶,sz002718,36.59,35.51,36.11,36.3,36.28,36.3,7857,0.037478,30.324059,6.054398,0.0297,0.0052
2015-09-24,友邦吊顶,sz002718,37.6,36.22,36.31,37.1,36.3,37.1,9443,0.04503,30.992357,6.187828,0.038,0.0217
2015-09-25,友邦吊顶,sz002718,37.38,35.31,37.0,36.9,37.1,36.9,9373,0.044743,30.825283,6.154471,0.0557,-0.0027
2015-09-28,友邦吊顶,sz002718,36.9,36.9,36.9,36.9,36.9,36.9,0,0.029951,31.100956,6.209511,0.0,0.0
2015-09-29,友邦吊顶,sz002718,40.95,36.3,36.9,40.95,36.9,40.95,27620,0.131823,34.208546,6.829961,0.126,0.1097
2015-09-30,友邦吊顶,sz002718,41.7,40.13,41.48,41.0,40.95,41.0,21038,0.100414,34.250313,6.838301,0.0383,-0.0115
2015-10-01,友邦吊顶,sz002718,41.0,41.0,41.0,41.0,41.0,41.0,0,0.0,0.0,0.0,0.0,0.0
2015-10-02,友邦吊顶,sz002718,41.0,41.0,41.0,41.0,41.0,41.0,0,0.0,0.0,0.0,0.0,0.0
2015-10-05,友邦吊顶,sz002718,41.0,41.0,41.0,41.0,41.0,41.0,0,0.0,0.0,0.0,0.0,0.0
2015-10-06,友邦吊顶,sz002718,41.0,41.0,41.0,41.0,41.0,41.0,0,0.0,0.0,0.0,0.0,0.0
2015-10-07,友邦吊顶,sz002718,41.0,41.0,41.0,41.0,41.0,41.0,0,0.0,0.0,0.0,0.0,0.0
2015-10-08,友邦吊顶,sz002718,42.8,41.29,42.33,42.07,41.0,42.07,11521,0.054953,35.144165,7.016764,0.0368,-0.0061
2015-10-09,友邦吊顶,sz002718,45.0,42.09,42.28,43.66,42.07,43.66,11647,0.055575,36.47241,7.281956,0.0691,0.0326
2015-10-12,友邦吊顶,sz002718,47.95,43.0,43.0,47.79,43.66,47.79,15925,0.075954,39.9225,7.97079,0.1133,0.1113
2015-10-13,友邦吊顶,sz002718,47.69,46.5,47.69,46.88,47.79,46.88,9829,0.046875,39.16231,7.819013,0.0249,-0.0169
2015-10-14,友邦吊顶,sz002718,47.88,45.45,46.48,46.65,46.88,46.65,7946,0.037902,38.970177,7.780652,0.0518,0.0036
2015-10-15,友邦吊顶,sz002718,49.48,46.5,46.5,49.0,46.65,49.0,12811,0.061124,40.933304,8.172603,0.0638,0.0537
2015-10-16,友邦吊顶,sz002718,50.15,47.91,49.39,49.99,49.0,49.99,11036,0.052642,41.760323,8.337723,0.0457,0.0121
2015-10-19,友邦吊顶,sz002718,49.7,47.91,49.7,48.13,49.99,48.13,6464,0.030834,40.206528,8.027498,0.0358,-0.0315
2015-10-20,友邦吊顶,sz002718,48.7,47.03,47.72,48.42,48.13,48.42,10709,0.051087,40.448788,8.075866,0.0346,0.0146
2015-10-21,友邦吊顶,sz002718,48.97,43.59,48.41,43.62,48.42,43.62,15683,0.074846,36.43899,7.275285,0.1111,-0.0989
2015-10-22,友邦吊顶,sz002718,45.85,43.61,43.9,45.58,43.62,45.58,9784,0.046697,38.076324,7.602189,0.0513,0.0382
2015-10-23,友邦吊顶,sz002718,49.98,45.28,45.56,49.58,45.58,49.58,16263,0.077605,41.41782,8.26934,0.1031,0.0882
2015-10-26,友邦吊顶,sz002718,51.59,47.8,51.0,50.97,49.58,50.97,14109,0.067335,42.578987,8.501175,0.0764,-5.0E-4
2015-10-27,友邦吊顶,sz002718,53.0,48.5,50.1,52.67,50.97,52.67,18071,0.086214,43.999123,8.784715,0.0882,0.0512
2015-10-28,友邦吊顶,sz002718,54.5,49.6,52.0,49.72,52.67,49.72,14170,0.067613,41.53477,8.29269,0.093,-0.0438
2015-10-29,友邦吊顶,sz002718,50.49,49.0,49.15,49.35,49.72,49.35,11130,0.05312,41.22568,8.230979,0.0299,0.004
2015-10-30,友邦吊顶,sz002718,49.6,48.0,49.4,48.99,49.35,48.99,7949,0.037918,40.92495,8.170935,0.0324,-0.0082
2015-11-02,友邦吊顶,sz002718,51.7,47.07,47.44,49.8,48.99,49.8,16119,0.076889,41.6016,8.306034,0.0945,0.0497
2015-11-03,友邦吊顶,sz002718,51.22,49.6,49.8,49.75,49.8,49.75,9676,0.0,0.0,0.0,0.0325,-0.001
2015-11-04,友邦吊顶,sz002718,51.6,49.78,49.78,51.39,49.75,51.39,19472,0.0,0.0,0.0,0.0365,0.0323
2015-11-05,友邦吊顶,sz002718,52.34,49.52,51.6,50.3,51.39,50.3,18054,0.0,0.0,0.0,0.0548,-0.0251
2015-11-06,友邦吊顶,sz002718,55.33,50.05,50.05,55.33,50.3,55.33,32742,0.0,0.0,0.0,0.1049,0.1054
2015-11-09,友邦吊顶,sz002718,59.98,54.52,54.65,59.03,55.33,59.03,23742,0.0,0.0,0.0,0.0986,0.0801
2015-11-10,友邦吊顶,sz002718,61.57,56.25,58.64,57.3,59.03,57.3,21573,0.0,0.0,0.0,0.0901,-0.0228
2015-11-11,友邦吊顶,sz002718,59.95,56.31,57.0,58.76,57.3,58.76,18361,0.0,0.0,0.0,0.0635,0.0308
2015-11-12,友邦吊顶,sz002718,63.58,58.5,58.5,61.9,58.76,61.9,19340,0.0,0.0,0.0,0.0864,0.0581
2015-11-13,友邦吊顶,sz002718,63.2,57.83,61.38,58.16,61.9,58.16,23746,0.0,0.0,0.0,0.0867,-0.0524
2015-11-16,友邦吊顶,sz002718,59.16,56.5,57.01,58.48,58.16,58.48,14962,0.0,0.0,0.0,0.0457,0.0257
2015-11-17,友邦吊顶,sz002718,59.86,56.72,58.88,57.0,58.48,57.0,15138,0.0,0.0,0.0,0.0536,-0.0319
2015-11-18,友邦吊顶,sz002718,57.27,53.0,56.54,53.04,57.0,53.04,19268,0.0,0.0,0.0,0.0749,-0.0619
2015-11-19,友邦吊顶,sz002718,55.47,53.05,53.45,54.85,53.04,54.85,12770,0.0,0.0,0.0,0.0456,0.0261
2015-11-20,友邦吊顶,sz002718,55.77,54.34,54.89,55.66,54.85,55.66,14403,0.0,0.0,0.0,0.026,0.014
2015-11-23,友邦吊顶,sz002718,57.99,55.2,55.69,57.31,55.66,57.31,20091,0.0,0.0,0.0,0.0501,0.029
2015-11-24,友邦吊顶,sz002718,60.19,56.68,56.68,60.19,57.31,60.19,16951,0.0,0.0,0.0,0.0612,0.0619
2015-11-25,友邦吊顶,sz002718,60.5,58.91,60.18,60.08,60.19,60.08,11940,0.0,0.0,0.0,0.0264,-0.0016
2015-11-26,友邦吊顶,sz002718,61.72,58.7,60.15,58.7,60.08,58.7,14896,0.0,0.0,0.0,0.0502,-0.0241
2015-11-27,友邦吊顶,sz002718,58.98,53.0,58.98,53.51,58.7,53.51,18398,0.0,0.0,0.0,0.1018,-0.0927
2015-11-30,友邦吊顶,sz002718,54.48,51.2,53.99,54.02,53.51,54.02,19184,0.0,0.0,0.0,0.0612,5.0E-4
2015-12-01,友邦吊顶,sz002718,55.47,53.33,53.6,54.51,54.02,54.51,12771,0.0,0.0,0.0,0.0396,0.0169
2015-12-02,友邦吊顶,sz002718,54.88,51.52,54.52,53.3,54.51,53.3,10510,0.0,0.0,0.0,0.0616,-0.0223
2015-12-03,友邦吊顶,sz002718,55.25,53.6,53.6,55.0,53.3,55.0,7421,0.0,0.0,0.0,0.0309,0.0261
2015-12-04,友邦吊顶,sz002718,56.64,54.4,54.81,55.91,55.0,55.91,12568,0.0,0.0,0.0,0.0407,0.02
2015-12-07,友邦吊顶,sz002718,56.5,55.13,56.16,56.05,55.91,56.05,10772,0.0,0.0,0.0,0.0245,-0.0019
2015-12-08,友邦吊顶,sz002718,56.47,55.3,56.2,55.41,56.05,55.41,10306,0.0,0.0,0.0,0.0208,-0.014
2015-12-09,友邦吊顶,sz002718,55.99,53.0,55.99,54.2,55.41,54.2,7614,0.0,0.0,0.0,0.0539,-0.0319
2015-12-10,友邦吊顶,sz002718,54.5,53.6,54.05,53.61,54.2,53.61,5536,0.0,0.0,0.0,0.0166,-0.0081
2015-12-11,友邦吊顶,sz002718,53.5,52.5,53.5,53.1,53.61,53.1,5372,0.0,0.0,0.0,0.0186,-0.0074
2015-12-14,友邦吊顶,sz002718,55.76,52.5,52.53,55.56,53.1,55.56,8057,0.0,0.0,0.0,0.0613,0.0576
2015-12-15,友邦吊顶,sz002718,55.98,55.18,55.97,55.61,55.56,55.61,5785,0.0,0.0,0.0,0.0143,-0.0064
2015-12-16,友邦吊顶,sz002718,57.77,55.62,55.69,56.9,55.61,56.9,12673,0.0,0.0,0.0,0.0386,0.0217
2015-12-17,友邦吊顶,sz002718,62.59,54.0,54.0,62.59,56.9,62.59,35533,0.0,0.0,0.0,0.1509,0.159
2015-12-18,友邦吊顶,sz002718,62.08,59.61,61.34,59.91,62.59,59.91,23008,0.0,0.0,0.0,0.0394,-0.0233
2015-12-21,友邦吊顶,sz002718,61.2,59.12,59.6,59.91,59.91,59.91,15643,0.0,0.0,0.0,0.0347,0.0052
2015-12-22,友邦吊顶,sz002718,60.97,59.53,60.18,60.15,59.91,60.15,10506,0.0,0.0,0.0,0.024,-4.0E-4
2015-12-23,友邦吊顶,sz002718,62.99,59.71,60.11,60.5,60.15,60.5,16450,0.0,0.0,0.0,0.0545,0.0064
2015-12-24,友邦吊顶,sz002718,61.97,59.98,59.98,61.8,60.5,61.8,11608,0.0,0.0,0.0,0.0328,0.0303
2015-12-25,友邦吊顶,sz002718,62.8,61.33,61.8,61.7,61.8,61.7,10101,0.0,0.0,0.0,0.0237,-0.0016
2015-12-28,友邦吊顶,sz002718,63.5,61.0,61.2,61.71,61.7,61.71,18516,0.0,0.0,0.0,0.0405,0.0083
2015-12-29,友邦吊顶,sz002718,65.2,61.51,61.79,65.2,61.71,65.2,20970,0.0,0.0,0.0,0.0597,0.0551
2015-12-30,友邦吊顶,sz002718,65.65,63.68,65.6,64.25,65.2,64.25,14009,0.0,0.0,0.0,0.0302,-0.0205
2015-12-31,友邦吊顶,sz002718,65.0,60.5,64.06,60.5,64.25,60.5,14642,0.0,0.0,0.0,0.07,-0.0555
2016-01-01,友邦吊顶,sz002718,65.0,60.5,64.06,60.5,60.5,60.5,14642,0.0,0.0,0.0,0.0743,-0.0555
2016-01-04,友邦吊顶,sz002718,60.94,54.45,60.5,54.45,60.5,54.45,12307,0.0,0.0,0.0,0.1072,-0.0999
2016-01-05,友邦吊顶,sz002718,55.4,49.45,52.05,52.46,54.45,52.46,16174,0.0,0.0,0.0,0.1092,0.0078
2016-01-06,友邦吊顶,sz002718,54.66,51.55,52.45,54.5,52.46,54.5,14307,0.0,0.0,0.0,0.0592,0.039
2016-01-07,友邦吊顶,sz002718,53.5,49.05,53.5,49.06,54.5,49.06,3532,0.0,0.0,0.0,0.0816,-0.0829
2016-01-08,友邦吊顶,sz002718,51.35,47.18,50.5,50.3,49.06,50.3,13126,0.0,0.0,0.0,0.0849,-0.0039
2016-01-11,友邦吊顶,sz002718,51.25,45.29,49.09,45.29,50.3,45.29,12250,0.0,0.0,0.0,0.1184,-0.0774
2016-01-12,友邦吊顶,sz002718,47.46,43.91,46.15,46.03,45.29,46.03,9203,0.0,0.0,0.0,0.0783,-0.0026
2016-01-13,友邦吊顶,sz002718,46.98,43.25,46.1,43.25,46.03,43.25,10450,0.0,0.0,0.0,0.081,-0.0618
2016-01-14,友邦吊顶,sz002718,45.84,41.7,42.63,45.14,43.25,45.14,11465,0.0,0.0,0.0,0.0957,0.0588
2016-01-15,友邦吊顶,sz002718,46.8,43.81,44.9,44.0,45.14,44.0,11463,0.0,0.0,0.0,0.0662,-0.02
2016-01-18,友邦吊顶,sz002718,48.1,42.8,42.8,46.24,44.0,46.24,16531,0.0,0.0,0.0,0.1204,0.0803
2016-01-19,友邦吊顶,sz002718,48.1,45.83,45.97,47.75,46.24,47.75,9884,0.0,0.0,0.0,0.049,0.0387
2016-01-20,友邦吊顶,sz002718,48.04,46.47,47.11,47.1,47.75,47.1,11218,0.0,0.0,0.0,0.0328,-2.0E-4
2016-01-21,友邦吊顶,sz002718,48.47,46.0,46.58,46.0,47.1,46.0,10309,0.0,0.0,0.0,0.0524,-0.0124
2016-01-22,友邦吊顶,sz002718,46.98,45.0,46.48,46.6,46.0,46.6,6829,0.0,0.0,0.0,0.043,0.0025
2016-01-25,友邦吊顶,sz002718,47.57,46.23,47.0,46.67,46.6,46.67,6233,0.0,0.0,0.0,0.0287,-0.007
2016-01-26,友邦吊顶,sz002718,46.3,42.0,46.01,42.0,46.67,42.0,11160,0.0,0.0,0.0,0.0921,-0.0871
2016-01-27,友邦吊顶,sz002718,43.0,40.0,42.99,42.05,42.0,42.05,9602,0.0,0.0,0.0,0.0714,-0.0218
2016-01-28,友邦吊顶,sz002718,42.17,40.0,41.75,40.12,42.05,40.12,5913,0.0,0.0,0.0,0.0516,-0.039
2016-01-29,友邦吊顶,sz002718,43.48,39.83,40.0,42.1,40.12,42.1,9661,0.0,0.0,0.0,0.0909,0.0525
2016-02-01,友邦吊顶,sz002718,43.28,40.8,42.0,41.19,42.1,41.19,9428,0.0,0.0,0.0,0.0589,-0.0192
2016-02-02,友邦吊顶,sz002718,43.18,41.19,41.19,42.84,41.19,42.84,10848,0.0,0.0,0.0,0.0483,0.04
2016-02-03,友邦吊顶,sz002718,44.88,42.5,42.71,44.75,42.84,44.75,12493,0.0,0.0,0.0,0.0555,0.0477
2016-02-04,友邦吊顶,sz002718,45.45,44.22,44.7,45.18,44.75,45.18,10316,0.0,0.0,0.0,0.0274,0.0107
2016-02-05,友邦吊顶,sz002718,45.65,44.72,45.23,44.89,45.18,44.89,5891,0.0,0.0,0.0,0.0205,-0.0075
2016-02-08,友邦吊顶,sz002718,45.65,44.72,45.23,44.89,44.89,44.89,5891,0.0,0.0,0.0,0.0207,-0.0075
2016-02-09,友邦吊顶,sz002718,45.65,44.72,45.23,44.89,44.89,44.89,5891,0.0,0.0,0.0,0.0207,-0.0075
2016-02-10,友邦吊顶,sz002718,45.65,44.72,45.23,44.89,44.89,44.89,5891,0.0,0.0,0.0,0.0207,-0.0075
2016-02-11,友邦吊顶,sz002718,45.65,44.72,45.23,44.89,44.89,44.89,5891,0.0,0.0,0.0,0.0207,-0.0075
2016-02-12,友邦吊顶,sz002718,45.65,44.72,45.23,44.89,44.89,44.89,5891,0.0,0.0,0.0,0.0207,-0.0075
2016-02-15,友邦吊顶,sz002718,44.98,43.09,43.98,44.46,44.89,44.46,6051,0.0,0.0,0.0,0.0421,0.0109
2016-02-16,友邦吊顶,sz002718,46.58,44.56,44.7,46.38,44.46,46.38,7988,0.0,0.0,0.0,0.0454,0.0375
2016-02-17,友邦吊顶,sz002718,46.8,45.58,46.02,46.8,46.38,46.8,11981,0.0,0.0,0.0,0.0263,0.0169
2016-02-18,友邦吊顶,sz002718,48.7,46.7,47.2,47.41,46.8,47.41,13706,0.0,0.0,0.0,0.0427,0.0044
2016-02-19,友邦吊顶,sz002718,47.62,46.5,47.4,47.2,47.41,47.2,9454,0.0,0.0,0.0,0.0236,-0.0042
2016-02-22,友邦吊顶,sz002718,48.79,47.29,47.7,48.69,47.2,48.69,11123,0.0,0.0,0.0,0.0317,0.0207
2016-02-23,友邦吊顶,sz002718,48.97,46.98,48.6,47.42,48.69,47.42,8087,0.0,0.0,0.0,0.0408,-0.0242
2016-02-24,友邦吊顶,sz002718,47.77,45.15,47.4,46.98,47.42,46.98,9806,0.0,0.0,0.0,0.0552,-0.0088
2016-02-25,友邦吊顶,sz002718,47.07,42.28,46.7,42.28,46.98,42.28,14482,0.0,0.0,0.0,0.1019,-0.0946
2016-02-26,友邦吊顶,sz002718,43.1,41.6,43.0,42.45,42.28,42.45,8667,0.0,0.0,0.0,0.0354,-0.0127
2016-02-29,友邦吊顶,sz002718,42.2,38.5,42.2,39.25,42.45,39.25,10096,0.0,0.0,0.0,0.0871,-0.0699
2016-03-01,友邦吊顶,sz002718,43.18,39.02,39.25,41.13,39.25,41.13,11744,0.0,0.0,0.0,0.1059,0.0478
2016-03-02,友邦吊顶,sz002718,45.24,40.81,41.0,45.24,41.13,45.24,18670,0.0,0.0,0.0,0.1077,0.1034
2016-03-03,友邦吊顶,sz002718,47.5,44.15,45.22,44.69,45.24,44.69,21092,0.0,0.0,0.0,0.074,-0.0117
2016-03-04,友邦吊顶,sz002718,44.6,42.06,44.03,42.86,44.69,42.86,10722,0.0,0.0,0.0,0.0568,-0.0265
2016-03-07,友邦吊顶,sz002718,45.29,43.25,43.5,43.94,42.86,43.94,7723,0.0,0.0,0.0,0.0475,0.0101
2016-03-08,友邦吊顶,sz002718,43.86,40.0,43.6,43.45,43.94,43.45,10054,0.0,0.0,0.0,0.0878,-0.0034
2016-03-09,友邦吊顶,sz002718,43.28,42.16,42.26,42.48,43.45,42.48,7017,0.0,0.0,0.0,0.0257,0.0052
2016-03-10,友邦吊顶,sz002718,43.0,41.0,42.48,41.22,42.48,41.22,7831,0.0,0.0,0.0,0.047,-0.0296
2016-03-11,友邦吊顶,sz002718,42.37,40.64,41.14,42.2,41.22,42.2,9405,0.0,0.0,0.0,0.0419,0.0257
2016-03-14,友邦吊顶,sz002718,45.97,42.51,42.7,45.0,42.2,45.0,15041,0.0,0.0,0.0,0.0819,0.0538
2016-03-15,友邦吊顶,sz002718,45.39,44.5,44.55,45.12,45.0,45.12,10412,0.0,0.0,0.0,0.0197,0.0127
2016-03-16,友邦吊顶,sz002718,46.18,43.56,45.47,44.59,45.12,44.59,13810,0.0,0.0,0.0,0.058,-0.0193
2016-03-17,友邦吊顶,sz002718,46.98,44.2,44.99,46.8,44.59,46.8,14159,0.0,0.0,0.0,0.0623,0.0402
2016-03-18,友邦吊顶,sz002718,49.99,46.5,46.8,49.15,46.8,49.15,18098,0.0,0.0,0.0,0.0745,0.0502
2016-03-21,友邦吊顶,sz002718,50.45,46.95,48.0,50.45,49.15,50.45,46015,0.0,0.0,0.0,0.0712,0.051
2016-03-22,友邦吊顶,sz002718,53.5,49.01,49.47,52.44,50.45,52.44,32949,0.0,0.0,0.0,0.0889,0.06
2016-03-23,友邦吊顶,sz002718,52.99,50.81,52.01,52.66,52.44,52.66,22401,0.0,0.0,0.0,0.0415,0.0124
2016-03-24,友邦吊顶,sz002718,52.56,50.89,51.89,51.01,52.66,51.01,15352,0.0,0.0,0.0,0.0317,-0.0169
2016-03-25,友邦吊顶,sz002718,51.65,49.6,50.41,51.59,51.01,51.59,13372,0.0,0.0,0.0,0.0401,0.0234
