2016-03-25
2012-05-15,珈伟股份,sz300317,19.095,18.345,18.435,18.78,18.705,12.3398,7024500,0.0,0.0,0.0,0.04,0.0187
2012-05-16,珈伟股份,sz300317,19.155,18.555,18.855,18.66,18.78,12.2609,5060800,0.0,0.0,0.0,0.0319,-0.0103
2012-05-17,珈伟股份,sz300317,19.08,18.54,18.9,18.795,18.66,12.3496,4607900,0.0,0.0,0.0,0.0289,-0.0055
2012-05-18,珈伟股份,sz300317,18.525,17.625,18.525,17.67,18.795,11.6104,7267500,0.0,0.0,0.0,0.0478,-0.0461
2012-05-21,珈伟股份,sz300317,17.805,17.25,17.475,17.415,17.67,11.4429,3207200,0.0,0.0,0.0,0.0314,-0.0034
2012-05-22,珈伟股份,sz300317,17.685,17.46,17.565,17.595,17.415,11.5612,2856000,0.0,0.0,0.0,0.0129,0.0017
2012-05-23,珈伟股份,sz300317,17.745,17.295,17.505,17.655,17.595,11.6006,3389200,0.0,0.0,0.0,0.0255,0.0085
2012-05-24,珈伟股份,sz300317,18.255,17.625,17.7,17.955,17.655,11.7977,4972800,0.0,0.0,0.0,0.0356,0.0144
2012-05-25,珈伟股份,sz300317,17.94,17.145,17.835,17.25,17.955,11.3345,3364200,0.0,0.0,0.0,0.0442,-0.0328
2012-05-28,珈伟股份,sz300317,17.355,16.815,17.1,17.355,17.25,11.4035,2134400,0.0,0.0,0.0,0.0313,0.0149
2012-05-29,珈伟股份,sz300317,17.625,17.235,17.325,17.52,17.355,11.5119,2103000,0.0,0.0,0.0,0.0224,0.0112
2012-05-30,珈伟股份,sz300317,17.955,17.415,17.52,17.655,17.52,11.6006,2924100,0.0,0.0,0.0,0.0308,0.0077
2012-05-31,珈伟股份,sz300317,18.18,17.415,17.52,17.97,17.655,11.8076,3710200,0.0,0.0,0.0,0.0433,0.0256
2012-06-01,珈伟股份,sz300317,18.15,17.625,17.88,17.715,17.97,11.64,2158800,0.0,0.0,0.0,0.0292,-0.0092
2012-06-04,珈伟股份,sz300317,17.55,17.055,17.325,17.1,17.715,11.2359,2411600,0.0,0.0,0.0,0.0279,-0.0129
2012-06-05,珈伟股份,sz300317,17.955,17.115,17.16,17.475,17.1,11.4823,2866400,0.0,0.0,0.0,0.0491,0.0183
2012-06-06,珈伟股份,sz300317,17.88,17.295,17.505,17.505,17.475,11.502,2058400,0.0,0.0,0.0,0.0334,0.0
2012-06-07,珈伟股份,sz300317,17.79,17.19,17.715,17.295,17.505,11.364,1710600,0.0,0.0,0.0,0.0342,-0.0237
2012-06-08,珈伟股份,sz300317,17.535,17.16,17.49,17.235,17.295,11.3246,1102900,0.0,0.0,0.0,0.0216,-0.0145
2012-06-11,珈伟股份,sz300317,17.61,17.145,17.235,17.58,17.235,11.5513,1538100,0.0,0.0,0.0,0.0269,0.02
2012-06-12,珈伟股份,sz300317,17.805,17.325,17.4,17.49,17.58,11.4922,1815700,0.0,0.0,0.0,0.0273,0.0051
2012-06-13,珈伟股份,sz300317,17.97,17.4,17.52,17.91,17.49,11.7681,2964100,0.0,0.0,0.0,0.0325,0.0222
2012-06-14,珈伟股份,sz300317,17.955,17.625,17.805,17.655,17.91,11.6006,2247200,0.0,0.0,0.0,0.0184,-0.0084
2012-06-15,珈伟股份,sz300317,17.85,17.4,17.67,17.715,17.655,11.64,1721000,0.0,0.0,0.0,0.0254,0.0025
2012-06-18,珈伟股份,sz300317,18.21,17.685,17.805,18.075,17.715,11.8765,3086400,0.0,0.0,0.0,0.0296,0.0151
2012-06-19,珈伟股份,sz300317,18.0,17.625,17.985,17.745,18.075,11.6597,1991200,0.0,0.0,0.0,0.0207,-0.0133
2012-06-20,珈伟股份,sz300317,18.15,17.685,17.82,18.075,17.745,11.8765,3040700,0.0,0.0,0.0,0.0262,0.0143
2012-06-21,珈伟股份,sz300317,18.24,17.76,18.075,18.015,18.075,11.8371,2721000,0.0,0.0,0.0,0.0265,-0.0033
2012-06-22,珈伟股份,sz300317,18.015,18.015,18.015,18.015,18.015,11.8371,0,0.0,0.0,0.0,0.0,0.0
2012-06-25,珈伟股份,sz300317,17.97,17.235,17.91,17.325,18.015,11.3837,2144100,0.0,0.0,0.0,0.0407,-0.0326
2012-06-26,珈伟股份,sz300317,17.715,16.95,17.235,17.655,17.325,11.6006,2070200,0.0,0.0,0.0,0.0441,0.0243
2012-06-27,珈伟股份,sz300317,18.69,17.505,17.52,18.09,17.655,11.8864,5252400,0.0,0.0,0.0,0.0671,0.0325
2012-06-28,珈伟股份,sz300317,18.225,17.55,18.075,17.565,18.09,11.5414,2990000,0.0,0.0,0.0,0.0373,-0.0282
2012-06-29,珈伟股份,sz300317,18.225,17.25,17.4,18.165,17.565,11.9357,3072700,0.0,0.0,0.0,0.0555,0.0439
2012-07-02,珈伟股份,sz300317,18.855,18.045,18.24,18.75,18.165,12.3201,5184000,0.0,0.0,0.0,0.0445,0.0279
2012-07-03,珈伟股份,sz300317,19.29,18.375,18.63,18.975,18.75,12.4679,5478700,0.0,0.0,0.0,0.0487,0.0185
2012-07-04,珈伟股份,sz300317,19.095,18.45,19.08,18.57,18.975,12.2018,3727600,0.0,0.0,0.0,0.0339,-0.0267
2012-07-05,珈伟股份,sz300317,18.51,18.0,18.405,18.3,18.57,12.0244,2607000,0.0,0.0,0.0,0.0274,-0.0057
2012-07-06,珈伟股份,sz300317,18.495,17.625,18.42,18.27,18.3,12.0047,3211800,0.0,0.0,0.0,0.0475,-0.0081
2012-07-09,珈伟股份,sz300317,18.06,17.43,18.045,17.475,18.27,11.4823,2089800,0.0,0.0,0.0,0.0344,-0.0315
2012-07-10,珈伟股份,sz300317,17.73,17.175,17.4,17.175,17.475,11.2852,1459900,0.0,0.0,0.0,0.0317,-0.0129
2012-07-11,珈伟股份,sz300317,17.4,17.055,17.175,17.25,17.175,11.3345,1279400,0.0,0.0,0.0,0.02,0.0043
2012-07-12,珈伟股份,sz300317,17.265,15.765,17.25,16.44,17.25,10.8022,3773200,0.0,0.0,0.0,0.0869,-0.0469
2012-07-13,珈伟股份,sz300317,16.35,15.69,16.26,15.75,16.44,10.3489,1957700,0.0,0.0,0.0,0.0401,-0.0313
2012-07-16,珈伟股份,sz300317,14.175,14.175,14.175,14.175,15.75,9.314,427900,0.0,0.0,0.0,0.0,0.0
2012-07-17,珈伟股份,sz300317,13.26,12.765,12.765,13.11,14.175,8.6142,5534000,0.0,0.0,0.0,0.0349,0.027
2012-07-18,珈伟股份,sz300317,12.99,12.48,12.99,12.855,13.11,8.4466,3504900,0.0,0.0,0.0,0.0389,-0.0103
2012-07-19,珈伟股份,sz300317,13.125,12.645,12.675,12.96,12.855,8.5156,3280100,0.0,0.0,0.0,0.0373,0.0224
2012-07-20,珈伟股份,sz300317,13.005,12.69,12.9,12.75,12.96,8.3776,2205900,0.0,0.0,0.0,0.0243,-0.0116
2012-07-23,珈伟股份,sz300317,12.615,12.24,12.6,12.375,12.75,8.1312,1858200,0.0,0.0,0.0,0.0294,-0.0178
2012-07-24,珈伟股份,sz300317,12.735,12.27,12.36,12.69,12.375,8.3382,1836200,0.0,0.0,0.0,0.0375,0.0266
2012-07-25,珈伟股份,sz300317,13.095,12.45,12.6,12.84,12.69,8.4368,3069700,0.0,0.0,0.0,0.0508,0.019
2012-07-26,珈伟股份,sz300317,12.885,12.315,12.795,12.465,12.84,8.1904,2194200,0.0,0.0,0.0,0.0443,-0.0257
2012-07-27,珈伟股份,sz300317,12.645,12.36,12.51,12.48,12.465,8.2002,1301100,0.0,0.0,0.0,0.0228,-0.0023
2012-07-30,珈伟股份,sz300317,12.525,11.64,12.45,11.67,12.48,7.668,2198900,0.0,0.0,0.0,0.0709,-0.0626
2012-07-31,珈伟股份,sz300317,11.7,11.1,11.7,11.22,11.67,7.3723,1630700,0.0,0.0,0.0,0.0514,-0.041
2012-08-01,珈伟股份,sz300317,11.58,11.22,11.22,11.46,11.22,7.53,1138800,0.0,0.0,0.0,0.032,0.0213
2012-08-02,珈伟股份,sz300317,11.655,11.04,11.415,11.43,11.46,7.5103,1253000,0.0,0.0,0.0,0.0536,0.0013
2012-08-03,珈伟股份,sz300317,11.895,11.265,11.43,11.835,11.43,7.7764,1754000,0.0,0.0,0.0,0.0551,0.0354
2012-08-06,珈伟股份,sz300317,12.165,11.64,11.64,12.105,11.835,7.9538,1898600,0.0,0.0,0.0,0.0443,0.0399
2012-08-07,珈伟股份,sz300317,12.6,12.06,12.09,12.345,12.105,8.1115,2263600,0.0,0.0,0.0,0.0446,0.021
2012-08-08,珈伟股份,sz300317,12.405,12.18,12.27,12.285,12.345,8.0721,1191200,0.0,0.0,0.0,0.0182,0.0012
2012-08-09,珈伟股份,sz300317,12.45,12.15,12.285,12.45,12.285,8.1805,1571400,0.0,0.0,0.0,0.0244,0.0134
2012-08-10,珈伟股份,sz300317,12.45,12.225,12.435,12.285,12.45,8.0721,1134500,0.0,0.0,0.0,0.018,-0.012
2012-08-13,珈伟股份,sz300317,12.33,11.64,12.33,11.67,12.285,7.668,1601400,0.0,0.0,0.0,0.0561,-0.0535
2012-08-14,珈伟股份,sz300317,11.85,11.385,11.67,11.835,11.67,7.7764,1890200,0.0,0.0,0.0,0.0398,0.0141
2012-08-15,珈伟股份,sz300317,11.82,11.4,11.82,11.475,11.835,7.5399,1681300,0.0,0.0,0.0,0.0354,-0.0291
2012-08-16,珈伟股份,sz300317,11.61,11.235,11.43,11.34,11.475,7.4512,2525500,0.0,0.0,0.0,0.0326,-0.0078
2012-08-17,珈伟股份,sz300317,11.55,11.25,11.28,11.415,11.34,7.5005,2034600,0.0,0.0,0.0,0.0264,0.0119
2012-08-20,珈伟股份,sz300317,11.535,11.235,11.325,11.49,11.415,7.5497,1488400,0.0,0.0,0.0,0.0262,0.0145
2012-08-21,珈伟股份,sz300317,12.0,11.415,11.415,11.925,11.49,7.8356,3831600,0.0,0.0,0.0,0.0509,0.0446
2012-08-22,珈伟股份,sz300317,12.33,11.88,11.94,12.15,11.925,7.9834,4914100,0.0,0.0,0.0,0.0377,0.0175
2012-08-23,珈伟股份,sz300317,12.87,11.895,11.985,12.54,12.15,8.2397,5124800,0.0,0.0,0.0,0.0802,0.0463
2012-08-24,珈伟股份,sz300317,12.525,11.88,12.435,11.88,12.54,7.806,3506500,0.0,0.0,0.0,0.0514,-0.0446
2012-08-27,珈伟股份,sz300317,11.85,11.49,11.745,11.655,11.88,7.6582,1724000,0.0,0.0,0.0,0.0303,-0.0076
2012-08-28,珈伟股份,sz300317,12.135,11.46,11.595,12.09,11.655,7.944,1975100,0.0,0.0,0.0,0.0579,0.0426
2012-08-29,珈伟股份,sz300317,12.42,12.0,12.135,12.18,12.09,8.0031,3556700,0.0,0.0,0.0,0.0347,0.0037
2012-08-30,珈伟股份,sz300317,12.375,11.58,12.0,12.27,12.18,8.0623,2672600,0.0,0.0,0.0,0.0652,0.0224
2012-08-31,珈伟股份,sz300317,12.345,12.015,12.24,12.24,12.27,8.0425,1954300,0.0,0.0,0.0,0.0268,0.0
2012-09-03,珈伟股份,sz300317,12.42,11.715,12.15,12.27,12.24,8.0623,3030100,0.0,0.0,0.0,0.0575,0.0098
2012-09-04,珈伟股份,sz300317,12.69,12.075,12.195,12.465,12.27,8.1904,4232800,0.0,0.0,0.0,0.0501,0.0221
2012-09-05,珈伟股份,sz300317,13.47,12.345,12.45,13.17,12.465,8.6536,6824900,0.0,0.0,0.0,0.0902,0.0578
2012-09-06,珈伟股份,sz300317,13.44,12.915,13.065,13.2,13.17,8.6733,4116700,0.0,0.0,0.0,0.0398,0.0103
2012-09-07,珈伟股份,sz300317,13.77,12.99,13.095,13.41,13.2,8.8113,5973100,0.0,0.0,0.0,0.059,0.024
2012-09-10,珈伟股份,sz300317,13.59,13.125,13.335,13.44,13.41,8.831,3510800,0.0,0.0,0.0,0.0346,0.0078
2012-09-11,珈伟股份,sz300317,13.56,13.08,13.455,13.275,13.44,8.7226,2942700,0.0,0.0,0.0,0.0357,-0.0133
2012-09-12,珈伟股份,sz300317,13.38,12.975,13.245,13.125,13.275,8.624,2348500,0.0,0.0,0.0,0.0305,-0.009
2012-09-13,珈伟股份,sz300317,14.235,13.14,13.14,13.5,13.125,8.8704,6730100,0.0,0.0,0.0,0.0834,0.0273
2012-09-14,珈伟股份,sz300317,13.725,13.275,13.425,13.38,13.5,8.7916,3253000,0.0,0.0,0.0,0.0333,-0.0033
2012-09-17,珈伟股份,sz300317,13.5,12.405,13.35,12.405,13.38,8.151,3450800,0.0,0.0,0.0,0.0818,-0.0707
2012-09-18,珈伟股份,sz300317,12.75,12.075,12.315,12.33,12.405,8.1017,1590800,0.0,0.0,0.0,0.0544,0.0012
2012-09-19,珈伟股份,sz300317,12.525,12.315,12.39,12.51,12.33,8.2199,933900,0.0,0.0,0.0,0.017,0.0096
2012-09-20,珈伟股份,sz300317,12.555,11.85,12.45,11.85,12.51,7.7863,1754300,0.0,0.0,0.0,0.0563,-0.0481
2012-09-21,珈伟股份,sz300317,12.12,11.535,11.82,11.565,11.85,7.599,1309000,0.0,0.0,0.0,0.0493,-0.0215
2012-09-24,珈伟股份,sz300317,11.775,11.355,11.445,11.67,11.565,7.668,644800,0.0,0.0,0.0,0.0363,0.0196
2012-09-25,珈伟股份,sz300317,11.76,11.52,11.55,11.595,11.67,7.6187,606700,0.0,0.0,0.0,0.0205,0.0038
2012-09-26,珈伟股份,sz300317,11.685,11.22,11.595,11.235,11.595,7.3822,635900,0.0,0.0,0.0,0.0401,-0.031
2012-09-27,珈伟股份,sz300317,11.97,11.145,11.28,11.55,11.235,7.5892,967600,0.0,0.0,0.0,0.0734,0.0239
2012-09-28,珈伟股份,sz300317,11.79,11.475,11.535,11.745,11.55,7.7173,961300,0.0,0.0,0.0,0.0272,0.0182
2012-10-01,珈伟股份,sz300317,11.745,11.745,11.745,11.745,11.745,7.7173,0,0.0,0.0,0.0,0.0,0.0
2012-10-02,珈伟股份,sz300317,11.745,11.745,11.745,11.745,11.745,7.7173,0,0.0,0.0,0.0,0.0,0.0
2012-10-03,珈伟股份,sz300317,11.745,11.745,11.745,11.745,11.745,7.7173,0,0.0,0.0,0.0,0.0,0.0
2012-10-04,珈伟股份,sz300317,11.745,11.745,11.745,11.745,11.745,7.7173,0,0.0,0.0,0.0,0.0,0.0
2012-10-05,珈伟股份,sz300317,11.745,11.745,11.745,11.745,11.745,7.7173,0,0.0,0.0,0.0,0.0,0.0
2012-10-08,珈伟股份,sz300317,12.12,11.64,11.775,11.91,11.745,7.8257,831200,0.0,0.0,0.0,0.0408,0.0114
2012-10-09,珈伟股份,sz300317,12.57,11.745,11.985,12.24,11.91,8.0425,1202200,0.0,0.0,0.0,0.0692,0.0212
2012-10-10,珈伟股份,sz300317,12.435,12.045,12.165,12.285,12.24,8.0721,1229400,0.0,0.0,0.0,0.0318,0.0098
2012-10-11,珈伟股份,sz300317,12.27,11.835,12.27,11.835,12.285,7.7764,1043600,0.0,0.0,0.0,0.0354,-0.0354
2012-10-12,珈伟股份,sz300317,12.195,11.745,11.76,11.79,11.835,7.7469,922500,0.0,0.0,0.0,0.038,0.0025
2012-10-15,珈伟股份,sz300317,11.925,11.16,11.925,11.31,11.79,7.4315,1692900,0.0,0.0,0.0,0.0648,-0.0515
2012-10-16,珈伟股份,sz300317,11.655,11.31,11.31,11.415,11.31,7.5005,902900,0.0,0.0,0.0,0.0305,0.0092
2012-10-17,珈伟股份,sz300317,11.91,11.34,11.37,11.655,11.415,7.6582,1243600,0.0,0.0,0.0,0.0499,0.025
2012-10-18,珈伟股份,sz300317,12.075,11.55,11.55,11.985,11.655,7.875,1472200,0.0,0.0,0.0,0.045,0.0376
2012-10-19,珈伟股份,sz300317,12.135,11.775,11.97,11.88,11.985,7.806,660300,0.0,0.0,0.0,0.03,-0.0075
2012-10-22,珈伟股份,sz300317,12.09,11.76,11.85,11.88,11.88,7.806,802100,0.0,0.0,0.0,0.0277,0.0025
2012-10-23,珈伟股份,sz300317,11.955,11.7,11.955,11.7,11.88,7.6877,773000,0.0,0.0,0.0,0.0214,-0.0213
2012-10-24,珈伟股份,sz300317,11.835,11.58,11.625,11.685,11.7,7.6779,524700,0.0,0.0,0.0,0.0217,0.0051
2012-10-25,珈伟股份,sz300317,11.91,11.58,11.7,11.595,11.685,7.6187,577100,0.0,0.0,0.0,0.0282,-0.0089
2012-10-26,珈伟股份,sz300317,11.625,11.175,11.625,11.265,11.595,7.4019,968000,0.0,0.0,0.0,0.0388,-0.0309
2012-10-29,珈伟股份,sz300317,11.49,11.19,11.22,11.34,11.265,7.4512,451500,0.0,0.0,0.0,0.0266,0.0106
2012-10-30,珈伟股份,sz300317,11.4,11.22,11.295,11.22,11.34,7.3723,372300,0.0,0.0,0.0,0.0158,-0.0066
2012-10-31,珈伟股份,sz300317,11.49,11.145,11.22,11.34,11.22,7.4512,635300,0.0,0.0,0.0,0.0307,0.0106
2012-11-01,珈伟股份,sz300317,11.55,11.355,11.385,11.475,11.34,7.5399,588500,0.0,0.0,0.0,0.0171,0.0079
2012-11-02,珈伟股份,sz300317,11.655,11.445,11.49,11.58,11.475,7.6089,598400,0.0,0.0,0.0,0.0183,0.0078
2012-11-05,珈伟股份,sz300317,11.67,11.4,11.55,11.445,11.58,7.5202,610100,0.0,0.0,0.0,0.0233,-0.009
2012-11-06,珈伟股份,sz300317,11.475,11.1,11.46,11.37,11.445,7.4709,1278300,0.0,0.0,0.0,0.0327,-0.0078
2012-11-07,珈伟股份,sz300317,11.49,11.205,11.31,11.265,11.37,7.4659,716100,0.0,0.0,0.0,0.025,-0.0039
2012-11-08,珈伟股份,sz300317,11.28,11.04,11.175,11.055,11.265,7.3267,478600,0.0,0.0,0.0,0.0213,-0.0107
2012-11-09,珈伟股份,sz300317,11.1,10.545,11.07,10.905,11.055,7.2273,716900,0.0,0.0,0.0,0.0502,-0.0149
2012-11-12,珈伟股份,sz300317,10.95,10.755,10.86,10.8,10.905,7.1577,970500,0.0,0.0,0.0,0.0178,-0.0055
2012-11-13,珈伟股份,sz300317,10.905,10.59,10.815,10.65,10.8,7.0583,609700,0.0,0.0,0.0,0.0291,-0.0152
2012-11-14,珈伟股份,sz300317,10.875,10.62,10.725,10.83,10.65,7.1776,455400,0.0,0.0,0.0,0.0239,0.0097
2012-11-15,珈伟股份,sz300317,10.845,10.2,10.785,10.38,10.83,6.8794,694800,0.0,0.0,0.0,0.0595,-0.0375
2012-11-16,珈伟股份,sz300317,11.25,10.305,10.305,10.515,10.38,6.9689,898100,0.0,0.0,0.0,0.091,0.0203
2012-11-19,珈伟股份,sz300317,10.725,10.5,10.53,10.635,10.515,7.0484,368200,0.0,0.0,0.0,0.0213,0.0099
2012-11-20,珈伟股份,sz300317,10.785,10.575,10.635,10.62,10.635,7.0384,437900,0.0,0.0,0.0,0.0197,-0.0014
2012-11-21,珈伟股份,sz300317,10.71,10.395,10.56,10.695,10.62,7.0881,523800,0.0,0.0,0.0,0.0296,0.0127
2012-11-22,珈伟股份,sz300317,10.695,10.515,10.65,10.53,10.695,6.9788,313400,0.0,0.0,0.0,0.0168,-0.0112
2012-11-23,珈伟股份,sz300317,10.68,10.53,10.545,10.605,10.53,7.0285,272700,0.0,0.0,0.0,0.0142,0.0056
2012-11-26,珈伟股份,sz300317,10.605,10.365,10.575,10.41,10.605,6.8993,304800,0.0,0.0,0.0,0.0226,-0.0156
2012-11-27,珈伟股份,sz300317,10.395,9.81,10.32,9.81,10.41,6.5016,784100,0.0,0.0,0.0,0.0561,-0.0494
2012-11-28,珈伟股份,sz300317,9.84,9.15,9.84,9.45,9.81,6.263,697700,0.0,0.0,0.0,0.0703,-0.0396
2012-11-29,珈伟股份,sz300317,9.525,9.225,9.45,9.33,9.45,6.1835,361800,0.0,0.0,0.0,0.0317,-0.0126
2012-11-30,珈伟股份,sz300317,9.48,9.18,9.33,9.36,9.33,6.2034,342300,0.0,0.0,0.0,0.0321,0.0032
2012-12-03,珈伟股份,sz300317,9.375,8.925,9.375,8.94,9.36,5.925,483100,0.0,0.0,0.0,0.048,-0.0464
2012-12-04,珈伟股份,sz300317,9.075,8.58,8.895,9.0,8.94,5.9648,1032300,0.0,0.0,0.0,0.0553,0.0118
2012-12-05,珈伟股份,sz300317,9.405,8.925,8.94,9.27,9.0,6.1437,1146100,0.0,0.0,0.0,0.0533,0.0369
2012-12-06,珈伟股份,sz300317,9.48,9.21,9.255,9.36,9.27,6.2034,748100,0.0,0.0,0.0,0.0291,0.0113
2012-12-07,珈伟股份,sz300317,9.69,9.3,9.33,9.57,9.36,6.3426,1035700,0.0,0.0,0.0,0.0416,0.0257
2012-12-10,珈伟股份,sz300317,9.825,9.555,9.6,9.735,9.57,6.4519,1111100,0.0,0.0,0.0,0.0282,0.014
2012-12-11,珈伟股份,sz300317,9.705,9.525,9.645,9.54,9.735,6.3227,1029200,0.0,0.0,0.0,0.0184,-0.0108
2012-12-12,珈伟股份,sz300317,9.66,9.39,9.54,9.525,9.54,6.3127,533300,0.0,0.0,0.0,0.0283,-0.0015
2012-12-13,珈伟股份,sz300317,9.615,9.435,9.495,9.435,9.525,6.2531,441200,0.0,0.0,0.0,0.0188,-0.0063
2012-12-14,珈伟股份,sz300317,9.93,9.405,9.465,9.87,9.435,6.5414,1624400,0.0,0.0,0.0,0.0556,0.0427
2012-12-17,珈伟股份,sz300317,10.095,9.81,9.81,10.005,9.87,6.6308,1636100,0.0,0.0,0.0,0.0288,0.0198
2012-12-18,珈伟股份,sz300317,10.275,9.975,10.035,10.02,10.005,6.6408,1100000,0.0,0.0,0.0,0.0299,-0.0014
2012-12-19,珈伟股份,sz300317,10.185,9.96,10.08,10.14,10.02,6.7203,716900,0.0,0.0,0.0,0.0224,0.0059
2012-12-20,珈伟股份,sz300317,10.425,10.11,10.215,10.29,10.14,6.8197,1274000,0.0,0.0,0.0,0.031,0.0073
2012-12-21,珈伟股份,sz300317,10.755,10.125,10.23,10.545,10.29,6.9887,2307900,0.0,0.0,0.0,0.0612,0.0307
2012-12-24,珈伟股份,sz300317,10.635,10.38,10.485,10.575,10.545,7.0086,1083400,0.0,0.0,0.0,0.0241,0.0085
2012-12-25,珈伟股份,sz300317,11.1,10.425,10.5,10.86,10.575,7.1975,1891900,0.0,0.0,0.0,0.0638,0.0342
2012-12-26,珈伟股份,sz300317,11.565,10.74,10.785,11.535,10.86,7.6449,3142200,0.0,0.0,0.0,0.0759,0.0695
2012-12-27,珈伟股份,sz300317,11.82,10.95,11.76,10.98,11.535,7.277,2947600,0.0,0.0,0.0,0.0754,-0.0663
2012-12-28,珈伟股份,sz300317,11.265,10.77,10.875,11.085,10.98,7.3466,1613900,0.0,0.0,0.0,0.045,0.0193
2012-12-31,珈伟股份,sz300317,11.16,10.92,11.115,10.98,11.085,7.277,1183300,0.0,0.0,0.0,0.0216,-0.0121
2013-01-04,珈伟股份,sz300317,7.42,7.22,7.42,7.32,10.98,7.3833313,953325,0.0,0.0,0.0,0.0182,-0.0134
2013-01-07,珈伟股份,sz300317,7.44,7.3,7.3,7.44,7.32,7.504366,1282080,0.0,0.0,0.0,0.0191,0.0191
2013-01-08,珈伟股份,sz300317,7.6,7.38,7.48,7.52,7.44,7.5850606,1314981,0.0,0.0,0.0,0.0295,0.0053
2013-01-09,珈伟股份,sz300317,7.65,7.45,7.5,7.5,7.52,7.564884,1506351,0.0,0.0,0.0,0.0265,0.0
2013-01-10,珈伟股份,sz300317,7.63,7.46,7.46,7.57,7.5,7.635487,1295990,0.0,0.0,0.0,0.0226,0.0147
2013-01-11,珈伟股份,sz300317,7.64,7.32,7.6,7.39,7.57,7.453931,1309666,0.0,0.0,0.0,0.0422,-0.0276
2013-01-14,珈伟股份,sz300317,7.78,7.2,7.31,7.63,7.39,7.6960044,1656116,0.0,0.0,0.0,0.0784,0.0437
2013-01-15,珈伟股份,sz300317,7.99,7.63,7.69,7.86,7.63,7.927993,2510153,0.0,0.0,0.0,0.0471,0.0221
2013-01-16,珈伟股份,sz300317,7.89,7.55,7.8,7.76,7.86,7.827125,1558801,0.0,0.0,0.0,0.0432,-0.0051
2013-01-17,珈伟股份,sz300317,7.76,7.49,7.76,7.5,7.76,7.564877,1401536,0.0,0.0,0.0,0.0347,-0.0335
2013-01-18,珈伟股份,sz300317,7.64,7.5,7.53,7.61,7.5,7.6758313,1265615,0.0,0.0,0.0,0.0186,0.0106
2013-01-21,珈伟股份,sz300317,7.94,7.56,7.64,7.79,7.61,7.8573875,1513523,0.0,0.0,0.0,0.0499,0.0196
2013-01-22,珈伟股份,sz300317,7.81,7.56,7.76,7.6,7.79,7.665746,1286351,0.0,0.0,0.0,0.032,-0.0206
2013-01-23,珈伟股份,sz300317,7.63,7.36,7.55,7.49,7.6,7.554792,911605,0.0,0.0,0.0,0.0355,-0.0079
2013-01-24,珈伟股份,sz300317,7.61,7.17,7.53,7.31,7.49,7.373235,1073903,0.0,0.0,0.0,0.0587,-0.0292
2013-01-25,珈伟股份,sz300317,7.43,7.27,7.34,7.32,7.31,7.383322,318971,0.0,0.0,0.0,0.0218,-0.0027
2013-01-28,珈伟股份,sz300317,7.49,7.3,7.32,7.47,7.32,7.534621,496480,0.0,0.0,0.0,0.0259,0.0204
2013-01-29,珈伟股份,sz300317,7.73,7.38,7.45,7.59,7.47,7.655657,1023729,0.0,0.0,0.0,0.0468,0.0187
2013-01-30,珈伟股份,sz300317,7.62,7.46,7.54,7.57,7.59,7.635484,551639,0.0,0.0,0.0,0.021,0.0039
2013-01-31,珈伟股份,sz300317,7.6,7.3,7.59,7.42,7.57,7.484187,445527,0.0,0.0,0.0,0.0396,-0.0223
2013-02-01,珈伟股份,sz300317,7.55,7.41,7.41,7.48,7.42,7.5447044,451676,0.0,0.0,0.0,0.0188,0.0094
2013-02-04,珈伟股份,sz300317,7.57,7.42,7.48,7.49,7.48,7.5547915,532848,0.0,0.0,0.0,0.02,0.0013
2013-02-05,珈伟股份,sz300317,7.53,7.39,7.47,7.52,7.49,7.5850487,460862,0.0,0.0,0.0,0.0186,0.0066
2013-02-06,珈伟股份,sz300317,7.86,7.5,7.53,7.74,7.52,7.806949,1918555,0.0,0.0,0.0,0.0478,0.0278
2013-02-07,珈伟股份,sz300317,7.94,7.6,7.69,7.78,7.74,7.8472953,1209266,0.0,0.0,0.0,0.0439,0.0117
2013-02-08,珈伟股份,sz300317,8.2,7.75,7.75,8.05,7.78,8.119628,2601725,0.0,0.0,0.0,0.0578,0.0387
2013-02-18,珈伟股份,sz300317,8.18,8.04,8.18,8.07,8.05,8.139797,1755988,0.0,0.0,0.0,0.0173,-0.0134
2013-02-19,珈伟股份,sz300317,8.08,7.81,8.05,7.89,8.07,7.958239,1155279,0.0,0.0,0.0,0.0334,-0.0198
2013-02-20,珈伟股份,sz300317,8.0,7.76,7.8,7.98,7.89,8.049019,1144733,0.0,0.0,0.0,0.0304,0.023
2013-02-21,珈伟股份,sz300317,7.96,7.72,7.96,7.77,7.98,7.8372006,993569,0.0,0.0,0.0,0.03,-0.0238
2013-02-22,珈伟股份,sz300317,7.86,7.71,7.76,7.76,7.77,7.827114,668852,0.0,0.0,0.0,0.0193,0.0
2013-02-25,珈伟股份,sz300317,7.95,7.67,7.71,7.91,7.76,7.978412,774892,0.0,0.0,0.0,0.036,0.0259
2013-02-26,珈伟股份,sz300317,7.94,7.6,7.87,7.61,7.91,7.675815,1454493,0.0,0.0,0.0,0.0429,-0.033
2013-02-27,珈伟股份,sz300317,7.67,7.45,7.65,7.48,7.61,7.544689,997589,0.0,0.0,0.0,0.0289,-0.0222
2013-02-28,珈伟股份,sz300317,7.68,7.5,7.5,7.68,7.48,7.746419,1373024,0.0,0.0,0.0,0.024,0.0239
2013-03-01,珈伟股份,sz300317,7.78,7.63,7.64,7.74,7.68,7.806942,1049718,0.0,0.0,0.0,0.0195,0.013
2013-03-04,珈伟股份,sz300317,7.8,7.5,7.73,7.54,7.74,7.6052103,1335410,0.0,0.0,0.0,0.0387,-0.0245
2013-03-05,珈伟股份,sz300317,7.7,7.52,7.58,7.68,7.54,7.746424,625909,0.0,0.0,0.0,0.0238,0.0131
2013-03-06,珈伟股份,sz300317,7.95,7.67,7.67,7.92,7.68,7.9884996,1591254,0.0,0.0,0.0,0.0364,0.0325
2013-03-07,珈伟股份,sz300317,7.96,7.7,7.96,7.81,7.92,7.8775473,873716,0.0,0.0,0.0,0.0328,-0.0188
2013-03-08,珈伟股份,sz300317,8.59,7.78,7.86,8.59,7.81,8.664294,7898678,0.0,0.0,0.0,0.1037,0.0928
2013-03-11,珈伟股份,sz300317,9.35,8.33,8.56,8.73,8.59,8.805505,9637901,0.0,0.0,0.0,0.1187,0.0198
2013-03-12,珈伟股份,sz300317,8.67,8.0,8.67,8.25,8.73,8.321351,5459236,0.0,0.0,0.0,0.0767,-0.0484
2013-03-13,珈伟股份,sz300317,8.25,8.01,8.1,8.17,8.25,8.24066,2923419,0.0,0.0,0.0,0.029,0.0086
2013-03-14,珈伟股份,sz300317,8.21,7.95,8.1,8.01,8.17,8.079274,2216343,0.0,0.0,0.0,0.0318,-0.0111
2013-03-15,珈伟股份,sz300317,8.17,7.77,7.91,7.97,8.01,8.038926,2344489,0.0,0.0,0.0,0.0499,0.0075
2013-03-18,珈伟股份,sz300317,7.97,7.53,7.87,7.54,7.97,7.6052103,1977292,0.0,0.0,0.0,0.0552,-0.0419
2013-03-19,珈伟股份,sz300317,7.71,7.31,7.46,7.59,7.54,7.65564,1193756,0.0,0.0,0.0,0.053,0.0174
2013-03-20,珈伟股份,sz300317,7.74,7.52,7.59,7.74,7.59,7.8069386,1402174,0.0,0.0,0.0,0.0289,0.0197
2013-03-21,珈伟股份,sz300317,7.95,7.68,7.74,7.79,7.74,7.857372,1479904,0.0,0.0,0.0,0.0348,0.0064
2013-03-22,珈伟股份,sz300317,7.82,7.7,7.8,7.77,7.79,7.8372016,774225,0.0,0.0,0.0,0.0154,-0.0038
2013-03-25,珈伟股份,sz300317,7.96,7.7,7.7,7.85,7.77,7.9178934,1060491,0.0,0.0,0.0,0.0334,0.0194
2013-03-26,珈伟股份,sz300317,7.88,7.66,7.85,7.67,7.85,7.736336,1084154,0.0,0.0,0.0,0.028,-0.0229
2013-03-27,珈伟股份,sz300317,7.92,7.58,7.64,7.68,7.67,7.7464247,964108,0.0,0.0,0.0,0.0443,0.0052
2013-03-28,珈伟股份,sz300317,7.66,7.41,7.58,7.42,7.68,7.484177,1077053,0.0,0.0,0.0,0.0325,-0.0211
2013-03-29,珈伟股份,sz300317,7.6,7.34,7.39,7.39,7.42,7.4539185,469147,0.0,0.0,0.0,0.035,0.0
2013-04-01,珈伟股份,sz300317,7.46,7.36,7.39,7.41,7.39,7.4740887,531685,0.0,0.0,0.0,0.0135,0.0027
2013-04-02,珈伟股份,sz300317,7.53,7.34,7.43,7.35,7.41,7.413571,406588,0.0,0.0,0.0,0.0256,-0.0107
2013-04-03,珈伟股份,sz300317,7.37,7.05,7.35,7.15,7.35,7.21184,651953,0.0,0.0,0.0,0.0435,-0.0272
2013-04-08,珈伟股份,sz300317,7.25,7.1,7.16,7.24,7.15,7.3026156,459627,0.0,0.0,0.0,0.0209,0.0111
2013-04-09,珈伟股份,sz300317,7.43,7.22,7.25,7.4,7.24,7.4639964,713800,0.0,0.0,0.0,0.029,0.0206
2013-04-10,珈伟股份,sz300317,7.46,7.32,7.33,7.38,7.4,7.443821,455581,0.0,0.0,0.0,0.0189,0.0068
2013-04-11,珈伟股份,sz300317,7.48,7.36,7.45,7.38,7.38,7.443821,291831,0.0,0.0,0.0,0.0162,-0.0093
2013-04-12,珈伟股份,sz300317,7.49,7.35,7.4,7.41,7.38,7.47408,770003,0.0,0.0,0.0,0.0189,0.0013
2013-04-15,珈伟股份,sz300317,7.43,7.22,7.42,7.25,7.41,7.3127,440960,0.0,0.0,0.0,0.0283,-0.0229
2013-04-16,珈伟股份,sz300317,7.32,7.15,7.25,7.3,7.25,7.363136,366331,0.0,0.0,0.0,0.0234,0.0068
2013-04-17,珈伟股份,sz300317,7.45,7.28,7.31,7.45,7.3,7.5144334,495864,0.0,0.0,0.0,0.0232,0.0191
2013-04-18,珈伟股份,sz300317,8.18,7.4,7.45,7.87,7.45,7.938067,4396832,0.0,0.0,0.0,0.1046,0.0563
2013-04-19,珈伟股份,sz300317,8.04,7.75,7.79,8.03,7.87,8.099448,2333401,0.0,0.0,0.0,0.0368,0.0308
2013-04-22,珈伟股份,sz300317,8.16,7.88,7.93,8.13,8.03,8.200311,1980997,0.0,0.0,0.0,0.0348,0.0252
2013-04-23,珈伟股份,sz300317,8.19,7.74,8.14,7.8,8.13,7.86746,1476514,0.0,0.0,0.0,0.0553,-0.0417
2013-04-24,珈伟股份,sz300317,8.17,7.76,7.76,8.17,7.8,8.240661,1904615,0.0,0.0,0.0,0.0525,0.0528
2013-04-25,珈伟股份,sz300317,8.48,8.07,8.18,8.07,8.17,8.139795,3076003,0.0,0.0,0.0,0.0501,-0.0134
2013-04-26,珈伟股份,sz300317,8.09,7.81,8.01,7.82,8.07,7.8876324,1284757,0.0,0.0,0.0,0.0346,-0.0237
2013-05-02,珈伟股份,sz300317,8.06,7.82,7.85,7.98,7.82,8.049013,871460,0.0,0.0,0.0,0.0306,0.0165
2013-05-03,珈伟股份,sz300317,8.27,7.95,8.02,8.22,7.98,8.291087,1745339,0.0,0.0,0.0,0.0401,0.0249
2013-05-06,珈伟股份,sz300317,8.44,8.16,8.27,8.39,8.22,8.462555,1850809,0.0,0.0,0.0,0.034,0.0145
2013-05-07,珈伟股份,sz300317,8.45,8.16,8.45,8.26,8.39,8.331428,1950800,0.0,0.0,0.0,0.0345,-0.0224
2013-05-08,珈伟股份,sz300317,8.4,8.11,8.29,8.4,8.26,8.472637,2018030,0.0,0.0,0.0,0.0351,0.0132
2013-05-09,珈伟股份,sz300317,8.36,8.11,8.31,8.22,8.4,8.291077,2019009,0.0,0.0,0.0,0.0297,-0.0108
2013-05-10,珈伟股份,sz300317,8.24,7.96,8.16,8.1,8.22,8.170035,1765756,0.0,0.0,0.0,0.034,-0.0073
2013-05-13,珈伟股份,sz300317,8.9,8.05,8.05,8.84,8.1,8.916433,4706116,0.0,0.0,0.0,0.1049,0.0981
2013-05-14,珈伟股份,sz300317,8.77,8.43,8.69,8.6,8.84,8.674361,3102967,0.0,0.0,0.0,0.0384,-0.0103
2013-05-15,珈伟股份,sz300317,9.34,8.48,8.61,9.1,8.6,9.178689,4648471,0.0,0.0,0.0,0.0999,0.0569
2013-05-16,珈伟股份,sz300317,9.46,8.82,9.0,9.04,9.1,9.118174,4971185,0.0,0.0,0.0,0.0703,0.0044
2013-05-17,珈伟股份,sz300317,9.85,8.81,8.9,9.68,9.04,9.763704,5005822,0.0,0.0,0.0,0.115,0.0876
2013-05-20,珈伟股份,sz300317,10.23,9.5,9.68,9.85,9.68,9.935174,4922544,0.0,0.0,0.0,0.0754,0.0175
2013-05-21,珈伟股份,sz300317,10.16,9.7,9.75,9.98,9.85,10.0662985,3649344,0.0,0.0,0.0,0.0467,0.0235
2013-05-22,珈伟股份,sz300317,9.96,9.42,9.71,9.42,9.98,9.501458,3222638,0.0,0.0,0.0,0.0541,-0.0298
2013-05-23,珈伟股份,sz300317,9.75,9.36,9.44,9.39,9.42,9.471196,2743769,0.0,0.0,0.0,0.0414,-0.0052
2013-05-24,珈伟股份,sz300317,9.99,9.45,9.5,9.92,9.39,10.005779,4019789,0.0,0.0,0.0,0.0575,0.0442
2013-05-27,珈伟股份,sz300317,10.27,9.73,9.99,9.88,9.92,9.965436,3197090,0.0,0.0,0.0,0.0544,-0.011
2013-05-28,珈伟股份,sz300317,10.1,9.39,9.9,9.43,9.88,9.51154,3436015,0.0,0.0,0.0,0.0718,-0.0474
2013-05-29,珈伟股份,sz300317,10.37,9.58,9.58,10.37,9.43,10.459669,5812702,0.0,0.0,0.0,0.0837,0.0824
2013-05-30,珈伟股份,sz300317,10.86,10.23,10.5,10.3,10.37,10.389067,8067423,0.0,0.0,0.0,0.0607,-0.019
2013-05-31,珈伟股份,sz300317,10.37,9.98,10.28,10.13,10.3,10.217595,4199785,0.0,0.0,0.0,0.0378,-0.0145
2013-06-03,珈伟股份,sz300317,10.26,9.91,10.03,10.07,10.13,10.157076,1995953,0.0,0.0,0.0,0.0345,0.0039
2013-06-04,珈伟股份,sz300317,10.39,9.55,10.39,9.78,10.07,9.864573,2092632,0.0,0.0,0.0,0.0834,-0.0587
2013-06-05,珈伟股份,sz300317,10.05,9.7,9.8,9.99,9.78,10.076385,1636941,0.0,0.0,0.0,0.0357,0.0193
2013-06-06,珈伟股份,sz300317,9.93,9.65,9.92,9.66,9.99,9.743532,1456433,0.0,0.0,0.0,0.028,-0.0262
2013-06-07,珈伟股份,sz300317,9.77,8.81,9.7,9.07,9.66,9.148426,2984171,0.0,0.0,0.0,0.0993,-0.0649
2013-06-13,珈伟股份,sz300317,8.89,8.36,8.89,8.75,9.07,8.825661,1731477,0.0,0.0,0.0,0.0584,-0.0157
2013-06-14,珈伟股份,sz300317,9.24,8.76,8.88,9.12,8.75,9.198862,1623895,0.0,0.0,0.0,0.0548,0.027
2013-06-17,珈伟股份,sz300317,9.13,8.6,9.0,8.91,9.12,8.987049,2636158,0.0,0.0,0.0,0.0581,-0.0099
2013-06-18,珈伟股份,sz300317,9.57,8.66,8.83,9.46,8.91,9.541801,6327977,0.0,0.0,0.0,0.1021,0.0713
2013-06-19,珈伟股份,sz300317,9.38,9.1,9.28,9.3,9.46,9.380422,2579857,0.0,0.0,0.0,0.0295,0.0021
2013-06-20,珈伟股份,sz300317,9.49,9.0,9.25,9.05,9.3,9.128257,2661810,0.0,0.0,0.0,0.0526,-0.0216
2013-06-21,珈伟股份,sz300317,9.36,8.55,8.89,9.18,9.05,9.259384,2171425,0.0,0.0,0.0,0.0895,0.0326
2013-06-24,珈伟股份,sz300317,9.43,8.85,9.23,9.4,9.18,9.481285,3444847,0.0,0.0,0.0,0.0631,0.0184
2013-06-25,珈伟股份,sz300317,9.4,8.6,9.19,9.22,9.4,9.299728,3939647,0.0,0.0,0.0,0.0851,0.0032
2013-06-26,珈伟股份,sz300317,9.95,9.07,9.07,9.88,9.22,9.96544,6822493,0.0,0.0,0.0,0.0954,0.0893
2013-06-27,珈伟股份,sz300317,10.3,9.61,9.83,10.15,9.88,10.237776,7125449,0.0,0.0,0.0,0.0698,0.0325
2013-06-28,珈伟股份,sz300317,10.12,9.71,10.01,9.8,10.15,9.884747,4787279,0.0,0.0,0.0,0.0403,-0.0209
2013-07-01,珈伟股份,sz300317,10.64,9.52,9.7,10.57,9.8,10.661401,6415008,0.0,0.0,0.0,0.1142,0.0896
2013-07-02,珈伟股份,sz300317,10.79,10.3,10.5,10.59,10.57,10.681572,5782528,0.0,0.0,0.0,0.0463,0.0085
2013-07-03,珈伟股份,sz300317,10.7,10.27,10.63,10.48,10.59,10.570622,5468053,0.0,0.0,0.0,0.0406,-0.0141
2013-07-04,珈伟股份,sz300317,10.75,10.11,10.3,10.22,10.48,10.308376,5454883,0.0,0.0,0.0,0.061,-0.0077
2013-07-05,珈伟股份,sz300317,10.39,10.05,10.15,10.19,10.22,10.278121,3257494,0.0,0.0,0.0,0.0332,0.0039
2013-07-08,珈伟股份,sz300317,9.93,9.3,9.8,9.41,10.19,9.491372,3182142,0.0,0.0,0.0,0.0618,-0.0397
2013-07-09,珈伟股份,sz300317,9.55,9.21,9.35,9.43,9.41,9.511541,1543006,0.0,0.0,0.0,0.0361,0.0085
2013-07-10,珈伟股份,sz300317,9.87,9.43,9.43,9.81,9.43,9.894828,2050326,0.0,0.0,0.0,0.0466,0.0402
2013-07-11,珈伟股份,sz300317,10.1,9.73,9.93,10.0,9.81,10.086471,2349109,0.0,0.0,0.0,0.0377,0.007
2013-07-12,珈伟股份,sz300317,10.73,9.9,10.06,10.27,10.0,10.358806,3471539,0.0,0.0,0.0,0.083,0.0208
2013-07-15,珈伟股份,sz300317,11.18,10.18,10.18,11.06,10.27,11.155636,5199507,0.0,0.0,0.0,0.0973,0.0864
2013-07-16,珈伟股份,sz300317,11.23,10.82,11.06,10.97,11.06,11.064862,4042685,0.0,0.0,0.0,0.037,-0.0081
2013-07-17,珈伟股份,sz300317,11.35,10.7,10.99,11.01,10.97,11.105205,3978095,0.0,0.0,0.0,0.0592,0.0018
2013-07-18,珈伟股份,sz300317,11.44,10.82,10.9,11.24,11.01,11.337193,3401838,0.0,0.0,0.0,0.0563,0.0311
2013-07-19,珈伟股份,sz300317,11.32,10.51,11.16,10.72,11.24,10.8127,3524802,0.0,0.0,0.0,0.072,-0.0394
2013-07-22,珈伟股份,sz300317,11.15,10.5,10.6,11.12,10.72,11.216154,2549504,0.0,0.0,0.0,0.0606,0.049
2013-07-23,珈伟股份,sz300317,11.57,10.95,11.01,11.5,11.12,11.629694,3824032,0.0,0.0,0.0,0.0557,0.0445
2013-07-24,珈伟股份,sz300317,11.56,11.21,11.37,11.45,11.5,11.579128,3062316,0.0,0.0,0.0,0.0304,0.007
2013-07-25,珈伟股份,sz300317,11.5,10.9,11.36,11.0,11.45,11.124057,2902705,0.0,0.0,0.0,0.0524,-0.0316
2013-07-26,珈伟股份,sz300317,11.1,10.62,10.93,10.99,11.0,11.113945,1570823,0.0,0.0,0.0,0.0436,0.0054
2013-07-29,珈伟股份,sz300317,11.36,10.9,11.1,10.9,10.99,11.022933,1312556,0.0,0.0,0.0,0.0418,-0.018
2013-07-30,珈伟股份,sz300317,10.99,10.25,10.87,10.57,10.9,10.689214,1492233,0.0,0.0,0.0,0.0678,-0.0275
2013-07-31,珈伟股份,sz300317,10.79,10.39,10.57,10.51,10.57,10.628542,909804,0.0,0.0,0.0,0.0378,-0.0056
2013-08-01,珈伟股份,sz300317,10.99,10.52,10.52,10.99,10.51,11.113957,1391476,0.0,0.0,0.0,0.0447,0.0446
2013-08-02,珈伟股份,sz300317,11.59,11.0,11.01,11.24,10.99,11.366778,2911636,0.0,0.0,0.0,0.0536,0.0208
2013-08-05,珈伟股份,sz300317,11.35,11.04,11.25,11.26,11.24,11.386999,1916394,0.0,0.0,0.0,0.0275,8.0E-4
2013-08-06,珈伟股份,sz300317,11.33,11.11,11.17,11.2,11.26,11.326318,1599442,0.0,0.0,0.0,0.0195,0.0026
2013-08-07,珈伟股份,sz300317,11.24,10.68,11.18,10.71,11.2,10.830791,2178528,0.0,0.0,0.0,0.05,-0.042
2013-08-08,珈伟股份,sz300317,10.88,10.51,10.71,10.74,10.71,10.861129,1003982,0.0,0.0,0.0,0.0345,0.0028
2013-08-09,珈伟股份,sz300317,10.87,10.17,10.86,10.39,10.74,10.507186,1725595,0.0,0.0,0.0,0.0651,-0.0432
2013-08-12,珈伟股份,sz300317,10.66,10.33,10.43,10.55,10.39,10.668986,973481,0.0,0.0,0.0,0.0317,0.0115
2013-08-13,珈伟股份,sz300317,10.73,10.41,10.45,10.65,10.55,10.770118,720689,0.0,0.0,0.0,0.0303,0.0191
2013-08-14,珈伟股份,sz300317,11.24,10.7,10.7,11.0,10.65,11.124067,2872226,0.0,0.0,0.0,0.0507,0.028
2013-08-15,珈伟股份,sz300317,11.1,10.71,10.95,10.83,11.0,10.952145,1627842,0.0,0.0,0.0,0.0354,-0.0109
2013-08-16,珈伟股份,sz300317,11.19,10.51,10.98,10.52,10.83,10.63865,1982997,0.0,0.0,0.0,0.0627,-0.0418
2013-08-19,珈伟股份,sz300317,11.15,10.35,10.5,11.0,10.52,11.12406,2359149,0.0,0.0,0.0,0.076,0.0476
2013-08-20,珈伟股份,sz300317,11.49,10.9,11.07,11.33,11.0,11.457782,5169340,0.0,0.0,0.0,0.0536,0.0234
2013-08-21,珈伟股份,sz300317,11.39,11.0,11.39,11.23,11.33,11.356655,3102484,0.0,0.0,0.0,0.0344,-0.014
2013-08-22,珈伟股份,sz300317,11.23,10.93,11.23,11.1,11.23,11.225191,2246881,0.0,0.0,0.0,0.0267,-0.0115
2013-08-23,珈伟股份,sz300317,11.26,10.63,11.14,10.89,11.1,11.012821,2283543,0.0,0.0,0.0,0.0567,-0.0224
2013-08-26,珈伟股份,sz300317,11.2,10.78,10.9,11.2,10.89,11.326312,2087619,0.0,0.0,0.0,0.0385,0.0275
2013-08-27,珈伟股份,sz300317,11.21,10.92,11.21,10.95,11.2,11.073498,1750601,0.0,0.0,0.0,0.0258,-0.0231
2013-08-28,珈伟股份,sz300317,11.15,10.52,10.92,10.61,10.95,10.729666,2097115,0.0,0.0,0.0,0.0575,-0.0283
2013-08-29,珈伟股份,sz300317,10.73,10.48,10.57,10.56,10.61,10.679097,1042056,0.0,0.0,0.0,0.0235,-9.0E-4
2013-08-30,珈伟股份,sz300317,10.6,9.9,10.6,10.26,10.56,10.375714,2250036,0.0,0.0,0.0,0.0662,-0.032
2013-09-02,珈伟股份,sz300317,10.3,10.05,10.26,10.27,10.26,10.385831,779150,0.0,0.0,0.0,0.0243,9.0E-4
2013-09-03,珈伟股份,sz300317,10.46,10.23,10.26,10.43,10.27,10.547631,829822,0.0,0.0,0.0,0.0223,0.0165
2013-09-04,珈伟股份,sz300317,10.5,10.07,10.4,10.14,10.43,10.254365,1043313,0.0,0.0,0.0,0.0412,-0.0249
2013-09-05,珈伟股份,sz300317,10.7,10.08,10.14,10.42,10.14,10.5375185,1219792,0.0,0.0,0.0,0.0611,0.0276
2013-09-06,珈伟股份,sz300317,10.42,10.2,10.4,10.26,10.42,10.375715,773879,0.0,0.0,0.0,0.0211,-0.0134
2013-09-09,珈伟股份,sz300317,10.43,10.11,10.26,10.4,10.26,10.517292,1420583,0.0,0.0,0.0,0.0311,0.0136
2013-09-10,珈伟股份,sz300317,10.47,10.22,10.45,10.28,10.4,10.395944,589667,0.0,0.0,0.0,0.024,-0.0162
2013-09-11,珈伟股份,sz300317,10.3,10.12,10.3,10.22,10.28,10.335262,861251,0.0,0.0,0.0,0.0175,-0.0077
2013-09-12,珈伟股份,sz300317,10.28,10.13,10.25,10.19,10.22,10.304929,796866,0.0,0.0,0.0,0.0146,-0.0058
2013-09-13,珈伟股份,sz300317,10.35,10.12,10.2,10.35,10.19,10.466737,737838,0.0,0.0,0.0,0.0225,0.0147
2013-09-16,珈伟股份,sz300317,10.38,10.19,10.3,10.22,10.35,10.335274,516420,0.0,0.0,0.0,0.0183,-0.0077
2013-09-17,珈伟股份,sz300317,10.22,9.98,10.22,10.01,10.22,10.122905,767225,0.0,0.0,0.0,0.0234,-0.0205
2013-09-18,珈伟股份,sz300317,10.12,9.92,10.01,10.06,10.01,10.173469,501961,0.0,0.0,0.0,0.0199,0.0049
2013-09-23,珈伟股份,sz300317,10.28,10.0,10.01,10.24,10.06,10.355503,1118121,0.0,0.0,0.0,0.0278,0.0229
2013-09-24,珈伟股份,sz300317,10.33,10.19,10.27,10.25,10.24,10.36562,582935,0.0,0.0,0.0,0.0136,-0.0019
2013-09-25,珈伟股份,sz300317,10.46,10.21,10.3,10.38,10.25,10.4970875,932069,0.0,0.0,0.0,0.0243,0.0077
2013-09-26,珈伟股份,sz300317,10.49,10.24,10.38,10.25,10.38,10.365622,674121,0.0,0.0,0.0,0.024,-0.0125
2013-09-27,珈伟股份,sz300317,10.37,10.09,10.37,10.1,10.25,10.213931,488088,0.0,0.0,0.0,0.0273,-0.026
2013-09-30,珈伟股份,sz300317,10.39,10.1,10.25,10.22,10.1,10.335283,442898,0.0,0.0,0.0,0.0287,-0.0029
2013-10-08,珈伟股份,sz300317,10.5,10.25,10.25,10.4,10.22,10.517318,599586,0.0,0.0,0.0,0.0244,0.0146
2013-10-09,珈伟股份,sz300317,10.69,10.36,10.48,10.68,10.4,10.800476,1261510,0.0,0.0,0.0,0.0317,0.019
2013-10-10,珈伟股份,sz300317,10.84,10.45,10.68,10.58,10.68,10.699351,1229611,0.0,0.0,0.0,0.0365,-0.0093
2013-10-11,珈伟股份,sz300317,10.77,10.51,10.53,10.67,10.58,10.790371,749003,0.0,0.0,0.0,0.0245,0.0132
2013-10-14,珈伟股份,sz300317,10.77,10.52,10.77,10.67,10.67,10.790371,778966,0.0,0.0,0.0,0.0234,-0.0092
2013-10-15,珈伟股份,sz300317,10.85,10.56,10.85,10.63,10.67,10.749917,731848,0.0,0.0,0.0,0.0271,-0.0202
2013-10-16,珈伟股份,sz300317,10.68,10.01,10.65,10.1,10.63,10.213937,930415,0.0,0.0,0.0,0.063,-0.0516
2013-10-17,珈伟股份,sz300317,10.38,10.0,10.0,10.13,10.1,10.244272,607930,0.0,0.0,0.0,0.0376,0.013
2013-10-18,珈伟股份,sz300317,10.48,10.08,10.11,10.46,10.13,10.578,701629,0.0,0.0,0.0,0.0394,0.0346
2013-10-21,珈伟股份,sz300317,10.8,10.48,10.5,10.73,10.46,10.85105,1199537,0.0,0.0,0.0,0.0305,0.0219
2013-10-22,珈伟股份,sz300317,10.83,10.28,10.76,10.34,10.73,10.456647,1632555,0.0,0.0,0.0,0.0512,-0.039
2013-10-23,珈伟股份,sz300317,10.48,10.09,10.38,10.11,10.34,10.22405,735694,0.0,0.0,0.0,0.0377,-0.026
2013-10-24,珈伟股份,sz300317,10.32,10.01,10.11,10.09,10.11,10.203826,499089,0.0,0.0,0.0,0.0306,-0.0019
2013-10-25,珈伟股份,sz300317,10.22,9.96,10.09,10.02,10.09,10.133032,377920,0.0,0.0,0.0,0.0257,-0.0069
2013-10-28,珈伟股份,sz300317,10.29,10.05,10.18,10.23,10.02,10.3454,474734,0.0,0.0,0.0,0.0239,0.0049
2013-10-29,珈伟股份,sz300317,10.34,9.54,10.09,9.84,10.23,9.951002,1045982,0.0,0.0,0.0,0.0782,-0.0247
2013-10-30,珈伟股份,sz300317,10.18,9.8,9.8,10.12,9.84,10.2341585,466348,0.0,0.0,0.0,0.0386,0.0326
2013-10-31,珈伟股份,sz300317,10.32,10.02,10.12,10.26,10.12,10.375738,714455,0.0,0.0,0.0,0.0296,0.0138
2013-11-01,珈伟股份,sz300317,10.4,10.08,10.23,10.34,10.26,10.456637,739278,0.0,0.0,0.0,0.0311,0.0107
2013-11-04,珈伟股份,sz300317,10.59,10.37,10.43,10.39,10.34,10.507206,1280132,0.0,0.0,0.0,0.0212,-0.0038
2013-11-05,珈伟股份,sz300317,10.77,10.19,10.34,10.65,10.39,10.770138,1783657,0.0,0.0,0.0,0.0558,0.0299
2013-11-06,珈伟股份,sz300317,10.85,10.5,10.7,10.71,10.65,10.830817,1683082,0.0,0.0,0.0,0.0328,9.0E-4
2013-11-07,珈伟股份,sz300317,10.79,10.56,10.58,10.64,10.71,10.760027,959825,0.0,0.0,0.0,0.0214,0.0056
2013-11-08,珈伟股份,sz300317,10.97,10.52,10.59,10.85,10.64,10.972397,1754794,0.0,0.0,0.0,0.0422,0.0245
2013-11-11,珈伟股份,sz300317,11.94,10.78,10.93,11.7,10.85,11.831985,5695666,0.0,0.0,0.0,0.1069,0.0704
2013-11-12,珈伟股份,sz300317,11.85,11.44,11.73,11.69,11.7,11.82187,4696627,0.0,0.0,0.0,0.035,-0.0034
2013-11-13,珈伟股份,sz300317,11.98,11.28,11.55,11.32,11.69,11.447696,4188696,0.0,0.0,0.0,0.0598,-0.0199
2013-11-14,珈伟股份,sz300317,11.75,10.96,11.2,11.74,11.32,11.872428,4740937,0.0,0.0,0.0,0.0697,0.0482
2013-11-15,珈伟股份,sz300317,12.37,11.62,11.8,12.21,11.74,12.347729,4701282,0.0,0.0,0.0,0.0638,0.0347
2013-11-18,珈伟股份,sz300317,12.47,11.91,12.15,12.02,12.21,12.155585,3467181,0.0,0.0,0.0,0.0458,-0.0106
2013-11-19,珈伟股份,sz300317,12.29,11.85,11.95,12.07,12.02,12.206153,2639727,0.0,0.0,0.0,0.0366,0.01
2013-11-20,珈伟股份,sz300317,12.34,11.92,12.08,12.07,12.07,12.206153,2056675,0.0,0.0,0.0,0.0347,-8.0E-4
2013-11-21,珈伟股份,sz300317,12.0,11.59,12.0,11.68,12.07,11.811748,2471634,0.0,0.0,0.0,0.0339,-0.0266
2013-11-22,珈伟股份,sz300317,11.82,11.6,11.7,11.79,11.68,11.922991,1203228,0.0,0.0,0.0,0.0188,0.0076
2013-11-25,珈伟股份,sz300317,12.97,11.75,11.75,12.75,11.79,12.893821,4467547,0.0,0.0,0.0,0.1034,0.0851
2013-11-26,珈伟股份,sz300317,12.97,12.59,12.61,12.73,12.75,12.8735895,2610076,0.0,0.0,0.0,0.0298,0.0095
2013-11-27,珈伟股份,sz300317,13.45,12.53,12.63,13.2,12.73,13.348896,2715440,0.0,0.0,0.0,0.0722,0.0451
2013-11-28,珈伟股份,sz300317,13.43,12.9,13.16,13.39,13.2,13.541039,2145886,0.0,0.0,0.0,0.0401,0.0174
2013-11-29,珈伟股份,sz300317,14.4,13.47,13.5,13.74,13.39,13.894989,3724477,0.0,0.0,0.0,0.0694,0.0177
2013-12-02,珈伟股份,sz300317,12.98,12.37,12.71,12.37,13.74,12.509534,3737163,0.0,0.0,0.0,0.0443,-0.0267
2013-12-03,珈伟股份,sz300317,12.34,11.4,11.55,11.99,12.37,12.125253,2590650,0.0,0.0,0.0,0.0759,0.038
2013-12-04,珈伟股份,sz300317,12.38,11.71,11.95,11.78,11.99,11.912879,2058445,0.0,0.0,0.0,0.0558,-0.0142
2013-12-05,珈伟股份,sz300317,11.89,11.4,11.8,11.6,11.78,11.73085,1877798,0.0,0.0,0.0,0.0415,-0.0169
2013-12-06,珈伟股份,sz300317,11.85,11.43,11.45,11.52,11.6,11.649942,952178,0.0,0.0,0.0,0.0362,0.0061
2013-12-09,珈伟股份,sz300317,12.12,11.52,11.52,12.06,11.52,12.1960335,1390254,0.0,0.0,0.0,0.052,0.0468
2013-12-10,珈伟股份,sz300317,12.19,11.83,12.06,11.91,12.06,12.04434,1074500,0.0,0.0,0.0,0.0298,-0.0124
2013-12-11,珈伟股份,sz300317,12.89,12.15,12.38,12.41,11.91,12.549985,2986373,0.0,0.0,0.0,0.0621,0.0024
2013-12-12,珈伟股份,sz300317,12.53,11.98,12.4,12.53,12.41,12.671344,2192584,0.0,0.0,0.0,0.0443,0.0104
2013-12-13,珈伟股份,sz300317,12.77,12.31,12.45,12.46,12.53,12.600549,1869535,0.0,0.0,0.0,0.0367,8.0E-4
2013-12-16,珈伟股份,sz300317,12.75,12.04,12.5,12.04,12.46,12.17581,1422906,0.0,0.0,0.0,0.0569,-0.0368
2013-12-17,珈伟股份,sz300317,12.24,11.59,12.04,12.03,12.04,12.165691,1164438,0.0,0.0,0.0,0.0539,-8.0E-4
2013-12-18,珈伟股份,sz300317,12.28,11.77,11.95,11.97,12.03,12.105009,777510,0.0,0.0,0.0,0.0423,0.0016
2013-12-19,珈伟股份,sz300317,12.06,11.73,12.05,11.95,11.97,12.084782,1138832,0.0,0.0,0.0,0.0275,-0.0082
2013-12-20,珈伟股份,sz300317,12.05,11.78,11.95,11.82,11.95,11.953311,595089,0.0,0.0,0.0,0.0225,-0.0108
2013-12-23,珈伟股份,sz300317,11.9,11.6,11.61,11.81,11.82,11.943198,465430,0.0,0.0,0.0,0.0253,0.0172
2013-12-24,珈伟股份,sz300317,12.18,11.75,11.82,12.14,11.81,12.276916,791400,0.0,0.0,0.0,0.0364,0.027
2013-12-25,珈伟股份,sz300317,12.69,12.01,12.14,12.45,12.14,12.590406,1727473,0.0,0.0,0.0,0.056,0.0255
2013-12-26,珈伟股份,sz300317,12.68,12.25,12.46,12.25,12.45,12.388154,2118673,0.0,0.0,0.0,0.0345,-0.0168
2013-12-27,珈伟股份,sz300317,12.86,12.23,12.36,12.74,12.25,12.88368,2548327,0.0,0.0,0.0,0.0514,0.0307
2013-12-30,珈伟股份,sz300317,12.96,12.57,12.85,12.89,12.74,13.035373,1589639,0.0,0.0,0.0,0.0306,0.0031
2013-12-31,珈伟股份,sz300317,12.8,12.3,12.8,12.3,12.89,12.438718,1878902,0.0,0.0,0.0,0.0387,-0.039
2014-01-02,珈伟股份,sz300317,12.85,12.25,12.3,12.85,12.3,12.994915,2534980,0.0,0.0,0.0,0.0487,0.0447
2014-01-03,珈伟股份,sz300317,13.23,12.8,12.85,13.11,12.85,13.257841,3674921,0.0,0.0,0.0,0.0334,0.0202
2014-01-06,珈伟股份,sz300317,13.97,13.03,13.11,13.18,13.11,13.328625,4550908,0.0,0.0,0.0,0.0717,0.0053
2014-01-07,珈伟股份,sz300317,13.35,12.7,12.7,13.33,13.18,13.480318,1987431,0.0,0.0,0.0,0.0493,0.0496
2014-01-08,珈伟股份,sz300317,13.89,13.02,13.3,13.73,13.33,13.884835,3438704,0.0,0.0,0.0,0.0652,0.0323
2014-01-09,珈伟股份,sz300317,13.78,12.99,13.52,12.99,13.73,13.136484,2691122,0.0,0.0,0.0,0.0575,-0.0392
2014-01-10,珈伟股份,sz300317,13.27,12.7,12.8,13.14,12.99,13.288171,1891466,0.0,0.0,0.0,0.0438,0.0265
2014-01-13,珈伟股份,sz300317,13.52,12.61,13.15,12.97,13.14,13.116249,2549191,0.0,0.0,0.0,0.0692,-0.0136
2014-01-14,珈伟股份,sz300317,13.23,12.75,13.12,13.2,12.97,13.348839,3066635,0.0,0.0,0.0,0.037,0.006
2014-01-15,珈伟股份,sz300317,14.14,13.08,13.2,13.95,13.2,14.107293,6018998,0.0,0.0,0.0,0.0803,0.0568
2014-01-16,珈伟股份,sz300317,14.24,13.2,13.9,13.32,13.95,13.470194,5657289,0.0,0.0,0.0,0.0745,-0.0417
2014-01-17,珈伟股份,sz300317,13.65,13.03,13.2,13.35,13.32,13.500529,2519565,0.0,0.0,0.0,0.0465,0.0113
2014-01-20,珈伟股份,sz300317,13.7,12.95,13.2,13.11,13.35,13.257816,2584278,0.0,0.0,0.0,0.0561,-0.0068
2014-01-21,珈伟股份,sz300317,13.81,13.08,13.08,13.78,13.11,13.93537,2891590,0.0,0.0,0.0,0.0556,0.0535
2014-01-22,珈伟股份,sz300317,13.86,13.39,13.7,13.78,13.78,13.93537,3542460,0.0,0.0,0.0,0.0341,0.0058
2014-01-23,珈伟股份,sz300317,14.18,13.67,13.82,13.97,13.78,14.127511,3770414,0.0,0.0,0.0,0.037,0.0108
2014-01-24,珈伟股份,sz300317,14.38,13.8,13.85,14.1,13.97,14.258982,3557053,0.0,0.0,0.0,0.0415,0.018
2014-01-27,珈伟股份,sz300317,14.67,14.04,14.2,14.15,14.1,14.309545,3507858,0.0,0.0,0.0,0.0446,-0.0035
2014-01-28,珈伟股份,sz300317,14.25,13.5,14.15,14.01,14.15,14.167966,2911708,0.0,0.0,0.0,0.053,-0.0098
2014-01-29,珈伟股份,sz300317,14.27,13.83,14.04,14.15,14.01,14.309546,1666825,0.0,0.0,0.0,0.0314,0.0078
2014-01-30,珈伟股份,sz300317,14.14,13.66,14.05,13.8,14.15,13.9556,1616897,0.0,0.0,0.0,0.0339,-0.0177
2014-02-07,珈伟股份,sz300317,14.36,13.6,13.64,14.36,13.8,14.521917,2051351,0.0,0.0,0.0,0.055,0.0527
2014-02-10,珈伟股份,sz300317,14.99,14.2,14.4,14.91,14.36,15.078122,3641365,0.0,0.0,0.0,0.055,0.0354
2014-02-11,珈伟股份,sz300317,14.86,14.25,14.8,14.47,14.91,14.633166,3262415,0.0,0.0,0.0,0.0409,-0.0222
2014-02-12,珈伟股份,sz300317,14.66,14.22,14.55,14.59,14.47,14.754519,2319352,0.0,0.0,0.0,0.0304,0.0027
2014-02-13,珈伟股份,sz300317,14.57,13.81,14.5,13.89,14.59,14.046627,2962901,0.0,0.0,0.0,0.052,-0.042
2014-02-14,珈伟股份,sz300317,14.12,13.78,13.81,14.08,13.89,14.2387705,1790599,0.0,0.0,0.0,0.0244,0.0195
2014-02-17,珈伟股份,sz300317,14.46,14.03,14.14,14.4,14.08,14.562375,2418059,0.0,0.0,0.0,0.0305,0.0183
2014-02-18,珈伟股份,sz300317,14.7,14.3,14.35,14.43,14.4,14.592709,3644747,0.0,0.0,0.0,0.0277,0.0055
2014-02-19,珈伟股份,sz300317,14.46,13.91,14.36,14.16,14.43,14.319664,2619316,0.0,0.0,0.0,0.0381,-0.0139
2014-02-20,珈伟股份,sz300317,14.16,13.55,14.16,13.59,14.16,13.74324,2151989,0.0,0.0,0.0,0.043,-0.0402
2014-02-21,珈伟股份,sz300317,13.95,13.52,13.59,13.73,13.59,13.884824,836917,0.0,0.0,0.0,0.0316,0.0103
2014-02-24,珈伟股份,sz300317,14.02,13.3,13.75,13.92,13.73,14.0769615,1265183,0.0,0.0,0.0,0.0524,0.0123
2014-02-25,珈伟股份,sz300317,14.31,13.0,13.88,13.0,13.92,13.146587,2681624,0.0,0.0,0.0,0.0941,-0.0634
2014-02-26,珈伟股份,sz300317,13.43,12.7,13.04,13.41,13.0,13.561204,1576081,0.0,0.0,0.0,0.0561,0.0283
2014-02-27,珈伟股份,sz300317,13.58,12.85,13.39,12.87,13.41,13.015121,1130540,0.0,0.0,0.0,0.0544,-0.0388
2014-02-28,珈伟股份,sz300317,13.24,12.67,13.0,13.18,12.87,13.328617,749718,0.0,0.0,0.0,0.0442,0.0138
2014-03-03,珈伟股份,sz300317,13.44,13.25,13.36,13.44,13.18,13.591551,680965,0.0,0.0,0.0,0.0144,0.0059
2014-03-04,珈伟股份,sz300317,13.43,13.2,13.43,13.35,13.44,13.500542,801238,0.0,0.0,0.0,0.0171,-0.0059
2014-03-05,珈伟股份,sz300317,13.56,13.35,13.36,13.39,13.35,13.540989,1008959,0.0,0.0,0.0,0.0157,0.0022
2014-03-06,珈伟股份,sz300317,13.74,13.26,13.39,13.66,13.39,13.81403,1017382,0.0,0.0,0.0,0.0358,0.0201
2014-03-07,珈伟股份,sz300317,13.79,13.51,13.76,13.66,13.66,13.81403,801087,0.0,0.0,0.0,0.0204,-0.0072
2014-03-10,珈伟股份,sz300317,13.75,13.21,13.66,13.26,13.66,13.409513,1017934,0.0,0.0,0.0,0.0395,-0.0292
2014-03-11,珈伟股份,sz300317,13.4,12.8,13.24,13.22,13.26,13.369057,863143,0.0,0.0,0.0,0.0452,-0.0015
2014-03-12,珈伟股份,sz300317,13.3,12.94,13.01,13.09,13.22,13.237586,427394,0.0,0.0,0.0,0.0272,0.0061
2014-03-13,珈伟股份,sz300317,13.38,13.13,13.15,13.35,13.09,13.50051,550329,0.0,0.0,0.0,0.019,0.0152
2014-03-14,珈伟股份,sz300317,14.35,13.35,13.46,14.18,13.35,14.339864,2860325,0.0,0.0,0.0,0.0749,0.0534
2014-03-17,珈伟股份,sz300317,14.78,14.0,14.3,14.71,14.18,14.875845,3279262,0.0,0.0,0.0,0.055,0.0286
2014-03-18,珈伟股份,sz300317,14.88,14.5,14.7,14.74,14.71,14.9061775,2752155,0.0,0.0,0.0,0.0258,0.0027
2014-03-19,珈伟股份,sz300317,14.7,14.35,14.7,14.67,14.74,14.835388,1683260,0.0,0.0,0.0,0.0237,-0.002
2014-03-20,珈伟股份,sz300317,14.75,14.11,14.64,14.35,14.67,14.511784,1549978,0.0,0.0,0.0,0.0436,-0.0198
2014-03-21,珈伟股份,sz300317,14.55,13.8,14.4,14.4,14.35,14.562343,1424083,0.0,0.0,0.0,0.0522,0.0
2014-03-24,珈伟股份,sz300317,14.38,13.81,14.3,13.92,14.4,14.076936,1230160,0.0,0.0,0.0,0.0395,-0.0265
2014-03-25,珈伟股份,sz300317,14.18,13.72,13.84,14.12,13.92,14.279193,605941,0.0,0.0,0.0,0.033,0.0202
2014-03-26,珈伟股份,sz300317,14.47,14.04,14.15,14.45,14.12,14.612912,993379,0.0,0.0,0.0,0.0304,0.0212
2014-03-27,珈伟股份,sz300317,14.51,13.73,14.4,13.73,14.45,13.884795,1066128,0.0,0.0,0.0,0.0539,-0.0465
2014-03-28,珈伟股份,sz300317,13.85,12.65,13.71,13.0,13.73,13.146568,1598135,0.0,0.0,0.0,0.0873,-0.0517
2014-03-31,珈伟股份,sz300317,13.28,12.8,13.08,12.94,13.0,13.0858965,469538,0.0,0.0,0.0,0.0369,-0.0107
2014-04-01,珈伟股份,sz300317,13.45,12.9,12.9,13.4,12.94,13.551087,750028,0.0,0.0,0.0,0.0425,0.0387
2014-04-02,珈伟股份,sz300317,13.48,13.02,13.4,13.13,13.4,13.278047,635355,0.0,0.0,0.0,0.0343,-0.0201
2014-04-03,珈伟股份,sz300317,13.57,13.25,13.39,13.41,13.13,13.561201,616701,0.0,0.0,0.0,0.0243,0.0014
2014-04-04,珈伟股份,sz300317,13.48,13.2,13.41,13.44,13.41,13.591537,354443,0.0,0.0,0.0,0.0208,0.0022
2014-04-08,珈伟股份,sz300317,13.65,13.21,13.44,13.54,13.44,13.692658,523197,0.0,0.0,0.0,0.0327,0.0074
2014-04-09,珈伟股份,sz300317,13.79,13.53,13.54,13.76,13.54,13.915136,568976,0.0,0.0,0.0,0.0192,0.0162
2014-04-10,珈伟股份,sz300317,14.13,13.61,13.61,13.84,13.76,13.996039,997711,0.0,0.0,0.0,0.0377,0.0168
2014-04-11,珈伟股份,sz300317,13.99,13.51,13.75,13.6,13.84,13.753334,733641,0.0,0.0,0.0,0.0346,-0.0109
2014-04-14,珈伟股份,sz300317,14.05,13.6,13.6,14.02,13.6,14.178064,620130,0.0,0.0,0.0,0.033,0.0308
2014-04-15,珈伟股份,sz300317,14.17,13.83,14.02,14.06,14.02,14.218514,693650,0.0,0.0,0.0,0.0242,0.0028
2014-04-16,珈伟股份,sz300317,14.09,13.77,13.9,13.9,14.06,14.056707,482004,0.0,0.0,0.0,0.0227,0.0
2014-04-17,珈伟股份,sz300317,14.43,13.82,13.82,14.25,13.9,14.410655,1572902,0.0,0.0,0.0,0.0438,0.0311
2014-04-18,珈伟股份,sz300317,14.36,14.13,14.3,14.3,14.25,14.461223,819885,0.0,0.0,0.0,0.0161,0.0
2014-04-21,珈伟股份,sz300317,14.7,14.09,14.1,14.41,14.3,14.572458,2000582,0.0,0.0,0.0,0.0426,0.0219
2014-08-22,珈伟股份,sz300317,15.82,15.82,15.82,15.82,14.41,16.028685,122103,0.0,0.0,0.0,0.0,0.0
2014-08-25,珈伟股份,sz300317,17.4,17.4,17.4,17.4,15.82,17.629532,28417,0.0,0.0,0.0,0.0,0.0
2014-08-26,珈伟股份,sz300317,19.14,19.14,19.14,19.14,17.4,19.392487,77366,0.0,0.0,0.0,0.0,0.0
2014-08-27,珈伟股份,sz300317,21.05,21.05,21.05,21.05,19.14,21.32768,583817,0.0,0.0,0.0,0.0,0.0
2014-08-28,珈伟股份,sz300317,23.16,23.16,23.16,23.16,21.05,23.465525,434485,0.0,0.0,0.0,0.0,0.0
2014-08-29,珈伟股份,sz300317,25.1,23.21,24.51,24.05,23.16,24.367258,16106153,0.0,0.0,0.0,0.0816,-0.0187
2014-09-01,珈伟股份,sz300317,25.49,24.17,25.05,24.71,24.05,25.035969,9817495,0.0,0.0,0.0,0.0548,-0.0135
2014-09-02,珈伟股份,sz300317,25.14,24.3,24.9,25.08,24.71,25.410858,7453457,0.0,0.0,0.0,0.0339,0.0072
2014-09-03,珈伟股份,sz300317,27.59,25.18,25.42,27.59,25.08,27.953978,13466345,0.0,0.0,0.0,0.096,0.0853
2014-09-04,珈伟股份,sz300317,26.75,25.8,26.2,26.59,27.59,26.940784,8233950,0.0,0.0,0.0,0.0344,0.0148
2014-09-05,珈伟股份,sz300317,27.19,26.17,26.44,26.37,26.59,26.717876,5109654,0.0,0.0,0.0,0.0383,-0.0026
2014-09-09,珈伟股份,sz300317,26.8,25.31,26.3,26.15,26.37,26.49497,4631861,0.0,0.0,0.0,0.0565,-0.0057
2014-09-12,珈伟股份,sz300317,28.19,26.4,26.79,26.45,26.15,26.79892,6625689,0.0,0.0,0.0,0.0684,-0.0126
2014-09-15,珈伟股份,sz300317,27.2,25.81,26.3,26.89,26.45,27.24472,5493480,0.0,0.0,0.0,0.0525,0.0224
2014-09-16,珈伟股份,sz300317,26.86,25.0,26.56,25.65,26.89,25.988358,3606224,0.0,0.0,0.0,0.0691,-0.0342
2014-09-17,珈伟股份,sz300317,25.95,24.0,25.61,24.05,25.65,24.367254,4112009,0.0,0.0,0.0,0.076,-0.0609
2014-09-18,珈伟股份,sz300317,24.75,24.0,24.06,24.33,24.05,24.650938,2600757,0.0,0.0,0.0,0.0311,0.0112
2014-09-19,珈伟股份,sz300317,25.29,24.05,24.47,24.7,24.33,25.02583,3723156,0.0,0.0,0.0,0.0509,0.0093
2014-09-22,珈伟股份,sz300317,25.65,24.5,24.8,25.53,24.7,25.866774,2864402,0.0,0.0,0.0,0.0465,0.0294
2014-09-23,珈伟股份,sz300317,25.95,25.25,25.36,25.52,25.53,25.856634,2167532,0.0,0.0,0.0,0.0274,0.0063
2014-09-24,珈伟股份,sz300317,25.68,25.0,25.56,25.46,25.52,25.795845,2261557,0.0,0.0,0.0,0.0266,-0.0039
2014-09-25,珈伟股份,sz300317,26.5,25.1,25.31,26.35,25.46,26.69759,4229130,0.0,0.0,0.0,0.0549,0.041
2014-09-26,珈伟股份,sz300317,26.5,25.7,25.88,25.9,26.35,26.241648,2398436,0.0,0.0,0.0,0.0303,7.0E-4
2014-09-29,珈伟股份,sz300317,26.37,25.7,25.8,25.84,25.9,26.180847,2381248,0.0,0.0,0.0,0.0258,0.0015
2014-09-30,珈伟股份,sz300317,25.95,25.18,25.71,25.48,25.84,25.816095,2060680,0.0,0.0,0.0,0.0297,-0.0089
2014-10-08,珈伟股份,sz300317,26.2,25.23,25.48,26.08,25.48,26.424013,2535791,0.0,0.0,0.0,0.038,0.0235
2014-10-09,珈伟股份,sz300317,26.19,25.35,26.18,25.7,26.08,26.038988,1792984,0.0,0.0,0.0,0.0322,-0.0183
2014-10-10,珈伟股份,sz300317,25.52,25.18,25.36,25.41,25.7,25.745165,1785374,0.0,0.0,0.0,0.0132,0.0019
2014-10-13,珈伟股份,sz300317,25.41,24.71,25.4,24.9,25.41,25.228434,1944298,0.0,0.0,0.0,0.0275,-0.0196
2014-10-14,珈伟股份,sz300317,25.48,24.75,24.75,25.33,24.9,25.664103,1537403,0.0,0.0,0.0,0.0293,0.0234
2014-10-15,珈伟股份,sz300317,26.02,24.85,24.88,26.02,25.33,26.363194,3411200,0.0,0.0,0.0,0.0461,0.0458
2014-10-16,珈伟股份,sz300317,27.9,25.79,25.88,26.88,26.02,27.234522,10109098,0.0,0.0,0.0,0.081,0.0386
2014-10-17,珈伟股份,sz300317,27.25,25.61,26.6,26.93,26.88,27.28518,3890652,0.0,0.0,0.0,0.061,0.0124
2014-10-20,珈伟股份,sz300317,27.4,26.4,26.4,26.82,26.93,27.17372,2362528,0.0,0.0,0.0,0.0371,0.0159
2014-10-21,珈伟股份,sz300317,27.98,26.64,26.64,27.85,26.82,28.217299,3349947,0.0,0.0,0.0,0.0499,0.0454
2014-10-22,珈伟股份,sz300317,29.5,27.58,28.7,28.58,27.85,28.95693,5903791,0.0,0.0,0.0,0.0689,-0.0041
2014-10-23,珈伟股份,sz300317,28.87,26.61,28.18,26.95,28.58,27.30543,3453191,0.0,0.0,0.0,0.079,-0.0436
2014-10-24,珈伟股份,sz300317,27.0,24.27,26.75,27.0,26.95,27.356081,5127831,0.0,0.0,0.0,0.1012,0.0093
2014-10-27,珈伟股份,sz300317,27.09,25.88,26.07,26.25,27.0,26.596184,3079200,0.0,0.0,0.0,0.0448,0.0069
2014-10-28,珈伟股份,sz300317,26.97,26.12,26.23,26.68,26.25,27.031857,2201005,0.0,0.0,0.0,0.0323,0.0171
2014-10-29,珈伟股份,sz300317,26.88,26.12,26.88,26.22,26.68,26.5658,1847584,0.0,0.0,0.0,0.0284,-0.0245
2014-10-30,珈伟股份,sz300317,26.31,25.6,26.01,25.78,26.22,26.119999,1579009,0.0,0.0,0.0,0.027,-0.0088
2014-10-31,珈伟股份,sz300317,26.34,25.08,25.73,26.15,25.78,26.494873,1399564,0.0,0.0,0.0,0.0488,0.0163
2014-11-03,珈伟股份,sz300317,26.55,25.93,26.15,26.49,26.15,26.83936,1846803,0.0,0.0,0.0,0.0237,0.013
2014-11-04,珈伟股份,sz300317,26.6,25.6,26.5,25.6,26.49,25.93761,1043661,0.0,0.0,0.0,0.0377,-0.0339
2014-11-05,珈伟股份,sz300317,26.24,25.65,25.76,26.16,25.6,26.504995,623960,0.0,0.0,0.0,0.023,0.0155
2014-11-06,珈伟股份,sz300317,26.66,26.05,26.25,26.31,26.16,26.656977,1235845,0.0,0.0,0.0,0.0233,0.0022
2014-11-07,珈伟股份,sz300317,28.1,26.25,26.31,28.0,26.31,28.36926,5629202,0.0,0.0,0.0,0.0703,0.0642
2014-11-10,珈伟股份,sz300317,28.18,27.0,27.8,27.7,28.0,28.065311,2281404,0.0,0.0,0.0,0.0421,-0.0035
2014-11-11,珈伟股份,sz300317,27.68,24.93,27.61,24.93,27.7,25.258781,7907431,0.0,0.0,0.0,0.0992,-0.097
2014-11-12,珈伟股份,sz300317,25.65,24.11,25.0,25.4,24.93,25.734983,1674390,0.0,0.0,0.0,0.0617,0.0159
2014-11-13,珈伟股份,sz300317,25.64,24.3,25.01,24.55,25.4,24.873764,1493290,0.0,0.0,0.0,0.0527,-0.0183
2014-11-14,珈伟股份,sz300317,25.8,24.18,24.18,25.46,24.55,25.79576,1979931,0.0,0.0,0.0,0.0659,0.0529
2014-11-17,珈伟股份,sz300317,26.16,25.25,25.46,25.78,25.46,26.119986,3262900,0.0,0.0,0.0,0.0357,0.0125
2014-11-18,珈伟股份,sz300317,26.0,25.51,25.78,25.98,25.78,26.322624,1358700,0.0,0.0,0.0,0.019,0.0077
2014-11-19,珈伟股份,sz300317,27.0,25.61,25.98,26.65,25.98,27.00146,3149066,0.0,0.0,0.0,0.0535,0.0257
2014-11-20,珈伟股份,sz300317,27.69,26.1,26.7,27.69,26.65,28.055164,4023668,0.0,0.0,0.0,0.0596,0.037
2014-11-21,珈伟股份,sz300317,28.2,27.01,27.8,27.69,27.69,28.055164,2922387,0.0,0.0,0.0,0.0429,-0.0039
2014-11-24,珈伟股份,sz300317,27.98,26.62,27.98,27.05,27.69,27.406725,1820315,0.0,0.0,0.0,0.0491,-0.0332
2014-11-25,珈伟股份,sz300317,27.63,26.65,26.95,26.88,27.05,27.234474,1432843,0.0,0.0,0.0,0.0362,-0.0025
2014-11-26,珈伟股份,sz300317,27.77,26.02,26.8,27.75,26.88,28.115944,2704241,0.0,0.0,0.0,0.0651,0.0354
2014-11-27,珈伟股份,sz300317,27.68,26.85,27.68,26.89,27.75,27.244604,3295157,0.0,0.0,0.0,0.0299,-0.0285
2014-11-28,珈伟股份,sz300317,27.2,26.21,27.0,26.32,26.89,26.667099,2059543,0.0,0.0,0.0,0.0368,-0.0251
2014-12-01,珈伟股份,sz300317,26.66,25.67,26.19,26.02,26.32,26.363148,2574909,0.0,0.0,0.0,0.0376,-0.0064
2014-12-02,珈伟股份,sz300317,26.46,25.68,25.99,26.37,26.02,26.717758,1397282,0.0,0.0,0.0,0.0299,0.0146
2014-12-03,珈伟股份,sz300317,26.84,26.02,26.39,26.61,26.37,26.960917,1480171,0.0,0.0,0.0,0.031,0.0083
2014-12-04,珈伟股份,sz300317,27.2,25.98,26.61,26.0,26.61,26.342865,2546199,0.0,0.0,0.0,0.0458,-0.0229
2014-12-05,珈伟股份,sz300317,25.98,24.6,25.68,24.76,26.0,25.086521,2169685,0.0,0.0,0.0,0.053,-0.0358
2014-12-08,珈伟股份,sz300317,25.0,22.45,24.58,23.49,24.76,23.799784,4828349,0.0,0.0,0.0,0.1029,-0.0443
2014-12-09,珈伟股份,sz300317,23.7,22.5,23.09,23.18,23.49,23.485697,2661560,0.0,0.0,0.0,0.051,0.0038
2014-12-10,珈伟股份,sz300317,24.62,23.02,23.3,24.23,23.18,24.549553,1549971,0.0,0.0,0.0,0.069,0.0399
2014-12-11,珈伟股份,sz300317,25.0,24.0,24.14,24.89,24.23,25.218258,827241,0.0,0.0,0.0,0.0412,0.031
2014-12-12,珈伟股份,sz300317,25.88,24.91,25.3,25.75,24.89,26.0896,1612003,0.0,0.0,0.0,0.0389,0.0177
2014-12-15,珈伟股份,sz300317,27.27,25.35,25.82,26.88,25.75,27.23449,3317412,0.0,0.0,0.0,0.0745,0.041
2014-12-16,珈伟股份,sz300317,26.92,25.72,26.51,26.2,26.88,26.545511,2086111,0.0,0.0,0.0,0.0446,-0.0116
2014-12-17,珈伟股份,sz300317,26.49,25.5,25.78,25.55,26.2,25.886944,956546,0.0,0.0,0.0,0.0377,-0.0089
2014-12-18,珈伟股份,sz300317,26.5,25.38,25.55,26.19,25.55,26.535385,1742485,0.0,0.0,0.0,0.0438,0.025
2014-12-19,珈伟股份,sz300317,27.0,25.6,26.19,26.0,26.19,26.34287,2359193,0.0,0.0,0.0,0.0534,-0.0072
2014-12-22,珈伟股份,sz300317,26.46,24.01,25.88,25.3,26.0,25.633642,979601,0.0,0.0,0.0,0.0942,-0.0224
2014-12-23,珈伟股份,sz300317,25.84,24.89,25.2,25.48,25.3,25.816025,1710372,0.0,0.0,0.0,0.0375,0.0111
2014-12-24,珈伟股份,sz300317,26.35,25.43,25.78,26.0,25.48,26.342878,1496661,0.0,0.0,0.0,0.0361,0.0085
2014-12-25,珈伟股份,sz300317,26.45,25.62,26.03,26.29,26.0,26.636707,1463000,0.0,0.0,0.0,0.0319,0.0099
2014-12-26,珈伟股份,sz300317,26.48,25.83,26.29,26.29,26.29,26.636707,860945,0.0,0.0,0.0,0.0247,0.0
2014-12-29,珈伟股份,sz300317,26.5,25.21,26.02,25.97,26.29,26.312485,1506089,0.0,0.0,0.0,0.049,-0.0019
2014-12-30,珈伟股份,sz300317,26.25,24.42,25.94,24.5,25.97,24.823093,1475278,0.0,0.0,0.0,0.0704,-0.0555
2014-12-31,珈伟股份,sz300317,24.87,24.1,24.4,24.68,24.5,25.005468,847446,0.0,0.0,0.0,0.0314,0.0114
2015-01-01,珈伟股份,sz300317,37.02,37.02,37.02,37.02,24.68,24.6528,0,0.0,0.0,0.0,0.0,0.0
2015-01-02,珈伟股份,sz300317,37.02,37.02,37.02,37.02,37.02,24.6528,0,0.0,0.0,0.0,0.0,0.0
2015-01-05,珈伟股份,sz300317,36.51,34.53,36.51,34.56,37.02,23.0146,15113,0.0,0.0,0.0,0.0534,-0.0534
2015-01-06,珈伟股份,sz300317,35.25,34.215,34.5,35.1,34.56,23.3742,18705,0.0,0.0,0.0,0.0299,0.0173
2015-01-07,珈伟股份,sz300317,34.965,33.855,34.965,34.5,35.1,22.9747,12976,0.0,0.0,0.0,0.0316,-0.0132
2015-01-08,珈伟股份,sz300317,35.505,34.2,34.755,35.37,34.5,23.554,14450,0.0,0.0,0.0,0.0378,0.0176
2015-01-09,珈伟股份,sz300317,36.15,34.545,35.7,34.545,35.37,23.0046,19202,0.0,0.0,0.0,0.0453,-0.0323
2015-01-12,珈伟股份,sz300317,34.485,32.4,34.485,33.075,34.545,22.0257,10743,0.0,0.0,0.0,0.0603,-0.0408
2015-01-13,珈伟股份,sz300317,33.75,32.595,32.595,33.75,33.075,22.4752,7628,0.0,0.0,0.0,0.0349,0.0354
2015-01-14,珈伟股份,sz300317,34.05,33.0,33.75,33.525,33.75,22.3254,5113,0.0,0.0,0.0,0.0311,-0.0066
2015-01-15,珈伟股份,sz300317,33.72,32.715,33.525,33.375,33.525,22.2255,6972,0.0,0.0,0.0,0.0299,-0.0044
2015-01-16,珈伟股份,sz300317,33.795,32.85,33.375,33.57,33.375,22.3554,12476,0.0,0.0,0.0,0.0283,0.0058
2015-01-19,珈伟股份,sz300317,35.07,32.415,33.54,33.75,33.57,22.4752,9357,0.0,0.0,0.0,0.079,0.0062
2015-01-20,珈伟股份,sz300317,34.86,33.75,33.75,34.785,33.75,23.1645,12867,0.0,0.0,0.0,0.0328,0.0306
2015-01-21,珈伟股份,sz300317,35.7,34.695,34.845,34.875,34.785,23.2244,12526,0.0,0.0,0.0,0.0288,8.0E-4
2015-01-22,珈伟股份,sz300317,35.52,34.665,34.95,35.475,34.875,23.624,14174,0.0,0.0,0.0,0.0245,0.015
2015-01-23,珈伟股份,sz300317,35.685,34.74,35.595,34.74,35.475,23.1345,7505,0.0,0.0,0.0,0.0266,-0.024
2015-01-26,珈伟股份,sz300317,35.1,34.32,34.845,34.995,34.74,23.3043,9606,0.0,0.0,0.0,0.0224,0.0043
2015-01-27,珈伟股份,sz300317,37.2,34.635,34.98,36.825,34.995,24.523,26958,0.0,0.0,0.0,0.0732,0.0527
2015-01-28,珈伟股份,sz300317,37.8,36.825,36.825,37.575,36.825,25.0224,20708,0.0,0.0,0.0,0.0264,0.0203
2015-01-29,珈伟股份,sz300317,37.44,36.09,37.05,37.02,37.575,24.6528,10929,0.0,0.0,0.0,0.0359,-8.0E-4
2015-01-30,珈伟股份,sz300317,37.02,36.015,37.02,36.015,37.02,23.9836,3753,0.0,0.0,0.0,0.0271,-0.0271
2015-02-02,珈伟股份,sz300317,36.375,35.265,35.55,36.135,36.015,24.0635,5341,0.0,0.0,0.0,0.0308,0.0164
2015-02-03,珈伟股份,sz300317,36.6,35.79,35.79,36.405,36.135,24.2433,8895,0.0,0.0,0.0,0.0224,0.0171
2015-02-04,珈伟股份,sz300317,36.99,35.55,36.405,36.39,36.405,24.2333,8759,0.0,0.0,0.0,0.0395,-4.0E-4
2015-02-05,珈伟股份,sz300317,36.6,35.925,36.03,36.405,36.39,24.2433,6583,0.0,0.0,0.0,0.0185,0.0104
2015-02-06,珈伟股份,sz300317,37.035,34.23,37.02,34.5,36.405,22.9747,7336,0.0,0.0,0.0,0.077,-0.068
2015-02-09,珈伟股份,sz300317,35.04,33.015,34.215,34.2,34.5,22.7749,7995,0.0,0.0,0.0,0.0586,-4.0E-4
2015-02-10,珈伟股份,sz300317,34.77,33.42,34.2,34.305,34.2,22.8448,5531,0.0,0.0,0.0,0.0394,0.003
2015-02-11,珈伟股份,sz300317,34.905,33.915,34.65,34.275,34.305,22.8248,6223,0.0,0.0,0.0,0.0288,-0.0108
2015-02-12,珈伟股份,sz300317,34.65,33.915,34.425,34.35,34.275,22.8748,3291,0.0,0.0,0.0,0.0214,-0.0021
2015-02-13,珈伟股份,sz300317,34.95,34.215,34.575,34.725,34.35,23.1245,8937,0.0,0.0,0.0,0.0213,0.0043
2015-02-16,珈伟股份,sz300317,36.6,34.47,34.515,36.105,34.725,24.0435,22923,0.0,0.0,0.0,0.0613,0.046
2015-02-17,珈伟股份,sz300317,36.6,35.34,36.105,36.105,36.105,24.0435,10810,0.0,0.0,0.0,0.0348,0.0
2015-02-18,珈伟股份,sz300317,36.105,36.105,36.105,36.105,36.105,24.0435,0,0.0,0.0,0.0,0.0,0.0
2015-02-19,珈伟股份,sz300317,36.105,36.105,36.105,36.105,36.105,24.0435,0,0.0,0.0,0.0,0.0,0.0
2015-02-20,珈伟股份,sz300317,36.105,36.105,36.105,36.105,36.105,24.0435,0,0.0,0.0,0.0,0.0,0.0
2015-02-23,珈伟股份,sz300317,36.105,36.105,36.105,36.105,36.105,24.0435,0,0.0,0.0,0.0,0.0,0.0
2015-02-24,珈伟股份,sz300317,36.105,36.105,36.105,36.105,36.105,24.0435,0,0.0,0.0,0.0,0.0,0.0
2015-02-25,珈伟股份,sz300317,36.3,35.475,35.865,35.85,36.105,23.8737,7259,0.0,0.0,0.0,0.0228,-4.0E-4
2015-02-26,珈伟股份,sz300317,36.345,35.415,35.985,35.925,35.85,23.9236,6568,0.0,0.0,0.0,0.0259,-0.0016
2015-02-27,珈伟股份,sz300317,36.87,35.55,35.895,36.3,35.925,24.1734,21850,0.0,0.0,0.0,0.0367,0.0112
2015-03-02,珈伟股份,sz300317,37.29,36.105,36.75,37.035,36.3,24.6628,13308,0.0,0.0,0.0,0.0326,0.0077
2015-03-03,珈伟股份,sz300317,37.62,36.03,37.035,36.885,37.035,24.5629,23115,0.0,0.0,0.0,0.0429,-0.004
2015-03-04,珈伟股份,sz300317,37.8,36.6,36.885,37.5,36.885,24.9725,15146,0.0,0.0,0.0,0.0325,0.0166
2015-03-05,珈伟股份,sz300317,37.77,36.465,37.485,37.77,37.5,25.1523,20532,0.0,0.0,0.0,0.0347,0.0076
2015-03-06,珈伟股份,sz300317,40.44,37.95,37.95,38.97,37.77,25.9514,29111,0.0,0.0,0.0,0.0659,0.0268
2015-03-09,珈伟股份,sz300317,40.2,38.325,38.7,39.315,38.97,26.1811,19682,0.0,0.0,0.0,0.0481,0.0158
2015-03-10,珈伟股份,sz300317,39.99,38.745,39.315,39.465,39.315,26.281,17154,0.0,0.0,0.0,0.0316,0.0038
2015-03-11,珈伟股份,sz300317,40.05,38.85,39.975,39.51,39.465,26.311,12439,0.0,0.0,0.0,0.0304,-0.0116
2015-03-12,珈伟股份,sz300317,39.975,38.7,39.51,38.955,39.51,25.9414,8930,0.0,0.0,0.0,0.0322,-0.014
2015-03-13,珈伟股份,sz300317,40.2,39.015,39.015,39.96,38.955,26.6107,17227,0.0,0.0,0.0,0.0304,0.0242
2015-03-16,珈伟股份,sz300317,41.94,40.35,40.65,41.685,39.96,27.7594,18670,0.0,0.0,0.0,0.0397,0.0254
2015-03-17,珈伟股份,sz300317,42.27,40.8,41.85,41.115,41.685,27.3798,14044,0.0,0.0,0.0,0.0352,-0.0175
2015-03-18,珈伟股份,sz300317,45.225,42.3,42.3,45.225,41.115,30.1168,11001,0.0,0.0,0.0,0.0711,0.0691
2015-03-19,珈伟股份,sz300317,49.755,47.025,48.0,47.775,45.225,31.8149,46093,0.0,0.0,0.0,0.0603,-0.0046
2015-03-20,珈伟股份,sz300317,48.27,45.795,47.385,46.92,47.775,31.2456,23898,0.0,0.0,0.0,0.0518,-0.0098
2015-03-23,珈伟股份,sz300317,48.9,45.72,47.13,47.775,46.92,31.8149,29192,0.0,0.0,0.0,0.0677,0.0136
2015-03-24,珈伟股份,sz300317,47.685,45.75,47.4,47.295,47.775,31.4953,21798,0.0,0.0,0.0,0.0405,-0.0022
2015-03-25,珈伟股份,sz300317,49.74,46.65,47.265,48.645,47.295,32.3943,27556,0.0,0.0,0.0,0.0653,0.0291
2015-03-26,珈伟股份,sz300317,47.94,45.225,47.4,45.75,48.645,30.4664,20376,0.0,0.0,0.0,0.0558,-0.0348
2015-03-27,珈伟股份,sz300317,47.175,45.465,45.765,46.47,45.75,30.9459,11384,0.0,0.0,0.0,0.0373,0.0154
2015-03-30,珈伟股份,sz300317,47.34,45.96,47.34,46.44,46.47,30.9259,11466,0.0,0.0,0.0,0.0296,-0.019
2015-03-31,珈伟股份,sz300317,47.325,45.735,46.44,46.725,46.44,31.1157,18216,0.0,0.0,0.0,0.0342,0.0061
2015-04-01,珈伟股份,sz300317,47.535,46.2,47.25,47.325,46.725,31.5153,11748,0.0,0.0,0.0,0.0285,0.0015
2015-04-02,珈伟股份,sz300317,49.5,47.355,47.4,49.215,47.325,32.7739,23182,0.0,0.0,0.0,0.0453,0.0382
2015-04-03,珈伟股份,sz300317,49.485,47.475,48.015,48.315,49.215,32.1745,16858,0.0,0.0,0.0,0.0408,0.0062
2015-04-06,珈伟股份,sz300317,48.315,48.315,48.315,48.315,48.315,32.1745,0,0.0,0.0,0.0,0.0,0.0
2015-04-07,珈伟股份,sz300317,48.315,46.74,48.0,48.195,48.315,32.0946,26446,0.0,0.0,0.0,0.0325,0.004
2015-04-08,珈伟股份,sz300317,48.045,45.87,48.0,45.885,48.195,30.5563,20547,0.0,0.0,0.0,0.0451,-0.044
2015-04-09,珈伟股份,sz300317,46.035,41.37,46.035,44.325,45.885,29.5175,20593,0.0,0.0,0.0,0.1016,-0.0371
2015-04-10,珈伟股份,sz300317,45.03,43.05,44.175,44.76,44.325,29.8071,15586,0.0,0.0,0.0,0.0446,0.0132
2015-04-13,珈伟股份,sz300317,45.15,43.98,44.76,44.685,44.76,29.7572,14106,0.0,0.0,0.0,0.0261,-0.0016
2015-04-14,珈伟股份,sz300317,47.07,44.4,44.82,45.75,44.685,30.4664,18667,0.0,0.0,0.0,0.0597,0.0207
2015-04-15,珈伟股份,sz300317,46.32,42.45,45.765,43.065,45.75,28.6784,13820,0.0,0.0,0.0,0.0845,-0.0589
2015-04-16,珈伟股份,sz300317,43.8,42.3,42.735,43.62,43.065,29.048,9898,0.0,0.0,0.0,0.0348,0.0207
2015-04-17,珈伟股份,sz300317,44.19,42.75,43.695,42.9,43.62,28.5685,12066,0.0,0.0,0.0,0.033,-0.0181
2015-04-20,珈伟股份,sz300317,43.485,41.52,42.915,41.655,42.9,27.7394,10775,0.0,0.0,0.0,0.0458,-0.0293
2015-04-21,珈伟股份,sz300317,43.44,41.025,41.025,43.245,41.655,28.7983,14972,0.0,0.0,0.0,0.0579,0.0541
2015-04-22,珈伟股份,sz300317,44.595,43.05,43.485,44.1,43.245,29.3676,16050,0.0,0.0,0.0,0.0357,0.0141
2015-04-23,珈伟股份,sz300317,44.55,42.915,44.55,43.65,44.1,29.068,12826,0.0,0.0,0.0,0.037,-0.0202
2015-04-24,珈伟股份,sz300317,48.015,42.75,43.875,48.015,43.65,31.9748,36513,0.0,0.0,0.0,0.1206,0.0943
2015-04-27,珈伟股份,sz300317,49.125,45.42,47.55,45.45,48.015,30.2666,41041,0.0,0.0,0.0,0.0771,-0.0441
2015-04-28,珈伟股份,sz300317,45.6,42.285,45.6,42.39,45.45,28.2289,30573,0.0,0.0,0.0,0.0729,-0.0703
2015-04-29,珈伟股份,sz300317,45.75,42.75,42.75,44.235,42.39,29.4575,27124,0.0,0.0,0.0,0.0707,0.0347
2015-04-30,珈伟股份,sz300317,44.925,43.2,43.695,43.23,44.235,28.7883,18467,0.0,0.0,0.0,0.0389,-0.0106
2015-05-01,珈伟股份,sz300317,43.23,43.23,43.23,43.23,43.23,28.7883,0,0.0,0.0,0.0,0.0,0.0
2015-05-04,珈伟股份,sz300317,44.175,42.69,42.765,43.32,43.23,28.8482,12886,0.0,0.0,0.0,0.0343,0.0129
2015-05-05,珈伟股份,sz300317,43.815,42.6,43.53,43.365,43.32,28.8782,12512,0.0,0.0,0.0,0.028,-0.0037
2015-05-06,珈伟股份,sz300317,44.385,42.72,43.365,43.575,43.365,29.018,14552,0.0,0.0,0.0,0.0383,0.0048
2015-05-07,珈伟股份,sz300317,47.01,43.215,43.575,46.485,43.575,30.9559,26324,0.0,0.0,0.0,0.087,0.0667
2015-05-08,珈伟股份,sz300317,51.135,45.225,45.75,49.86,46.485,33.2034,52618,0.0,0.0,0.0,0.1271,0.0898
2015-05-11,珈伟股份,sz300317,54.45,48.0,50.97,53.235,49.86,35.4509,51210,0.0,0.0,0.0,0.1293,0.0444
2015-05-12,珈伟股份,sz300317,56.535,51.0,53.235,55.62,53.235,37.0392,44626,0.0,0.0,0.0,0.1039,0.0448
2015-05-13,珈伟股份,sz300317,57.825,52.515,54.03,55.5,55.62,36.9593,27707,0.0,0.0,0.0,0.0954,0.0272
2015-05-14,珈伟股份,sz300317,56.565,54.45,55.11,54.765,55.5,36.4698,18173,0.0,0.0,0.0,0.0381,-0.0062
2015-05-15,珈伟股份,sz300317,57.825,52.86,54.465,56.445,54.765,37.5886,24148,0.0,0.0,0.0,0.0906,0.0363
2015-05-18,珈伟股份,sz300317,59.82,55.68,56.25,59.535,56.445,39.6463,21373,0.0,0.0,0.0,0.0733,0.0583
2015-05-19,珈伟股份,sz300317,59.55,57.48,59.1,58.86,59.535,39.1968,15695,0.0,0.0,0.0,0.0347,-0.004
2015-05-20,珈伟股份,sz300317,61.8,57.99,58.5,58.5,58.86,38.9571,21550,0.0,0.0,0.0,0.0647,0.0
2015-05-21,珈伟股份,sz300317,59.655,56.46,58.665,57.3,58.5,38.1579,22262,0.0,0.0,0.0,0.0546,-0.0232
2015-05-22,珈伟股份,sz300317,59.22,56.64,57.495,57.3,57.3,38.1579,25788,0.0,0.0,0.0,0.045,-0.0033
2015-05-25,珈伟股份,sz300317,63.03,56.4,57.36,63.0,57.3,41.9538,44832,0.0,0.0,0.0,0.1157,0.0983
2015-05-26,珈伟股份,sz300317,66.45,61.515,63.645,66.0,63.0,43.9516,30016,0.0,0.0,0.0,0.0783,0.037
2015-05-27,珈伟股份,sz300317,66.3,62.73,65.7,65.79,66.0,43.8117,21718,0.0,0.0,0.0,0.054,0.0013
2015-05-28,珈伟股份,sz300317,66.72,61.5,65.745,65.1,65.79,43.3522,28160,0.0,0.0,0.0,0.0793,-0.0098
2015-05-29,珈伟股份,sz300317,71.61,63.18,65.025,71.61,65.1,47.6874,29754,0.0,0.0,0.0,0.1294,0.1012
2015-06-01,珈伟股份,sz300317,76.5,73.29,74.385,75.3,71.61,50.1447,30966,0.0,0.0,0.0,0.0448,0.0123
2015-06-02,珈伟股份,sz300317,79.2,73.875,75.285,78.0,75.3,51.9428,17550,0.0,0.0,0.0,0.0707,0.036
2015-06-03,珈伟股份,sz300317,80.205,74.25,77.97,79.89,78.0,53.2014,29609,0.0,0.0,0.0,0.0763,0.0246
2015-06-04,珈伟股份,sz300317,79.905,71.895,78.585,79.8,79.89,53.1414,21571,0.0,0.0,0.0,0.1002,0.0154
2015-06-05,珈伟股份,sz300317,79.8,79.8,79.8,79.8,79.8,53.1414,0,0.0,0.0,0.0,0.0,0.0
2015-06-08,珈伟股份,sz300317,79.8,79.8,79.8,79.8,79.8,53.1414,0,0.0,0.0,0.0,0.0,0.0
2015-06-09,珈伟股份,sz300317,79.8,79.8,79.8,79.8,79.8,53.1414,0,0.0,0.0,0.0,0.0,0.0
2015-06-10,珈伟股份,sz300317,79.8,79.8,79.8,79.8,79.8,53.1414,0,0.0,0.0,0.0,0.0,0.0
2015-06-11,珈伟股份,sz300317,79.8,79.8,79.8,79.8,79.8,53.1414,0,0.0,0.0,0.0,0.0,0.0
2015-06-12,珈伟股份,sz300317,79.8,79.8,79.8,79.8,79.8,53.1414,0,0.0,0.0,0.0,0.0,0.0
2015-06-15,珈伟股份,sz300317,79.8,79.8,79.8,79.8,79.8,53.1414,0,0.0,0.0,0.0,0.0,0.0
2015-06-16,珈伟股份,sz300317,79.8,71.82,79.8,71.82,79.8,47.8273,27398,0.0,0.0,0.0,0.1,-0.1
2015-06-17,珈伟股份,sz300317,73.005,65.25,68.94,72.015,71.82,47.9571,35405,0.0,0.0,0.0,0.1079,0.0446
2015-06-18,珈伟股份,sz300317,72.3,64.905,70.62,69.75,72.015,46.4488,13125,0.0,0.0,0.0,0.1026,-0.0123
2015-06-19,珈伟股份,sz300317,69.075,62.775,68.835,62.805,69.75,41.8239,19850,0.0,0.0,0.0,0.0903,-0.0876
2015-06-22,珈伟股份,sz300317,62.805,62.805,62.805,62.805,62.805,41.8239,0,0.0,0.0,0.0,0.0,0.0
2015-06-23,珈伟股份,sz300317,65.205,57.3,63.735,62.775,62.805,41.8039,20440,0.0,0.0,0.0,0.1258,-0.015
2015-06-24,珈伟股份,sz300317,64.86,60.51,62.925,62.94,62.775,41.9138,10212,0.0,0.0,0.0,0.0692,2.0E-4
2015-06-25,珈伟股份,sz300317,63.87,58.5,62.94,58.875,62.94,39.2068,10178,0.0,0.0,0.0,0.0853,-0.0645
2015-06-26,珈伟股份,sz300317,58.02,52.995,57.03,52.995,58.875,35.2911,13042,0.0,0.0,0.0,0.0853,-0.0707
2015-06-29,珈伟股份,sz300317,54.375,47.7,54.375,47.7,52.995,31.765,14870,0.0,0.0,0.0,0.1259,-0.1227
2015-06-30,珈伟股份,sz300317,52.47,42.93,45.75,50.04,47.7,33.3233,30114,0.0,0.0,0.0,0.1999,0.0937
2015-07-01,珈伟股份,sz300317,53.625,47.25,48.015,51.0,50.04,33.9626,46355,0.0,0.0,0.0,0.1273,0.0621
2015-07-02,珈伟股份,sz300317,51.75,45.9,49.905,49.35,51.0,32.8638,20657,0.0,0.0,0.0,0.1147,-0.0111
2015-07-03,珈伟股份,sz300317,52.485,44.415,47.85,49.125,49.35,32.7139,25047,0.0,0.0,0.0,0.1635,0.0266
2015-07-06,珈伟股份,sz300317,53.955,44.22,52.605,45.42,49.125,30.2467,29192,0.0,0.0,0.0,0.1981,-0.1365
2015-07-07,珈伟股份,sz300317,43.125,40.875,42.015,40.875,45.42,27.22,6220,0.0,0.0,0.0,0.0495,-0.0271
2015-07-08,珈伟股份,sz300317,40.875,40.875,40.875,40.875,40.875,27.25,0,0.0,0.0,0.0,0.0,0.0
2015-07-09,珈伟股份,sz300317,40.875,40.875,40.875,40.875,40.875,27.25,0,0.0,0.0,0.0,0.0,0.0
2015-07-10,珈伟股份,sz300317,40.875,40.875,40.875,40.875,40.875,27.25,0,0.0,0.0,0.0,0.0,0.0
2015-07-13,珈伟股份,sz300317,40.875,40.875,40.875,40.875,40.875,27.25,0,0.0,0.0,0.0,0.0,0.0
2015-07-14,珈伟股份,sz300317,40.875,40.875,40.875,40.875,40.875,27.25,0,0.0,0.0,0.0,0.0,0.0
2015-07-15,珈伟股份,sz300317,40.875,40.875,40.875,40.875,40.875,27.25,0,0.0,0.0,0.0,0.0,0.0
2015-07-16,珈伟股份,sz300317,40.875,40.875,40.875,40.875,40.875,27.25,0,0.0,0.0,0.0,0.0,0.0
2015-07-17,珈伟股份,sz300317,40.875,40.875,40.875,40.875,40.875,27.25,0,0.0,0.0,0.0,0.0,0.0
2015-07-20,珈伟股份,sz300317,40.875,40.875,40.875,40.875,40.875,27.25,0,0.0,0.0,0.0,0.0,0.0
2015-07-21,珈伟股份,sz300317,40.875,40.875,40.875,40.875,40.875,27.25,0,0.0,0.0,0.0,0.0,0.0
2015-07-22,珈伟股份,sz300317,40.875,40.875,40.875,40.875,40.875,27.25,0,0.0,0.0,0.0,0.0,0.0
2015-07-23,珈伟股份,sz300317,40.875,40.875,40.875,40.875,40.875,27.25,0,0.0,0.0,0.0,0.0,0.0
2015-07-24,珈伟股份,sz300317,40.875,40.875,40.875,40.875,40.875,27.25,0,0.0,0.0,0.0,0.0,0.0
2015-07-27,珈伟股份,sz300317,40.875,40.875,40.875,40.875,40.875,27.25,0,0.0,0.0,0.0,0.0,0.0
2015-07-28,珈伟股份,sz300317,40.875,40.875,40.875,40.875,40.875,27.25,0,0.0,0.0,0.0,0.0,0.0
2015-07-29,珈伟股份,sz300317,40.875,40.875,40.875,40.875,40.875,27.25,0,0.0,0.0,0.0,0.0,0.0
2015-07-30,珈伟股份,sz300317,40.875,40.875,40.875,40.875,40.875,27.25,0,0.0,0.0,0.0,0.0,0.0
2015-07-31,珈伟股份,sz300317,40.875,40.875,40.875,40.875,40.875,27.25,0,0.0,0.0,0.0,0.0,0.0
2015-08-03,珈伟股份,sz300317,40.875,40.875,40.875,40.875,40.875,27.25,0,0.0,0.0,0.0,0.0,0.0
2015-08-04,珈伟股份,sz300317,40.875,40.875,40.875,40.875,40.875,27.25,0,0.0,0.0,0.0,0.0,0.0
2015-08-05,珈伟股份,sz300317,40.875,40.875,40.875,40.875,40.875,27.25,0,0.0,0.0,0.0,0.0,0.0
2015-08-06,珈伟股份,sz300317,40.875,40.875,40.875,40.875,40.875,27.25,0,0.0,0.0,0.0,0.0,0.0
2015-08-07,珈伟股份,sz300317,40.875,40.875,40.875,40.875,40.875,27.25,0,0.0,0.0,0.0,0.0,0.0
2015-08-10,珈伟股份,sz300317,40.875,40.875,40.875,40.875,40.875,27.25,0,0.0,0.0,0.0,0.0,0.0
2015-08-11,珈伟股份,sz300317,40.875,40.875,40.875,40.875,40.875,27.25,0,0.0,0.0,0.0,0.0,0.0
2015-08-12,珈伟股份,sz300317,40.875,40.875,40.875,40.875,40.875,27.25,0,0.0,0.0,0.0,0.0,0.0
2015-08-13,珈伟股份,sz300317,40.875,40.875,40.875,40.875,40.875,27.25,0,0.0,0.0,0.0,0.0,0.0
2015-08-14,珈伟股份,sz300317,40.875,40.875,40.875,40.875,40.875,27.25,0,0.0,0.0,0.0,0.0,0.0
2015-08-17,珈伟股份,sz300317,40.875,40.875,40.875,40.875,40.875,27.25,0,0.0,0.0,0.0,0.0,0.0
2015-08-18,珈伟股份,sz300317,40.875,40.875,40.875,40.875,40.875,27.25,0,0.0,0.0,0.0,0.0,0.0
2015-08-19,珈伟股份,sz300317,40.875,40.875,40.875,40.875,40.875,27.25,0,0.0,0.0,0.0,0.0,0.0
2015-08-20,珈伟股份,sz300317,40.875,40.875,40.875,40.875,40.875,27.25,0,0.0,0.0,0.0,0.0,0.0
2015-08-21,珈伟股份,sz300317,40.875,40.875,40.875,40.875,40.875,27.25,0,0.0,0.0,0.0,0.0,0.0
2015-08-24,珈伟股份,sz300317,40.875,40.875,40.875,40.875,40.875,27.25,0,0.0,0.0,0.0,0.0,0.0
2015-08-25,珈伟股份,sz300317,40.875,40.875,40.875,40.875,40.875,27.25,0,0.0,0.0,0.0,0.0,0.0
2015-08-26,珈伟股份,sz300317,40.875,40.875,40.875,40.875,40.875,27.25,0,0.0,0.0,0.0,0.0,0.0
2015-08-27,珈伟股份,sz300317,40.875,40.875,40.875,40.875,40.875,27.25,0,0.0,0.0,0.0,0.0,0.0
2015-08-28,珈伟股份,sz300317,40.875,40.875,40.875,40.875,40.875,27.25,0,0.0,0.0,0.0,0.0,0.0
2015-08-31,珈伟股份,sz300317,40.875,40.875,40.875,40.875,40.875,27.25,0,0.0,0.0,0.0,0.0,0.0
2015-09-01,珈伟股份,sz300317,40.875,40.875,40.875,40.875,40.875,27.25,0,0.0,0.0,0.0,0.0,0.0
2015-09-02,珈伟股份,sz300317,40.875,40.875,40.875,40.875,40.875,27.25,0,0.0,0.0,0.0,0.0,0.0
2015-09-03,珈伟股份,sz300317,40.875,40.875,40.875,40.875,40.875,27.25,0,0.0,0.0,0.0,0.0,0.0
2015-09-04,珈伟股份,sz300317,40.875,40.875,40.875,40.875,40.875,27.25,0,0.0,0.0,0.0,0.0,0.0
2015-09-07,珈伟股份,sz300317,40.875,40.875,40.875,40.875,40.875,27.25,0,0.0,0.0,0.0,0.0,0.0
2015-09-08,珈伟股份,sz300317,40.875,40.875,40.875,40.875,40.875,27.25,0,0.0,0.0,0.0,0.0,0.0
2015-09-09,珈伟股份,sz300317,40.875,40.875,40.875,40.875,40.875,27.25,0,0.0,0.0,0.0,0.0,0.0
2015-09-10,珈伟股份,sz300317,40.875,40.875,40.875,40.875,40.875,27.25,0,0.0,0.0,0.0,0.0,0.0
2015-09-11,珈伟股份,sz300317,40.875,40.875,40.875,40.875,40.875,27.25,0,0.0,0.0,0.0,0.0,0.0
2015-09-14,珈伟股份,sz300317,40.875,40.875,40.875,40.875,40.875,27.25,0,0.0,0.0,0.0,0.0,0.0
2015-09-15,珈伟股份,sz300317,40.875,40.875,40.875,40.875,40.875,27.25,0,0.0,0.0,0.0,0.0,0.0
2015-09-16,珈伟股份,sz300317,40.875,40.875,40.875,40.875,40.875,27.25,0,0.0,0.0,0.0,0.0,0.0
2015-09-17,珈伟股份,sz300317,40.875,40.875,40.875,40.875,40.875,27.25,0,0.0,0.0,0.0,0.0,0.0
2015-09-18,珈伟股份,sz300317,40.875,40.875,40.875,40.875,40.875,27.25,0,0.0,0.0,0.0,0.0,0.0
2015-09-21,珈伟股份,sz300317,40.875,40.875,40.875,40.875,40.875,27.25,0,0.0,0.0,0.0,0.0,0.0
2015-09-22,珈伟股份,sz300317,40.875,40.875,40.875,40.875,40.875,27.25,0,0.0,0.0,0.0,0.0,0.0
2015-09-23,珈伟股份,sz300317,40.875,40.875,40.875,40.875,40.875,27.25,0,0.0,0.0,0.0,0.0,0.0
2015-09-24,珈伟股份,sz300317,40.875,40.875,40.875,40.875,40.875,27.25,0,0.0,0.0,0.0,0.0,0.0
2015-09-25,珈伟股份,sz300317,40.875,40.875,40.875,40.875,40.875,27.25,0,0.0,0.0,0.0,0.0,0.0
2015-09-28,珈伟股份,sz300317,43.125,40.875,42.015,40.875,40.875,27.25,6220,0.0,0.0,0.0,0.055,-0.0271
2015-09-29,珈伟股份,sz300317,40.875,40.875,40.875,40.875,40.875,27.25,0,0.0,0.0,0.0,0.0,0.0
2015-09-30,珈伟股份,sz300317,40.875,40.875,40.875,40.875,40.875,27.25,0,0.0,0.0,0.0,0.0,0.0
2015-10-01,珈伟股份,sz300317,40.875,40.875,40.875,40.875,40.875,27.25,0,0.0,0.0,0.0,0.0,0.0
2015-10-02,珈伟股份,sz300317,40.875,40.875,40.875,40.875,40.875,27.25,0,0.0,0.0,0.0,0.0,0.0
2015-10-05,珈伟股份,sz300317,40.875,40.875,40.875,40.875,40.875,27.25,0,0.0,0.0,0.0,0.0,0.0
2015-10-06,珈伟股份,sz300317,40.875,40.875,40.875,40.875,40.875,27.25,0,0.0,0.0,0.0,0.0,0.0
2015-10-07,珈伟股份,sz300317,40.875,40.875,40.875,40.875,40.875,27.25,0,0.0,0.0,0.0,0.0,0.0
2015-10-08,珈伟股份,sz300317,40.875,40.875,40.875,40.875,40.875,27.25,0,0.0,0.0,0.0,0.0,0.0
2015-10-09,珈伟股份,sz300317,40.875,40.875,40.875,40.875,40.875,27.25,0,0.0,0.0,0.0,0.0,0.0
2015-10-12,珈伟股份,sz300317,40.875,40.875,40.875,40.875,40.875,27.25,0,0.0,0.0,0.0,0.0,0.0
2015-10-13,珈伟股份,sz300317,40.875,40.875,40.875,40.875,40.875,27.25,0,0.0,0.0,0.0,0.0,0.0
2015-10-14,珈伟股份,sz300317,27.25,27.25,27.25,27.25,40.875,18.1667,0,0.0,0.0,0.0,0.0,0.0
2015-10-15,珈伟股份,sz300317,27.25,27.25,27.25,27.25,27.25,18.1667,0,0.0,0.0,0.0,0.0,0.0
2015-10-16,珈伟股份,sz300317,27.25,27.25,27.25,27.25,27.25,27.25,0,0.0,0.0,0.0,0.0,0.0
2015-10-19,珈伟股份,sz300317,18.1667,18.1667,18.1667,18.1667,27.25,18.1667,0,0.0,0.0,0.0,0.0,0.0
2015-10-20,珈伟股份,sz300317,18.1667,18.1667,18.1667,18.1667,18.1667,18.1667,0,0.0,0.0,0.0,0.0,0.0
2015-10-21,珈伟股份,sz300317,18.1667,18.1667,18.1667,18.1667,18.1667,18.1667,0,0.0,0.0,0.0,0.0,0.0
2015-10-22,珈伟股份,sz300317,18.1667,18.1667,18.1667,18.1667,18.1667,18.1667,0,0.0,0.0,0.0,0.0,0.0
2015-10-23,珈伟股份,sz300317,18.1667,18.1667,18.1667,18.1667,18.1667,18.1667,0,0.0,0.0,0.0,0.0,0.0
2015-10-26,珈伟股份,sz300317,18.1667,18.1667,18.1667,18.1667,18.1667,18.1667,0,0.0,0.0,0.0,0.0,0.0
2015-10-27,珈伟股份,sz300317,18.1667,18.1667,18.1667,18.1667,18.1667,18.1667,0,0.0,0.0,0.0,0.0,0.0
2015-10-28,珈伟股份,sz300317,18.1667,18.1667,18.1667,18.1667,18.1667,18.1667,0,0.0,0.0,0.0,0.0,0.0
2015-10-29,珈伟股份,sz300317,18.1667,18.1667,18.1667,18.1667,18.1667,18.1667,0,0.0,0.0,0.0,0.0,0.0
2015-10-30,珈伟股份,sz300317,18.1667,18.1667,18.1667,18.1667,18.1667,18.1667,0,0.0,0.0,0.0,0.0,0.0
2015-11-02,珈伟股份,sz300317,18.1667,18.1667,18.1667,18.1667,18.1667,18.1667,0,0.0,0.0,0.0,0.0,0.0
2015-11-03,珈伟股份,sz300317,0.0,0.0,0.0,0.0,18.1667,0.0,0,0.0,0.0,0.0,0.0,0.0
2015-11-04,珈伟股份,sz300317,0.0,0.0,0.0,0.0,0.0,0.0,0,0.0,0.0,0.0,0.0,0.0
2015-11-05,珈伟股份,sz300317,0.0,0.0,0.0,0.0,0.0,0.0,0,0.0,0.0,0.0,0.0,0.0
2015-11-06,珈伟股份,sz300317,0.0,0.0,0.0,0.0,0.0,0.0,0,0.0,0.0,0.0,0.0,0.0
2015-11-09,珈伟股份,sz300317,0.0,0.0,0.0,0.0,0.0,0.0,0,0.0,0.0,0.0,0.0,0.0
2015-11-10,珈伟股份,sz300317,0.0,0.0,0.0,0.0,0.0,0.0,0,0.0,0.0,0.0,0.0,0.0
2015-11-11,珈伟股份,sz300317,0.0,0.0,0.0,0.0,0.0,0.0,0,0.0,0.0,0.0,0.0,0.0
2015-11-12,珈伟股份,sz300317,0.0,0.0,0.0,0.0,0.0,0.0,0,0.0,0.0,0.0,0.0,0.0
2015-11-13,珈伟股份,sz300317,0.0,0.0,0.0,0.0,0.0,0.0,0,0.0,0.0,0.0,0.0,0.0
2015-11-16,珈伟股份,sz300317,0.0,0.0,0.0,0.0,0.0,0.0,0,0.0,0.0,0.0,0.0,0.0
2015-11-17,珈伟股份,sz300317,0.0,0.0,0.0,0.0,0.0,0.0,0,0.0,0.0,0.0,0.0,0.0
2015-11-18,珈伟股份,sz300317,0.0,0.0,0.0,0.0,0.0,0.0,0,0.0,0.0,0.0,0.0,0.0
2015-11-19,珈伟股份,sz300317,0.0,0.0,0.0,0.0,0.0,0.0,0,0.0,0.0,0.0,0.0,0.0
2015-11-20,珈伟股份,sz300317,0.0,0.0,0.0,0.0,0.0,0.0,0,0.0,0.0,0.0,0.0,0.0
2015-11-23,珈伟股份,sz300317,0.0,0.0,0.0,0.0,0.0,0.0,0,0.0,0.0,0.0,0.0,0.0
2015-11-24,珈伟股份,sz300317,0.0,0.0,0.0,0.0,0.0,0.0,0,0.0,0.0,0.0,0.0,0.0
2015-11-25,珈伟股份,sz300317,0.0,0.0,0.0,0.0,0.0,0.0,0,0.0,0.0,0.0,0.0,0.0
2015-11-26,珈伟股份,sz300317,0.0,0.0,0.0,0.0,0.0,0.0,0,0.0,0.0,0.0,0.0,0.0
2015-11-27,珈伟股份,sz300317,0.0,0.0,0.0,0.0,0.0,0.0,0,0.0,0.0,0.0,0.0,0.0
2015-11-30,珈伟股份,sz300317,0.0,0.0,0.0,0.0,0.0,0.0,0,0.0,0.0,0.0,0.0,0.0
2015-12-01,珈伟股份,sz300317,19.97,19.97,19.97,19.97,0.0,19.97,519,0.0,0.0,0.0,0.0,0.0
2015-12-02,珈伟股份,sz300317,21.97,21.97,21.97,21.97,19.97,21.97,58,0.0,0.0,0.0,0.0,0.0
2015-12-03,珈伟股份,sz300317,24.17,24.17,24.17,24.17,21.97,24.17,160,0.0,0.0,0.0,0.0,0.0
2015-12-04,珈伟股份,sz300317,26.59,26.59,26.59,26.59,24.17,26.59,253,0.0,0.0,0.0,0.0,0.0
2015-12-07,珈伟股份,sz300317,29.25,28.0,29.25,29.25,26.59,29.25,256006,0.0,0.0,0.0,0.047,0.0
2015-12-08,珈伟股份,sz300317,28.93,26.33,28.93,27.9,29.25,27.9,244368,0.0,0.0,0.0,0.0888,-0.0356
2015-12-09,珈伟股份,sz300317,27.43,25.54,27.17,26.31,27.9,26.31,134029,0.0,0.0,0.0,0.0677,-0.0316
2015-12-10,珈伟股份,sz300317,26.51,25.52,26.21,26.02,26.31,26.02,86798,0.0,0.0,0.0,0.0376,-0.0072
2015-12-11,珈伟股份,sz300317,26.08,25.26,26.02,25.53,26.02,25.53,58848,0.0,0.0,0.0,0.0315,-0.0188
2015-12-14,珈伟股份,sz300317,25.87,24.81,24.81,25.82,25.53,25.82,59602,0.0,0.0,0.0,0.0415,0.0407
2015-12-15,珈伟股份,sz300317,25.99,25.0,25.7,25.75,25.82,25.75,59326,0.0,0.0,0.0,0.0383,0.0019
2015-12-16,珈伟股份,sz300317,27.0,25.42,25.8,26.33,25.75,26.33,102631,0.0,0.0,0.0,0.0613,0.0205
2015-12-17,珈伟股份,sz300317,27.95,26.08,26.22,27.69,26.33,27.69,126853,0.0,0.0,0.0,0.071,0.056
2015-12-18,珈伟股份,sz300317,28.2,26.7,27.3,26.72,27.69,26.72,84502,0.0,0.0,0.0,0.0541,-0.0212
2015-12-21,珈伟股份,sz300317,27.38,26.3,26.36,26.96,26.72,26.96,66864,0.0,0.0,0.0,0.0404,0.0227
2015-12-22,珈伟股份,sz300317,26.95,25.81,26.85,26.1,26.96,26.1,72765,0.0,0.0,0.0,0.0422,-0.0279
2015-12-23,珈伟股份,sz300317,26.35,25.45,26.05,25.56,26.1,25.56,44137,0.0,0.0,0.0,0.0344,-0.0188
2015-12-24,珈伟股份,sz300317,26.14,24.82,25.57,25.99,25.56,25.99,42682,0.0,0.0,0.0,0.0516,0.0164
2015-12-25,珈伟股份,sz300317,26.78,25.71,25.98,26.45,25.99,26.45,43476,0.0,0.0,0.0,0.0411,0.018
2015-12-28,珈伟股份,sz300317,27.1,25.15,26.7,25.21,26.45,25.21,46707,0.0,0.0,0.0,0.0737,-0.0558
2015-12-29,珈伟股份,sz300317,25.6,25.0,25.17,25.55,25.21,25.55,26315,0.0,0.0,0.0,0.0238,0.015
2015-12-30,珈伟股份,sz300317,25.73,25.01,25.55,25.5,25.55,25.5,27234,0.0,0.0,0.0,0.0281,-0.0019
2015-12-31,珈伟股份,sz300317,25.55,24.64,25.5,24.64,25.5,24.64,32601,0.0,0.0,0.0,0.0356,-0.0337
2016-01-01,珈伟股份,sz300317,25.55,24.64,25.5,24.64,24.64,24.64,32601,0.0,0.0,0.0,0.0369,-0.0337
2016-01-04,珈伟股份,sz300317,24.79,22.19,24.64,22.19,24.64,22.19,34692,0.0,0.0,0.0,0.1055,-0.0994
2016-01-05,珈伟股份,sz300317,22.39,20.27,20.27,21.78,22.19,21.78,51587,0.0,0.0,0.0,0.0955,0.0744
2016-01-06,珈伟股份,sz300317,22.98,21.6,22.0,22.96,21.78,22.96,33768,0.0,0.0,0.0,0.0633,0.0436
2016-01-07,珈伟股份,sz300317,22.59,20.66,22.55,20.69,22.96,20.69,8515,0.0,0.0,0.0,0.084,-0.0824
2016-01-08,珈伟股份,sz300317,22.09,19.5,20.69,21.01,20.69,21.01,39366,0.0,0.0,0.0,0.1251,0.0154
2016-01-11,珈伟股份,sz300317,21.3,19.6,20.41,19.62,21.01,19.62,36601,0.0,0.0,0.0,0.0809,-0.0387
2016-01-12,珈伟股份,sz300317,19.88,18.61,19.15,19.24,19.62,19.24,32248,0.0,0.0,0.0,0.0647,0.0046
2016-01-13,珈伟股份,sz300317,19.65,17.86,19.5,18.24,19.24,18.24,26503,0.0,0.0,0.0,0.093,-0.0646
2016-01-14,珈伟股份,sz300317,19.25,17.42,17.98,19.19,18.24,19.19,37623,0.0,0.0,0.0,0.1003,0.0672
2016-01-15,珈伟股份,sz300317,19.0,17.82,18.95,18.79,19.19,18.79,36674,0.0,0.0,0.0,0.0614,-0.0084
2016-01-18,珈伟股份,sz300317,19.48,18.19,18.24,19.08,18.79,19.08,33183,0.0,0.0,0.0,0.0686,0.046
2016-01-19,珈伟股份,sz300317,19.75,18.61,19.1,19.59,19.08,19.59,36933,0.0,0.0,0.0,0.0597,0.0256
2016-01-20,珈伟股份,sz300317,19.8,19.03,19.58,19.79,19.59,19.79,39241,0.0,0.0,0.0,0.0393,0.0107
2016-01-21,珈伟股份,sz300317,21.77,19.45,19.46,21.75,19.79,21.75,103156,0.0,0.0,0.0,0.1172,0.1176
2016-01-22,珈伟股份,sz300317,23.93,20.8,21.5,23.93,21.75,23.93,92041,0.0,0.0,0.0,0.1439,0.113
2016-01-25,珈伟股份,sz300317,26.07,24.18,24.61,25.29,23.93,25.29,159520,0.0,0.0,0.0,0.0789,0.0276
2016-01-26,珈伟股份,sz300317,25.85,22.76,24.9,22.76,25.29,22.76,100049,0.0,0.0,0.0,0.1221,-0.0859
2016-01-27,珈伟股份,sz300317,23.26,20.8,22.32,22.79,22.76,22.79,80683,0.0,0.0,0.0,0.108,0.021
2016-01-28,珈伟股份,sz300317,22.64,20.51,22.3,20.51,22.79,20.51,70378,0.0,0.0,0.0,0.0934,-0.0802
2016-01-29,珈伟股份,sz300317,21.3,19.5,20.5,20.7,20.51,20.7,63320,0.0,0.0,0.0,0.0877,0.0097
2016-02-01,珈伟股份,sz300317,20.82,18.63,20.81,18.73,20.7,18.73,59886,0.0,0.0,0.0,0.1057,-0.0999
2016-02-02,珈伟股份,sz300317,19.88,18.79,19.0,19.58,18.73,19.58,45323,0.0,0.0,0.0,0.0581,0.0305
2016-02-03,珈伟股份,sz300317,20.75,18.31,19.29,20.75,19.58,20.75,59834,0.0,0.0,0.0,0.1246,0.0756
2016-02-04,珈伟股份,sz300317,21.68,20.6,20.67,21.14,20.75,21.14,56766,0.0,0.0,0.0,0.052,0.0227
2016-02-05,珈伟股份,sz300317,21.2,19.41,20.88,20.1,21.14,20.1,41360,0.0,0.0,0.0,0.0846,-0.0373
2016-02-08,珈伟股份,sz300317,21.2,19.41,20.88,20.1,20.1,20.1,41360,0.0,0.0,0.0,0.089,-0.0373
2016-02-09,珈伟股份,sz300317,21.2,19.41,20.88,20.1,20.1,20.1,41360,0.0,0.0,0.0,0.089,-0.0373
2016-02-10,珈伟股份,sz300317,21.2,19.41,20.88,20.1,20.1,20.1,41360,0.0,0.0,0.0,0.089,-0.0373
2016-02-11,珈伟股份,sz300317,21.2,19.41,20.88,20.1,20.1,20.1,41360,0.0,0.0,0.0,0.089,-0.0373
2016-02-12,珈伟股份,sz300317,21.2,19.41,20.88,20.1,20.1,20.1,41360,0.0,0.0,0.0,0.089,-0.0373
2016-02-15,珈伟股份,sz300317,20.2,18.81,19.15,20.0,20.1,20.0,31817,0.0,0.0,0.0,0.0691,0.0443
2016-02-16,珈伟股份,sz300317,21.49,20.15,20.15,21.48,20.0,21.48,49710,0.0,0.0,0.0,0.0669,0.066
2016-02-17,珈伟股份,sz300317,22.26,20.82,21.4,21.76,21.48,21.76,65067,0.0,0.0,0.0,0.067,0.0168
2016-02-18,珈伟股份,sz300317,22.46,21.31,21.8,21.35,21.76,21.35,53266,0.0,0.0,0.0,0.0528,-0.0206
2016-02-19,珈伟股份,sz300317,21.97,21.13,21.3,21.51,21.35,21.51,39970,0.0,0.0,0.0,0.0393,0.0098
2016-02-22,珈伟股份,sz300317,22.3,21.61,21.68,22.1,21.51,22.1,45489,0.0,0.0,0.0,0.032,0.0193
2016-02-23,珈伟股份,sz300317,22.05,21.14,22.0,21.49,22.1,21.49,42849,0.0,0.0,0.0,0.0411,-0.0231
2016-02-24,珈伟股份,sz300317,21.79,20.6,21.21,21.43,21.49,21.43,31595,0.0,0.0,0.0,0.0553,0.0103
2016-02-25,珈伟股份,sz300317,21.57,19.29,21.35,19.29,21.43,19.29,36731,0.0,0.0,0.0,0.1063,-0.0964
2016-02-26,珈伟股份,sz300317,19.59,17.61,19.0,18.2,19.29,18.2,41913,0.0,0.0,0.0,0.1026,-0.0421
2016-02-29,珈伟股份,sz300317,18.47,16.38,18.2,16.74,18.2,16.74,35841,0.0,0.0,0.0,0.1148,-0.0802
2016-03-01,珈伟股份,sz300317,17.5,16.37,16.8,17.25,16.74,17.25,26896,0.0,0.0,0.0,0.0675,0.0267
2016-03-02,珈伟股份,sz300317,18.67,17.0,17.1,18.23,17.25,18.23,29678,0.0,0.0,0.0,0.0968,0.066
2016-03-03,珈伟股份,sz300317,18.59,18.09,18.09,18.2,18.23,18.2,27068,0.0,0.0,0.0,0.0274,0.006
2016-03-04,珈伟股份,sz300317,18.25,16.66,17.86,16.78,18.2,16.78,29069,0.0,0.0,0.0,0.0873,-0.0604
2016-03-07,珈伟股份,sz300317,17.69,17.08,17.08,17.36,16.78,17.36,24819,0.0,0.0,0.0,0.0363,0.0163
2016-03-08,珈伟股份,sz300317,17.7,16.39,17.36,17.7,17.36,17.7,31332,0.0,0.0,0.0,0.0754,0.0195
2016-03-09,珈伟股份,sz300317,17.68,17.07,17.16,17.35,17.7,17.35,20998,0.0,0.0,0.0,0.0344,0.011
2016-03-10,珈伟股份,sz300317,17.78,17.16,17.36,17.23,17.35,17.23,19430,0.0,0.0,0.0,0.0357,-0.0074
2016-03-11,珈伟股份,sz300317,0.0,0.0,0.0,0.0,17.23,0.0,0,0.0,0.0,0.0,0.0,0.0
2016-03-14,珈伟股份,sz300317,0.0,0.0,0.0,0.0,0.0,0.0,0,0.0,0.0,0.0,0.0,0.0
2016-03-15,珈伟股份,sz300317,0.0,0.0,0.0,0.0,0.0,0.0,0,0.0,0.0,0.0,0.0,0.0
2016-03-16,珈伟股份,sz300317,0.0,0.0,0.0,0.0,0.0,0.0,0,0.0,0.0,0.0,0.0,0.0
2016-03-17,珈伟股份,sz300317,0.0,0.0,0.0,0.0,0.0,0.0,0,0.0,0.0,0.0,0.0,0.0
2016-03-18,珈伟股份,sz300317,18.95,18.95,18.95,18.95,0.0,18.95,3760,0.0,0.0,0.0,0.0,0.0
2016-03-21,珈伟股份,sz300317,20.8,19.79,20.6,20.8,18.95,20.8,76768,0.0,0.0,0.0,0.0532,0.0097
2016-03-22,珈伟股份,sz300317,22.8,20.11,20.7,22.13,20.8,22.13,78916,0.0,0.0,0.0,0.1293,0.069
2016-03-23,珈伟股份,sz300317,22.25,21.1,22.25,21.7,22.13,21.7,55133,0.0,0.0,0.0,0.0519,-0.0247
2016-03-24,珈伟股份,sz300317,22.18,21.12,21.63,21.88,21.7,21.88,57863,0.0,0.0,0.0,0.0488,0.0115
2016-03-25,珈伟股份,sz300317,22.3,21.6,21.68,22.27,21.88,22.27,43218,0.0,0.0,0.0,0.0319,0.0272
