2016-03-25
2012-06-04,华灿光电,sz300323,20.15,19.61999,19.80001,20.07001,19.91999,5.77942,45352000,0.268753,0.0,0.0,0.0266,0.0136
2012-06-05,华灿光电,sz300323,20.49,19.81,20.31001,20.49,20.07001,5.90036,34702300,0.205644,0.0,0.0,0.0338,0.0088
2012-06-06,华灿光电,sz300323,21.63999,20.85001,20.99,21.19999,20.49,6.10481,38777300,0.229791,0.0,0.0,0.0385,0.01
2012-06-07,华灿光电,sz300323,21.4,20.58001,20.99999,21.19001,21.19999,6.10194,24897900,0.147544,0.0,0.0,0.0386,0.009
2012-06-08,华灿光电,sz300323,21.13999,20.45,21.08001,20.49999,21.19001,5.90324,15779800,0.09351,0.0,0.0,0.0325,-0.0275
2012-06-11,华灿光电,sz300323,21.29001,20.11,20.52,21.03,20.49999,6.05586,16076500,0.095268,0.0,0.0,0.0575,0.0248
2012-06-12,华灿光电,sz300323,20.99,19.78999,20.99,20.00001,21.03,5.75926,24025700,0.142375,0.0,0.0,0.057,-0.0471
2012-06-13,华灿光电,sz300323,20.79,19.80001,20.00001,20.49999,20.00001,5.90324,23856000,0.141369,0.0,0.0,0.0494,0.0249
2012-06-14,华灿光电,sz300323,20.95001,20.15999,20.41001,20.39,20.49999,5.87156,17172400,0.101763,0.0,0.0,0.0385,-9.0E-4
2012-06-15,华灿光电,sz300323,20.64002,19.80001,20.39998,20.12998,20.39,5.79669,11938200,0.070745,0.0,0.0,0.0411,-0.0132
2012-06-18,华灿光电,sz300323,20.56998,19.94001,20.15999,20.39998,20.12998,5.87444,16937600,0.100371,0.0,0.0,0.0312,0.0119
2012-06-19,华灿光电,sz300323,20.28999,19.41,20.22999,19.61,20.39998,5.64695,20045800,0.11879,0.0,0.0,0.0431,-0.0306
2012-06-20,华灿光电,sz300323,20.01999,19.50001,19.60001,19.71,19.61,5.67575,11368400,0.067368,0.0,0.0,0.0265,0.0056
2012-06-21,华灿光电,sz300323,19.70001,19.09001,19.57001,19.09001,19.71,5.49722,13618300,0.080701,0.0,0.0,0.0309,-0.0245
2012-06-22,华灿光电,sz300323,19.09001,19.09001,19.09001,19.09001,19.09001,5.49722,0,0.0,0.0,0.0,0.0,0.0
2012-06-25,华灿光电,sz300323,19.27999,18.63,19.0,19.0,19.09001,5.4713,9349100,0.055402,0.0,0.0,0.034,0.0
2012-06-26,华灿光电,sz300323,19.33001,18.73999,18.92001,19.17,19.0,5.52025,8016400,0.047505,0.0,0.0,0.031,0.0132
2012-06-27,华灿光电,sz300323,19.54999,18.9,19.1,19.13001,19.17,5.50873,11944500,0.070783,0.0,0.0,0.0339,0.0015
2012-06-28,华灿光电,sz300323,19.24999,17.99999,19.1,18.08001,19.13001,5.20637,11662700,0.069112,0.0,0.0,0.0653,-0.0534
2012-06-29,华灿光电,sz300323,17.94001,17.30001,17.88001,17.84001,18.08001,5.13726,13162800,0.078002,0.0,0.0,0.0353,-0.0022
2012-07-02,华灿光电,sz300323,18.26999,17.52,17.95001,17.65999,17.84001,5.08542,15838100,0.093856,0.0,0.0,0.042,-0.0161
2012-07-03,华灿光电,sz300323,19.43001,17.55,17.69999,19.00999,17.65999,5.47417,33438600,0.198155,0.0,0.0,0.1064,0.074
2012-07-04,华灿光电,sz300323,18.87999,17.92999,18.76,18.02,19.00999,5.18909,25427300,0.150681,0.0,0.0,0.0499,-0.0394
2012-07-05,华灿光电,sz300323,18.08001,17.30001,18.08001,17.58,18.02,5.06239,17523600,0.103844,0.0,0.0,0.0432,-0.0276
2012-07-06,华灿光电,sz300323,17.96999,17.31999,17.62999,17.89999,17.58,5.15453,13096200,0.077607,0.0,0.0,0.0369,0.0153
2012-07-09,华灿光电,sz300323,17.78001,16.80001,17.68001,16.84999,17.89999,4.85217,11944200,0.070781,0.0,0.0,0.0547,-0.0469
2012-07-10,华灿光电,sz300323,16.67999,15.69,16.67999,15.69999,16.84999,4.52102,16609600,0.098427,0.0,0.0,0.0587,-0.0587
2012-07-11,华灿光电,sz300323,15.83999,15.42,15.59,15.53,15.69999,4.47206,12635800,0.074879,0.0,0.0,0.0267,-0.0038
2012-07-12,华灿光电,sz300323,16.16001,15.68001,15.69999,16.05001,15.53,4.62181,14982100,0.088783,0.0,0.0,0.0309,0.0222
2012-07-13,华灿光电,sz300323,14.89998,14.44999,14.89998,14.44999,16.05001,4.16106,18829300,0.111581,0.0,0.0,0.028,-0.0302
2012-07-16,华灿光电,sz300323,13.89002,13.08002,13.57,13.2,14.44999,3.80111,24054700,0.142547,0.0,0.0,0.056,-0.0272
2012-07-17,华灿光电,sz300323,13.5,12.99999,13.20999,13.46001,13.2,3.87598,17568500,0.10411,0.0,0.0,0.0378,0.0189
2012-07-18,华灿光电,sz300323,13.47999,13.06999,13.30999,13.4,13.46001,3.8587,11745900,0.069605,0.0,0.0,0.0304,0.0067
2012-07-19,华灿光电,sz300323,13.97,13.40999,13.40999,13.60999,13.4,3.91917,20545400,0.121751,0.0,0.0,0.0417,0.0149
2012-07-20,华灿光电,sz300323,13.74,12.99999,13.42001,13.3,13.60999,3.82991,11177600,0.066238,0.0,0.0,0.0543,-0.0089
2012-07-23,华灿光电,sz300323,13.3,12.79999,13.06,13.15001,13.3,3.78672,8183600,0.048495,0.0,0.0,0.0375,0.0068
2012-07-24,华灿光电,sz300323,13.72002,12.99999,12.99999,13.5,13.15001,3.8875,12258900,0.072645,0.0,0.0,0.0547,0.0384
2012-07-25,华灿光电,sz300323,14.41,13.36,13.37999,13.81998,13.5,3.97964,22769400,0.13493,0.0,0.0,0.0777,0.0328
2012-07-26,华灿光电,sz300323,14.07999,13.52001,13.73001,13.64,13.81998,3.92781,10952200,0.064902,0.0,0.0,0.0405,-0.0065
2012-07-27,华灿光电,sz300323,14.07,13.60999,13.7,13.84999,13.64,3.98828,9960800,0.059027,0.0,0.0,0.0337,0.0109
2012-07-30,华灿光电,sz300323,13.94999,13.02001,13.84999,13.06999,13.84999,3.76367,11003400,0.065205,0.0,0.0,0.0671,-0.0563
2012-07-31,华灿光电,sz300323,13.16,12.32,13.06999,12.37002,13.06999,3.56211,9469200,0.056114,0.0,0.0,0.0642,-0.0535
2012-08-01,华灿光电,sz300323,12.89999,12.37002,12.39999,12.59,12.37002,3.62545,10294600,0.061005,0.0,0.0,0.0428,0.0153
2012-08-02,华灿光电,sz300323,12.75001,12.31001,12.51001,12.59999,12.59,3.62833,12287100,0.072813,0.0,0.0,0.0349,0.0071
2012-08-03,华灿光电,sz300323,13.5,12.51001,12.65001,13.2,12.59999,3.80111,15645300,0.092713,0.0,0.0,0.0785,0.0434
2012-08-06,华灿光电,sz300323,13.64998,13.00998,13.16,13.56001,13.2,3.90478,13991600,0.082913,0.0,0.0,0.0484,0.0303
2012-08-07,华灿光电,sz300323,13.84999,13.45002,13.56001,13.83001,13.56001,3.98253,15118900,0.089594,0.0,0.0,0.0294,0.0199
2012-08-08,华灿光电,sz300323,13.81998,13.46001,13.8,13.6,13.83001,3.9163,9416900,0.055804,0.0,0.0,0.026,-0.0144
2012-08-09,华灿光电,sz300323,13.84999,13.37999,13.57999,13.73001,13.6,3.95373,11505100,0.068179,0.0,0.0,0.0345,0.011
2012-08-10,华灿光电,sz300323,13.69001,13.33999,13.64998,13.45002,13.73001,3.87311,9852500,0.058385,0.0,0.0,0.0254,-0.0146
2012-08-13,华灿光电,sz300323,14.10001,13.45002,13.5,13.64,13.45002,3.92781,18737800,0.111039,0.0,0.0,0.0483,0.0103
2012-08-14,华灿光电,sz300323,14.00001,13.23999,13.52001,13.89002,13.64,3.99981,13166900,0.078026,0.0,0.0,0.0557,0.0273
2012-08-15,华灿光电,sz300323,14.31999,13.64998,13.77,14.04,13.89002,4.043,18449800,0.109332,0.0,0.0,0.0482,0.0196
2012-08-16,华灿光电,sz300323,14.26002,13.80999,13.99002,14.08998,14.04,4.05739,12450100,0.073779,0.0,0.0,0.032,0.0071
2012-08-17,华灿光电,sz300323,14.60001,14.03001,14.13001,14.34,14.08998,4.12939,18752000,0.111123,0.0,0.0,0.0404,0.0148
2012-08-20,华灿光电,sz300323,14.20001,13.70999,14.17999,14.00001,14.34,4.03148,13811300,0.081845,0.0,0.0,0.0341,-0.0126
2012-08-21,华灿光电,sz300323,14.68,13.89002,13.94,14.44999,14.00001,4.16106,17225200,0.102075,0.0,0.0,0.0564,0.0365
2012-08-22,华灿光电,sz300323,14.74001,14.17001,14.48999,14.34,14.44999,4.12939,13179000,0.078098,0.0,0.0,0.0394,-0.0103
2012-08-23,华灿光电,sz300323,14.70001,14.04,14.28999,14.57001,14.34,4.19562,12877800,0.076313,0.0,0.0,0.046,0.0195
2012-08-24,华灿光电,sz300323,14.44999,13.84999,14.44999,13.84999,14.57001,3.98828,11851400,0.070231,0.0,0.0,0.0411,-0.0415
2012-08-27,华灿光电,sz300323,13.74999,13.09999,13.72002,13.09999,13.84999,3.77231,11736800,0.069552,0.0,0.0,0.0469,-0.0451
2012-08-28,华灿光电,sz300323,13.50999,13.03,13.10998,13.35001,13.09999,3.84431,6956400,0.041224,0.0,0.0,0.0366,0.0183
2012-08-29,华灿光电,sz300323,13.94999,13.30999,13.4,13.64,13.35001,3.92781,12235000,0.072504,0.0,0.0,0.0479,0.0179
2012-08-30,华灿光电,sz300323,13.63,12.81001,13.57999,13.05001,13.64,3.75792,10811600,0.064069,0.0,0.0,0.0601,-0.039
2012-08-31,华灿光电,sz300323,13.27998,12.86,13.03999,13.13,13.05001,3.78095,4826900,0.028604,0.0,0.0,0.0321,0.0069
2012-09-03,华灿光电,sz300323,13.56001,13.06,13.06,13.43,13.13,3.86734,7857700,0.046565,0.0,0.0,0.038,0.0283
2012-09-04,华灿光电,sz300323,13.77,13.36,13.39001,13.37999,13.43,3.85294,10495200,0.062194,0.0,0.0,0.0305,-7.0E-4
2012-09-05,华灿光电,sz300323,14.16001,13.27998,13.39001,13.99002,13.37999,4.02861,20921600,0.12398,0.0,0.0,0.0657,0.0448
2012-09-06,华灿光电,sz300323,14.20001,13.81998,14.10001,14.11,13.99002,4.06316,12980700,0.076923,0.0,0.0,0.0271,7.0E-4
2012-09-07,华灿光电,sz300323,14.62998,14.06001,14.14999,14.44001,14.11,4.15819,23540200,0.139498,0.0,0.0,0.0403,0.0204
2012-09-10,华灿光电,sz300323,14.58,14.21,14.31,14.38,14.44001,4.14091,13931900,0.08256,0.0,0.0,0.0256,0.0048
2012-09-11,华灿光电,sz300323,14.67001,14.16001,14.38999,14.51,14.38,4.17834,13527200,0.080161,0.0,0.0,0.0354,0.0083
2012-09-12,华灿光电,sz300323,14.98,14.10001,14.75999,14.26002,14.51,4.10636,17276500,0.102379,0.0,0.0,0.0606,-0.0338
2012-09-13,华灿光电,sz300323,14.58,14.10001,14.20001,14.10001,14.26002,4.06028,11366300,0.067356,0.0,0.0,0.0336,-0.007
2012-09-14,华灿光电,sz300323,14.28999,13.66001,14.21,13.74,14.10001,3.95661,13536400,0.080216,0.0,0.0,0.0446,-0.033
2012-09-17,华灿光电,sz300323,13.80999,13.25001,13.7,13.27998,13.74,3.82414,6896000,0.040865,0.0,0.0,0.0407,-0.0306
2012-09-18,华灿光电,sz300323,13.52001,13.2,13.25001,13.36999,13.27998,3.85006,4839400,0.028678,0.0,0.0,0.024,0.009
2012-09-19,华灿光电,sz300323,13.52001,13.32001,13.45002,13.42001,13.36999,3.86447,4097700,0.024283,0.0,0.0,0.0149,-0.0022
2012-09-20,华灿光电,sz300323,13.47999,12.71001,13.37999,12.71001,13.42001,3.66001,8851900,0.052456,0.0,0.0,0.0573,-0.05
2012-09-21,华灿光电,sz300323,12.82001,12.41001,12.71001,12.41001,12.71001,3.57362,4939700,0.029273,0.0,0.0,0.0322,-0.0236
2012-09-24,华灿光电,sz300323,12.55,12.22,12.41001,12.46998,12.41001,3.59089,4013300,0.023783,0.0,0.0,0.0265,0.0048
2012-09-25,华灿光电,sz300323,12.62999,12.35999,12.39,12.41001,12.46998,3.57362,3004500,0.017805,0.0,0.0,0.0216,0.0016
2012-09-26,华灿光电,sz300323,12.42,11.71,12.28001,11.71,12.41001,3.37205,5217200,0.030917,0.0,0.0,0.0572,-0.0464
2012-09-27,华灿光电,sz300323,12.15999,11.61999,11.80001,11.95,11.71,3.44116,6412700,0.038002,0.0,0.0,0.0461,0.0127
2012-09-28,华灿光电,sz300323,12.96999,11.85,11.90001,12.61001,11.95,3.63122,12304100,0.072914,0.0,0.0,0.0937,0.0596
2012-10-01,华灿光电,sz300323,12.61001,12.61001,12.61001,12.61001,12.61001,3.63122,0,0.0,0.0,0.0,0.0,0.0
2012-10-02,华灿光电,sz300323,12.61001,12.61001,12.61001,12.61001,12.61001,3.63122,0,0.0,0.0,0.0,0.0,0.0
2012-10-03,华灿光电,sz300323,12.61001,12.61001,12.61001,12.61001,12.61001,3.63122,0,0.0,0.0,0.0,0.0,0.0
2012-10-04,华灿光电,sz300323,12.61001,12.61001,12.61001,12.61001,12.61001,3.63122,0,0.0,0.0,0.0,0.0,0.0
2012-10-05,华灿光电,sz300323,12.61001,12.61001,12.61001,12.61001,12.61001,3.63122,0,0.0,0.0,0.0,0.0,0.0
2012-10-08,华灿光电,sz300323,12.69,12.29998,12.61001,12.49,12.61001,3.59666,5746100,0.034051,0.0,0.0,0.0309,-0.0095
2012-10-09,华灿光电,sz300323,12.95001,12.39999,12.39999,12.89999,12.49,3.71472,9524500,0.056442,0.0,0.0,0.044,0.0403
2012-10-10,华灿光电,sz300323,12.99999,12.72999,12.81001,12.95001,12.89999,3.72912,6378700,0.0378,0.0,0.0,0.0209,0.0109
2012-10-11,华灿光电,sz300323,12.95001,12.39999,12.95001,12.42,12.95001,3.5765,6593100,0.03907,0.0,0.0,0.0424,-0.0409
2012-10-12,华灿光电,sz300323,12.79,12.38001,12.38001,12.52,12.42,3.6053,4639500,0.027494,0.0,0.0,0.033,0.0113
2012-10-15,华灿光电,sz300323,12.49999,11.78,12.35,11.95999,12.52,3.44403,7316800,0.043359,0.0,0.0,0.0575,-0.0315
2012-10-16,华灿光电,sz300323,12.29998,11.81,11.90001,11.95999,11.95999,3.44403,3476100,0.0206,0.0,0.0,0.0409,0.005
2012-10-17,华灿光电,sz300323,12.31001,11.85999,11.95,12.11001,11.95999,3.48723,4837500,0.028667,0.0,0.0,0.0376,0.0133
2012-10-18,华灿光电,sz300323,12.46998,12.08999,12.15999,12.35999,12.11001,3.55922,5144900,0.030489,0.0,0.0,0.0313,0.0164
2012-10-19,华灿光电,sz300323,12.55,12.29998,12.31001,12.41001,12.35999,3.57362,4948800,0.029326,0.0,0.0,0.0202,0.0081
2012-10-22,华灿光电,sz300323,12.59999,12.19998,12.29998,12.46998,12.41001,3.59089,4022300,0.023836,0.0,0.0,0.0322,0.0138
2012-10-23,华灿光电,sz300323,12.49,12.22,12.48001,12.22,12.46998,3.51891,3431700,0.020337,0.0,0.0,0.0216,-0.0208
2012-10-24,华灿光电,sz300323,12.17001,11.92998,12.05,11.94001,12.22,3.43828,5187600,0.030742,0.0,0.0,0.0196,-0.0091
2012-10-25,华灿光电,sz300323,12.07001,11.85,11.91,11.91999,11.94001,3.43252,3273700,0.0194,0.0,0.0,0.0184,8.0E-4
2012-10-26,华灿光电,sz300323,11.95,11.03001,11.88,11.24999,11.91999,3.23958,5251500,0.031121,0.0,0.0,0.0771,-0.053
2012-10-29,华灿光电,sz300323,11.47,11.0,11.14999,11.27,11.24999,3.24534,7039000,0.041713,0.0,0.0,0.0417,0.0107
2012-10-30,华灿光电,sz300323,11.40001,11.06001,11.21999,11.1,11.27,3.19639,2742800,0.016254,0.0,0.0,0.0301,-0.0106
2012-10-31,华灿光电,sz300323,11.21999,10.9,11.11998,11.0,11.1,3.16759,3271100,0.019384,0.0,0.0,0.0288,-0.0107
2012-11-01,华灿光电,sz300323,11.31,10.97,10.97,11.21999,11.0,3.23094,4318000,0.025589,0.0,0.0,0.0309,0.0227
2012-11-02,华灿光电,sz300323,11.48998,11.17999,11.24,11.40001,11.21999,3.28278,5517600,0.032697,0.0,0.0,0.0276,0.0142
2012-11-05,华灿光电,sz300323,11.48998,11.16001,11.34999,11.31999,11.40001,3.25974,4180100,0.024771,0.0,0.0,0.0289,-0.0026
2012-11-06,华灿光电,sz300323,11.31,10.90999,11.30001,11.13001,11.31999,3.20503,3402300,0.020162,0.0,0.0,0.0353,-0.015
2012-11-07,华灿光电,sz300323,11.29002,11.07999,11.14999,11.14999,11.13001,3.21078,2612400,0.015481,0.0,0.0,0.0188,0.0
2012-11-08,华灿光电,sz300323,11.13001,10.66,11.04999,10.66,11.14999,3.06969,4375600,0.025929,0.0,0.0,0.0421,-0.0352
2012-11-09,华灿光电,sz300323,10.96001,10.6,10.67998,10.76001,10.66,3.09848,3762400,0.022296,0.0,0.0,0.0337,0.0074
2012-11-12,华灿光电,sz300323,10.83,10.66,10.80999,10.72001,10.76001,3.08697,3103500,0.018392,0.0,0.0,0.0157,-0.0083
2012-11-13,华灿光电,sz300323,10.94,10.21002,10.77999,10.9,10.72001,3.1388,8290800,0.049131,0.0,0.0,0.068,0.0111
2012-11-14,华灿光电,sz300323,11.04999,10.63999,10.80999,10.84998,10.9,3.12439,4794000,0.028409,0.0,0.0,0.0376,0.0036
2012-11-15,华灿光电,sz300323,10.80999,10.29999,10.80999,10.38002,10.84998,2.98906,3721000,0.022051,0.0,0.0,0.047,-0.0397
2012-11-16,华灿光电,sz300323,10.65002,10.12,10.30998,10.25001,10.38002,2.95162,2964700,0.017569,0.0,0.0,0.051,-0.0058
2012-11-19,华灿光电,sz300323,10.36,10.09,10.21002,10.29999,10.25001,2.96602,2558400,0.015161,0.0,0.0,0.0263,0.0088
2012-11-20,华灿光电,sz300323,10.65002,10.28001,10.38002,10.4,10.29999,2.99481,4187000,0.024812,0.0,0.0,0.0359,0.0019
2012-11-21,华灿光电,sz300323,10.5,10.19999,10.4,10.46999,10.4,3.01497,3057500,0.018119,0.0,0.0,0.0288,0.0067
2012-11-22,华灿光电,sz300323,10.40998,10.19,10.40998,10.33,10.46999,2.97466,2801000,0.016599,0.0,0.0,0.021,-0.0076
2012-11-23,华灿光电,sz300323,10.42001,10.30998,10.39001,10.32001,10.33,2.97178,1747100,0.010354,0.0,0.0,0.0106,-0.0067
2012-11-26,华灿光电,sz300323,10.33,10.09999,10.29999,10.11001,10.32001,2.91131,2151500,0.01275,0.0,0.0,0.0222,-0.0184
2012-11-27,华灿光电,sz300323,10.11001,9.52999,10.09999,9.52999,10.11001,2.74428,4738500,0.02808,0.0,0.0,0.0573,-0.0564
2012-11-28,华灿光电,sz300323,9.51001,9.25999,9.48,9.30001,9.52999,2.67806,3527200,0.020902,0.0,0.0,0.0262,-0.0189
2012-11-29,华灿光电,sz300323,9.38,8.91,9.32999,8.93001,9.30001,2.57151,3831700,0.022707,0.0,0.0,0.0505,-0.0428
2012-11-30,华灿光电,sz300323,9.04999,8.84999,8.94999,8.95998,8.93001,2.58014,2837700,0.016816,0.0,0.0,0.0223,0.0011
2012-12-03,华灿光电,sz300323,9.01,8.57999,8.90001,8.63001,8.95998,2.48512,3372400,0.019985,0.0,0.0,0.0479,-0.0303
2012-12-04,华灿光电,sz300323,8.78998,8.4,8.57999,8.76002,8.63001,2.52256,4237200,0.02511,0.0,0.0,0.0451,0.0209
2012-12-05,华灿光电,sz300323,9.21999,8.66001,8.66001,9.10001,8.76002,2.62047,6684000,0.039609,0.0,0.0,0.0639,0.0508
2012-12-06,华灿光电,sz300323,9.18,8.80001,9.04999,8.95998,9.10001,2.58014,5523700,0.032733,0.0,0.0,0.0417,-0.0099
2012-12-07,华灿光电,sz300323,9.21999,8.88999,8.94999,9.18999,8.95998,2.64638,7019700,0.041598,0.0,0.0,0.0368,0.0268
2012-12-10,华灿光电,sz300323,9.48,9.15999,9.18,9.38,9.18999,2.70109,7381000,0.043739,0.0,0.0,0.0348,0.0217
2012-12-11,华灿光电,sz300323,9.54001,9.25999,9.31,9.32999,9.38,2.68669,5573600,0.033029,0.0,0.0,0.0298,0.0021
2012-12-12,华灿光电,sz300323,9.40002,9.11999,9.35999,9.32,9.32999,2.68381,4681100,0.02774,0.0,0.0,0.03,-0.0042
2012-12-13,华灿光电,sz300323,9.34001,9.11999,9.30001,9.14001,9.32,2.63198,3233800,0.019163,0.0,0.0,0.0236,-0.0172
2012-12-14,华灿光电,sz300323,9.62999,9.05998,9.05998,9.59998,9.14001,2.76444,9742600,0.057734,0.0,0.0,0.0623,0.0596
2012-12-17,华灿光电,sz300323,9.82,9.49998,9.59,9.68001,9.59998,2.78748,8554700,0.050695,0.0,0.0,0.0333,0.0093
2012-12-18,华灿光电,sz300323,9.74001,9.52999,9.62,9.62999,9.68001,2.77308,7425400,0.044003,0.0,0.0,0.0216,0.001
2012-12-19,华灿光电,sz300323,9.84002,9.54001,9.54001,9.69,9.62999,2.79036,6503500,0.03854,0.0,0.0,0.0311,0.0157
2012-12-20,华灿光电,sz300323,10.55001,9.68001,9.69,10.09,9.69,2.90555,20117300,0.119214,0.0,0.0,0.0897,0.0412
2012-12-21,华灿光电,sz300323,10.53999,9.91001,10.06999,10.45001,10.09,3.00922,20063400,0.118895,0.0,0.0,0.0624,0.0377
2012-12-24,华灿光电,sz300323,11.26001,10.28001,10.36,11.24,10.45001,3.2367,26631900,0.157819,0.0,0.0,0.0937,0.0849
2012-12-25,华灿光电,sz300323,11.74,11.00999,11.14999,11.51999,11.24,3.31733,28265500,0.167499,0.0,0.0,0.0649,0.0331
2012-12-26,华灿光电,sz300323,12.66999,11.34999,11.47,12.66999,11.51999,3.64849,39105400,0.231736,0.0,0.0,0.1145,0.1046
2012-12-27,华灿光电,sz300323,12.85001,11.61999,12.85001,11.63001,12.66999,3.34901,35240600,0.208834,0.0,0.0,0.097,-0.0949
2012-12-28,华灿光电,sz300323,11.97001,11.31,11.71,11.80001,11.63001,3.39797,25104000,0.148765,0.0,0.0,0.0567,0.0076
2012-12-31,华灿光电,sz300323,11.88999,11.37999,11.81,11.47999,11.80001,3.30581,15109800,0.08954,0.0,0.0,0.0432,-0.0279
2013-01-04,华灿光电,sz300323,11.83,11.28,11.6,11.62,11.47999,11.620035,4414623,0.088292,0.0,0.0,0.0479,0.0017
2013-01-07,华灿光电,sz300323,11.79,11.46,11.55,11.73,11.62,11.730031,3849002,0.07698,0.0,0.0,0.0283,0.0155
2013-01-08,华灿光电,sz300323,12.15,11.71,11.84,11.91,11.73,11.9100275,5465547,0.109311,0.0,0.0,0.0375,0.0059
2013-01-09,华灿光电,sz300323,11.87,11.41,11.8,11.52,11.91,11.520022,4017187,0.080344,0.0,0.0,0.0386,-0.0237
2013-01-10,华灿光电,sz300323,11.83,11.48,11.54,11.69,11.52,11.690023,3060025,0.0612,0.0,0.0,0.0303,0.0129
2013-01-11,华灿光电,sz300323,12.06,11.69,11.69,11.76,11.69,11.760023,5706622,0.114132,0.0,0.0,0.0316,0.0059
2013-01-14,华灿光电,sz300323,12.7,11.75,11.77,12.58,11.76,12.580026,8121494,0.16243,0.0,0.0,0.0807,0.0688
2013-01-15,华灿光电,sz300323,12.82,12.33,12.6,12.53,12.58,12.53002,5973039,0.119461,0.0,0.0,0.0389,-0.0055
2013-01-16,华灿光电,sz300323,12.55,11.92,12.55,12.16,12.53,12.160021,4618626,0.092373,0.0,0.0,0.0502,-0.031
2013-01-17,华灿光电,sz300323,12.44,12.0,12.17,12.2,12.16,12.200016,3080403,0.061608,0.0,0.0,0.0361,0.0024
2013-01-18,华灿光电,sz300323,12.36,11.92,12.25,12.14,12.2,12.140016,2532934,0.050659,0.0,0.0,0.036,-0.0089
2013-01-21,华灿光电,sz300323,12.3,12.11,12.12,12.18,12.14,12.180017,2127923,0.042558,0.0,0.0,0.0156,0.0049
2013-01-22,华灿光电,sz300323,12.37,11.91,12.18,11.93,12.18,11.930022,3133050,0.062661,0.0,0.0,0.0377,-0.0205
2013-01-23,华灿光电,sz300323,11.79,11.33,11.79,11.53,11.93,11.530021,3236009,0.06472,0.0,0.0,0.0385,-0.022
2013-01-24,华灿光电,sz300323,11.6,10.85,11.52,10.99,11.53,10.990024,2755792,0.055116,0.0,0.0,0.065,-0.046
2013-01-25,华灿光电,sz300323,11.08,10.88,10.95,10.92,10.99,10.920028,1203201,0.024064,0.0,0.0,0.0181,-0.0027
2013-01-28,华灿光电,sz300323,11.22,10.98,11.1,11.19,10.92,11.190026,1589395,0.031788,0.0,0.0,0.0219,0.0081
2013-01-29,华灿光电,sz300323,11.54,11.14,11.24,11.4,11.19,11.400029,1916203,0.038324,0.0,0.0,0.0357,0.0142
2013-01-30,华灿光电,sz300323,11.43,11.09,11.39,11.2,11.4,11.200027,1682403,0.033648,0.0,0.0,0.0298,-0.0166
2013-01-31,华灿光电,sz300323,11.26,10.89,11.16,10.96,11.2,10.960022,1864215,0.037284,0.0,0.0,0.033,-0.0179
2013-02-01,华灿光电,sz300323,11.3,10.73,10.96,11.11,10.96,11.110021,1576474,0.031529,0.0,0.0,0.052,0.0136
2013-02-04,华灿光电,sz300323,11.2,10.88,11.12,10.92,11.11,10.920017,1137038,0.022741,0.0,0.0,0.0288,-0.0179
2013-02-05,华灿光电,sz300323,11.16,10.88,10.93,11.08,10.92,11.080017,1113008,0.02226,0.0,0.0,0.0256,0.0137
2013-02-06,华灿光电,sz300323,11.34,11.11,11.13,11.24,11.08,11.240012,1177110,0.023542,0.0,0.0,0.0207,0.0098
2013-02-07,华灿光电,sz300323,11.34,11.15,11.2,11.3,11.24,11.300012,1155561,0.023111,0.0,0.0,0.0169,0.0089
2013-02-08,华灿光电,sz300323,11.48,11.27,11.27,11.42,11.3,11.420007,1529438,0.030589,0.0,0.0,0.0185,0.0133
2013-02-18,华灿光电,sz300323,12.26,11.43,11.52,12.12,11.42,12.1200075,5547056,0.110941,0.0,0.0,0.0726,0.052
2013-02-19,华灿光电,sz300323,12.04,11.74,12.0,11.78,12.12,11.7800045,2741424,0.054828,0.0,0.0,0.0247,-0.0183
2013-02-20,华灿光电,sz300323,12.16,11.71,11.72,12.14,11.78,12.140001,2836025,0.056721,0.0,0.0,0.0382,0.0358
2013-02-21,华灿光电,sz300323,12.13,11.68,12.04,11.78,12.14,11.780002,2269676,0.045394,0.0,0.0,0.037,-0.0215
2013-02-22,华灿光电,sz300323,11.93,11.63,11.75,11.7,11.78,11.700004,1645696,0.032914,0.0,0.0,0.0254,-0.0042
2013-02-25,华灿光电,sz300323,11.95,11.68,11.7,11.84,11.7,11.840006,1292377,0.025848,0.0,0.0,0.023,0.0119
2013-02-26,华灿光电,sz300323,12.04,11.65,11.7,11.72,11.84,11.720008,1935701,0.038714,0.0,0.0,0.0329,0.0017
2013-02-27,华灿光电,sz300323,11.93,11.51,11.84,11.75,11.72,11.7500105,2083945,0.041679,0.0,0.0,0.0358,-0.0076
2013-02-28,华灿光电,sz300323,11.97,11.76,11.76,11.94,11.75,11.940008,1929319,0.038586,0.0,0.0,0.0178,0.0153
2013-03-01,华灿光电,sz300323,12.42,11.97,11.97,12.32,11.94,12.320011,4144720,0.082894,0.0,0.0,0.0376,0.0292
2013-03-04,华灿光电,sz300323,12.28,11.63,12.28,11.7,12.32,11.7000065,3177827,0.063557,0.0,0.0,0.0527,-0.0472
2013-03-05,华灿光电,sz300323,12.27,11.59,11.71,12.14,11.7,12.140009,3018440,0.060369,0.0,0.0,0.0581,0.0367
2013-03-06,华灿光电,sz300323,12.68,12.11,12.13,12.5,12.14,12.500009,4164031,0.083281,0.0,0.0,0.0469,0.0305
2013-03-07,华灿光电,sz300323,12.59,12.03,12.52,12.18,12.5,12.180009,2693068,0.053861,0.0,0.0,0.0448,-0.0271
2013-03-08,华灿光电,sz300323,12.6,12.18,12.23,12.25,12.18,12.250007,2540140,0.050803,0.0,0.0,0.0344,0.0016
2013-03-11,华灿光电,sz300323,12.28,11.88,12.21,11.98,12.25,11.980004,2050489,0.04101,0.0,0.0,0.0326,-0.0188
2013-03-12,华灿光电,sz300323,12.06,11.18,11.99,11.32,11.98,11.320003,2743796,0.054876,0.0,0.0,0.0734,-0.0558
2013-03-13,华灿光电,sz300323,11.36,10.97,11.33,11.0,11.32,10.999997,1870596,0.037412,0.0,0.0,0.0344,-0.0291
2013-03-14,华灿光电,sz300323,11.14,10.98,10.98,11.1,11.0,11.099998,865024,0.0173,0.0,0.0,0.0145,0.0109
2013-03-15,华灿光电,sz300323,11.58,11.13,11.19,11.38,11.1,11.379995,2500370,0.050007,0.0,0.0,0.0405,0.0169
2013-03-18,华灿光电,sz300323,11.3,10.96,11.3,10.96,11.38,10.959994,1638455,0.032769,0.0,0.0,0.0298,-0.03
2013-03-19,华灿光电,sz300323,10.99,10.4,10.95,10.69,10.96,10.689995,2192317,0.043846,0.0,0.0,0.0538,-0.0237
2013-03-20,华灿光电,sz300323,11.24,10.61,10.61,11.16,10.69,11.159991,1982685,0.039654,0.0,0.0,0.0589,0.0518
2013-03-21,华灿光电,sz300323,11.35,11.0,11.09,11.22,11.16,11.219987,2020236,0.040405,0.0,0.0,0.0313,0.0117
2013-03-22,华灿光电,sz300323,11.29,11.05,11.23,11.24,11.22,11.239992,1201077,0.024022,0.0,0.0,0.0213,8.0E-4
2013-03-25,华灿光电,sz300323,11.3,11.12,11.26,11.17,11.24,11.16999,826343,0.016527,0.0,0.0,0.016,-0.0079
2013-03-26,华灿光电,sz300323,11.14,10.7,11.14,10.88,11.17,10.879994,1603462,0.032069,0.0,0.0,0.0393,-0.0233
2013-03-27,华灿光电,sz300323,11.06,10.79,10.88,10.9,10.88,10.899992,821991,0.01644,0.0,0.0,0.0248,0.0018
2013-03-28,华灿光电,sz300323,10.88,10.52,10.88,10.56,10.9,10.559988,1226844,0.024537,0.0,0.0,0.033,-0.0294
2013-03-29,华灿光电,sz300323,10.65,10.43,10.51,10.49,10.56,10.489986,579047,0.011581,0.0,0.0,0.0208,-0.0019
2013-04-01,华灿光电,sz300323,10.7,10.45,10.45,10.6,10.49,10.599984,524170,0.010483,0.0,0.0,0.0238,0.0143
2013-04-02,华灿光电,sz300323,10.8,10.48,10.6,10.48,10.6,10.479981,678841,0.013577,0.0,0.0,0.0301,-0.0113
2013-04-03,华灿光电,sz300323,10.54,10.36,10.51,10.41,10.48,10.409986,523848,0.010477,0.0,0.0,0.0171,-0.0095
2013-04-08,华灿光电,sz300323,10.32,10.03,10.2,10.32,10.41,10.319982,721058,0.014421,0.0,0.0,0.0278,0.0117
2013-04-09,华灿光电,sz300323,10.47,10.25,10.25,10.46,10.32,10.459982,742274,0.014845,0.0,0.0,0.0213,0.0204
2013-04-10,华灿光电,sz300323,10.49,10.25,10.4,10.46,10.46,10.459982,575829,0.011517,0.0,0.0,0.0229,0.0057
2013-04-11,华灿光电,sz300323,10.74,10.46,10.65,10.52,10.46,10.51998,825445,0.016509,0.0,0.0,0.0267,-0.0122
2013-04-12,华灿光电,sz300323,10.8,10.41,10.43,10.64,10.52,10.639982,1468999,0.02938,0.0,0.0,0.037,0.0201
2013-04-15,华灿光电,sz300323,10.84,10.35,10.52,10.82,10.64,10.819979,1301531,0.026031,0.0,0.0,0.046,0.0285
2013-04-16,华灿光电,sz300323,11.18,10.53,10.68,11.17,10.82,11.169983,1884742,0.037695,0.0,0.0,0.06,0.0458
2013-04-17,华灿光电,sz300323,11.23,10.93,11.19,11.1,11.17,11.09998,959077,0.019182,0.0,0.0,0.0268,-0.008
2013-04-18,华灿光电,sz300323,11.32,10.95,10.95,11.03,11.1,11.029984,1567049,0.031341,0.0,0.0,0.0333,0.0073
2013-04-19,华灿光电,sz300323,11.27,11.02,11.14,11.18,11.03,11.179981,2217369,0.044347,25.60151,1.310774,0.0226,0.0035
2013-04-22,华灿光电,sz300323,11.19,10.96,11.03,11.1,11.18,11.0999775,1292821,0.025856,25.418304,1.301394,0.0205,0.0063
2013-04-23,华灿光电,sz300323,11.14,10.61,11.1,10.64,11.1,10.639983,1230728,0.024615,24.364944,1.247463,0.0477,-0.0414
2013-04-24,华灿光电,sz300323,11.27,10.65,10.65,11.25,10.64,11.249984,2565252,0.051305,25.761812,1.318981,0.0582,0.0563
2013-04-25,华灿光电,sz300323,11.57,11.21,11.29,11.25,11.25,11.249984,2699760,0.053995,25.761812,1.318981,0.0319,-0.0035
2013-04-26,华灿光电,sz300323,11.39,11.0,11.07,11.21,11.25,11.209979,1331759,0.026635,25.670202,1.314291,0.0346,0.0126
2013-05-02,华灿光电,sz300323,11.8,11.02,11.11,11.67,11.21,11.66998,3133351,0.062667,26.72358,1.368223,0.0695,0.0504
2013-05-03,华灿光电,sz300323,11.86,11.6,11.67,11.73,11.67,11.729976,2609167,0.052183,26.860966,1.375257,0.0222,0.0051
2013-05-06,华灿光电,sz300323,12.15,11.67,11.83,11.98,11.73,11.979977,2982665,0.059653,27.433453,1.404568,0.0409,0.0126
2013-05-07,华灿光电,sz300323,11.97,11.65,11.92,11.73,11.98,11.729979,1969169,0.039383,26.860971,1.375257,0.0267,-0.0159
2013-05-08,华灿光电,sz300323,12.08,11.61,11.78,12.03,11.73,12.029973,2106328,0.042127,27.547941,1.41043,0.04,0.0212
2013-05-09,华灿光电,sz300323,12.07,11.71,12.0,11.88,12.03,11.8799715,1848160,0.036963,27.204447,1.392843,0.0299,-0.0099
2013-05-10,华灿光电,sz300323,11.95,11.67,11.79,11.75,11.88,11.749969,1694279,0.033886,26.906748,1.377601,0.0235,-0.0033
2013-05-13,华灿光电,sz300323,12.29,11.73,11.86,12.24,11.75,12.239965,3237954,0.064759,28.028812,1.43505,0.0476,0.032
2013-05-14,华灿光电,sz300323,12.4,11.81,12.35,11.86,12.24,11.859963,2814347,0.056287,27.15863,1.390497,0.0482,-0.0396
2013-05-15,华灿光电,sz300323,13.05,11.77,11.84,13.05,11.86,13.049957,8318625,0.166373,29.883646,1.530016,0.1079,0.1021
2013-05-16,华灿光电,sz300323,13.96,13.05,13.1,13.38,13.05,13.3799515,11592963,0.231859,30.639315,1.568705,0.0697,0.0213
2013-05-17,华灿光电,sz300323,14.72,13.14,13.31,14.72,13.38,14.71994,8195104,0.163902,33.70781,1.725809,0.118,0.1059
2013-05-20,华灿光电,sz300323,15.39,14.65,15.39,14.86,14.72,14.8599415,14285395,0.285708,34.028404,1.742224,0.0502,-0.0344
2013-05-21,华灿光电,sz300323,15.3,14.6,14.85,15.28,14.86,15.2799425,9163486,0.18327,34.990185,1.791466,0.0471,0.0289
2013-05-22,华灿光电,sz300323,15.13,13.9,15.13,14.31,15.28,14.309941,7823304,0.156466,32.768936,1.67774,0.0804,-0.0541
2013-05-23,华灿光电,sz300323,14.6,13.8,14.23,13.98,14.31,13.979939,5349039,0.106981,32.013252,1.63905,0.0559,-0.0175
2013-05-24,华灿光电,sz300323,15.38,13.98,13.98,15.18,13.98,15.179935,10101662,0.202033,34.761173,1.779741,0.1001,0.0858
2013-05-27,华灿光电,sz300323,15.15,14.58,14.9,14.86,15.18,14.859942,6914443,0.138289,34.028408,1.742224,0.0375,-0.0026
2013-05-28,华灿光电,sz300323,14.79,13.9,14.79,13.98,14.86,13.979952,4894816,0.097896,32.013283,1.639051,0.0598,-0.0547
2013-05-29,华灿光电,sz300323,14.39,13.84,13.85,14.17,13.98,14.169953,3009768,0.060195,32.44837,1.661327,0.0393,0.0231
2013-05-30,华灿光电,sz300323,14.46,13.85,14.0,14.35,14.17,14.349955,3341551,0.066831,32.860565,1.682431,0.043,0.0249
2013-05-31,华灿光电,sz300323,14.2,13.63,14.2,13.9,14.35,13.899954,4182706,0.083654,31.83009,1.629672,0.0397,-0.0211
2013-06-03,华灿光电,sz300323,13.99,13.23,13.9,13.44,13.9,13.439949,4292932,0.049598,30.776705,1.575739,0.0546,-0.033
2013-06-04,华灿光电,sz300323,13.5,13.04,13.42,13.32,13.44,13.319943,2275046,0.026284,30.5019,1.56167,0.0342,-0.0074
2013-06-05,华灿光电,sz300323,13.66,13.29,13.36,13.45,13.32,13.449946,5240928,0.06055,30.799599,1.576912,0.0277,0.0067
2013-06-06,华灿光电,sz300323,13.73,13.28,13.28,13.43,13.45,13.429946,2530367,0.029234,30.7538,1.574567,0.0334,0.0112
2013-06-07,华灿光电,sz300323,13.69,13.17,13.49,13.43,13.43,13.429946,2895076,0.033448,30.7538,1.574567,0.0387,-0.0044
2013-06-13,华灿光电,sz300323,13.39,12.53,13.09,13.05,13.43,13.049946,1812408,0.020939,29.883621,1.530014,0.064,-0.003
2013-06-14,华灿光电,sz300323,13.68,13.0,13.1,13.61,13.05,13.609945,3528500,0.040766,31.165987,1.59567,0.0521,0.0389
2013-06-17,华灿光电,sz300323,13.78,13.4,13.59,13.47,13.61,13.46994,4561010,0.052695,30.845383,1.579256,0.0279,-0.0088
2013-06-18,华灿光电,sz300323,13.48,12.72,13.37,13.09,13.47,13.089939,3783249,0.043709,29.975203,1.534703,0.0564,-0.0209
2013-06-19,华灿光电,sz300323,13.28,12.87,13.01,13.23,13.09,13.229937,2431432,0.028091,30.295788,1.551117,0.0313,0.0169
2013-06-20,华灿光电,sz300323,13.36,12.52,13.05,12.52,13.23,12.519938,2210498,0.025539,28.669933,1.467875,0.0634,-0.0406
2013-06-21,华灿光电,sz300323,12.42,11.81,12.2,12.21,12.52,12.209945,2387104,0.027579,27.960068,1.43153,0.0487,8.0E-4
2013-06-24,华灿光电,sz300323,12.21,11.0,12.2,11.0,12.21,10.999951,2759626,0.031883,25.189253,1.289667,0.099,-0.0983
2013-06-25,华灿光电,sz300323,11.27,10.31,11.05,11.14,11.0,11.139948,3879069,0.044816,25.509836,1.30608,0.0872,0.0081
2013-06-26,华灿光电,sz300323,11.7,11.08,11.17,11.61,11.14,11.609942,2834333,0.032746,26.586096,1.361184,0.0556,0.0393
2013-06-27,华灿光电,sz300323,12.08,11.41,11.56,11.41,11.61,11.409938,3683148,0.042553,26.128098,1.337735,0.0577,-0.0129
2013-06-28,华灿光电,sz300323,11.79,10.98,11.41,11.12,11.41,11.119943,2033227,0.023491,25.464025,1.303735,0.0709,-0.0254
2013-07-01,华灿光电,sz300323,11.57,11.18,11.45,11.56,11.12,11.559937,1897392,0.021921,26.471586,1.355321,0.035,0.0096
2013-07-02,华灿光电,sz300323,12.23,11.52,11.52,12.15,11.56,12.149933,2806542,0.032425,27.822643,1.424494,0.0614,0.0546
2013-07-03,华灿光电,sz300323,12.24,11.72,12.18,12.0,12.15,11.999929,3289700,0.038007,27.479143,1.406907,0.0427,-0.0147
2013-07-04,华灿光电,sz300323,8.06,7.72,7.88,7.79,12.0,11.784927,3267359,0.025166,26.9868,1.3817,0.0283,-0.0114
2013-07-05,华灿光电,sz300323,7.86,7.23,7.78,7.25,7.79,10.967996,4040520,0.031121,25.116076,1.28592,0.0808,-0.0681
2013-07-08,华灿光电,sz300323,7.07,6.53,7.02,6.55,7.25,9.909014,5319107,0.040969,22.691069,1.161762,0.0744,-0.0669
2013-07-09,华灿光电,sz300323,6.66,6.52,6.59,6.58,6.55,9.954397,2583880,0.019902,22.794992,1.167083,0.0213,-0.0015
2013-07-10,华灿光电,sz300323,6.87,6.58,6.58,6.85,6.58,10.362856,3204868,0.024685,23.73034,1.214972,0.044,0.041
2013-07-11,华灿光电,sz300323,7.19,6.74,6.8,7.08,6.85,10.71081,3777511,0.029095,24.527134,1.255767,0.0656,0.0411
2013-07-12,华灿光电,sz300323,7.27,7.03,7.08,7.09,7.08,10.725933,3276724,0.025238,24.561766,1.25754,0.0338,0.0014
2013-07-15,华灿光电,sz300323,7.26,6.87,7.01,7.26,7.09,10.9831085,4268533,0.032877,25.150684,1.287692,0.055,0.0356
2013-07-16,华灿光电,sz300323,7.41,7.16,7.24,7.41,7.26,11.210031,3333074,0.025672,25.670322,1.314297,0.0344,0.0234
2013-07-17,华灿光电,sz300323,7.55,7.12,7.36,7.17,7.41,10.84695,3751810,0.028897,24.838886,1.271728,0.058,-0.0258
2013-07-18,华灿光电,sz300323,7.53,7.11,7.26,7.44,7.17,11.255413,5717200,0.044035,25.774244,1.319618,0.0585,0.0247
2013-07-19,华灿光电,sz300323,7.75,7.32,7.41,7.33,7.44,11.089002,5705716,0.043947,25.393171,1.300107,0.0577,-0.0107
2013-07-22,华灿光电,sz300323,7.68,7.15,7.28,7.66,7.33,11.588228,4246490,0.032707,26.536371,1.358638,0.0723,0.0521
2013-07-23,华灿光电,sz300323,7.84,7.58,7.77,7.78,7.66,11.76977,4224595,0.032539,26.952091,1.379923,0.0339,0.0012
2013-07-24,华灿光电,sz300323,8.04,7.7,7.7,7.94,7.78,12.0118265,4604819,0.035467,27.506388,1.408302,0.0437,0.0311
2013-07-25,华灿光电,sz300323,8.05,7.55,7.99,7.62,7.94,11.527726,4838030,0.037264,26.397825,1.351545,0.0629,-0.0463
2013-07-26,华灿光电,sz300323,7.74,7.42,7.65,7.66,7.62,11.588235,1608347,0.012388,26.536386,1.358639,0.0419,0.0013
2013-07-29,华灿光电,sz300323,7.78,7.55,7.68,7.58,7.66,11.467208,1853229,0.014274,26.259241,1.344449,0.03,-0.013
2013-07-30,华灿光电,sz300323,7.62,7.18,7.55,7.41,7.58,11.210032,1635849,0.0126,25.670324,1.314297,0.058,-0.0185
2013-07-31,华灿光电,sz300323,7.76,7.21,7.26,7.65,7.41,11.573114,2714972,0.020911,26.50176,1.356866,0.0742,0.0537
2013-08-01,华灿光电,sz300323,8.22,7.61,7.61,8.17,7.65,12.359785,5897352,0.045423,28.303192,1.449098,0.0797,0.0735
2013-08-02,华灿光电,sz300323,8.99,8.11,8.11,8.99,8.17,13.6003,16783830,0.129273,31.1439,1.594539,0.1077,0.1085
2013-08-05,华灿光电,sz300323,8.99,8.52,8.75,8.9,8.99,13.464147,12534074,0.09654,30.832117,1.578576,0.0522,0.0171
2013-08-06,华灿光电,sz300323,9.01,8.65,8.9,8.8,8.9,13.312863,6029199,0.046438,30.485687,1.56084,0.0404,-0.0112
2013-08-07,华灿光电,sz300323,8.96,8.55,8.74,8.6,8.8,13.010303,4637973,0.035723,29.79284,1.525366,0.0465,-0.016
2013-08-08,华灿光电,sz300323,8.99,8.44,8.48,8.98,8.6,13.5851755,5933181,0.045699,31.109266,1.592766,0.0639,0.0589
2013-08-09,华灿光电,sz300323,9.02,8.55,8.97,8.85,8.98,13.388503,4905787,0.037786,30.658897,1.569708,0.0523,-0.0133
2013-08-12,华灿光电,sz300323,9.74,8.77,8.77,9.74,8.85,14.734918,12666942,0.097564,33.742107,1.727565,0.1096,0.1106
2013-08-13,华灿光电,sz300323,10.08,9.58,9.85,9.93,9.74,15.022352,10112046,0.077885,34.400314,1.761265,0.0513,0.0081
2013-08-14,华灿光电,sz300323,10.37,9.71,9.82,10.14,9.93,15.340045,7050314,0.054303,35.127815,1.798512,0.0664,0.0325
2013-08-15,华灿光电,sz300323,10.29,9.86,10.02,10.07,10.14,15.234152,4045542,0.03116,34.885326,1.786097,0.0424,0.0049
2013-08-16,华灿光电,sz300323,10.8,9.95,9.95,10.38,10.07,15.7031355,8075502,0.062199,35.95927,1.841082,0.0844,0.0432
2013-08-19,华灿光电,sz300323,11.29,10.0,10.2,11.26,10.38,17.034416,7095614,0.054652,39.007828,1.997165,0.1242,0.1039
2013-08-20,华灿光电,sz300323,11.33,10.63,11.03,10.95,11.26,16.565441,10409436,0.080176,33.93318,1.28812,0.0621,-0.0072
2013-08-21,华灿光电,sz300323,11.3,10.76,10.82,10.9,10.95,16.489803,5535861,0.042638,33.77824,1.282238,0.0493,0.0073
2013-08-22,华灿光电,sz300323,10.98,10.08,10.98,10.1,10.9,15.279551,10116141,0.077917,31.299122,1.18813,0.0825,-0.0801
2013-08-23,华灿光电,sz300323,10.14,9.56,10.1,9.8,10.1,14.825703,10096807,0.077768,30.369444,1.152839,0.0574,-0.0297
2013-08-26,华灿光电,sz300323,10.1,9.67,9.87,10.03,9.8,15.173647,7261080,0.055927,31.082186,1.179894,0.0438,0.0162
2013-08-27,华灿光电,sz300323,10.19,9.84,10.03,10.13,10.03,15.324928,7527761,0.057981,31.392075,1.191658,0.0348,0.0099
2013-08-28,华灿光电,sz300323,10.28,9.5,10.06,9.57,10.13,14.477751,9423836,0.072585,29.656689,1.125782,0.0769,-0.0487
2013-08-29,华灿光电,sz300323,9.91,9.42,9.7,9.7,9.57,14.674417,5449982,0.041977,30.059546,1.141075,0.0512,0.0
2013-08-30,华灿光电,sz300323,9.76,8.73,9.7,8.76,9.7,13.252363,7292275,0.056167,27.146564,1.030496,0.1061,-0.0969
2013-09-02,华灿光电,sz300323,9.06,8.74,8.81,9.03,8.76,13.660828,2874494,0.02214,27.983276,1.062258,0.0365,0.0249
2013-09-03,华灿光电,sz300323,9.3,9.02,9.02,9.18,9.03,13.887747,3753165,0.028908,28.448107,1.079904,0.031,0.0177
2013-09-04,华灿光电,sz300323,9.18,8.97,9.18,9.05,9.18,13.691083,3199833,0.024646,28.045254,1.064611,0.0228,-0.0141
2013-09-05,华灿光电,sz300323,9.79,9.01,9.09,9.7,9.05,14.6744175,7194225,0.055412,30.059547,1.141075,0.0861,0.0671
2013-09-06,华灿光电,sz300323,10.23,9.5,9.6,10.1,9.7,15.279547,8787140,0.067681,31.299112,1.188129,0.0752,0.052
2013-09-09,华灿光电,sz300323,10.14,9.73,10.1,10.08,10.1,15.249293,4621369,0.035595,31.23714,1.185777,0.0405,-0.0019
2013-09-10,华灿光电,sz300323,10.1,9.92,10.06,10.07,10.08,15.234165,2844734,0.021911,31.206154,1.1846,0.0178,9.0E-4
2013-09-11,华灿光电,sz300323,9.95,9.2,9.95,9.7,10.07,14.674417,3414512,0.026299,30.059546,1.141075,0.0744,-0.0251
2013-09-12,华灿光电,sz300323,9.74,9.31,9.31,9.58,9.7,14.49288,2149005,0.016552,29.68768,1.126958,0.0443,0.029
2013-09-13,华灿光电,sz300323,9.93,9.21,9.5,9.72,9.58,14.704679,2208043,0.017007,30.121534,1.143428,0.0751,0.0231
2013-09-16,华灿光电,sz300323,9.82,9.4,9.79,9.52,9.72,14.402115,2745992,0.02115,29.501755,1.119901,0.0432,-0.0275
2013-09-17,华灿光电,sz300323,9.53,8.99,9.53,9.08,9.52,13.736478,3981338,0.030665,28.138243,1.068141,0.0567,-0.0472
2013-09-18,华灿光电,sz300323,9.39,9.08,9.08,9.3,9.08,14.069299,2952638,0.022742,28.820004,1.094021,0.0341,0.0242
2013-09-23,华灿光电,sz300323,9.58,9.24,9.4,9.5,9.3,14.37186,5333901,0.041083,29.439777,1.117548,0.0365,0.0106
2013-09-24,华灿光电,sz300323,10.23,9.4,9.5,10.08,9.5,15.249305,8311003,0.064013,31.237164,1.185778,0.0873,0.061
2013-09-25,华灿光电,sz300323,10.69,9.9,10.03,10.68,10.08,16.157003,9553102,0.07358,33.096523,1.25636,0.0783,0.0648
2013-09-26,华灿光电,sz300323,10.99,10.35,10.55,10.74,10.68,16.247774,7836739,0.06036,33.28246,1.263418,0.0599,0.018
2013-09-27,华灿光电,sz300323,11.35,10.55,10.55,11.21,10.74,16.958809,10670403,0.082186,34.738968,1.318708,0.0744,0.0625
2013-09-30,华灿光电,sz300323,11.46,10.91,11.21,11.09,11.21,16.777266,6521458,0.05023,34.36709,1.304591,0.049,-0.0107
2013-10-08,华灿光电,sz300323,12.2,10.9,11.1,12.2,11.09,18.456501,8212359,0.063253,37.80689,1.435167,0.1172,0.099
2013-10-09,华灿光电,sz300323,13.42,12.04,12.18,13.1,12.2,19.818037,9657116,0.074381,40.595905,1.54104,0.1131,0.0755
2013-10-10,华灿光电,sz300323,13.25,12.38,12.99,12.97,13.1,19.621365,5007498,0.038569,40.19303,1.525747,0.0664,-0.0015
2013-10-11,华灿光电,sz300323,13.15,12.78,12.82,13.0,12.97,19.666748,4515421,0.034779,40.285995,1.529276,0.0285,0.014
2013-10-14,华灿光电,sz300323,13.36,12.78,12.92,12.99,13.0,19.651625,2286847,0.017614,40.255016,1.5281,0.0446,0.0054
2013-10-15,华灿光电,sz300323,13.03,12.5,12.75,12.94,12.99,19.575985,3676082,0.028314,40.100075,1.522218,0.0408,0.0149
2013-10-16,华灿光电,sz300323,12.94,11.73,12.94,11.88,12.94,17.97238,4929985,0.037972,36.815197,1.397522,0.0935,-0.0819
2013-10-17,华灿光电,sz300323,12.59,11.78,11.9,12.1,11.88,18.30521,2692266,0.020736,37.49698,1.423403,0.0681,0.0168
2013-10-18,华灿光电,sz300323,12.75,12.0,12.34,12.35,12.1,18.683413,1769038,0.013626,38.2717,1.452812,0.0619,8.0E-4
2013-10-21,华灿光电,sz300323,13.59,12.36,12.6,13.59,12.35,20.559322,5062594,0.038993,42.114372,1.598682,0.0995,0.0785
2013-10-22,华灿光电,sz300323,14.75,13.6,13.88,14.14,13.59,21.391378,5418396,0.041734,76.50894,2.501091,0.0846,0.0187
2013-10-23,华灿光电,sz300323,14.15,13.0,14.15,13.55,14.14,20.498802,2645983,0.02038,73.31653,2.396731,0.0813,-0.0424
2013-10-24,华灿光电,sz300323,13.55,12.8,13.55,13.15,13.55,19.893677,2861903,0.022043,71.15222,2.325979,0.0553,-0.0295
2013-10-25,华灿光电,sz300323,13.15,11.84,13.02,12.25,13.15,18.532133,5422246,0.041763,66.28249,2.166787,0.0996,-0.0591
2013-10-28,华灿光电,sz300323,12.76,11.97,12.15,12.41,12.25,18.774181,2561468,0.019729,67.14821,2.195087,0.0644,0.0213
2013-10-29,华灿光电,sz300323,12.58,11.17,12.5,11.64,12.41,17.6093,5776314,0.044491,62.981865,2.058889,0.1136,-0.0687
2013-10-30,华灿光电,sz300323,12.13,11.34,11.64,12.05,11.64,18.229553,3663105,0.028214,65.20028,2.131409,0.0678,0.0352
2013-10-31,华灿光电,sz300323,12.54,11.9,12.05,12.08,12.05,18.274944,2947547,0.022703,65.362625,2.136716,0.0531,0.0024
2013-11-01,华灿光电,sz300323,12.18,10.93,11.8,11.51,12.08,17.412642,2620075,0.02018,62.27849,2.035895,0.1034,-0.0245
2013-11-04,华灿光电,sz300323,11.55,11.0,11.51,11.23,11.51,16.989044,4530537,0.034895,60.76344,1.986368,0.0477,-0.0243
2013-11-05,华灿光电,sz300323,11.33,10.61,11.08,11.31,11.23,17.110073,4535530,0.034934,61.19632,2.000519,0.0641,0.0207
2013-11-06,华灿光电,sz300323,11.84,10.98,11.15,11.1,11.31,16.792374,5207815,0.040112,60.060028,1.963373,0.076,-0.0044
2013-11-07,华灿光电,sz300323,11.15,10.01,11.1,10.22,11.1,15.461091,6531910,0.05031,55.298527,1.807719,0.1027,-0.0792
2013-11-08,华灿光电,sz300323,10.12,9.3,10.1,9.66,10.22,14.6139,8685316,0.066896,52.268444,1.708665,0.0802,-0.0435
2013-11-11,华灿光电,sz300323,9.77,9.35,9.54,9.58,9.66,14.492868,3932939,0.030292,51.83556,1.694514,0.0434,0.0041
2013-11-12,华灿光电,sz300323,9.85,9.53,9.53,9.82,9.58,14.855944,3248096,0.025018,53.134144,1.736965,0.0334,0.0304
2013-11-13,华灿光电,sz300323,9.99,9.5,9.77,9.5,9.82,14.371833,2024533,0.015593,51.40266,1.680362,0.0498,-0.0276
2013-11-14,华灿光电,sz300323,9.93,9.43,9.43,9.87,9.5,14.931573,1893964,0.014588,53.40464,1.745807,0.0526,0.0466
2013-11-15,华灿光电,sz300323,10.36,9.82,9.97,10.12,9.87,15.309774,3289133,0.025334,54.757324,1.790027,0.0547,0.015
2013-11-18,华灿光电,sz300323,10.57,10.04,10.04,10.5,10.12,15.884642,3852784,0.029675,56.813408,1.857241,0.0523,0.0458
2013-11-19,华灿光电,sz300323,10.98,10.4,10.65,10.95,10.5,16.565409,3720458,0.028656,59.24826,1.936837,0.0552,0.0281
2013-11-20,华灿光电,sz300323,11.02,10.45,10.9,10.75,10.95,16.262842,3142120,0.024201,58.166092,1.90146,0.052,-0.0137
2013-11-21,华灿光电,sz300323,10.66,10.29,10.66,10.39,10.75,15.718232,3007918,0.023168,56.218224,1.837784,0.0344,-0.0253
2013-11-22,华灿光电,sz300323,10.6,10.35,10.35,10.48,10.39,15.854383,2060522,0.015871,56.70519,1.853703,0.024,0.0125
2013-11-25,华灿光电,sz300323,10.88,10.4,10.4,10.71,10.48,16.20234,2249635,0.017327,57.949696,1.894386,0.0458,0.0298
2013-11-26,华灿光电,sz300323,11.25,10.55,10.7,11.11,10.71,16.807465,3479126,0.026797,60.114002,1.965138,0.0653,0.0383
2013-11-27,华灿光电,sz300323,11.69,11.05,11.1,11.31,11.11,17.110033,4391059,0.033821,61.196175,2.000514,0.0576,0.0189
2013-11-28,华灿光电,sz300323,11.38,11.0,11.38,11.07,11.31,16.746958,4299458,0.033115,59.89759,1.958063,0.0335,-0.0272
2013-11-29,华灿光电,sz300323,12.18,11.06,11.07,12.18,11.07,18.426191,6498783,0.050055,65.90358,2.1544,0.1011,0.1002
2013-12-02,华灿光电,sz300323,12.6,11.04,11.28,11.25,12.18,17.01926,9961558,0.075099,60.871513,1.989901,0.128,-0.0026
2013-12-03,华灿光电,sz300323,11.18,10.13,11.02,10.93,11.25,16.535164,5964319,0.044965,59.140083,1.9333,0.0933,-0.0081
2013-12-04,华灿光电,sz300323,11.42,10.56,10.85,11.0,10.93,16.641056,9600294,0.072376,59.518818,1.945681,0.0786,0.0138
2013-12-05,华灿光电,sz300323,12.1,10.65,10.9,11.49,11.0,17.382332,9233636,0.069612,62.170082,2.032351,0.1318,0.0541
2013-12-06,华灿光电,sz300323,11.44,10.8,11.0,10.83,11.49,16.383873,5843586,0.044054,58.598972,1.915611,0.0557,-0.0154
2013-12-09,华灿光电,sz300323,11.08,10.4,10.66,10.83,10.83,16.383873,4922051,0.037107,58.598972,1.915611,0.0627,0.0159
2013-12-10,华灿光电,sz300323,10.98,10.13,10.86,10.17,10.83,15.3854065,6925229,0.052209,55.027832,1.79887,0.0784,-0.0635
2013-12-11,华灿光电,sz300323,10.4,9.94,10.03,10.15,10.17,15.355144,5028112,0.037907,54.919594,1.795332,0.0452,0.0119
2013-12-12,华灿光电,sz300323,10.41,10.05,10.19,10.28,10.15,15.551812,3959808,0.029853,55.623,1.818326,0.0354,0.0088
2013-12-13,华灿光电,sz300323,10.42,9.99,10.24,10.08,10.28,15.249251,5689677,0.042894,54.54086,1.782951,0.0418,-0.0156
2013-12-16,华灿光电,sz300323,10.2,9.92,10.09,9.99,10.08,15.113091,4602512,0.034698,54.053864,1.767031,0.0277,-0.0099
2013-12-17,华灿光电,sz300323,10.04,9.46,10.04,9.58,9.99,14.492835,5985825,0.045127,51.835438,1.69451,0.058,-0.0458
2013-12-18,华灿光电,sz300323,10.2,9.51,9.6,9.87,9.58,14.931547,7009106,0.052841,53.40455,1.745805,0.072,0.0281
2013-12-19,华灿光电,sz300323,9.97,9.6,9.81,9.76,9.87,14.765135,4681726,0.035295,52.809357,1.726348,0.0374,-0.005
2013-12-20,华灿光电,sz300323,9.94,9.61,9.7,9.71,9.76,14.689493,2254853,0.016999,52.538815,1.717503,0.0338,0.001
2013-12-23,华灿光电,sz300323,9.9,9.45,9.75,9.76,9.71,14.76513,2689336,0.020275,52.809334,1.726347,0.0463,0.001
2013-12-24,华灿光电,sz300323,10.23,9.76,9.92,10.14,9.76,15.339995,2976954,0.022443,54.865414,1.79356,0.0481,0.0221
2013-12-25,华灿光电,sz300323,10.72,9.99,10.13,10.6,10.14,16.035894,6162045,0.046455,57.35438,1.874925,0.0719,0.0463
2013-12-26,华灿光电,sz300323,10.75,10.25,10.61,10.28,10.6,15.551786,4829722,0.036411,55.622913,1.818323,0.0471,-0.0311
2013-12-27,华灿光电,sz300323,11.31,10.25,10.3,11.09,10.28,16.777174,9625134,0.072563,60.005665,1.961596,0.1031,0.0766
2013-12-30,华灿光电,sz300323,11.25,10.83,11.0,11.11,11.09,16.807423,6454699,0.048661,60.113853,1.965133,0.0378,0.0099
2013-12-31,华灿光电,sz300323,11.56,10.91,11.07,11.35,11.11,17.170498,5744189,0.043305,61.412434,2.007584,0.0585,0.0252
2014-01-02,华灿光电,sz300323,12.2,11.25,11.45,11.87,11.35,17.957163,15052730,0.113481,64.22604,2.099561,0.0837,0.0366
2014-01-03,华灿光电,sz300323,12.8,11.84,11.84,12.41,11.87,18.774088,13161764,0.099225,67.14788,2.195077,0.0808,0.0481
2014-01-06,华灿光电,sz300323,13.65,12.25,12.3,13.13,12.41,19.863323,18672249,0.140769,71.04366,2.32243,0.1128,0.0674
2014-01-07,华灿光电,sz300323,13.77,12.65,12.9,13.7,13.13,20.72563,13565224,0.102267,74.127815,2.423252,0.0853,0.062
2014-01-08,华灿光电,sz300323,15.07,13.51,13.51,14.99,13.7,22.677177,20895216,0.157527,81.10776,2.651428,0.1138,0.1095
2014-01-09,华灿光电,sz300323,15.15,13.77,14.8,13.97,14.99,21.134108,22490280,0.169552,75.58878,2.471011,0.092,-0.056
2014-01-10,华灿光电,sz300323,14.27,13.32,13.62,13.6,13.97,20.574371,10740906,0.080975,73.586815,2.405566,0.068,-0.0014
2014-01-13,华灿光电,sz300323,14.17,13.6,13.61,13.84,13.6,20.937447,9493314,0.071569,74.8854,2.448018,0.0419,0.0168
2014-01-14,华灿光电,sz300323,14.45,13.2,13.96,14.25,13.84,21.557697,7736549,0.058325,77.103806,2.520538,0.0903,0.0207
2014-01-15,华灿光电,sz300323,15.68,14.0,14.0,15.68,14.25,23.721035,11121271,0.083842,84.84125,2.773476,0.1178,0.1199
2014-01-16,华灿光电,sz300323,17.25,15.3,16.45,16.6,15.68,25.11282,19612903,0.14786,89.81914,2.936204,0.1243,0.0091
2014-01-17,华灿光电,sz300323,16.59,15.76,16.04,15.99,16.6,24.189999,8831511,0.06658,86.518555,2.828308,0.05,-0.0031
2014-01-20,华灿光电,sz300323,16.79,15.06,16.21,15.49,15.99,23.433577,5916445,0.044604,83.813126,2.739866,0.1081,-0.0444
2014-01-21,华灿光电,sz300323,17.04,15.49,15.51,17.04,15.49,25.778458,7259564,0.054729,92.19988,3.014031,0.1,0.0986
2014-01-22,华灿光电,sz300323,18.67,16.71,17.65,18.2,17.04,27.533327,10844725,0.081758,98.47639,3.219211,0.115,0.0311
2014-01-23,华灿光电,sz300323,19.66,17.3,17.84,18.66,18.2,28.22923,7625628,0.057489,100.96538,3.300577,0.1296,0.0459
2014-01-24,华灿光电,sz300323,19.65,18.07,18.55,18.24,18.66,27.593847,6092017,0.045927,98.69285,3.226287,0.0846,-0.0167
2014-01-27,华灿光电,sz300323,18.3,17.13,17.89,17.74,18.24,26.837444,9504968,0.071657,95.98748,3.137848,0.0641,-0.0083
2014-01-28,华灿光电,sz300323,17.84,17.1,17.61,17.73,17.74,26.82231,5713951,0.043077,95.93334,3.136079,0.0417,0.0068
2014-01-29,华灿光电,sz300323,18.45,17.05,17.41,17.75,17.73,26.852564,7654880,0.05771,96.04156,3.139616,0.0789,0.0195
2014-01-30,华灿光电,sz300323,17.73,16.75,17.73,17.13,17.75,25.914604,4852588,0.036583,92.68683,3.029949,0.0552,-0.0338
2014-02-07,华灿光电,sz300323,18.56,16.8,16.98,18.0,17.13,27.230755,7174722,0.05409,97.3942,3.183834,0.1027,0.06
2014-02-10,华灿光电,sz300323,18.8,17.93,17.93,18.36,18.0,27.77537,8845971,0.066689,99.34209,3.247511,0.0483,0.0239
2014-02-11,华灿光电,sz300323,18.3,17.19,18.1,17.56,18.36,26.565113,6692657,0.050455,95.01346,3.106007,0.0604,-0.0298
2014-02-12,华灿光电,sz300323,18.08,16.88,17.51,18.0,17.56,27.230757,5244253,0.039536,97.39421,3.183835,0.0683,0.0279
2014-02-13,华灿光电,sz300323,18.8,17.65,17.9,18.34,18.0,27.745117,6742350,0.05083,99.23389,3.243974,0.0638,0.0245
2014-02-14,华灿光电,sz300323,18.44,17.36,18.3,18.09,18.34,27.366924,4026741,0.030357,97.88123,3.199755,0.0588,-0.0114
2014-02-17,华灿光电,sz300323,18.46,17.65,17.93,18.46,18.09,27.92666,4994194,0.037651,99.883194,3.2652,0.0447,0.0295
2014-02-18,华灿光电,sz300323,20.0,17.95,18.41,19.29,18.46,29.182299,8119819,0.061215,104.374146,3.41201,0.111,0.0478
2014-02-19,华灿光电,sz300323,19.2,18.17,19.03,19.06,19.29,28.834358,5397285,0.04069,103.12969,3.371329,0.0533,0.0015
2014-02-20,华灿光电,sz300323,18.94,18.08,18.8,18.26,19.06,27.624094,3435453,0.0259,98.801025,3.229824,0.0451,-0.0287
2014-02-21,华灿光电,sz300323,18.45,17.63,18.1,17.88,18.26,27.049208,3562906,0.02686,96.74488,3.162608,0.0449,-0.0121
2014-02-24,华灿光电,sz300323,18.06,16.8,17.88,17.28,17.88,26.141518,4797495,0.036168,93.49841,3.05648,0.0704,-0.0335
2014-02-25,华灿光电,sz300323,17.6,15.55,17.35,15.74,17.28,23.811787,6822658,0.051435,85.16583,2.784087,0.1186,-0.0927
2014-02-26,华灿光电,sz300323,15.84,14.84,15.68,15.72,15.74,23.78152,8148445,0.06143,85.05759,2.780548,0.0635,0.0025
2014-02-27,华灿光电,sz300323,16.6,15.47,15.7,15.8,15.72,23.902546,6118155,0.046124,85.49045,2.794698,0.0718,0.0063
2014-02-28,华灿光电,sz300323,16.75,15.5,15.68,16.73,15.8,25.309473,3823407,0.028824,90.5225,2.959197,0.0791,0.0669
2014-03-03,华灿光电,sz300323,18.2,16.82,16.82,18.16,16.73,27.4728,5613295,0.042318,98.25991,3.212134,0.0824,0.0796
2014-03-04,华灿光电,sz300323,19.21,17.61,18.18,18.22,18.16,27.56357,8724667,0.065775,98.58456,3.222747,0.0881,0.0022
2014-03-05,华灿光电,sz300323,19.48,18.01,18.18,18.94,18.22,28.6528,7099082,0.053519,102.48032,3.350101,0.0806,0.0418
2014-03-06,华灿光电,sz300323,19.36,18.43,18.76,18.61,18.94,28.153582,3714644,0.028004,100.69481,3.291732,0.0491,-0.0079
2014-03-07,华灿光电,sz300323,18.87,17.93,18.65,18.21,18.61,27.548449,4920762,0.037097,98.53048,3.220979,0.0505,-0.0235
2014-03-10,华灿光电,sz300323,18.62,17.74,18.15,18.62,18.21,28.168703,2998488,0.022605,100.74889,3.2935,0.0483,0.0258
2014-03-11,华灿光电,sz300323,18.9,18.33,18.43,18.79,18.62,28.425882,3864456,0.029134,101.66873,3.323569,0.0306,0.0195
2014-03-12,华灿光电,sz300323,20.6,18.43,18.64,19.2,18.79,29.046135,8839636,0.066641,103.88714,3.39609,0.1154,0.03
2014-03-13,华灿光电,sz300323,21.12,19.36,19.36,21.12,19.2,31.950748,10664018,0.080395,114.275856,3.735699,0.0916,0.0909
2014-03-14,华灿光电,sz300323,22.29,20.5,21.13,22.29,21.12,33.720757,9587312,0.072278,120.60651,3.942649,0.0847,0.0548
2014-03-17,华灿光电,sz300323,22.0,20.06,22.0,20.5,22.29,31.012812,13551208,0.102161,110.9212,3.626034,0.087,-0.0681
2014-03-18,华灿光电,sz300323,21.2,20.33,20.81,21.0,20.5,31.769213,10215960,0.077017,113.62657,3.714473,0.0424,0.0091
2014-03-19,华灿光电,sz300323,20.8,19.8,20.51,20.65,21.0,31.239716,8187617,0.061726,111.73276,3.652564,0.0476,0.0068
2014-03-20,华灿光电,sz300323,20.6,18.66,20.5,18.9,20.65,28.592276,7365035,0.055524,102.263855,3.343024,0.0939,-0.078
2014-03-21,华灿光电,sz300323,19.5,18.24,18.41,19.48,18.9,29.469715,4804858,0.036223,105.40212,3.445615,0.0666,0.0581
2014-03-24,华灿光电,sz300323,19.87,19.07,19.4,19.85,19.48,30.029463,4509790,0.033999,107.40414,3.511061,0.041,0.0231
2014-03-25,华灿光电,sz300323,19.97,18.98,19.86,19.03,19.85,28.788946,3765345,0.028387,102.96727,3.366019,0.0498,-0.0417
2014-03-26,华灿光电,sz300323,20.39,18.73,18.88,20.12,19.03,30.43792,5639402,0.042515,108.86503,3.558818,0.0872,0.0656
2014-03-27,华灿光电,sz300323,20.15,18.4,20.15,18.6,20.12,28.138426,4279084,0.03226,100.6406,3.28996,0.0869,-0.0769
2014-03-28,华灿光电,sz300323,18.85,17.0,18.6,17.93,18.6,27.124823,4808989,0.036255,97.01533,3.171449,0.0994,-0.036
2014-03-31,华灿光电,sz300323,19.38,17.43,18.12,18.58,17.93,28.108152,3828365,0.028862,100.532326,3.28642,0.1087,0.0253
2014-04-01,华灿光电,sz300323,20.28,18.02,18.03,20.0,18.58,30.256346,6985805,0.052665,108.21561,3.537588,0.1216,0.1092
2014-04-02,华灿光电,sz300323,20.63,19.76,19.76,20.1,20.0,30.407627,5353506,0.04036,108.75668,3.555276,0.0434,0.0172
2014-04-03,华灿光电,sz300323,20.6,19.9,19.9,20.49,20.1,30.997627,4045635,0.0305,110.86689,3.624259,0.0348,0.0296
2014-04-04,华灿光电,sz300323,20.55,19.78,20.3,19.97,20.49,30.210968,4409284,0.033241,108.053314,3.532283,0.0375,-0.0162
2014-04-08,华灿光电,sz300323,19.97,18.98,19.97,19.78,19.97,29.923542,3815375,0.028764,107.02529,3.498677,0.0495,-0.0095
2014-04-09,华灿光电,sz300323,20.33,19.55,19.62,19.99,19.78,30.24124,4649616,0.035053,108.16158,3.535822,0.0394,0.0188
2014-04-10,华灿光电,sz300323,21.75,20.0,20.0,21.0,19.99,31.769178,8515184,0.064195,113.62644,3.714469,0.0875,0.05
2014-04-11,华灿光电,sz300323,21.75,20.25,20.5,21.59,21.0,32.661736,5763630,0.043452,116.81878,3.818827,0.0714,0.0531
2014-04-14,华灿光电,sz300323,23.4,21.3,21.39,21.39,21.59,32.359154,9626063,0.07257,115.73657,3.78345,0.0972,0.0
2014-04-21,华灿光电,sz300323,20.82,19.31,19.8,19.38,21.39,29.318398,13701902,0.103298,-510.84702,3.416697,0.0705,-0.0212
2014-04-22,华灿光电,sz300323,20.15,18.74,19.66,19.99,19.38,30.241224,7391942,0.055727,-526.92645,3.524241,0.0727,0.0167
2014-04-23,华灿光电,sz300323,20.35,19.6,19.87,19.78,19.99,29.92354,4119068,0.031053,-521.39105,3.487219,0.0375,-0.0045
2014-04-24,华灿光电,sz300323,20.2,19.27,19.99,19.38,19.78,29.318426,3186802,0.024025,-510.8475,3.4167,0.047,-0.0305
2014-04-25,华灿光电,sz300323,19.6,18.68,19.3,18.68,19.38,28.259445,4793127,0.036135,-492.3957,3.293289,0.0474,-0.0321
2014-07-28,华灿光电,sz300323,11.21,11.21,11.21,11.21,18.68,25.43802,5068800,0.025476,-443.2349,2.964487,0.0,0.0
2014-07-29,华灿光电,sz300323,11.7,10.6,10.72,11.48,11.21,26.050722,31923405,0.160445,-453.91064,3.03589,0.0981,0.0708
2014-07-30,华灿光电,sz300323,11.35,11.07,11.18,11.16,11.48,25.324558,15770401,0.079261,-441.2579,2.951264,0.0243,-0.0017
2014-07-31,华灿光电,sz300323,11.25,11.05,11.16,11.15,11.16,25.301867,10519022,0.052868,-440.86252,2.94862,0.0179,-8.0E-4
2014-08-01,华灿光电,sz300323,11.13,10.85,11.13,10.89,11.15,24.711878,13670794,0.068709,-430.5825,2.879864,0.0251,-0.0215
2014-08-04,华灿光电,sz300323,11.02,10.85,10.86,10.96,10.89,24.870726,5795990,0.02913,-433.35028,2.898376,0.0156,0.0092
2014-08-05,华灿光电,sz300323,11.3,10.92,10.93,11.28,10.96,25.596876,13000248,0.065339,-446.0028,2.982999,0.0346,0.032
2014-08-06,华灿光电,sz300323,12.16,11.16,11.25,11.9,11.28,27.003809,17602708,0.08847,-470.51736,3.14696,0.0886,0.0577
2014-08-07,华灿光电,sz300323,12.93,11.72,11.8,12.6,11.9,28.592281,20784638,0.104462,-498.19507,3.332077,0.1016,0.0677
2014-08-08,华灿光电,sz300323,12.78,12.35,12.78,12.47,12.6,28.297295,11130506,0.055941,-493.05518,3.2977,0.0341,-0.0242
2014-08-11,华灿光电,sz300323,12.8,12.39,12.48,12.6,12.47,28.592293,9650920,0.048505,-498.19528,3.332078,0.0328,0.0096
2014-08-12,华灿光电,sz300323,12.85,12.48,12.6,12.8,12.6,29.046139,8607504,0.043261,-506.10315,3.384968,0.0293,0.0158
2014-08-13,华灿光电,sz300323,13.3,12.45,13.16,12.61,12.8,28.614979,10703640,0.053796,178.12495,2.197642,0.0664,-0.0417
2014-08-14,华灿光电,sz300323,12.54,11.95,12.44,12.11,12.61,27.480366,12329419,0.061967,171.06212,2.110503,0.0467,-0.0265
2014-08-15,华灿光电,sz300323,12.27,11.95,12.0,12.24,12.11,27.775368,5308967,0.026683,172.89847,2.13316,0.0264,0.02
2014-08-18,华灿光电,sz300323,12.44,12.12,12.29,12.36,12.24,28.047678,8202361,0.041225,174.59357,2.154073,0.0261,0.0056
2014-08-19,华灿光电,sz300323,12.84,12.32,12.45,12.59,12.36,28.569588,9688191,0.048692,177.8424,2.194156,0.042,0.0112
2014-08-20,华灿光电,sz300323,12.55,12.27,12.5,12.36,12.59,28.04768,7769571,0.039049,174.59358,2.154073,0.0222,-0.0112
2014-08-21,华灿光电,sz300323,13.5,12.2,12.33,13.27,12.36,30.11269,20791571,0.104497,187.44803,2.312667,0.1051,0.0762
2014-08-22,华灿光电,sz300323,13.25,12.8,13.1,13.12,13.27,29.772295,12946358,0.065068,185.32912,2.286525,0.0339,0.0015
2014-08-25,华灿光电,sz300323,13.28,12.9,13.11,13.15,13.12,29.840385,8133512,0.040879,185.75298,2.291754,0.0289,0.003
2014-08-26,华灿光电,sz300323,13.26,12.41,13.15,12.52,13.15,28.410763,8933871,0.044901,176.85373,2.181958,0.0646,-0.0479
2014-08-27,华灿光电,sz300323,12.62,12.32,12.42,12.41,12.52,28.161144,5792997,0.029115,175.2999,2.162788,0.0239,-8.0E-4
2014-08-28,华灿光电,sz300323,12.53,12.08,12.41,12.09,12.41,27.434982,5216659,0.026219,170.77962,2.107018,0.0362,-0.0257
2014-08-29,华灿光电,sz300323,12.38,11.83,12.09,12.38,12.09,28.093065,4235609,0.021288,174.8761,2.157559,0.0454,0.0239
2014-09-01,华灿光电,sz300323,12.61,12.35,12.38,12.5,12.38,28.36537,4887906,0.024566,176.57118,2.178472,0.021,0.0096
2014-09-02,华灿光电,sz300323,12.92,12.51,12.56,12.92,12.5,29.318447,8760837,0.044031,182.50397,2.251669,0.0328,0.0286
2014-09-03,华灿光电,sz300323,13.25,12.81,12.99,13.05,12.92,29.61345,11971913,0.06017,184.34032,2.274325,0.034,0.0046
2014-09-04,华灿光电,sz300323,13.4,13.0,13.15,13.35,13.05,30.294233,12325055,0.061945,188.57812,2.32661,0.0306,0.0152
2014-09-05,华灿光电,sz300323,13.67,13.06,13.53,13.32,13.35,30.226162,12452088,0.062584,188.15439,2.321382,0.0456,-0.0155
2014-09-09,华灿光电,sz300323,14.1,13.1,13.38,13.89,13.32,31.51963,13635155,0.06853,196.20609,2.420721,0.075,0.0381
2014-09-10,华灿光电,sz300323,13.95,13.62,13.7,13.79,13.89,31.29272,7722179,0.038811,194.7936,2.403294,0.0237,0.0065
2014-09-11,华灿光电,sz300323,14.08,13.49,13.85,13.7,13.79,31.088503,13399103,0.067343,193.52237,2.38761,0.0427,-0.0108
2014-09-12,华灿光电,sz300323,13.73,13.5,13.56,13.7,13.7,31.088503,5398226,0.027131,193.52237,2.38761,0.0167,0.0103
2014-09-15,华灿光电,sz300323,13.73,13.49,13.7,13.71,13.7,31.111198,6080636,0.030561,193.66364,2.389353,0.0175,7.0E-4
2014-09-16,华灿光电,sz300323,13.72,13.07,13.72,13.07,13.71,29.658897,8620599,0.043327,184.62323,2.277815,0.0474,-0.0473
2014-09-17,华灿光电,sz300323,13.16,12.53,13.05,12.82,13.07,29.091581,5712769,0.028712,181.09175,2.234245,0.0482,-0.0176
2014-09-18,华灿光电,sz300323,13.11,12.7,12.79,12.99,12.82,29.477365,2991173,0.015033,183.49321,2.263874,0.0319,0.0156
2014-09-19,华灿光电,sz300323,13.1,12.79,13.1,13.05,12.99,29.61352,2948155,0.014817,184.34077,2.274331,0.0238,-0.0038
2014-09-22,华灿光电,sz300323,13.22,12.8,13.06,13.1,13.05,29.72697,7367184,0.037027,185.04698,2.283044,0.0321,0.003
2014-09-23,华灿光电,sz300323,13.33,13.08,13.15,13.29,13.1,30.15813,5319530,0.026736,187.7309,2.316157,0.019,0.0106
2014-09-24,华灿光电,sz300323,13.5,13.11,13.29,13.45,13.29,30.521204,6533989,0.032839,189.991,2.344041,0.0293,0.012
2014-09-25,华灿光电,sz300323,13.46,13.04,13.45,13.13,13.45,29.795044,5877062,0.029538,185.47072,2.288272,0.0312,-0.0237
2014-09-26,华灿光电,sz300323,13.22,13.03,13.06,13.1,13.13,29.726961,3169470,0.01593,185.04692,2.283043,0.0144,0.003
2014-09-29,华灿光电,sz300323,13.45,13.13,13.15,13.37,13.1,30.339664,4715172,0.023698,188.86093,2.330099,0.0244,0.0167
2014-09-30,华灿光电,sz300323,13.5,13.25,13.45,13.41,13.37,30.43044,5848789,0.029396,189.426,2.33707,0.0186,-0.0029
2014-10-08,华灿光电,sz300323,13.99,13.43,13.8,13.54,13.41,30.725433,9024413,0.045356,191.2623,2.359726,0.0417,-0.0188
2014-10-09,华灿光电,sz300323,14.2,13.41,13.5,14.2,13.54,32.223114,16756895,0.084219,200.58519,2.474748,0.0583,0.0518
2014-10-10,华灿光电,sz300323,15.36,13.96,14.15,14.83,14.2,33.652725,25053172,0.125916,209.48434,2.584543,0.0985,0.048
2014-10-13,华灿光电,sz300323,15.36,14.35,14.62,15.32,14.83,34.764645,21498431,0.10805,216.40591,2.669939,0.0681,0.0478
2014-10-14,华灿光电,sz300323,15.26,14.72,15.1,15.01,15.32,34.06118,13153481,0.066109,212.02695,2.615913,0.0352,-0.0059
2014-10-15,华灿光电,sz300323,14.8,14.0,14.8,14.09,15.01,31.973503,24724881,0.124266,199.03139,2.455578,0.0532,-0.0479
2014-10-16,华灿光电,sz300323,14.17,13.72,13.93,13.72,14.09,31.133879,13671811,0.068714,193.80482,2.391095,0.0319,-0.015
2014-10-17,华灿光电,sz300323,13.71,13.0,13.55,13.13,13.72,29.795029,12530979,0.06298,185.47064,2.28827,0.0517,-0.0309
2014-10-20,华灿光电,sz300323,13.57,13.13,13.21,13.4,13.13,30.407734,8839755,0.044428,189.28465,2.335326,0.0335,0.0143
2014-10-21,华灿光电,sz300323,13.5,12.9,13.49,13.0,13.4,29.500032,11335866,0.056973,183.63432,2.265615,0.0447,-0.0363
2014-10-22,华灿光电,sz300323,13.25,12.86,13.03,12.93,13.0,29.341175,7761475,0.039009,182.64545,2.253414,0.03,-0.0076
2014-10-23,华灿光电,sz300323,12.73,11.73,12.73,11.95,12.93,27.11732,25072420,0.126013,96.009384,3.069227,0.0773,-0.0612
2014-10-24,华灿光电,sz300323,12.05,11.72,11.95,11.79,11.95,26.754246,8754603,0.044,94.723915,3.028133,0.0276,-0.0133
2014-10-27,华灿光电,sz300323,12.06,11.7,11.81,12.01,11.79,27.253479,5937744,0.029843,96.49146,3.084638,0.0305,0.0169
2014-10-28,华灿光电,sz300323,12.64,12.05,12.09,12.51,12.01,28.388096,11591361,0.058258,100.5086,3.213057,0.0491,0.0347
2014-10-29,华灿光电,sz300323,12.65,12.41,12.55,12.55,12.51,28.478853,9070146,0.045586,100.82992,3.223329,0.0191,0.0
2014-10-30,华灿光电,sz300323,12.76,12.47,12.56,12.53,12.55,28.433458,8337205,0.041902,100.6692,3.218191,0.0231,-0.0023
2014-10-31,华灿光电,sz300323,12.51,12.05,12.51,12.26,12.53,27.820774,8059382,0.040506,98.49998,3.148846,0.0367,-0.0199
2014-11-03,华灿光电,sz300323,12.71,12.25,12.3,12.65,12.26,28.70578,7980460,0.040109,101.63336,3.249014,0.0375,0.0284
2014-11-04,华灿光电,sz300323,12.81,12.48,12.65,12.5,12.65,28.365387,6543019,0.032885,100.42819,3.210487,0.026,-0.0118
2014-11-05,华灿光电,sz300323,12.49,12.16,12.49,12.2,12.5,27.684618,7104265,0.035706,98.017914,3.133435,0.0264,-0.0232
2014-11-06,华灿光电,sz300323,12.69,12.17,12.18,12.61,12.2,28.615015,6262063,0.031473,101.312004,3.238741,0.0426,0.0353
2014-11-07,华灿光电,sz300323,12.64,12.16,12.58,12.27,12.61,27.843468,5927673,0.029792,98.58033,3.151415,0.038,-0.0246
2014-11-10,华灿光电,sz300323,12.34,12.2,12.25,12.33,12.27,27.979624,3849519,0.019347,99.062386,3.166825,0.0114,0.0065
2014-11-11,华灿光电,sz300323,12.39,11.32,12.37,11.41,12.33,25.891924,9928571,0.0499,91.670845,2.930532,0.0867,-0.0776
2014-11-12,华灿光电,sz300323,11.8,11.35,11.42,11.65,11.41,26.436535,5636461,0.028329,93.59905,2.992173,0.0394,0.0201
2014-11-13,华灿光电,sz300323,11.64,11.12,11.55,11.2,11.65,25.41537,6237846,0.031351,89.983604,2.876594,0.0446,-0.0303
2014-11-14,华灿光电,sz300323,11.29,11.0,11.18,11.16,11.2,25.324612,4551954,0.022878,89.66227,2.866322,0.0258,-0.0017
2014-11-17,华灿光电,sz300323,11.55,11.14,11.2,11.46,11.16,26.005388,4597203,0.023105,92.07257,2.943375,0.0367,0.0232
2014-11-18,华灿光电,sz300323,11.62,11.47,11.5,11.6,11.46,26.32307,3655881,0.018374,93.19733,2.979331,0.013,0.0086
2014-11-19,华灿光电,sz300323,11.66,11.39,11.6,11.64,11.6,26.413832,3837622,0.019288,93.51868,2.989604,0.0232,0.0034
2014-11-20,华灿光电,sz300323,11.55,11.39,11.55,11.45,11.64,25.98268,2518005,0.012655,91.992165,2.940804,0.0137,-0.0086
2014-11-21,华灿光电,sz300323,11.59,11.34,11.39,11.48,11.45,26.050753,3247971,0.016324,92.233185,2.948509,0.0218,0.0079
2014-11-24,华灿光电,sz300323,11.63,11.48,11.59,11.56,11.48,26.232302,4627923,0.02326,92.87596,2.969057,0.013,-0.0025
2014-11-25,华灿光电,sz300323,12.05,11.48,11.59,11.94,11.56,27.094608,6893145,0.034645,95.92898,3.066656,0.0493,0.0301
2014-11-26,华灿光电,sz300323,12.16,11.8,11.94,12.04,11.94,27.321527,6747619,0.033913,96.73238,3.092339,0.0301,0.0083
2014-11-27,华灿光电,sz300323,12.48,11.91,12.09,12.25,12.04,27.798069,14299914,0.071871,98.41959,3.146276,0.0473,0.0132
2014-11-28,华灿光电,sz300323,12.4,12.02,12.25,12.11,12.25,27.480364,9375079,0.047119,97.294754,3.110317,0.031,-0.0114
2014-12-01,华灿光电,sz300323,12.15,11.6,12.13,11.63,12.11,26.391125,8407813,0.042257,93.43828,2.987034,0.0454,-0.0412
2014-12-02,华灿光电,sz300323,11.87,11.53,11.53,11.71,11.63,26.57267,4907753,0.024666,94.08104,3.007581,0.0292,0.0156
2014-12-03,华灿光电,sz300323,11.93,11.47,11.72,11.88,11.71,26.958452,8633808,0.043393,95.446915,3.051245,0.0392,0.0136
2014-12-04,华灿光电,sz300323,12.02,11.82,11.82,11.93,11.88,27.07192,7749168,0.038947,95.84865,3.064088,0.0168,0.0093
2014-12-05,华灿光电,sz300323,11.93,11.21,11.89,11.42,11.93,25.914623,8546766,0.042956,91.75121,2.933101,0.0603,-0.0395
2014-12-08,华灿光电,sz300323,11.49,11.25,11.45,11.3,11.42,25.642311,6953389,0.034947,90.787094,2.90228,0.021,-0.0131
2014-12-09,华灿光电,sz300323,11.28,10.4,11.2,10.43,11.3,23.668085,9441283,0.047451,83.7973,2.678831,0.0778,-0.0687
2014-12-10,华灿光电,sz300323,10.89,10.43,10.44,10.85,10.43,24.621151,5213408,0.026202,87.17165,2.786702,0.0441,0.0392
2014-12-11,华灿光电,sz300323,11.19,10.71,10.82,11.18,10.85,25.370003,5178689,0.026028,89.822975,2.87146,0.0442,0.0332
2014-12-12,华灿光电,sz300323,11.47,11.08,11.08,11.39,11.18,25.846554,5147282,0.02587,91.510216,2.925397,0.0348,0.0279
2014-12-15,华灿光电,sz300323,11.57,11.31,11.39,11.4,11.39,25.869247,6124045,0.030779,91.59056,2.927966,0.0228,8.0E-4
2014-12-16,华灿光电,sz300323,11.42,11.09,11.41,11.11,11.4,25.211159,5957112,0.02994,89.26059,2.853481,0.0289,-0.0262
2014-12-17,华灿光电,sz300323,11.09,10.7,11.09,10.79,11.11,24.485003,5263217,0.026453,86.68961,2.771292,0.0351,-0.027
2014-12-18,华灿光电,sz300323,10.97,10.67,10.67,10.73,10.79,24.34884,3187639,0.016021,86.207535,2.755881,0.0278,0.0056
2014-12-19,华灿光电,sz300323,10.8,10.41,10.73,10.48,10.73,23.781538,4228242,0.021251,84.19898,2.691672,0.0363,-0.0232
2014-12-22,华灿光电,sz300323,10.49,9.93,10.48,9.99,10.48,22.669607,6214911,0.031236,80.26218,2.56582,0.0534,-0.0467
2014-12-23,华灿光电,sz300323,10.3,9.7,9.89,9.85,9.99,22.351915,4579285,0.023015,79.13738,2.529863,0.06,-0.004
2014-12-24,华灿光电,sz300323,10.23,9.87,9.88,10.17,9.85,23.078062,3034904,0.015253,81.70832,2.61205,0.0365,0.0293
2014-12-25,华灿光电,sz300323,10.26,10.05,10.21,10.17,10.17,23.078062,2248327,0.0113,81.70832,2.61205,0.0206,-0.0039
2014-12-26,华灿光电,sz300323,10.11,9.87,10.11,9.97,10.17,22.624208,4148671,0.020851,80.10144,2.560682,0.0235,-0.0138
2014-12-29,华灿光电,sz300323,9.95,9.31,9.92,9.39,9.97,21.308046,7216993,0.036272,75.44154,2.411714,0.0641,-0.0534
2014-12-30,华灿光电,sz300323,9.39,8.91,9.31,8.95,9.39,20.309593,7268904,0.036533,71.9065,2.298706,0.0511,-0.0386
2014-12-31,华灿光电,sz300323,9.15,8.91,8.95,9.12,8.95,20.695354,4452258,0.022377,73.27229,2.342368,0.0268,0.0189
2015-01-01,华灿光电,sz300323,9.12,9.12,9.12,9.12,9.12,6.08,0,0.0,0.0,0.0,0.0,0.0
2015-01-02,华灿光电,sz300323,9.12,9.12,9.12,9.12,9.12,6.08,0,0.0,0.0,0.0,0.0,0.0
2015-01-05,华灿光电,sz300323,9.16,8.93,9.1,9.13,9.12,6.08667,75906,0.025433,73.3526,2.344935,0.0252,0.0032
2015-01-06,华灿光电,sz300323,9.87,9.03,9.1,9.76999,9.13,6.51333,144967,0.048573,78.494545,2.509312,0.092,0.0736
2015-01-07,华灿光电,sz300323,9.79999,9.45,9.73001,9.59,9.76999,6.39333,79755,0.026723,77.04836,2.463081,0.0358,-0.0143
2015-01-08,华灿光电,sz300323,9.82999,9.52001,9.57,9.69,9.59,6.46,71028,0.023799,77.85182,2.488766,0.0323,0.0125
2015-01-09,华灿光电,sz300323,9.84,9.46001,9.66,9.47,9.69,6.31333,90977,0.030483,76.084274,2.432261,0.0392,-0.0196
2015-01-12,华灿光电,sz300323,9.40001,9.07999,9.40001,9.31,9.47,6.20667,62536,0.020954,74.79883,2.391168,0.0337,-0.0095
2015-01-13,华灿光电,sz300323,10.24001,9.19999,9.28999,10.24001,9.31,6.82667,183935,0.06163,82.270706,2.630029,0.1117,0.1022
2015-01-14,华灿光电,sz300323,10.84999,10.18001,10.42001,10.69,10.24001,7.12667,346495,0.116098,85.88609,2.745605,0.0654,0.0259
2015-01-15,华灿光电,sz300323,10.65,10.30001,10.51,10.33001,10.69,6.88667,157432,0.05275,82.9938,2.653144,0.0327,-0.0171
2015-01-16,华灿光电,sz300323,10.74,10.30001,10.30001,10.63,10.33001,7.08667,137747,0.046154,85.4041,2.730197,0.0425,0.032
2015-01-19,华灿光电,sz300323,11.01,10.29,10.4,10.32,10.63,6.88,182407,0.061118,82.91346,2.650576,0.0677,-0.0076
2015-01-20,华灿光电,sz300323,10.97,10.38,10.42001,10.83,10.32,7.22,156224,0.052345,87.01096,2.781565,0.0571,0.0393
2015-01-21,华灿光电,sz300323,11.14001,10.69999,10.8,11.13,10.83,7.42,178507,0.059811,89.42125,2.858617,0.0406,0.0305
2015-01-22,华灿光电,sz300323,11.26999,10.96001,11.16,11.14001,11.13,7.42667,128202,0.042956,89.50155,2.861184,0.0278,-0.0017
2015-01-23,华灿光电,sz300323,11.12,10.6,11.05001,10.71,11.14001,7.14,141849,0.047528,86.04679,2.750743,0.0466,-0.0307
2015-01-26,华灿光电,sz300323,10.96001,10.63999,10.69999,10.88,10.71,7.25333,72349,0.024242,87.41261,2.794405,0.0298,0.0168
2015-01-27,华灿光电,sz300323,11.02001,10.63,10.86,10.78,10.88,7.18667,108389,0.036317,86.6092,2.768722,0.0358,-0.0073
2015-01-28,华灿光电,sz300323,11.28,10.68,10.75999,11.13,10.78,7.42,179514,0.060149,89.421234,2.858617,0.0556,0.0343
2015-01-29,华灿光电,sz300323,11.1,10.84999,11.0,10.93001,11.13,7.28667,70066,0.023477,87.81442,2.80725,0.0224,-0.0063
2015-01-30,华灿光电,sz300323,11.05001,10.66,10.93001,10.75,10.93001,7.16667,71142,0.023837,86.36829,2.76102,0.0356,-0.0164
2015-02-02,华灿光电,sz300323,10.81999,10.51,10.6,10.68,10.75,7.12,49221,0.016492,85.80586,2.743041,0.0288,0.0075
2015-02-03,华灿光电,sz300323,11.04,10.62,10.68,11.01,10.68,7.34,98709,0.033074,88.45718,2.827798,0.0393,0.0308
2015-02-04,华灿光电,sz300323,11.47,10.96001,11.01,11.4,11.01,7.6,211518,0.070872,91.59051,2.927964,0.0463,0.0354
2015-02-05,华灿光电,sz300323,11.73,11.20001,11.29,11.5,11.4,7.66667,204019,0.068359,92.39394,2.953648,0.0464,0.0186
2015-02-06,华灿光电,sz300323,11.63,11.0,11.43,11.14001,11.5,7.42667,118445,0.039687,89.50164,2.861187,0.0547,-0.0253
2015-02-09,华灿光电,sz300323,11.20001,10.88,11.1,10.93001,11.14001,7.28667,68919,0.023092,87.814445,2.807251,0.0287,-0.0153
2015-02-10,华灿光电,sz300323,11.4,10.84,10.84999,11.35999,10.93001,7.57333,71024,0.023798,91.26915,2.917691,0.0512,0.047
2015-02-11,华灿光电,sz300323,11.65001,11.25,11.35999,11.32,11.35999,7.54667,104125,0.034889,90.94779,2.907418,0.0352,-0.0035
2015-02-12,华灿光电,sz300323,11.56,11.29999,11.35999,11.35999,11.32,7.57333,68027,0.022793,91.2692,2.917693,0.0229,0.0
2015-02-13,华灿光电,sz300323,11.65001,11.37,11.37,11.64,11.35999,7.76,112563,0.037716,93.51881,2.989608,0.0246,0.0237
2015-02-16,华灿光电,sz300323,12.10001,11.67,11.75,12.08,11.64,8.05333,157409,0.052742,97.05391,3.102618,0.0369,0.028
2015-02-17,华灿光电,sz300323,12.28001,11.91,12.16999,11.98001,12.08,7.98667,97218,0.032574,96.250496,3.076935,0.0306,-0.0156
2015-02-18,华灿光电,sz300323,11.98001,11.98001,11.98001,11.98001,11.98001,7.98667,0,0.0,0.0,0.0,0.0,0.0
2015-02-19,华灿光电,sz300323,11.98001,11.98001,11.98001,11.98001,11.98001,7.98667,0,0.0,0.0,0.0,0.0,0.0
2015-02-20,华灿光电,sz300323,11.98001,11.98001,11.98001,11.98001,11.98001,7.98667,0,0.0,0.0,0.0,0.0,0.0
2015-02-23,华灿光电,sz300323,11.98001,11.98001,11.98001,11.98001,11.98001,7.98667,0,0.0,0.0,0.0,0.0,0.0
2015-02-24,华灿光电,sz300323,11.98001,11.98001,11.98001,11.98001,11.98001,7.98667,0,0.0,0.0,0.0,0.0,0.0
2015-02-25,华灿光电,sz300323,12.16999,11.85,12.04999,12.09,11.98001,8.06,102116,0.034215,97.13427,3.105187,0.0267,0.0033
2015-02-26,华灿光电,sz300323,12.09,11.73,11.99,12.02,12.09,8.01333,109079,0.036549,96.57186,3.087208,0.0297,0.0025
2015-02-27,华灿光电,sz300323,12.3,11.80001,11.93,12.18,12.02,8.12,151960,0.050916,97.85733,3.128302,0.0415,0.0209
2015-03-02,华灿光电,sz300323,12.77,12.16001,12.28999,12.69,12.18,8.46,206463,0.069178,101.95481,3.25929,0.05,0.0325
2015-03-03,华灿光电,sz300323,12.91001,12.36,12.6,12.40001,12.69,8.26667,183300,0.061417,99.62484,3.184805,0.0433,-0.0158
2015-03-04,华灿光电,sz300323,12.85999,12.40001,12.42,12.81,12.40001,8.54,137729,0.046148,102.91894,3.290111,0.037,0.0314
2015-03-05,华灿光电,sz300323,13.09001,12.73,12.77,12.99,12.81,8.66,135350,0.045351,104.36515,3.336344,0.0281,0.0172
2015-03-06,华灿光电,sz300323,13.27999,12.79999,13.02,13.0,12.99,8.66667,153951,0.051583,104.44551,3.338913,0.0369,-0.0015
2015-03-09,华灿光电,sz300323,13.03999,12.5,12.87,12.85999,13.0,8.57333,99218,0.033244,103.32074,3.302956,0.0415,-7.0E-4
2015-03-10,华灿光电,sz300323,13.08,12.74,12.81,12.93,12.85999,8.62,94231,0.031573,103.88312,3.320934,0.0264,0.0093
2015-03-11,华灿光电,sz300323,13.07,12.44,13.07,12.52999,12.93,8.35333,122077,0.040904,100.66939,3.218198,0.0487,-0.0413
2015-03-12,华灿光电,sz300323,12.84,12.16999,12.52999,12.28999,12.52999,8.19333,113351,0.03798,98.741165,3.156556,0.0534,-0.0191
2015-03-13,华灿光电,sz300323,12.69,12.3,12.31,12.64001,12.28999,8.42667,75987,0.025461,101.553116,3.246449,0.0317,0.0268
2015-03-16,华灿光电,sz300323,13.86,12.64999,12.81,13.11,12.64001,8.74,229604,0.076932,105.32927,3.367165,0.0957,0.0234
2015-03-17,华灿光电,sz300323,13.18,12.91001,13.0,13.12,13.11,8.74667,213731,0.071614,105.40964,3.369734,0.0205,0.0092
2015-03-18,华灿光电,sz300323,13.64,13.2,13.31,13.57,13.12,9.04667,268401,0.089932,67.17356,3.453606,0.0335,0.0195
2015-03-19,华灿光电,sz300323,13.7,13.25,13.7,13.45999,13.57,8.97333,191308,0.0641,66.62905,3.425611,0.0331,-0.0175
2015-03-20,华灿光电,sz300323,13.82,13.42,13.43,13.7,13.45999,9.13333,194876,0.065296,67.817116,3.486694,0.0297,0.0201
2015-03-23,华灿光电,sz300323,14.13,13.60001,13.71,14.12,13.7,9.41333,225706,0.075626,69.89619,3.593585,0.0386,0.0299
2015-03-24,华灿光电,sz300323,14.18,13.18,14.14001,13.72999,14.12,9.15333,283352,0.094941,67.96565,3.49433,0.0708,-0.0289
2015-03-25,华灿光电,sz300323,14.43,13.42,13.7,14.23,13.72999,9.48667,275024,0.092151,70.44076,3.621583,0.0735,0.0386
2015-03-26,华灿光电,sz300323,14.39,13.63,14.02999,13.78999,14.23,9.19333,226114,0.075763,68.26266,3.5096,0.0534,-0.0171
2015-03-27,华灿光电,sz300323,13.95,13.59,13.60001,13.84999,13.78999,9.23333,117626,0.039412,68.55967,3.524871,0.0261,0.0183
2015-03-30,华灿光电,sz300323,13.8,13.5,13.54999,13.72001,13.84999,9.14667,176074,0.058996,67.91617,3.491786,0.0216,0.0125
2015-03-31,华灿光电,sz300323,14.41001,13.52,13.68,14.14001,13.72001,9.42667,277495,0.092978,69.99522,3.598677,0.0648,0.0336
2015-04-01,华灿光电,sz300323,14.37,13.96999,14.08999,14.29999,14.14001,9.53333,263928,0.088433,70.78722,3.639396,0.0282,0.0149
2015-04-02,华灿光电,sz300323,14.98,14.22,14.39,14.93,14.29999,9.95333,327860,0.109854,73.905815,3.799733,0.0531,0.0375
2015-04-03,华灿光电,sz300323,15.12,14.65001,14.77999,14.88,14.93,9.92,240813,0.080688,73.6583,3.787008,0.0314,0.0067
2015-04-06,华灿光电,sz300323,14.88,14.88,14.88,14.88,14.88,9.92,0,0.0,0.0,0.0,0.0,0.0
2015-04-07,华灿光电,sz300323,16.18995,14.8,14.88,15.87,14.88,10.58,327984,0.109896,78.55894,4.038965,0.0934,0.0665
2015-04-08,华灿光电,sz300323,15.94995,14.88,15.88005,15.37005,15.87,10.2467,270243,0.090549,76.08386,3.911713,0.0674,-0.0321
2015-04-09,华灿光电,sz300323,15.34005,14.37,15.33,14.88,15.37005,9.92,215722,0.072281,73.65831,3.787008,0.0631,-0.0293
2015-04-10,华灿光电,sz300323,15.37005,14.73,14.73,15.31005,14.88,10.2067,199033,0.066689,75.78689,3.896445,0.043,0.0393
2015-04-13,华灿光电,sz300323,15.67995,15.16005,15.3,15.48,15.31005,10.32,181103,0.060681,76.628426,3.939711,0.0339,0.0117
2015-04-14,华灿光电,sz300323,16.51005,15.22005,15.46995,15.85005,15.48,10.5667,258452,0.086598,78.46,4.033878,0.0833,0.0245
2015-04-15,华灿光电,sz300323,15.79005,14.5,15.75,14.69,15.85005,9.79333,190743,0.063911,72.71782,3.738654,0.0813,-0.0673
2015-04-16,华灿光电,sz300323,14.98,14.07,14.43,14.49,14.69,9.66,137444,0.046052,71.72777,3.687753,0.0619,0.0041
2015-04-17,华灿光电,sz300323,14.97,14.5,14.59999,14.59999,14.49,9.73333,122213,0.040949,72.272255,3.715746,0.0324,0.0
2015-04-20,华灿光电,sz300323,14.77999,14.0,14.37,14.06,14.59999,9.37333,187839,0.062938,69.5992,3.578316,0.0534,-0.0215
2015-04-21,华灿光电,sz300323,14.64,14.07,14.07,14.63,14.06,9.75333,124096,0.04158,72.420815,3.723384,0.0405,0.0398
2015-04-22,华灿光电,sz300323,15.01005,14.63,14.68,14.93,14.63,9.95333,164500,0.055118,73.905876,3.799736,0.0259,0.017
2015-04-23,华灿光电,sz300323,15.52995,14.65001,14.85,15.15,14.93,10.1,231874,0.077693,109.44002,3.886645,0.0589,0.0202
2015-04-24,华灿光电,sz300323,15.13005,14.43,15.13005,14.85,15.15,9.9,141869,0.047535,107.27288,3.809682,0.0462,-0.0185
2015-04-27,华灿光电,sz300323,15.28995,14.55,14.8,14.67,14.85,9.78,111192,0.037256,105.972626,3.763505,0.0498,-0.0087
2015-04-28,华灿光电,sz300323,14.83001,14.0,14.61,14.07,14.67,9.38,86130,0.028859,101.63835,3.609578,0.0565,-0.0369
2015-04-29,华灿光电,sz300323,14.07,14.07,14.07,14.07,14.07,9.38,0,0.0,0.0,0.0,0.0,0.0
2015-04-30,华灿光电,sz300323,14.07,14.07,14.07,14.07,14.07,9.38,0,0.0,0.0,0.0,0.0,0.0
2015-05-01,华灿光电,sz300323,14.07,14.07,14.07,14.07,14.07,9.38,0,0.0,0.0,0.0,0.0,0.0
2015-05-04,华灿光电,sz300323,14.07,14.07,14.07,14.07,14.07,9.38,0,0.0,0.0,0.0,0.0,0.0
2015-05-05,华灿光电,sz300323,14.07,14.07,14.07,14.07,14.07,9.38,0,0.0,0.0,0.0,0.0,0.0
2015-05-06,华灿光电,sz300323,14.07,14.07,14.07,14.07,14.07,9.38,0,0.0,0.0,0.0,0.0,0.0
2015-05-07,华灿光电,sz300323,14.07,14.07,14.07,14.07,14.07,9.38,0,0.0,0.0,0.0,0.0,0.0
2015-05-08,华灿光电,sz300323,14.07,14.07,14.07,14.07,14.07,9.38,0,0.0,0.0,0.0,0.0,0.0
2015-05-11,华灿光电,sz300323,14.07,14.07,14.07,14.07,14.07,9.38,0,0.0,0.0,0.0,0.0,0.0
2015-05-12,华灿光电,sz300323,14.07,14.07,14.07,14.07,14.07,9.38,0,0.0,0.0,0.0,0.0,0.0
2015-05-13,华灿光电,sz300323,14.07,14.07,14.07,14.07,14.07,9.38,0,0.0,0.0,0.0,0.0,0.0
2015-05-14,华灿光电,sz300323,14.07,14.07,14.07,14.07,14.07,9.38,0,0.0,0.0,0.0,0.0,0.0
2015-05-15,华灿光电,sz300323,14.07,14.07,14.07,14.07,14.07,9.38,0,0.0,0.0,0.0,0.0,0.0
2015-05-18,华灿光电,sz300323,14.07,14.07,14.07,14.07,14.07,9.38,0,0.0,0.0,0.0,0.0,0.0
2015-05-19,华灿光电,sz300323,14.07,14.07,14.07,14.07,14.07,9.38,0,0.0,0.0,0.0,0.0,0.0
2015-05-20,华灿光电,sz300323,14.07,14.07,14.07,14.07,14.07,9.38,0,0.0,0.0,0.0,0.0,0.0
2015-05-21,华灿光电,sz300323,14.07,14.07,14.07,14.07,14.07,9.38,0,0.0,0.0,0.0,0.0,0.0
2015-05-22,华灿光电,sz300323,14.07,14.07,14.07,14.07,14.07,9.38,0,0.0,0.0,0.0,0.0,0.0
2015-05-25,华灿光电,sz300323,14.07,14.07,14.07,14.07,14.07,9.38,0,0.0,0.0,0.0,0.0,0.0
2015-05-26,华灿光电,sz300323,14.07,14.07,14.07,14.07,14.07,9.38,0,0.0,0.0,0.0,0.0,0.0
2015-05-27,华灿光电,sz300323,14.07,14.07,14.07,14.07,14.07,9.38,0,0.0,0.0,0.0,0.0,0.0
2015-05-28,华灿光电,sz300323,14.07,14.07,14.07,14.07,14.07,9.38,0,0.0,0.0,0.0,0.0,0.0
2015-05-29,华灿光电,sz300323,14.07,14.07,14.07,14.07,14.07,9.38,0,0.0,0.0,0.0,0.0,0.0
2015-06-01,华灿光电,sz300323,14.07,14.07,14.07,14.07,14.07,9.38,0,0.0,0.0,0.0,0.0,0.0
2015-06-02,华灿光电,sz300323,14.07,14.07,14.07,14.07,14.07,9.38,0,0.0,0.0,0.0,0.0,0.0
2015-06-03,华灿光电,sz300323,9.38,9.38,9.38,9.38,14.07,6.25333,0,0.0,0.0,0.0,0.0,0.0
2015-06-04,华灿光电,sz300323,9.38,9.38,9.38,9.38,9.38,9.38,0,0.0,0.0,0.0,0.0,0.0
2015-06-05,华灿光电,sz300323,9.38,9.38,9.38,9.38,9.38,9.38,0,0.0,0.0,0.0,0.0,0.0
2015-06-08,华灿光电,sz300323,9.38,9.38,9.38,9.38,9.38,9.38,0,0.0,0.0,0.0,0.0,0.0
2015-06-09,华灿光电,sz300323,9.38,9.38,9.38,9.38,9.38,9.38,0,0.0,0.0,0.0,0.0,0.0
2015-06-10,华灿光电,sz300323,9.38,9.38,9.38,9.38,9.38,9.38,0,0.0,0.0,0.0,0.0,0.0
2015-06-11,华灿光电,sz300323,9.38,9.38,9.38,9.38,9.38,9.38,0,0.0,0.0,0.0,0.0,0.0
2015-06-12,华灿光电,sz300323,9.38,9.38,9.38,9.38,9.38,9.38,0,0.0,0.0,0.0,0.0,0.0
2015-06-15,华灿光电,sz300323,9.38,9.38,9.38,9.38,9.38,9.38,0,0.0,0.0,0.0,0.0,0.0
2015-06-16,华灿光电,sz300323,9.38,9.38,9.38,9.38,9.38,9.38,0,0.0,0.0,0.0,0.0,0.0
2015-06-17,华灿光电,sz300323,9.38,9.38,9.38,9.38,9.38,9.38,0,0.0,0.0,0.0,0.0,0.0
2015-06-18,华灿光电,sz300323,9.38,9.38,9.38,9.38,9.38,9.38,0,0.0,0.0,0.0,0.0,0.0
2015-06-19,华灿光电,sz300323,9.38,9.38,9.38,9.38,9.38,9.38,0,0.0,0.0,0.0,0.0,0.0
2015-06-22,华灿光电,sz300323,9.38,9.38,9.38,9.38,9.38,9.38,0,0.0,0.0,0.0,0.0,0.0
2015-06-23,华灿光电,sz300323,9.38,9.38,9.38,9.38,9.38,9.38,0,0.0,0.0,0.0,0.0,0.0
2015-06-24,华灿光电,sz300323,9.38,9.38,9.38,9.38,9.38,9.38,0,0.0,0.0,0.0,0.0,0.0
2015-06-25,华灿光电,sz300323,9.38,9.38,9.38,9.38,9.38,9.38,0,0.0,0.0,0.0,0.0,0.0
2015-06-26,华灿光电,sz300323,9.38,9.38,9.38,9.38,9.38,9.38,0,0.0,0.0,0.0,0.0,0.0
2015-06-29,华灿光电,sz300323,9.38,9.38,9.38,9.38,9.38,9.38,0,0.0,0.0,0.0,0.0,0.0
2015-06-30,华灿光电,sz300323,9.38,9.38,9.38,9.38,9.38,9.38,0,0.0,0.0,0.0,0.0,0.0
2015-07-01,华灿光电,sz300323,9.38,9.38,9.38,9.38,9.38,9.38,0,0.0,0.0,0.0,0.0,0.0
2015-07-02,华灿光电,sz300323,9.38,9.38,9.38,9.38,9.38,9.38,0,0.0,0.0,0.0,0.0,0.0
2015-07-03,华灿光电,sz300323,9.38,9.38,9.38,9.38,9.38,9.38,0,0.0,0.0,0.0,0.0,0.0
2015-07-06,华灿光电,sz300323,9.38,9.38,9.38,9.38,9.38,9.38,0,0.0,0.0,0.0,0.0,0.0
2015-07-07,华灿光电,sz300323,9.38,9.38,9.38,9.38,9.38,9.38,0,0.0,0.0,0.0,0.0,0.0
2015-07-08,华灿光电,sz300323,9.38,9.38,9.38,9.38,9.38,9.38,0,0.0,0.0,0.0,0.0,0.0
2015-07-09,华灿光电,sz300323,9.38,9.38,9.38,9.38,9.38,9.38,0,0.0,0.0,0.0,0.0,0.0
2015-07-10,华灿光电,sz300323,9.38,9.38,9.38,9.38,9.38,9.38,0,0.0,0.0,0.0,0.0,0.0
2015-07-13,华灿光电,sz300323,9.38,9.38,9.38,9.38,9.38,9.38,0,0.0,0.0,0.0,0.0,0.0
2015-07-14,华灿光电,sz300323,9.38,9.38,9.38,9.38,9.38,9.38,0,0.0,0.0,0.0,0.0,0.0
2015-07-15,华灿光电,sz300323,9.38,9.38,9.38,9.38,9.38,9.38,0,0.0,0.0,0.0,0.0,0.0
2015-07-16,华灿光电,sz300323,9.38,9.38,9.38,9.38,9.38,9.38,0,0.0,0.0,0.0,0.0,0.0
2015-07-17,华灿光电,sz300323,9.38,9.38,9.38,9.38,9.38,9.38,0,0.0,0.0,0.0,0.0,0.0
2015-07-20,华灿光电,sz300323,9.38,9.38,9.38,9.38,9.38,9.38,0,0.0,0.0,0.0,0.0,0.0
2015-07-21,华灿光电,sz300323,9.38,9.38,9.38,9.38,9.38,9.38,0,0.0,0.0,0.0,0.0,0.0
2015-07-22,华灿光电,sz300323,9.38,9.38,9.38,9.38,9.38,9.38,0,0.0,0.0,0.0,0.0,0.0
2015-07-23,华灿光电,sz300323,9.38,9.38,9.38,9.38,9.38,9.38,0,0.0,0.0,0.0,0.0,0.0
2015-07-24,华灿光电,sz300323,9.38,9.38,9.38,9.38,9.38,9.38,0,0.0,0.0,0.0,0.0,0.0
2015-07-27,华灿光电,sz300323,9.38,9.38,9.38,9.38,9.38,9.38,0,0.0,0.0,0.0,0.0,0.0
2015-07-28,华灿光电,sz300323,9.38,9.38,9.38,9.38,9.38,9.38,0,0.0,0.0,0.0,0.0,0.0
2015-07-29,华灿光电,sz300323,9.38,9.38,9.38,9.38,9.38,9.38,0,0.0,0.0,0.0,0.0,0.0
2015-07-30,华灿光电,sz300323,9.38,9.38,9.38,9.38,9.38,9.38,0,0.0,0.0,0.0,0.0,0.0
2015-07-31,华灿光电,sz300323,9.38,9.38,9.38,9.38,9.38,9.38,0,0.0,0.0,0.0,0.0,0.0
2015-08-03,华灿光电,sz300323,9.38,9.38,9.38,9.38,9.38,9.38,0,0.0,0.0,0.0,0.0,0.0
2015-08-04,华灿光电,sz300323,9.38,9.38,9.38,9.38,9.38,9.38,0,0.0,0.0,0.0,0.0,0.0
2015-08-05,华灿光电,sz300323,9.38,9.38,9.38,9.38,9.38,9.38,0,0.0,0.0,0.0,0.0,0.0
2015-08-06,华灿光电,sz300323,9.38,9.38,9.38,9.38,9.38,9.38,0,0.0,0.0,0.0,0.0,0.0
2015-08-07,华灿光电,sz300323,9.38,9.38,9.38,9.38,9.38,9.38,0,0.0,0.0,0.0,0.0,0.0
2015-08-10,华灿光电,sz300323,9.38,9.38,9.38,9.38,9.38,9.38,0,0.0,0.0,0.0,0.0,0.0
2015-08-11,华灿光电,sz300323,9.38,9.38,9.38,9.38,9.38,9.38,0,0.0,0.0,0.0,0.0,0.0
2015-08-12,华灿光电,sz300323,9.38,9.38,9.38,9.38,9.38,9.38,0,0.0,0.0,0.0,0.0,0.0
2015-08-13,华灿光电,sz300323,9.38,9.38,9.38,9.38,9.38,9.38,0,0.0,0.0,0.0,0.0,0.0
2015-08-14,华灿光电,sz300323,9.38,9.38,9.38,9.38,9.38,9.38,0,0.0,0.0,0.0,0.0,0.0
2015-08-17,华灿光电,sz300323,9.38,9.38,9.38,9.38,9.38,9.38,0,0.0,0.0,0.0,0.0,0.0
2015-08-18,华灿光电,sz300323,9.38,9.38,9.38,9.38,9.38,9.38,0,0.0,0.0,0.0,0.0,0.0
2015-08-19,华灿光电,sz300323,9.38,9.38,9.38,9.38,9.38,9.38,0,0.0,0.0,0.0,0.0,0.0
2015-08-20,华灿光电,sz300323,9.38,9.38,9.38,9.38,9.38,9.38,0,0.0,0.0,0.0,0.0,0.0
2015-08-21,华灿光电,sz300323,9.38,9.38,9.38,9.38,9.38,9.38,0,0.0,0.0,0.0,0.0,0.0
2015-08-24,华灿光电,sz300323,9.38,9.38,9.38,9.38,9.38,9.38,0,0.0,0.0,0.0,0.0,0.0
2015-08-25,华灿光电,sz300323,9.38,9.38,9.38,9.38,9.38,9.38,0,0.0,0.0,0.0,0.0,0.0
2015-08-26,华灿光电,sz300323,9.38,9.38,9.38,9.38,9.38,9.38,0,0.0,0.0,0.0,0.0,0.0
2015-08-27,华灿光电,sz300323,8.44,8.44,8.44,8.44,9.38,8.44,11561,0.001713,144.03223,4.769111,0.0,0.0
2015-08-28,华灿光电,sz300323,9.18,7.6,7.6,8.9,8.44,8.9,347661,0.05151,151.88232,5.029038,0.1872,0.171
2015-08-31,华灿光电,sz300323,8.31,8.01,8.16,8.01,8.9,8.01,271313,0.040193,136.69409,4.526135,0.0337,-0.0183
2015-09-01,华灿光电,sz300323,7.55,7.21,7.55,7.21,8.01,7.21,117759,0.017445,123.04174,4.074086,0.0424,-0.045
2015-09-02,华灿光电,sz300323,7.07,6.49,6.49,6.49,7.21,6.49,193810,0.028711,110.75463,3.667243,0.0804,0.0
2015-09-03,华灿光电,sz300323,6.49,6.49,6.49,6.49,6.49,6.49,0,0.0,0.0,0.0,0.0,0.0
2015-09-04,华灿光电,sz300323,6.49,6.49,6.49,6.49,6.49,6.49,0,0.0,0.0,0.0,0.0,0.0
2015-09-07,华灿光电,sz300323,6.79,6.31,6.55,6.37,6.49,6.37,132318,0.019602,108.70678,3.599435,0.0739,-0.0274
2015-09-08,华灿光电,sz300323,6.59,5.95,6.41,6.5,6.37,6.5,125528,0.018595,110.925285,3.672893,0.1004,0.014
2015-09-09,华灿光电,sz300323,6.88,6.41,6.46,6.79,6.5,6.79,186170,0.027582,115.87426,3.836761,0.0723,0.051
2015-09-10,华灿光电,sz300323,6.76,6.38,6.75,6.39,6.79,6.39,121790,0.018044,109.04809,3.610737,0.0559,-0.0533
2015-09-11,华灿光电,sz300323,6.61,6.38,6.39,6.53,6.39,6.53,74429,0.011026,111.43725,3.689845,0.0359,0.0219
2015-09-14,华灿光电,sz300323,6.78,5.88,6.66,5.88,6.53,5.88,106727,0.015811,100.34472,3.322556,0.1378,-0.1171
2015-09-15,华灿光电,sz300323,5.88,5.29,5.7,5.29,5.88,5.29,99193,0.014694,90.276115,2.98917,0.1003,-0.0719
2015-09-16,华灿光电,sz300323,5.81,5.2,5.34,5.75,5.29,5.75,141319,0.020937,98.12621,3.249098,0.1153,0.0767
2015-09-17,华灿光电,sz300323,5.85,5.45,5.67,5.51,5.75,5.51,129523,0.01919,94.03051,3.113483,0.0695,-0.0282
2015-09-18,华灿光电,sz300323,5.63,5.37,5.58,5.43,5.51,5.43,72886,0.010799,92.665276,3.068279,0.0471,-0.0268
2015-09-21,华灿光电,sz300323,5.76,5.0,5.4,5.71,5.43,5.71,116574,0.017271,97.443596,3.226495,0.1399,0.0574
2015-09-22,华灿光电,sz300323,5.9,5.67,5.7,5.86,5.71,5.86,122695,0.018175,100.00341,3.311255,0.0402,0.028
2015-09-23,华灿光电,sz300323,6.15,5.63,5.66,5.94,5.86,5.94,131929,0.019543,101.368645,3.356459,0.0887,0.0494
2015-09-24,华灿光电,sz300323,6.09,5.91,6.0,6.02,5.94,6.02,104856,0.015536,102.73388,3.401664,0.0303,0.0033
2015-09-25,华灿光电,sz300323,6.03,5.67,5.96,5.78,6.02,5.78,83854,0.012421,98.638176,3.26605,0.0598,-0.0302
2015-09-28,华灿光电,sz300323,5.78,5.78,5.78,5.78,5.78,5.78,0,0.009906,102.22192,3.384712,0.0,0.0
2015-09-29,华灿光电,sz300323,6.02,5.76,5.9,5.88,5.78,5.88,52833,0.007827,100.34472,3.322556,0.0449,-0.0033
2015-09-30,华灿光电,sz300323,5.96,5.79,5.87,5.81,5.88,5.81,52324,0.007751,99.15014,3.283002,0.0289,-0.0102
2015-10-01,华灿光电,sz300323,5.81,5.81,5.81,5.81,5.81,5.81,0,0.0,0.0,0.0,0.0,0.0
2015-10-02,华灿光电,sz300323,5.81,5.81,5.81,5.81,5.81,5.81,0,0.0,0.0,0.0,0.0,0.0
2015-10-05,华灿光电,sz300323,5.81,5.81,5.81,5.81,5.81,5.81,0,0.0,0.0,0.0,0.0,0.0
2015-10-06,华灿光电,sz300323,5.81,5.81,5.81,5.81,5.81,5.81,0,0.0,0.0,0.0,0.0,0.0
2015-10-07,华灿光电,sz300323,5.81,5.81,5.81,5.81,5.81,5.81,0,0.0,0.0,0.0,0.0,0.0
2015-10-08,华灿光电,sz300323,6.11,5.93,6.02,6.02,5.81,6.02,86572,0.012827,102.73388,3.401664,0.0309,0.0
2015-10-09,华灿光电,sz300323,6.18,5.99,6.03,6.15,6.02,6.15,87475,0.01296,104.952385,3.475122,0.0315,0.0199
2015-10-12,华灿光电,sz300323,6.52,6.15,6.23,6.46,6.15,6.46,121410,0.017985,110.24267,3.650291,0.0601,0.0369
2015-10-13,华灿光电,sz300323,6.63,6.37,6.52,6.6,6.46,6.6,114927,0.017026,112.63183,3.729399,0.0402,0.0122
2015-10-14,华灿光电,sz300323,6.75,6.5,6.59,6.61,6.6,6.61,146729,0.021736,112.80248,3.73505,0.0378,0.003
2015-10-15,华灿光电,sz300323,6.78,6.45,6.54,6.76,6.61,6.76,146476,0.0217,115.3623,3.819809,0.0499,0.0336
2015-10-16,华灿光电,sz300323,6.83,6.59,6.79,6.75,6.76,6.75,130217,0.019292,115.19164,3.814158,0.0355,-0.0058
2015-10-19,华灿光电,sz300323,6.75,6.49,6.75,6.6,6.75,6.6,119123,0.017648,112.63183,3.729399,0.0385,-0.0222
2015-10-20,华灿光电,sz300323,6.85,6.56,6.6,6.8,6.6,6.8,118060,0.01749,116.044914,3.842411,0.0439,0.0303
2015-10-21,华灿光电,sz300323,6.78,6.19,6.77,6.19,6.8,6.19,149767,0.022189,105.635,3.497725,0.0867,-0.0856
2015-10-22,华灿光电,sz300323,6.47,6.24,6.28,6.45,6.19,6.45,85271,0.012632,110.072014,3.64464,0.0371,0.027
2015-10-23,华灿光电,sz300323,6.78,6.45,6.48,6.73,6.45,6.73,114932,0.017026,114.850334,3.802857,0.0511,0.0385
2015-10-26,华灿光电,sz300323,6.88,6.71,6.88,6.79,6.73,6.79,100330,0.014865,115.87426,3.836761,0.0252,-0.013
2015-10-27,华灿光电,sz300323,6.73,6.4,6.68,6.65,6.79,6.65,125599,0.018606,113.4851,3.757652,0.0486,-0.0044
2015-10-28,华灿光电,sz300323,6.75,6.53,6.67,6.53,6.65,6.53,118781,0.017596,111.43725,3.689845,0.033,-0.0209
2015-10-29,华灿光电,sz300323,6.68,6.46,6.67,6.59,6.53,6.59,93597,0.013867,112.461174,3.723749,0.0336,-0.0119
2015-10-30,华灿光电,sz300323,6.75,6.48,6.55,6.62,6.59,6.62,107048,0.015861,112.97314,3.740701,0.0409,0.0106
2015-11-02,华灿光电,sz300323,6.76,6.45,6.51,6.63,6.62,6.63,115907,0.017172,113.14379,3.746351,0.0468,0.0184
2015-11-03,华灿光电,sz300323,6.73,6.58,6.67,6.7,6.63,6.7,82652,0.0,0.0,0.0,0.0226,0.0044
2015-11-04,华灿光电,sz300323,7.3,6.73,6.74,7.17,6.7,7.17,203969,0.0,0.0,0.0,0.085,0.0637
2015-11-05,华灿光电,sz300323,7.18,6.93,7.09,7.11,7.17,7.11,168776,0.0,0.0,0.0,0.0348,0.0028
2015-11-06,华灿光电,sz300323,7.3,7.04,7.09,7.26,7.11,7.26,146911,0.0,0.0,0.0,0.0365,0.0239
2015-11-09,华灿光电,sz300323,7.33,7.08,7.17,7.24,7.26,7.24,126522,0.0,0.0,0.0,0.0344,0.0097
2015-11-10,华灿光电,sz300323,7.46,7.15,7.18,7.29,7.24,7.29,120411,0.0,0.0,0.0,0.0428,0.0153
2015-11-11,华灿光电,sz300323,7.54,7.27,7.29,7.53,7.29,7.53,165802,0.0,0.0,0.0,0.037,0.0329
2015-11-12,华灿光电,sz300323,7.59,7.29,7.52,7.46,7.53,7.46,131712,0.0,0.0,0.0,0.0398,-0.0079
2015-11-13,华灿光电,sz300323,7.49,7.19,7.35,7.33,7.46,7.33,112999,0.0,0.0,0.0,0.0402,-0.0027
2015-11-16,华灿光电,sz300323,8.06,7.59,7.9,8.06,7.33,8.06,117957,0.0,0.0,0.0,0.0641,0.0202
2015-11-17,华灿光电,sz300323,8.87,8.44,8.87,8.6,8.06,8.6,727220,0.0,0.0,0.0,0.0533,-0.0304
2015-11-18,华灿光电,sz300323,8.47,8.06,8.25,8.09,8.6,8.09,327890,0.0,0.0,0.0,0.0476,-0.0193
2015-11-19,华灿光电,sz300323,8.86,8.02,8.02,8.63,8.09,8.63,359880,0.0,0.0,0.0,0.1038,0.076
2015-11-20,华灿光电,sz300323,9.49,8.38,8.38,9.49,8.63,9.49,548079,0.0,0.0,0.0,0.1286,0.1324
2015-11-23,华灿光电,sz300323,9.65,9.03,9.6,9.14,9.49,9.14,431303,0.0,0.0,0.0,0.0653,-0.0479
2015-11-24,华灿光电,sz300323,9.26,8.91,9.01,9.18,9.14,9.18,178341,0.0,0.0,0.0,0.0382,0.0188
2015-11-25,华灿光电,sz300323,9.62,9.13,9.23,9.52,9.18,9.52,217809,0.0,0.0,0.0,0.0533,0.0314
2015-11-26,华灿光电,sz300323,9.53,9.18,9.5,9.2,9.52,9.2,190533,0.0,0.0,0.0,0.0367,-0.0315
2015-11-27,华灿光电,sz300323,9.39,8.38,9.1,8.58,9.2,8.58,198539,0.0,0.0,0.0,0.1097,-0.0571
2015-11-30,华灿光电,sz300323,8.75,8.02,8.5,8.61,8.58,8.61,142688,0.0,0.0,0.0,0.085,0.0129
2015-12-01,华灿光电,sz300323,8.78,8.43,8.61,8.66,8.61,8.66,112063,0.0,0.0,0.0,0.0406,0.0058
2015-12-02,华灿光电,sz300323,8.69,7.98,8.66,8.32,8.66,8.32,120244,0.0,0.0,0.0,0.0819,-0.0392
2015-12-03,华灿光电,sz300323,8.53,8.3,8.32,8.48,8.32,8.48,102234,0.0,0.0,0.0,0.0276,0.0192
2015-12-04,华灿光电,sz300323,9.23,8.41,8.47,8.95,8.48,8.95,249841,0.0,0.0,0.0,0.0966,0.0566
2015-12-07,华灿光电,sz300323,9.15,8.86,8.86,8.99,8.95,8.99,114276,0.0,0.0,0.0,0.0324,0.0146
2015-12-08,华灿光电,sz300323,8.98,8.58,8.96,8.83,8.99,8.83,134721,0.0,0.0,0.0,0.0444,-0.0145
2015-12-09,华灿光电,sz300323,8.82,8.59,8.79,8.67,8.83,8.67,59285,0.0,0.0,0.0,0.026,-0.0136
2015-12-10,华灿光电,sz300323,8.78,8.53,8.65,8.57,8.67,8.57,59586,0.0,0.0,0.0,0.0288,-0.0092
2015-12-11,华灿光电,sz300323,8.65,8.18,8.55,8.33,8.57,8.33,67823,0.0,0.0,0.0,0.0548,-0.0257
2015-12-14,华灿光电,sz300323,8.67,8.25,8.31,8.65,8.33,8.65,67183,0.0,0.0,0.0,0.0504,0.0409
2015-12-15,华灿光电,sz300323,8.95,8.6,8.65,8.74,8.65,8.74,82038,0.0,0.0,0.0,0.0404,0.0104
2015-12-16,华灿光电,sz300323,8.99,8.75,8.81,8.9,8.74,8.9,84055,0.0,0.0,0.0,0.0274,0.0102
2015-12-17,华灿光电,sz300323,9.79,8.9,8.95,9.79,8.9,9.79,365453,0.0,0.0,0.0,0.0999,0.0938
2015-12-18,华灿光电,sz300323,10.39,9.63,9.97,10.24,9.79,10.24,436546,0.0,0.0,0.0,0.0776,0.027
2015-12-21,华灿光电,sz300323,10.8,9.83,10.01,10.31,10.24,10.31,268550,0.0,0.0,0.0,0.0947,0.0299
2015-12-22,华灿光电,sz300323,10.55,9.98,10.31,10.36,10.31,10.36,212317,0.0,0.0,0.0,0.0552,0.0048
2015-12-23,华灿光电,sz300323,10.5,9.9,10.26,9.9,10.36,9.9,164237,0.0,0.0,0.0,0.0579,-0.035
2015-12-24,华灿光电,sz300323,10.34,9.59,9.8,10.24,9.9,10.24,154285,0.0,0.0,0.0,0.0757,0.0448
2015-12-25,华灿光电,sz300323,10.86,10.21,10.4,10.61,10.24,10.61,169937,0.0,0.0,0.0,0.0634,0.0201
2015-12-28,华灿光电,sz300323,10.99,10.14,10.63,10.18,10.61,10.18,163950,0.0,0.0,0.0,0.0801,-0.0423
2015-12-29,华灿光电,sz300323,0.0,0.0,0.0,0.0,10.18,0.0,0,0.0,0.0,0.0,0.0,0.0
2015-12-30,华灿光电,sz300323,0.0,0.0,0.0,0.0,0.0,0.0,0,0.0,0.0,0.0,0.0,0.0
2015-12-31,华灿光电,sz300323,0.0,0.0,0.0,0.0,0.0,0.0,0,0.0,0.0,0.0,0.0,0.0
2016-01-01,华灿光电,sz300323,0.0,0.0,0.0,0.0,0.0,0.0,0,0.0,0.0,0.0,0.0,0.0
2016-01-04,华灿光电,sz300323,10.91,9.45,10.2,9.63,0.0,9.63,189688,0.0,0.0,0.0,0.0,-0.0558
2016-01-05,华灿光电,sz300323,10.11,8.8,8.8,10.06,9.63,10.06,225520,0.0,0.0,0.0,0.136,0.1431
2016-01-06,华灿光电,sz300323,10.4,9.75,10.11,10.3,10.06,10.3,185841,0.0,0.0,0.0,0.0646,0.0187
2016-01-07,华灿光电,sz300323,10.01,9.27,10.0,9.27,10.3,9.27,40287,0.0,0.0,0.0,0.0718,-0.073
2016-01-08,华灿光电,sz300323,9.76,8.35,9.51,9.0,9.27,9.0,188939,0.0,0.0,0.0,0.1521,-0.0536
2016-01-11,华灿光电,sz300323,8.69,8.1,8.68,8.1,9.0,8.1,134869,0.0,0.0,0.0,0.0655,-0.0668
2016-01-12,华灿光电,sz300323,8.15,7.29,8.0,7.72,8.1,7.72,212405,0.0,0.0,0.0,0.1061,-0.035
2016-01-13,华灿光电,sz300323,7.92,7.03,7.78,7.1,7.72,7.1,113015,0.0,0.0,0.0,0.1152,-0.0874
2016-01-14,华灿光电,sz300323,7.41,6.52,6.81,7.33,7.1,7.33,134223,0.0,0.0,0.0,0.1253,0.0763
2016-01-15,华灿光电,sz300323,7.26,6.6,7.2,6.66,7.33,6.66,181519,0.0,0.0,0.0,0.09,-0.075
2016-01-18,华灿光电,sz300323,7.3,6.31,6.4,7.12,6.66,7.12,172312,0.0,0.0,0.0,0.1486,0.1124
2016-01-19,华灿光电,sz300323,7.64,6.91,6.91,7.54,7.12,7.54,154036,0.0,0.0,0.0,0.1025,0.0911
2016-01-20,华灿光电,sz300323,8.08,7.35,7.46,7.8,7.54,7.8,169211,0.0,0.0,0.0,0.0968,0.0455
2016-01-21,华灿光电,sz300323,0.0,0.0,0.0,0.0,7.8,0.0,0,0.0,0.0,0.0,0.0,0.0
2016-01-22,华灿光电,sz300323,0.0,0.0,0.0,0.0,0.0,0.0,0,0.0,0.0,0.0,0.0,0.0
2016-01-25,华灿光电,sz300323,0.0,0.0,0.0,0.0,0.0,0.0,0,0.0,0.0,0.0,0.0,0.0
2016-01-26,华灿光电,sz300323,0.0,0.0,0.0,0.0,0.0,0.0,0,0.0,0.0,0.0,0.0,0.0
2016-01-27,华灿光电,sz300323,0.0,0.0,0.0,0.0,0.0,0.0,0,0.0,0.0,0.0,0.0,0.0
2016-01-28,华灿光电,sz300323,0.0,0.0,0.0,0.0,0.0,0.0,0,0.0,0.0,0.0,0.0,0.0
2016-01-29,华灿光电,sz300323,7.99,7.02,7.02,7.8,0.0,7.8,462567,0.0,0.0,0.0,0.0,0.1111
2016-02-01,华灿光电,sz300323,7.75,7.02,7.2,7.61,7.8,7.61,293060,0.0,0.0,0.0,0.0935,0.0569
2016-02-02,华灿光电,sz300323,7.74,7.36,7.36,7.4,7.61,7.4,190008,0.0,0.0,0.0,0.0499,0.0054
2016-02-03,华灿光电,sz300323,7.23,6.9,7.08,7.07,7.4,7.07,128031,0.0,0.0,0.0,0.0445,-0.0014
2016-02-04,华灿光电,sz300323,7.5,7.1,7.16,7.12,7.07,7.12,125009,0.0,0.0,0.0,0.0565,-0.0055
2016-02-05,华灿光电,sz300323,7.23,7.1,7.16,7.1,7.12,7.1,60924,0.0,0.0,0.0,0.0182,-0.0083
2016-02-08,华灿光电,sz300323,7.23,7.1,7.16,7.1,7.1,7.1,60924,0.0,0.0,0.0,0.0183,-0.0083
2016-02-09,华灿光电,sz300323,7.23,7.1,7.16,7.1,7.1,7.1,60924,0.0,0.0,0.0,0.0183,-0.0083
2016-02-10,华灿光电,sz300323,7.23,7.1,7.16,7.1,7.1,7.1,60924,0.0,0.0,0.0,0.0183,-0.0083
2016-02-11,华灿光电,sz300323,7.23,7.1,7.16,7.1,7.1,7.1,60924,0.0,0.0,0.0,0.0183,-0.0083
2016-02-12,华灿光电,sz300323,7.23,7.1,7.16,7.1,7.1,7.1,60924,0.0,0.0,0.0,0.0183,-0.0083
2016-02-15,华灿光电,sz300323,7.26,6.68,6.8,7.2,7.1,7.2,84719,0.0,0.0,0.0,0.0816,0.0588
2016-02-16,华灿光电,sz300323,7.79,7.18,7.18,7.62,7.2,7.62,172334,0.0,0.0,0.0,0.0847,0.0612
2016-02-17,华灿光电,sz300323,7.66,7.36,7.59,7.52,7.62,7.52,107169,0.0,0.0,0.0,0.0393,-0.0092
2016-02-18,华灿光电,sz300323,7.81,7.47,7.55,7.65,7.52,7.65,194928,0.0,0.0,0.0,0.0452,0.0132
2016-02-19,华灿光电,sz300323,7.66,7.38,7.58,7.55,7.65,7.55,113427,0.0,0.0,0.0,0.0366,-0.0039
2016-02-22,华灿光电,sz300323,7.67,7.5,7.64,7.62,7.55,7.62,103164,0.0,0.0,0.0,0.0225,-0.0026
2016-02-23,华灿光电,sz300323,7.77,7.42,7.63,7.56,7.62,7.56,97174,0.0,0.0,0.0,0.0459,-0.0091
2016-02-24,华灿光电,sz300323,7.66,7.22,7.51,7.45,7.56,7.45,108788,0.0,0.0,0.0,0.0582,-0.0079
2016-02-25,华灿光电,sz300323,7.44,6.71,7.43,6.71,7.45,6.71,146372,0.0,0.0,0.0,0.0979,-0.0969
2016-02-26,华灿光电,sz300323,6.99,6.32,6.9,6.75,6.71,6.75,124759,0.0,0.0,0.0,0.0998,-0.0217
2016-02-29,华灿光电,sz300323,6.65,6.08,6.64,6.08,6.75,6.08,109083,0.0,0.0,0.0,0.0844,-0.0843
2016-03-01,华灿光电,sz300323,6.19,5.85,6.15,6.13,6.08,6.13,88145,0.0,0.0,0.0,0.0559,-0.0032
2016-03-02,华灿光电,sz300323,6.4,6.06,6.11,6.37,6.13,6.37,100383,0.0,0.0,0.0,0.0554,0.0425
2016-03-03,华灿光电,sz300323,6.49,6.29,6.34,6.3,6.37,6.3,95804,0.0,0.0,0.0,0.0313,-0.0063
2016-03-04,华灿光电,sz300323,6.3,5.7,6.28,5.8,6.3,5.8,118816,0.0,0.0,0.0,0.0952,-0.0764
2016-03-07,华灿光电,sz300323,6.07,5.83,5.86,5.93,5.8,5.93,80784,0.0,0.0,0.0,0.0413,0.0119
2016-03-08,华灿光电,sz300323,5.96,5.58,5.92,5.95,5.93,5.95,102856,0.0,0.0,0.0,0.064,0.005
2016-03-09,华灿光电,sz300323,5.94,5.73,5.75,5.78,5.95,5.78,70391,0.0,0.0,0.0,0.0352,0.0052
2016-03-10,华灿光电,sz300323,5.96,5.68,5.86,5.69,5.78,5.69,77974,0.0,0.0,0.0,0.0484,-0.029
2016-03-11,华灿光电,sz300323,5.71,5.51,5.6,5.63,5.69,5.63,78622,0.0,0.0,0.0,0.0351,0.0053
2016-03-14,华灿光电,sz300323,5.93,5.67,5.72,5.87,5.63,5.87,98788,0.0,0.0,0.0,0.0461,0.0262
2016-03-15,华灿光电,sz300323,6.19,5.78,5.83,6.04,5.87,6.04,130650,0.0,0.0,0.0,0.0698,0.036
2016-03-16,华灿光电,sz300323,6.25,5.91,6.12,5.96,6.04,5.96,88132,0.0,0.0,0.0,0.0562,-0.0261
2016-03-17,华灿光电,sz300323,6.18,5.96,5.96,6.15,5.96,6.15,109612,0.0,0.0,0.0,0.0369,0.0318
2016-03-18,华灿光电,sz300323,6.45,6.12,6.15,6.35,6.15,6.35,141847,0.0,0.0,0.0,0.0536,0.0325
2016-03-21,华灿光电,sz300323,6.99,6.35,6.54,6.99,6.35,6.99,339147,0.0,0.0,0.0,0.1007,0.0688
2016-03-22,华灿光电,sz300323,7.25,6.91,7.09,6.99,6.99,6.99,263967,0.0,0.0,0.0,0.0486,-0.0141
2016-03-23,华灿光电,sz300323,7.24,6.82,6.91,7.04,6.99,7.04,163375,0.0,0.0,0.0,0.06,0.0188
2016-03-24,华灿光电,sz300323,7.2,6.87,7.02,6.95,7.04,6.95,147642,0.0,0.0,0.0,0.0468,-0.0099
2016-03-25,华灿光电,sz300323,7.33,6.95,7.1,7.23,6.95,7.23,218597,0.0,0.0,0.0,0.0546,0.0183
