2016-03-25
2012-05-15,晶盛机电,sz300316,35.56001,34.20998,35.0,34.22001,35.19998,4.09569,44441500,0.0,0.0,0.0,0.0383,-0.0222
2012-05-16,晶盛机电,sz300316,36.76998,34.59997,34.94,35.6,34.22001,4.26085,57145000,0.0,0.0,0.0,0.0634,0.0188
2012-05-17,晶盛机电,sz300316,36.37999,35.09999,35.6,35.75999,35.6,4.28,35055300,0.0,0.0,0.0,0.0359,0.0044
2012-05-18,晶盛机电,sz300316,35.09002,34.00003,35.03003,34.30997,35.75999,4.10645,38967200,0.0,0.0,0.0,0.0304,-0.0205
2012-05-21,晶盛机电,sz300316,34.47002,32.49998,34.47002,32.96,34.30997,3.94488,31123500,0.0,0.0,0.0,0.0574,-0.0438
2012-05-22,晶盛机电,sz300316,33.60001,32.80002,33.15002,33.29,32.96,3.98438,15417600,0.0,0.0,0.0,0.0242,0.0042
2012-05-23,晶盛机电,sz300316,33.79999,32.74999,33.07999,33.64997,33.29,4.02746,18573900,0.0,0.0,0.0,0.0315,0.0172
2012-05-24,晶盛机电,sz300316,35.11002,33.40002,33.71003,33.97997,33.64997,4.06696,28071800,0.0,0.0,0.0,0.0508,0.008
2012-05-25,晶盛机电,sz300316,34.28,33.02,33.91001,33.25997,33.97997,3.98078,16545900,0.0,0.0,0.0,0.037,-0.0191
2012-05-28,晶盛机电,sz300316,35.54998,33.54998,33.54998,35.27,33.25997,4.22136,28868000,0.0,0.0,0.0,0.0601,0.0512
2012-05-29,晶盛机电,sz300316,36.45002,34.72003,34.86998,35.6,35.27,4.26085,28197000,0.0,0.0,0.0,0.049,0.0209
2012-05-30,晶盛机电,sz300316,37.48998,35.29997,35.40002,36.92,35.6,4.41884,28042300,0.0,0.0,0.0,0.0615,0.0429
2012-05-31,晶盛机电,sz300316,37.48001,36.59997,36.80001,36.80001,36.92,4.40448,24369000,0.0,0.0,0.0,0.0238,0.0
2012-06-01,晶盛机电,sz300316,38.53997,36.63,36.74999,38.04002,36.80001,4.55289,25014300,0.0,0.0,0.0,0.0519,0.0351
2012-06-04,晶盛机电,sz300316,39.75998,37.50001,37.50001,38.16001,38.04002,4.56725,31068200,0.0,0.0,0.0,0.0594,0.0175
2012-06-05,晶盛机电,sz300316,38.80001,37.75002,38.57,38.39999,38.16001,4.59597,18114100,0.0,0.0,0.0,0.0275,-0.0044
2012-06-06,晶盛机电,sz300316,38.88001,37.46001,38.57997,37.79998,38.39999,4.52416,15906900,0.0,0.0,0.0,0.0369,-0.0202
2012-06-07,晶盛机电,sz300316,40.18001,38.22,38.99999,38.51001,37.79998,4.60914,25548400,0.0,0.0,0.0,0.0518,-0.0125
2012-06-08,晶盛机电,sz300316,38.88001,37.27997,38.55001,37.27997,38.51001,4.46192,23541200,0.0,0.0,0.0,0.0415,-0.0329
2012-06-11,晶盛机电,sz300316,39.38999,36.90001,37.21001,39.38999,37.27997,4.71446,18843500,0.0,0.0,0.0,0.0667,0.0585
2012-06-12,晶盛机电,sz300316,40.27003,38.72002,38.90997,38.72002,39.38999,4.63428,21539500,0.0,0.0,0.0,0.0393,-0.0048
2012-06-13,晶盛机电,sz300316,40.35999,38.49998,38.88001,40.24,38.72002,4.8162,17344700,0.0,0.0,0.0,0.048,0.0349
2012-06-14,晶盛机电,sz300316,40.47998,38.80001,40.04999,38.80001,40.24,4.64385,21801200,0.0,0.0,0.0,0.0417,-0.0312
2012-06-15,晶盛机电,sz300316,40.12001,38.20997,38.78998,40.06002,38.80001,4.79466,18758300,0.0,0.0,0.0,0.0492,0.0327
2012-06-18,晶盛机电,sz300316,40.37999,39.81001,40.10001,40.00002,40.06002,4.78748,13033300,0.0,0.0,0.0,0.0142,-0.0024
2012-06-19,晶盛机电,sz300316,39.91997,38.80001,39.91997,39.03002,40.00002,4.67138,14315400,0.0,0.0,0.0,0.0279,-0.0222
2012-06-20,晶盛机电,sz300316,39.38002,38.22,39.11001,38.39002,39.03002,4.59478,11627000,0.0,0.0,0.0,0.0297,-0.0184
2012-06-21,晶盛机电,sz300316,38.88001,38.12998,38.31999,38.70002,38.39002,4.63188,9858500,0.0,0.0,0.0,0.0195,0.0099
2012-06-22,晶盛机电,sz300316,38.70002,38.70002,38.70002,38.70002,38.70002,4.63188,0,0.0,0.0,0.0,0.0,0.0
2012-06-25,晶盛机电,sz300316,38.68999,36.68003,38.43002,36.68003,38.70002,4.39012,13567400,0.0,0.0,0.0,0.0519,-0.0455
2012-06-26,晶盛机电,sz300316,36.51001,35.27997,36.49998,35.73002,36.68003,4.27641,13201100,0.0,0.0,0.0,0.0335,-0.021
2012-06-27,晶盛机电,sz300316,37.17998,35.6,35.73999,35.99,35.73002,4.30753,14902700,0.0,0.0,0.0,0.0442,0.0069
2012-06-28,晶盛机电,sz300316,36.43002,35.46998,36.01,35.46998,35.99,4.24529,11159400,0.0,0.0,0.0,0.0266,-0.0149
2012-06-29,晶盛机电,sz300316,36.55001,34.82998,35.13002,36.45002,35.46998,4.36259,14325900,0.0,0.0,0.0,0.0484,0.0375
2012-07-02,晶盛机电,sz300316,36.94997,35.95,36.59,36.65,36.45002,4.38652,13911000,0.0,0.0,0.0,0.0274,0.0016
2012-07-03,晶盛机电,sz300316,37.54997,36.3,36.49998,36.88997,36.65,4.41524,12581900,0.0,0.0,0.0,0.0341,0.0106
2012-07-04,晶盛机电,sz300316,38.33999,37.09999,37.09999,37.40999,36.88997,4.47748,13117500,0.0,0.0,0.0,0.0336,0.0083
2012-07-05,晶盛机电,sz300316,35.0,33.67003,35.0,33.67003,37.40999,4.02986,17603200,0.0,0.0,0.0,0.0355,-0.0379
2012-07-06,晶盛机电,sz300316,32.98,30.45002,32.98,31.27997,33.67003,3.7438,33129100,0.0,0.0,0.0,0.0751,-0.0515
2012-07-09,晶盛机电,sz300316,31.15002,30.43999,31.0,30.59998,31.27997,3.66242,15780100,0.0,0.0,0.0,0.0226,-0.0129
2012-07-10,晶盛机电,sz300316,30.82998,29.29997,30.30997,29.91001,30.59998,3.57984,17275500,0.0,0.0,0.0,0.05,-0.0131
2012-07-11,晶盛机电,sz300316,29.87002,29.35,29.7,29.77999,29.91001,3.56427,9000100,0.0,0.0,0.0,0.0173,0.0026
2012-07-12,晶盛机电,sz300316,30.24998,29.09999,29.77999,29.89998,29.77999,3.57863,16067900,0.0,0.0,0.0,0.0386,0.004
2012-07-13,晶盛机电,sz300316,30.74003,29.19998,29.81999,29.39,29.89998,3.5176,20048800,0.0,0.0,0.0,0.0515,-0.0144
2012-07-16,晶盛机电,sz300316,28.80002,26.45003,28.80002,26.45003,29.39,3.16572,15712000,0.0,0.0,0.0,0.0799,-0.0815
2012-07-17,晶盛机电,sz300316,26.38997,25.31001,25.68001,26.12999,26.45003,3.12742,12439000,0.0,0.0,0.0,0.0408,0.0175
2012-07-18,晶盛机电,sz300316,26.59001,25.52002,25.99997,26.45003,26.12999,3.16572,8979400,0.0,0.0,0.0,0.0409,0.0173
2012-07-19,晶盛机电,sz300316,27.27998,26.22998,26.38997,26.75,26.45003,3.20162,11794600,0.0,0.0,0.0,0.0396,0.0136
2012-07-20,晶盛机电,sz300316,27.02997,26.43003,26.59998,26.47003,26.75,3.16811,6711200,0.0,0.0,0.0,0.0224,-0.0048
2012-07-23,晶盛机电,sz300316,26.80002,25.54999,25.99001,26.69997,26.47003,3.19564,7229300,0.0,0.0,0.0,0.0472,0.0273
2012-07-24,晶盛机电,sz300316,27.19002,26.10003,26.30001,26.90001,26.69997,3.21958,7070500,0.0,0.0,0.0,0.0408,0.0228
2012-07-25,晶盛机电,sz300316,27.66,26.51999,26.86999,26.76003,26.90001,3.20282,7947900,0.0,0.0,0.0,0.0423,-0.004
2012-07-26,晶盛机电,sz300316,27.11003,26.20002,26.75,26.38,26.76003,3.15734,6564800,0.0,0.0,0.0,0.034,-0.0138
2012-07-27,晶盛机电,sz300316,26.84999,26.34997,26.61001,26.82999,26.38,3.2112,6854400,0.0,0.0,0.0,0.0189,0.0082
2012-07-30,晶盛机电,sz300316,27.25001,25.27001,26.90001,25.27001,26.82999,3.02449,8988500,0.0,0.0,0.0,0.0737,-0.0605
2012-07-31,晶盛机电,sz300316,25.15003,23.83999,24.98998,24.01001,25.27001,2.87368,10400500,0.0,0.0,0.0,0.0518,-0.0392
2012-08-01,晶盛机电,sz300316,24.75,24.05,24.05,24.45003,24.01001,2.92635,5837200,0.0,0.0,0.0,0.0291,0.0166
2012-08-02,晶盛机电,sz300316,24.59998,23.87999,24.45003,24.10003,24.45003,2.88446,5100100,0.0,0.0,0.0,0.0294,-0.0143
2012-08-03,晶盛机电,sz300316,26.51002,24.10003,24.24002,26.51002,24.10003,3.1729,21025700,0.0,0.0,0.0,0.0999,0.0936
2012-08-06,晶盛机电,sz300316,26.98997,25.87999,25.99001,26.82999,26.51002,3.2112,16688500,0.0,0.0,0.0,0.0418,0.0323
2012-08-07,晶盛机电,sz300316,27.52998,26.49999,26.61001,27.00997,26.82999,3.23274,17081800,0.0,0.0,0.0,0.0383,0.015
2012-08-08,晶盛机电,sz300316,29.17998,26.71,26.80002,27.91001,27.00997,3.34046,20489600,0.0,0.0,0.0,0.0914,0.0414
2012-08-09,晶盛机电,sz300316,28.43003,27.72,27.79999,28.38,27.91001,3.39671,16911200,0.0,0.0,0.0,0.0254,0.0208
2012-08-10,晶盛机电,sz300316,28.38,27.40003,28.38,28.24001,28.38,3.37996,16707700,0.0,0.0,0.0,0.0345,-0.0049
2012-08-13,晶盛机电,sz300316,27.00001,25.42003,27.00001,25.42003,28.24001,3.04244,23518400,0.0,0.0,0.0,0.0559,-0.0585
2012-08-14,晶盛机电,sz300316,26.10003,25.09003,25.09003,26.05,25.42003,3.11784,13214300,0.0,0.0,0.0,0.0397,0.0382
2012-08-15,晶盛机电,sz300316,25.99001,25.02997,25.99001,25.1,26.05,3.00414,11436300,0.0,0.0,0.0,0.0368,-0.0342
2012-08-16,晶盛机电,sz300316,25.1,24.24998,25.00001,24.4,25.1,2.92036,15222700,0.0,0.0,0.0,0.0338,-0.024
2012-08-17,晶盛机电,sz300316,25.37,24.30001,24.4,25.04997,24.4,2.99815,12402600,0.0,0.0,0.0,0.0438,0.0266
2012-08-20,晶盛机电,sz300316,25.13003,24.40997,24.78003,24.94001,25.04997,2.98499,9796300,0.0,0.0,0.0,0.0287,0.0064
2012-08-21,晶盛机电,sz300316,25.79999,24.90002,24.94001,25.56002,24.94001,3.0592,14463600,0.0,0.0,0.0,0.036,0.0248
2012-08-22,晶盛机电,sz300316,25.62001,24.75,25.42003,24.94001,25.56002,2.98499,16151100,0.0,0.0,0.0,0.034,-0.0188
2012-08-23,晶盛机电,sz300316,25.68997,24.65001,24.90002,25.66997,24.94001,3.07236,18331400,0.0,0.0,0.0,0.0416,0.0309
2012-08-24,晶盛机电,sz300316,25.54999,24.69997,25.54999,24.80999,25.66997,2.96943,12828000,0.0,0.0,0.0,0.0331,-0.0289
2012-08-27,晶盛机电,sz300316,24.49999,22.61002,24.49999,22.80003,24.80999,2.72886,19921300,0.0,0.0,0.0,0.0761,-0.0693
2012-08-28,晶盛机电,sz300316,23.48999,22.67997,22.81,23.19002,22.80003,2.77554,11044700,0.0,0.0,0.0,0.0355,0.0166
2012-08-29,晶盛机电,sz300316,23.78,22.90002,23.04001,23.33998,23.19002,2.79349,11656600,0.0,0.0,0.0,0.0379,0.013
2012-08-30,晶盛机电,sz300316,25.66997,23.99001,24.18002,25.66997,23.33998,3.07236,47156000,0.0,0.0,0.0,0.0719,0.0616
2012-08-31,晶盛机电,sz300316,25.95001,25.00001,25.78,25.62998,25.66997,3.06757,36826300,0.0,0.0,0.0,0.037,-0.0058
2012-09-03,晶盛机电,sz300316,26.30001,24.69997,25.19999,26.22002,25.62998,3.13819,37424100,0.0,0.0,0.0,0.0624,0.0404
2012-09-04,晶盛机电,sz300316,27.58998,25.91002,26.59998,25.91002,26.22002,3.10109,41934100,0.0,0.0,0.0,0.064,-0.0259
2012-09-05,晶盛机电,sz300316,25.89002,24.90002,25.11003,25.50002,25.91002,3.05202,22567500,0.0,0.0,0.0,0.0382,0.0155
2012-09-06,晶盛机电,sz300316,25.89998,25.33001,25.48999,25.79999,25.50002,3.08792,16138000,0.0,0.0,0.0,0.0223,0.0121
2012-09-07,晶盛机电,sz300316,26.34997,24.69997,25.00001,26.03,25.79999,3.57238,40114500,0.0,0.0,0.0,0.0639,0.0411
2012-09-10,晶盛机电,sz300316,26.65001,25.64998,25.95001,26.34001,26.03,3.61493,27816300,0.0,0.0,0.0,0.0384,0.015
2012-09-11,晶盛机电,sz300316,26.16002,25.7,26.10003,26.01997,26.34001,3.57101,18081200,0.0,0.0,0.0,0.0174,-0.003
2012-09-12,晶盛机电,sz300316,26.74003,25.91998,26.20999,26.51999,26.01997,3.63963,20666500,0.0,0.0,0.0,0.0315,0.0118
2012-09-13,晶盛机电,sz300316,27.66997,26.38,26.45003,26.78003,26.51999,3.67532,34640700,0.0,0.0,0.0,0.0486,0.0124
2012-09-14,晶盛机电,sz300316,26.98001,25.70997,26.69997,26.12999,26.78003,3.5861,23130700,0.0,0.0,0.0,0.0474,-0.0213
2012-09-17,晶盛机电,sz300316,26.05997,24.43003,26.05997,24.43003,26.12999,3.3528,19679000,0.0,0.0,0.0,0.0623,-0.0625
2012-09-18,晶盛机电,sz300316,24.69001,24.01001,24.11,24.20002,24.43003,3.32123,9112200,0.0,0.0,0.0,0.0278,0.0037
2012-09-19,晶盛机电,sz300316,24.59998,24.22002,24.22002,24.59002,24.20002,3.37476,6442100,0.0,0.0,0.0,0.0157,0.0152
2012-09-20,晶盛机电,sz300316,24.57998,23.00998,24.57998,23.08,24.59002,3.16752,14103600,0.0,0.0,0.0,0.0638,-0.061
2012-09-21,晶盛机电,sz300316,23.44003,22.69997,23.08,22.82003,23.08,3.13184,8743600,0.0,0.0,0.0,0.032,-0.0112
2012-09-24,晶盛机电,sz300316,23.25998,22.26002,22.75,23.00998,22.82003,3.15791,7087400,0.0,0.0,0.0,0.0438,0.0114
2012-09-25,晶盛机电,sz300316,23.13003,22.48,22.90002,22.59998,23.00998,3.10164,5583100,0.0,0.0,0.0,0.0282,-0.0131
2012-09-26,晶盛机电,sz300316,22.69001,21.50003,22.49999,21.64001,22.59998,2.9699,8564800,0.0,0.0,0.0,0.0526,-0.0382
2012-09-27,晶盛机电,sz300316,22.4,21.50003,21.74997,22.24999,21.64001,3.05361,8419200,0.0,0.0,0.0,0.0415,0.0229
2012-09-28,晶盛机电,sz300316,22.79,21.99998,22.05997,22.73,22.24999,3.11949,8091700,0.0,0.0,0.0,0.0355,0.0303
2012-10-01,晶盛机电,sz300316,22.73,22.73,22.73,22.73,22.73,3.11949,0,0.0,0.0,0.0,0.0,0.0
2012-10-02,晶盛机电,sz300316,22.73,22.73,22.73,22.73,22.73,3.11949,0,0.0,0.0,0.0,0.0,0.0
2012-10-03,晶盛机电,sz300316,22.73,22.73,22.73,22.73,22.73,3.11949,0,0.0,0.0,0.0,0.0,0.0
2012-10-04,晶盛机电,sz300316,22.73,22.73,22.73,22.73,22.73,3.11949,0,0.0,0.0,0.0,0.0,0.0
2012-10-05,晶盛机电,sz300316,22.73,22.73,22.73,22.73,22.73,3.11949,0,0.0,0.0,0.0,0.0,0.0
2012-10-08,晶盛机电,sz300316,22.96001,22.4,22.51999,22.59998,22.73,3.10164,7621500,0.0,0.0,0.0,0.0246,0.0035
2012-10-09,晶盛机电,sz300316,23.46003,22.51003,22.51003,23.35997,22.59998,3.20594,10366700,0.0,0.0,0.0,0.042,0.0377
2012-10-10,晶盛机电,sz300316,23.78,23.15999,23.25002,23.54999,23.35997,3.23202,7993000,0.0,0.0,0.0,0.0265,0.0129
2012-10-11,晶盛机电,sz300316,23.35001,22.57002,23.35001,22.65001,23.54999,3.10851,11546600,0.0,0.0,0.0,0.0331,-0.0299
2012-10-12,晶盛机电,sz300316,22.94002,22.05997,22.49999,22.24999,22.65001,3.05361,8671400,0.0,0.0,0.0,0.0388,-0.0111
2012-10-15,晶盛机电,sz300316,22.07997,20.24002,22.07997,20.69998,22.24999,2.84088,20363900,0.0,0.0,0.0,0.0826,-0.0624
2012-10-16,晶盛机电,sz300316,21.08,20.53999,20.77,20.80003,20.69998,2.85462,9182200,0.0,0.0,0.0,0.026,0.0014
2012-10-17,晶盛机电,sz300316,21.04997,20.44997,20.84999,21.00001,20.80003,2.88206,7932900,0.0,0.0,0.0,0.0288,0.0071
2012-10-18,晶盛机电,sz300316,21.37001,20.92002,21.00001,21.27998,21.00001,2.92048,8685700,0.0,0.0,0.0,0.0214,0.0133
2012-10-19,晶盛机电,sz300316,21.41997,21.04001,21.31001,21.33998,21.27998,2.92872,7665400,0.0,0.0,0.0,0.0178,0.0014
2012-10-22,晶盛机电,sz300316,21.48003,21.06997,21.25999,21.41,21.33998,2.93833,6438200,0.0,0.0,0.0,0.0192,0.007
2012-10-23,晶盛机电,sz300316,21.47,20.80003,21.31998,20.80003,21.41,2.85462,9397200,0.0,0.0,0.0,0.0312,-0.0243
2012-10-24,晶盛机电,sz300316,20.94998,20.55002,20.55002,20.73001,20.80003,2.84501,5386900,0.0,0.0,0.0,0.0192,0.0087
2012-10-25,晶盛机电,sz300316,21.47,20.73997,20.79,20.92999,20.73001,2.87245,10881000,0.0,0.0,0.0,0.0352,0.0067
2012-10-26,晶盛机电,sz300316,21.1,20.16003,20.98998,20.26002,20.92999,2.7805,9905300,0.0,0.0,0.0,0.0449,-0.0347
2012-10-29,晶盛机电,sz300316,20.79,20.26999,20.36998,20.30998,20.26002,2.78736,9229800,0.0,0.0,0.0,0.0256,-0.0029
2012-10-30,晶盛机电,sz300316,20.49003,20.15,20.32001,20.24999,20.30998,2.77913,5165500,0.0,0.0,0.0,0.0167,-0.0034
2012-10-31,晶盛机电,sz300316,20.24999,19.76,20.24999,19.99001,20.24999,2.74345,6728700,0.0,0.0,0.0,0.0241,-0.0128
2012-11-01,晶盛机电,sz300316,20.53003,19.95998,20.03998,20.38997,19.99001,2.79834,7799600,0.0,0.0,0.0,0.0285,0.0174
2012-11-02,晶盛机电,sz300316,20.86003,20.40001,20.49003,20.57999,20.38997,2.82442,7440700,0.0,0.0,0.0,0.0225,0.0043
2012-11-05,晶盛机电,sz300316,20.61002,20.11997,20.53999,20.26002,20.57999,2.7805,5899100,0.0,0.0,0.0,0.0238,-0.0136
2012-11-06,晶盛机电,sz300316,21.1,20.26002,20.30001,21.1,20.26002,2.89578,16564900,0.0,0.0,0.0,0.0414,0.0394
2012-11-07,晶盛机电,sz300316,21.17999,20.71001,21.00001,20.77,21.1,2.85049,9076900,0.0,0.0,0.0,0.0222,-0.0109
2012-11-08,晶盛机电,sz300316,20.51999,19.70001,20.5,19.70001,20.77,2.70365,12424800,0.0,0.0,0.0,0.0394,-0.039
2012-11-09,晶盛机电,sz300316,19.89999,19.64002,19.64998,19.8,19.70001,2.71737,5300300,0.0,0.0,0.0,0.0131,0.0076
2012-11-12,晶盛机电,sz300316,20.01001,19.74997,19.97998,19.95998,19.8,2.73933,4123800,0.0,0.0,0.0,0.0131,-0.001
2012-11-13,晶盛机电,sz300316,21.08,19.60999,19.95998,20.44997,19.95998,2.80657,19175600,0.0,0.0,0.0,0.0736,0.0245
2012-11-14,晶盛机电,sz300316,20.96002,20.16003,20.34998,20.88999,20.44997,2.86696,14158800,0.0,0.0,0.0,0.0391,0.0265
2012-11-15,晶盛机电,sz300316,20.83,20.05001,20.69998,20.07997,20.88999,2.75579,8973300,0.0,0.0,0.0,0.0373,-0.0299
2012-11-16,晶盛机电,sz300316,20.28998,19.81003,19.89999,20.24002,20.07997,2.77776,5464200,0.0,0.0,0.0,0.0239,0.017
2012-11-19,晶盛机电,sz300316,20.80003,20.07997,20.20003,20.80003,20.24002,2.85462,8498900,0.0,0.0,0.0,0.0355,0.0297
2012-11-20,晶盛机电,sz300316,21.06997,20.55002,20.84999,20.63998,20.80003,2.83265,8511900,0.0,0.0,0.0,0.0249,-0.01
2012-11-21,晶盛机电,sz300316,21.00998,20.26999,20.65001,20.90999,20.63998,2.86971,8465300,0.0,0.0,0.0,0.0358,0.0125
2012-11-22,晶盛机电,sz300316,21.19003,20.51003,20.77,20.96002,20.90999,2.87657,10115400,0.0,0.0,0.0,0.0325,0.0091
2012-11-23,晶盛机电,sz300316,21.06997,20.63002,21.06997,20.69001,20.96002,2.83952,7902900,0.0,0.0,0.0,0.0209,-0.018
2012-11-26,晶盛机电,sz300316,20.69998,19.8,20.59002,19.81003,20.69001,2.71875,9328600,0.0,0.0,0.0,0.0434,-0.0378
2012-11-27,晶盛机电,sz300316,19.89999,18.65998,19.72997,18.67001,19.81003,2.56229,8744400,0.0,0.0,0.0,0.0625,-0.0537
2012-11-28,晶盛机电,sz300316,18.81,18.09997,18.59999,18.30002,18.67001,2.51151,5650600,0.0,0.0,0.0,0.038,-0.0161
2012-11-29,晶盛机电,sz300316,18.42997,17.64002,18.34998,17.70001,18.30002,2.42917,7588800,0.0,0.0,0.0,0.0431,-0.0354
2012-11-30,晶盛机电,sz300316,17.93002,17.56003,17.70998,17.78,17.70001,2.44014,5131100,0.0,0.0,0.0,0.0209,0.0039
2012-12-03,晶盛机电,sz300316,17.78,16.46997,17.78,16.54,17.78,2.26996,8046000,0.0,0.0,0.0,0.0736,-0.0697
2012-12-04,晶盛机电,sz300316,16.88999,15.99998,16.42001,16.77997,16.54,2.3029,6723400,0.0,0.0,0.0,0.0538,0.0219
2012-12-05,晶盛机电,sz300316,17.70001,16.57003,16.67998,17.37001,16.77997,2.38388,9266600,0.0,0.0,0.0,0.0673,0.0413
2012-12-06,晶盛机电,sz300316,17.95002,17.29999,17.29999,17.43001,17.37001,2.39211,7839300,0.0,0.0,0.0,0.0374,0.0075
2012-12-07,晶盛机电,sz300316,17.89999,17.37998,17.45997,17.87003,17.43001,2.4525,9396300,0.0,0.0,0.0,0.0298,0.0234
2012-12-10,晶盛机电,sz300316,18.5,17.74997,17.89999,18.36998,17.87003,2.52111,12448200,0.0,0.0,0.0,0.0419,0.0262
2012-12-11,晶盛机电,sz300316,18.38998,17.95999,18.38998,17.99998,18.36998,2.47033,9731600,0.0,0.0,0.0,0.0234,-0.0212
2012-12-12,晶盛机电,sz300316,18.26002,17.78,17.91002,18.20003,17.99998,2.49779,8443600,0.0,0.0,0.0,0.0266,0.0161
2012-12-13,晶盛机电,sz300316,18.77997,17.99998,18.20003,17.99998,18.20003,2.47033,14056600,0.0,0.0,0.0,0.0428,-0.0109
2012-12-14,晶盛机电,sz300316,18.96002,17.72997,17.78997,18.85,17.99998,2.58699,18993800,0.0,0.0,0.0,0.0683,0.0595
2012-12-17,晶盛机电,sz300316,19.58002,18.69998,18.88003,19.52003,18.85,2.67895,19558900,0.0,0.0,0.0,0.0466,0.0338
2012-12-18,晶盛机电,sz300316,19.50003,18.88003,19.50003,19.02001,19.52003,2.61032,15738900,0.0,0.0,0.0,0.0317,-0.0246
2012-12-19,晶盛机电,sz300316,19.33998,18.90999,19.00001,19.08997,19.02001,2.61993,8397500,0.0,0.0,0.0,0.0226,0.0047
2012-12-20,晶盛机电,sz300316,20.55002,19.66998,19.66998,19.85003,19.08997,2.72424,26830600,0.0,0.0,0.0,0.046,0.0091
2012-12-21,晶盛机电,sz300316,21.83999,19.64002,19.70001,21.83999,19.85003,2.99734,43273000,0.0,0.0,0.0,0.1108,0.1086
2012-12-24,晶盛机电,sz300316,23.85999,21.87999,22.07997,23.85999,21.83999,3.27457,55557900,0.0,0.0,0.0,0.0906,0.0806
2012-12-25,晶盛机电,sz300316,25.66001,23.19999,23.50003,24.34997,23.85999,3.34181,51411800,0.0,0.0,0.0,0.1031,0.0361
2012-12-26,晶盛机电,sz300316,26.78999,24.32997,24.36001,26.78999,24.34997,3.67668,51704300,0.0,0.0,0.0,0.101,0.0997
2012-12-27,晶盛机电,sz300316,29.39,27.00997,27.62001,27.27998,26.78999,3.74393,70368300,0.0,0.0,0.0,0.0888,-0.0123
2012-12-28,晶盛机电,sz300316,29.58001,26.51002,26.82002,28.20002,27.27998,3.8702,60300000,0.0,0.0,0.0,0.1125,0.0514
2012-12-31,晶盛机电,sz300316,27.97997,25.83999,27.97997,26.26001,28.20002,3.60395,47806500,0.0,0.0,0.0,0.0758,-0.0614
2013-01-04,晶盛机电,sz300316,28.89,26.5,26.5,28.89,26.26001,29.444925,7564794,0.0,0.0,0.0,0.091,0.0901
2013-01-07,晶盛机电,sz300316,31.48,28.19,28.65,30.22,28.89,30.800482,8421535,0.0,0.0,0.0,0.1138,0.0547
2013-01-08,晶盛机电,sz300316,30.8,28.81,29.66,29.28,30.22,29.842432,5895401,0.0,0.0,0.0,0.0658,-0.0128
2013-01-09,晶盛机电,sz300316,28.96,27.77,28.5,28.6,29.28,29.149372,4987914,0.0,0.0,0.0,0.0406,0.0035
2013-01-10,晶盛机电,sz300316,30.56,28.42,28.49,29.6,28.6,30.16858,6039205,0.0,0.0,0.0,0.0748,0.0389
2013-01-11,晶盛机电,sz300316,30.84,28.83,30.0,28.96,29.6,29.516275,5819093,0.0,0.0,0.0,0.0679,-0.0346
2013-01-14,晶盛机电,sz300316,30.09,27.8,28.6,29.83,28.96,30.402973,5215492,0.0,0.0,0.0,0.079,0.043
2013-01-15,晶盛机电,sz300316,30.89,29.3,29.79,29.7,29.83,30.270477,5014080,0.0,0.0,0.0,0.0533,-0.003
2013-01-16,晶盛机电,sz300316,29.44,27.92,29.41,28.22,29.7,28.76204,4918851,0.0,0.0,0.0,0.0511,-0.0404
2013-01-17,晶盛机电,sz300316,28.25,26.97,28.2,27.0,28.22,27.518599,3151104,0.0,0.0,0.0,0.0453,-0.0425
2013-01-18,晶盛机电,sz300316,27.97,26.95,27.0,27.8,27.0,28.333975,3105340,0.0,0.0,0.0,0.0377,0.0296
2013-01-21,晶盛机电,sz300316,28.19,27.27,27.82,28.19,27.8,28.731472,2716817,0.0,0.0,0.0,0.033,0.0132
2013-01-22,晶盛机电,sz300316,28.19,26.2,27.95,26.38,28.19,26.88671,3378763,0.0,0.0,0.0,0.0705,-0.0561
2013-01-23,晶盛机电,sz300316,26.34,25.28,26.34,26.17,26.38,26.672665,3498934,0.0,0.0,0.0,0.0401,-0.0064
2013-01-24,晶盛机电,sz300316,27.98,26.16,27.58,26.6,26.17,27.110924,5966840,0.0,0.0,0.0,0.0695,-0.0355
2013-01-25,晶盛机电,sz300316,26.36,25.67,26.21,25.77,26.6,26.264982,2182984,0.0,0.0,0.0,0.0259,-0.0167
2013-01-28,晶盛机电,sz300316,26.6,25.72,25.75,26.43,25.77,26.937654,2266246,0.0,0.0,0.0,0.0341,0.0264
2013-01-29,晶盛机电,sz300316,27.11,26.21,26.44,26.75,26.43,27.263788,2250139,0.0,0.0,0.0,0.034,0.0117
2013-01-30,晶盛机电,sz300316,26.87,25.56,26.87,25.7,26.75,26.19363,3125112,0.0,0.0,0.0,0.0489,-0.0435
2013-01-31,晶盛机电,sz300316,25.58,24.71,25.58,24.88,25.7,25.35787,2621291,0.0,0.0,0.0,0.0338,-0.0273
2013-02-01,晶盛机电,sz300316,25.44,24.72,24.85,25.13,24.88,25.612665,1756445,0.0,0.0,0.0,0.0289,0.0112
2013-02-04,晶盛机电,sz300316,25.65,24.36,25.15,25.34,25.13,25.82671,2170240,0.0,0.0,0.0,0.0513,0.0075
2013-02-05,晶盛机电,sz300316,27.56,25.01,25.01,27.3,25.34,27.824354,4717529,0.0,0.0,0.0,0.1006,0.0915
2013-02-06,晶盛机电,sz300316,27.6,26.78,26.98,26.79,27.3,27.304567,2396803,0.0,0.0,0.0,0.03,-0.007
2013-02-07,晶盛机电,sz300316,27.75,26.5,26.84,27.3,26.79,27.824366,2559938,0.0,0.0,0.0,0.0466,0.0171
2013-02-08,晶盛机电,sz300316,27.85,27.0,27.11,27.74,27.3,28.27281,2475273,0.0,0.0,0.0,0.0311,0.0232
2013-02-18,晶盛机电,sz300316,28.6,27.52,27.96,27.8,27.74,28.333965,2155025,0.0,0.0,0.0,0.0389,-0.0057
2013-02-19,晶盛机电,sz300316,27.78,25.82,27.6,25.85,27.8,26.346506,2791627,0.0,0.0,0.0,0.0705,-0.0634
2013-02-20,晶盛机电,sz300316,26.47,25.62,25.91,26.44,25.85,26.94784,1527049,0.0,0.0,0.0,0.0328,0.0204
2013-02-21,晶盛机电,sz300316,26.25,25.31,26.25,25.8,26.44,26.29554,1868357,0.0,0.0,0.0,0.0355,-0.0171
2013-02-22,晶盛机电,sz300316,26.11,25.51,25.66,25.59,25.8,26.081495,1303471,0.0,0.0,0.0,0.0232,-0.0027
2013-02-25,晶盛机电,sz300316,25.94,25.53,25.63,25.77,25.59,26.264952,1060958,0.0,0.0,0.0,0.016,0.0054
2013-02-26,晶盛机电,sz300316,26.61,25.75,25.78,26.14,25.77,26.642063,2595287,0.0,0.0,0.0,0.0333,0.0139
2013-02-27,晶盛机电,sz300316,26.4,24.81,26.28,25.2,26.14,25.684015,2448380,0.0,0.0,0.0,0.0608,-0.041
2013-02-28,晶盛机电,sz300316,26.29,25.01,25.27,25.93,25.2,26.42803,1982885,0.0,0.0,0.0,0.0507,0.0261
2013-03-01,晶盛机电,sz300316,26.65,25.61,25.89,26.55,25.93,27.05995,2475534,0.0,0.0,0.0,0.0401,0.0254
2013-03-04,晶盛机电,sz300316,26.35,25.42,26.32,25.71,26.55,26.203827,1895371,0.0,0.0,0.0,0.035,-0.0231
2013-03-05,晶盛机电,sz300316,26.42,25.51,25.67,26.25,25.71,26.754213,1504449,0.0,0.0,0.0,0.0353,0.0225
2013-03-06,晶盛机电,sz300316,27.3,26.31,26.4,27.12,26.25,27.640928,2750986,0.0,0.0,0.0,0.0377,0.0272
2013-03-07,晶盛机电,sz300316,27.26,26.01,27.14,26.11,27.12,26.611525,2244168,0.0,0.0,0.0,0.046,-0.0379
2013-03-08,晶盛机电,sz300316,27.16,26.15,26.15,26.27,26.11,26.7746,1893545,0.0,0.0,0.0,0.0386,0.0045
2013-03-11,晶盛机电,sz300316,26.55,25.8,26.28,26.08,26.27,26.580938,913026,0.0,0.0,0.0,0.0285,-0.0076
2013-03-12,晶盛机电,sz300316,26.27,24.3,26.27,24.55,26.08,25.021542,2318299,0.0,0.0,0.0,0.0755,-0.0654
2013-03-13,晶盛机电,sz300316,24.69,23.88,24.55,24.17,24.55,24.634233,1080984,0.0,0.0,0.0,0.0329,-0.0154
2013-03-14,晶盛机电,sz300316,24.36,23.98,24.17,24.14,24.17,24.603662,616511,0.0,0.0,0.0,0.0157,-0.0012
2013-03-15,晶盛机电,sz300316,24.68,23.81,24.25,24.11,24.14,24.57308,1031281,0.0,0.0,0.0,0.036,-0.0057
2013-03-18,晶盛机电,sz300316,24.19,23.69,23.95,23.69,24.11,24.145018,746156,0.0,0.0,0.0,0.0207,-0.0108
2013-03-19,晶盛机电,sz300316,24.56,23.95,23.95,24.46,23.69,24.929802,1402590,0.0,0.0,0.0,0.0257,0.0212
2013-03-20,晶盛机电,sz300316,25.27,24.27,24.6,25.2,24.46,25.684004,1792184,0.0,0.0,0.0,0.0408,0.0243
2013-03-21,晶盛机电,sz300316,25.45,24.9,25.0,25.1,25.2,25.58209,1418003,0.0,0.0,0.0,0.0218,0.004
2013-03-22,晶盛机电,sz300316,25.16,24.65,25.11,24.88,25.1,25.357862,945455,0.0,0.0,0.0,0.0203,-0.0091
2013-03-25,晶盛机电,sz300316,24.98,24.16,24.61,24.4,24.88,24.868633,919135,0.0,0.0,0.0,0.0329,-0.0085
2013-03-26,晶盛机电,sz300316,24.3,23.41,24.3,23.75,24.4,24.206158,1124560,0.0,0.0,0.0,0.0364,-0.0226
2013-03-27,晶盛机电,sz300316,24.44,23.41,23.75,23.7,23.75,24.155203,511011,0.0,0.0,0.0,0.0433,-0.0021
2013-03-28,晶盛机电,sz300316,23.58,22.08,23.58,22.2,23.7,22.626396,1828284,0.0,0.0,0.0,0.0632,-0.0585
2013-03-29,晶盛机电,sz300316,22.46,21.81,22.44,21.88,22.2,22.30026,959497,0.0,0.0,0.0,0.0292,-0.0249
2013-04-01,晶盛机电,sz300316,22.52,21.99,21.99,22.31,21.88,22.738527,1012939,0.0,0.0,0.0,0.0242,0.0145
2013-04-02,晶盛机电,sz300316,22.57,21.8,22.45,21.84,22.31,22.259495,945222,0.0,0.0,0.0,0.0345,-0.0271
2013-04-03,晶盛机电,sz300316,22.02,21.3,21.9,21.47,21.84,21.882397,739543,0.0,0.0,0.0,0.0329,-0.0196
2013-04-08,晶盛机电,sz300316,20.25,19.45,19.71,20.01,21.47,20.39435,1464954,0.0,0.0,0.0,0.0372,0.0152
2013-04-09,晶盛机电,sz300316,20.79,19.99,19.99,20.59,20.01,20.9855,1071040,0.0,0.0,0.0,0.0399,0.03
2013-04-10,晶盛机电,sz300316,21.47,20.72,20.91,20.98,20.59,21.382986,1478053,0.0,0.0,0.0,0.0364,0.0033
2013-04-11,晶盛机电,sz300316,21.28,20.38,20.98,20.4,20.98,20.791853,790486,0.0,0.0,0.0,0.0428,-0.0276
2013-04-12,晶盛机电,sz300316,20.52,20.03,20.12,20.08,20.4,20.465714,609018,0.0,0.0,0.0,0.024,-0.0019
2013-04-15,晶盛机电,sz300316,20.43,19.95,20.04,20.08,20.08,20.465714,432681,0.0,0.0,0.0,0.0239,0.0019
2013-04-16,晶盛机电,sz300316,20.46,19.61,19.88,20.46,20.08,20.853006,672305,0.0,0.0,0.0,0.0423,0.0291
2013-04-17,晶盛机电,sz300316,20.59,20.26,20.34,20.59,20.46,20.985506,615256,0.0,0.0,0.0,0.0161,0.0122
2013-04-18,晶盛机电,sz300316,21.48,20.31,20.49,21.29,20.59,21.69895,1182898,0.0,0.0,0.0,0.0568,0.039
2013-04-19,晶盛机电,sz300316,21.77,21.08,21.27,21.44,21.29,21.851841,1195613,0.0,0.0,0.0,0.0324,0.0079
2013-04-22,晶盛机电,sz300316,21.84,21.1,21.12,21.59,21.44,22.004717,1126226,0.0,0.0,0.0,0.0345,0.0222
2013-04-23,晶盛机电,sz300316,21.5,20.36,21.5,20.36,21.59,20.751085,1140923,0.0,0.0,0.0,0.0528,-0.053
2013-04-24,晶盛机电,sz300316,21.06,20.25,20.38,20.87,20.36,21.27088,822307,0.0,0.0,0.0,0.0397,0.024
2013-04-25,晶盛机电,sz300316,20.97,20.03,20.77,20.11,20.87,20.496279,1025375,0.0,0.0,0.0,0.045,-0.0317
2013-04-26,晶盛机电,sz300316,20.38,19.51,20.11,19.61,20.11,19.986681,655401,0.0,0.0,0.0,0.0432,-0.0248
2013-05-02,晶盛机电,sz300316,19.9,19.2,19.2,19.65,19.61,20.027452,473990,0.0,0.0,0.0,0.0356,0.0234
2013-05-03,晶盛机电,sz300316,20.68,19.71,19.71,20.38,19.65,20.771473,974194,0.0,0.0,0.0,0.0493,0.0339
2013-05-06,晶盛机电,sz300316,20.94,20.38,20.68,20.79,20.38,21.189354,909746,0.0,0.0,0.0,0.0274,0.0053
2013-05-07,晶盛机电,sz300316,21.48,20.79,20.79,21.08,20.79,21.484924,1164131,0.0,0.0,0.0,0.0331,0.0139
2013-05-08,晶盛机电,sz300316,21.88,20.71,20.9,21.61,21.08,22.025099,1938059,0.0,0.0,0.0,0.0555,0.0339
2013-05-09,晶盛机电,sz300316,21.7,21.19,21.58,21.55,21.61,21.963957,1477872,0.0,0.0,0.0,0.0236,-0.0013
2013-05-10,晶盛机电,sz300316,22.57,21.37,21.38,22.43,21.55,22.860855,2573238,0.0,0.0,0.0,0.0556,0.0491
2013-05-13,晶盛机电,sz300316,22.48,21.87,22.2,22.48,22.43,22.911812,1556833,0.0,0.0,0.0,0.0271,0.0126
2013-05-14,晶盛机电,sz300316,22.98,22.07,22.51,22.37,22.48,22.799704,1809865,0.0,0.0,0.0,0.0404,-0.0062
2013-05-15,晶盛机电,sz300316,22.67,21.84,22.37,22.61,22.37,23.044321,1445415,0.0,0.0,0.0,0.0371,0.0107
2013-05-16,晶盛机电,sz300316,24.78,22.66,22.74,23.41,22.61,23.8597,4133958,0.0,0.0,0.0,0.0937,0.0294
2013-05-17,晶盛机电,sz300316,24.18,22.7,23.1,23.83,23.41,24.287766,2428473,0.0,0.0,0.0,0.0632,0.0316
2013-05-20,晶盛机电,sz300316,24.92,23.83,24.0,24.75,23.83,25.225443,2558474,0.0,0.0,0.0,0.0457,0.0312
2013-05-21,晶盛机电,sz300316,26.67,25.38,25.73,25.85,24.75,26.346563,3409513,0.0,0.0,0.0,0.0521,0.0046
2013-05-22,晶盛机电,sz300316,27.5,25.8,26.7,26.47,25.85,26.978485,4795532,0.0,0.0,0.0,0.0657,-0.0086
2013-05-23,晶盛机电,sz300316,26.37,24.9,25.78,24.95,26.47,25.4293,2908190,0.0,0.0,0.0,0.0555,-0.0321
2013-05-24,晶盛机电,sz300316,26.6,24.8,24.81,26.55,24.95,27.06003,3391726,0.0,0.0,0.0,0.0721,0.0701
2013-05-27,晶盛机电,sz300316,27.3,26.02,26.45,26.35,26.55,26.856188,2462256,0.0,0.0,0.0,0.0482,-0.0037
2013-05-28,晶盛机电,sz300316,26.45,25.03,26.35,25.3,26.35,25.786022,2058374,0.0,0.0,0.0,0.0538,-0.0398
2013-05-29,晶盛机电,sz300316,25.67,25.1,25.6,25.34,25.3,25.82679,1476789,0.0,0.0,0.0,0.0225,-0.0101
2013-05-30,晶盛机电,sz300316,25.47,24.74,25.47,25.05,25.34,25.531227,1461173,0.0,0.0,0.0,0.0288,-0.0164
2013-05-31,晶盛机电,sz300316,26.3,25.33,25.33,26.08,25.05,26.58102,2847821,0.0,0.0,0.0,0.0387,0.0296
2013-06-03,晶盛机电,sz300316,26.43,25.08,25.9,25.48,26.08,25.969498,2075318,0.0,0.0,0.0,0.0517,-0.0162
2013-06-04,晶盛机电,sz300316,27.6,26.02,27.0,26.49,25.48,26.998903,5865675,0.0,0.0,0.0,0.062,-0.0188
2013-06-05,晶盛机电,sz300316,26.78,25.01,26.5,25.26,26.49,25.745262,2975129,0.0,0.0,0.0,0.0668,-0.0467
2013-06-06,晶盛机电,sz300316,12.46,11.33,12.01,11.55,25.26,23.84951,4107453,0.0,0.0,0.0,0.0447,-0.0383
2013-06-07,晶盛机电,sz300316,12.27,11.61,11.7,11.7,11.55,24.159243,4177525,0.0,0.0,0.0,0.0571,0.0
2013-06-13,晶盛机电,sz300316,11.4,10.53,11.4,11.04,11.7,22.796421,3126576,0.0,0.0,0.0,0.0743,-0.0315
2013-06-14,晶盛机电,sz300316,11.52,10.82,10.84,11.36,11.04,23.457197,2571801,0.0,0.0,0.0,0.0634,0.0479
2013-06-17,晶盛机电,sz300316,12.5,11.61,11.71,12.22,11.36,25.233002,8409060,0.0,0.0,0.0,0.0783,0.0435
2013-06-18,晶盛机电,sz300316,12.49,11.5,12.17,12.19,12.22,25.171055,5827943,0.0,0.0,0.0,0.081,0.0016
2013-06-19,晶盛机电,sz300316,12.78,11.8,11.82,12.59,12.19,25.997017,6785479,0.0,0.0,0.0,0.0803,0.0651
2013-06-20,晶盛机电,sz300316,13.15,12.11,12.45,12.2,12.59,25.191708,5984445,0.0,0.0,0.0,0.0826,-0.02
2013-06-21,晶盛机电,sz300316,12.79,11.32,11.8,12.61,12.2,26.038326,4736217,0.0,0.0,0.0,0.1204,0.0686
2013-06-24,晶盛机电,sz300316,12.87,11.5,12.49,11.84,12.61,24.448347,5882128,0.0,0.0,0.0,0.1086,-0.052
2013-06-25,晶盛机电,sz300316,12.36,10.66,11.52,11.83,11.84,24.427689,4838620,0.0,0.0,0.0,0.1435,0.0269
2013-06-26,晶盛机电,sz300316,12.75,11.6,11.73,12.63,11.83,26.07961,6602542,0.0,0.0,0.0,0.0972,0.0767
2013-06-27,晶盛机电,sz300316,12.92,12.15,12.65,12.26,12.63,25.315609,6426470,0.0,0.0,0.0,0.0609,-0.0308
2013-06-28,晶盛机电,sz300316,12.18,11.34,12.18,11.5,12.26,23.746294,4973472,0.0,0.0,0.0,0.0685,-0.0558
2013-07-01,晶盛机电,sz300316,11.5,10.72,11.35,11.49,11.5,23.725636,4883381,0.0,0.0,0.0,0.0678,0.0123
2013-07-02,晶盛机电,sz300316,12.0,11.27,11.4,11.68,11.49,24.117962,4435757,0.0,0.0,0.0,0.0635,0.0245
2013-07-03,晶盛机电,sz300316,12.06,11.27,11.65,11.9,11.68,24.572248,4114740,0.0,0.0,0.0,0.0676,0.0214
2013-07-04,晶盛机电,sz300316,11.84,11.43,11.7,11.55,11.9,23.84953,3895722,0.0,0.0,0.0,0.0344,-0.0128
2013-07-05,晶盛机电,sz300316,12.0,11.0,11.66,11.1,11.55,22.920328,3792983,0.0,0.0,0.0,0.0865,-0.048
2013-07-08,晶盛机电,sz300316,10.8,9.99,10.79,9.99,11.1,20.628294,4253756,0.0,0.0,0.0,0.0729,-0.0741
2013-07-09,晶盛机电,sz300316,10.09,9.4,9.82,9.56,9.99,19.74039,3901774,0.0,0.0,0.0,0.069,-0.0264
2013-07-10,晶盛机电,sz300316,9.85,9.4,9.6,9.84,9.56,20.318567,3064347,0.0,0.0,0.0,0.047,0.025
2013-07-11,晶盛机电,sz300316,10.4,9.68,9.82,10.18,9.84,21.020636,3704591,0.0,0.0,0.0,0.0731,0.0366
2013-07-12,晶盛机电,sz300316,10.46,9.96,10.07,10.3,10.18,21.268425,3752854,0.0,0.0,0.0,0.0491,0.0228
2013-07-15,晶盛机电,sz300316,10.58,9.96,10.09,10.43,10.3,21.536854,4415748,0.0,0.0,0.0,0.0601,0.0336
2013-07-16,晶盛机电,sz300316,11.28,10.66,10.68,10.81,10.43,22.321507,5666632,0.0,0.0,0.0,0.0594,0.0121
2013-07-17,晶盛机电,sz300316,10.8,10.18,10.6,10.25,10.81,21.165163,4161606,0.0,0.0,0.0,0.0573,-0.033
2013-07-18,晶盛机电,sz300316,11.16,10.22,10.31,10.89,10.25,22.486694,6048327,0.0,0.0,0.0,0.0917,0.0562
2013-07-19,晶盛机电,sz300316,11.19,10.66,10.73,10.66,10.89,22.011776,4748350,0.0,0.0,0.0,0.0486,-0.0065
2013-07-22,晶盛机电,sz300316,11.15,10.5,10.55,10.95,10.66,22.610607,2611989,0.0,0.0,0.0,0.0609,0.0379
2013-07-23,晶盛机电,sz300316,11.18,10.83,11.0,11.15,10.95,23.02359,4333067,0.0,0.0,0.0,0.0319,0.0136
2013-07-24,晶盛机电,sz300316,11.37,10.85,11.16,11.37,11.15,23.477867,4892796,0.0,0.0,0.0,0.0466,0.0188
2013-07-25,晶盛机电,sz300316,11.36,10.6,11.36,10.71,11.37,22.115047,4260949,0.0,0.0,0.0,0.0668,-0.0572
2013-07-26,晶盛机电,sz300316,10.92,10.36,10.61,10.64,10.71,21.970505,2245720,0.0,0.0,0.0,0.0522,0.0028
2013-07-29,晶盛机电,sz300316,11.58,10.8,11.0,11.08,10.64,22.879051,6045029,0.0,0.0,0.0,0.0733,0.0072
2013-07-30,晶盛机电,sz300316,11.01,10.48,10.91,10.68,11.08,22.053093,3367083,0.0,0.0,0.0,0.0478,-0.021
2013-07-31,晶盛机电,sz300316,10.94,10.56,10.61,10.61,10.68,21.908558,1773191,0.0,0.0,0.0,0.0355,0.0
2013-08-01,晶盛机电,sz300316,11.02,10.52,10.63,10.92,10.61,22.548681,2563402,0.0,0.0,0.0,0.0471,0.0272
2013-08-02,晶盛机电,sz300316,11.49,10.94,10.94,11.13,10.92,22.982315,4187265,0.0,0.0,0.0,0.0503,0.0173
2013-08-05,晶盛机电,sz300316,11.62,11.07,11.08,11.54,11.13,23.828915,4658200,0.0,0.0,0.0,0.0494,0.0415
2013-08-06,晶盛机电,sz300316,11.7,11.31,11.6,11.58,11.54,23.911507,4006566,0.0,0.0,0.0,0.0337,-0.0017
2013-08-07,晶盛机电,sz300316,12.68,11.13,11.57,12.11,11.58,25.005913,8906369,0.0,0.0,0.0,0.1338,0.0466
2013-08-08,晶盛机电,sz300316,12.48,11.8,11.9,12.15,12.11,25.088507,5047751,0.0,0.0,0.0,0.0561,0.021
2013-08-09,晶盛机电,sz300316,12.18,11.6,12.0,11.7,12.15,24.159304,4229845,0.0,0.0,0.0,0.0477,-0.025
2013-08-12,晶盛机电,sz300316,11.85,11.4,11.61,11.72,11.7,24.200592,3090729,0.0,0.0,0.0,0.0384,0.0094
2013-08-13,晶盛机电,sz300316,12.49,11.53,11.61,12.43,11.72,25.666664,5791950,0.0,0.0,0.0,0.0819,0.0706
2013-08-14,晶盛机电,sz300316,12.48,12.08,12.4,12.4,12.43,25.604704,3586029,0.0,0.0,0.0,0.0321,0.0
2013-08-15,晶盛机电,sz300316,12.48,12.06,12.3,12.08,12.4,24.943949,2256216,0.0,0.0,0.0,0.0338,-0.0178
2013-08-16,晶盛机电,sz300316,12.37,11.59,12.05,11.7,12.08,24.159286,2776992,0.0,0.0,0.0,0.0645,-0.029
2013-08-19,晶盛机电,sz300316,12.37,11.66,11.8,12.3,11.7,25.398224,3053089,0.0,0.0,0.0,0.0606,0.0423
2013-08-20,晶盛机电,sz300316,12.9,12.23,12.23,12.67,12.3,26.162228,4840609,0.0,0.0,0.0,0.0544,0.0359
2013-08-21,晶盛机电,sz300316,13.12,12.57,12.57,12.87,12.67,26.5752,3860665,0.0,0.0,0.0,0.0434,0.0238
2013-08-22,晶盛机电,sz300316,13.02,12.56,12.73,12.69,12.87,26.203518,2591986,0.0,0.0,0.0,0.0357,-0.0031
2013-08-23,晶盛机电,sz300316,13.96,12.68,12.68,13.96,12.69,28.82594,7647924,0.0,0.0,0.0,0.1008,0.1009
2013-08-26,晶盛机电,sz300316,14.68,13.64,13.99,14.3,13.96,29.527996,7835417,0.0,0.0,0.0,0.0744,0.0221
2013-08-27,晶盛机电,sz300316,14.4,13.81,14.22,14.0,14.3,28.908527,4339072,0.0,0.0,0.0,0.0412,-0.0154
2013-08-28,晶盛机电,sz300316,14.35,13.53,13.86,13.81,14.0,28.51621,4021117,0.0,0.0,0.0,0.0585,-0.0036
2013-08-29,晶盛机电,sz300316,14.05,13.61,13.78,13.72,13.81,28.33037,2766527,0.0,0.0,0.0,0.0318,-0.0043
2013-08-30,晶盛机电,sz300316,14.37,13.55,13.72,14.11,13.72,29.135689,5482761,0.0,0.0,0.0,0.0597,0.0284
2013-09-02,晶盛机电,sz300316,14.73,14.02,14.11,14.63,14.11,30.209427,4595408,0.0,0.0,0.0,0.0503,0.0368
2013-09-03,晶盛机电,sz300316,14.86,14.32,14.56,14.72,14.63,30.395275,3174317,0.0,0.0,0.0,0.0369,0.0109
2013-09-04,晶盛机电,sz300316,15.25,14.4,14.78,14.98,14.72,30.932146,3996266,0.0,0.0,0.0,0.0577,0.0135
2013-09-05,晶盛机电,sz300316,16.39,14.82,14.98,15.99,14.98,33.017685,6908929,0.0,0.0,0.0,0.1048,0.0674
2013-09-06,晶盛机电,sz300316,16.65,15.69,15.89,16.16,15.99,33.36873,6386334,0.0,0.0,0.0,0.06,0.0169
2013-09-09,晶盛机电,sz300316,16.59,15.48,16.16,15.85,16.16,32.728615,4654011,0.0,0.0,0.0,0.0686,-0.0191
2013-09-10,晶盛机电,sz300316,16.15,15.07,15.9,15.55,15.85,32.10916,4144693,0.0,0.0,0.0,0.0681,-0.022
2013-09-11,晶盛机电,sz300316,15.7,14.56,15.55,14.97,15.55,30.911522,4235638,0.0,0.0,0.0,0.0733,-0.0372
2013-09-12,晶盛机电,sz300316,15.3,14.5,14.84,14.98,14.97,30.93217,2754091,0.0,0.0,0.0,0.0534,0.0094
2013-09-13,晶盛机电,sz300316,15.23,14.81,14.97,14.96,14.98,30.890877,2586966,0.0,0.0,0.0,0.028,-6.0E-4
2013-09-16,晶盛机电,sz300316,15.35,14.65,15.08,15.16,14.96,31.303858,2371209,0.0,0.0,0.0,0.0467,0.0053
2013-09-17,晶盛机电,sz300316,15.28,14.57,15.21,14.62,15.16,30.188814,1843290,0.0,0.0,0.0,0.0468,-0.0387
2013-09-18,晶盛机电,sz300316,15.95,14.6,14.68,15.85,14.62,32.72863,4532582,0.0,0.0,0.0,0.0923,0.0797
2013-09-23,晶盛机电,sz300316,16.49,15.6,15.75,16.35,15.85,33.761086,3870802,0.0,0.0,0.0,0.0561,0.038
2013-09-24,晶盛机电,sz300316,16.95,15.9,16.4,16.25,16.35,33.554604,4790483,0.0,0.0,0.0,0.0642,-0.0091
2013-09-25,晶盛机电,sz300316,16.69,16.13,16.36,16.28,16.25,33.616547,2578573,0.0,0.0,0.0,0.0344,-0.0048
2013-09-26,晶盛机电,sz300316,16.92,16.21,16.39,16.58,16.28,34.23603,3992851,0.0,0.0,0.0,0.0436,0.0115
2013-09-27,晶盛机电,sz300316,16.95,16.2,16.58,16.81,16.58,34.710953,2622526,0.0,0.0,0.0,0.0452,0.0138
2013-09-30,晶盛机电,sz300316,17.49,16.64,16.91,17.48,16.81,36.09443,2678916,0.0,0.0,0.0,0.0505,0.0337
2013-10-08,晶盛机电,sz300316,17.99,17.21,17.4,17.64,17.48,36.4248,2714638,0.0,0.0,0.0,0.0446,0.0137
2013-10-09,晶盛机电,sz300316,17.76,16.71,17.5,17.4,17.64,35.92924,2853939,0.0,0.0,0.0,0.0595,-0.0057
2013-10-10,晶盛机电,sz300316,18.5,17.05,17.05,17.8,17.4,36.75522,4300931,0.0,0.0,0.0,0.0833,0.0439
2013-10-11,晶盛机电,sz300316,18.1,17.45,17.8,17.68,17.8,36.507416,2559525,0.0,0.0,0.0,0.0365,-0.0067
2013-10-14,晶盛机电,sz300316,17.8,17.05,17.61,17.49,17.68,36.11507,1767284,0.0,0.0,0.0,0.0424,-0.0068
2013-10-15,晶盛机电,sz300316,17.64,16.65,17.49,16.79,17.49,34.669636,2377930,0.0,0.0,0.0,0.0566,-0.04
2013-10-16,晶盛机电,sz300316,17.16,16.26,16.82,16.49,16.79,34.05016,2448271,0.0,0.0,0.0,0.0536,-0.0196
2013-10-17,晶盛机电,sz300316,17.42,16.3,16.42,17.07,16.49,35.247803,2182616,0.0,0.0,0.0,0.0679,0.0395
2013-10-18,晶盛机电,sz300316,17.17,16.7,17.15,17.06,17.07,35.22715,901795,0.0,0.0,0.0,0.0275,-0.0052
2013-10-21,晶盛机电,sz300316,18.24,16.91,17.2,18.23,17.06,37.643063,2866727,0.0,0.0,0.0,0.0779,0.0598
2013-10-22,晶盛机电,sz300316,18.68,17.31,18.18,17.5,18.23,36.135685,3262650,0.0,0.0,0.0,0.0751,-0.0374
2013-10-23,晶盛机电,sz300316,17.85,15.8,17.85,17.16,17.5,35.433605,3802808,0.0,0.0,0.0,0.1171,-0.0386
2013-10-24,晶盛机电,sz300316,17.08,16.3,16.73,16.81,17.16,34.7109,2170343,0.0,0.0,0.0,0.0454,0.0047
2013-10-25,晶盛机电,sz300316,16.93,15.6,16.55,15.89,16.81,32.811207,1676443,0.0,0.0,0.0,0.0791,-0.0398
2013-10-28,晶盛机电,sz300316,16.17,15.48,15.7,15.84,15.89,32.70795,970759,0.0,0.0,0.0,0.0434,0.0089
2013-10-29,晶盛机电,sz300316,16.0,14.82,15.55,15.4,15.84,31.799389,1810021,0.0,0.0,0.0,0.0744,-0.0096
2013-10-30,晶盛机电,sz300316,15.99,15.23,15.4,15.7,15.4,32.418873,1213705,0.0,0.0,0.0,0.0493,0.0194
2013-10-31,晶盛机电,sz300316,15.84,15.3,15.7,15.55,15.7,32.109142,792320,0.0,0.0,0.0,0.0343,-0.0095
2013-11-01,晶盛机电,sz300316,16.1,14.9,15.37,15.84,15.55,32.707977,2560149,0.0,0.0,0.0,0.0771,0.0305
2013-11-04,晶盛机电,sz300316,16.35,15.26,15.81,16.15,15.84,33.348106,1139928,0.0,0.0,0.0,0.0688,0.0215
2013-11-05,晶盛机电,sz300316,16.99,15.91,16.28,16.88,16.15,34.855473,1604030,0.0,0.0,0.0,0.0668,0.0368
2013-11-06,晶盛机电,sz300316,18.57,17.0,17.09,18.0,16.88,37.16817,5542858,0.0,0.0,0.0,0.093,0.0532
2013-11-07,晶盛机电,sz300316,18.13,17.45,17.8,17.6,18.0,36.342216,2148845,0.0,0.0,0.0,0.0377,-0.0112
2013-11-08,晶盛机电,sz300316,17.59,15.84,17.4,16.05,17.6,33.141632,3733511,0.0,0.0,0.0,0.0994,-0.0775
2013-11-11,晶盛机电,sz300316,16.38,15.63,16.08,16.09,16.05,33.22422,1629521,0.0,0.0,0.0,0.0467,6.0E-4
2013-11-12,晶盛机电,sz300316,16.64,15.76,16.0,16.58,16.09,34.23603,1410642,0.0,0.0,0.0,0.0546,0.0362
2013-11-13,晶盛机电,sz300316,16.61,15.98,16.61,16.0,16.58,33.038387,1285455,0.0,0.0,0.0,0.0379,-0.0367
2013-11-14,晶盛机电,sz300316,16.3,15.55,15.95,16.15,16.0,33.34812,2695024,0.0,0.0,0.0,0.0468,0.0125
2013-11-15,晶盛机电,sz300316,17.17,16.25,16.3,16.65,16.15,34.380577,2404240,0.0,0.0,0.0,0.0569,0.0214
2013-11-18,晶盛机电,sz300316,17.03,16.4,16.52,16.99,16.65,35.08263,1925138,0.0,0.0,0.0,0.0378,0.0284
2013-11-19,晶盛机电,sz300316,17.57,16.73,16.98,17.31,16.99,35.743412,2207172,0.0,0.0,0.0,0.0494,0.0194
2013-11-20,晶盛机电,sz300316,17.69,16.8,17.32,17.16,17.31,35.43366,1721745,0.0,0.0,0.0,0.0514,-0.0092
2013-11-21,晶盛机电,sz300316,17.2,16.56,16.98,17.08,17.16,35.268467,1419439,0.0,0.0,0.0,0.0372,0.0058
2013-11-22,晶盛机电,sz300316,17.28,16.65,17.13,16.87,17.08,34.834843,1153844,0.0,0.0,0.0,0.0368,-0.0151
2013-11-25,晶盛机电,sz300316,16.88,16.4,16.76,16.46,16.87,33.98825,1141445,0.0,0.0,0.0,0.0284,-0.0178
2013-11-26,晶盛机电,sz300316,16.72,16.3,16.7,16.56,16.46,34.19473,824804,0.0,0.0,0.0,0.0255,-0.0083
2013-11-27,晶盛机电,sz300316,17.37,16.55,16.57,17.31,16.56,35.74341,2230840,0.0,0.0,0.0,0.0495,0.0446
2013-11-28,晶盛机电,sz300316,18.2,17.13,17.31,17.67,17.31,36.486763,3130765,0.0,0.0,0.0,0.0618,0.0207
2013-11-29,晶盛机电,sz300316,18.4,17.55,17.69,18.02,17.67,37.209496,3278575,0.0,0.0,0.0,0.0481,0.0186
2013-12-02,晶盛机电,sz300316,17.58,16.42,17.22,16.5,18.02,34.070835,3572275,0.0,0.0,0.0,0.0643,-0.0418
2013-12-03,晶盛机电,sz300316,17.43,16.01,16.25,17.33,16.5,35.784702,3291995,0.0,0.0,0.0,0.086,0.0664
2013-12-04,晶盛机电,sz300316,19.06,17.03,17.28,19.06,17.33,39.35698,6027820,0.0,0.0,0.0,0.1171,0.103
2013-12-05,晶盛机电,sz300316,20.48,18.71,20.0,18.88,19.06,38.985294,11333452,0.0,0.0,0.0,0.0928,-0.056
2013-12-06,晶盛机电,sz300316,19.69,17.84,18.0,19.25,18.88,39.749287,7118487,0.0,0.0,0.0,0.0979,0.0694
2013-12-09,晶盛机电,sz300316,19.5,18.83,19.0,19.26,19.25,39.769917,3043328,0.0,0.0,0.0,0.0348,0.0136
2013-12-10,晶盛机电,sz300316,20.4,18.57,19.07,19.91,19.26,41.112114,5041123,0.0,0.0,0.0,0.095,0.044
2013-12-11,晶盛机电,sz300316,19.78,18.19,19.78,18.6,19.91,38.4071,4690714,0.0,0.0,0.0,0.0798,-0.0596
2013-12-12,晶盛机电,sz300316,18.85,17.86,18.35,18.42,18.6,38.035435,2460405,0.0,0.0,0.0,0.0532,0.0038
2013-12-13,晶盛机电,sz300316,18.95,17.95,18.3,18.59,18.42,38.386463,2163879,0.0,0.0,0.0,0.0542,0.0158
2013-12-16,晶盛机电,sz300316,18.75,17.49,18.55,17.8,18.59,36.75519,2565183,0.0,0.0,0.0,0.0677,-0.0404
2013-12-17,晶盛机电,sz300316,18.65,17.56,17.8,18.0,17.8,37.168175,1582158,0.0,0.0,0.0,0.0612,0.0112
2013-12-18,晶盛机电,sz300316,18.43,17.55,17.87,18.0,18.0,37.168175,1864810,0.0,0.0,0.0,0.0488,0.0072
2013-12-19,晶盛机电,sz300316,18.0,16.2,18.0,16.58,18.0,34.236015,5040933,0.0,0.0,0.0,0.1,-0.0788
2013-12-20,晶盛机电,sz300316,16.46,15.74,16.41,15.94,16.58,32.91447,2120693,0.0,0.0,0.0,0.0434,-0.0286
2013-12-23,晶盛机电,sz300316,16.22,15.62,15.92,16.0,15.94,33.03836,1710108,0.0,0.0,0.0,0.0376,0.005
2013-12-24,晶盛机电,sz300316,16.36,15.81,15.98,16.26,16.0,33.575233,1516318,0.0,0.0,0.0,0.0343,0.0175
2013-12-25,晶盛机电,sz300316,16.89,16.08,16.2,16.75,16.26,34.58702,1643287,0.0,0.0,0.0,0.0498,0.0339
2013-12-26,晶盛机电,sz300316,16.94,16.11,16.7,16.15,16.75,33.34808,1629117,0.0,0.0,0.0,0.0495,-0.0329
2013-12-27,晶盛机电,sz300316,16.48,15.8,16.25,16.03,16.15,33.100304,3172973,0.0,0.0,0.0,0.0421,-0.0135
2013-12-30,晶盛机电,sz300316,16.4,15.91,16.08,16.4,16.03,33.864326,2438677,0.0,0.0,0.0,0.0305,0.0199
2013-12-31,晶盛机电,sz300316,16.52,15.81,16.25,16.52,16.4,34.11211,1530160,0.0,0.0,0.0,0.0432,0.0166
2014-01-02,晶盛机电,sz300316,16.82,16.22,16.46,16.82,16.52,34.731586,1777896,0.0,0.0,0.0,0.0363,0.0218
2014-01-03,晶盛机电,sz300316,17.65,16.7,16.85,16.86,16.82,34.81418,3164623,0.0,0.0,0.0,0.0564,5.0E-4
2014-01-06,晶盛机电,sz300316,16.86,15.95,16.86,16.26,16.86,33.575245,2234112,0.0,0.0,0.0,0.0539,-0.0355
2014-01-07,晶盛机电,sz300316,16.22,15.51,16.1,15.96,16.26,32.955784,2656283,0.0,0.0,0.0,0.0436,-0.0086
2014-01-08,晶盛机电,sz300316,16.28,15.81,15.95,16.22,15.96,33.492664,1938424,0.0,0.0,0.0,0.0294,0.0169
2014-01-09,晶盛机电,sz300316,16.2,15.65,16.2,15.67,16.22,32.356964,1261170,0.0,0.0,0.0,0.0339,-0.0327
2014-01-10,晶盛机电,sz300316,15.84,15.01,15.84,15.25,15.67,31.4897,1443630,0.0,0.0,0.0,0.0529,-0.0372
2014-01-13,晶盛机电,sz300316,15.42,14.1,15.25,14.1,15.25,29.11506,2018381,0.0,0.0,0.0,0.0865,-0.0754
2014-01-14,晶盛机电,sz300316,14.65,14.11,14.2,14.6,14.1,30.14751,1189405,0.0,0.0,0.0,0.0382,0.0281
2014-01-15,晶盛机电,sz300316,15.15,14.55,14.65,14.76,14.6,30.477898,1471548,0.0,0.0,0.0,0.041,0.0075
2014-01-16,晶盛机电,sz300316,15.16,14.71,14.95,15.11,14.76,31.200619,1743331,0.0,0.0,0.0,0.0304,0.0107
2014-01-17,晶盛机电,sz300316,15.28,14.8,15.04,14.98,15.11,30.932169,848297,0.0,0.0,0.0,0.0317,-0.0039
2014-01-20,晶盛机电,sz300316,15.0,14.57,14.86,14.82,14.98,30.601782,859612,0.0,0.0,0.0,0.0287,-0.0026
2014-01-21,晶盛机电,sz300316,15.48,14.84,14.85,15.21,14.82,31.407099,2153112,0.0,0.0,0.0,0.0431,0.0242
2014-01-22,晶盛机电,sz300316,15.67,15.11,15.3,15.67,15.21,32.356945,1922724,0.0,0.0,0.0,0.0368,0.0241
2014-01-23,晶盛机电,sz300316,16.25,15.53,15.77,16.14,15.67,33.327457,2258011,0.0,0.0,0.0,0.0459,0.0234
2014-01-24,晶盛机电,sz300316,16.74,16.0,16.18,16.5,16.14,34.070827,3225812,0.0,0.0,0.0,0.0458,0.0197
2014-01-27,晶盛机电,sz300316,18.15,16.08,16.45,18.15,16.5,37.47791,5683963,0.0,0.0,0.0,0.1254,0.1033
2014-01-28,晶盛机电,sz300316,18.56,17.48,18.19,17.6,18.15,36.342216,7197276,0.0,0.0,0.0,0.0595,-0.0324
2014-01-29,晶盛机电,sz300316,18.11,17.4,17.88,17.9,17.6,36.96167,3618686,0.0,0.0,0.0,0.0403,0.0011
2014-01-30,晶盛机电,sz300316,17.89,17.04,17.89,17.3,17.9,35.722713,2792303,0.0,0.0,0.0,0.0474,-0.0329
2014-02-07,晶盛机电,sz300316,17.96,17.0,17.14,17.84,17.3,36.837765,3084725,0.0,0.0,0.0,0.0554,0.0408
2014-02-10,晶盛机电,sz300316,19.16,17.9,17.9,18.71,17.84,38.63423,5618588,0.0,0.0,0.0,0.0706,0.0452
2014-02-11,晶盛机电,sz300316,18.74,17.8,18.6,18.45,18.71,38.09737,3956704,0.0,0.0,0.0,0.0502,-0.008
2014-02-12,晶盛机电,sz300316,19.66,18.21,18.21,19.11,18.45,39.46019,5457488,0.0,0.0,0.0,0.0785,0.0494
2014-02-13,晶盛机电,sz300316,18.99,17.54,18.93,17.7,19.11,36.5487,5224954,0.0,0.0,0.0,0.0758,-0.0649
2014-02-14,晶盛机电,sz300316,18.22,17.5,17.71,17.85,17.7,36.858448,2993493,0.0,0.0,0.0,0.0406,0.0079
2014-02-17,晶盛机电,sz300316,18.8,17.76,18.01,18.57,17.85,38.34517,4459009,0.0,0.0,0.0,0.0582,0.031
2014-02-18,晶盛机电,sz300316,19.19,18.23,18.87,18.86,18.57,38.944008,4996711,0.0,0.0,0.0,0.0516,-5.0E-4
2014-02-19,晶盛机电,sz300316,18.99,18.37,18.9,18.67,18.86,38.551685,3208278,0.0,0.0,0.0,0.0328,-0.0121
2014-02-20,晶盛机电,sz300316,19.0,18.03,19.0,18.12,18.67,37.41599,2616260,0.0,0.0,0.0,0.0519,-0.0463
2014-02-21,晶盛机电,sz300316,19.7,18.06,18.06,19.0,18.12,39.233097,5747969,0.0,0.0,0.0,0.0905,0.052
2014-02-24,晶盛机电,sz300316,19.09,18.46,19.0,19.0,19.0,39.233097,3635817,0.0,0.0,0.0,0.0331,0.0
2014-02-25,晶盛机电,sz300316,19.78,18.0,19.15,18.38,19.0,37.952843,6211351,0.0,0.0,0.0,0.0936,-0.0402
2014-02-26,晶盛机电,sz300316,17.9,16.96,17.68,17.56,18.38,36.259617,4407518,0.0,0.0,0.0,0.0511,-0.0067
2014-02-27,晶盛机电,sz300316,18.15,16.72,17.3,16.78,17.56,34.649,3397216,0.0,0.0,0.0,0.0814,-0.03
2014-02-28,晶盛机电,sz300316,17.68,16.2,16.8,17.67,16.78,36.486748,2773726,0.0,0.0,0.0,0.0882,0.0517
2014-03-03,晶盛机电,sz300316,18.76,17.55,17.55,18.74,17.67,38.6962,3337563,0.0,0.0,0.0,0.0684,0.0678
2014-03-04,晶盛机电,sz300316,19.37,18.3,18.78,19.35,18.74,39.955803,3800616,0.0,0.0,0.0,0.057,0.0303
2014-03-05,晶盛机电,sz300316,20.8,19.75,19.9,20.1,19.35,41.50449,8715156,0.0,0.0,0.0,0.0542,0.01
2014-03-06,晶盛机电,sz300316,20.63,19.42,19.7,20.07,20.1,41.442524,3502436,0.0,0.0,0.0,0.0601,0.0187
2014-03-07,晶盛机电,sz300316,21.2,19.82,20.61,20.07,20.07,41.442524,4594766,0.0,0.0,0.0,0.0687,-0.0262
2014-03-10,晶盛机电,sz300316,21.08,19.41,19.6,20.07,20.07,41.442524,4624363,0.0,0.0,0.0,0.0832,0.0239
2014-03-11,晶盛机电,sz300316,21.48,20.0,20.2,20.57,20.07,42.474983,4140084,0.0,0.0,0.0,0.0737,0.0183
2014-03-12,晶盛机电,sz300316,20.35,18.51,20.18,19.39,20.57,40.038403,5817244,0.0,0.0,0.0,0.0894,-0.0391
2014-03-13,晶盛机电,sz300316,19.39,18.7,18.9,19.38,19.39,40.017746,2478121,0.0,0.0,0.0,0.0355,0.0253
2014-03-14,晶盛机电,sz300316,19.69,18.82,19.19,19.58,19.38,40.43073,1723863,0.0,0.0,0.0,0.0448,0.0203
2014-03-17,晶盛机电,sz300316,21.54,19.6,19.6,21.54,19.58,44.477924,6588532,0.0,0.0,0.0,0.099,0.0989
2014-03-18,晶盛机电,sz300316,23.57,21.65,22.0,22.99,21.54,47.472046,8374294,0.0,0.0,0.0,0.0891,0.0449
2014-03-19,晶盛机电,sz300316,23.35,22.54,22.67,22.88,22.99,47.244892,4939144,0.0,0.0,0.0,0.0352,0.0092
2014-03-20,晶盛机电,sz300316,23.86,22.1,22.98,22.12,22.88,45.675556,6799588,0.0,0.0,0.0,0.0769,-0.0374
2014-03-21,晶盛机电,sz300316,22.28,20.75,21.81,21.83,22.12,45.07675,5227896,0.0,0.0,0.0,0.0691,9.0E-4
2014-03-24,晶盛机电,sz300316,21.89,21.0,21.59,21.57,21.83,44.539886,3496768,0.0,0.0,0.0,0.0407,-9.0E-4
2014-03-25,晶盛机电,sz300316,23.45,21.21,21.56,23.45,21.57,48.421894,4276238,0.0,0.0,0.0,0.1038,0.0876
2014-03-26,晶盛机电,sz300316,23.85,23.0,23.45,23.66,23.45,48.85551,3260451,0.0,0.0,0.0,0.0362,0.0089
2014-03-27,晶盛机电,sz300316,24.18,22.23,23.6,22.78,23.66,47.03838,4786105,0.0,0.0,0.0,0.0824,-0.0347
2014-03-28,晶盛机电,sz300316,22.64,21.31,22.35,22.26,22.78,45.964634,2589258,0.0,0.0,0.0,0.0583,-0.004
2014-03-31,晶盛机电,sz300316,22.29,21.48,21.79,22.22,22.26,45.88204,2339285,0.0,0.0,0.0,0.0363,0.0197
2014-04-01,晶盛机电,sz300316,23.66,21.8,22.15,23.36,22.22,48.236015,3842222,0.0,0.0,0.0,0.0837,0.0546
2014-04-02,晶盛机电,sz300316,24.5,23.31,23.38,23.89,23.36,49.330395,4967372,0.0,0.0,0.0,0.0509,0.0218
2014-04-03,晶盛机电,sz300316,23.95,22.9,23.52,23.53,23.89,48.587032,2550613,0.0,0.0,0.0,0.0439,4.0E-4
2014-04-04,晶盛机电,sz300316,24.64,23.09,23.32,24.49,23.53,50.569336,3857451,0.0,0.0,0.0,0.0658,0.0501
2014-04-08,晶盛机电,sz300316,24.5,23.51,23.73,24.0,24.49,49.557545,3205355,0.0,0.0,0.0,0.0404,0.0113
2014-04-09,晶盛机电,sz300316,25.18,23.83,24.0,24.54,24.0,50.67259,4108391,0.0,0.0,0.0,0.0562,0.0224
2014-04-10,晶盛机电,sz300316,24.85,23.52,24.85,23.87,24.54,49.289127,4239892,0.0,0.0,0.0,0.0541,-0.0394
2014-04-11,晶盛机电,sz300316,23.48,22.62,23.01,23.39,23.87,48.29797,2697706,0.0,0.0,0.0,0.036,0.0165
2014-04-14,晶盛机电,sz300316,24.21,23.0,23.0,24.21,23.39,49.991203,2135967,0.0,0.0,0.0,0.0517,0.0526
2014-04-15,晶盛机电,sz300316,24.29,23.0,24.01,24.24,24.21,50.053143,2044212,0.0,0.0,0.0,0.0532,0.0095
2014-04-16,晶盛机电,sz300316,24.2,23.52,24.0,23.75,24.24,49.041317,1108333,0.0,0.0,0.0,0.028,-0.0104
2014-04-17,晶盛机电,sz300316,24.78,23.56,23.86,24.49,23.75,50.569347,2113405,0.0,0.0,0.0,0.0513,0.0264
2014-04-18,晶盛机电,sz300316,25.61,24.31,24.31,25.38,24.49,52.407085,2800891,0.0,0.0,0.0,0.053,0.044
2014-04-21,晶盛机电,sz300316,25.52,24.7,25.3,24.93,25.38,51.47791,1374575,0.0,0.0,0.0,0.0323,-0.0146
2014-04-22,晶盛机电,sz300316,25.39,23.1,24.8,24.43,24.93,50.44547,3005541,0.0,0.0,0.0,0.0918,-0.0149
2014-04-23,晶盛机电,sz300316,24.44,23.72,24.18,24.09,24.43,49.74342,1033324,0.0,0.0,0.0,0.0294,-0.0037
2014-04-24,晶盛机电,sz300316,24.1,23.11,23.87,23.7,24.09,48.93812,1325999,0.0,0.0,0.0,0.041,-0.0071
2014-04-25,晶盛机电,sz300316,24.4,23.21,23.68,23.84,23.7,49.2272,1906271,0.0,0.0,0.0,0.0502,0.0067
2014-04-28,晶盛机电,sz300316,23.8,22.09,23.54,23.1,23.84,47.69919,2155060,0.0,0.0,0.0,0.0717,-0.0186
2014-04-29,晶盛机电,sz300316,23.21,22.41,23.0,23.2,23.1,47.905678,1284803,0.0,0.0,0.0,0.0346,0.0086
2014-04-30,晶盛机电,sz300316,23.72,23.0,23.17,23.65,23.2,48.834904,1031221,0.0,0.0,0.0,0.031,0.0207
2014-05-05,晶盛机电,sz300316,24.62,23.32,23.76,24.53,23.65,50.652,879873,0.0,0.0,0.0,0.0549,0.0324
2014-05-06,晶盛机电,sz300316,26.3,24.67,24.68,25.55,24.53,52.758213,3518301,0.0,0.0,0.0,0.0664,0.0352
2014-05-07,晶盛机电,sz300316,25.3,24.61,25.05,24.65,25.55,50.899803,1734379,0.0,0.0,0.0,0.027,-0.0159
2014-05-08,晶盛机电,sz300316,25.35,24.21,24.95,24.89,24.65,51.395367,1475052,0.0,0.0,0.0,0.0462,-0.0024
2014-05-09,晶盛机电,sz300316,24.87,23.26,24.24,24.55,24.89,50.693306,1899121,0.0,0.0,0.0,0.0646,0.0127
2014-05-12,晶盛机电,sz300316,25.21,23.8,24.39,25.15,24.55,51.93225,1956827,0.0,0.0,0.0,0.0574,0.0311
2014-05-13,晶盛机电,sz300316,25.18,24.44,25.15,24.8,25.15,51.209507,1203867,0.0,0.0,0.0,0.0294,-0.0139
2014-05-14,晶盛机电,sz300316,25.66,24.6,24.6,25.5,24.8,52.65495,2078950,0.0,0.0,0.0,0.0427,0.0365
2014-05-15,晶盛机电,sz300316,25.49,24.8,25.25,24.9,25.5,51.41603,1098896,0.0,0.0,0.0,0.027,-0.0138
2014-05-16,晶盛机电,sz300316,24.8,23.6,24.58,24.43,24.9,50.4455,1524810,0.0,0.0,0.0,0.0481,-0.0061
2014-05-19,晶盛机电,sz300316,24.47,23.8,24.36,24.4,24.43,50.383553,536825,0.0,0.0,0.0,0.0274,0.0016
2014-05-20,晶盛机电,sz300316,24.96,23.79,24.4,23.92,24.4,49.392406,846969,0.0,0.0,0.0,0.0479,-0.0196
2014-05-21,晶盛机电,sz300316,24.55,23.33,23.49,24.2,23.92,49.970596,655452,0.0,0.0,0.0,0.051,0.0302
2014-05-22,晶盛机电,sz300316,24.78,24.0,24.22,24.38,24.2,50.342278,1284226,0.0,0.0,0.0,0.0322,0.0066
2014-05-23,晶盛机电,sz300316,24.4,23.9,24.26,24.11,24.38,49.784737,736004,0.0,0.0,0.0,0.0205,-0.0061
2014-05-26,晶盛机电,sz300316,25.34,23.9,24.11,25.05,24.11,51.725742,2855426,0.0,0.0,0.0,0.0597,0.0389
2014-05-27,晶盛机电,sz300316,26.15,24.78,24.9,25.9,25.05,53.4809,3914501,0.0,0.0,0.0,0.0546,0.0401
2014-05-28,晶盛机电,sz300316,26.05,25.39,25.9,26.03,25.9,53.74932,2711862,0.0,0.0,0.0,0.0254,0.005
2014-05-29,晶盛机电,sz300316,25.96,24.6,25.83,25.15,26.03,51.93222,3048002,0.0,0.0,0.0,0.0522,-0.0263
2014-05-30,晶盛机电,sz300316,26.91,24.66,24.83,26.57,25.15,54.864365,3683709,0.0,0.0,0.0,0.0894,0.07
2014-06-03,晶盛机电,sz300316,26.8,25.78,26.41,26.08,26.57,53.852554,2015666,0.0,0.0,0.0,0.0383,-0.0124
2014-06-04,晶盛机电,sz300316,26.16,25.55,25.91,26.04,26.08,53.769947,1027689,0.0,0.0,0.0,0.0233,0.005
2014-06-05,晶盛机电,sz300316,26.6,25.6,26.15,25.88,26.04,53.439583,2750330,0.0,0.0,0.0,0.0384,-0.0103
2014-06-06,晶盛机电,sz300316,25.99,25.25,25.62,25.7,25.88,53.06791,1350448,0.0,0.0,0.0,0.0285,0.0031
2014-06-09,晶盛机电,sz300316,26.14,25.5,25.5,25.79,25.7,53.253754,1384040,0.0,0.0,0.0,0.0249,0.0113
2014-06-10,晶盛机电,sz300316,25.96,24.99,25.77,25.75,25.79,53.171158,2110138,0.0,0.0,0.0,0.0376,-7.0E-4
2014-06-11,晶盛机电,sz300316,26.53,25.51,26.4,26.25,25.75,54.203583,2428179,0.0,0.0,0.0,0.0396,-0.0056
2014-06-12,晶盛机电,sz300316,17.56,16.99,17.4,17.43,26.25,54.19323,1941377,0.0,0.0,0.0,0.0217,0.0017
2014-06-13,晶盛机电,sz300316,19.17,17.2,17.43,18.78,17.43,58.390656,5664287,0.0,0.0,0.0,0.113,0.0774
2014-06-16,晶盛机电,sz300316,19.55,18.63,18.78,18.97,18.78,58.981396,6079510,0.0,0.0,0.0,0.0489,0.0101
2014-06-17,晶盛机电,sz300316,19.28,18.5,19.06,18.84,18.97,58.577194,2741673,0.0,0.0,0.0,0.0411,-0.0115
2014-06-18,晶盛机电,sz300316,19.16,18.7,19.02,18.74,18.84,58.26627,2403998,0.0,0.0,0.0,0.0244,-0.0147
2014-06-19,晶盛机电,sz300316,18.6,17.55,18.6,18.18,18.74,56.525097,3898758,0.0,0.0,0.0,0.056,-0.0225
2014-06-20,晶盛机电,sz300316,18.21,17.31,18.05,18.19,18.18,56.556187,4616010,0.0,0.0,0.0,0.0495,0.0077
2014-06-23,晶盛机电,sz300316,18.7,18.08,18.7,18.21,18.19,56.618397,2093035,0.0,0.0,0.0,0.034,-0.0262
2014-06-24,晶盛机电,sz300316,18.37,17.75,18.21,18.18,18.21,56.525146,1732002,0.0,0.0,0.0,0.034,-0.0016
2014-06-25,晶盛机电,sz300316,18.18,17.59,18.1,17.79,18.18,55.31257,1295859,0.0,0.0,0.0,0.0324,-0.0171
2014-06-26,晶盛机电,sz300316,18.33,17.63,17.7,18.12,17.79,56.33862,1859646,0.0,0.0,0.0,0.0393,0.0237
2014-06-27,晶盛机电,sz300316,18.75,17.9,18.15,18.49,18.12,57.489,3434673,0.0,0.0,0.0,0.0469,0.0187
2014-06-30,晶盛机电,sz300316,18.9,18.43,18.54,18.53,18.49,57.613346,2683394,0.0,0.0,0.0,0.0254,-5.0E-4
2014-07-01,晶盛机电,sz300316,18.78,18.26,18.45,18.67,18.53,58.048615,2318153,0.0,0.0,0.0,0.028,0.0119
2014-07-02,晶盛机电,sz300316,18.96,18.45,18.7,18.73,18.67,58.235184,2070056,0.0,0.0,0.0,0.0273,0.0016
2014-07-03,晶盛机电,sz300316,19.29,18.71,18.71,19.1,18.73,59.38556,3224211,0.0,0.0,0.0,0.0309,0.0208
2014-07-04,晶盛机电,sz300316,19.28,18.6,19.1,18.82,19.1,58.51497,2294332,0.0,0.0,0.0,0.0356,-0.0146
2014-07-07,晶盛机电,sz300316,18.86,18.4,18.78,18.86,18.82,58.639313,2017707,0.0,0.0,0.0,0.0244,0.0042
2014-07-08,晶盛机电,sz300316,18.99,18.55,18.83,18.94,18.86,58.88806,1727944,0.0,0.0,0.0,0.0233,0.0058
2014-07-09,晶盛机电,sz300316,19.4,18.58,18.93,18.75,18.94,58.297295,2405414,0.0,0.0,0.0,0.0432,-0.0095
2014-07-10,晶盛机电,sz300316,18.89,18.56,18.6,18.77,18.75,58.359497,1163641,0.0,0.0,0.0,0.0176,0.0091
2014-07-11,晶盛机电,sz300316,19.12,18.61,18.61,18.9,18.77,58.763695,1728581,0.0,0.0,0.0,0.0271,0.0155
2014-07-14,晶盛机电,sz300316,18.95,18.6,18.95,18.9,18.9,58.763695,1325801,0.0,0.0,0.0,0.0185,-0.0026
2014-07-15,晶盛机电,sz300316,18.9,18.61,18.88,18.65,18.9,57.98637,1087053,0.0,0.0,0.0,0.0153,-0.0121
2014-07-16,晶盛机电,sz300316,18.7,17.6,18.61,17.92,18.65,55.716667,3408862,0.0,0.0,0.0,0.0589,-0.037
2014-07-17,晶盛机电,sz300316,18.08,17.52,17.91,17.95,17.92,55.809937,1276612,0.0,0.0,0.0,0.0312,0.0022
2014-07-18,晶盛机电,sz300316,18.06,17.57,17.57,17.94,17.95,55.77885,890478,0.0,0.0,0.0,0.0272,0.021
2014-07-21,晶盛机电,sz300316,18.27,17.78,17.78,18.19,17.94,56.55613,1293672,0.0,0.0,0.0,0.0273,0.023
2014-07-22,晶盛机电,sz300316,18.36,18.05,18.09,18.3,18.19,56.898125,1031189,0.0,0.0,0.0,0.017,0.0116
2014-07-23,晶盛机电,sz300316,18.46,17.9,18.35,18.18,18.3,56.525043,1008523,0.0,0.0,0.0,0.0306,-0.0092
2014-07-24,晶盛机电,sz300316,18.23,17.54,18.23,17.9,18.18,55.654446,1442513,0.0,0.0,0.0,0.0379,-0.0181
2014-07-25,晶盛机电,sz300316,18.09,17.35,17.76,18.08,17.9,56.214104,2929559,0.0,0.0,0.0,0.0413,0.018
2014-07-28,晶盛机电,sz300316,18.17,17.82,18.0,18.09,18.08,56.245193,1496541,0.0,0.0,0.0,0.0193,0.0049
2014-07-29,晶盛机电,sz300316,18.51,18.06,18.08,18.29,18.09,56.86704,1375907,0.0,0.0,0.0,0.0248,0.0116
2014-07-30,晶盛机电,sz300316,19.88,18.61,19.88,18.95,18.29,58.919086,3138330,0.0,0.0,0.0,0.0694,-0.0467
2014-07-31,晶盛机电,sz300316,19.1,18.68,19.01,18.79,18.95,58.42163,1723186,0.0,0.0,0.0,0.0221,-0.0115
2014-08-01,晶盛机电,sz300316,18.95,18.6,18.72,18.9,18.79,58.763634,1309944,0.0,0.0,0.0,0.0186,0.0096
2014-08-04,晶盛机电,sz300316,18.99,18.77,18.9,18.88,18.9,58.70146,891123,0.0,0.0,0.0,0.0116,-0.001
2014-08-05,晶盛机电,sz300316,19.19,18.6,18.85,19.19,18.88,59.66528,1525989,0.0,0.0,0.0,0.0312,0.018
2014-08-06,晶盛机电,sz300316,20.0,19.3,19.3,19.68,19.19,61.188774,3453695,0.0,0.0,0.0,0.0364,0.0196
2014-08-07,晶盛机电,sz300316,19.83,19.31,19.57,19.36,19.68,60.193844,1501038,0.0,0.0,0.0,0.0264,-0.0107
2014-08-08,晶盛机电,sz300316,20.1,19.51,19.6,19.55,19.36,60.784584,2587976,0.0,0.0,0.0,0.0304,-0.0025
2014-08-11,晶盛机电,sz300316,19.97,19.5,19.5,19.6,19.55,60.94007,1541606,0.0,0.0,0.0,0.024,0.0051
2014-08-12,晶盛机电,sz300316,20.0,19.53,19.78,19.78,19.6,61.49975,2369286,0.0,0.0,0.0,0.0239,0.0
2014-08-13,晶盛机电,sz300316,20.35,19.75,19.98,20.35,19.78,63.271984,2675247,0.0,0.0,0.0,0.0303,0.0185
2014-08-14,晶盛机电,sz300316,21.33,20.16,20.36,21.2,20.35,65.914795,4299982,0.0,0.0,0.0,0.0574,0.0412
2014-08-15,晶盛机电,sz300316,23.3,20.56,21.0,22.18,21.2,68.96177,5177752,0.0,0.0,0.0,0.1292,0.0561
2014-08-18,晶盛机电,sz300316,23.1,21.83,22.65,22.71,22.18,70.60961,3985944,0.0,0.0,0.0,0.0572,0.0026
2014-08-19,晶盛机电,sz300316,23.42,22.02,22.51,22.99,22.71,71.480156,3874455,0.0,0.0,0.0,0.0616,0.0213
2014-08-20,晶盛机电,sz300316,23.11,22.41,22.72,22.42,22.99,69.70795,2222586,0.0,0.0,0.0,0.0304,-0.0132
2014-08-21,晶盛机电,sz300316,23.43,22.42,22.42,22.79,22.42,70.85834,3210510,0.0,0.0,0.0,0.045,0.0165
2014-08-22,晶盛机电,sz300316,22.96,22.41,22.82,22.79,22.79,70.85834,2199062,0.0,0.0,0.0,0.0241,-0.0013
2014-08-25,晶盛机电,sz300316,23.11,22.5,22.72,22.81,22.79,70.920555,1766048,0.0,0.0,0.0,0.0267,0.0039
2014-08-26,晶盛机电,sz300316,24.4,22.5,22.8,24.1,22.81,74.9314,5056496,0.0,0.0,0.0,0.0832,0.057
2014-08-27,晶盛机电,sz300316,24.28,23.5,24.0,23.97,24.1,74.527214,2860948,0.0,0.0,0.0,0.0323,-0.0012
2014-08-28,晶盛机电,sz300316,23.97,23.12,23.97,23.49,23.97,73.034805,1935903,0.0,0.0,0.0,0.0354,-0.02
2014-08-29,晶盛机电,sz300316,24.39,23.22,23.49,24.05,23.49,74.775955,2535396,0.0,0.0,0.0,0.0498,0.0238
2014-09-01,晶盛机电,sz300316,24.14,23.57,24.0,23.95,24.05,74.465034,1726228,0.0,0.0,0.0,0.0237,-0.002
2014-09-02,晶盛机电,sz300316,24.16,23.55,24.1,24.06,23.95,74.80705,1891646,0.0,0.0,0.0,0.0254,-0.0016
2014-09-03,晶盛机电,sz300316,24.76,23.96,24.16,24.57,24.06,76.39274,2231495,0.0,0.0,0.0,0.0332,0.0169
2014-09-04,晶盛机电,sz300316,24.56,24.0,24.38,24.4,24.57,75.86418,1616662,0.0,0.0,0.0,0.0227,8.0E-4
2014-09-05,晶盛机电,sz300316,24.72,24.21,24.48,24.43,24.4,75.95749,1634658,0.0,0.0,0.0,0.0209,-0.002
2014-09-09,晶盛机电,sz300316,24.52,23.9,24.44,24.36,24.43,75.739876,1996655,0.0,0.0,0.0,0.0253,-0.0032
2014-09-10,晶盛机电,sz300316,23.94,23.2,23.5,23.8,24.36,73.99869,3237432,0.0,0.0,0.0,0.0303,0.0127
2014-09-11,晶盛机电,sz300316,24.08,23.33,23.33,23.79,23.8,73.96761,2130849,0.0,0.0,0.0,0.0315,0.0197
2014-09-12,晶盛机电,sz300316,23.99,23.45,23.78,23.9,23.79,74.30964,1009811,0.0,0.0,0.0,0.0226,0.005
2014-09-15,晶盛机电,sz300316,25.08,23.78,23.78,24.45,23.9,76.01972,2576772,0.0,0.0,0.0,0.0543,0.0281
2014-09-16,晶盛机电,sz300316,24.77,23.6,24.77,23.6,24.45,73.3769,1771085,0.0,0.0,0.0,0.0478,-0.0472
2014-09-17,晶盛机电,sz300316,24.2,23.27,23.78,23.51,23.6,73.09704,1670942,0.0,0.0,0.0,0.0394,-0.0113
2014-09-18,晶盛机电,sz300316,23.88,23.38,23.68,23.78,23.51,73.936485,1407903,0.0,0.0,0.0,0.0212,0.0042
2014-09-19,晶盛机电,sz300316,24.27,23.7,23.7,24.15,23.78,75.08686,1563554,0.0,0.0,0.0,0.0239,0.0189
2014-09-22,晶盛机电,sz300316,24.44,23.77,24.09,24.44,24.15,75.98851,1466064,0.0,0.0,0.0,0.0277,0.0145
2014-09-23,晶盛机电,sz300316,24.79,24.37,24.6,24.69,24.44,76.76579,1246679,0.0,0.0,0.0,0.0171,0.0036
2014-09-24,晶盛机电,sz300316,24.97,24.67,24.97,24.83,24.69,77.20106,1470395,0.0,0.0,0.0,0.0121,-0.0056
2014-09-25,晶盛机电,sz300316,25.07,24.1,24.87,24.68,24.83,76.73468,1945238,0.0,0.0,0.0,0.039,-0.0076
2014-09-26,晶盛机电,sz300316,24.67,24.3,24.43,24.47,24.68,76.08175,930013,0.0,0.0,0.0,0.0149,0.0016
2014-09-29,晶盛机电,sz300316,24.6,24.17,24.46,24.43,24.47,75.95735,1845091,0.0,0.0,0.0,0.0175,-0.0012
2014-09-30,晶盛机电,sz300316,25.45,24.43,24.43,25.38,24.43,78.91111,2896383,0.0,0.0,0.0,0.0417,0.0388
2014-10-08,晶盛机电,sz300316,26.0,24.52,24.8,25.58,25.38,79.53293,3317927,0.0,0.0,0.0,0.0583,0.0314
2014-10-09,晶盛机电,sz300316,25.88,25.0,25.58,25.6,25.58,79.59512,2338002,0.0,0.0,0.0,0.0344,7.0E-4
2014-10-10,晶盛机电,sz300316,25.6,24.9,25.46,25.29,25.6,78.6313,1560760,0.0,0.0,0.0,0.0273,-0.0066
2014-10-13,晶盛机电,sz300316,25.28,24.48,25.01,24.65,25.29,76.641464,2008160,0.0,0.0,0.0,0.0316,-0.0143
2014-10-14,晶盛机电,sz300316,24.94,24.48,24.52,24.61,24.65,76.517075,743038,0.0,0.0,0.0,0.0186,0.0036
2014-10-15,晶盛机电,sz300316,24.76,24.5,24.61,24.68,24.61,76.73469,748129,0.0,0.0,0.0,0.0105,0.0028
2014-10-16,晶盛机电,sz300316,24.86,23.8,24.58,24.1,24.68,74.93134,2060333,0.0,0.0,0.0,0.0429,-0.0195
2014-10-17,晶盛机电,sz300316,24.18,23.2,23.92,23.3,24.1,72.444,1597265,0.0,0.0,0.0,0.0406,-0.0259
2014-10-20,晶盛机电,sz300316,24.5,23.3,23.7,24.5,23.3,76.17501,2422158,0.0,0.0,0.0,0.0515,0.0337
2014-10-21,晶盛机电,sz300316,25.04,24.24,24.46,24.8,24.5,77.10777,1585674,0.0,0.0,0.0,0.0326,0.0139
2014-10-22,晶盛机电,sz300316,24.99,24.17,24.74,24.57,24.8,76.39268,1534011,0.0,0.0,0.0,0.033,-0.0068
2014-10-23,晶盛机电,sz300316,24.56,23.55,24.34,23.98,24.57,74.55826,1338869,0.0,0.0,0.0,0.0411,-0.0147
2014-10-24,晶盛机电,sz300316,24.28,23.73,24.13,24.18,23.98,75.18008,570585,0.0,0.0,0.0,0.0229,0.002
2014-10-27,晶盛机电,sz300316,24.54,23.5,24.27,24.48,24.18,76.11283,1928268,0.0,0.0,0.0,0.043,0.0086
2014-10-28,晶盛机电,sz300316,24.85,24.52,24.68,24.64,24.48,76.610306,2063758,0.0,0.0,0.0,0.0134,-0.0016
2014-10-29,晶盛机电,sz300316,25.16,24.5,24.65,25.11,24.64,78.07165,2333722,0.0,0.0,0.0,0.0267,0.0186
2014-10-30,晶盛机电,sz300316,25.35,24.68,25.0,24.8,25.11,77.10777,1544190,0.0,0.0,0.0,0.0266,-0.0079
2014-10-31,晶盛机电,sz300316,24.95,24.52,24.8,24.79,24.8,77.0767,1679403,0.0,0.0,0.0,0.0173,-4.0E-4
2014-11-03,晶盛机电,sz300316,25.16,24.62,24.79,25.0,24.79,77.72962,1509384,0.0,0.0,0.0,0.0217,0.0084
2014-11-04,晶盛机电,sz300316,25.0,24.36,24.99,24.79,25.0,77.07669,1130692,0.0,0.0,0.0,0.0256,-0.008
2014-11-05,晶盛机电,sz300316,25.06,24.64,24.64,24.92,24.79,77.48088,1377451,0.0,0.0,0.0,0.0169,0.0113
2014-11-06,晶盛机电,sz300316,25.14,24.53,24.95,24.83,24.92,77.20102,953210,0.0,0.0,0.0,0.0244,-0.0048
2014-11-07,晶盛机电,sz300316,25.0,24.6,24.83,24.67,24.83,76.70354,1052691,0.0,0.0,0.0,0.0161,-0.0064
2014-11-10,晶盛机电,sz300316,24.79,24.25,24.79,24.65,24.67,76.64133,1078822,0.0,0.0,0.0,0.0218,-0.0056
2014-11-11,晶盛机电,sz300316,24.76,23.82,24.51,24.0,24.65,74.62038,1217205,0.0,0.0,0.0,0.0381,-0.0208
2014-11-12,晶盛机电,sz300316,24.55,23.3,23.91,24.55,24.0,76.33045,1187639,0.0,0.0,0.0,0.052,0.0267
2014-11-13,晶盛机电,sz300316,24.88,24.1,24.55,24.71,24.55,76.827896,1486834,0.0,0.0,0.0,0.0317,0.0065
2014-11-14,晶盛机电,sz300316,25.21,24.69,24.89,25.2,24.71,78.351395,3073203,0.0,0.0,0.0,0.021,0.0124
2014-11-17,晶盛机电,sz300316,25.43,24.91,25.3,25.06,25.2,77.91607,1738611,0.0,0.0,0.0,0.0206,-0.0094
2014-11-18,晶盛机电,sz300316,25.05,24.51,24.9,24.68,25.06,76.73455,898968,0.0,0.0,0.0,0.0215,-0.0088
2014-11-19,晶盛机电,sz300316,24.9,24.3,24.75,24.7,24.68,76.79671,891796,0.0,0.0,0.0,0.0243,-0.002
2014-11-20,晶盛机电,sz300316,24.85,24.45,24.79,24.72,24.7,76.85891,914149,0.0,0.0,0.0,0.0161,-0.0028
2014-11-21,晶盛机电,sz300316,24.87,24.68,24.76,24.74,24.72,76.92109,1379433,0.0,0.0,0.0,0.0076,-8.0E-4
2014-11-24,晶盛机电,sz300316,25.08,24.62,24.72,24.8,24.74,77.10763,1560203,0.0,0.0,0.0,0.0185,0.0032
2014-11-25,晶盛机电,sz300316,25.0,24.49,24.97,24.81,24.8,77.1387,1674859,0.0,0.0,0.0,0.0205,-0.0064
2014-11-26,晶盛机电,sz300316,25.29,24.73,24.81,25.16,24.81,78.22689,1651678,0.0,0.0,0.0,0.0225,0.0141
2014-11-27,晶盛机电,sz300316,27.2,25.17,25.2,27.2,25.16,84.56961,5773988,0.0,0.0,0.0,0.0806,0.0793
2014-11-28,晶盛机电,sz300316,27.31,26.68,27.1,27.14,27.2,84.38305,3136220,0.0,0.0,0.0,0.0231,0.0014
2014-12-01,晶盛机电,sz300316,27.65,25.79,27.6,26.0,27.14,80.83862,3050457,0.0,0.0,0.0,0.0685,-0.0579
2014-12-02,晶盛机电,sz300316,26.4,25.8,25.8,25.96,26.0,80.714294,1521553,0.0,0.0,0.0,0.023,0.0062
2014-12-03,晶盛机电,sz300316,26.28,24.88,25.92,26.28,25.96,81.70926,2443978,0.0,0.0,0.0,0.0539,0.0138
2014-12-04,晶盛机电,sz300316,26.57,25.83,26.31,25.88,26.28,80.46556,2254943,0.0,0.0,0.0,0.0281,-0.0163
2014-12-05,晶盛机电,sz300316,28.19,24.94,25.89,26.6,25.88,82.70419,4582044,0.0,0.0,0.0,0.1255,0.0274
2014-12-08,晶盛机电,sz300316,26.05,25.1,26.03,25.15,26.6,78.19591,3791585,0.0,0.0,0.0,0.0357,-0.0338
2014-12-09,晶盛机电,sz300316,25.6,23.46,25.15,23.76,25.15,73.874176,3139118,0.0,0.0,0.0,0.085,-0.0552
2014-12-10,晶盛机电,sz300316,24.46,23.51,23.88,23.98,23.76,74.558174,2017323,0.0,0.0,0.0,0.0399,0.0041
2014-12-11,晶盛机电,sz300316,24.2,23.72,24.06,24.01,23.98,74.65145,2224134,0.0,0.0,0.0,0.02,-0.002
2014-12-12,晶盛机电,sz300316,24.85,24.01,24.01,24.8,24.01,77.107704,1085207,0.0,0.0,0.0,0.0349,0.0329
2014-12-15,晶盛机电,sz300316,26.0,25.2,25.2,25.6,24.8,79.59505,1905380,0.0,0.0,0.0,0.0322,0.0158
2014-12-16,晶盛机电,sz300316,25.8,24.8,25.8,25.17,25.6,78.25809,1960580,0.0,0.0,0.0,0.039,-0.0244
2014-12-17,晶盛机电,sz300316,24.99,24.39,24.81,24.6,25.17,76.485855,1607840,0.0,0.0,0.0,0.0238,-0.0084
2014-12-18,晶盛机电,sz300316,24.67,24.41,24.5,24.5,24.6,76.17494,738653,0.0,0.0,0.0,0.0105,0.0
2014-12-19,晶盛机电,sz300316,24.63,23.5,24.5,24.13,24.5,75.02454,1367479,0.0,0.0,0.0,0.0461,-0.0151
2014-12-22,晶盛机电,sz300316,24.37,21.77,24.15,23.45,24.13,72.91028,1850346,0.0,0.0,0.0,0.1077,-0.0289
2014-12-23,晶盛机电,sz300316,23.4,22.51,23.38,23.2,23.45,72.13298,481430,0.0,0.0,0.0,0.0379,-0.0076
2014-12-24,晶盛机电,sz300316,23.49,22.8,23.43,23.0,23.2,71.51112,668830,0.0,0.0,0.0,0.0297,-0.0183
2014-12-25,晶盛机电,sz300316,23.44,22.85,23.39,23.44,23.0,72.87913,861183,0.0,0.0,0.0,0.0256,0.0021
2014-12-26,晶盛机电,sz300316,23.54,22.89,23.3,23.03,23.44,71.6044,1055271,0.0,0.0,0.0,0.0277,-0.0115
2014-12-29,晶盛机电,sz300316,23.07,21.88,23.07,21.95,23.03,68.24651,1331189,0.0,0.0,0.0,0.0516,-0.0485
2014-12-30,晶盛机电,sz300316,22.08,20.87,21.86,22.07,21.95,68.61962,2144849,0.0,0.0,0.0,0.0551,0.0096
2014-12-31,晶盛机电,sz300316,22.4,21.75,22.4,21.98,22.07,68.33979,982845,0.0,0.0,0.0,0.0294,-0.0187
2015-01-01,晶盛机电,sz300316,21.98,21.98,21.98,21.98,21.98,9.94437,0,0.0,0.0,0.0,0.0,0.0
2015-01-02,晶盛机电,sz300316,21.98,21.98,21.98,21.98,21.98,9.94437,0,0.0,0.0,0.0,0.0,0.0
2015-01-05,晶盛机电,sz300316,21.87999,21.3,21.85999,21.71,21.98,9.82221,33814,0.0,0.0,0.0,0.0263,-0.0068
2015-01-06,晶盛机电,sz300316,22.55,21.3,21.59001,22.26004,21.71,10.07107,21669,0.0,0.0,0.0,0.0575,0.031
2015-01-07,晶盛机电,sz300316,22.39006,21.61999,22.35002,22.1001,22.26004,9.99871,17300,0.0,0.0,0.0,0.0345,-0.0111
2015-01-08,晶盛机电,sz300316,22.94006,21.89,21.89,22.77,22.1001,10.30179,28299,0.0,0.0,0.0,0.0475,0.0402
2015-01-09,晶盛机电,sz300316,23.54,22.81994,23.29998,22.88,22.77,10.35156,22679,0.0,0.0,0.0,0.0316,-0.018
2015-01-12,晶盛机电,sz300316,23.2001,22.59994,22.88,22.88,22.88,10.35156,13722,0.0,0.0,0.0,0.0262,0.0
2015-01-13,晶盛机电,sz300316,23.18008,22.79992,22.94006,22.88,22.88,10.35156,12797,0.0,0.0,0.0,0.0166,-0.0026
2015-01-14,晶盛机电,sz300316,23.1099,22.66,22.66,23.1,22.88,10.45109,23867,0.0,0.0,0.0,0.0196,0.0194
2015-01-15,晶盛机电,sz300316,23.93006,23.1099,23.18008,23.73008,23.1,10.73616,19510,0.0,0.0,0.0,0.0355,0.0237
2015-01-16,晶盛机电,sz300316,23.93006,23.47994,23.87,23.84008,23.73008,10.78592,18900,0.0,0.0,0.0,0.0189,-0.0012
2015-01-19,晶盛机电,sz300316,23.98,22.90002,23.60006,23.69004,23.84008,10.71804,22580,0.0,0.0,0.0,0.0453,0.0038
2015-01-20,晶盛机电,sz300316,24.50008,23.71006,23.88012,24.42,23.69004,11.0483,20993,0.0,0.0,0.0,0.0333,0.0226
2015-01-21,晶盛机电,sz300316,24.66992,24.26006,24.42,24.39998,24.42,11.03924,12858,0.0,0.0,0.0,0.0167,-8.0E-4
2015-01-22,晶盛机电,sz300316,24.79004,24.02994,24.79004,24.39008,24.39998,11.03476,13583,0.0,0.0,0.0,0.0311,-0.0161
2015-01-23,晶盛机电,sz300316,24.48996,24.0999,24.37006,24.46004,24.39008,11.06641,16694,0.0,0.0,0.0,0.0159,0.0036
2015-01-26,晶盛机电,sz300316,24.70006,24.26996,24.46004,24.59996,24.46004,11.12971,21823,0.0,0.0,0.0,0.0175,0.0057
2015-01-27,晶盛机电,sz300316,26.99994,24.61008,24.88002,25.85,24.59996,11.69527,97061,0.0,0.0,0.0,0.0971,0.0389
2015-01-28,晶盛机电,sz300316,25.85,25.85,25.85,25.85,25.85,11.69527,0,0.0,0.0,0.0,0.0,0.0
2015-01-29,晶盛机电,sz300316,25.85,25.85,25.85,25.85,25.85,11.69527,0,0.0,0.0,0.0,0.0,0.0
2015-01-30,晶盛机电,sz300316,26.59008,24.88992,26.44994,25.36996,25.85,11.47808,45289,0.0,0.0,0.0,0.0657,-0.0408
2015-02-02,晶盛机电,sz300316,25.98002,24.59996,24.99992,25.65002,25.36996,11.60479,49022,0.0,0.0,0.0,0.0543,0.026
2015-02-03,晶盛机电,sz300316,26.46996,25.53012,26.46006,26.24006,25.65002,11.87174,49322,0.0,0.0,0.0,0.0366,-0.0083
2015-02-04,晶盛机电,sz300316,26.90006,26.02006,26.24006,26.6101,26.24006,12.03916,32813,0.0,0.0,0.0,0.0335,0.0141
2015-02-05,晶盛机电,sz300316,26.97002,26.5001,26.68006,26.59998,26.6101,12.03458,22693,0.0,0.0,0.0,0.0176,-0.003
2015-02-06,晶盛机电,sz300316,26.48008,25.56994,26.42992,25.87992,26.59998,11.70881,19491,0.0,0.0,0.0,0.0342,-0.0208
2015-02-09,晶盛机电,sz300316,25.87992,25.01994,25.87992,25.14996,25.87992,11.37855,18449,0.0,0.0,0.0,0.0332,-0.0282
2015-02-10,晶盛机电,sz300316,25.8599,24.79994,24.79994,25.7499,25.14996,11.64998,12267,0.0,0.0,0.0,0.0421,0.0383
2015-02-11,晶盛机电,sz300316,26.57996,25.5101,25.5101,26.37998,25.7499,11.93505,26592,0.0,0.0,0.0,0.0415,0.034
2015-02-12,晶盛机电,sz300316,26.53002,26.11004,26.3901,26.44994,26.37998,11.9667,19924,0.0,0.0,0.0,0.0159,0.0022
2015-02-13,晶盛机电,sz300316,27.45996,26.2999,26.5001,27.21004,26.44994,12.31059,44368,0.0,0.0,0.0,0.0438,0.0267
2015-02-16,晶盛机电,sz300316,29.93012,27.21004,27.21004,29.30004,27.21004,13.25616,64679,0.0,0.0,0.0,0.0999,0.0768
2015-02-17,晶盛机电,sz300316,29.78008,29.02988,29.2501,29.74004,29.30004,13.45523,25499,0.0,0.0,0.0,0.0256,0.0167
2015-02-18,晶盛机电,sz300316,29.74004,29.74004,29.74004,29.74004,29.74004,13.45523,0,0.0,0.0,0.0,0.0,0.0
2015-02-19,晶盛机电,sz300316,29.74004,29.74004,29.74004,29.74004,29.74004,13.45523,0,0.0,0.0,0.0,0.0,0.0
2015-02-20,晶盛机电,sz300316,29.74004,29.74004,29.74004,29.74004,29.74004,13.45523,0,0.0,0.0,0.0,0.0,0.0
2015-02-23,晶盛机电,sz300316,29.74004,29.74004,29.74004,29.74004,29.74004,13.45523,0,0.0,0.0,0.0,0.0,0.0
2015-02-24,晶盛机电,sz300316,29.74004,29.74004,29.74004,29.74004,29.74004,13.45523,0,0.0,0.0,0.0,0.0,0.0
2015-02-25,晶盛机电,sz300316,30.00008,29.08994,29.98996,29.30004,29.74004,13.25616,25883,0.0,0.0,0.0,0.0306,-0.023
2015-02-26,晶盛机电,sz300316,29.54006,28.51992,29.30004,28.64004,29.30004,12.95756,32296,0.0,0.0,0.0,0.0348,-0.0225
2015-02-27,晶盛机电,sz300316,29.3601,28.29002,28.57008,29.3601,28.64004,13.28334,25841,0.0,0.0,0.0,0.0373,0.0276
2015-03-02,晶盛机电,sz300316,30.40004,29.37,29.50002,30.16992,29.3601,13.64972,29905,0.0,0.0,0.0,0.035,0.0227
2015-03-03,晶盛机电,sz300316,30.77008,29.81,30.75006,29.87996,30.16992,13.51854,28117,0.0,0.0,0.0,0.0318,-0.0282
2015-03-04,晶盛机电,sz300316,30.16002,29.67998,30.00008,29.8001,29.87996,13.4824,25617,0.0,0.0,0.0,0.016,-0.0066
2015-03-05,晶盛机电,sz300316,30.2401,29.61992,29.8001,30.07994,29.8001,13.60901,22072,0.0,0.0,0.0,0.0208,0.0093
2015-03-06,晶盛机电,sz300316,33.08998,30.60002,32.80002,31.65998,30.07994,14.32387,125149,0.0,0.0,0.0,0.0827,-0.0347
2015-03-09,晶盛机电,sz300316,31.65998,31.65998,31.65998,31.65998,31.65998,14.32387,0,0.0,0.0,0.0,0.0,0.0
2015-03-10,晶盛机电,sz300316,31.65998,31.65998,31.65998,31.65998,31.65998,14.32387,0,0.0,0.0,0.0,0.0,0.0
2015-03-11,晶盛机电,sz300316,31.65998,31.65998,31.65998,31.65998,31.65998,14.32387,0,0.0,0.0,0.0,0.0,0.0
2015-03-12,晶盛机电,sz300316,31.65998,31.65998,31.65998,31.65998,31.65998,14.32387,0,0.0,0.0,0.0,0.0,0.0
2015-03-13,晶盛机电,sz300316,31.65998,31.65998,31.65998,31.65998,31.65998,14.32387,0,0.0,0.0,0.0,0.0,0.0
2015-03-16,晶盛机电,sz300316,31.65998,31.65998,31.65998,31.65998,31.65998,14.32387,0,0.0,0.0,0.0,0.0,0.0
2015-03-17,晶盛机电,sz300316,31.65998,31.65998,31.65998,31.65998,31.65998,14.32387,0,0.0,0.0,0.0,0.0,0.0
2015-03-18,晶盛机电,sz300316,31.65998,31.65998,31.65998,31.65998,31.65998,14.32387,0,0.0,0.0,0.0,0.0,0.0
2015-03-19,晶盛机电,sz300316,31.65998,31.65998,31.65998,31.65998,31.65998,14.32387,0,0.0,0.0,0.0,0.0,0.0
2015-03-20,晶盛机电,sz300316,31.65998,31.65998,31.65998,31.65998,31.65998,14.32387,0,0.0,0.0,0.0,0.0,0.0
2015-03-23,晶盛机电,sz300316,31.65998,31.65998,31.65998,31.65998,31.65998,14.32387,0,0.0,0.0,0.0,0.0,0.0
2015-03-24,晶盛机电,sz300316,31.65998,31.65998,31.65998,31.65998,31.65998,14.32387,0,0.0,0.0,0.0,0.0,0.0
2015-03-25,晶盛机电,sz300316,31.65998,31.65998,31.65998,31.65998,31.65998,14.32387,0,0.0,0.0,0.0,0.0,0.0
2015-03-26,晶盛机电,sz300316,31.65998,31.65998,31.65998,31.65998,31.65998,14.32387,0,0.0,0.0,0.0,0.0,0.0
2015-03-27,晶盛机电,sz300316,31.65998,31.65998,31.65998,31.65998,31.65998,14.32387,0,0.0,0.0,0.0,0.0,0.0
2015-03-30,晶盛机电,sz300316,31.65998,31.65998,31.65998,31.65998,31.65998,14.32387,0,0.0,0.0,0.0,0.0,0.0
2015-03-31,晶盛机电,sz300316,31.65998,31.65998,31.65998,31.65998,31.65998,14.32387,0,0.0,0.0,0.0,0.0,0.0
2015-04-01,晶盛机电,sz300316,31.65998,31.65998,31.65998,31.65998,31.65998,14.32387,0,0.0,0.0,0.0,0.0,0.0
2015-04-02,晶盛机电,sz300316,31.65998,31.65998,31.65998,31.65998,31.65998,14.32387,0,0.0,0.0,0.0,0.0,0.0
2015-04-03,晶盛机电,sz300316,31.65998,31.65998,31.65998,31.65998,31.65998,14.32387,0,0.0,0.0,0.0,0.0,0.0
2015-04-06,晶盛机电,sz300316,31.65998,31.65998,31.65998,31.65998,31.65998,14.32387,0,0.0,0.0,0.0,0.0,0.0
2015-04-07,晶盛机电,sz300316,31.65998,31.65998,31.65998,31.65998,31.65998,14.32387,0,0.0,0.0,0.0,0.0,0.0
2015-04-08,晶盛机电,sz300316,31.65998,31.65998,31.65998,31.65998,31.65998,14.32387,0,0.0,0.0,0.0,0.0,0.0
2015-04-09,晶盛机电,sz300316,31.65998,31.65998,31.65998,31.65998,31.65998,14.32387,0,0.0,0.0,0.0,0.0,0.0
2015-04-10,晶盛机电,sz300316,34.82996,34.82996,34.82996,34.82996,31.65998,15.75806,609,0.0,0.0,0.0,0.0,0.0
2015-04-13,晶盛机电,sz300316,38.30992,38.30992,38.30992,38.30992,34.82996,17.33249,1569,0.0,0.0,0.0,0.0,0.0
2015-04-14,晶盛机电,sz300316,42.14012,42.14012,42.14012,42.14012,38.30992,19.06538,1591,0.0,0.0,0.0,0.0,0.0
2015-04-15,晶盛机电,sz300316,46.00002,41.99998,46.00002,42.57,42.14012,19.25987,213877,0.0,0.0,0.0,0.0949,-0.0745
2015-04-16,晶盛机电,sz300316,43.82994,40.10996,41.99998,42.87998,42.57,19.40011,109834,0.0,0.0,0.0,0.0873,0.0209
2015-04-17,晶盛机电,sz300316,47.14996,42.61004,44.81994,42.96996,42.87998,19.44082,77850,0.0,0.0,0.0,0.1058,-0.0412
2015-04-20,晶盛机电,sz300316,43.1299,39.16,39.16,42.17994,42.96996,19.08339,64069,0.0,0.0,0.0,0.0923,0.0771
2015-04-21,晶盛机电,sz300316,20.25,18.6818,19.0909,20.0046,42.17994,9.05064,73589,0.0,0.0,0.0,0.0371,0.0478
2015-04-22,晶盛机电,sz300316,21.7727,20.0227,20.2727,21.4682,20.0046,9.71282,57342,0.0,0.0,0.0,0.0874,0.0589
2015-04-23,晶盛机电,sz300316,22.49,20.5,21.8,21.1,21.4682,21.1,85589,0.0,0.0,0.0,0.0926,-0.0321
2015-04-24,晶盛机电,sz300316,22.0,20.55,20.55,21.29,21.1,21.29,62447,0.0,0.0,0.0,0.0687,0.036
2015-04-27,晶盛机电,sz300316,23.18,21.51,21.51,22.59,21.29,22.59,90832,0.0,0.0,0.0,0.0784,0.0502
2015-04-28,晶盛机电,sz300316,22.99,20.95,22.8,21.3,22.59,21.3,76505,0.0,0.0,0.0,0.0903,-0.0657
2015-04-29,晶盛机电,sz300316,21.19,20.0,21.1,20.2,21.3,20.2,126799,0.0,0.0,0.0,0.0558,-0.0426
2015-04-30,晶盛机电,sz300316,20.2,18.68,19.95,19.0,20.2,19.0,152214,0.0,0.0,0.0,0.0752,-0.0476
2015-05-01,晶盛机电,sz300316,19.0,19.0,19.0,19.0,19.0,19.0,0,0.0,0.0,0.0,0.0,0.0
2015-05-04,晶盛机电,sz300316,19.09,18.18,19.09,18.69,19.0,18.69,123817,0.0,0.0,0.0,0.0478,-0.0209
2015-05-05,晶盛机电,sz300316,18.98,17.5,18.49,17.89,18.69,17.89,109938,0.0,0.0,0.0,0.0791,-0.0324
2015-05-06,晶盛机电,sz300316,18.4,17.71,18.11,17.83,17.89,17.83,91477,0.0,0.0,0.0,0.0385,-0.0154
2015-05-07,晶盛机电,sz300316,17.9,16.05,17.9,16.1,17.83,16.1,211994,0.0,0.0,0.0,0.1037,-0.1005
2015-05-08,晶盛机电,sz300316,17.06,16.11,16.3,16.91,16.1,16.91,227314,0.0,0.0,0.0,0.059,0.0374
2015-05-11,晶盛机电,sz300316,18.6,17.02,17.1,18.6,16.91,18.6,224954,0.0,0.0,0.0,0.0934,0.0877
2015-05-12,晶盛机电,sz300316,20.46,19.1,19.1,19.65,18.6,19.65,228042,0.0,0.0,0.0,0.0731,0.0287
2015-05-13,晶盛机电,sz300316,20.11,18.51,19.72,19.74,19.65,19.74,125264,0.0,0.0,0.0,0.0814,0.001
2015-05-14,晶盛机电,sz300316,21.71,19.32,19.6,21.71,19.74,21.71,203025,0.0,0.0,0.0,0.121,0.1076
2015-05-15,晶盛机电,sz300316,23.6,21.01,22.0,22.29,21.71,22.29,146864,0.0,0.0,0.0,0.1192,0.0131
2015-05-18,晶盛机电,sz300316,22.8,21.5,22.07,22.05,22.29,22.05,136032,0.0,0.0,0.0,0.0583,-9.0E-4
2015-05-19,晶盛机电,sz300316,22.77,21.69,21.7,22.39,22.05,22.39,91254,0.0,0.0,0.0,0.0489,0.0317
2015-05-20,晶盛机电,sz300316,23.57,22.1,22.1,22.69,22.39,22.69,118755,0.0,0.0,0.0,0.0656,0.0266
2015-05-21,晶盛机电,sz300316,24.42,22.6,22.7,24.32,22.69,24.32,116182,0.0,0.0,0.0,0.0802,0.0713
2015-05-22,晶盛机电,sz300316,26.45,24.61,25.61,24.69,24.32,24.69,145572,0.0,0.0,0.0,0.0756,-0.0359
2015-05-25,晶盛机电,sz300316,24.69,24.69,24.69,24.69,24.69,24.69,0,0.0,0.0,0.0,0.0,0.0
2015-05-26,晶盛机电,sz300316,25.88,23.98,25.85,25.21,24.69,25.21,149603,0.0,0.0,0.0,0.0769,-0.0247
2015-05-27,晶盛机电,sz300316,25.22,23.33,25.21,24.29,25.21,24.29,171058,0.0,0.0,0.0,0.0749,-0.0364
2015-05-28,晶盛机电,sz300316,24.39,21.86,24.29,21.86,24.29,21.86,171165,0.0,0.0,0.0,0.1041,-0.1
2015-05-29,晶盛机电,sz300316,22.64,20.1,21.6,21.77,21.86,21.77,126754,0.0,0.0,0.0,0.1161,0.0078
2015-06-01,晶盛机电,sz300316,22.9,21.67,21.77,22.55,21.77,22.55,122450,0.0,0.0,0.0,0.0564,0.0358
2015-06-02,晶盛机电,sz300316,23.43,22.0,22.55,22.85,22.55,22.85,152435,0.0,0.0,0.0,0.0634,0.0133
2015-06-03,晶盛机电,sz300316,23.55,22.31,22.95,22.99,22.85,22.99,191877,0.0,0.0,0.0,0.0542,0.0017
2015-06-04,晶盛机电,sz300316,23.4,20.69,23.11,21.9,22.99,21.9,140167,0.0,0.0,0.0,0.1178,-0.0523
2015-06-05,晶盛机电,sz300316,22.38,21.2,21.92,21.38,21.9,21.38,159448,0.0,0.0,0.0,0.0538,-0.0246
2015-06-08,晶盛机电,sz300316,21.38,19.88,21.37,20.5,21.38,20.5,136850,0.0,0.0,0.0,0.0701,-0.0407
2015-06-09,晶盛机电,sz300316,21.24,20.2,20.5,20.9,20.5,20.9,99181,0.0,0.0,0.0,0.0507,0.0195
2015-06-10,晶盛机电,sz300316,21.85,20.3,20.82,21.63,20.9,21.63,100675,0.0,0.0,0.0,0.0741,0.0389
2015-06-11,晶盛机电,sz300316,23.63,21.33,21.63,23.02,21.63,23.02,191126,0.0,0.0,0.0,0.1063,0.0642
2015-06-12,晶盛机电,sz300316,23.65,22.4,23.03,22.52,23.02,22.52,114926,0.0,0.0,0.0,0.0543,-0.0221
2015-06-15,晶盛机电,sz300316,22.97,21.76,22.51,22.68,22.52,22.68,122070,0.0,0.0,0.0,0.0537,0.0075
2015-06-16,晶盛机电,sz300316,22.55,21.0,22.55,21.26,22.68,21.26,100655,0.0,0.0,0.0,0.0683,-0.0572
2015-06-17,晶盛机电,sz300316,23.39,20.6,21.3,23.2,21.26,23.2,168712,0.0,0.0,0.0,0.1312,0.0892
2015-06-18,晶盛机电,sz300316,24.78,23.0,23.19,23.69,23.2,23.69,219850,0.0,0.0,0.0,0.0767,0.0215
2015-06-19,晶盛机电,sz300316,24.7,22.51,23.0,23.63,23.69,23.63,190849,0.0,0.0,0.0,0.0924,0.0273
2015-06-22,晶盛机电,sz300316,23.63,23.63,23.63,23.63,23.63,23.63,0,0.0,0.0,0.0,0.0,0.0
2015-06-23,晶盛机电,sz300316,25.99,22.9,23.2,25.9,23.63,25.9,297924,0.0,0.0,0.0,0.1307,0.1163
2015-06-24,晶盛机电,sz300316,25.9,25.9,25.9,25.9,25.9,25.9,0,0.0,0.0,0.0,0.0,0.0
2015-06-25,晶盛机电,sz300316,25.9,25.9,25.9,25.9,25.9,25.9,0,0.0,0.0,0.0,0.0,0.0
2015-06-26,晶盛机电,sz300316,25.9,25.9,25.9,25.9,25.9,25.9,0,0.0,0.0,0.0,0.0,0.0
2015-06-29,晶盛机电,sz300316,24.7,22.51,23.0,23.63,25.9,23.63,190849,0.0,0.0,0.0,0.0845,0.0273
2015-06-30,晶盛机电,sz300316,23.63,23.63,23.63,23.63,23.63,23.63,0,0.0,0.0,0.0,0.0,0.0
2015-07-01,晶盛机电,sz300316,23.63,23.63,23.63,23.63,23.63,23.63,0,0.0,0.0,0.0,0.0,0.0
2015-07-02,晶盛机电,sz300316,23.63,23.63,23.63,23.63,23.63,23.63,0,0.0,0.0,0.0,0.0,0.0
2015-07-03,晶盛机电,sz300316,23.63,23.63,23.63,23.63,23.63,23.63,0,0.0,0.0,0.0,0.0,0.0
2015-07-06,晶盛机电,sz300316,23.63,23.63,23.63,23.63,23.63,23.63,0,0.0,0.0,0.0,0.0,0.0
2015-07-07,晶盛机电,sz300316,23.63,23.63,23.63,23.63,23.63,23.63,0,0.0,0.0,0.0,0.0,0.0
2015-07-08,晶盛机电,sz300316,23.63,23.63,23.63,23.63,23.63,23.63,0,0.0,0.0,0.0,0.0,0.0
2015-07-09,晶盛机电,sz300316,23.63,23.63,23.63,23.63,23.63,23.63,0,0.0,0.0,0.0,0.0,0.0
2015-07-10,晶盛机电,sz300316,23.63,23.63,23.63,23.63,23.63,23.63,0,0.0,0.0,0.0,0.0,0.0
2015-07-13,晶盛机电,sz300316,23.63,23.63,23.63,23.63,23.63,23.63,0,0.0,0.0,0.0,0.0,0.0
2015-07-14,晶盛机电,sz300316,23.63,23.63,23.63,23.63,23.63,23.63,0,0.0,0.0,0.0,0.0,0.0
2015-07-15,晶盛机电,sz300316,23.63,23.63,23.63,23.63,23.63,23.63,0,0.0,0.0,0.0,0.0,0.0
2015-07-16,晶盛机电,sz300316,23.63,23.63,23.63,23.63,23.63,23.63,0,0.0,0.0,0.0,0.0,0.0
2015-07-17,晶盛机电,sz300316,23.63,23.63,23.63,23.63,23.63,23.63,0,0.0,0.0,0.0,0.0,0.0
2015-07-20,晶盛机电,sz300316,23.63,23.63,23.63,23.63,23.63,23.63,0,0.0,0.0,0.0,0.0,0.0
2015-07-21,晶盛机电,sz300316,23.63,23.63,23.63,23.63,23.63,23.63,0,0.0,0.0,0.0,0.0,0.0
2015-07-22,晶盛机电,sz300316,23.63,23.63,23.63,23.63,23.63,23.63,0,0.0,0.0,0.0,0.0,0.0
2015-07-23,晶盛机电,sz300316,23.63,23.63,23.63,23.63,23.63,23.63,0,0.0,0.0,0.0,0.0,0.0
2015-07-24,晶盛机电,sz300316,23.63,23.63,23.63,23.63,23.63,23.63,0,0.0,0.0,0.0,0.0,0.0
2015-07-27,晶盛机电,sz300316,23.63,23.63,23.63,23.63,23.63,23.63,0,0.0,0.0,0.0,0.0,0.0
2015-07-28,晶盛机电,sz300316,23.63,23.63,23.63,23.63,23.63,23.63,0,0.0,0.0,0.0,0.0,0.0
2015-07-29,晶盛机电,sz300316,23.63,23.63,23.63,23.63,23.63,23.63,0,0.0,0.0,0.0,0.0,0.0
2015-07-30,晶盛机电,sz300316,23.63,23.63,23.63,23.63,23.63,23.63,0,0.0,0.0,0.0,0.0,0.0
2015-07-31,晶盛机电,sz300316,23.63,23.63,23.63,23.63,23.63,23.63,0,0.0,0.0,0.0,0.0,0.0
2015-08-03,晶盛机电,sz300316,23.63,23.63,23.63,23.63,23.63,23.63,0,0.0,0.0,0.0,0.0,0.0
2015-08-04,晶盛机电,sz300316,23.63,23.63,23.63,23.63,23.63,23.63,0,0.0,0.0,0.0,0.0,0.0
2015-08-05,晶盛机电,sz300316,23.63,23.63,23.63,23.63,23.63,23.63,0,0.0,0.0,0.0,0.0,0.0
2015-08-06,晶盛机电,sz300316,23.63,23.63,23.63,23.63,23.63,23.63,0,0.0,0.0,0.0,0.0,0.0
2015-08-07,晶盛机电,sz300316,23.63,23.63,23.63,23.63,23.63,23.63,0,0.0,0.0,0.0,0.0,0.0
2015-08-10,晶盛机电,sz300316,23.63,23.63,23.63,23.63,23.63,23.63,0,0.0,0.0,0.0,0.0,0.0
2015-08-11,晶盛机电,sz300316,23.63,23.63,23.63,23.63,23.63,23.63,0,0.0,0.0,0.0,0.0,0.0
2015-08-12,晶盛机电,sz300316,23.63,23.63,23.63,23.63,23.63,23.63,0,0.0,0.0,0.0,0.0,0.0
2015-08-13,晶盛机电,sz300316,23.63,23.63,23.63,23.63,23.63,23.63,0,0.0,0.0,0.0,0.0,0.0
2015-08-14,晶盛机电,sz300316,23.63,23.63,23.63,23.63,23.63,23.63,0,0.0,0.0,0.0,0.0,0.0
2015-08-17,晶盛机电,sz300316,23.63,23.63,23.63,23.63,23.63,23.63,0,0.0,0.0,0.0,0.0,0.0
2015-08-18,晶盛机电,sz300316,23.63,23.63,23.63,23.63,23.63,23.63,0,0.0,0.0,0.0,0.0,0.0
2015-08-19,晶盛机电,sz300316,23.63,23.63,23.63,23.63,23.63,23.63,0,0.0,0.0,0.0,0.0,0.0
2015-08-20,晶盛机电,sz300316,23.63,23.63,23.63,23.63,23.63,23.63,0,0.0,0.0,0.0,0.0,0.0
2015-08-21,晶盛机电,sz300316,23.63,23.63,23.63,23.63,23.63,23.63,0,0.0,0.0,0.0,0.0,0.0
2015-08-24,晶盛机电,sz300316,23.63,23.63,23.63,23.63,23.63,23.63,0,0.0,0.0,0.0,0.0,0.0
2015-08-25,晶盛机电,sz300316,23.63,23.63,23.63,23.63,23.63,23.63,0,0.0,0.0,0.0,0.0,0.0
2015-08-26,晶盛机电,sz300316,23.63,23.63,23.63,23.63,23.63,23.63,0,0.0,0.0,0.0,0.0,0.0
2015-08-27,晶盛机电,sz300316,23.63,23.63,23.63,23.63,23.63,23.63,0,0.0,0.0,0.0,0.0,0.0
2015-08-28,晶盛机电,sz300316,23.63,23.63,23.63,23.63,23.63,23.63,0,0.0,0.0,0.0,0.0,0.0
2015-08-31,晶盛机电,sz300316,23.63,23.63,23.63,23.63,23.63,23.63,0,0.0,0.0,0.0,0.0,0.0
2015-09-01,晶盛机电,sz300316,23.63,23.63,23.63,23.63,23.63,23.63,0,0.0,0.0,0.0,0.0,0.0
2015-09-02,晶盛机电,sz300316,23.63,23.63,23.63,23.63,23.63,23.63,0,0.0,0.0,0.0,0.0,0.0
2015-09-03,晶盛机电,sz300316,23.63,23.63,23.63,23.63,23.63,23.63,0,0.0,0.0,0.0,0.0,0.0
2015-09-04,晶盛机电,sz300316,23.63,23.63,23.63,23.63,23.63,23.63,0,0.0,0.0,0.0,0.0,0.0
2015-09-07,晶盛机电,sz300316,23.63,23.63,23.63,23.63,23.63,23.63,0,0.0,0.0,0.0,0.0,0.0
2015-09-08,晶盛机电,sz300316,23.63,23.63,23.63,23.63,23.63,23.63,0,0.0,0.0,0.0,0.0,0.0
2015-09-09,晶盛机电,sz300316,23.63,23.63,23.63,23.63,23.63,23.63,0,0.0,0.0,0.0,0.0,0.0
2015-09-10,晶盛机电,sz300316,23.63,23.63,23.63,23.63,23.63,23.63,0,0.0,0.0,0.0,0.0,0.0
2015-09-11,晶盛机电,sz300316,23.63,23.63,23.63,23.63,23.63,23.63,0,0.0,0.0,0.0,0.0,0.0
2015-09-14,晶盛机电,sz300316,23.63,23.63,23.63,23.63,23.63,23.63,0,0.0,0.0,0.0,0.0,0.0
2015-09-15,晶盛机电,sz300316,23.63,23.63,23.63,23.63,23.63,23.63,0,0.0,0.0,0.0,0.0,0.0
2015-09-16,晶盛机电,sz300316,23.63,23.63,23.63,23.63,23.63,23.63,0,0.0,0.0,0.0,0.0,0.0
2015-09-17,晶盛机电,sz300316,23.63,23.63,23.63,23.63,23.63,23.63,0,0.0,0.0,0.0,0.0,0.0
2015-09-18,晶盛机电,sz300316,23.63,23.63,23.63,23.63,23.63,23.63,0,0.0,0.0,0.0,0.0,0.0
2015-09-21,晶盛机电,sz300316,23.63,23.63,23.63,23.63,23.63,23.63,0,0.0,0.0,0.0,0.0,0.0
2015-09-22,晶盛机电,sz300316,23.63,23.63,23.63,23.63,23.63,23.63,0,0.0,0.0,0.0,0.0,0.0
2015-09-23,晶盛机电,sz300316,23.63,23.63,23.63,23.63,23.63,23.63,0,0.0,0.0,0.0,0.0,0.0
2015-09-24,晶盛机电,sz300316,23.63,23.63,23.63,23.63,23.63,23.63,0,0.0,0.0,0.0,0.0,0.0
2015-09-25,晶盛机电,sz300316,23.63,23.63,23.63,23.63,23.63,23.63,0,0.0,0.0,0.0,0.0,0.0
2015-09-28,晶盛机电,sz300316,23.63,23.63,23.63,23.63,23.63,23.63,0,0.0,0.0,0.0,0.0,0.0
2015-09-29,晶盛机电,sz300316,23.63,23.63,23.63,23.63,23.63,23.63,0,0.0,0.0,0.0,0.0,0.0
2015-09-30,晶盛机电,sz300316,23.63,23.63,23.63,23.63,23.63,23.63,0,0.0,0.0,0.0,0.0,0.0
2015-10-01,晶盛机电,sz300316,23.63,23.63,23.63,23.63,23.63,23.63,0,0.0,0.0,0.0,0.0,0.0
2015-10-02,晶盛机电,sz300316,23.63,23.63,23.63,23.63,23.63,23.63,0,0.0,0.0,0.0,0.0,0.0
2015-10-05,晶盛机电,sz300316,23.63,23.63,23.63,23.63,23.63,23.63,0,0.0,0.0,0.0,0.0,0.0
2015-10-06,晶盛机电,sz300316,23.63,23.63,23.63,23.63,23.63,23.63,0,0.0,0.0,0.0,0.0,0.0
2015-10-07,晶盛机电,sz300316,23.63,23.63,23.63,23.63,23.63,23.63,0,0.0,0.0,0.0,0.0,0.0
2015-10-08,晶盛机电,sz300316,23.31,23.31,23.31,23.31,23.63,23.31,3741,0.0,0.0,0.0,0.0,0.0
2015-10-09,晶盛机电,sz300316,20.98,20.98,20.98,20.98,23.31,20.98,1114,0.0,0.0,0.0,0.0,0.0
2015-10-12,晶盛机电,sz300316,18.88,18.88,18.88,18.88,20.98,18.88,8707,0.0,0.0,0.0,0.0,0.0
2015-10-13,晶盛机电,sz300316,16.99,16.99,16.99,16.99,18.88,16.99,30301,0.0,0.0,0.0,0.0,0.0
2015-10-14,晶盛机电,sz300316,16.31,15.38,15.52,15.79,16.99,15.79,945287,0.0,0.0,0.0,0.0547,0.0173
2015-10-15,晶盛机电,sz300316,16.25,15.25,15.44,16.16,15.79,16.16,566365,0.0,0.0,0.0,0.0633,0.0466
2015-10-16,晶盛机电,sz300316,16.21,15.6,16.17,15.81,16.16,15.81,411199,0.0,0.0,0.0,0.0377,-0.0222
2015-10-19,晶盛机电,sz300316,16.1,15.6,15.76,16.07,15.81,16.07,334013,0.0,0.0,0.0,0.0316,0.0196
2015-10-20,晶盛机电,sz300316,16.76,16.08,16.18,16.39,16.07,16.39,349595,0.0,0.0,0.0,0.0423,0.0129
2015-10-21,晶盛机电,sz300316,16.35,14.75,16.28,14.75,16.39,14.75,401538,0.0,0.0,0.0,0.0976,-0.0939
2015-10-22,晶盛机电,sz300316,15.25,14.5,14.61,15.19,14.75,15.19,235057,0.0,0.0,0.0,0.0508,0.0396
2015-10-23,晶盛机电,sz300316,15.37,15.03,15.35,15.3,15.19,15.3,217963,0.0,0.0,0.0,0.0223,-0.0032
2015-10-26,晶盛机电,sz300316,15.68,15.16,15.68,15.46,15.3,15.46,180539,0.0,0.0,0.0,0.0339,-0.014
2015-10-27,晶盛机电,sz300316,15.4,14.6,15.2,15.28,15.46,15.28,174411,0.0,0.0,0.0,0.0517,0.0052
2015-10-28,晶盛机电,sz300316,16.04,15.15,15.29,15.64,15.28,15.64,256654,0.0,0.0,0.0,0.0582,0.0228
2015-10-29,晶盛机电,sz300316,16.0,15.3,15.8,15.43,15.64,15.43,190542,0.0,0.0,0.0,0.0447,-0.0234
2015-10-30,晶盛机电,sz300316,15.42,14.81,15.42,14.98,15.43,14.98,155234,0.0,0.0,0.0,0.0395,-0.0285
2015-11-02,晶盛机电,sz300316,15.2,14.5,14.67,14.86,14.98,14.86,111889,0.0,0.0,0.0,0.0467,0.0129
2015-11-03,晶盛机电,sz300316,15.05,14.46,14.86,14.54,14.86,14.54,114497,0.0,0.0,0.0,0.0397,-0.0215
2015-11-04,晶盛机电,sz300316,15.18,14.58,14.58,15.17,14.54,15.17,155071,0.0,0.0,0.0,0.0412,0.0404
2015-11-05,晶盛机电,sz300316,15.29,14.85,15.25,14.95,15.17,14.95,170585,0.0,0.0,0.0,0.029,-0.0196
2015-11-06,晶盛机电,sz300316,15.42,15.01,15.01,15.31,14.95,15.31,197385,0.0,0.0,0.0,0.0274,0.0199
2015-11-09,晶盛机电,sz300316,15.81,15.0,15.2,15.66,15.31,15.66,242813,0.0,0.0,0.0,0.0529,0.0302
2015-11-10,晶盛机电,sz300316,15.88,15.4,15.48,15.57,15.66,15.57,210974,0.0,0.0,0.0,0.0306,0.0058
2015-11-11,晶盛机电,sz300316,16.45,15.52,15.69,16.24,15.57,16.24,321605,0.0,0.0,0.0,0.0597,0.035
2015-11-12,晶盛机电,sz300316,16.35,15.76,16.3,15.94,16.24,15.94,245479,0.0,0.0,0.0,0.0363,-0.022
2015-11-13,晶盛机电,sz300316,15.87,15.08,15.87,15.38,15.94,15.38,191716,0.0,0.0,0.0,0.0495,-0.0308
2015-11-16,晶盛机电,sz300316,16.12,15.0,15.1,16.07,15.38,16.07,186620,0.0,0.0,0.0,0.0728,0.0642
2015-11-17,晶盛机电,sz300316,16.28,15.64,16.28,15.82,16.07,15.82,231933,0.0,0.0,0.0,0.0398,-0.0282
2015-11-18,晶盛机电,sz300316,16.11,15.65,15.9,15.87,15.82,15.87,165783,0.0,0.0,0.0,0.029,-0.0018
2015-11-19,晶盛机电,sz300316,16.68,15.88,15.91,16.66,15.87,16.66,301192,0.0,0.0,0.0,0.0504,0.0471
2015-11-20,晶盛机电,sz300316,17.8,16.7,16.7,17.38,16.66,17.38,376046,0.0,0.0,0.0,0.066,0.0407
2015-11-23,晶盛机电,sz300316,17.33,16.49,17.33,16.59,17.38,16.59,253859,0.0,0.0,0.0,0.0483,-0.0427
2015-11-24,晶盛机电,sz300316,18.15,17.06,17.54,17.3,16.59,17.3,373964,0.0,0.0,0.0,0.0657,-0.0136
2015-11-25,晶盛机电,sz300316,17.43,16.9,17.01,17.31,17.3,17.31,240092,0.0,0.0,0.0,0.0306,0.0176
2015-11-26,晶盛机电,sz300316,17.46,16.81,17.33,16.91,17.31,16.91,199522,0.0,0.0,0.0,0.0375,-0.0242
2015-11-27,晶盛机电,sz300316,16.89,15.22,16.75,15.38,16.91,15.38,268109,0.0,0.0,0.0,0.0987,-0.0817
2015-11-30,晶盛机电,sz300316,15.48,13.98,15.22,15.1,15.38,15.1,210880,0.0,0.0,0.0,0.0975,-0.0078
2015-12-01,晶盛机电,sz300316,15.17,14.74,15.0,14.83,15.1,14.83,122193,0.0,0.0,0.0,0.0284,-0.0113
2015-12-02,晶盛机电,sz300316,15.1,13.89,14.85,14.32,14.83,14.32,159160,0.0,0.0,0.0,0.0815,-0.0356
2015-12-03,晶盛机电,sz300316,14.83,14.33,14.39,14.77,14.32,14.77,136874,0.0,0.0,0.0,0.0349,0.0264
2015-12-04,晶盛机电,sz300316,15.15,14.74,14.8,14.88,14.77,14.88,152602,0.0,0.0,0.0,0.0277,0.0054
2015-12-07,晶盛机电,sz300316,15.47,15.07,15.07,15.34,14.88,15.34,155654,0.0,0.0,0.0,0.0268,0.0179
2015-12-08,晶盛机电,sz300316,15.3,14.7,15.3,14.72,15.34,14.72,131825,0.0,0.0,0.0,0.0391,-0.0379
2015-12-09,晶盛机电,sz300316,14.82,14.17,14.55,14.38,14.72,14.38,146695,0.0,0.0,0.0,0.0441,-0.0116
2015-12-10,晶盛机电,sz300316,14.6,14.31,14.54,14.49,14.38,14.49,96355,0.0,0.0,0.0,0.0201,-0.0034
2015-12-11,晶盛机电,sz300316,14.49,13.87,14.45,14.08,14.49,14.08,122820,0.0,0.0,0.0,0.0427,-0.0256
2015-12-14,晶盛机电,sz300316,14.44,13.84,13.98,14.38,14.08,14.38,112712,0.0,0.0,0.0,0.0426,0.0286
2015-12-15,晶盛机电,sz300316,14.89,14.15,14.43,14.77,14.38,14.77,134054,0.0,0.0,0.0,0.0514,0.0235
2015-12-16,晶盛机电,sz300316,14.97,14.61,14.86,14.67,14.77,14.67,107239,0.0,0.0,0.0,0.0243,-0.0127
2015-12-17,晶盛机电,sz300316,15.21,14.7,14.78,15.16,14.67,15.16,166311,0.0,0.0,0.0,0.0347,0.0257
2015-12-18,晶盛机电,sz300316,15.33,14.85,15.14,14.95,15.16,14.95,140023,0.0,0.0,0.0,0.0316,-0.0125
2015-12-21,晶盛机电,sz300316,15.12,14.83,14.9,14.98,14.95,14.98,114295,0.0,0.0,0.0,0.0193,0.0053
2015-12-22,晶盛机电,sz300316,15.16,14.85,15.0,15.07,14.98,15.07,104774,0.0,0.0,0.0,0.0206,0.0046
2015-12-23,晶盛机电,sz300316,15.35,14.81,15.25,14.83,15.07,14.83,131292,0.0,0.0,0.0,0.0358,-0.0275
2015-12-24,晶盛机电,sz300316,14.9,14.42,14.78,14.63,14.83,14.63,96300,0.0,0.0,0.0,0.0323,-0.0101
2015-12-25,晶盛机电,sz300316,14.75,14.5,14.63,14.58,14.63,14.58,95145,0.0,0.0,0.0,0.017,-0.0034
2015-12-28,晶盛机电,sz300316,14.98,14.56,14.65,14.62,14.58,14.62,147335,0.0,0.0,0.0,0.0288,-0.002
2015-12-29,晶盛机电,sz300316,15.25,14.51,14.7,15.24,14.62,15.24,165620,0.0,0.0,0.0,0.0506,0.0367
2015-12-30,晶盛机电,sz300316,15.33,14.88,15.28,15.02,15.24,15.02,130070,0.0,0.0,0.0,0.0295,-0.017
2015-12-31,晶盛机电,sz300316,15.18,14.65,14.97,14.65,15.02,14.65,99711,0.0,0.0,0.0,0.0352,-0.0213
2016-01-01,晶盛机电,sz300316,15.18,14.65,14.97,14.65,14.65,14.65,99711,0.0,0.0,0.0,0.0361,-0.0213
2016-01-04,晶盛机电,sz300316,14.84,13.19,14.63,13.31,14.65,13.31,105264,0.0,0.0,0.0,0.1126,-0.0902
2016-01-05,晶盛机电,sz300316,13.42,12.16,12.37,12.65,13.31,12.65,153197,0.0,0.0,0.0,0.0946,0.0226
2016-01-06,晶盛机电,sz300316,13.3,12.75,12.89,13.1,12.65,13.1,101401,0.0,0.0,0.0,0.0434,0.0162
2016-01-07,晶盛机电,sz300316,12.82,11.83,12.11,11.93,13.1,11.93,33861,0.0,0.0,0.0,0.0755,-0.0148
2016-01-08,晶盛机电,sz300316,12.44,11.01,12.26,11.81,11.93,11.81,122595,0.0,0.0,0.0,0.1198,-0.0367
2016-01-11,晶盛机电,sz300316,11.65,10.63,11.43,10.63,11.81,10.63,128723,0.0,0.0,0.0,0.0863,-0.0699
2016-01-12,晶盛机电,sz300316,10.73,9.9,10.38,10.33,10.63,10.33,152012,0.0,0.0,0.0,0.078,-0.0048
2016-01-13,晶盛机电,sz300316,10.57,9.67,10.5,9.7,10.33,9.7,123978,0.0,0.0,0.0,0.0871,-0.0761
2016-01-14,晶盛机电,sz300316,10.12,9.15,9.36,10.05,9.7,10.05,155945,0.0,0.0,0.0,0.0999,0.0737
2016-01-15,晶盛机电,sz300316,10.0,9.2,9.94,9.35,10.05,9.35,163072,0.0,0.0,0.0,0.0796,-0.0593
2016-01-18,晶盛机电,sz300316,9.79,9.12,9.25,9.56,9.35,9.56,165387,0.0,0.0,0.0,0.0716,0.0335
2016-01-19,晶盛机电,sz300316,10.08,9.43,9.54,10.05,9.56,10.05,174993,0.0,0.0,0.0,0.0679,0.0534
2016-01-20,晶盛机电,sz300316,10.19,9.81,9.9,9.86,10.05,9.86,202939,0.0,0.0,0.0,0.0378,-0.004
2016-01-21,晶盛机电,sz300316,10.49,9.6,9.66,9.8,9.86,9.8,260755,0.0,0.0,0.0,0.0902,0.0144
2016-01-22,晶盛机电,sz300316,10.08,9.5,9.99,9.81,9.8,9.81,168960,0.0,0.0,0.0,0.0591,-0.018
2016-01-25,晶盛机电,sz300316,10.05,9.64,9.99,9.76,9.81,9.76,145681,0.0,0.0,0.0,0.0417,-0.023
2016-01-26,晶盛机电,sz300316,10.15,9.12,9.84,9.14,9.76,9.14,247004,0.0,0.0,0.0,0.1055,-0.0711
2016-01-27,晶盛机电,sz300316,9.31,8.24,9.16,8.82,9.14,8.82,187254,0.0,0.0,0.0,0.117,-0.0371
2016-01-28,晶盛机电,sz300316,8.76,8.11,8.57,8.19,8.82,8.19,123171,0.0,0.0,0.0,0.0736,-0.0443
2016-01-29,晶盛机电,sz300316,8.64,8.13,8.16,8.45,8.19,8.45,166016,0.0,0.0,0.0,0.0622,0.0355
2016-02-01,晶盛机电,sz300316,8.5,8.13,8.36,8.37,8.45,8.37,161089,0.0,0.0,0.0,0.0437,0.0011
2016-02-02,晶盛机电,sz300316,9.21,8.44,8.57,9.21,8.37,9.21,205476,0.0,0.0,0.0,0.0919,0.0746
2016-02-03,晶盛机电,sz300316,9.47,8.91,9.25,9.26,9.21,9.26,353112,0.0,0.0,0.0,0.0608,0.001
2016-02-04,晶盛机电,sz300316,9.5,9.08,9.24,9.35,9.26,9.35,305233,0.0,0.0,0.0,0.0453,0.0119
2016-02-05,晶盛机电,sz300316,9.57,9.12,9.24,9.14,9.35,9.14,194011,0.0,0.0,0.0,0.0481,-0.0108
2016-02-08,晶盛机电,sz300316,9.57,9.12,9.24,9.14,9.14,9.14,194011,0.0,0.0,0.0,0.0492,-0.0108
2016-02-09,晶盛机电,sz300316,9.57,9.12,9.24,9.14,9.14,9.14,194011,0.0,0.0,0.0,0.0492,-0.0108
2016-02-10,晶盛机电,sz300316,9.57,9.12,9.24,9.14,9.14,9.14,194011,0.0,0.0,0.0,0.0492,-0.0108
2016-02-11,晶盛机电,sz300316,9.57,9.12,9.24,9.14,9.14,9.14,194011,0.0,0.0,0.0,0.0492,-0.0108
2016-02-12,晶盛机电,sz300316,9.57,9.12,9.24,9.14,9.14,9.14,194011,0.0,0.0,0.0,0.0492,-0.0108
2016-02-15,晶盛机电,sz300316,9.08,8.52,8.69,8.97,9.14,8.97,127081,0.0,0.0,0.0,0.0612,0.0322
2016-02-16,晶盛机电,sz300316,9.66,9.0,9.0,9.55,8.97,9.55,232466,0.0,0.0,0.0,0.0735,0.0611
2016-02-17,晶盛机电,sz300316,9.72,9.28,9.48,9.65,9.55,9.65,239292,0.0,0.0,0.0,0.046,0.0179
2016-02-18,晶盛机电,sz300316,9.94,9.44,9.7,9.47,9.65,9.47,256258,0.0,0.0,0.0,0.0518,-0.0237
2016-02-19,晶盛机电,sz300316,9.75,9.36,9.39,9.61,9.47,9.61,210297,0.0,0.0,0.0,0.0411,0.0234
2016-02-22,晶盛机电,sz300316,9.97,9.63,9.76,9.97,9.61,9.97,261704,0.0,0.0,0.0,0.0353,0.0215
2016-02-23,晶盛机电,sz300316,9.95,9.53,9.94,9.73,9.97,9.73,195305,0.0,0.0,0.0,0.0421,-0.0211
2016-02-24,晶盛机电,sz300316,9.85,9.42,9.66,9.83,9.73,9.83,192946,0.0,0.0,0.0,0.0441,0.0175
2016-02-25,晶盛机电,sz300316,9.8,8.85,9.79,8.85,9.83,8.85,234601,0.0,0.0,0.0,0.0966,-0.096
2016-02-26,晶盛机电,sz300316,8.95,8.33,8.91,8.56,8.85,8.56,183129,0.0,0.0,0.0,0.07,-0.0392
2016-02-29,晶盛机电,sz300316,8.59,7.7,8.5,7.72,8.56,7.72,170611,0.0,0.0,0.0,0.1039,-0.0917
2016-03-01,晶盛机电,sz300316,8.07,7.58,7.79,7.97,7.72,7.97,142126,0.0,0.0,0.0,0.0634,0.0231
2016-03-02,晶盛机电,sz300316,8.57,7.9,7.9,8.44,7.97,8.44,176232,0.0,0.0,0.0,0.084,0.0683
2016-03-03,晶盛机电,sz300316,8.97,8.35,8.4,8.44,8.44,8.44,188038,0.0,0.0,0.0,0.0734,0.0047
2016-03-04,晶盛机电,sz300316,8.48,7.8,8.39,7.95,8.44,7.95,150430,0.0,0.0,0.0,0.0805,-0.0524
2016-03-07,晶盛机电,sz300316,8.37,8.02,8.02,8.21,7.95,8.21,122356,0.0,0.0,0.0,0.044,0.0236
2016-03-08,晶盛机电,sz300316,8.4,7.76,8.2,8.38,8.21,8.38,159306,0.0,0.0,0.0,0.0779,0.0219
2016-03-09,晶盛机电,sz300316,8.33,8.06,8.12,8.12,8.38,8.12,110316,0.0,0.0,0.0,0.0322,0.0
2016-03-10,晶盛机电,sz300316,8.53,8.07,8.28,8.11,8.12,8.11,145654,0.0,0.0,0.0,0.0566,-0.0205
2016-03-11,晶盛机电,sz300316,8.15,7.81,7.9,8.02,8.11,8.02,94923,0.0,0.0,0.0,0.0419,0.0151
2016-03-14,晶盛机电,sz300316,8.59,8.09,8.09,8.41,8.02,8.41,182216,0.0,0.0,0.0,0.0623,0.0395
2016-03-15,晶盛机电,sz300316,8.45,8.23,8.36,8.31,8.41,8.31,114644,0.0,0.0,0.0,0.0261,-0.0059
2016-03-16,晶盛机电,sz300316,8.5,8.1,8.42,8.37,8.31,8.37,145485,0.0,0.0,0.0,0.0481,-0.0059
2016-03-17,晶盛机电,sz300316,9.21,8.38,8.44,9.21,8.37,9.21,363845,0.0,0.0,0.0,0.0991,0.0912
2016-03-18,晶盛机电,sz300316,9.97,9.25,9.6,9.69,9.21,9.69,750773,0.0,0.0,0.0,0.0781,0.0093
2016-03-21,晶盛机电,sz300316,10.18,9.5,9.62,10.09,9.69,10.09,592227,0.0,0.0,0.0,0.0701,0.0488
2016-03-22,晶盛机电,sz300316,10.05,9.73,9.9,9.82,10.09,9.82,358379,0.0,0.0,0.0,0.0317,-0.008
2016-03-23,晶盛机电,sz300316,10.08,9.71,9.74,10.03,9.82,10.03,301865,0.0,0.0,0.0,0.0376,0.0297
2016-03-24,晶盛机电,sz300316,9.94,9.69,9.9,9.69,10.03,9.69,302125,0.0,0.0,0.0,0.0249,-0.0212
2016-03-25,晶盛机电,sz300316,10.1,9.6,9.7,10.07,9.69,10.07,321349,0.0,0.0,0.0,0.0515,0.0381
