2016-03-25
2014-01-28,赢时胜,sz300377,34.19,34.19,34.19,34.19,31.08,34.18999,603058,0.043542,0.0,0.0,0.0,0.0
2014-01-29,赢时胜,sz300377,37.61,36.71,37.61,36.95,34.19,36.949978,4461813,0.322153,0.0,0.0,0.0263,-0.0175
2014-01-30,赢时胜,sz300377,37.47,33.45,35.6,37.26,36.95,37.259987,6745372,0.48703,0.0,0.0,0.1087,0.0466
2014-02-07,赢时胜,sz300377,38.79,35.6,36.4,38.3,37.26,38.299988,4876502,0.352094,0.0,0.0,0.0856,0.0521
2014-02-10,赢时胜,sz300377,42.13,37.8,37.81,41.56,38.3,41.559967,6692121,0.483186,0.0,0.0,0.113,0.0991
2014-02-11,赢时胜,sz300377,42.5,39.4,40.78,41.14,41.56,41.13996,5402514,0.390073,0.0,0.0,0.0745,0.0088
2014-02-12,赢时胜,sz300377,45.0,40.8,40.82,44.18,41.14,44.17996,5156871,0.372337,0.0,0.0,0.102,0.0823
2014-02-13,赢时胜,sz300377,43.78,40.38,43.3,40.8,44.18,40.799973,3966311,0.286376,0.0,0.0,0.0769,-0.0577
2014-02-14,赢时胜,sz300377,43.85,40.56,40.56,43.23,40.8,43.229977,3227042,0.232999,0.0,0.0,0.0806,0.0658
2014-02-17,赢时胜,sz300377,45.2,42.51,44.38,44.59,43.23,44.589993,4115384,0.29714,0.0,0.0,0.0622,0.0047
2014-02-18,赢时胜,sz300377,45.55,43.3,44.39,43.6,44.59,43.600002,3679800,0.26569,0.0,0.0,0.0504,-0.0177
2014-02-19,赢时胜,sz300377,44.38,41.36,43.67,42.08,43.6,42.08002,2438421,0.176059,0.0,0.0,0.0692,-0.0364
2014-02-20,赢时胜,sz300377,43.63,40.5,41.87,41.7,42.08,41.70004,2435039,0.175815,0.0,0.0,0.0743,-0.004
2014-02-21,赢时胜,sz300377,42.49,41.0,41.4,42.45,41.7,42.450054,1583449,0.114328,0.0,0.0,0.0357,0.0253
2014-02-24,赢时胜,sz300377,43.43,42.18,42.6,43.25,42.45,43.25007,1633766,0.117961,0.0,0.0,0.0294,0.0152
2014-02-25,赢时胜,sz300377,47.58,42.83,43.31,44.82,43.25,44.82009,6649634,0.480118,0.0,0.0,0.1098,0.0348
2014-02-26,赢时胜,sz300377,44.34,40.34,44.0,42.68,44.82,42.680065,4364222,0.315106,0.0,0.0,0.0892,-0.03
2014-02-27,赢时胜,sz300377,42.78,38.41,42.46,38.41,42.68,38.410053,3706442,0.267613,0.0,0.0,0.1023,-0.0953
2014-02-28,赢时胜,sz300377,39.99,37.61,38.3,39.64,38.41,39.640057,2644044,0.190906,0.0,0.0,0.0619,0.0349
2014-03-03,赢时胜,sz300377,43.6,39.16,39.4,43.27,39.64,43.270058,3715874,0.268294,0.0,0.0,0.112,0.0982
2014-03-04,赢时胜,sz300377,44.56,40.8,42.01,42.26,43.27,42.260048,3427611,0.247481,0.0,0.0,0.0868,0.0059
2014-03-05,赢时胜,sz300377,43.69,41.0,41.4,42.35,42.26,42.35006,2578132,0.186147,0.0,0.0,0.0636,0.0229
2014-03-06,赢时胜,sz300377,46.59,40.4,41.98,46.59,42.35,46.590065,4796759,0.346336,0.0,0.0,0.1461,0.1098
2014-03-07,赢时胜,sz300377,48.89,44.1,47.81,44.5,46.59,44.50008,4914959,0.354871,0.0,0.0,0.1028,-0.0692
2014-03-10,赢时胜,sz300377,43.36,41.38,43.0,41.65,44.5,41.650074,2481173,0.179146,0.0,0.0,0.0444,-0.0313
2014-03-11,赢时胜,sz300377,45.73,41.43,41.86,44.96,41.65,44.960087,3537948,0.255448,0.0,0.0,0.1032,0.074
2014-03-12,赢时胜,sz300377,49.46,43.05,45.01,49.46,44.96,49.4601,5422252,0.391498,0.0,0.0,0.1425,0.0988
2014-03-13,赢时胜,sz300377,50.13,46.83,47.86,47.24,49.46,47.24008,3911787,0.282439,0.0,0.0,0.0667,-0.0129
2014-03-14,赢时胜,sz300377,49.99,45.68,46.45,47.74,47.24,47.74007,4083776,0.294857,0.0,0.0,0.0912,0.0277
2014-03-17,赢时胜,sz300377,47.12,45.31,46.31,46.9,47.74,46.90008,2722610,0.196578,0.0,0.0,0.0379,0.0127
2014-03-18,赢时胜,sz300377,50.4,46.01,46.6,48.23,46.9,48.230076,3553250,0.256552,0.0,0.0,0.0936,0.0349
2014-03-19,赢时胜,sz300377,48.52,46.0,47.02,48.08,48.23,48.080082,2590175,0.187016,0.0,0.0,0.0522,0.0225
2014-03-20,赢时胜,sz300377,48.3,44.44,47.53,44.61,48.08,44.610092,2755294,0.198938,0.0,0.0,0.0802,-0.0614
2014-03-21,赢时胜,sz300377,45.98,43.01,43.48,44.63,44.61,44.630077,1683969,0.121586,0.0,0.0,0.0665,0.0264
2014-03-24,赢时胜,sz300377,44.78,41.06,44.07,41.14,44.63,41.14005,2049201,0.147957,0.0,0.0,0.0833,-0.0664
2014-03-25,赢时胜,sz300377,42.4,40.71,40.71,42.0,41.14,42.000042,943570,0.068128,0.0,0.0,0.041,0.0316
2014-03-26,赢时胜,sz300377,42.42,40.83,41.8,41.1,42.0,41.10002,997838,0.072046,0.0,0.0,0.0378,-0.0167
2014-03-27,赢时胜,sz300377,41.38,38.5,40.81,38.56,41.1,38.560043,1293669,0.093406,0.0,0.0,0.07,-0.0551
2014-03-28,赢时胜,sz300377,40.3,37.5,38.1,38.9,38.56,38.900024,1376789,0.099407,0.0,0.0,0.0726,0.0209
2014-03-31,赢时胜,sz300377,38.9,36.86,37.95,37.86,38.9,37.860035,1236787,0.089299,0.0,0.0,0.0524,-0.0023
2014-04-01,赢时胜,sz300377,39.3,37.52,37.52,38.99,37.86,38.990044,894153,0.06456,0.0,0.0,0.047,0.0391
2014-04-02,赢时胜,sz300377,39.58,37.02,39.19,38.67,38.99,38.67005,1115923,0.080572,0.0,0.0,0.0656,-0.0132
2014-04-03,赢时胜,sz300377,39.48,37.78,38.35,38.89,38.67,38.890045,1056797,0.076303,0.0,0.0,0.0439,0.014
2014-04-04,赢时胜,sz300377,42.2,38.89,39.37,40.91,38.89,40.910034,1756690,0.126837,0.0,0.0,0.0851,0.0391
2014-04-08,赢时胜,sz300377,41.7,40.2,40.5,41.38,40.91,41.380047,1558638,0.112537,0.0,0.0,0.0366,0.0217
2014-04-09,赢时胜,sz300377,41.3,39.7,40.5,40.9,41.38,40.90004,1999758,0.144387,0.0,0.0,0.0386,0.0098
2014-04-10,赢时胜,sz300377,41.53,39.72,40.61,39.86,40.9,39.86003,1617835,0.116811,0.0,0.0,0.0442,-0.0184
2014-04-11,赢时胜,sz300377,39.23,37.64,38.88,38.17,39.86,38.170048,1708020,0.123323,0.0,0.0,0.0398,-0.0182
2014-04-14,赢时胜,sz300377,38.32,37.01,37.99,37.53,38.17,37.53005,920410,0.066456,0.0,0.0,0.0343,-0.0121
2014-04-15,赢时胜,sz300377,38.0,37.43,37.53,37.6,37.53,37.600044,659226,0.047598,0.0,0.0,0.0151,0.0018
2014-04-16,赢时胜,sz300377,37.54,36.33,37.33,36.5,37.6,36.500053,811555,0.058596,0.0,0.0,0.0321,-0.0222
2014-04-17,赢时胜,sz300377,37.45,36.31,36.55,36.86,36.5,36.860054,727863,0.052553,0.0,0.0,0.0312,0.0084
2014-04-18,赢时胜,sz300377,37.55,36.65,36.87,37.25,36.86,37.250072,557301,0.040238,0.0,0.0,0.0244,0.0103
2014-04-21,赢时胜,sz300377,38.25,36.65,36.65,37.45,37.25,37.450066,1005878,0.072627,0.0,0.0,0.0429,0.0218
2014-04-22,赢时胜,sz300377,38.44,36.5,37.38,36.84,37.45,36.84008,801900,0.057899,0.0,0.0,0.0518,-0.0144
2014-04-23,赢时胜,sz300377,37.33,36.15,36.15,36.45,36.84,36.450092,489332,0.035331,0.0,0.0,0.032,0.0082
2014-04-24,赢时胜,sz300377,36.7,35.02,36.46,35.23,36.45,35.23007,650812,0.04699,0.0,0.0,0.046,-0.0337
2014-04-25,赢时胜,sz300377,34.9,32.2,34.21,32.36,35.23,32.36005,1255104,0.090621,36.082645,7.328612,0.0766,-0.054
2014-04-28,赢时胜,sz300377,32.37,31.3,32.37,31.53,32.36,31.530048,781996,0.056462,35.15716,7.140641,0.033,-0.0259
2014-04-29,赢时胜,sz300377,32.23,31.5,31.52,32.23,31.53,32.23005,409859,0.029593,35.937687,7.29917,0.0231,0.0225
2014-04-30,赢时胜,sz300377,32.46,31.87,32.31,32.18,32.23,32.180058,391569,0.028272,35.881947,7.287849,0.0183,-0.004
2014-05-05,赢时胜,sz300377,32.89,32.0,32.2,32.89,32.18,32.89005,512098,0.036975,36.67361,7.448641,0.0276,0.0214
2014-05-06,赢时胜,sz300377,35.01,32.46,32.8,34.54,32.89,34.540043,1097921,0.079272,38.513416,7.822317,0.0775,0.053
2014-05-07,赢时胜,sz300377,35.01,33.58,34.24,34.53,34.54,34.530025,1127700,0.081422,38.502247,7.820048,0.0414,0.0084
2014-05-08,赢时胜,sz300377,34.32,33.43,34.11,33.55,34.53,33.55003,649408,0.046889,37.409515,7.598107,0.0257,-0.0164
2014-05-09,赢时胜,sz300377,33.82,32.3,33.31,32.34,33.55,32.340015,430603,0.03109,36.060303,7.324074,0.0453,-0.0291
2014-05-12,赢时胜,sz300377,33.44,32.58,33.02,33.36,32.34,33.36002,390435,0.02819,37.197643,7.555075,0.0265,0.0102
2014-05-13,赢时胜,sz300377,34.35,33.08,33.36,33.63,33.36,33.630035,383120,0.027662,37.498722,7.616226,0.038,0.008
2014-05-14,赢时胜,sz300377,34.28,33.35,33.55,34.1,33.63,34.100048,489792,0.035364,38.022804,7.722671,0.0276,0.0163
2014-05-15,赢时胜,sz300377,34.98,33.82,33.82,33.95,34.1,33.950043,782228,0.056479,37.85554,7.688699,0.034,0.0038
2014-05-16,赢时胜,sz300377,34.07,32.4,34.01,32.99,33.95,32.990036,586189,0.042324,36.785103,7.471285,0.0491,-0.0299
2014-05-19,赢时胜,sz300377,33.1,32.32,32.7,32.9,32.99,32.90004,262868,0.01898,36.684753,7.450904,0.0236,0.0061
2014-05-20,赢时胜,sz300377,36.19,34.12,34.12,36.19,32.9,36.190044,3273430,0.236349,40.353226,8.195994,0.0629,0.0606
2014-05-21,赢时胜,sz300377,37.18,35.06,35.79,37.0,36.19,37.00005,2716111,0.196109,41.256413,8.379437,0.0585,0.0338
2014-05-22,赢时胜,sz300377,36.72,35.5,36.72,35.73,37.0,35.73006,1646148,0.118855,39.84033,8.091821,0.0329,-0.0269
2014-05-23,赢时胜,sz300377,37.91,35.5,35.6,37.48,35.73,37.480045,1995388,0.144071,41.79163,8.488142,0.0674,0.0528
2014-05-26,赢时胜,sz300377,37.9,37.04,37.39,37.64,37.48,37.64005,1352713,0.097669,41.970036,8.524378,0.0229,0.0066
2014-05-27,赢时胜,sz300377,37.97,37.0,37.2,37.51,37.64,37.51004,828144,0.059794,41.825073,8.494935,0.0257,0.0083
2014-05-28,赢时胜,sz300377,39.5,37.2,37.51,38.64,37.51,38.64003,1412479,0.101984,43.085052,8.750845,0.0613,0.0301
2014-05-29,赢时胜,sz300377,38.9,37.99,38.1,38.18,38.64,38.18002,1161231,0.083843,42.572124,8.646666,0.0235,0.002
2014-05-30,赢时胜,sz300377,38.4,37.5,38.15,37.82,38.18,37.82002,922577,0.066612,42.17071,8.565136,0.0235,-0.0086
2014-06-03,赢时胜,sz300377,37.79,37.22,37.7,37.73,37.82,37.730007,624018,0.045055,42.070347,8.544751,0.015,7.0E-4
2014-06-04,赢时胜,sz300377,41.5,37.48,37.75,38.24,37.73,38.240005,4125724,0.297886,42.63901,8.660251,0.1065,0.0129
2014-06-05,赢时胜,sz300377,37.41,36.52,37.0,37.39,38.24,37.390007,2729423,0.19707,41.69123,8.467751,0.0232,0.0105
2014-06-06,赢时胜,sz300377,38.28,37.01,37.11,37.7,37.39,37.70001,1743574,0.12589,42.036892,8.537957,0.0339,0.0158
2014-06-09,赢时胜,sz300377,37.69,36.37,37.51,36.39,37.7,36.390007,950911,0.068658,40.576195,8.24128,0.035,-0.0298
2014-06-10,赢时胜,sz300377,37.48,35.9,36.35,37.35,36.39,37.35001,1209716,0.087344,41.646633,8.458693,0.0434,0.0275
2014-06-11,赢时胜,sz300377,37.39,36.68,37.27,37.07,37.35,37.07,781620,0.056435,41.33441,8.395278,0.019,-0.0053
2014-06-12,赢时胜,sz300377,38.15,37.02,37.2,37.56,37.07,37.55999,1224982,0.088446,41.880768,8.506247,0.0304,0.0096
2014-06-13,赢时胜,sz300377,38.49,37.2,37.6,38.11,37.56,38.10998,1302800,0.094065,42.49403,8.630804,0.0343,0.0135
2014-06-16,赢时胜,sz300377,39.46,37.84,38.11,39.08,38.11,39.079994,1615481,0.116641,43.57563,8.850484,0.0425,0.0254
2014-06-17,赢时胜,sz300377,39.19,38.25,39.0,38.47,39.08,38.469994,952603,0.06878,42.89546,8.712337,0.024,-0.0135
2014-06-18,赢时胜,sz300377,38.86,37.03,38.25,37.08,38.47,37.279964,921781,0.066555,41.568527,8.442829,0.0475,-0.0305
2014-06-19,赢时胜,sz300377,37.33,33.72,37.1,34.4,37.08,34.585518,1528396,0.110354,38.56412,7.832615,0.0973,-0.0727
2014-06-20,赢时胜,sz300377,36.29,34.2,34.21,35.86,34.4,36.053394,913778,0.065977,40.20086,8.165047,0.0607,0.0482
2014-06-23,赢时胜,sz300377,38.59,35.68,35.9,37.8,35.86,38.00385,1835365,0.132517,42.375687,8.606768,0.0811,0.0529
2014-06-24,赢时胜,sz300377,38.5,37.6,37.77,38.21,37.8,38.416077,1292021,0.093287,42.835335,8.700126,0.0238,0.0116
2014-06-25,赢时胜,sz300377,40.05,37.98,38.04,39.14,38.21,39.351086,1926279,0.139082,43.877907,8.911878,0.0541,0.0289
2014-06-26,赢时胜,sz300377,42.99,39.44,39.45,42.2,39.14,42.427593,3461501,0.249928,47.308323,9.608618,0.0907,0.0697
2014-06-27,赢时胜,sz300377,43.31,41.74,42.42,41.78,42.2,42.00531,2685906,0.193928,46.837463,9.512983,0.0372,-0.015
2014-06-30,赢时胜,sz300377,45.28,41.3,41.67,42.42,41.78,42.648746,2846435,0.205519,47.55492,9.658703,0.0952,0.0179
2014-07-01,赢时胜,sz300377,43.75,41.81,42.5,43.5,42.42,43.734585,2063828,0.149013,48.765667,9.904614,0.0457,0.0235
2014-07-02,赢时胜,sz300377,43.79,40.9,43.0,42.75,43.5,42.980556,2616731,0.188934,47.9249,9.733848,0.0664,-0.0058
2014-07-03,赢时胜,sz300377,42.83,41.39,42.16,41.52,42.75,41.74392,1390451,0.100394,46.546005,9.453786,0.0336,-0.0151
2014-07-04,赢时胜,sz300377,45.67,45.67,45.67,45.67,41.52,45.91631,724759,0.052329,51.19837,10.398711,0.0,0.0
2014-07-07,赢时胜,sz300377,49.37,46.43,48.0,47.68,45.67,47.93713,4688517,0.338521,53.45166,10.856368,0.0643,-0.0066
2014-07-08,赢时胜,sz300377,49.22,46.5,47.69,47.89,47.68,48.148247,3115854,0.224971,53.68706,10.90418,0.057,0.0041
2014-07-09,赢时胜,sz300377,48.4,45.53,47.89,45.54,47.89,45.785564,2560173,0.18485,51.052586,10.369101,0.0599,-0.049
2014-07-10,赢时胜,sz300377,47.3,45.4,45.58,45.98,45.54,46.227943,1953844,0.141072,51.545856,10.469287,0.0417,0.0087
2014-07-11,赢时胜,sz300377,46.61,45.2,45.4,45.69,45.98,45.936382,1136338,0.082046,51.220757,10.403257,0.0306,0.0063
2014-07-14,赢时胜,sz300377,46.25,45.35,45.78,46.23,45.69,46.479305,815809,0.058903,51.826134,10.526213,0.0196,0.0098
2014-07-15,赢时胜,sz300377,46.18,43.5,46.18,43.88,46.23,44.116623,1426227,0.102977,49.191654,9.991134,0.0579,-0.0498
2014-07-16,赢时胜,sz300377,44.24,42.51,43.78,43.15,43.88,43.382698,878206,0.063408,48.373302,9.824922,0.0394,-0.0143
2014-07-17,赢时胜,sz300377,43.88,42.7,43.07,43.49,43.15,43.72451,648093,0.046794,48.754436,9.902332,0.0273,0.0097
2014-07-18,赢时胜,sz300377,43.53,42.61,43.4,42.66,43.49,42.89003,505906,0.036528,47.82396,9.713346,0.0211,-0.017
2014-07-21,赢时胜,sz300377,43.25,41.8,42.42,42.9,42.66,43.13133,631525,0.045597,48.093018,9.767994,0.0339,0.0113
2014-07-22,赢时胜,sz300377,43.88,42.71,42.71,43.53,42.9,43.764713,524954,0.037903,48.799263,9.911437,0.0272,0.0191
2014-07-23,赢时胜,sz300377,43.8,41.2,43.8,41.9,43.53,42.125942,792191,0.057198,46.971973,9.540303,0.0597,-0.0433
2014-07-24,赢时胜,sz300377,43.15,41.5,41.73,42.33,41.9,42.55828,710192,0.051277,47.45405,9.638215,0.0393,0.0143
2014-07-25,赢时胜,sz300377,43.08,41.81,42.1,42.55,42.33,42.779457,543000,0.039206,47.700665,9.688305,0.03,0.0106
2014-07-28,赢时胜,sz300377,43.92,42.58,42.58,43.74,42.55,43.97587,799223,0.057706,49.03471,9.959258,0.0314,0.0272
2014-07-29,赢时胜,sz300377,44.18,43.46,43.6,43.5,43.74,43.734573,921893,0.066563,48.765656,9.904611,0.0164,-0.0022
2014-07-30,赢时胜,sz300377,44.11,43.28,43.48,43.96,43.5,44.197067,796218,0.057489,49.281353,10.009352,0.019,0.011
2014-07-31,赢时胜,sz300377,44.08,43.27,44.0,43.58,43.96,43.81503,662726,0.04785,48.855366,9.922832,0.0184,-0.0095
2014-08-01,赢时胜,sz300377,43.35,42.05,43.15,42.2,43.58,42.42758,841649,0.060769,47.30831,9.608615,0.0298,-0.022
2014-08-04,赢时胜,sz300377,42.71,42.0,42.1,42.59,42.2,42.8197,260231,0.018789,47.745537,9.697418,0.0168,0.0116
2014-08-05,赢时胜,sz300377,43.78,42.18,42.77,43.48,42.59,43.7145,758140,0.054739,48.743275,9.900065,0.0375,0.0166
2014-08-06,赢时胜,sz300377,43.62,43.18,43.3,43.33,43.48,43.563686,447497,0.03231,48.575108,9.86591,0.0101,6.0E-4
2014-08-07,赢时胜,sz300377,43.88,43.12,43.12,43.44,43.33,43.674294,499398,0.036058,48.69844,9.890959,0.0175,0.0074
2014-08-08,赢时胜,sz300377,45.96,43.43,43.43,45.58,43.44,45.82582,2282196,0.164779,51.097473,10.378218,0.0582,0.0495
2014-08-11,赢时胜,sz300377,49.18,45.28,45.56,48.18,45.58,48.43986,2272744,0.164097,54.012226,10.970222,0.0855,0.0575
2014-08-12,赢时胜,sz300377,49.06,47.33,47.55,47.88,48.18,48.138226,1256705,0.090737,53.67589,10.901911,0.0359,0.0069
2014-08-13,赢时胜,sz300377,47.99,46.21,47.5,46.69,47.88,46.9418,942414,0.068044,52.34183,10.630955,0.0371,-0.017
2014-08-14,赢时胜,sz300377,49.74,46.86,46.86,48.65,46.69,48.91237,1711200,0.123552,54.53909,11.077231,0.0616,0.0381
2014-08-15,赢时胜,sz300377,53.52,48.4,48.65,52.78,48.65,53.064636,2645491,0.19101,59.16902,12.0176,0.1052,0.0848
2014-08-18,赢时胜,sz300377,53.5,51.82,53.15,53.02,52.78,53.305923,1744851,0.125982,59.43806,12.072244,0.0318,-0.0024
2014-08-19,赢时胜,sz300377,52.9,51.82,52.9,52.48,53.02,52.763,990532,0.071519,58.832687,11.949288,0.0203,-0.0079
2014-08-20,赢时胜,sz300377,54.7,51.9,52.48,52.1,52.48,52.380947,1484592,0.107191,58.406677,11.862763,0.0533,-0.0072
2014-08-21,赢时胜,sz300377,52.28,50.5,52.28,51.15,52.1,51.42583,1485752,0.107275,57.34169,11.646458,0.0341,-0.0216
2014-08-22,赢时胜,sz300377,54.57,51.13,51.13,54.02,51.15,54.311283,1927055,0.139138,60.559074,12.299929,0.0672,0.0565
2014-08-25,赢时胜,sz300377,54.15,53.15,53.65,54.1,54.02,54.39172,1186489,0.085667,60.648766,12.318145,0.0185,0.0083
2014-08-26,赢时胜,sz300377,54.2,50.01,54.0,50.37,54.1,50.64163,1450051,0.104697,56.467274,11.468858,0.0774,-0.0672
2014-08-27,赢时胜,sz300377,51.45,49.65,50.32,50.67,50.37,50.94325,999720,0.072182,56.803593,11.537167,0.0357,0.0069
2014-08-28,赢时胜,sz300377,51.33,49.52,50.6,50.38,50.67,50.6517,601184,0.043407,56.478504,11.471139,0.0357,-0.0043
2014-08-29,赢时胜,sz300377,51.94,50.45,50.45,51.07,50.38,51.345425,542556,0.039174,57.252037,11.628248,0.0295,0.0122
2014-09-01,赢时胜,sz300377,53.89,50.58,50.59,53.7,51.07,53.989613,985999,0.071191,60.2004,12.22708,0.0648,0.0614
2014-09-02,赢时胜,sz300377,54.88,53.6,54.02,54.0,53.7,54.291252,906493,0.065451,60.53674,12.295392,0.0238,-3.0E-4
2014-09-03,赢时胜,sz300377,59.4,53.9,53.99,59.4,54.0,59.72038,1947855,0.140639,66.590416,13.524932,0.1018,0.1002
2014-09-04,赢时胜,sz300377,60.88,57.7,60.8,58.45,59.4,58.76527,1728179,0.124778,65.52544,13.308627,0.0535,-0.0386
2014-09-05,赢时胜,sz300377,60.38,57.8,58.45,59.76,58.45,60.082317,999461,0.072163,66.99399,13.6069,0.0441,0.0224
2014-09-09,赢时胜,sz300377,59.99,58.25,59.99,59.41,59.76,59.730415,1007637,0.072754,66.60161,13.527205,0.0291,-0.0096
2014-09-10,赢时胜,sz300377,60.11,58.4,59.4,59.77,59.41,60.09238,753265,0.054387,67.00521,13.609179,0.0287,0.0062
2014-09-11,赢时胜,sz300377,61.95,58.1,59.3,58.58,59.77,58.895943,1054932,0.076168,65.67114,13.338221,0.0644,-0.0121
2014-09-12,赢时胜,sz300377,59.84,58.33,58.5,59.46,58.58,59.780678,868356,0.062697,66.65765,13.538587,0.0257,0.0164
2014-09-15,赢时胜,sz300377,63.0,59.0,59.49,63.0,59.46,63.33978,1212048,0.087512,70.62618,14.344621,0.0672,0.059
2014-09-16,赢时胜,sz300377,63.78,60.03,62.52,60.27,63.0,60.595078,973849,0.070314,67.565735,13.723025,0.0595,-0.0359
2014-09-17,赢时胜,sz300377,60.87,57.68,60.35,59.91,60.27,60.233143,908127,0.065569,67.16216,13.641058,0.0529,-0.0072
2014-09-18,赢时胜,sz300377,62.19,58.61,59.48,60.96,59.91,61.288788,952442,0.068768,68.33925,13.880131,0.0597,0.0248
2014-09-19,赢时胜,sz300377,61.45,59.56,60.5,61.13,60.96,61.45972,734133,0.053006,68.52985,13.918843,0.031,0.0104
2014-09-22,赢时胜,sz300377,63.45,60.81,60.81,62.0,61.13,62.334415,996359,0.071939,69.505165,14.116936,0.0431,0.0195
2014-09-23,赢时胜,sz300377,65.69,61.52,62.0,64.9,62.0,65.250046,1103595,0.079682,72.7562,14.777241,0.0672,0.0467
2014-09-24,赢时胜,sz300377,66.5,64.57,64.57,66.3,64.9,66.65762,1069739,0.077237,74.3257,15.096016,0.0297,0.0267
2014-09-25,赢时胜,sz300377,69.0,64.78,66.7,64.93,66.3,65.280205,969612,0.070008,72.78983,14.784072,0.0636,-0.0265
2014-09-26,赢时胜,sz300377,67.9,64.1,64.48,67.47,64.93,67.83391,783357,0.05656,75.6373,15.36241,0.0585,0.0463
2014-09-29,赢时胜,sz300377,70.0,67.2,68.0,68.83,67.47,69.20123,1004987,0.072562,77.16192,15.67207,0.0414,0.0122
2014-09-30,赢时胜,sz300377,70.0,68.3,69.0,69.92,68.83,70.297104,868510,0.062708,78.38385,15.920253,0.0246,0.0133
2014-10-08,赢时胜,sz300377,75.5,70.0,70.07,71.53,69.92,71.915764,2065189,0.149111,80.18872,16.286833,0.0786,0.0208
2014-10-09,赢时胜,sz300377,37.2,33.87,35.8,34.7,71.53,69.774254,4928914,0.177939,77.80086,15.801843,0.0465,-0.0307
2014-10-10,赢时胜,sz300377,38.17,33.9,34.25,38.17,34.7,76.751686,6015721,0.217174,85.58095,17.382029,0.123,0.1144
2014-10-13,赢时胜,sz300377,38.0,34.73,38.0,36.96,38.17,74.31866,4250734,0.153456,82.86803,16.831017,0.0856,-0.0273
2014-10-14,赢时胜,sz300377,37.36,35.7,36.5,36.55,36.96,73.49424,2546881,0.091945,81.94878,16.644312,0.0449,0.0013
2014-10-15,赢时胜,sz300377,36.47,35.41,36.02,35.7,36.55,71.78506,2363670,0.085331,80.04298,16.25723,0.029,-0.0088
2014-10-16,赢时胜,sz300377,36.26,35.01,35.01,35.17,35.7,70.71934,1943821,0.070174,78.85465,16.015877,0.035,0.0045
2014-10-17,赢时胜,sz300377,35.45,32.49,34.85,33.96,35.17,68.28631,2768227,0.099936,76.14174,15.464866,0.0841,-0.0255
2014-10-20,赢时胜,sz300377,35.26,33.5,33.58,34.2,33.96,68.76888,1776985,0.064151,76.67983,15.574156,0.0518,0.0184
2014-10-21,赢时胜,sz300377,34.6,33.83,34.01,33.95,34.2,68.26618,1724396,0.062253,76.1193,15.460309,0.0225,-0.0017
2014-10-22,赢时胜,sz300377,34.25,32.5,34.13,32.53,33.95,65.41088,1783114,0.064372,72.93554,14.813666,0.0515,-0.0468
2014-10-23,赢时胜,sz300377,32.95,30.52,32.21,30.61,32.53,61.5502,2289358,0.082648,68.63074,13.939334,0.0747,-0.0496
2014-10-24,赢时胜,sz300377,31.3,30.5,30.83,30.6,30.61,61.530075,1972448,0.071208,68.60829,13.934776,0.0261,-0.0074
2014-10-27,赢时胜,sz300377,32.4,30.07,30.95,32.1,30.6,64.54628,1939272,0.07001,71.97147,14.617858,0.0761,0.0371
2014-10-28,赢时胜,sz300377,34.48,32.16,32.16,34.39,32.1,69.15101,3023995,0.109169,77.10592,15.660696,0.0722,0.0693
2014-10-29,赢时胜,sz300377,34.6,33.85,34.39,34.43,34.39,69.23144,2938724,0.106091,77.195595,15.67891,0.0218,0.0011
2014-10-30,赢时胜,sz300377,35.59,34.07,34.4,35.16,34.43,70.69928,2996385,0.108173,78.83229,16.011333,0.0441,0.022
2014-10-31,赢时胜,sz300377,35.16,33.52,34.9,34.09,35.16,68.54776,1897570,0.068504,76.433266,15.524077,0.0466,-0.0232
2014-11-03,赢时胜,sz300377,34.96,33.91,33.98,34.2,34.09,68.76896,1327751,0.047933,76.67992,15.574173,0.0308,0.0064
2014-11-04,赢时胜,sz300377,34.39,32.64,34.25,32.65,34.2,65.652214,2009371,0.07254,73.204636,14.86832,0.0511,-0.0467
2014-11-05,赢时胜,sz300377,32.94,31.56,32.47,32.2,32.65,64.74733,1304099,0.047079,72.19565,14.66339,0.0422,-0.0083
2014-11-06,赢时胜,sz300377,33.18,32.2,32.2,33.1,32.2,66.55702,1400153,0.050547,74.213524,15.073232,0.0304,0.0279
2014-11-07,赢时胜,sz300377,36.24,32.81,33.1,36.04,33.1,72.46874,5333586,0.192548,80.80531,16.412067,0.1036,0.0888
2014-11-10,赢时胜,sz300377,39.51,35.42,36.04,38.45,36.04,77.31473,6091474,0.219909,86.20876,17.509542,0.1134,0.0668
2014-11-11,赢时胜,sz300377,40.37,37.01,38.2,38.3,38.45,77.01313,5181777,0.187068,85.87247,17.441236,0.0873,0.0026
2014-11-12,赢时胜,sz300377,39.8,37.08,37.8,38.88,38.3,78.17941,5159654,0.186269,87.17292,17.705366,0.071,0.0285
2014-11-13,赢时胜,sz300377,42.74,37.8,38.4,41.9,38.88,84.252,7410115,0.267513,93.94408,19.080631,0.127,0.0911
2014-11-14,赢时胜,sz300377,42.3,38.11,41.35,38.18,41.9,76.77185,4643109,0.167621,85.60344,17.386597,0.0999,-0.0766
2014-11-17,赢时胜,sz300377,40.2,36.68,37.1,39.67,38.18,79.76795,3194844,0.115337,88.9442,18.065125,0.0921,0.0692
2014-11-18,赢时胜,sz300377,41.5,38.5,39.2,41.2,39.67,82.844444,3499379,0.126331,92.374596,18.761862,0.0756,0.051
2014-11-19,赢时胜,sz300377,44.88,40.55,41.19,43.05,41.2,86.56441,5901345,0.213045,96.52249,19.604324,0.105,0.0451
2014-11-20,赢时胜,sz300377,44.88,41.76,42.88,44.05,43.05,88.57521,4116811,0.148621,98.76461,20.059713,0.0724,0.0272
2014-11-21,赢时胜,sz300377,44.99,42.41,43.51,43.0,44.05,86.463844,4038500,0.145794,96.41036,19.58155,0.0585,-0.0117
2014-11-24,赢时胜,sz300377,44.67,42.62,43.4,43.55,43.0,87.5698,3621428,0.130737,97.64355,19.832018,0.0476,0.0034
2014-11-25,赢时胜,sz300377,47.91,43.5,44.3,47.91,43.55,96.33685,6522456,0.235468,107.41913,21.8175,0.1012,0.0814
2014-11-26,赢时胜,sz300377,52.7,48.9,50.18,52.7,47.91,105.96851,3645544,0.131608,118.15879,23.998793,0.0793,0.0502
2014-11-27,赢时胜,sz300377,57.97,54.05,57.0,57.97,52.7,116.56537,8403301,0.303368,129.97467,26.39867,0.0743,0.017
2014-11-28,赢时胜,sz300377,63.77,56.8,58.14,63.77,57.97,128.22797,6172717,0.222842,142.9789,29.039911,0.1202,0.0968
2014-12-01,赢时胜,sz300377,69.99,64.02,64.88,67.1,63.77,134.9239,5710813,0.206167,150.44511,30.556347,0.0936,0.0342
2014-12-02,赢时胜,sz300377,66.04,61.73,65.23,64.0,67.1,128.69041,6490187,0.234303,143.49454,29.144644,0.0642,-0.0188
2014-12-03,赢时胜,sz300377,62.98,59.25,62.08,62.0,64.0,124.66884,6290767,0.227104,139.01035,28.233873,0.0582,-0.0012
2014-12-04,赢时胜,sz300377,68.2,60.52,62.18,65.6,62.0,131.90775,8466459,0.305648,147.08197,29.873274,0.1238,0.055
2014-12-05,赢时胜,sz300377,64.93,59.04,64.68,59.04,65.6,118.716965,6738397,0.243263,132.37378,26.885944,0.0897,-0.0871
2014-12-08,赢时胜,sz300377,58.8,54.6,56.5,54.82,59.04,110.23143,5707227,0.206037,122.912094,24.964218,0.0711,-0.0297
2014-12-09,赢时胜,sz300377,58.7,53.2,55.15,53.71,54.82,107.999466,5438062,0.19632,120.42337,24.458742,0.1003,-0.0261
2014-12-10,赢时胜,sz300377,55.55,51.72,53.95,53.7,53.71,107.97938,3489401,0.125971,120.40097,24.454193,0.0713,-0.0046
2014-12-11,赢时胜,sz300377,54.98,51.21,53.5,53.49,53.7,107.55707,4497670,0.162371,119.930084,24.358555,0.0702,-1.0E-4
2014-12-12,赢时胜,sz300377,57.97,51.95,53.4,57.9,53.49,116.424614,7056145,0.254734,129.81772,26.366795,0.1125,0.0842
2014-12-15,赢时胜,sz300377,61.98,54.9,55.0,60.35,57.9,121.351006,7689657,0.277605,135.31082,27.48248,0.1222,0.0972
2014-12-16,赢时胜,sz300377,61.0,56.51,61.0,56.8,60.35,114.212654,4396273,0.15871,127.3513,25.86585,0.0743,-0.0688
2014-12-17,赢时胜,sz300377,57.41,53.08,55.18,55.16,56.8,110.91499,3135523,0.113196,123.67429,25.119024,0.0762,-3.0E-4
2014-12-18,赢时胜,sz300377,56.97,53.8,54.1,53.8,55.16,108.180275,2320941,0.083788,120.62498,24.49969,0.0574,-0.0055
2014-12-19,赢时胜,sz300377,53.5,49.0,53.3,50.9,53.8,102.34903,2921526,0.10547,114.122925,23.179085,0.0836,-0.045
2014-12-22,赢时胜,sz300377,49.8,45.81,49.8,45.81,50.9,92.11413,2556056,0.092276,102.71063,20.861176,0.0783,-0.0801
2014-12-23,赢时胜,sz300377,47.01,43.85,44.88,45.26,45.81,91.0082,2289035,0.082637,101.47749,20.610716,0.0689,0.0084
2014-12-24,赢时胜,sz300377,48.11,45.8,46.58,46.9,45.26,94.305885,2731251,0.098601,105.154526,21.357546,0.051,0.0068
2014-12-25,赢时胜,sz300377,48.5,45.0,46.85,47.36,46.9,95.23084,2877608,0.103885,106.18588,21.56702,0.0746,0.0108
2014-12-26,赢时胜,sz300377,47.3,44.51,46.51,45.96,47.36,92.41572,3635179,0.131234,103.04692,20.929478,0.0589,-0.0118
2014-12-29,赢时胜,sz300377,45.71,41.86,45.3,42.14,45.96,84.7345,3773043,0.136211,94.48208,19.189903,0.0837,-0.0697
2014-12-30,赢时胜,sz300377,42.77,39.67,41.98,41.05,42.14,82.542755,3374566,0.121825,92.0382,18.693537,0.0735,-0.0221
2014-12-31,赢时胜,sz300377,42.3,40.15,41.0,41.48,41.05,83.40739,2714990,0.098014,93.002304,18.889353,0.0523,0.0117
2015-01-01,赢时胜,sz300377,41.48,41.48,41.48,41.48,41.48,41.425,0,0.0,0.0,0.0,0.0,0.0
2015-01-02,赢时胜,sz300377,41.48,41.48,41.48,41.48,41.48,41.425,0,0.0,0.0,0.0,0.0,0.0
2015-01-05,赢时胜,sz300377,41.06,38.53,40.6,41.06,41.48,41.005,34850,0.125815,92.06065,18.698097,0.0609,0.0113
2015-01-06,赢时胜,sz300377,45.17,40.0,40.56,45.17,41.06,45.11,72809,0.262849,101.27565,20.56972,0.1259,0.1136
2015-01-07,赢时胜,sz300377,47.6,42.71,44.0,45.68,45.17,45.619,83984,0.303193,102.41915,20.801973,0.1082,0.0381
2015-01-08,赢时胜,sz300377,47.61,44.12,44.6,45.3,45.68,45.24,58633,0.211675,101.56712,20.628922,0.0764,0.0156
2015-01-09,赢时胜,sz300377,47.4,45.02,45.31,45.35,45.3,45.29,51460,0.185777,101.67926,20.651695,0.0525,8.0E-4
2015-01-12,赢时胜,sz300377,49.89,44.36,45.08,49.89,45.35,49.824,77804,0.280883,111.85837,22.719137,0.1219,0.1066
2015-01-13,赢时胜,sz300377,54.8,49.5,51.0,53.1,49.89,53.029,76202,0.2751,119.05556,24.180931,0.1062,0.0411
2015-01-14,赢时胜,sz300377,53.37,50.0,52.93,51.52,53.1,51.451,49788,0.179743,115.51306,23.461428,0.0634,-0.0266
2015-01-15,赢时胜,sz300377,53.1,48.9,50.61,49.8,51.52,49.734,46980,0.169605,111.656654,22.678167,0.0815,-0.016
2015-01-16,赢时胜,sz300377,54.78,48.21,49.0,54.78,49.8,54.707,70476,0.254429,122.82233,24.945986,0.1319,0.1179
2015-01-19,赢时胜,sz300377,56.85,50.58,51.0,53.01,54.78,52.94,73402,0.264992,118.85381,24.139956,0.1144,0.0394
2015-01-20,赢时胜,sz300377,56.6,52.9,52.98,55.37,53.01,55.296,56183,0.202827,124.14518,25.214666,0.0697,0.0451
2015-01-21,赢时胜,sz300377,55.4,53.0,55.38,53.96,55.37,53.888,54603,0.197124,120.983826,24.572575,0.0433,-0.0256
2015-01-22,赢时胜,sz300377,58.0,52.16,53.19,56.86,53.96,56.784,65515,0.236517,127.48598,25.893204,0.1082,0.0689
2015-01-23,赢时胜,sz300377,56.3,51.71,55.78,52.2,56.86,52.131,54298,0.196022,117.03774,23.7711,0.0807,-0.0641
2015-01-26,赢时胜,sz300377,53.77,51.0,51.8,53.0,52.2,52.93,32035,0.115652,118.83146,24.135416,0.053,0.0231
2015-01-27,赢时胜,sz300377,57.28,51.6,53.43,55.4,53.0,55.326,60162,0.18185,124.2125,25.22834,0.1071,0.0368
2015-01-28,赢时胜,sz300377,58.6,53.5,54.44,55.51,55.4,55.436,66244,0.200232,124.45919,25.278442,0.092,0.0196
2015-01-29,赢时胜,sz300377,56.78,53.5,54.0,55.22,55.51,55.147,32167,0.097232,123.80901,25.146389,0.059,0.0225
2015-01-30,赢时胜,sz300377,58.0,54.59,55.0,54.59,55.22,54.517,56017,0.169321,122.39648,24.859493,0.0617,-0.0074
2015-02-02,赢时胜,sz300377,57.5,52.01,52.82,57.5,54.59,57.424,47172,0.142585,128.92094,26.184654,0.1005,0.0886
2015-02-03,赢时胜,sz300377,63.2,56.53,57.78,60.7,57.5,60.619,88081,0.266237,136.09566,27.641882,0.116,0.0505
2015-02-04,赢时胜,sz300377,64.8,60.0,60.14,63.39,60.7,63.306,68657,0.207526,142.12686,28.86686,0.079,0.054
2015-02-05,赢时胜,sz300377,66.0,60.1,62.48,61.8,63.39,61.718,74241,0.224404,138.5619,28.142792,0.093,-0.0108
2015-02-06,赢时胜,sz300377,63.2,57.6,61.99,58.62,61.8,58.542,50961,0.154039,131.43205,26.694677,0.0906,-0.0543
2015-02-09,赢时胜,sz300377,60.7,56.02,58.58,57.26,58.62,57.184,31251,0.094463,128.38284,26.07536,0.0798,-0.0225
2015-02-10,赢时胜,sz300377,62.99,56.0,56.7,62.99,57.26,62.906,51639,0.156088,141.2301,28.684723,0.122,0.1109
2015-02-11,赢时胜,sz300377,67.83,62.99,64.0,64.25,62.99,64.165,78706,0.237901,144.05513,29.258501,0.0768,0.0039
2015-02-12,赢时胜,sz300377,70.3,64.82,64.82,68.6,64.25,68.509,90495,0.273536,153.80824,31.23942,0.0852,0.0583
2015-02-13,赢时胜,sz300377,71.5,67.1,70.55,70.0,68.6,69.907,57829,0.174796,156.94716,31.876953,0.0641,-0.0077
2015-02-16,赢时胜,sz300377,71.8,66.11,69.51,69.35,70.0,69.258,63018,0.190482,155.48975,31.580944,0.0812,-0.0023
2015-02-17,赢时胜,sz300377,71.78,66.3,69.1,69.03,69.35,68.938,51983,0.157127,154.77232,31.43523,0.079,-0.001
2015-02-18,赢时胜,sz300377,69.03,69.03,69.03,69.03,69.03,68.938,0,0.0,0.0,0.0,0.0,0.0
2015-02-19,赢时胜,sz300377,69.03,69.03,69.03,69.03,69.03,68.938,0,0.0,0.0,0.0,0.0,0.0
2015-02-20,赢时胜,sz300377,69.03,69.03,69.03,69.03,69.03,68.938,0,0.0,0.0,0.0,0.0,0.0
2015-02-23,赢时胜,sz300377,69.03,69.03,69.03,69.03,69.03,68.938,0,0.0,0.0,0.0,0.0,0.0
2015-02-24,赢时胜,sz300377,69.03,69.03,69.03,69.03,69.03,68.938,0,0.0,0.0,0.0,0.0,0.0
2015-02-25,赢时胜,sz300377,70.11,62.13,70.0,62.62,69.03,62.537,53315,0.161153,140.40047,28.516216,0.1156,-0.1054
2015-02-26,赢时胜,sz300377,64.67,61.2,62.05,64.5,62.62,64.414,36918,0.111591,144.61557,29.372332,0.0554,0.0394
2015-02-27,赢时胜,sz300377,66.0,63.5,64.18,64.45,64.5,64.364,25519,0.077136,144.5035,29.349567,0.0387,0.0042
2015-03-02,赢时胜,sz300377,67.6,62.5,63.67,65.24,64.45,65.153,42879,0.129608,146.27483,29.709335,0.0791,0.0246
2015-03-03,赢时胜,sz300377,66.28,62.01,64.51,62.2,65.24,62.117,39646,0.119838,139.45885,28.324968,0.0654,-0.0358
2015-03-04,赢时胜,sz300377,64.3,61.2,61.28,63.49,62.2,63.406,27144,0.082046,142.35123,28.91243,0.0498,0.036
2015-03-05,赢时胜,sz300377,69.84,65.1,67.5,69.84,63.49,69.747,85596,0.258726,156.58862,31.804134,0.0746,0.0346
2015-03-06,赢时胜,sz300377,69.57,64.75,68.0,66.01,69.84,65.922,60109,0.18169,148.00131,30.059996,0.069,-0.0292
2015-03-09,赢时胜,sz300377,72.61,67.5,67.5,72.61,66.01,72.513,79596,0.240592,162.79922,33.065544,0.0774,0.0757
2015-03-10,赢时胜,sz300377,79.87,72.86,74.99,78.03,72.61,77.926,105833,0.319895,174.95137,35.533722,0.0965,0.0405
2015-03-11,赢时胜,sz300377,85.48,79.03,79.2,82.55,78.03,82.44,65640,0.198408,185.0856,37.59205,0.0826,0.0422
2015-03-12,赢时胜,sz300377,82.4,75.7,82.4,79.8,82.55,79.694,48883,0.147756,178.91985,36.339745,0.0811,-0.0315
2015-03-13,赢时胜,sz300377,82.7,78.05,79.5,81.2,79.8,81.092,38239,0.115583,182.0588,36.977287,0.0582,0.0213
2015-03-16,赢时胜,sz300377,89.32,81.3,81.3,89.32,81.2,89.201,48710,0.147235,200.2647,40.67502,0.0987,0.0986
2015-03-17,赢时胜,sz300377,91.8,86.03,91.8,87.0,89.32,86.884,38283,0.115718,195.06302,39.618523,0.0645,-0.0522
2015-03-18,赢时胜,sz300377,91.0,82.01,85.88,88.28,87.0,88.163,30210,0.091315,197.93298,40.20143,0.1033,0.0279
2015-03-19,赢时胜,sz300377,97.11,84.9,87.13,97.11,88.28,96.981,34504,0.104295,217.73083,44.2225,0.1383,0.1145
2015-03-20,赢时胜,sz300377,106.82,98.0,99.98,106.82,97.11,106.678,41248,0.12468,239.50174,48.644306,0.0908,0.0684
2015-03-23,赢时胜,sz300377,117.5,107.8,108.96,117.5,106.82,117.344,31091,0.093979,263.44736,53.507812,0.0908,0.0783
2015-03-24,赢时胜,sz300377,128.08,110.01,122.3,124.49,117.5,124.324,37365,0.112942,279.11957,56.69094,0.1537,0.0179
2015-03-25,赢时胜,sz300377,135.82,118.28,120.8,129.28,124.49,129.108,32342,0.097761,289.85925,58.87224,0.1408,0.0701
2015-03-26,赢时胜,sz300377,126.8,116.35,122.99,116.35,129.28,116.195,27094,0.081898,260.869,52.98413,0.0808,-0.0539
2015-03-27,赢时胜,sz300377,114.5,104.75,114.24,110.72,116.35,110.573,32113,0.097068,248.24606,50.420334,0.0837,-0.0308
2015-03-30,赢时胜,sz300377,113.88,99.65,108.8,102.42,110.72,102.284,54133,0.163625,229.63655,46.640625,0.1285,-0.0586
2015-03-31,赢时胜,sz300377,112.66,102.0,102.51,110.89,102.42,110.743,48129,0.145477,248.62726,50.497757,0.104,0.0817
2015-04-01,赢时胜,sz300377,120.57,109.08,110.11,118.0,110.89,117.843,32827,0.099226,264.56873,53.735573,0.1036,0.0716
2015-04-02,赢时胜,sz300377,122.52,115.12,115.84,115.74,118.0,115.586,18271,0.055229,259.50146,52.706375,0.0627,-8.0E-4
2015-04-03,赢时胜,sz300377,114.98,106.5,114.98,110.98,115.74,110.832,23273,0.070347,248.82893,50.53872,0.0732,-0.0347
2015-04-06,赢时胜,sz300377,110.98,110.98,110.98,110.98,110.98,110.832,0,0.0,0.0,0.0,0.0,0.0
2015-04-07,赢时胜,sz300377,121.9,108.13,111.5,118.29,110.98,118.133,27645,0.083563,265.2188,53.867603,0.124,0.0608
2015-04-08,赢时胜,sz300377,120.69,106.46,118.31,117.0,118.29,116.844,43897,0.132686,262.3266,53.280178,0.1202,-0.011
2015-04-09,赢时胜,sz300377,115.88,105.3,111.2,112.11,117.0,111.961,32860,0.099325,251.36266,51.053333,0.0904,0.0081
2015-04-10,赢时胜,sz300377,116.0,106.78,109.0,113.96,112.11,113.808,21531,0.065081,255.51064,51.895817,0.0822,0.0455
2015-04-13,赢时胜,sz300377,122.9,108.61,113.12,121.0,113.96,120.839,34112,0.10311,271.29507,55.10173,0.1253,0.0696
2015-04-14,赢时胜,sz300377,133.1,115.0,115.0,133.1,121.0,132.923,32285,0.097588,298.42456,60.611904,0.1495,0.1573
2015-04-15,赢时胜,sz300377,146.41,125.56,138.1,126.0,133.1,125.832,29124,0.088034,282.5057,57.378685,0.1566,-0.0876
2015-04-16,赢时胜,sz300377,138.6,117.98,118.0,138.6,126.0,138.416,17740,0.053622,310.7563,63.11655,0.1636,0.1745
2015-04-17,赢时胜,sz300377,151.9,137.4,144.8,138.6,138.6,138.416,23664,0.071528,310.7563,63.11655,0.1046,-0.0428
2015-04-20,赢时胜,sz300377,145.08,124.89,134.55,126.11,138.6,125.942,21807,0.065916,282.75247,57.428802,0.1456,-0.0627
2015-04-21,赢时胜,sz300377,138.72,122.11,124.0,138.72,126.11,138.536,17937,0.054219,311.02545,63.171227,0.1317,0.1187
2015-04-22,赢时胜,sz300377,152.59,143.6,148.6,152.59,138.72,152.387,13512,0.040843,342.12366,69.487465,0.0648,0.0268
2015-04-23,赢时胜,sz300377,167.85,154.95,161.19,167.85,152.59,167.627,22899,0.069218,376.3384,76.4367,0.0845,0.0413
2015-04-24,赢时胜,sz300377,176.0,154.1,160.0,165.0,167.85,164.781,22251,0.067258,369.94858,75.13888,0.1304,0.0312
2015-04-27,赢时胜,sz300377,163.13,152.0,160.0,158.2,165.0,157.99,25655,0.077548,380.5017,43.619995,0.0674,-0.0112
2015-04-28,赢时胜,sz300377,163.98,142.38,155.79,155.68,158.2,155.473,32007,0.096747,374.4407,42.92517,0.1365,-7.0E-4
2015-04-29,赢时胜,sz300377,166.88,150.0,150.0,159.84,155.68,159.627,19590,0.059216,384.44614,44.072174,0.1084,0.0656
2015-04-30,赢时胜,sz300377,171.0,148.4,157.89,162.65,159.84,162.434,28113,0.084978,391.20468,44.846966,0.1413,0.0301
2015-05-01,赢时胜,sz300377,162.65,162.65,162.65,162.65,162.65,162.434,0,0.0,0.0,0.0,0.0,0.0
2015-05-04,赢时胜,sz300377,162.0,150.0,160.0,152.38,162.65,152.177,14561,0.044015,366.50323,42.015236,0.0737,-0.0476
2015-05-05,赢时胜,sz300377,154.99,144.76,151.0,148.0,152.38,147.803,16784,0.050734,355.96848,40.807552,0.0671,-0.0198
2015-05-06,赢时胜,sz300377,162.8,148.0,148.5,162.79,148.0,162.574,27774,0.083951,391.5411,44.885532,0.1,0.0962
2015-05-07,赢时胜,sz300377,179.07,160.0,161.99,179.07,162.79,178.832,27613,0.083465,430.69757,49.37435,0.1171,0.1054
2015-05-08,赢时胜,sz300377,196.98,170.5,179.98,196.98,179.07,196.718,25435,0.076881,473.77466,54.31263,0.1478,0.0944
2015-05-11,赢时胜,sz300377,205.0,190.01,197.0,201.65,196.98,201.382,33077,0.099981,485.0069,55.600273,0.076,0.0236
2015-05-12,赢时胜,sz300377,203.48,187.71,198.0,198.79,201.65,198.526,30463,0.09208,478.12805,54.81169,0.0782,0.0039
2015-05-13,赢时胜,sz300377,197.88,185.0,187.88,189.0,198.79,188.749,19909,0.060179,454.5812,52.112328,0.0647,0.0059
2015-05-14,赢时胜,sz300377,189.82,172.15,189.82,174.8,189.0,174.568,20537,0.062077,420.4276,48.197025,0.0934,-0.0791
2015-05-15,赢时胜,sz300377,186.77,166.0,174.0,174.0,174.8,173.769,26380,0.07974,418.5033,47.976425,0.1188,0.0
2015-05-18,赢时胜,sz300377,191.4,177.0,180.01,191.4,174.0,191.145,26083,0.07884,460.35364,52.774067,0.0827,0.0632
2015-05-19,赢时胜,sz300377,204.5,180.0,202.0,188.02,191.4,187.77,23162,0.070011,452.22424,51.842133,0.128,-0.0692
2015-05-20,赢时胜,sz300377,188.02,188.02,188.02,188.02,188.02,187.77,0,0.0,0.0,0.0,0.0,0.0
2015-05-21,赢时胜,sz300377,188.02,188.02,188.02,188.02,188.02,187.77,0,0.0,0.0,0.0,0.0,0.0
2015-05-22,赢时胜,sz300377,188.02,188.02,188.02,188.02,188.02,187.77,0,0.0,0.0,0.0,0.0,0.0
2015-05-25,赢时胜,sz300377,188.02,188.02,188.02,188.02,188.02,187.77,0,0.0,0.0,0.0,0.0,0.0
2015-05-26,赢时胜,sz300377,188.02,188.02,188.02,188.02,188.02,187.77,0,0.0,0.0,0.0,0.0,0.0
2015-05-27,赢时胜,sz300377,188.02,188.02,188.02,188.02,188.02,187.77,0,0.0,0.0,0.0,0.0,0.0
2015-05-28,赢时胜,sz300377,188.02,188.02,188.02,188.02,188.02,188.02,0,0.0,0.0,0.0,0.0,0.0
2015-05-29,赢时胜,sz300377,188.02,188.02,188.02,188.02,188.02,188.02,0,0.0,0.0,0.0,0.0,0.0
2015-06-01,赢时胜,sz300377,188.02,188.02,188.02,188.02,188.02,188.02,0,0.0,0.0,0.0,0.0,0.0
2015-06-02,赢时胜,sz300377,188.02,188.02,188.02,188.02,188.02,188.02,0,0.0,0.0,0.0,0.0,0.0
2015-06-03,赢时胜,sz300377,188.02,188.02,188.02,188.02,188.02,188.02,0,0.0,0.0,0.0,0.0,0.0
2015-06-04,赢时胜,sz300377,188.02,188.02,188.02,188.02,188.02,188.02,0,0.0,0.0,0.0,0.0,0.0
2015-06-05,赢时胜,sz300377,188.02,188.02,188.02,188.02,188.02,188.02,0,0.0,0.0,0.0,0.0,0.0
2015-06-08,赢时胜,sz300377,188.02,188.02,188.02,188.02,188.02,188.02,0,0.0,0.0,0.0,0.0,0.0
2015-06-09,赢时胜,sz300377,188.02,188.02,188.02,188.02,188.02,188.02,0,0.0,0.0,0.0,0.0,0.0
2015-06-10,赢时胜,sz300377,188.02,188.02,188.02,188.02,188.02,188.02,0,0.0,0.0,0.0,0.0,0.0
2015-06-11,赢时胜,sz300377,188.02,188.02,188.02,188.02,188.02,188.02,0,0.0,0.0,0.0,0.0,0.0
2015-06-12,赢时胜,sz300377,188.02,188.02,188.02,188.02,188.02,188.02,0,0.0,0.0,0.0,0.0,0.0
2015-06-15,赢时胜,sz300377,188.02,188.02,188.02,188.02,188.02,188.02,0,0.0,0.0,0.0,0.0,0.0
2015-06-16,赢时胜,sz300377,188.02,188.02,188.02,188.02,188.02,188.02,0,0.0,0.0,0.0,0.0,0.0
2015-06-17,赢时胜,sz300377,188.02,188.02,188.02,188.02,188.02,188.02,0,0.0,0.0,0.0,0.0,0.0
2015-06-18,赢时胜,sz300377,188.02,188.02,188.02,188.02,188.02,188.02,0,0.0,0.0,0.0,0.0,0.0
2015-06-19,赢时胜,sz300377,188.02,188.02,188.02,188.02,188.02,188.02,0,0.0,0.0,0.0,0.0,0.0
2015-06-22,赢时胜,sz300377,188.02,188.02,188.02,188.02,188.02,188.02,0,0.0,0.0,0.0,0.0,0.0
2015-06-23,赢时胜,sz300377,188.02,188.02,188.02,188.02,188.02,188.02,0,0.0,0.0,0.0,0.0,0.0
2015-06-24,赢时胜,sz300377,188.02,188.02,188.02,188.02,188.02,188.02,0,0.0,0.0,0.0,0.0,0.0
2015-06-25,赢时胜,sz300377,188.02,188.02,188.02,188.02,188.02,188.02,0,0.0,0.0,0.0,0.0,0.0
2015-06-26,赢时胜,sz300377,188.02,188.02,188.02,188.02,188.02,188.02,0,0.0,0.0,0.0,0.0,0.0
2015-06-29,赢时胜,sz300377,188.02,188.02,188.02,188.02,188.02,188.02,0,0.0,0.0,0.0,0.0,0.0
2015-06-30,赢时胜,sz300377,188.02,188.02,188.02,188.02,188.02,188.02,0,0.0,0.0,0.0,0.0,0.0
2015-07-01,赢时胜,sz300377,188.02,188.02,188.02,188.02,188.02,188.02,0,0.0,0.0,0.0,0.0,0.0
2015-07-02,赢时胜,sz300377,188.02,188.02,188.02,188.02,188.02,188.02,0,0.0,0.0,0.0,0.0,0.0
2015-07-03,赢时胜,sz300377,188.02,188.02,188.02,188.02,188.02,188.02,0,0.0,0.0,0.0,0.0,0.0
2015-07-06,赢时胜,sz300377,188.02,188.02,188.02,188.02,188.02,188.02,0,0.0,0.0,0.0,0.0,0.0
2015-07-07,赢时胜,sz300377,188.02,188.02,188.02,188.02,188.02,188.02,0,0.0,0.0,0.0,0.0,0.0
2015-07-08,赢时胜,sz300377,188.02,188.02,188.02,188.02,188.02,188.02,0,0.0,0.0,0.0,0.0,0.0
2015-07-09,赢时胜,sz300377,188.02,188.02,188.02,188.02,188.02,188.02,0,0.0,0.0,0.0,0.0,0.0
2015-07-10,赢时胜,sz300377,188.02,188.02,188.02,188.02,188.02,188.02,0,0.0,0.0,0.0,0.0,0.0
2015-07-13,赢时胜,sz300377,188.02,188.02,188.02,188.02,188.02,188.02,0,0.0,0.0,0.0,0.0,0.0
2015-07-14,赢时胜,sz300377,188.02,188.02,188.02,188.02,188.02,188.02,0,0.0,0.0,0.0,0.0,0.0
2015-07-15,赢时胜,sz300377,168.99,168.99,168.99,168.99,188.02,168.99,379,0.001146,406.9946,46.65709,0.0,0.0
2015-07-16,赢时胜,sz300377,152.09,152.09,152.09,152.09,168.99,152.09,189,5.71E-4,366.29272,41.991104,0.0,0.0
2015-07-17,赢时胜,sz300377,136.88,136.88,136.88,136.88,152.09,136.88,479,0.001448,329.66104,37.791718,0.0,0.0
2015-07-20,赢时胜,sz300377,145.0,123.19,123.19,129.0,136.88,129.0,147628,0.446205,310.6829,35.6161,0.1593,0.0471
2015-07-21,赢时胜,sz300377,122.97,116.1,121.0,116.1,129.0,116.1,78966,0.238687,279.61462,32.05449,0.0532,-0.0404
2015-07-22,赢时胜,sz300377,121.65,111.0,112.11,118.49,116.1,118.49,70811,0.214041,285.37067,32.71435,0.0917,0.0569
2015-07-23,赢时胜,sz300377,127.0,111.21,117.03,124.79,118.49,124.79,95295,0.288008,300.54358,34.453743,0.1332,0.0663
2015-07-24,赢时胜,sz300377,128.99,115.0,122.0,117.9,124.79,117.9,74093,0.223931,283.94974,32.551456,0.1121,-0.0336
2015-07-27,赢时胜,sz300377,115.5,106.11,113.0,106.11,117.9,106.11,48012,0.126103,255.55475,29.296312,0.0796,-0.0609
2015-07-28,赢时胜,sz300377,103.08,95.5,95.5,95.5,106.11,95.5,51100,0.134215,221.34816,26.055286,0.0714,0.0
2015-07-29,赢时胜,sz300377,96.66,85.95,93.8,93.2,95.5,93.2,113559,0.2983,216.01726,25.427776,0.1121,-0.0063
2015-07-30,赢时胜,sz300377,90.45,83.88,89.9,83.88,93.2,83.88,78830,0.207021,194.41554,22.885,0.0704,-0.0669
2015-07-31,赢时胜,sz300377,80.9,75.49,79.7,76.5,83.88,76.5,90278,0.237084,177.3103,20.871513,0.0644,-0.0401
2015-08-03,赢时胜,sz300377,74.48,68.85,74.48,69.66,76.5,69.66,68701,0.180457,161.45668,19.005354,0.0735,-0.0647
2015-08-04,赢时胜,sz300377,76.63,70.25,71.5,76.63,69.66,76.63,81163,0.213143,177.61162,20.90698,0.0915,0.0717
2015-08-05,赢时胜,sz300377,81.8,74.33,79.0,74.8,76.63,74.8,107504,0.282349,173.37007,20.407701,0.0974,-0.0531
2015-08-06,赢时胜,sz300377,73.0,68.9,70.2,69.04,74.8,69.04,75622,0.19859,160.01965,18.836199,0.0548,-0.0165
2015-08-07,赢时胜,sz300377,75.94,70.4,71.0,75.94,69.04,75.94,52788,0.138662,176.01234,20.718727,0.0802,0.0695
2015-08-10,赢时胜,sz300377,83.47,76.22,80.97,81.9,75.94,81.9,118262,0.310637,189.82632,22.344795,0.0954,0.0114
2015-08-11,赢时胜,sz300377,88.2,79.55,80.0,82.88,81.9,82.88,114501,0.300787,192.09775,22.61217,0.1056,0.0359
2015-08-12,赢时胜,sz300377,83.1,78.33,81.0,78.49,82.88,78.49,65594,0.172305,181.9227,21.414446,0.0575,-0.0309
2015-08-13,赢时胜,sz300377,82.56,76.8,77.3,82.56,78.49,82.56,68369,0.179591,191.35606,22.524864,0.0733,0.068
2015-08-14,赢时胜,sz300377,88.88,81.5,83.02,82.82,82.56,82.82,97233,0.255402,191.9587,22.5958,0.0893,-0.0024
2015-08-17,赢时胜,sz300377,81.45,78.08,81.0,79.55,82.82,79.55,56318,0.147907,184.37955,21.703646,0.0406,-0.0179
2015-08-18,赢时胜,sz300377,82.06,71.6,79.13,71.6,79.55,71.6,64461,0.169311,165.95317,19.534643,0.1314,-0.0951
2015-08-19,赢时胜,sz300377,75.0,64.8,66.53,73.25,71.6,73.25,74156,0.194763,169.77751,19.984814,0.1424,0.101
2015-08-20,赢时胜,sz300377,72.71,67.0,70.04,67.54,73.25,67.54,56157,0.147524,156.54298,18.426954,0.0779,-0.0356
2015-08-21,赢时胜,sz300377,67.88,60.82,66.0,61.0,67.54,61.0,49364,0.129681,141.38469,16.642645,0.1045,-0.0757
2015-08-24,赢时胜,sz300377,61.0,54.9,58.55,54.9,61.0,54.9,32474,0.085303,127.24622,14.97838,0.1,-0.0623
2015-08-25,赢时胜,sz300377,52.5,49.41,50.98,49.41,54.9,49.41,40615,0.106687,114.5216,13.480542,0.0562,-0.0307
2015-08-26,赢时胜,sz300377,51.85,45.31,48.5,45.52,49.41,45.52,63734,0.167407,105.505424,12.419232,0.1323,-0.0614
2015-08-27,赢时胜,sz300377,50.07,46.52,47.7,50.07,45.52,50.07,80015,0.210197,116.05133,13.66061,0.0779,0.0496
2015-08-28,赢时胜,sz300377,54.22,49.0,50.66,54.2,50.07,54.2,90496,0.23764,125.62377,14.787398,0.1042,0.0698
2015-08-31,赢时胜,sz300377,53.0,48.78,53.0,48.78,54.2,48.78,52622,0.138228,113.06139,13.308659,0.0778,-0.0796
2015-09-01,赢时胜,sz300377,47.48,43.9,47.01,43.9,48.78,43.9,44014,0.115632,101.75062,11.977247,0.0733,-0.0661
2015-09-02,赢时胜,sz300377,48.29,40.02,41.0,46.21,43.9,46.21,98265,0.258148,107.1047,12.607485,0.1883,0.127
2015-09-03,赢时胜,sz300377,46.21,46.21,46.21,46.21,46.21,46.21,0,0.0,0.0,0.0,0.0,0.0
2015-09-04,赢时胜,sz300377,46.21,46.21,46.21,46.21,46.21,46.21,0,0.0,0.0,0.0,0.0,0.0
2015-09-07,赢时胜,sz300377,50.83,47.01,47.19,49.79,46.21,49.79,108551,0.285061,115.40235,13.584217,0.0826,0.055
2015-09-08,赢时胜,sz300377,54.77,46.01,48.0,54.77,49.79,54.77,87191,0.229038,126.94491,14.942912,0.1759,0.141
2015-09-09,赢时胜,sz300377,59.0,53.68,54.5,56.8,54.77,56.8,113161,0.297159,131.65001,15.496757,0.0971,0.0422
2015-09-10,赢时胜,sz300377,56.5,53.8,55.01,54.05,56.8,54.05,49396,0.129731,125.27611,14.746474,0.0475,-0.0174
2015-09-11,赢时胜,sz300377,57.1,53.5,53.5,55.57,54.05,55.57,49062,0.128846,128.79913,15.161176,0.0666,0.0386
2015-09-14,赢时胜,sz300377,55.95,50.01,55.01,50.01,55.57,50.01,36664,0.096301,115.91227,13.64424,0.1068,-0.0908
2015-09-15,赢时胜,sz300377,47.65,45.01,45.9,45.01,50.01,45.01,46488,0.122078,104.32336,12.280089,0.0527,-0.0193
2015-09-16,赢时胜,sz300377,49.51,44.5,45.18,49.51,45.01,49.51,64389,0.169119,114.75337,13.507825,0.1113,0.0958
2015-09-17,赢时胜,sz300377,53.88,48.01,50.0,48.52,49.51,48.52,70516,0.185243,112.45877,13.237723,0.1185,-0.0295
2015-09-18,赢时胜,sz300377,51.0,47.0,49.0,50.03,48.52,50.03,47691,0.125248,115.958626,13.649696,0.0824,0.021
2015-09-21,赢时胜,sz300377,55.03,48.31,48.95,55.03,50.03,55.03,66976,0.175928,127.54753,15.013847,0.1343,0.1242
2015-09-22,赢时胜,sz300377,58.58,53.32,56.93,55.87,55.03,55.87,102583,0.269455,129.49448,15.243025,0.0955,-0.0186
2015-09-23,赢时胜,sz300377,60.0,53.9,53.98,57.5,55.87,57.5,81493,0.214063,133.27245,15.687738,0.1091,0.0652
2015-09-24,赢时胜,sz300377,61.2,57.18,58.8,58.51,57.5,58.51,74919,0.196746,135.61342,15.963297,0.0699,-0.0049
2015-09-25,赢时胜,sz300377,59.25,52.71,57.0,53.49,58.51,53.49,56798,0.149147,123.97815,14.593689,0.1117,-0.0615
2015-09-28,赢时胜,sz300377,53.49,53.49,53.49,53.49,53.49,53.49,0,0.1355,133.99097,15.772316,0.0,0.0
2015-09-29,赢时胜,sz300377,57.3,54.05,56.8,55.59,53.49,55.59,52103,0.136881,128.84549,15.166632,0.0607,-0.0213
2015-09-30,赢时胜,sz300377,56.6,53.5,56.0,54.17,55.59,54.17,38078,0.100033,125.55424,14.779214,0.0557,-0.0326
2015-10-01,赢时胜,sz300377,54.17,54.17,54.17,54.17,54.17,54.17,0,0.0,0.0,0.0,0.0,0.0
2015-10-02,赢时胜,sz300377,54.17,54.17,54.17,54.17,54.17,54.17,0,0.0,0.0,0.0,0.0,0.0
2015-10-05,赢时胜,sz300377,54.17,54.17,54.17,54.17,54.17,54.17,0,0.0,0.0,0.0,0.0,0.0
2015-10-06,赢时胜,sz300377,54.17,54.17,54.17,54.17,54.17,54.17,0,0.0,0.0,0.0,0.0,0.0
2015-10-07,赢时胜,sz300377,54.17,54.17,54.17,54.17,54.17,54.17,0,0.0,0.0,0.0,0.0,0.0
2015-10-08,赢时胜,sz300377,59.59,56.2,57.0,59.59,54.17,59.59,41009,0.107701,138.11662,16.257954,0.0625,0.0454
2015-10-09,赢时胜,sz300377,60.48,58.02,60.0,59.98,59.59,59.98,69877,0.183504,139.02055,16.364357,0.0412,-3.0E-4
2015-10-12,赢时胜,sz300377,65.98,59.41,60.52,65.61,59.98,65.61,112673,0.295936,152.06966,17.90039,0.1095,0.0841
2015-10-13,赢时胜,sz300377,70.3,64.0,64.56,68.16,65.61,68.16,93714,0.246148,157.98001,18.596107,0.096,0.0557
2015-10-14,赢时胜,sz300377,67.95,64.6,67.0,65.5,68.16,65.5,65421,0.171815,151.81471,17.87038,0.0491,-0.0223
2015-10-15,赢时胜,sz300377,72.05,64.27,64.43,72.05,65.5,72.05,87663,0.230263,166.99619,19.657417,0.1187,0.1182
2015-10-16,赢时胜,sz300377,78.89,70.05,71.9,77.25,72.05,77.25,98976,0.259976,179.04865,21.076136,0.1226,0.0744
2015-10-19,赢时胜,sz300377,79.98,73.38,77.4,75.18,77.25,75.18,71125,0.186834,174.25084,20.511377,0.0854,-0.0286
2015-10-20,赢时胜,sz300377,82.7,74.11,74.58,82.7,75.18,82.7,67881,0.178271,191.68056,22.56306,0.1142,0.1088
2015-10-21,赢时胜,sz300377,90.97,78.0,84.5,78.35,82.7,78.35,131137,0.344438,181.5982,21.376247,0.1568,-0.0727
2015-10-22,赢时胜,sz300377,86.19,79.33,79.41,86.19,78.35,86.19,103308,0.271384,199.7696,23.515238,0.0875,0.0853
2015-10-23,赢时胜,sz300377,89.99,84.45,87.3,87.11,86.19,87.11,84050,0.220729,201.90198,23.766241,0.0642,-0.0021
2015-10-26,赢时胜,sz300377,87.0,79.0,86.8,83.37,87.11,83.37,76071,0.199812,193.23347,22.745855,0.0918,-0.0395
2015-10-27,赢时胜,sz300377,89.0,77.0,79.5,85.7,83.37,85.7,62787,0.164905,198.6339,23.381552,0.1439,0.0779
2015-10-28,赢时胜,sz300377,87.6,78.5,84.08,80.0,85.7,80.0,54796,0.143916,185.42255,21.826418,0.1061,-0.0485
2015-10-29,赢时胜,sz300377,83.5,77.0,80.5,81.09,80.0,81.09,45051,0.118341,187.94893,22.123802,0.0812,0.0073
2015-10-30,赢时胜,sz300377,84.5,77.01,79.9,79.82,81.09,79.82,46265,0.121516,185.00534,21.77731,0.0923,-0.001
2015-11-02,赢时胜,sz300377,82.38,75.06,76.6,77.36,79.82,77.36,36129,0.094905,179.3036,21.106148,0.0917,0.0099
2015-11-03,赢时胜,sz300377,79.8,76.5,78.0,77.99,77.36,77.99,30313,0.0,0.0,0.0,0.0426,-1.0E-4
2015-11-04,赢时胜,sz300377,85.79,78.5,78.5,85.79,77.99,85.79,57273,0.0,0.0,0.0,0.0934,0.0928
2015-11-05,赢时胜,sz300377,90.61,85.0,86.98,87.13,85.79,87.13,69339,0.0,0.0,0.0,0.0653,0.0017
2015-11-06,赢时胜,sz300377,94.47,86.24,86.24,91.9,87.13,91.9,73822,0.0,0.0,0.0,0.0944,0.0656
2015-11-09,赢时胜,sz300377,98.5,88.0,90.0,96.15,91.9,96.15,70119,0.0,0.0,0.0,0.1142,0.0683
2015-11-10,赢时胜,sz300377,97.98,91.42,94.7,92.16,96.15,92.16,59116,0.0,0.0,0.0,0.0682,-0.0268
2015-11-11,赢时胜,sz300377,92.1,88.77,91.99,91.5,92.16,91.5,57460,0.0,0.0,0.0,0.0361,-0.0053
2015-11-12,赢时胜,sz300377,95.3,89.4,92.07,91.29,91.5,91.29,52036,0.0,0.0,0.0,0.0644,-0.0084
2015-11-13,赢时胜,sz300377,93.5,88.9,88.9,89.95,91.29,89.95,54912,0.0,0.0,0.0,0.0503,0.0118
2015-11-16,赢时胜,sz300377,92.5,86.06,87.0,92.3,89.95,92.3,43750,0.0,0.0,0.0,0.0715,0.0609
2015-11-17,赢时胜,sz300377,94.98,88.2,94.0,88.6,92.3,88.6,54393,0.0,0.0,0.0,0.0734,-0.0574
2015-11-18,赢时胜,sz300377,90.3,81.26,88.5,82.31,88.6,82.31,45103,0.0,0.0,0.0,0.102,-0.0699
2015-11-19,赢时胜,sz300377,85.85,82.0,83.55,85.24,82.31,85.24,39533,0.0,0.0,0.0,0.0467,0.0202
2015-11-20,赢时胜,sz300377,86.75,83.21,84.89,85.02,85.24,85.02,39463,0.0,0.0,0.0,0.0415,0.0015
2015-11-23,赢时胜,sz300377,86.9,83.08,84.85,83.31,85.02,83.31,33530,0.0,0.0,0.0,0.0449,-0.0181
2015-11-24,赢时胜,sz300377,85.0,80.42,83.0,84.9,83.31,84.9,36467,0.0,0.0,0.0,0.0549,0.0228
2015-11-25,赢时胜,sz300377,93.39,84.18,85.0,93.39,84.9,93.39,58526,0.0,0.0,0.0,0.1084,0.0987
2015-11-26,赢时胜,sz300377,97.47,89.01,97.0,89.62,93.39,89.62,58160,0.0,0.0,0.0,0.0905,-0.076
2015-11-27,赢时胜,sz300377,94.98,84.5,87.85,86.0,89.62,86.0,69770,0.0,0.0,0.0,0.1169,-0.021
2015-11-30,赢时胜,sz300377,86.89,78.0,85.0,84.99,86.0,84.99,48293,0.0,0.0,0.0,0.1033,-1.0E-4
2015-12-01,赢时胜,sz300377,88.5,83.0,84.0,86.83,84.99,86.83,42837,0.0,0.0,0.0,0.0647,0.0336
2015-12-02,赢时胜,sz300377,87.3,78.83,86.0,87.28,86.83,87.28,48976,0.0,0.0,0.0,0.0975,0.0148
2015-12-03,赢时胜,sz300377,95.0,85.5,86.39,93.23,87.28,93.23,54461,0.0,0.0,0.0,0.1088,0.0791
2015-12-04,赢时胜,sz300377,92.99,88.7,92.08,90.0,93.23,90.0,43178,0.0,0.0,0.0,0.046,-0.0225
2015-12-07,赢时胜,sz300377,99.0,90.12,90.47,99.0,90.0,99.0,88845,0.0,0.0,0.0,0.0986,0.0942
2015-12-08,赢时胜,sz300377,106.08,94.85,98.0,102.55,99.0,102.55,100666,0.0,0.0,0.0,0.1134,0.0464
2015-12-09,赢时胜,sz300377,105.9,97.0,99.51,99.0,102.55,99.0,58650,0.0,0.0,0.0,0.0867,-0.0051
2015-12-10,赢时胜,sz300377,103.9,96.08,97.4,98.82,99.0,98.82,51901,0.0,0.0,0.0,0.0789,0.0145
2015-12-11,赢时胜,sz300377,100.26,94.5,97.0,94.57,98.82,94.57,39766,0.0,0.0,0.0,0.0582,-0.025
2015-12-14,赢时胜,sz300377,93.9,87.0,92.5,91.96,94.57,91.96,45991,0.0,0.0,0.0,0.0729,-0.0058
2015-12-15,赢时胜,sz300377,96.48,92.0,92.48,94.04,91.96,94.04,30994,0.0,0.0,0.0,0.0487,0.0168
2015-12-16,赢时胜,sz300377,95.85,92.29,94.04,95.0,94.04,95.0,30325,0.0,0.0,0.0,0.0378,0.0102
2015-12-17,赢时胜,sz300377,99.0,94.85,94.85,98.42,95.0,98.42,36100,0.0,0.0,0.0,0.0436,0.0376
2015-12-18,赢时胜,sz300377,98.45,93.0,98.42,94.3,98.42,94.3,36603,0.0,0.0,0.0,0.0553,-0.0418
2015-12-21,赢时胜,sz300377,94.73,90.2,94.73,91.88,94.3,91.88,30885,0.0,0.0,0.0,0.048,-0.03
2015-12-22,赢时胜,sz300377,93.88,89.96,93.59,92.18,91.88,92.18,30420,0.0,0.0,0.0,0.0426,-0.015
2015-12-23,赢时胜,sz300377,92.1,87.69,92.1,87.8,92.18,87.8,36739,0.0,0.0,0.0,0.0478,-0.0466
2015-12-24,赢时胜,sz300377,89.99,85.01,87.65,89.7,87.8,89.7,30410,0.0,0.0,0.0,0.0567,0.0233
2015-12-25,赢时胜,sz300377,89.85,87.0,89.6,87.83,89.7,87.83,22299,0.0,0.0,0.0,0.0317,-0.0197
2015-12-28,赢时胜,sz300377,89.94,86.01,88.48,86.01,87.83,86.01,23066,0.0,0.0,0.0,0.0447,-0.0279
2015-12-29,赢时胜,sz300377,86.54,84.0,85.16,84.49,86.01,84.49,24004,0.0,0.0,0.0,0.0295,-0.0078
2015-12-30,赢时胜,sz300377,87.79,84.49,84.5,86.76,84.49,86.76,21721,0.0,0.0,0.0,0.039,0.0267
2015-12-31,赢时胜,sz300377,87.2,82.01,87.2,82.17,86.76,82.17,25276,0.0,0.0,0.0,0.0598,-0.0576
2016-01-01,赢时胜,sz300377,87.2,82.01,87.2,82.17,82.17,82.17,25276,0.0,0.0,0.0,0.0631,-0.0576
2016-01-04,赢时胜,sz300377,82.0,73.95,82.0,73.95,82.17,73.95,20578,0.0,0.0,0.0,0.0979,-0.0981
2016-01-05,赢时胜,sz300377,71.97,66.56,66.98,67.68,73.95,67.68,39082,0.0,0.0,0.0,0.0731,0.0104
2016-01-06,赢时胜,sz300377,71.83,67.11,68.99,70.9,67.68,70.9,32860,0.0,0.0,0.0,0.0697,0.0276
2016-01-07,赢时胜,sz300377,68.99,63.81,68.99,63.81,70.9,63.81,6373,0.0,0.0,0.0,0.073,-0.075
2016-01-08,赢时胜,sz300377,66.0,57.45,65.6,62.5,63.81,62.5,34058,0.0,0.0,0.0,0.1339,-0.0472
2016-01-11,赢时胜,sz300377,61.65,56.25,59.9,56.25,62.5,56.25,33344,0.0,0.0,0.0,0.0863,-0.0609
2016-01-12,赢时胜,sz300377,58.95,55.0,55.0,57.93,56.25,57.93,40172,0.0,0.0,0.0,0.0702,0.0532
2016-01-13,赢时胜,sz300377,58.85,52.15,58.36,53.5,57.93,53.5,34370,0.0,0.0,0.0,0.1156,-0.0832
2016-01-14,赢时胜,sz300377,58.85,50.5,50.71,58.85,53.5,58.85,35299,0.0,0.0,0.0,0.156,0.1605
2016-01-15,赢时胜,sz300377,62.98,57.86,59.98,59.65,58.85,59.65,54863,0.0,0.0,0.0,0.087,-0.0055
2016-01-18,赢时胜,sz300377,65.62,58.01,58.33,65.62,59.65,65.62,51013,0.0,0.0,0.0,0.1275,0.1249
2016-01-19,赢时胜,sz300377,67.78,62.4,65.6,67.49,65.62,67.49,52723,0.0,0.0,0.0,0.0819,0.0288
2016-01-20,赢时胜,sz300377,66.69,63.79,66.5,64.21,67.49,64.21,39095,0.0,0.0,0.0,0.0429,-0.0344
2016-01-21,赢时胜,sz300377,67.66,62.4,64.01,62.4,64.21,62.4,40205,0.0,0.0,0.0,0.0819,-0.0251
2016-01-22,赢时胜,sz300377,65.0,60.25,63.8,63.5,62.4,63.5,41679,0.0,0.0,0.0,0.0761,-0.0047
2016-01-25,赢时胜,sz300377,64.5,61.57,64.0,62.69,63.5,62.69,31084,0.0,0.0,0.0,0.0461,-0.0204
2016-01-26,赢时胜,sz300377,62.75,56.42,61.32,56.42,62.69,56.42,30829,0.0,0.0,0.0,0.1009,-0.0799
2016-01-27,赢时胜,sz300377,58.1,51.06,56.9,57.11,56.42,57.11,38608,0.0,0.0,0.0,0.1247,0.0036
2016-01-28,赢时胜,sz300377,56.0,51.4,55.48,51.59,57.11,51.59,29542,0.0,0.0,0.0,0.0805,-0.0701
2016-01-29,赢时胜,sz300377,56.5,51.02,51.8,55.61,51.59,55.61,32665,0.0,0.0,0.0,0.1062,0.0735
2016-02-01,赢时胜,sz300377,55.99,52.3,55.15,54.45,55.61,54.45,28034,0.0,0.0,0.0,0.0663,-0.0126
2016-02-02,赢时胜,sz300377,59.9,54.52,54.6,59.9,54.45,59.9,46816,0.0,0.0,0.0,0.0988,0.097
2016-02-03,赢时胜,sz300377,61.86,58.31,59.0,61.15,59.9,61.15,39047,0.0,0.0,0.0,0.0592,0.0364
2016-02-04,赢时胜,sz300377,63.65,61.1,62.3,61.31,61.15,61.31,31910,0.0,0.0,0.0,0.0417,-0.0158
2016-02-05,赢时胜,sz300377,61.88,59.03,61.3,59.16,61.31,59.16,21694,0.0,0.0,0.0,0.0464,-0.0349
2016-02-08,赢时胜,sz300377,61.88,59.03,61.3,59.16,59.16,59.16,21694,0.0,0.0,0.0,0.0481,-0.0349
2016-02-09,赢时胜,sz300377,61.88,59.03,61.3,59.16,59.16,59.16,21694,0.0,0.0,0.0,0.0481,-0.0349
2016-02-10,赢时胜,sz300377,61.88,59.03,61.3,59.16,59.16,59.16,21694,0.0,0.0,0.0,0.0481,-0.0349
2016-02-11,赢时胜,sz300377,61.88,59.03,61.3,59.16,59.16,59.16,21694,0.0,0.0,0.0,0.0481,-0.0349
2016-02-12,赢时胜,sz300377,61.88,59.03,61.3,59.16,59.16,59.16,21694,0.0,0.0,0.0,0.0481,-0.0349
2016-02-15,赢时胜,sz300377,59.99,56.08,56.2,59.39,59.16,59.39,18614,0.0,0.0,0.0,0.066,0.0567
2016-02-16,赢时胜,sz300377,65.33,59.6,59.6,65.33,59.39,65.33,35388,0.0,0.0,0.0,0.0964,0.0961
2016-02-17,赢时胜,sz300377,66.07,63.08,65.0,65.65,65.33,65.65,34911,0.0,0.0,0.0,0.0457,0.01
2016-02-18,赢时胜,sz300377,66.98,63.03,66.59,63.54,65.65,63.54,41413,0.0,0.0,0.0,0.0601,-0.0458
2016-02-19,赢时胜,sz300377,65.02,63.02,63.78,63.99,63.54,63.99,28964,0.0,0.0,0.0,0.0314,0.0032
2016-02-22,赢时胜,sz300377,65.7,63.0,65.08,65.28,63.99,65.28,35550,0.0,0.0,0.0,0.0421,0.003
2016-02-23,赢时胜,sz300377,65.87,62.8,65.2,63.71,65.28,63.71,31669,0.0,0.0,0.0,0.047,-0.0228
2016-02-24,赢时胜,sz300377,62.8,58.6,62.3,62.28,63.71,62.28,47051,0.0,0.0,0.0,0.0659,-3.0E-4
2016-02-25,赢时胜,sz300377,61.46,56.05,61.46,56.05,62.28,56.05,31708,0.0,0.0,0.0,0.0868,-0.088
2016-02-26,赢时胜,sz300377,57.67,55.1,55.1,56.78,56.05,56.78,36304,0.0,0.0,0.0,0.0458,0.0304
2016-02-29,赢时胜,sz300377,56.59,51.1,56.39,51.1,56.78,51.1,34816,0.0,0.0,0.0,0.0966,-0.0938
2016-03-01,赢时胜,sz300377,53.94,49.0,51.4,53.08,51.1,53.08,25546,0.0,0.0,0.0,0.0966,0.0326
2016-03-02,赢时胜,sz300377,56.94,52.11,52.8,56.1,53.08,56.1,29726,0.0,0.0,0.0,0.0909,0.0625
2016-03-03,赢时胜,sz300377,61.5,55.06,58.5,58.0,56.1,58.0,40936,0.0,0.0,0.0,0.1147,-0.0085
2016-03-04,赢时胜,sz300377,58.1,53.67,57.15,55.11,58.0,55.11,33532,0.0,0.0,0.0,0.0763,-0.0356
2016-03-07,赢时胜,sz300377,59.39,56.05,56.28,57.9,55.11,57.9,34799,0.0,0.0,0.0,0.0606,0.0287
2016-03-08,赢时胜,sz300377,58.6,53.03,57.37,58.3,57.9,58.3,33855,0.0,0.0,0.0,0.0962,0.0162
2016-03-09,赢时胜,sz300377,0.0,0.0,0.0,0.0,58.3,0.0,0,0.0,0.0,0.0,0.0,0.0
2016-03-10,赢时胜,sz300377,0.0,0.0,0.0,0.0,0.0,0.0,0,0.0,0.0,0.0,0.0,0.0
2016-03-11,赢时胜,sz300377,0.0,0.0,0.0,0.0,0.0,0.0,0,0.0,0.0,0.0,0.0,0.0
2016-03-14,赢时胜,sz300377,0.0,0.0,0.0,0.0,0.0,0.0,0,0.0,0.0,0.0,0.0,0.0
2016-03-15,赢时胜,sz300377,0.0,0.0,0.0,0.0,0.0,0.0,0,0.0,0.0,0.0,0.0,0.0
2016-03-16,赢时胜,sz300377,0.0,0.0,0.0,0.0,0.0,0.0,0,0.0,0.0,0.0,0.0,0.0
2016-03-17,赢时胜,sz300377,0.0,0.0,0.0,0.0,0.0,0.0,0,0.0,0.0,0.0,0.0,0.0
2016-03-18,赢时胜,sz300377,0.0,0.0,0.0,0.0,0.0,0.0,0,0.0,0.0,0.0,0.0,0.0
2016-03-21,赢时胜,sz300377,64.13,64.13,64.13,64.13,0.0,64.13,820,0.0,0.0,0.0,0.0,0.0
2016-03-22,赢时胜,sz300377,70.54,70.54,70.54,70.54,64.13,70.54,4285,0.0,0.0,0.0,0.0,0.0
2016-03-23,赢时胜,sz300377,77.59,73.51,76.18,77.59,70.54,77.59,118831,0.0,0.0,0.0,0.0578,0.0185
2016-03-24,赢时胜,sz300377,83.8,77.6,78.4,79.0,77.59,79.0,115441,0.0,0.0,0.0,0.0799,0.0076
2016-03-25,赢时胜,sz300377,79.37,74.78,77.14,76.05,79.0,76.05,61518,0.0,0.0,0.0,0.0581,-0.0141
