2016-03-25
2012-06-04,德威新材,sz300325,15.9,15.64,15.89,15.64,16.63,3.6812,16808400,0.210105,0.0,0.0,0.0156,-0.0157
2012-06-05,德威新材,sz300325,15.69,15.35,15.55,15.48,15.64,3.6435,9738400,0.121731,0.0,0.0,0.0217,-0.0045
2012-06-06,德威新材,sz300325,15.67,15.44,15.5,15.54,15.48,3.6576,4940000,0.061751,0.0,0.0,0.0148,0.0025
2012-06-07,德威新材,sz300325,15.77,15.3,15.71,15.32,15.54,3.6059,4761300,0.059517,0.0,0.0,0.0302,-0.0248
2012-06-08,德威新材,sz300325,15.4,15.1,15.37,15.11,15.32,3.5564,5386000,0.067325,0.0,0.0,0.0195,-0.0169
2012-06-11,德威新材,sz300325,15.3,15.0,15.06,15.23,15.11,3.5847,5818400,0.072731,0.0,0.0,0.0198,0.0112
2012-06-12,德威新材,sz300325,15.25,15.02,15.05,15.12,15.23,3.5588,3680300,0.046004,0.0,0.0,0.0151,0.0046
2012-06-13,德威新材,sz300325,15.48,15.11,15.11,15.47,15.12,3.6412,6122600,0.076533,0.0,0.0,0.0244,0.0238
2012-06-14,德威新材,sz300325,15.63,15.35,15.4,15.43,15.47,3.6317,5950400,0.074381,0.0,0.0,0.018,0.0019
2012-06-15,德威新材,sz300325,15.56,15.34,15.46,15.49,15.43,3.6459,4032100,0.050402,0.0,0.0,0.0142,0.0019
2012-06-18,德威新材,sz300325,15.74,15.48,15.48,15.72,15.49,3.7,6292700,0.078659,0.0,0.0,0.0167,0.0155
2012-06-19,德威新材,sz300325,15.7,15.39,15.7,15.4,15.72,3.6247,5045700,0.063071,0.0,0.0,0.0197,-0.0191
2012-06-20,德威新材,sz300325,15.79,15.41,15.43,15.71,15.4,3.6976,7012200,0.087653,0.0,0.0,0.0246,0.0181
2012-06-21,德威新材,sz300325,15.74,15.31,15.63,15.43,15.71,3.6317,4724100,0.059052,0.0,0.0,0.0273,-0.0127
2012-06-22,德威新材,sz300325,15.43,15.43,15.43,15.43,15.43,3.6317,0,0.0,0.0,0.0,0.0,0.0
2012-06-25,德威新材,sz300325,15.4,15.18,15.4,15.19,15.43,3.5753,2445200,0.030565,0.0,0.0,0.0142,-0.0136
2012-06-26,德威新材,sz300325,16.48,15.15,15.25,16.15,15.19,3.8012,17420900,0.217762,0.0,0.0,0.0875,0.059
2012-06-27,德威新材,sz300325,16.49,15.77,15.96,15.95,16.15,3.7541,16555600,0.206946,0.0,0.0,0.0445,-6.0E-4
2012-06-28,德威新材,sz300325,16.09,15.6,15.97,15.6,15.95,3.6718,9218600,0.115233,0.0,0.0,0.0307,-0.0231
2012-06-29,德威新材,sz300325,15.96,15.32,15.47,15.96,15.6,3.7565,8034700,0.100434,0.0,0.0,0.041,0.0316
2012-07-02,德威新材,sz300325,16.33,15.77,15.94,16.21,15.96,3.8153,8915700,0.111447,0.0,0.0,0.035,0.0169
2012-07-03,德威新材,sz300325,16.58,16.0,16.1,16.48,16.21,3.8789,12988500,0.162357,0.0,0.0,0.0357,0.0236
2012-07-04,德威新材,sz300325,16.89,16.15,16.26,16.19,16.48,3.8106,11672600,0.145908,0.0,0.0,0.0449,-0.0043
2012-07-05,德威新材,sz300325,16.54,15.93,16.15,16.45,16.19,3.8718,9257200,0.115716,0.0,0.0,0.0376,0.0185
2012-07-06,德威新材,sz300325,16.5,15.48,16.41,16.13,16.45,3.7965,9171200,0.114641,0.0,0.0,0.062,-0.017
2012-07-09,德威新材,sz300325,15.96,15.38,15.96,15.39,16.13,3.6223,5975900,0.0747,0.0,0.0,0.0359,-0.0357
2012-07-10,德威新材,sz300325,15.45,15.2,15.45,15.2,15.39,3.5776,3327600,0.041595,0.0,0.0,0.0162,-0.0161
2012-07-11,德威新材,sz300325,15.32,15.12,15.21,15.2,15.2,3.5776,2694600,0.033683,0.0,0.0,0.0131,-6.0E-4
2012-07-12,德威新材,sz300325,15.51,15.1,15.13,15.4,15.2,3.6247,3453900,0.043175,0.0,0.0,0.0269,0.0178
2012-07-13,德威新材,sz300325,15.46,14.36,15.3,14.36,15.4,3.3799,7872500,0.098406,0.0,0.0,0.0714,-0.0614
2012-07-16,德威新材,sz300325,14.38,13.53,14.28,13.6,14.36,3.201,4564400,0.057056,0.0,0.0,0.0591,-0.0476
2012-07-17,德威新材,sz300325,13.96,13.61,13.63,13.85,13.6,3.2599,2010300,0.02513,0.0,0.0,0.0257,0.0161
2012-07-18,德威新材,sz300325,13.89,13.49,13.85,13.89,13.85,3.2693,1755200,0.021941,0.0,0.0,0.0288,0.0028
2012-07-19,德威新材,sz300325,14.49,13.74,13.84,14.24,13.89,3.3517,3382400,0.04228,0.0,0.0,0.0539,0.0289
2012-07-20,德威新材,sz300325,14.46,14.09,14.2,14.24,14.24,3.3517,1732200,0.021653,0.0,0.0,0.0259,0.0028
2012-07-23,德威新材,sz300325,14.27,14.03,14.07,14.2,14.24,3.3422,1258700,0.015734,0.0,0.0,0.0168,0.0092
2012-07-24,德威新材,sz300325,14.36,14.1,14.1,14.33,14.2,3.3728,1739000,0.021738,0.0,0.0,0.0183,0.0163
2012-07-25,德威新材,sz300325,14.68,14.18,14.27,14.33,14.33,3.3728,2789000,0.034863,0.0,0.0,0.0348,0.0042
2012-07-26,德威新材,sz300325,14.35,14.05,14.23,14.1,14.33,3.3187,1884400,0.023556,0.0,0.0,0.0209,-0.0091
2012-07-27,德威新材,sz300325,14.21,14.04,14.15,14.1,14.1,3.3187,1413400,0.017668,0.0,0.0,0.012,-0.0035
2012-07-30,德威新材,sz300325,14.18,13.54,14.16,13.66,14.1,3.2151,1549100,0.019364,0.0,0.0,0.0453,-0.0353
2012-07-31,德威新材,sz300325,13.74,13.34,13.56,13.62,13.66,3.2057,1807900,0.0226,0.0,0.0,0.0292,0.0044
2012-08-01,德威新材,sz300325,14.09,13.53,13.71,13.95,13.62,3.2834,2389500,0.029869,0.0,0.0,0.0411,0.0175
2012-08-02,德威新材,sz300325,14.1,13.76,13.9,13.9,13.95,3.2716,1415600,0.017695,0.0,0.0,0.0243,0.0
2012-08-03,德威新材,sz300325,14.35,13.95,14.04,14.34,13.9,3.3752,2920100,0.036502,0.0,0.0,0.0287,0.0213
2012-08-06,德威新材,sz300325,14.59,14.18,14.27,14.55,14.34,3.4246,3423200,0.042791,0.0,0.0,0.0285,0.0196
2012-08-07,德威新材,sz300325,14.63,14.34,14.51,14.45,14.55,3.4011,2516700,0.031459,0.0,0.0,0.0199,-0.0041
2012-08-08,德威新材,sz300325,14.55,14.18,14.45,14.29,14.45,3.3634,2139900,0.026749,0.0,0.0,0.0256,-0.011
2012-08-09,德威新材,sz300325,14.64,14.22,14.29,14.6,14.29,3.4364,2381800,0.029774,0.0,0.0,0.0293,0.0216
2012-08-10,德威新材,sz300325,14.63,14.42,14.58,14.57,14.6,3.4293,1976700,0.02471,0.0,0.0,0.0143,-6.0E-4
2012-08-13,德威新材,sz300325,14.69,14.3,14.6,14.34,14.57,3.3752,2687300,0.033591,0.0,0.0,0.0267,-0.0178
2012-08-14,德威新材,sz300325,14.55,14.14,14.33,14.52,14.34,3.4176,2022200,0.025278,0.0,0.0,0.0285,0.0132
2012-08-15,德威新材,sz300325,14.82,14.33,14.39,14.56,14.52,3.427,3237500,0.040469,0.0,0.0,0.0337,0.0118
2012-08-16,德威新材,sz300325,14.56,14.2,14.53,14.3,14.56,3.3658,2574300,0.03218,0.0,0.0,0.0247,-0.0158
2012-08-17,德威新材,sz300325,14.4,14.05,14.27,14.19,14.3,3.3399,1947200,0.024341,0.0,0.0,0.0244,-0.0056
2012-08-20,德威新材,sz300325,14.25,14.01,14.2,14.2,14.19,3.3422,1947800,0.024348,0.0,0.0,0.0169,0.0
2012-08-21,德威新材,sz300325,14.57,14.13,14.21,14.49,14.2,3.4105,3725100,0.046564,0.0,0.0,0.0309,0.0197
2012-08-22,德威新材,sz300325,14.69,14.4,14.5,14.64,14.49,3.4458,5232800,0.065411,0.0,0.0,0.02,0.0096
2012-08-23,德威新材,sz300325,14.97,14.56,14.61,14.93,14.64,3.5141,5192100,0.064902,0.0,0.0,0.028,0.0219
2012-08-24,德威新材,sz300325,14.84,14.45,14.84,14.5,14.93,3.4128,3577900,0.044724,0.0,0.0,0.0261,-0.0229
2012-08-27,德威新材,sz300325,14.58,14.09,14.42,14.11,14.5,3.3211,2260400,0.028255,0.0,0.0,0.0337,-0.0214
2012-08-28,德威新材,sz300325,14.39,14.03,14.35,14.28,14.11,3.3611,2533100,0.031665,0.0,0.0,0.0255,-0.0048
2012-08-29,德威新材,sz300325,14.58,14.18,14.2,14.35,14.28,3.3775,2195800,0.027448,0.0,0.0,0.028,0.0105
2012-08-30,德威新材,sz300325,14.49,13.72,14.28,13.95,14.35,3.2834,3449100,0.043115,0.0,0.0,0.0536,-0.0231
2012-08-31,德威新材,sz300325,14.16,13.9,13.95,14.11,13.95,3.3211,1356200,0.016953,0.0,0.0,0.0186,0.0114
2012-09-03,德威新材,sz300325,14.53,13.91,13.98,14.39,14.11,3.387,2315800,0.028948,0.0,0.0,0.0439,0.0293
2012-09-04,德威新材,sz300325,14.9,14.4,14.43,14.62,14.39,3.4411,5911900,0.073899,0.0,0.0,0.0347,0.0131
2012-09-05,德威新材,sz300325,15.08,14.46,14.46,14.9,14.62,3.507,5850600,0.073133,0.0,0.0,0.0424,0.0304
2012-09-06,德威新材,sz300325,15.1,14.75,15.06,14.95,14.9,3.5188,4362100,0.054526,0.0,0.0,0.0234,-0.0073
2012-09-07,德威新材,sz300325,15.36,15.01,15.05,15.23,14.95,3.5847,7547300,0.094342,0.0,0.0,0.0234,0.0119
2012-09-10,德威新材,sz300325,15.57,15.13,15.25,15.25,15.23,3.5894,5774600,0.072183,0.0,0.0,0.0288,0.0
2012-09-11,德威新材,sz300325,15.31,15.0,15.15,15.06,15.25,3.5447,4074600,0.050934,0.0,0.0,0.0203,-0.0059
2012-09-12,德威新材,sz300325,15.23,14.86,15.12,15.04,15.06,3.5399,3433100,0.042914,0.0,0.0,0.0245,-0.0052
2012-09-13,德威新材,sz300325,15.25,14.97,15.08,14.99,15.04,3.5282,2847000,0.035588,0.0,0.0,0.0186,-0.0059
2012-09-14,德威新材,sz300325,15.15,14.62,15.1,15.01,14.99,3.5329,4476600,0.055958,0.0,0.0,0.0353,-0.0059
2012-09-17,德威新材,sz300325,15.01,14.53,15.01,14.55,15.01,3.4246,2473900,0.030924,0.0,0.0,0.0319,-0.0306
2012-09-18,德威新材,sz300325,14.88,14.49,14.65,14.78,14.55,3.4788,2387700,0.029847,0.0,0.0,0.0268,0.0088
2012-09-19,德威新材,sz300325,15.15,14.71,14.75,15.1,14.78,3.5541,3476500,0.043457,0.0,0.0,0.0297,0.0237
2012-09-20,德威新材,sz300325,15.05,14.34,15.05,14.38,15.1,3.3846,3350500,0.041882,0.0,0.0,0.047,-0.0445
2012-09-21,德威新材,sz300325,14.46,13.96,14.3,14.0,14.38,3.3894,1714400,0.02143,0.0,0.0,0.0347,-0.0209
2012-09-24,德威新材,sz300325,14.14,13.7,14.0,14.1,14.0,3.4137,962500,0.012032,0.0,0.0,0.0314,0.0071
2012-09-25,德威新材,sz300325,14.09,13.81,14.03,13.81,14.1,3.3434,1101000,0.013763,0.0,0.0,0.0198,-0.0156
2012-09-26,德威新材,sz300325,13.95,13.41,13.78,13.47,13.81,3.2611,1301700,0.016272,0.0,0.0,0.0391,-0.0224
2012-09-27,德威新材,sz300325,13.94,13.47,13.47,13.84,13.47,3.3507,1207800,0.015099,0.0,0.0,0.0348,0.0274
2012-09-28,德威新材,sz300325,14.1,13.7,13.7,14.03,13.84,3.3967,1170400,0.01463,0.0,0.0,0.0289,0.024
2012-10-01,德威新材,sz300325,14.03,14.03,14.03,14.03,14.03,3.3967,0,0.0,0.0,0.0,0.0,0.0
2012-10-02,德威新材,sz300325,14.03,14.03,14.03,14.03,14.03,3.3967,0,0.0,0.0,0.0,0.0,0.0
2012-10-03,德威新材,sz300325,14.03,14.03,14.03,14.03,14.03,3.3967,0,0.0,0.0,0.0,0.0,0.0
2012-10-04,德威新材,sz300325,14.03,14.03,14.03,14.03,14.03,3.3967,0,0.0,0.0,0.0,0.0,0.0
2012-10-05,德威新材,sz300325,14.03,14.03,14.03,14.03,14.03,3.3967,0,0.0,0.0,0.0,0.0,0.0
2012-10-08,德威新材,sz300325,14.1,13.8,14.06,13.89,14.03,3.3628,832600,0.010408,0.0,0.0,0.0213,-0.012
2012-10-09,德威新材,sz300325,15.28,13.92,14.04,15.28,13.89,3.6993,12996000,0.16245,0.0,0.0,0.0979,0.0883
2012-10-10,德威新材,sz300325,16.3,15.36,15.51,15.64,15.28,3.7865,20166500,0.252082,0.0,0.0,0.0615,0.0083
2012-10-11,德威新材,sz300325,15.38,14.81,15.26,14.88,15.64,3.6025,11123400,0.139044,0.0,0.0,0.0364,-0.0249
2012-10-12,德威新材,sz300325,15.1,14.61,14.74,14.85,14.88,3.5952,7689200,0.096115,0.0,0.0,0.0329,0.0074
2012-10-15,德威新材,sz300325,14.89,14.11,14.85,14.37,14.85,3.479,6943300,0.086792,0.0,0.0,0.0525,-0.0323
2012-10-16,德威新材,sz300325,14.67,14.3,14.38,14.48,14.37,3.5057,3561100,0.044514,0.0,0.0,0.0257,0.0069
2012-10-17,德威新材,sz300325,14.8,14.47,14.51,14.71,14.48,3.5613,3958700,0.049484,0.0,0.0,0.0227,0.0137
2012-10-18,德威新材,sz300325,14.88,14.68,14.7,14.81,14.71,3.5856,3993600,0.049921,0.0,0.0,0.0135,0.0074
2012-10-19,德威新材,sz300325,14.81,14.51,14.81,14.54,14.81,3.5202,3288500,0.041107,0.0,0.0,0.0202,-0.0182
2012-10-22,德威新材,sz300325,14.74,14.38,14.41,14.71,14.54,3.5613,2108500,0.026357,0.0,0.0,0.0247,0.0208
2012-10-23,德威新材,sz300325,14.8,14.52,14.8,14.56,14.71,3.525,1924000,0.024051,0.0,0.0,0.019,-0.0162
2012-10-24,德威新材,sz300325,14.73,14.41,14.5,14.66,14.56,3.5492,2013800,0.025174,0.0,0.0,0.0219,0.011
2012-10-25,德威新材,sz300325,14.87,14.52,14.77,14.55,14.66,3.5226,2881200,0.036016,0.0,0.0,0.0238,-0.0148
2012-10-26,德威新材,sz300325,14.68,13.96,14.68,14.03,14.55,3.3967,3575200,0.044691,0.0,0.0,0.0494,-0.0442
2012-10-29,德威新材,sz300325,14.07,13.8,13.86,14.03,14.03,3.3967,1554700,0.019435,0.0,0.0,0.0192,0.0122
2012-10-30,德威新材,sz300325,14.19,13.9,13.9,14.16,14.03,3.4282,1549300,0.019366,0.0,0.0,0.0206,0.0187
2012-10-31,德威新材,sz300325,14.19,13.96,14.18,14.19,14.16,3.4354,1200600,0.015008,0.0,0.0,0.0162,7.0E-4
2012-11-01,德威新材,sz300325,14.47,14.1,14.2,14.37,14.19,3.479,2266600,0.028334,0.0,0.0,0.026,0.0119
2012-11-02,德威新材,sz300325,14.44,14.2,14.37,14.38,14.37,3.4814,1260000,0.01575,0.0,0.0,0.0167,6.0E-4
2012-11-05,德威新材,sz300325,14.42,14.15,14.42,14.29,14.38,3.4597,1095200,0.013691,0.0,0.0,0.0187,-0.009
2012-11-06,德威新材,sz300325,14.31,14.03,14.25,14.26,14.29,3.4524,1793500,0.02242,0.0,0.0,0.0195,7.0E-4
2012-11-07,德威新材,sz300325,14.33,14.11,14.33,14.27,14.26,3.4548,993500,0.01242,0.0,0.0,0.0154,-0.0041
2012-11-08,德威新材,sz300325,14.19,13.9,14.06,13.97,14.27,3.3822,1494900,0.018687,0.0,0.0,0.0203,-0.0064
2012-11-09,德威新材,sz300325,14.02,13.81,13.96,13.94,13.97,3.3749,787300,0.009841,0.0,0.0,0.015,-0.0014
2012-11-12,德威新材,sz300325,14.17,13.95,13.96,14.07,13.94,3.4064,1595000,0.019938,0.0,0.0,0.0157,0.0078
2012-11-13,德威新材,sz300325,14.14,13.75,14.14,13.77,14.07,3.3338,1182000,0.014775,0.0,0.0,0.0277,-0.0261
2012-11-14,德威新材,sz300325,13.93,13.74,13.79,13.9,13.77,3.3652,872600,0.010908,0.0,0.0,0.0137,0.0079
2012-11-15,德威新材,sz300325,13.9,13.55,13.88,13.59,13.9,3.2902,1506000,0.018825,0.0,0.0,0.0251,-0.0208
2012-11-16,德威新材,sz300325,13.79,13.51,13.51,13.7,13.59,3.3168,848100,0.010602,0.0,0.0,0.0206,0.014
2012-11-19,德威新材,sz300325,13.92,13.66,13.73,13.92,13.7,3.3701,834500,0.010432,0.0,0.0,0.0189,0.0138
2012-11-20,德威新材,sz300325,14.3,13.92,14.0,14.06,13.92,3.404,2243900,0.02805,0.0,0.0,0.0272,0.0042
2012-11-21,德威新材,sz300325,14.19,13.88,14.15,14.15,14.06,3.4258,1277300,0.015967,0.0,0.0,0.022,0.0
2012-11-22,德威新材,sz300325,14.25,14.01,14.15,14.08,14.15,3.4088,1371300,0.017142,0.0,0.0,0.0169,-0.0049
2012-11-23,德威新材,sz300325,14.17,13.98,14.17,14.06,14.08,3.404,1118900,0.013987,0.0,0.0,0.0134,-0.0077
2012-11-26,德威新材,sz300325,14.2,13.88,13.93,13.88,14.06,3.3604,570800,0.007135,0.0,0.0,0.0227,-0.0035
2012-11-27,德威新材,sz300325,13.87,13.38,13.87,13.5,13.88,3.2684,1622400,0.020281,0.0,0.0,0.0353,-0.0266
2012-11-28,德威新材,sz300325,13.55,13.1,13.42,13.18,13.5,3.1909,1107100,0.013839,0.0,0.0,0.0333,-0.0178
2012-11-29,德威新材,sz300325,13.3,12.89,13.3,12.9,13.18,3.1231,536800,0.00671,0.0,0.0,0.0311,-0.03
2012-11-30,德威新材,sz300325,13.12,12.83,13.07,13.1,12.9,3.1716,800800,0.01001,0.0,0.0,0.0224,0.0022
2012-12-03,德威新材,sz300325,13.1,12.58,13.0,12.6,13.1,3.0505,664100,0.008302,0.0,0.0,0.0396,-0.0307
2012-12-04,德威新材,sz300325,12.79,12.36,12.6,12.73,12.6,3.082,897300,0.011217,0.0,0.0,0.0341,0.0103
2012-12-05,德威新材,sz300325,13.32,12.63,12.63,13.15,12.73,3.1837,2088200,0.026103,0.0,0.0,0.0542,0.0411
2012-12-06,德威新材,sz300325,13.2,13.03,13.08,13.06,13.15,3.1619,705900,0.008825,0.0,0.0,0.0129,-0.0015
2012-12-07,德威新材,sz300325,13.34,13.04,13.1,13.34,13.06,3.2297,1856500,0.023207,0.0,0.0,0.0229,0.0183
2012-12-10,德威新材,sz300325,13.52,13.3,13.31,13.48,13.34,3.2636,1984500,0.024807,0.0,0.0,0.0164,0.0127
2012-12-11,德威新材,sz300325,13.47,13.3,13.44,13.31,13.48,3.2224,1450400,0.018131,0.0,0.0,0.0126,-0.0096
2012-12-12,德威新材,sz300325,13.44,13.14,13.36,13.43,13.31,3.2514,1695600,0.021196,0.0,0.0,0.0225,0.0052
2012-12-13,德威新材,sz300325,13.5,13.19,13.37,13.2,13.43,3.1958,1128600,0.014108,0.0,0.0,0.023,-0.0127
2012-12-14,德威新材,sz300325,13.75,13.16,13.16,13.7,13.2,3.3168,2577600,0.03222,0.0,0.0,0.0446,0.041
2012-12-17,德威新材,sz300325,13.85,13.61,13.71,13.73,13.7,3.3241,2585400,0.032319,0.0,0.0,0.0175,0.0014
2012-12-18,德威新材,sz300325,13.95,13.59,13.7,13.72,13.73,3.3217,2197600,0.02747,0.0,0.0,0.0262,0.0014
2012-12-19,德威新材,sz300325,13.9,13.72,13.72,13.85,13.72,3.3531,1477500,0.01847,0.0,0.0,0.0131,0.0094
2012-12-20,德威新材,sz300325,14.52,13.75,13.8,14.24,13.85,3.4476,5992300,0.074905,0.0,0.0,0.0555,0.0318
2012-12-21,德威新材,sz300325,15.48,14.2,14.24,15.36,14.24,3.7187,13196200,0.164953,0.0,0.0,0.0898,0.0786
2012-12-24,德威新材,sz300325,16.15,15.13,15.35,15.83,15.36,3.8325,13759700,0.171997,0.0,0.0,0.0664,0.0312
2012-12-25,德威新材,sz300325,16.15,15.6,15.77,16.03,15.83,3.8809,12069100,0.150864,0.0,0.0,0.0347,0.0164
2012-12-26,德威新材,sz300325,17.63,15.87,15.89,17.41,16.03,4.215,24086600,0.301083,0.0,0.0,0.1097,0.0956
2012-12-27,德威新材,sz300325,17.56,16.81,17.25,16.92,17.41,4.0964,17401400,0.217518,0.0,0.0,0.043,-0.0191
2012-12-28,德威新材,sz300325,17.39,16.71,16.79,16.86,16.92,4.0819,18274100,0.228427,0.0,0.0,0.0401,0.0041
2012-12-31,德威新材,sz300325,17.01,16.31,16.9,16.63,16.86,4.0262,9354100,0.116927,0.0,0.0,0.0415,-0.0159
2013-01-04,德威新材,sz300325,17.3,16.44,16.5,17.1,16.63,17.22215,3186654,0.159333,0.0,0.0,0.0517,0.0363
2013-01-07,德威新材,sz300325,17.16,16.7,17.01,17.09,17.1,17.212076,1888333,0.094417,0.0,0.0,0.0269,0.0047
2013-01-08,德威新材,sz300325,17.51,16.78,16.98,16.85,17.09,16.970367,3459769,0.172988,0.0,0.0,0.0427,-0.0076
2013-01-09,德威新材,sz300325,16.78,16.13,16.6,16.31,16.85,16.426517,2551456,0.127573,0.0,0.0,0.0385,-0.0174
2013-01-10,德威新材,sz300325,16.6,16.17,16.34,16.35,16.31,16.466795,1298269,0.064913,0.0,0.0,0.0263,6.0E-4
2013-01-11,德威新材,sz300325,17.99,16.7,16.7,17.99,16.35,18.118515,5617220,0.280861,0.0,0.0,0.0788,0.0772
2013-01-14,德威新材,sz300325,19.79,19.51,19.79,19.79,17.99,19.93138,4771085,0.238554,0.0,0.0,0.0155,0.0
2013-01-15,德威新材,sz300325,21.44,19.91,20.09,20.65,19.79,20.797518,9968775,0.498439,0.0,0.0,0.0773,0.0278
2013-01-16,德威新材,sz300325,22.72,20.49,20.66,22.72,20.65,22.882303,7207732,0.360387,0.0,0.0,0.1079,0.0997
2013-01-17,德威新材,sz300325,23.74,20.45,23.49,20.45,22.72,20.596087,9696589,0.484829,0.0,0.0,0.1448,-0.1294
2013-01-18,德威新材,sz300325,20.73,20.01,20.1,20.15,20.45,20.293941,5087472,0.254374,0.0,0.0,0.0352,0.0024
2013-01-21,德威新材,sz300325,21.75,20.13,20.16,20.96,20.15,21.109737,5940755,0.297038,0.0,0.0,0.0803,0.0396
2013-01-22,德威新材,sz300325,20.71,19.58,20.66,20.0,20.96,20.14287,3927470,0.196374,0.0,0.0,0.0539,-0.0319
2013-01-23,德威新材,sz300325,20.62,19.8,19.9,20.52,20.0,20.666584,3318786,0.165939,0.0,0.0,0.041,0.0311
2013-01-24,德威新材,sz300325,20.59,18.85,20.31,19.33,20.52,19.468088,3886920,0.194346,0.0,0.0,0.0847,-0.0482
2013-01-25,德威新材,sz300325,19.69,19.11,19.28,19.41,19.33,19.548666,2230774,0.111539,0.0,0.0,0.03,0.0067
2013-01-28,德威新材,sz300325,19.94,19.39,19.52,19.89,19.41,20.032104,2479017,0.123951,0.0,0.0,0.0283,0.0189
2013-01-29,德威新材,sz300325,20.55,19.81,19.9,19.99,19.89,20.132826,2687155,0.134358,0.0,0.0,0.0372,0.0045
2013-01-30,德威新材,sz300325,20.3,19.2,20.16,20.3,19.99,20.445045,2328834,0.116442,0.0,0.0,0.055,0.0069
2013-01-31,德威新材,sz300325,19.88,19.55,19.7,19.82,20.3,19.961622,1364558,0.068228,0.0,0.0,0.0162,0.006
2013-02-01,德威新材,sz300325,20.69,19.62,19.62,20.58,19.82,20.72705,3636704,0.181835,0.0,0.0,0.0539,0.0489
2013-02-04,德威新材,sz300325,20.58,19.6,20.41,19.71,20.58,19.850836,2504672,0.125234,0.0,0.0,0.0476,-0.0342
2013-02-05,德威新材,sz300325,20.19,19.24,19.5,20.01,19.71,20.152987,2126340,0.106317,0.0,0.0,0.0481,0.0261
2013-02-06,德威新材,sz300325,20.14,19.61,20.03,19.85,20.01,19.991842,1560216,0.078011,0.0,0.0,0.0264,-0.0089
2013-02-07,德威新材,sz300325,20.33,19.52,19.8,20.24,19.85,20.384623,1851824,0.092591,0.0,0.0,0.0408,0.0222
2013-02-08,德威新材,sz300325,21.2,20.07,20.25,21.03,20.24,21.180275,3574879,0.178744,0.0,0.0,0.0558,0.0385
2013-02-18,德威新材,sz300325,21.03,20.5,21.03,20.65,21.03,20.797567,1969804,0.09849,0.0,0.0,0.0252,-0.018
2013-02-19,德威新材,sz300325,20.77,19.74,20.6,19.76,20.65,19.901215,1870126,0.093506,0.0,0.0,0.0498,-0.0407
2013-02-20,德威新材,sz300325,20.09,19.61,19.61,20.07,19.76,20.213425,1333363,0.066668,0.0,0.0,0.0242,0.0234
2013-02-21,德威新材,sz300325,20.03,19.52,19.83,19.62,20.07,19.760199,1387717,0.069386,0.0,0.0,0.0254,-0.0105
2013-02-22,德威新材,sz300325,19.87,19.39,19.62,19.42,19.62,19.558764,917463,0.045873,0.0,0.0,0.0244,-0.0101
2013-02-25,德威新材,sz300325,19.7,19.13,19.48,19.56,19.42,19.699762,1071217,0.053561,0.0,0.0,0.0293,0.0041
2013-02-26,德威新材,sz300325,19.86,19.3,19.53,19.45,19.56,19.58897,1026592,0.05133,0.0,0.0,0.0286,-0.004
2013-02-27,德威新材,sz300325,19.55,18.8,19.36,18.85,19.45,18.98469,1499542,0.074977,0.0,0.0,0.0385,-0.0263
2013-02-28,德威新材,sz300325,19.24,18.66,18.92,19.18,18.85,19.317055,1179627,0.058981,0.0,0.0,0.0307,0.0137
2013-03-01,德威新材,sz300325,19.68,19.08,19.18,19.61,19.18,19.750124,1362375,0.068119,0.0,0.0,0.0312,0.0224
2013-03-04,德威新材,sz300325,19.45,18.5,19.44,18.62,19.61,18.75306,1454179,0.072709,0.0,0.0,0.0484,-0.0421
2013-03-05,德威新材,sz300325,19.02,18.43,18.43,18.95,18.62,19.085419,781986,0.039099,0.0,0.0,0.0316,0.0282
2013-03-06,德威新材,sz300325,19.74,19.05,19.29,19.68,18.95,19.820627,2032389,0.101619,0.0,0.0,0.0364,0.0202
2013-03-07,德威新材,sz300325,19.78,19.07,19.78,19.2,19.68,19.337202,1149531,0.057477,0.0,0.0,0.036,-0.0293
2013-03-08,德威新材,sz300325,19.46,18.88,19.3,19.0,19.2,19.135767,782632,0.039132,0.0,0.0,0.0302,-0.0155
2013-03-11,德威新材,sz300325,19.25,18.7,18.91,18.98,19.0,19.115618,431934,0.021597,0.0,0.0,0.0289,0.0037
2013-03-12,德威新材,sz300325,19.3,17.89,18.88,18.05,18.98,18.17897,1375277,0.068764,0.0,0.0,0.0742,-0.0439
2013-03-13,德威新材,sz300325,18.18,17.55,18.0,17.92,18.05,18.048046,776740,0.038837,0.0,0.0,0.0349,-0.0044
2013-03-14,德威新材,sz300325,18.12,17.8,17.92,17.94,17.92,18.068188,379746,0.018987,0.0,0.0,0.0178,0.0011
2013-03-15,德威新材,sz300325,18.35,17.72,17.95,17.99,17.94,18.118544,712363,0.035618,0.0,0.0,0.0351,0.0022
2013-03-18,德威新材,sz300325,18.0,17.7,17.86,17.72,17.99,17.84662,426333,0.021317,0.0,0.0,0.0166,-0.0078
2013-03-19,德威新材,sz300325,18.12,17.58,17.77,17.98,17.72,18.108484,495247,0.024762,0.0,0.0,0.0304,0.0118
2013-03-20,德威新材,sz300325,18.63,17.89,17.97,18.59,17.98,18.72285,937859,0.046893,0.0,0.0,0.0411,0.0345
2013-03-21,德威新材,sz300325,18.98,18.45,18.53,18.75,18.59,18.883999,1050034,0.052502,0.0,0.0,0.0285,0.0118
2013-03-22,德威新材,sz300325,18.89,18.46,18.7,18.67,18.75,18.803421,563061,0.028153,0.0,0.0,0.0229,-0.0016
2013-03-25,德威新材,sz300325,18.8,18.41,18.76,18.5,18.67,18.632196,530819,0.026541,0.0,0.0,0.0208,-0.0138
2013-03-26,德威新材,sz300325,18.45,17.67,18.32,17.98,18.5,18.108482,785776,0.039289,0.0,0.0,0.0421,-0.0185
2013-03-27,德威新材,sz300325,18.16,17.77,17.9,18.1,17.98,18.22934,534290,0.026714,0.0,0.0,0.0216,0.0111
2013-03-28,德威新材,sz300325,17.95,17.3,17.9,17.35,18.1,17.473988,753541,0.037677,0.0,0.0,0.0359,-0.0307
2013-03-29,德威新材,sz300325,17.53,17.15,17.36,17.16,17.35,17.28263,542729,0.027136,0.0,0.0,0.0219,-0.0115
2013-04-01,德威新材,sz300325,17.59,17.12,17.16,17.37,17.16,17.494135,421447,0.021072,0.0,0.0,0.0273,0.0122
2013-04-02,德威新材,sz300325,17.63,17.19,17.45,17.24,17.37,17.363209,410063,0.020503,0.0,0.0,0.0253,-0.012
2013-04-03,德威新材,sz300325,17.45,17.05,17.24,17.41,17.24,17.534428,260367,0.013018,0.0,0.0,0.0232,0.0098
2013-04-08,德威新材,sz300325,17.61,16.92,17.21,17.61,17.41,17.735863,673145,0.033657,0.0,0.0,0.0396,0.0232
2013-04-09,德威新材,sz300325,17.85,17.5,17.8,17.85,17.61,17.977585,658780,0.032939,0.0,0.0,0.0198,0.0028
2013-04-10,德威新材,sz300325,17.85,17.45,17.85,17.67,17.85,17.796299,453876,0.022694,0.0,0.0,0.0224,-0.01
2013-04-11,德威新材,sz300325,18.13,17.61,17.7,17.98,17.67,18.108517,869435,0.043472,0.0,0.0,0.0294,0.0158
2013-04-12,德威新材,sz300325,18.09,17.61,17.96,17.88,17.98,18.007797,803293,0.040165,25.475094,2.147379,0.0266,-0.0044
2013-04-15,德威新材,sz300325,17.86,17.32,17.7,17.47,17.88,17.59486,364661,0.018233,24.890924,2.098138,0.0302,-0.0129
2013-04-16,德威新材,sz300325,17.6,17.22,17.25,17.52,17.47,17.645218,217170,0.010859,24.962162,2.104143,0.0217,0.0156
2013-04-17,德威新材,sz300325,17.75,17.44,17.5,17.74,17.52,17.866789,387334,0.019367,25.275612,2.130564,0.0176,0.0137
2013-04-18,德威新材,sz300325,18.08,17.6,17.65,18.04,17.74,18.168934,665465,0.033273,25.703049,2.166594,0.027,0.022
2013-04-19,德威新材,sz300325,18.47,18.01,18.01,18.41,18.04,18.541578,1138673,0.056934,26.230217,2.211031,0.0254,0.0222
2013-04-22,德威新材,sz300325,18.58,18.2,18.26,18.54,18.41,18.6725,986542,0.049327,26.415428,2.226643,0.0206,0.0153
2013-04-23,德威新材,sz300325,18.55,17.88,18.55,17.92,18.54,18.048073,998376,0.049919,25.53207,2.152182,0.0361,-0.0339
2013-04-24,德威新材,sz300325,18.96,17.9,17.92,18.82,17.92,18.954502,1495536,0.074777,26.814367,2.260271,0.0591,0.0502
2013-04-25,德威新材,sz300325,19.74,18.68,18.78,19.01,18.82,19.145866,2413748,0.120687,27.085085,2.283091,0.0563,0.0122
2013-04-26,德威新材,sz300325,19.36,18.34,19.1,18.6,19.01,18.73293,1202769,0.060138,26.500914,2.233849,0.0536,-0.0261
2013-05-02,德威新材,sz300325,19.08,18.48,18.59,19.0,18.6,19.13578,804976,0.040249,27.070816,2.281888,0.0322,0.022
2013-05-03,德威新材,sz300325,19.67,18.98,19.07,19.47,19.0,19.609142,1434325,0.071716,27.740467,2.338335,0.0363,0.0209
2013-05-06,德威新材,sz300325,20.06,19.47,19.47,19.85,19.47,19.991854,1606031,0.080302,28.281878,2.383972,0.0303,0.0195
2013-05-07,德威新材,sz300325,19.9,19.42,19.9,19.67,19.85,19.810568,1093786,0.054689,28.025417,2.362355,0.0241,-0.0115
2013-05-08,德威新材,sz300325,19.78,19.26,19.62,19.76,19.67,19.901201,1259508,0.062975,28.153633,2.373162,0.0264,0.0071
2013-05-09,德威新材,sz300325,19.85,19.28,19.85,19.52,19.76,19.659481,827526,0.041376,27.81168,2.344338,0.0288,-0.0166
2013-05-10,德威新材,sz300325,19.8,19.28,19.5,19.57,19.52,19.70983,913600,0.04568,27.882906,2.350342,0.0266,0.0035
2013-05-13,德威新材,sz300325,19.7,19.27,19.58,19.47,19.57,19.609112,874363,0.043718,27.740423,2.338332,0.0219,-0.0056
2013-05-14,德威新材,sz300325,19.68,18.74,19.54,18.8,19.47,18.934322,1056641,0.052832,26.785822,2.257865,0.0482,-0.0378
2013-05-15,德威新材,sz300325,19.27,18.75,18.75,19.22,18.8,19.357315,899357,0.044968,27.384216,2.308306,0.0276,0.025
2013-05-16,德威新材,sz300325,19.65,19.12,19.27,19.35,19.22,19.488249,1751208,0.08756,27.569443,2.323919,0.0275,0.0041
2013-05-17,德威新材,sz300325,20.45,19.31,19.31,20.29,19.35,20.434969,3473324,0.173666,28.90874,2.436813,0.0589,0.0507
2013-05-20,德威新材,sz300325,21.24,20.58,20.6,21.08,20.29,21.230604,3025266,0.151263,30.0343,2.53169,0.0325,0.0233
2013-05-21,德威新材,sz300325,21.88,21.2,21.64,21.39,21.08,21.54282,5636156,0.281808,30.475985,2.568921,0.0322,-0.0115
2013-05-22,德威新材,sz300325,21.19,20.43,21.15,20.75,21.39,20.898237,2596730,0.129836,29.564114,2.492056,0.0355,-0.0189
2013-05-23,德威新材,sz300325,21.68,20.3,20.58,21.1,20.75,21.250729,2576351,0.128818,30.06277,2.53409,0.0665,0.0252
2013-05-24,德威新材,sz300325,21.54,21.07,21.1,21.4,21.1,21.552872,1414520,0.070726,30.490204,2.57012,0.0222,0.0142
2013-05-27,德威新材,sz300325,21.66,21.2,21.4,21.49,21.4,21.643522,1568239,0.078412,30.618444,2.580929,0.0214,0.0042
2013-05-28,德威新材,sz300325,21.51,20.68,21.51,20.83,21.49,20.978807,1432786,0.071639,29.678091,2.501664,0.0386,-0.0316
2013-05-29,德威新材,sz300325,20.9,20.48,20.88,20.79,20.83,20.938528,937705,0.046885,29.621109,2.496861,0.0201,-0.0043
2013-05-30,德威新材,sz300325,20.78,20.33,20.78,20.64,20.79,20.787457,1119857,0.055993,29.407393,2.478846,0.0216,-0.0067
2013-05-31,德威新材,sz300325,20.73,20.3,20.5,20.31,20.64,20.455107,1115465,0.055773,28.937227,2.439214,0.0208,-0.0092
2013-06-03,德威新材,sz300325,20.2,19.85,20.13,19.92,20.31,20.062328,1131901,0.023982,28.381575,2.392376,0.0172,-0.0104
2013-06-04,德威新材,sz300325,20.05,19.39,20.05,19.6,19.92,19.740046,854691,0.018108,27.925653,2.353945,0.0331,-0.0224
2013-06-05,德威新材,sz300325,20.25,19.8,19.8,20.07,19.6,20.213413,1170395,0.024797,28.59531,2.410393,0.0229,0.0136
2013-06-06,德威新材,sz300325,20.09,19.02,19.81,19.1,20.07,19.236479,1264613,0.026794,27.21327,2.293896,0.0533,-0.0358
2013-06-07,德威新材,sz300325,19.28,18.38,19.1,18.56,19.1,18.692625,949365,0.020114,26.443897,2.229043,0.0471,-0.0282
2013-06-13,德威新材,sz300325,18.48,17.63,18.23,18.2,18.56,18.330044,883043,0.018709,25.930965,2.185806,0.0457,-0.0016
2013-06-14,德威新材,sz300325,9.57,9.0,9.05,9.36,18.2,18.954456,2038015,0.02159,26.814302,2.260266,0.0313,0.0342
2013-06-17,德威新材,sz300325,9.35,9.01,9.3,9.12,9.36,18.468445,1202637,0.01274,26.126759,2.20231,0.0363,-0.0193
2013-06-18,德威新材,sz300325,9.17,8.76,9.12,8.86,9.12,17.941929,1479912,0.015678,25.38191,2.139525,0.0449,-0.0285
2013-06-19,德威新材,sz300325,9.75,8.9,8.95,9.75,8.86,19.744213,5791488,0.061353,27.931547,2.354442,0.0959,0.0893
2013-06-21,德威新材,sz300325,9.52,8.78,9.01,9.3,9.75,18.83294,4606661,0.048801,26.642395,2.245775,0.0758,0.0321
2013-06-24,德威新材,sz300325,9.19,8.53,9.09,8.55,9.3,17.314156,2488801,0.026365,24.493818,2.064665,0.0709,-0.0594
2013-06-25,德威新材,sz300325,8.47,7.7,8.37,8.18,8.55,16.564886,3579374,0.037918,23.43385,1.975316,0.09,-0.0227
2013-06-26,德威新材,sz300325,8.42,7.92,8.1,8.36,8.18,16.929396,2518312,0.026678,23.94951,2.018783,0.0611,0.032
2013-06-27,德威新材,sz300325,8.44,7.78,8.32,7.81,8.36,15.815628,2313328,0.024506,22.373898,1.885969,0.0789,-0.0612
2013-06-28,德威新材,sz300325,8.21,7.8,7.84,7.93,7.81,16.058636,1340169,0.014197,22.717672,1.914947,0.0524,0.0114
2013-07-01,德威新材,sz300325,8.11,7.8,7.81,8.11,7.93,16.423151,1137645,0.012052,23.23334,1.958415,0.039,0.0384
2013-07-02,德威新材,sz300325,8.27,8.04,8.26,8.24,8.11,16.686413,1699605,0.018005,23.60577,1.989808,0.0283,-0.0024
2013-07-03,德威新材,sz300325,8.23,8.0,8.08,8.17,8.24,16.544662,1296043,0.01373,23.40524,1.972905,0.0279,0.0111
2013-07-04,德威新材,sz300325,8.35,8.03,8.15,8.22,8.17,16.645916,1274209,0.013498,23.54848,1.984979,0.0391,0.0085
2013-07-05,德威新材,sz300325,8.56,8.1,8.1,8.38,8.22,16.969929,2087724,0.022116,24.006851,2.023616,0.0559,0.0345
2013-07-08,德威新材,sz300325,8.3,7.8,8.3,7.81,8.38,15.815651,1439669,0.015251,22.373928,1.885972,0.0596,-0.059
2013-07-09,德威新材,sz300325,7.96,7.7,7.88,7.75,7.81,15.694155,529786,0.005612,22.202051,1.871484,0.0332,-0.0164
2013-07-10,德威新材,sz300325,7.98,7.72,7.85,7.94,7.75,16.078913,698996,0.007405,22.746359,1.917365,0.0335,0.0114
2013-07-11,德威新材,sz300325,8.26,7.87,7.87,8.2,7.94,16.605433,1246657,0.013207,23.49121,1.980151,0.0491,0.0419
2013-07-12,德威新材,sz300325,8.38,8.14,8.14,8.17,8.2,16.544674,1351233,0.014314,23.405256,1.972906,0.0292,0.0036
2013-07-15,德威新材,sz300325,8.35,8.1,8.21,8.32,8.17,16.848434,1761936,0.018665,23.834976,2.009129,0.0305,0.0133
2013-07-16,德威新材,sz300325,8.49,8.25,8.37,8.47,8.32,17.152195,1774296,0.018796,24.264696,2.045351,0.0288,0.0119
2013-07-17,德威新材,sz300325,8.49,8.1,8.49,8.23,8.47,16.666187,1591970,0.016865,23.577156,1.987396,0.046,-0.0306
2013-07-18,德威新材,sz300325,8.29,8.1,8.18,8.25,8.23,16.706686,1164153,0.012333,23.634449,1.992225,0.023,0.0085
2013-07-19,德威新材,sz300325,8.33,7.95,8.29,7.99,8.25,16.180174,1713891,0.018156,22.88961,1.92944,0.046,-0.0361
2013-07-22,德威新材,sz300325,8.05,7.85,7.91,8.05,7.99,16.301672,1413207,0.014971,23.061487,1.943929,0.025,0.0176
2013-07-23,德威新材,sz300325,8.86,8.21,8.23,8.86,8.05,17.941961,1938190,0.020532,25.381958,2.139529,0.0807,0.0765
2013-07-24,德威新材,sz300325,9.37,8.85,9.05,9.3,8.86,18.832977,10640359,0.11272,26.64245,2.24578,0.0586,0.0276
2013-07-25,德威新材,sz300325,9.25,8.7,9.15,8.76,9.3,17.73944,4415177,0.046773,25.095457,2.115379,0.0591,-0.0426
2013-07-26,德威新材,sz300325,8.84,8.52,8.67,8.78,8.76,17.77994,2422419,0.025662,25.15275,2.120208,0.0365,0.0126
2013-07-29,德威新材,sz300325,8.96,8.59,8.75,8.62,8.78,17.455936,1811834,0.019194,24.694391,2.081571,0.0421,-0.0148
2013-07-30,德威新材,sz300325,8.58,8.08,8.45,8.34,8.62,16.888916,2039019,0.021601,23.892244,2.013956,0.058,-0.013
2013-07-31,德威新材,sz300325,8.47,8.27,8.34,8.33,8.34,16.868666,1000349,0.010597,23.863598,2.011541,0.0239,-0.0011
2013-08-01,德威新材,sz300325,8.73,8.32,8.32,8.7,8.33,17.617937,2025149,0.021454,24.92357,2.10089,0.0492,0.0456
2013-08-02,德威新材,sz300325,8.99,8.61,8.75,8.88,8.7,17.982452,3740599,0.039626,25.43924,2.144357,0.0436,0.0148
2013-08-05,德威新材,sz300325,9.04,8.8,8.86,9.0,8.88,18.225468,2742933,0.029057,25.783026,2.173336,0.027,0.0158
2013-08-06,德威新材,sz300325,9.11,8.91,9.05,8.98,9.0,18.18497,2133566,0.022602,25.725735,2.168507,0.0222,-0.0077
2013-08-07,德威新材,sz300325,9.18,8.82,9.05,8.85,8.98,17.921707,2312208,0.024495,25.353304,2.137113,0.04,-0.022
2013-08-08,德威新材,sz300325,8.99,8.76,8.76,8.94,8.85,18.103952,1641274,0.017387,25.61112,2.158846,0.0259,0.0205
2013-08-09,德威新材,sz300325,8.98,8.75,8.81,8.84,8.94,17.901442,1550779,0.016428,25.324635,2.134697,0.0257,0.0034
2013-08-12,德威新材,sz300325,9.11,8.82,8.88,9.05,8.84,18.326708,2184909,0.023146,24.58916,2.062058,0.0328,0.0191
2013-08-13,德威新材,sz300325,9.28,9.01,9.04,9.24,9.05,18.71146,2681169,0.028403,25.105387,2.105349,0.0298,0.0221
2013-08-14,德威新材,sz300325,9.28,9.01,9.24,9.17,9.24,18.569702,2404951,0.025477,24.915188,2.089398,0.0292,-0.0075
2013-08-15,德威新材,sz300325,9.23,8.98,9.22,9.01,9.17,18.245697,1563379,0.016562,24.480467,2.052943,0.0272,-0.0227
2013-08-16,德威新材,sz300325,9.09,8.68,8.91,8.72,9.01,17.658442,1686385,0.017865,23.69254,1.986867,0.0455,-0.0213
2013-08-19,德威新材,sz300325,8.97,8.53,8.6,8.96,8.72,18.144455,1107812,0.011736,24.344627,2.041551,0.0504,0.0418
2013-08-20,德威新材,sz300325,9.02,8.81,8.87,8.86,8.96,17.941944,2055976,0.02178,24.072918,2.018765,0.0234,-0.0011
2013-08-21,德威新材,sz300325,8.94,8.8,8.8,8.94,8.86,18.103943,1063856,0.01127,24.290272,2.036993,0.0158,0.0159
2013-08-22,德威新材,sz300325,9.16,8.86,8.94,9.15,8.94,18.529203,2293676,0.024298,24.860851,2.084842,0.0335,0.0234
2013-08-23,德威新材,sz300325,9.19,8.76,9.14,8.9,9.15,18.02295,2871703,0.030422,24.181602,2.02788,0.0469,-0.0262
2013-08-26,德威新材,sz300325,9.5,8.84,8.85,9.2,8.9,18.630466,2583550,0.027369,24.996716,2.096235,0.0741,0.0395
2013-08-27,德威新材,sz300325,9.19,9.03,9.19,9.14,9.2,18.508959,1551534,0.016436,24.833689,2.082564,0.0173,-0.0054
2013-08-28,德威新材,sz300325,9.08,8.85,9.06,8.93,9.14,18.083696,2048673,0.021703,24.26311,2.034715,0.0251,-0.0143
2013-08-29,德威新材,sz300325,8.97,8.88,8.91,8.92,8.93,18.063442,1082758,0.01147,24.235933,2.032436,0.01,0.0011
2013-08-30,德威新材,sz300325,8.95,8.35,8.89,8.49,8.92,17.192677,1835817,0.019448,23.067617,1.93446,0.0672,-0.0449
2013-09-02,德威新材,sz300325,8.76,8.45,8.48,8.71,8.49,17.638191,700741,0.007423,23.665367,1.984588,0.0365,0.0271
2013-09-03,德威新材,sz300325,8.81,8.5,8.73,8.69,8.71,17.597692,1821855,0.0193,23.611032,1.980031,0.0355,-0.0045
2013-09-04,德威新材,sz300325,8.7,8.58,8.65,8.62,8.69,17.455944,1435620,0.015208,23.420845,1.964082,0.0138,-0.0034
2013-09-05,德威新材,sz300325,8.74,8.61,8.68,8.68,8.62,17.577456,953313,0.010099,23.583878,1.977754,0.015,0.0
2013-09-06,德威新材,sz300325,8.72,8.6,8.68,8.67,8.68,17.557205,1090406,0.011551,23.55671,1.975476,0.0138,-0.0011
2013-09-09,德威新材,sz300325,8.74,8.6,8.67,8.7,8.67,17.617952,1495641,0.015844,23.638214,1.982311,0.0161,0.0034
2013-09-10,德威新材,sz300325,9.34,8.6,8.66,9.32,8.7,18.87348,5194739,0.055031,25.32277,2.123578,0.085,0.0762
2013-09-11,德威新材,sz300325,9.39,8.9,9.32,9.05,9.32,18.326714,4818809,0.051048,24.589169,2.062058,0.0525,-0.0289
2013-09-12,德威新材,sz300325,9.14,8.86,9.06,8.95,9.05,18.124205,2252459,0.023862,24.317457,2.039273,0.0309,-0.0121
2013-09-13,德威新材,sz300325,9.08,8.82,8.98,9.0,8.95,18.225464,1451823,0.01538,24.45332,2.050666,0.029,0.0022
2013-09-16,德威新材,sz300325,9.17,8.83,9.08,8.96,9.0,18.14447,1668223,0.017672,24.344648,2.041553,0.0377,-0.0132
2013-09-17,德威新材,sz300325,9.05,8.78,8.96,8.8,8.96,17.820465,1516501,0.016065,23.909927,2.005097,0.0301,-0.0178
2013-09-18,德威新材,sz300325,8.88,8.73,8.8,8.79,8.8,17.80022,803595,0.008513,23.882765,2.002819,0.017,-0.0011
2013-09-23,德威新材,sz300325,9.02,8.79,8.79,9.02,8.79,18.265982,1873401,0.019846,24.507683,2.055225,0.0261,0.0261
2013-09-24,德威新材,sz300325,9.08,8.88,9.07,8.92,9.02,18.063484,1454596,0.015409,24.23599,2.032441,0.0221,-0.0165
2013-09-25,德威新材,sz300325,8.95,8.87,8.87,8.94,8.92,18.103983,1561971,0.016547,24.290327,2.036997,0.0089,0.0078
2013-09-26,德威新材,sz300325,8.96,8.71,8.95,8.72,8.94,17.658463,1358981,0.014396,23.692566,1.986869,0.0279,-0.0256
2013-09-27,德威新材,sz300325,8.78,8.61,8.74,8.68,8.72,17.577463,725645,0.007687,23.583887,1.977755,0.0194,-0.0068
2013-09-30,德威新材,sz300325,8.74,8.62,8.62,8.68,8.68,17.577463,836003,0.008856,23.583887,1.977755,0.0138,0.0069
2013-10-08,德威新材,sz300325,8.85,8.65,8.74,8.85,8.68,17.921717,962774,0.010199,24.045778,2.016489,0.023,0.0125
2013-10-09,德威新材,sz300325,8.92,8.66,8.84,8.91,8.85,18.043226,1385356,0.014676,24.208809,2.030161,0.0293,0.0079
2013-10-10,德威新材,sz300325,8.95,8.79,8.86,8.95,8.91,18.124222,1792099,0.018985,24.317482,2.039275,0.0179,0.0101
2013-10-11,德威新材,sz300325,9.08,8.9,8.95,9.0,8.95,18.225483,1798943,0.019057,24.453344,2.050668,0.0201,0.0055
2013-10-14,德威新材,sz300325,9.29,8.96,9.01,9.23,9.0,18.691252,2967339,0.031435,25.078274,2.103075,0.0366,0.0244
2013-10-15,德威新材,sz300325,9.32,9.12,9.27,9.26,9.23,18.751999,2340890,0.024798,25.159779,2.10991,0.0216,-0.001
2013-10-16,德威新材,sz300325,10.19,9.12,9.22,10.19,9.26,20.6353,12074573,0.127913,27.686625,2.321812,0.1155,0.1052
2013-10-17,德威新材,sz300325,11.21,10.53,10.53,11.21,10.19,22.700851,7847450,0.083133,30.458,2.554221,0.0667,0.0645
2013-10-18,德威新材,sz300325,11.8,10.09,11.5,10.6,11.21,21.465563,13835153,0.146564,28.800598,2.415231,0.1525,-0.0782
2013-10-21,德威新材,sz300325,11.66,10.2,10.4,11.66,10.6,23.61212,9568987,0.10137,31.680658,2.656754,0.1377,0.1211
2013-10-22,德威新材,sz300325,12.54,11.3,12.0,11.31,11.66,22.903355,14269946,0.15117,30.7297,2.577006,0.1063,-0.0574
2013-10-23,德威新材,sz300325,11.26,10.55,10.98,10.83,11.31,21.931335,6142526,0.065071,29.425531,2.467638,0.0627,-0.0136
2013-10-24,德威新材,sz300325,11.8,10.73,10.73,11.0,10.83,22.27559,7000101,0.074156,29.887424,2.506372,0.0987,0.0251
2013-10-25,德威新材,sz300325,11.8,10.85,11.0,11.35,11.0,22.984356,9051119,0.095884,30.838383,2.58612,0.0863,0.0318
2013-10-28,德威新材,sz300325,12.48,10.86,11.3,12.28,11.35,24.86765,12375081,0.131096,31.383774,2.782863,0.1427,0.0867
2013-10-29,德威新材,sz300325,12.18,11.05,12.0,11.46,12.28,23.207111,10099487,0.10699,29.288122,2.597037,0.092,-0.0449
2013-10-30,德威新材,sz300325,11.29,10.52,11.0,11.18,11.46,22.640093,6796075,0.071995,28.572527,2.533584,0.0671,0.0163
2013-10-31,德威新材,sz300325,11.11,10.32,11.11,10.38,11.18,21.020058,6166264,0.065323,26.52799,2.352291,0.0706,-0.0657
2013-11-01,德威新材,sz300325,10.34,9.51,10.34,9.58,10.38,19.40002,5018814,0.053167,24.483452,2.170997,0.0799,-0.0735
2013-11-04,德威新材,sz300325,10.18,9.55,9.69,10.04,9.58,20.331553,3691288,0.039104,25.659073,2.275242,0.0657,0.0361
2013-11-05,德威新材,sz300325,10.9,9.88,9.97,10.74,10.04,21.749088,5064413,0.05365,27.44805,2.433874,0.1015,0.0772
2013-11-06,德威新材,sz300325,10.8,10.18,10.53,10.19,10.74,20.635317,4463528,0.047285,26.042435,2.309235,0.0577,-0.0322
2013-11-07,德威新材,sz300325,10.65,9.89,10.0,10.38,10.19,21.020082,3749608,0.039722,26.528023,2.352293,0.0745,0.038
2013-11-08,德威新材,sz300325,10.49,9.97,10.24,10.03,10.38,20.311306,2429042,0.025732,25.633524,2.272976,0.05,-0.0205
2013-11-11,德威新材,sz300325,11.03,10.0,10.08,11.03,10.03,22.336365,7015357,0.074318,28.189213,2.499595,0.1026,0.0942
2013-11-12,德威新材,sz300325,11.69,10.76,11.28,11.08,11.03,22.437614,9150905,0.096941,28.316994,2.510925,0.0843,-0.0177
2013-11-13,德威新材,sz300325,11.78,10.88,11.25,11.47,11.08,23.227396,7771964,0.082333,29.313723,2.599307,0.0812,0.0195
2013-11-14,德威新材,sz300325,11.99,11.01,11.3,11.68,11.47,23.652668,7723046,0.081815,29.850428,2.646898,0.0854,0.0336
2013-11-15,德威新材,sz300325,12.41,11.38,11.4,11.82,11.68,23.936169,9938362,0.105283,30.208216,2.678624,0.0881,0.0368
2013-11-18,德威新材,sz300325,11.98,11.49,11.6,11.55,11.82,23.389395,7556354,0.080049,29.51817,2.617436,0.0414,-0.0043
2013-11-19,德威新材,sz300325,11.74,11.23,11.53,11.39,11.55,23.06538,5696428,0.060346,29.109255,2.581177,0.0441,-0.0121
2013-11-20,德威新材,sz300325,12.1,11.28,11.38,12.09,11.39,24.48291,8661804,0.09176,30.89822,2.739808,0.0719,0.0623
2013-11-21,德威新材,sz300325,12.22,11.56,12.0,11.79,12.09,23.875391,5418569,0.057402,30.131514,2.671822,0.0545,-0.0175
2013-11-22,德威新材,sz300325,11.82,11.4,11.74,11.45,11.79,23.186872,3366516,0.035663,29.26258,2.594772,0.0356,-0.0247
2013-11-25,德威新材,sz300325,11.27,10.92,11.14,11.01,11.45,22.295847,5128333,0.054327,28.138079,2.49506,0.0305,-0.0116
2013-11-26,德威新材,sz300325,11.24,11.03,11.03,11.2,11.01,22.680607,2858587,0.030283,28.623657,2.538118,0.019,0.0154
2013-11-27,德威新材,sz300325,12.32,11.08,11.2,12.0,11.2,24.30066,10492780,0.111156,30.668217,2.719413,0.1107,0.0714
2013-11-28,德威新材,sz300325,13.16,11.72,11.81,12.96,12.0,26.244713,14228627,0.150732,33.121674,2.936966,0.1199,0.0973
2013-11-29,德威新材,sz300325,13.32,12.58,12.7,12.88,12.96,26.082705,9747625,0.103262,32.917213,2.918836,0.057,0.0141
2013-12-02,德威新材,sz300325,12.33,11.59,12.2,11.59,12.88,23.47039,7645786,0.080996,29.62039,2.6265,0.0574,-0.0499
2013-12-03,德威新材,sz300325,11.53,10.45,11.03,11.2,11.59,22.680613,5932029,0.062841,28.623665,2.538118,0.0931,0.0154
2013-12-04,德威新材,sz300325,11.68,11.1,11.17,11.15,11.2,22.579367,4186105,0.044346,28.495888,2.526788,0.0517,-0.0017
2013-12-05,德威新材,sz300325,11.49,11.01,11.01,11.18,11.15,22.640127,3319148,0.035162,28.57257,2.533588,0.043,0.0154
2013-12-06,德威新材,sz300325,11.46,11.12,11.18,11.26,11.18,22.80214,2193628,0.023238,28.777035,2.551718,0.0304,0.0071
2013-12-09,德威新材,sz300325,11.41,11.24,11.24,11.32,11.26,22.923653,3008406,0.03187,28.930387,2.565316,0.015,0.0071
2013-12-10,德威新材,sz300325,11.54,11.18,11.32,11.3,11.32,22.883146,2375380,0.025164,28.879269,2.560783,0.0318,-0.0017
2013-12-11,德威新材,sz300325,11.29,10.81,11.23,10.89,11.3,22.052877,3074170,0.032566,27.831442,2.46787,0.0424,-0.0302
2013-12-12,德威新材,sz300325,11.29,10.89,10.91,11.17,10.89,22.619902,2129485,0.022559,28.547045,2.531324,0.0367,0.0238
2013-12-13,德威新材,sz300325,11.27,11.02,11.14,11.12,11.17,22.518654,1688388,0.017886,28.419268,2.519994,0.0223,-0.0017
2013-12-16,德威新材,sz300325,11.2,10.82,11.17,10.92,11.12,22.113634,1845122,0.019546,27.908117,2.474669,0.0341,-0.0223
2013-12-17,德威新材,sz300325,11.04,10.62,10.93,10.93,10.92,22.13389,1400463,0.014836,27.933681,2.476936,0.0384,0.0
2013-12-18,德威新材,sz300325,11.21,10.84,10.93,11.03,10.93,22.336393,1407514,0.014911,28.189247,2.499598,0.0338,0.0091
2013-12-19,德威新材,sz300325,11.21,10.9,11.1,10.9,11.03,22.073135,1418724,0.015029,27.85701,2.470137,0.0281,-0.018
2013-12-20,德威新材,sz300325,11.03,10.37,10.85,10.4,10.9,21.060596,2461832,0.02608,26.579151,2.356827,0.0605,-0.0414
2013-12-23,德威新材,sz300325,10.39,9.8,10.35,10.02,10.4,20.291084,1683379,0.017833,25.608004,2.270714,0.0567,-0.0318
2013-12-24,德威新材,sz300325,10.27,10.02,10.1,10.2,10.02,20.655594,1089086,0.011537,26.068026,2.311505,0.0249,0.0099
2013-12-25,德威新材,sz300325,10.65,10.17,10.21,10.63,10.2,21.526371,1902079,0.02015,27.166975,2.408951,0.047,0.0411
2013-12-26,德威新材,sz300325,10.7,10.34,10.63,10.36,10.63,20.979603,1397598,0.014806,26.476934,2.347763,0.0338,-0.0253
2013-12-27,德威新材,sz300325,10.96,10.45,10.51,10.8,10.36,21.870626,2594840,0.027489,27.601437,2.447475,0.0492,0.0275
2013-12-30,德威新材,sz300325,11.09,10.81,10.9,11.0,10.8,22.275648,2186335,0.023161,28.112587,2.4928,0.0259,0.0091
2013-12-31,德威新材,sz300325,11.0,10.7,11.0,10.81,11.0,21.890882,1273655,0.013493,27.626999,2.449742,0.0272,-0.0172
2014-01-02,德威新材,sz300325,11.44,10.71,10.71,11.41,10.81,23.105913,3198356,0.033882,29.160406,2.585712,0.0675,0.0653
2014-01-03,德威新材,sz300325,11.69,11.3,11.45,11.48,11.41,23.247667,3736841,0.039587,29.339306,2.601576,0.0341,0.0026
2014-01-06,德威新材,sz300325,11.59,11.05,11.59,11.1,11.48,22.478148,2897489,0.030695,28.368145,2.515461,0.047,-0.0422
2014-01-07,德威新材,sz300325,11.68,10.75,10.9,11.53,11.1,23.348928,2299447,0.024359,29.467098,2.612907,0.0837,0.0577
2014-01-08,德威新材,sz300325,11.98,11.37,11.53,11.41,11.53,23.105911,5085648,0.053875,29.160404,2.585712,0.0529,-0.0104
2014-01-09,德威新材,sz300325,11.45,10.81,11.35,10.81,11.41,21.890888,2566139,0.027185,27.627007,2.449743,0.056,-0.0475
2014-01-10,德威新材,sz300325,11.02,10.66,10.78,10.87,10.81,22.012383,1467586,0.015547,27.780334,2.463339,0.0333,0.0083
2014-01-13,德威新材,sz300325,10.99,10.76,10.79,10.84,10.87,21.951628,969991,0.010276,27.703663,2.45654,0.0211,0.0046
2014-01-14,德威新材,sz300325,11.46,10.8,10.83,11.45,10.84,23.186913,2068908,0.021917,29.26263,2.594777,0.0608,0.0572
2014-01-15,德威新材,sz300325,11.68,11.31,11.45,11.58,11.45,23.450176,3095655,0.032794,29.594877,2.624238,0.0323,0.0113
2014-01-16,德威新材,sz300325,11.7,11.28,11.7,11.36,11.58,23.00467,1927793,0.020422,29.032635,2.574383,0.0362,-0.029
2014-01-17,德威新材,sz300325,11.62,11.3,11.31,11.5,11.36,23.28818,2149329,0.022769,29.390432,2.606109,0.0281,0.0167
2014-01-20,德威新材,sz300325,11.62,11.15,11.35,11.22,11.5,22.721159,2289639,0.024255,28.674833,2.542656,0.0408,-0.0114
2014-01-21,德威新材,sz300325,11.52,11.21,11.21,11.45,11.22,23.18692,1803361,0.019104,29.26264,2.594778,0.0276,0.0214
2014-01-22,德威新材,sz300325,11.7,11.36,11.53,11.63,11.45,23.551441,3270884,0.03465,29.722677,2.63557,0.0296,0.0086
2014-01-23,德威新材,sz300325,11.94,11.53,11.63,11.85,11.63,23.996964,3919769,0.041524,30.28494,2.685427,0.0352,0.0189
2014-01-24,德威新材,sz300325,12.22,11.79,11.8,12.01,11.85,24.32097,4318051,0.045744,30.69385,2.721686,0.0362,0.0177
2014-01-27,德威新材,sz300325,12.2,11.79,11.96,11.82,12.01,23.936213,3424569,0.036278,30.208273,2.678629,0.0341,-0.0117
2014-01-28,德威新材,sz300325,12.0,11.51,11.82,11.77,11.82,23.834963,1794699,0.019012,30.08049,2.667298,0.0414,-0.0042
2014-01-29,德威新材,sz300325,12.19,11.69,11.72,12.18,11.77,24.66523,2583576,0.027369,31.128315,2.760211,0.0424,0.0392
2014-01-30,德威新材,sz300325,12.28,11.89,12.18,11.92,12.18,24.138725,1739468,0.018427,30.46385,2.701291,0.032,-0.0213
2014-02-07,德威新材,sz300325,12.14,11.7,11.9,12.12,11.92,24.543749,1710186,0.018117,30.975002,2.746616,0.0369,0.0184
2014-02-10,德威新材,sz300325,13.0,12.08,12.08,12.72,12.12,25.758787,4288371,0.045429,32.50842,2.882587,0.0759,0.0529
2014-02-11,德威新材,sz300325,12.78,12.25,12.6,12.5,12.72,25.313265,4114171,0.043584,31.946156,2.83273,0.0416,-0.0079
2014-02-12,德威新材,sz300325,12.85,12.3,12.5,12.71,12.5,25.738527,3012928,0.031918,32.48285,2.88032,0.0439,0.0168
2014-02-13,德威新材,sz300325,12.9,12.33,12.75,12.37,12.71,25.049995,2917054,0.030902,31.613901,2.803269,0.0448,-0.0298
2014-02-14,德威新材,sz300325,12.54,11.98,12.38,12.45,12.37,25.211994,3075892,0.032585,31.818348,2.821397,0.0452,0.0056
2014-02-17,德威新材,sz300325,12.9,12.39,12.45,12.89,12.45,26.10301,3726021,0.039472,32.94284,2.921108,0.0409,0.0353
2014-02-18,德威新材,sz300325,13.3,12.76,12.85,13.05,12.89,26.427027,4882393,0.051722,33.35176,2.957368,0.0418,0.0155
2014-02-19,德威新材,sz300325,13.45,12.87,13.0,13.13,13.05,26.589025,4060041,0.04301,33.556206,2.975497,0.0444,0.01
2014-02-20,德威新材,sz300325,13.18,12.46,13.09,12.6,13.13,25.515732,2631305,0.027875,32.201675,2.855388,0.0548,-0.0374
2014-02-21,德威新材,sz300325,12.69,12.13,12.68,12.35,12.6,25.009476,2893589,0.030653,31.562763,2.798734,0.0444,-0.026
2014-02-24,德威新材,sz300325,12.25,11.85,12.25,12.19,12.35,24.685478,2849650,0.030188,31.153868,2.762477,0.0323,-0.0048
2014-02-25,德威新材,sz300325,12.49,11.1,12.18,11.33,12.19,22.943916,3893481,0.041246,28.955961,2.567584,0.114,-0.0697
2014-02-26,德威新材,sz300325,11.4,10.92,11.32,11.34,11.33,22.964176,1763833,0.018685,28.98153,2.569851,0.0423,0.0017
2014-02-27,德威新材,sz300325,11.65,10.95,11.36,11.0,11.34,22.275665,2442476,0.025875,28.112606,2.492802,0.0617,-0.0316
2014-02-28,德威新材,sz300325,11.18,10.75,11.0,11.15,11.0,22.579416,1705518,0.018068,28.49595,2.526794,0.039,0.0136
2014-03-03,德威新材,sz300325,11.48,11.05,11.05,11.48,11.15,23.247675,1435561,0.015208,29.339315,2.601577,0.0385,0.0389
2014-03-04,德威新材,sz300325,11.45,11.22,11.38,11.36,11.48,23.004667,1648234,0.017461,29.032633,2.574382,0.02,-0.0017
2014-03-05,德威新材,sz300325,11.55,11.26,11.37,11.31,11.36,22.903423,959727,0.010167,28.90486,2.563052,0.0255,-0.0052
2014-03-06,德威新材,sz300325,11.29,11.05,11.28,11.16,11.31,22.599657,1408072,0.014917,28.521494,2.529059,0.0212,-0.0106
2014-03-07,德威新材,sz300325,11.36,11.1,11.16,11.14,11.16,22.559158,991864,0.010507,28.470385,2.524527,0.0232,-0.0017
2014-03-10,德威新材,sz300325,11.11,10.41,11.1,10.47,11.14,21.20236,1899066,0.020118,26.75806,2.372691,0.0628,-0.0567
2014-03-11,德威新材,sz300325,10.75,10.4,10.5,10.6,10.47,21.465609,1353105,0.014334,27.090288,2.402151,0.0334,0.0095
2014-03-12,德威新材,sz300325,10.7,10.35,10.56,10.56,10.6,21.384598,1142779,0.012106,26.98805,2.393085,0.033,0.0
2014-03-13,德威新材,sz300325,10.94,10.53,10.53,10.82,10.56,21.911106,1110559,0.011765,27.652523,2.452005,0.0388,0.0275
2014-03-14,德威新材,sz300325,10.82,10.51,10.72,10.65,10.82,21.56684,819161,0.008678,27.218046,2.413479,0.0286,-0.0065
2014-03-17,德威新材,sz300325,10.98,10.6,10.78,10.97,10.65,22.214859,1218099,0.012904,28.035868,2.485997,0.0356,0.0176
2014-03-18,德威新材,sz300325,11.3,10.96,10.97,11.06,10.97,22.39711,1511337,0.01601,28.265873,2.506392,0.0309,0.0082
2014-03-19,德威新材,sz300325,12.09,10.88,11.07,11.76,11.06,23.814644,4213368,0.044635,30.05485,2.665024,0.1094,0.0623
2014-03-20,德威新材,sz300325,11.66,11.26,11.55,11.26,11.76,22.802118,2133540,0.022602,28.777006,2.551715,0.034,-0.0251
2014-03-21,德威新材,sz300325,11.56,11.1,11.18,11.52,11.26,23.328642,1210812,0.012827,29.441498,2.610637,0.0408,0.0304
2014-03-24,德威新材,sz300325,11.62,11.25,11.55,11.44,11.52,23.166647,1064833,0.01128,29.237055,2.592509,0.0321,-0.0095
2014-03-25,德威新材,sz300325,11.48,11.25,11.45,11.27,11.44,22.822392,977722,0.010358,28.802591,2.553984,0.0201,-0.0157
2014-03-26,德威新材,sz300325,11.45,11.3,11.32,11.4,11.27,23.085648,776996,0.008231,29.13483,2.583444,0.0133,0.007
2014-03-27,德威新材,sz300325,11.48,10.88,11.36,10.88,11.4,22.032618,1211829,0.012838,27.805874,2.465603,0.0526,-0.0422
2014-03-28,德威新材,sz300325,10.99,10.4,10.78,10.5,10.88,21.263107,1416719,0.015008,26.834726,2.37949,0.0542,-0.0259
2014-03-31,德威新材,sz300325,10.75,10.47,10.48,10.57,10.5,21.40487,557221,0.005903,27.013634,2.395354,0.0266,0.0085
2014-04-01,德威新材,sz300325,10.87,10.52,10.67,10.8,10.57,21.870638,576934,0.006112,27.60145,2.447476,0.0331,0.0121
2014-04-02,德威新材,sz300325,10.95,10.75,10.77,10.84,10.8,21.951647,372384,0.003945,27.703686,2.456542,0.0185,0.0064
2014-04-03,德威新材,sz300325,11.5,10.95,10.95,11.05,10.84,22.376917,845640,0.008958,28.240389,2.504133,0.0507,0.0091
2014-04-04,德威新材,sz300325,11.14,10.75,11.0,11.13,11.05,22.538925,649705,0.006883,28.44485,2.522262,0.0352,0.0118
2014-04-08,德威新材,sz300325,10.99,10.76,10.99,10.86,11.13,21.992153,1308510,0.013862,27.754807,2.461075,0.0206,-0.0118
2014-04-09,德威新材,sz300325,11.23,10.87,10.95,11.23,10.86,22.741426,1776735,0.018822,28.700413,2.544924,0.0331,0.0255
2014-04-10,德威新材,sz300325,11.43,11.08,11.24,11.3,11.23,22.883173,1649183,0.017471,28.879301,2.560786,0.0311,0.0053
2014-04-11,德威新材,sz300325,11.4,11.0,11.3,11.4,11.3,23.08569,1508246,0.015978,29.134884,2.583449,0.0353,0.0088
2014-04-14,德威新材,sz300325,12.54,12.54,12.54,12.54,11.4,25.394258,3585448,0.037983,29.482428,2.533398,0.0,0.0
2014-04-15,德威新材,sz300325,12.88,12.18,12.88,12.2,12.54,24.705744,9479484,0.100422,28.683071,2.46471,0.0558,-0.0527
2014-04-16,德威新材,sz300325,12.3,11.8,12.13,11.84,12.2,23.976727,5332174,0.056487,27.83669,2.391981,0.0409,-0.0239
2014-04-17,德威新材,sz300325,12.06,11.84,11.94,11.9,11.84,24.09824,2559648,0.027116,27.977768,2.404104,0.0185,-0.0033
2014-04-18,德威新材,sz300325,12.08,11.83,11.86,11.98,11.9,24.260254,2535792,0.026863,28.165861,2.420267,0.021,0.0101
2014-04-21,德威新材,sz300325,12.14,11.86,11.87,11.92,11.98,24.138758,2223401,0.023554,28.024807,2.408146,0.0233,0.0042
2014-04-22,德威新材,sz300325,11.96,11.58,11.88,11.8,11.92,23.895754,2347926,0.024873,27.742682,2.383903,0.0318,-0.0067
2014-04-23,德威新材,sz300325,12.02,11.71,11.77,11.85,11.8,23.997,1632821,0.017297,27.860228,2.394004,0.0262,0.0067
2014-04-24,德威新材,sz300325,11.88,11.7,11.86,11.81,11.85,23.915985,1259923,0.013347,27.76617,2.385922,0.0151,-0.0042
2014-04-25,德威新材,sz300325,11.86,11.41,11.85,11.42,11.81,23.126207,2292518,0.024286,30.179384,2.506718,0.0381,-0.0362
2014-04-28,德威新材,sz300325,11.39,10.86,11.38,10.86,11.42,21.992168,1646550,0.017443,28.699478,2.383796,0.0464,-0.0456
2014-04-29,德威新材,sz300325,11.08,10.76,10.8,11.05,10.86,22.37692,1228122,0.01301,29.201576,2.425501,0.0294,0.0231
2014-04-30,德威新材,sz300325,11.22,11.0,11.15,11.18,11.05,22.640186,870066,0.009217,29.545132,2.454037,0.0199,0.0026
2014-05-05,德威新材,sz300325,11.39,11.18,11.2,11.36,11.18,23.004692,974047,0.010319,30.02081,2.493547,0.0187,0.0142
2014-05-06,德威新材,sz300325,11.51,11.32,11.38,11.4,11.36,23.085691,1228144,0.01301,30.126513,2.502327,0.0167,0.0017
2014-05-07,德威新材,sz300325,12.52,11.32,11.45,11.97,11.4,24.239977,6547811,0.069365,31.632837,2.627443,0.1052,0.0454
2014-05-08,德威新材,sz300325,12.19,11.68,11.93,11.9,11.97,24.09822,4268729,0.045221,31.44785,2.612078,0.0426,-0.0025
2014-05-09,德威新材,sz300325,11.99,11.75,11.93,11.8,11.9,23.895723,1647714,0.017455,31.183594,2.590129,0.0201,-0.0108
2014-05-12,德威新材,sz300325,12.16,11.83,11.9,11.94,11.8,24.179222,2502049,0.026506,31.553555,2.620858,0.0279,0.0033
2014-05-13,德威新材,sz300325,12.14,11.76,11.86,11.87,11.94,24.03746,1953596,0.020696,31.368555,2.605492,0.0318,8.0E-4
2014-05-14,德威新材,sz300325,12.23,11.81,11.81,12.13,11.87,24.563976,2671556,0.028301,32.055653,2.662562,0.0353,0.027
2014-05-15,德威新材,sz300325,12.23,11.82,12.16,11.85,12.13,23.996965,2008344,0.021276,31.315714,2.601103,0.0338,-0.0254
2014-05-16,德威新材,sz300325,11.92,11.58,11.87,11.78,11.85,23.855215,1403142,0.014864,31.130732,2.585738,0.0286,-0.0075
2014-05-19,德威新材,sz300325,11.97,11.59,11.81,11.96,11.78,24.219725,1233443,0.013067,31.606407,2.625248,0.0322,0.0127
2014-05-20,德威新材,sz300325,12.22,11.89,12.0,11.93,11.96,24.158981,2232240,0.023647,31.52714,2.618664,0.0275,-0.0058
2014-05-21,德威新材,sz300325,12.13,11.71,11.89,12.12,11.93,24.543737,1550277,0.016423,32.02924,2.660369,0.0352,0.0193
2014-05-22,德威新材,sz300325,12.19,12.03,12.09,12.06,12.12,24.422245,1921402,0.020297,31.870695,2.6472,0.0132,-0.0024
2014-05-23,德威新材,sz300325,12.43,12.01,12.15,12.35,12.06,25.009502,4326393,0.045701,32.63706,2.710854,0.0348,0.0164
2014-05-26,德威新材,sz300325,12.65,12.28,12.39,12.52,12.35,25.353758,4763687,0.050321,33.086308,2.748169,0.0299,0.0104
2014-05-27,德威新材,sz300325,12.76,12.25,12.57,12.47,12.52,25.252495,8703931,0.091943,32.954163,2.737193,0.0407,-0.0079
2014-05-28,德威新材,sz300325,6.16,5.95,6.16,6.11,12.47,24.847471,9753421,0.051515,32.42561,2.693291,0.0168,-0.0081
2014-05-29,德威新材,sz300325,6.16,5.83,6.08,5.84,6.11,23.74946,8096750,0.042765,30.992722,2.574275,0.054,-0.0394
2014-05-30,德威新材,sz300325,5.86,5.64,5.8,5.71,5.84,23.220798,7924616,0.041855,30.302824,2.516971,0.0376,-0.0155
2014-06-03,德威新材,sz300325,5.81,5.69,5.69,5.71,5.71,23.220798,4567419,0.024124,30.302824,2.516971,0.021,0.0035
2014-06-04,德威新材,sz300325,5.75,5.63,5.7,5.74,5.71,23.3428,3417965,0.018053,30.462034,2.530195,0.021,0.007
2014-06-05,德威新材,sz300325,5.86,5.71,5.75,5.85,5.74,23.790142,5149721,0.027199,31.045809,2.578684,0.0261,0.0173
2014-06-06,德威新材,sz300325,5.88,5.74,5.88,5.77,5.85,23.464811,4540633,0.023982,30.621258,2.543421,0.0239,-0.0187
2014-06-09,德威新材,sz300325,5.85,5.72,5.77,5.72,5.77,23.261465,2610577,0.013788,30.355894,2.521379,0.0225,-0.0086
2014-06-10,德威新材,sz300325,5.85,5.69,5.73,5.83,5.72,23.708807,3669342,0.01938,30.939669,2.569868,0.0279,0.0174
2014-06-11,德威新材,sz300325,5.85,5.77,5.84,5.83,5.83,23.708807,3710916,0.0196,30.939669,2.569868,0.0137,-0.0017
2014-06-12,德威新材,sz300325,5.85,5.76,5.8,5.81,5.83,23.62746,3349106,0.017689,30.833513,2.561051,0.0154,0.0017
2014-06-13,德威新材,sz300325,6.17,5.76,5.8,6.0,5.81,24.400127,9215523,0.048674,31.841831,2.644802,0.0705,0.0344
2014-06-16,德威新材,sz300325,6.06,5.94,5.94,6.02,6.0,24.481453,6110087,0.032272,31.94796,2.653617,0.0199,0.0134
2014-06-17,德威新材,sz300325,6.3,5.98,6.03,6.18,6.02,25.13212,12502145,0.066033,32.797073,2.724145,0.0531,0.0248
2014-06-18,德威新材,sz300325,6.22,5.97,6.2,5.99,6.18,24.359459,7643378,0.04037,31.78876,2.640394,0.0404,-0.0338
2014-06-19,德威新材,sz300325,6.59,5.96,5.97,6.26,5.99,25.45746,18619993,0.098345,33.221638,2.75941,0.1051,0.0485
2014-06-20,德威新材,sz300325,6.45,6.03,6.16,6.37,6.26,25.904799,13190686,0.069669,33.80541,2.807898,0.067,0.034
2014-06-23,德威新材,sz300325,6.67,6.3,6.35,6.45,6.37,26.230137,15012348,0.079291,34.229973,2.843163,0.058,0.0157
2014-06-24,德威新材,sz300325,7.09,6.36,6.4,6.86,6.45,27.897482,28080115,0.148311,36.405834,3.023891,0.1131,0.0718
2014-06-25,德威新材,sz300325,6.88,6.62,6.76,6.86,6.86,27.897482,16329698,0.086248,36.405834,3.023891,0.0379,0.0147
2014-06-26,德威新材,sz300325,6.99,6.71,6.8,6.94,6.86,28.222824,18741884,0.098989,36.8304,3.059156,0.0408,0.0205
2014-06-27,德威新材,sz300325,6.92,6.67,6.86,6.7,6.94,27.246822,15876575,0.083855,35.55673,2.953364,0.036,-0.0233
2014-06-30,德威新材,sz300325,6.87,6.58,6.7,6.85,6.7,27.856823,14287321,0.075461,36.352776,3.019484,0.0432,0.0223
2014-07-01,德威新材,sz300325,6.79,6.67,6.75,6.69,6.85,27.206144,9717789,0.051326,35.503647,2.948955,0.0175,-0.0088
2014-07-02,德威新材,sz300325,6.77,6.5,6.68,6.59,6.69,26.799467,9693938,0.0512,34.97294,2.904874,0.0403,-0.0134
2014-07-03,德威新材,sz300325,6.65,6.54,6.55,6.58,6.59,26.758812,6952792,0.036723,34.919884,2.900467,0.0166,0.0045
2014-07-04,德威新材,sz300325,6.74,6.57,6.61,6.6,6.58,26.840158,8004190,0.042276,35.02604,2.909285,0.0258,-0.0015
2014-07-07,德威新材,sz300325,6.93,6.55,6.6,6.9,6.6,28.060177,14314357,0.075604,36.61815,3.041526,0.0575,0.0454
2014-07-08,德威新材,sz300325,6.87,6.69,6.85,6.83,6.9,27.775507,8515722,0.044977,36.24666,3.01067,0.026,-0.0029
2014-07-09,德威新材,sz300325,7.05,6.76,6.82,6.8,6.83,27.653517,13864196,0.073226,36.087463,2.997447,0.0424,-0.0029
2014-07-10,德威新材,sz300325,6.86,6.62,6.74,6.67,6.8,27.124838,7792560,0.041158,35.39754,2.940142,0.0352,-0.0103
2014-07-11,德威新材,sz300325,6.8,6.6,6.64,6.7,6.67,27.246845,5837253,0.030831,35.55676,2.953367,0.0299,0.009
2014-07-14,德威新材,sz300325,6.87,6.65,6.7,6.82,6.7,27.734837,7224113,0.038156,36.19358,3.006261,0.0328,0.0179
2014-07-15,德威新材,sz300325,6.79,6.46,6.77,6.47,6.82,26.311483,10942119,0.057793,34.33613,2.85198,0.0483,-0.0443
2014-07-16,德威新材,sz300325,6.51,6.18,6.48,6.25,6.47,25.416815,7390030,0.039032,33.168594,2.755004,0.051,-0.0354
2014-07-17,德威新材,sz300325,6.35,6.24,6.25,6.31,6.25,25.660816,4327201,0.022855,33.487015,2.781452,0.0175,0.0095
2014-07-18,德威新材,sz300325,6.38,6.24,6.3,6.26,6.31,25.45748,2606125,0.013765,33.221664,2.759412,0.0221,-0.0063
2014-07-21,德威新材,sz300325,6.3,6.2,6.25,6.25,6.26,25.416824,2646320,0.013977,33.16861,2.755005,0.0159,0.0
2014-07-22,德威新材,sz300325,6.34,6.23,6.23,6.31,6.25,25.660826,2320235,0.012255,33.487026,2.781453,0.0175,0.0128
2014-07-23,德威新材,sz300325,6.31,6.05,6.31,6.05,6.31,24.603497,4811276,0.025412,32.107227,2.666846,0.0412,-0.0412
2014-07-24,德威新材,sz300325,6.13,5.97,6.04,6.07,6.05,24.684835,3018007,0.01594,32.213375,2.675663,0.0264,0.0049
2014-07-25,德威新材,sz300325,6.19,6.11,6.15,6.15,6.07,25.010181,1823790,0.009633,32.637947,2.710928,0.0131,0.0
2014-07-28,德威新材,sz300325,6.26,6.13,6.15,6.26,6.15,25.457514,3176855,0.016779,33.221706,2.759416,0.0211,0.0178
2014-07-29,德威新材,sz300325,6.33,6.23,6.27,6.3,6.26,25.620188,4653234,0.024577,33.433994,2.777048,0.0159,0.0047
2014-07-30,德威新材,sz300325,6.36,6.26,6.29,6.31,6.3,25.660847,4301862,0.022721,33.487057,2.781456,0.0158,0.0031
2014-07-31,德威新材,sz300325,6.45,6.28,6.34,6.44,6.31,26.189512,6124521,0.032348,34.176956,2.838759,0.0269,0.0157
2014-08-01,德威新材,sz300325,6.64,6.32,6.4,6.48,6.44,26.352175,8027519,0.042399,34.38923,2.856391,0.0496,0.0125
2014-08-04,德威新材,sz300325,6.59,6.42,6.42,6.58,6.48,26.758842,4224306,0.022311,34.91992,2.90047,0.0262,0.0249
2014-08-05,德威新材,sz300325,6.69,6.53,6.58,6.67,6.58,27.12485,5782354,0.030541,35.397556,2.940143,0.0243,0.0136
2014-08-06,德威新材,sz300325,6.69,6.57,6.69,6.61,6.67,26.880835,5626181,0.029716,35.07912,2.913694,0.0179,-0.0119
2014-08-07,德威新材,sz300325,7.01,6.59,6.59,6.89,6.61,28.019506,15724140,0.08305,36.56507,3.037118,0.0635,0.0455
2014-08-08,德威新材,sz300325,7.2,6.82,6.86,7.11,6.89,28.91417,14605648,0.077143,38.05395,3.084157,0.0551,0.0364
2014-08-11,德威新材,sz300325,7.61,7.13,7.15,7.31,7.11,29.727495,22270246,0.117625,39.12437,3.170911,0.0675,0.0223
2014-08-12,德威新材,sz300325,7.36,7.09,7.34,7.31,7.31,29.727495,11472657,0.060595,39.12437,3.170911,0.0369,-0.004
2014-08-13,德威新材,sz300325,7.3,7.02,7.26,7.22,7.31,29.36149,9314234,0.049195,38.64267,3.131871,0.0383,-0.0055
2014-08-14,德威新材,sz300325,7.55,7.2,7.27,7.24,7.22,29.442822,12163889,0.064246,38.74971,3.140546,0.0484,-0.0041
2014-08-15,德威新材,sz300325,7.35,7.1,7.28,7.28,7.24,29.605494,6974219,0.036836,38.963802,3.157898,0.0345,0.0
2014-08-18,德威新材,sz300325,7.59,7.33,7.34,7.51,7.28,30.54082,14084559,0.07439,40.194786,3.257665,0.0357,0.0231
2014-08-19,德威新材,sz300325,7.54,7.35,7.5,7.46,7.51,30.337479,8635737,0.045611,39.92717,3.235976,0.0252,-0.0053
2014-08-20,德威新材,sz300325,7.44,7.31,7.4,7.34,7.46,29.84947,6811743,0.035978,39.2849,3.183922,0.0174,-0.0081
2014-08-21,德威新材,sz300325,7.49,7.31,7.33,7.49,7.34,30.459475,7498796,0.039606,40.087727,3.248989,0.0245,0.0218
2014-08-22,德威新材,sz300325,8.0,7.49,7.49,7.68,7.49,31.23214,14946204,0.078941,41.104633,3.331406,0.068,0.0253
2014-08-25,德威新材,sz300325,7.97,7.55,7.71,7.85,7.68,31.923464,11393044,0.060175,42.014484,3.405146,0.0546,0.0181
2014-08-26,德威新材,sz300325,8.17,7.77,7.8,7.94,7.85,32.289467,12794772,0.067578,42.496178,3.444186,0.0509,0.0179
2014-08-27,德威新材,sz300325,8.38,7.76,7.85,8.28,7.94,33.672134,13483312,0.071215,44.315907,3.59167,0.078,0.0547
2014-08-28,德威新材,sz300325,8.45,8.09,8.2,8.25,8.28,33.55014,9851033,0.05203,44.155354,3.578657,0.0434,0.006
2014-08-29,德威新材,sz300325,8.32,7.99,8.22,8.0,8.25,32.53347,8264865,0.043652,42.81731,3.470213,0.04,-0.0267
2014-09-01,德威新材,sz300325,8.42,7.98,8.04,8.37,8.0,34.038143,8656810,0.045723,44.79761,3.630711,0.0549,0.041
2014-09-02,德威新材,sz300325,8.44,8.21,8.36,8.33,8.37,33.875473,9969104,0.052654,44.583527,3.613359,0.0274,-0.0035
2014-09-03,德威新材,sz300325,8.45,8.17,8.3,8.3,8.33,33.753487,9258482,0.0489,44.42298,3.600348,0.0336,0.0
2014-09-04,德威新材,sz300325,8.67,8.25,8.3,8.46,8.3,34.404156,10832770,0.057215,45.27932,3.669752,0.0506,0.0192
2014-09-05,德威新材,sz300325,8.77,8.4,8.47,8.65,8.46,35.176838,7670001,0.040511,46.29625,3.752171,0.0437,0.0212
2014-09-09,德威新材,sz300325,8.65,8.44,8.65,8.55,8.65,34.770157,6291444,0.033229,45.76102,3.708792,0.0242,-0.0115
2014-09-10,德威新材,sz300325,8.53,8.35,8.46,8.46,8.55,34.404167,6206783,0.032782,45.27934,3.669753,0.021,0.0
2014-09-11,德威新材,sz300325,8.52,8.25,8.45,8.26,8.46,33.590816,8674535,0.045816,44.20889,3.582996,0.0319,-0.0224
2014-09-12,德威新材,sz300325,8.35,8.11,8.24,8.33,8.26,33.8755,7142698,0.037726,44.58356,3.613362,0.029,0.0109
2014-09-15,德威新材,sz300325,8.59,8.28,8.34,8.55,8.33,34.770187,8758988,0.046262,45.761055,3.708795,0.0372,0.0251
2014-09-16,德威新材,sz300325,8.56,8.15,8.52,8.16,8.55,33.184177,7061415,0.037296,43.67371,3.539622,0.0479,-0.0422
2014-09-17,德威新材,sz300325,8.25,7.88,8.14,8.1,8.16,32.940174,5628329,0.029727,43.352577,3.513595,0.0453,-0.0049
2014-09-18,德威新材,sz300325,8.33,8.0,8.09,8.28,8.1,33.672173,3570887,0.01886,44.31596,3.591674,0.0407,0.0234
2014-09-19,德威新材,sz300325,8.46,8.22,8.29,8.43,8.28,34.282177,4750339,0.02509,45.11879,3.656741,0.0289,0.0168
2014-09-22,德威新材,sz300325,8.45,8.23,8.43,8.3,8.43,33.753513,4113167,0.021724,44.42301,3.60035,0.026,-0.0154
2014-09-23,德威新材,sz300325,8.44,8.26,8.33,8.43,8.3,34.282192,4066961,0.02148,45.11881,3.656742,0.0216,0.012
2014-09-24,德威新材,sz300325,9.08,8.38,8.45,8.98,8.43,36.518867,12590289,0.066498,48.062496,3.895319,0.083,0.0627
2014-09-25,德威新材,sz300325,9.03,8.77,8.96,8.83,8.98,35.908855,5979359,0.031581,47.25966,3.830252,0.0289,-0.0145
2014-09-26,德威新材,sz300325,9.21,8.81,8.81,8.98,8.83,36.518875,4946890,0.026128,48.062508,3.89532,0.0453,0.0192
2014-09-29,德威新材,sz300325,9.82,9.0,9.02,9.75,8.98,39.650223,11017556,0.058191,52.183674,4.229328,0.0913,0.0809
2014-09-30,德威新材,sz300325,9.9,9.54,9.82,9.83,9.75,39.97555,6247859,0.032999,52.61184,4.26403,0.0369,0.001
2014-10-08,德威新材,sz300325,10.1,9.7,9.7,9.87,9.83,40.138214,4947843,0.026133,52.825916,4.28138,0.0406,0.0175
2014-10-09,德威新材,sz300325,9.95,9.38,9.79,9.58,9.87,38.95887,6373067,0.033661,51.27379,4.155585,0.0577,-0.0214
2014-10-10,德威新材,sz300325,9.62,9.33,9.62,9.37,9.58,38.104855,6977686,0.036854,50.149815,4.06449,0.0302,-0.0259
2014-10-13,德威新材,sz300325,9.56,9.2,9.42,9.54,9.37,38.796192,4499957,0.023767,51.05968,4.138232,0.0384,0.0127
2014-10-14,德威新材,sz300325,9.58,9.19,9.53,9.27,9.54,37.69818,4976719,0.026286,49.61459,4.021112,0.0408,-0.0272
2014-10-15,德威新材,sz300325,9.47,9.22,9.22,9.3,9.27,37.82017,4333843,0.02289,49.775143,4.034124,0.0269,0.0086
2014-10-16,德威新材,sz300325,9.54,9.19,9.25,9.22,9.3,37.494843,4215996,0.022268,49.346977,3.999423,0.0376,-0.0032
2014-10-17,德威新材,sz300325,9.37,8.97,9.21,9.28,9.22,37.738857,5785764,0.030559,49.66813,4.025451,0.0433,0.0076
2014-10-20,德威新材,sz300325,9.56,9.26,9.27,9.5,9.28,38.633533,5072860,0.026793,50.84561,4.120882,0.0323,0.0248
2014-10-21,德威新材,sz300325,9.56,9.38,9.45,9.38,9.5,38.145515,2951388,0.015588,50.203327,4.068827,0.0189,-0.0074
2014-10-22,德威新材,sz300325,9.59,9.24,9.38,9.38,9.38,38.145515,4169360,0.022021,50.203327,4.068827,0.0373,0.0
2014-10-23,德威新材,sz300325,9.38,8.88,9.36,8.95,9.38,36.39685,6405149,0.03383,47.90191,3.882304,0.0533,-0.0438
2014-10-24,德威新材,sz300325,9.09,8.89,8.97,8.97,8.95,36.478195,2645270,0.013972,48.00897,3.890981,0.0223,0.0
2014-10-27,德威新材,sz300325,9.25,8.86,8.95,9.15,8.97,37.210205,2112203,0.011156,49.526543,3.796864,0.0434,0.0223
2014-10-28,德威新材,sz300325,9.39,9.18,9.28,9.33,9.15,37.942204,3185400,0.016824,50.50083,3.871556,0.0229,0.0053
2014-10-29,德威新材,sz300325,9.56,9.25,9.39,9.3,9.33,37.820217,5820818,0.030744,50.33847,3.859109,0.0332,-0.0095
2014-10-30,德威新材,sz300325,9.75,9.3,9.33,9.67,9.3,39.324898,10835080,0.057228,52.341187,4.012643,0.0483,0.0364
2014-10-31,德威新材,sz300325,9.66,9.4,9.64,9.51,9.67,38.674225,6527769,0.034478,51.475147,3.94625,0.0268,-0.0134
2014-11-03,德威新材,sz300325,9.72,9.45,9.45,9.68,9.51,39.365566,4308061,0.022754,52.395317,4.016793,0.0283,0.0243
2014-11-04,德威新材,sz300325,9.75,9.5,9.7,9.54,9.68,38.796223,2907808,0.015358,51.637524,3.958699,0.0258,-0.0164
2014-11-05,德威新材,sz300325,9.61,9.46,9.56,9.49,9.54,38.59289,2778190,0.014674,51.366894,3.937951,0.0157,-0.0073
2014-11-06,德威新材,sz300325,9.57,9.29,9.49,9.49,9.49,38.59289,4003202,0.021144,51.366894,3.937951,0.0295,0.0
2014-11-07,德威新材,sz300325,9.57,8.99,9.52,9.07,9.49,36.884888,9763254,0.051567,49.093548,3.763669,0.0611,-0.0472
2014-11-10,德威新材,sz300325,9.22,8.83,9.1,8.9,9.07,36.193554,5725880,0.030242,48.17339,3.693127,0.0429,-0.0219
2014-11-11,德威新材,sz300325,8.96,8.5,8.96,8.59,8.9,34.932896,5618704,0.029676,46.49546,3.564491,0.0516,-0.0412
2014-11-12,德威新材,sz300325,8.69,8.44,8.52,8.66,8.59,35.217564,3062060,0.016173,46.87435,3.593538,0.0291,0.0164
2014-11-13,德威新材,sz300325,8.62,8.34,8.62,8.37,8.66,34.03823,3934720,0.020782,45.304672,3.473202,0.0323,-0.029
2014-11-14,德威新材,sz300325,8.53,8.38,8.4,8.53,8.37,34.688908,1818676,0.009606,46.170715,3.539595,0.0179,0.0154
2014-11-17,德威新材,sz300325,9.38,8.55,8.65,9.38,8.53,38.145588,9693106,0.051196,50.771534,3.892309,0.0973,0.0843
2014-11-18,德威新材,sz300325,9.5,9.31,9.5,9.41,9.38,38.26758,6932521,0.036615,50.933903,3.904757,0.0202,-0.0094
2014-11-19,德威新材,sz300325,10.25,9.4,9.43,9.68,9.41,39.36559,8851417,0.04675,52.395348,4.016796,0.0903,0.0265
2014-11-20,德威新材,sz300325,9.75,9.45,9.66,9.67,9.68,39.324924,3588619,0.018954,52.341225,4.012646,0.0309,0.001
2014-11-21,德威新材,sz300325,9.99,9.63,9.63,9.67,9.67,39.324924,5198057,0.027455,52.341225,4.012646,0.0372,0.0041
2014-11-24,德威新材,sz300325,9.83,9.45,9.73,9.58,9.67,38.958927,4380511,0.023137,51.854084,3.975301,0.0392,-0.0154
2014-11-25,德威新材,sz300325,10.05,9.58,9.59,9.94,9.58,40.422924,7282823,0.038466,53.802654,4.124684,0.049,0.0364
2014-11-26,德威新材,sz300325,10.55,9.81,9.96,10.18,9.94,41.398937,6570949,0.034706,55.101723,4.224275,0.0744,0.022
2014-11-27,德威新材,sz300325,10.3,9.6,10.2,9.71,10.18,39.48759,11420254,0.060318,52.55773,4.029244,0.0687,-0.048
2014-11-28,德威新材,sz300325,9.75,9.47,9.72,9.56,9.71,38.877586,6018465,0.031788,51.74582,3.967001,0.0288,-0.0164
2014-12-01,德威新材,sz300325,9.72,9.45,9.5,9.63,9.56,39.162247,5819014,0.030734,52.124702,3.996047,0.0282,0.0136
2014-12-02,德威新材,sz300325,9.78,9.55,9.64,9.62,9.63,39.121597,3958391,0.020907,52.070595,3.991899,0.0238,-0.002
2014-12-03,德威新材,sz300325,9.7,9.2,9.62,9.46,9.62,38.470924,5206583,0.0275,51.20456,3.925506,0.0519,-0.0166
2014-12-04,德威新材,sz300325,9.55,9.3,9.46,9.48,9.46,38.552254,4700497,0.024827,51.312805,3.933804,0.0264,0.0021
2014-12-05,德威新材,sz300325,9.5,8.6,9.5,9.24,9.48,37.576263,5120860,0.027047,50.013767,3.834216,0.0949,-0.0273
2014-12-08,德威新材,sz300325,9.25,8.93,9.07,9.0,9.24,36.600258,5408015,0.028563,48.71471,3.734626,0.0346,-0.0077
2014-12-09,德威新材,sz300325,8.98,8.24,8.91,8.24,9.0,33.509586,8327032,0.043981,44.601048,3.41926,0.0822,-0.0751
2014-12-10,德威新材,sz300325,8.85,8.28,8.28,8.82,8.24,35.86826,4126586,0.021795,47.740425,3.659934,0.0691,0.0652
2014-12-11,德威新材,sz300325,9.06,8.83,8.86,8.96,8.82,36.437595,2805983,0.01482,48.49821,3.718028,0.026,0.0112
2014-12-12,德威新材,sz300325,9.16,8.96,9.11,8.99,8.96,36.55959,3095691,0.01635,48.66058,3.730476,0.0223,-0.0131
2014-12-15,德威新材,sz300325,9.05,8.89,8.95,8.98,8.99,36.518936,4031101,0.021291,48.60647,3.726328,0.0177,0.0033
2014-12-16,德威新材,sz300325,9.06,8.85,8.96,8.9,8.98,36.19359,2756418,0.014559,48.173435,3.69313,0.0233,-0.0066
2014-12-17,德威新材,sz300325,8.88,8.49,8.88,8.55,8.9,34.77024,4307762,0.022752,46.278965,3.547894,0.0438,-0.0371
2014-12-18,德威新材,sz300325,8.66,8.4,8.55,8.4,8.55,34.16023,3465934,0.018306,45.46705,3.48565,0.0304,-0.0175
2014-12-19,德威新材,sz300325,8.47,8.13,8.4,8.25,8.4,33.550232,4008272,0.02117,44.655144,3.423407,0.0404,-0.0178
2014-12-22,德威新材,sz300325,8.22,7.43,8.22,7.67,8.25,31.19155,8115873,0.042866,41.515755,3.182731,0.0957,-0.0669
2014-12-23,德威新材,sz300325,7.9,7.5,7.67,7.6,7.67,30.906895,2614412,0.013809,41.13688,3.153685,0.0521,-0.0091
2014-12-24,德威新材,sz300325,7.89,7.67,7.85,7.76,7.6,31.557577,2378018,0.01256,42.002934,3.22008,0.0289,-0.0114
2014-12-25,德威新材,sz300325,8.14,7.76,7.83,8.01,7.76,32.574238,3518649,0.018584,43.356102,3.323818,0.0489,0.0229
2014-12-26,德威新材,sz300325,8.13,7.8,8.02,7.91,8.01,32.16758,3095965,0.016352,42.814842,3.282323,0.0411,-0.0137
2014-12-29,德威新材,sz300325,7.94,7.52,7.94,7.8,7.91,31.720257,4142830,0.021881,42.21946,3.236679,0.053,-0.0176
2014-12-30,德威新材,sz300325,8.26,7.6,7.75,8.15,7.8,33.14361,4737755,0.025023,44.113934,3.381916,0.0846,0.0516
2014-12-31,德威新材,sz300325,8.19,7.95,8.0,8.15,8.15,33.14361,2737852,0.01446,44.113934,3.381916,0.0294,0.0187
2015-01-01,德威新材,sz300325,8.15,8.15,8.15,8.15,8.15,8.1352,0,0.0,0.0,0.0,0.0,0.0
2015-01-02,德威新材,sz300325,8.15,8.15,8.15,8.15,8.15,8.1352,0,0.0,0.0,0.0,0.0,0.0
2015-01-05,德威新材,sz300325,8.25,7.86,7.88,8.2,8.15,8.1851,44458,0.023481,44.38457,3.402664,0.0478,0.0406
2015-01-06,德威新材,sz300325,8.65,8.09,8.15,8.5,8.2,8.4845,64335,0.03398,46.00838,3.52715,0.0682,0.0429
2015-01-07,德威新材,sz300325,8.64,8.38,8.5,8.48,8.5,8.4646,23072,0.012186,45.900124,3.518851,0.0305,-0.0023
2015-01-08,德威新材,sz300325,8.7,8.42,8.5,8.54,8.48,8.5245,37681,0.019902,46.224865,3.543747,0.033,0.0047
2015-01-09,德威新材,sz300325,8.62,8.4,8.5,8.41,8.54,8.3947,24676,0.013033,45.521233,3.489804,0.0257,-0.0105
2015-01-12,德威新材,sz300325,8.41,8.41,8.41,8.41,8.41,8.3947,0,0.0,0.0,0.0,0.0,0.0
2015-01-13,德威新材,sz300325,8.41,8.41,8.41,8.41,8.41,8.3947,0,0.0,0.0,0.0,0.0,0.0
2015-01-14,德威新材,sz300325,8.41,8.41,8.41,8.41,8.41,8.3947,0,0.0,0.0,0.0,0.0,0.0
2015-01-15,德威新材,sz300325,8.41,8.41,8.41,8.41,8.41,8.3947,0,0.0,0.0,0.0,0.0,0.0
2015-01-16,德威新材,sz300325,8.41,8.41,8.41,8.41,8.41,8.3947,0,0.0,0.0,0.0,0.0,0.0
2015-01-19,德威新材,sz300325,8.41,8.41,8.41,8.41,8.41,8.3947,0,0.0,0.0,0.0,0.0,0.0
2015-01-20,德威新材,sz300325,8.41,8.41,8.41,8.41,8.41,8.3947,0,0.0,0.0,0.0,0.0,0.0
2015-01-21,德威新材,sz300325,8.41,8.41,8.41,8.41,8.41,8.3947,0,0.0,0.0,0.0,0.0,0.0
2015-01-22,德威新材,sz300325,8.41,8.41,8.41,8.41,8.41,8.3947,0,0.0,0.0,0.0,0.0,0.0
2015-01-23,德威新材,sz300325,8.41,8.41,8.41,8.41,8.41,8.3947,0,0.0,0.0,0.0,0.0,0.0
2015-01-26,德威新材,sz300325,8.41,8.41,8.41,8.41,8.41,8.3947,0,0.0,0.0,0.0,0.0,0.0
2015-01-27,德威新材,sz300325,8.41,8.41,8.41,8.41,8.41,8.3947,0,0.0,0.0,0.0,0.0,0.0
2015-01-28,德威新材,sz300325,8.41,8.41,8.41,8.41,8.41,8.3947,0,0.0,0.0,0.0,0.0,0.0
2015-01-29,德威新材,sz300325,8.41,8.41,8.41,8.41,8.41,8.3947,0,0.0,0.0,0.0,0.0,0.0
2015-01-30,德威新材,sz300325,9.25,8.8,9.2,9.25,8.41,9.2332,75180,0.039708,50.067936,3.838369,0.0535,0.0054
2015-02-02,德威新材,sz300325,9.24,8.5,9.24,8.8,9.25,8.784,120990,0.063904,47.632183,3.651636,0.08,-0.0476
2015-02-03,德威新材,sz300325,8.78,8.58,8.71,8.72,8.8,8.7041,41803,0.02208,47.199158,3.618439,0.0227,0.0011
2015-02-04,德威新材,sz300325,9.1,8.65,8.65,8.78,8.72,8.764,53425,0.028218,47.523937,3.643338,0.0516,0.015
2015-02-05,德威新材,sz300325,8.91,8.67,8.79,8.68,8.78,8.6642,35810,0.018914,46.98264,3.60184,0.0273,-0.0125
2015-02-06,德威新材,sz300325,8.78,8.25,8.63,8.34,8.68,8.3248,39051,0.020626,45.14228,3.460752,0.061,-0.0336
2015-02-09,德威新材,sz300325,8.69,8.34,8.38,8.64,8.34,8.6243,39539,0.020884,46.766094,3.585239,0.0419,0.031
2015-02-10,德威新材,sz300325,8.68,8.49,8.64,8.62,8.64,8.6043,25320,0.013373,46.65783,3.576939,0.0219,-0.0023
2015-02-11,德威新材,sz300325,8.78,8.51,8.6,8.73,8.62,8.7141,35101,0.01854,47.25323,3.622585,0.0313,0.0151
2015-02-12,德威新材,sz300325,8.95,8.5,8.69,8.88,8.73,8.8638,55243,0.029178,48.065136,3.684828,0.0515,0.0218
2015-02-13,德威新材,sz300325,9.02,8.85,8.85,8.9,8.88,8.8838,43197,0.022816,48.173378,3.693126,0.0191,0.0056
2015-02-16,德威新材,sz300325,9.23,8.88,8.9,9.14,8.9,9.1234,41562,0.021952,49.472424,3.792715,0.0393,0.0269
2015-02-17,德威新材,sz300325,9.19,8.98,9.08,9.08,9.14,9.0635,23428,0.012374,49.147636,3.767816,0.0229,0.0
2015-02-18,德威新材,sz300325,9.08,9.08,9.08,9.08,9.08,9.0635,0,0.0,0.0,0.0,0.0,0.0
2015-02-19,德威新材,sz300325,9.08,9.08,9.08,9.08,9.08,9.0635,0,0.0,0.0,0.0,0.0,0.0
2015-02-20,德威新材,sz300325,9.08,9.08,9.08,9.08,9.08,9.0635,0,0.0,0.0,0.0,0.0,0.0
2015-02-23,德威新材,sz300325,9.08,9.08,9.08,9.08,9.08,9.0635,0,0.0,0.0,0.0,0.0,0.0
2015-02-24,德威新材,sz300325,9.08,9.08,9.08,9.08,9.08,9.0635,0,0.0,0.0,0.0,0.0,0.0
2015-02-25,德威新材,sz300325,9.25,9.05,9.13,9.15,9.08,9.1333,23699,0.012518,49.526516,3.796862,0.022,0.0021
2015-02-26,德威新材,sz300325,9.68,9.28,9.3,9.35,9.15,9.333,61611,0.032542,50.609066,3.879854,0.0437,0.0053
2015-02-27,德威新材,sz300325,9.58,9.25,9.31,9.54,9.35,9.5226,54333,0.028697,51.637493,3.958696,0.0352,0.0247
2015-03-02,德威新材,sz300325,10.16,9.41,9.41,10.06,9.54,10.0417,120414,0.063599,54.4521,4.174473,0.0786,0.069
2015-03-03,德威新材,sz300325,10.31,9.81,9.98,9.92,10.06,9.9019,84695,0.044734,53.694286,4.116377,0.0497,-0.006
2015-03-04,德威新材,sz300325,10.12,9.83,9.88,10.03,9.92,10.0117,46819,0.024728,54.289703,4.162023,0.0292,0.0151
2015-03-05,德威新材,sz300325,10.23,9.97,9.97,10.11,10.03,10.0916,75594,0.039927,54.722717,4.195219,0.0259,0.014
2015-03-06,德威新材,sz300325,10.31,9.68,10.12,9.85,10.11,9.8321,87808,0.046378,53.315414,4.087331,0.0623,-0.0266
2015-03-09,德威新材,sz300325,10.39,9.4,9.8,10.21,9.85,10.1914,62244,0.032876,55.263985,4.236715,0.1005,0.0418
2015-03-10,德威新材,sz300325,11.23,10.36,10.36,11.23,10.21,11.2096,139910,0.073897,60.78497,4.659971,0.0852,0.0839
2015-03-11,德威新材,sz300325,11.59,10.98,11.59,11.06,11.23,11.0399,168537,0.089016,59.864803,4.589428,0.0543,-0.0457
2015-03-12,德威新材,sz300325,11.3,10.61,10.95,10.81,11.06,10.7903,89843,0.047453,58.51162,4.485689,0.0623,-0.0127
2015-03-13,德威新材,sz300325,11.33,10.71,10.78,11.25,10.81,11.2295,87399,0.04604,60.89322,4.66827,0.0573,0.0435
2015-03-16,德威新材,sz300325,12.33,11.28,11.41,11.9,11.25,11.8783,118427,0.062385,64.41151,4.937993,0.0933,0.0429
2015-03-17,德威新材,sz300325,12.19,11.7,11.91,12.02,11.9,11.9981,103084,0.054302,65.061035,4.987788,0.0411,0.0092
2015-03-18,德威新材,sz300325,12.96,12.06,12.14,12.95,12.02,12.9264,137533,0.072449,70.09487,5.373698,0.0748,0.0667
2015-03-19,德威新材,sz300325,14.25,12.93,12.95,14.25,12.95,14.2241,184524,0.097203,77.13142,5.913142,0.1019,0.1003
2015-03-20,德威新材,sz300325,14.5,13.7,14.4,13.82,14.25,13.7948,134990,0.07111,74.80397,5.734713,0.0561,-0.0402
2015-03-23,德威新材,sz300325,14.42,13.75,13.88,14.25,13.82,14.2241,92593,0.048776,77.131424,5.913143,0.0484,0.0266
2015-03-24,德威新材,sz300325,14.98,13.25,14.14,13.97,14.25,13.9446,128330,0.067601,75.61587,5.796955,0.1214,-0.012
2015-03-25,德威新材,sz300325,14.07,13.35,13.78,13.65,13.97,13.6252,114477,0.060304,73.88381,5.66417,0.0515,-0.0094
2015-03-26,德威新材,sz300325,14.01,13.19,13.58,13.6,13.65,13.5753,78762,0.04149,73.613174,5.643423,0.06,0.0014
2015-03-27,德威新材,sz300325,13.87,13.38,13.45,13.67,13.6,13.6451,49355,0.025999,73.992065,5.672469,0.036,0.0163
2015-03-30,德威新材,sz300325,14.5,13.6,13.8,14.26,13.67,14.234,81203,0.042776,77.18556,5.917293,0.0658,0.0333
2015-03-31,德威新材,sz300325,15.04,13.91,14.27,15.02,14.26,14.9927,117162,0.061718,81.77087,6.23627,0.0792,0.0525
2015-04-01,德威新材,sz300325,16.46,14.8,14.99,16.26,15.02,16.2304,113747,0.059919,88.52162,6.751118,0.1105,0.0847
2015-04-02,德威新材,sz300325,17.75,16.35,16.7,16.99,16.26,16.9591,103104,0.054313,92.495804,7.054209,0.0861,0.0173
2015-04-03,德威新材,sz300325,18.2,16.76,16.9,17.78,16.99,17.7476,96388,0.050775,96.79668,7.382216,0.0847,0.052
2015-04-06,德威新材,sz300325,17.78,17.78,17.78,17.78,17.78,17.7476,0,0.0,0.0,0.0,0.0,0.0
2015-04-07,德威新材,sz300325,18.05,17.26,17.77,17.6,17.78,17.568,74000,0.038982,95.8167,7.307478,0.0444,-0.0095
2015-04-08,德威新材,sz300325,18.2,16.31,18.0,16.88,17.6,16.8493,85813,0.045205,91.896935,7.008537,0.1073,-0.0622
2015-04-09,德威新材,sz300325,17.1,15.19,16.95,16.52,16.88,16.4899,160956,0.084788,89.93705,6.859065,0.1131,-0.0253
2015-04-10,德威新材,sz300325,16.65,15.7,16.16,16.34,16.52,16.3103,75563,0.039805,88.9571,6.784329,0.0575,0.0111
2015-04-13,德威新材,sz300325,17.31,16.0,16.3,17.23,16.34,17.1986,111558,0.058766,93.802414,7.153858,0.0801,0.057
2015-04-14,德威新材,sz300325,18.0,16.4,17.13,16.7,17.23,16.6696,88524,0.046632,90.91705,6.933805,0.0928,-0.0251
2015-04-15,德威新材,sz300325,16.69,15.2,16.38,15.47,16.7,15.4418,69381,0.036548,84.22073,6.42311,0.0892,-0.0555
2015-04-16,德威新材,sz300325,15.95,14.9,15.45,15.0,15.47,14.9727,57410,0.030242,81.662025,6.227969,0.0678,-0.0291
2015-04-17,德威新材,sz300325,15.6,14.96,15.24,15.36,15.0,15.332,101570,0.053505,83.62192,6.37744,0.0426,0.0078
2015-04-20,德威新材,sz300325,15.88,14.94,15.25,15.48,15.36,15.4518,95672,0.050398,84.27525,6.427267,0.0611,0.015
2015-04-21,德威新材,sz300325,16.74,15.3,15.45,16.51,15.48,16.48,127866,0.067357,89.882675,6.854919,0.093,0.0686
2015-04-22,德威新材,sz300325,16.88,16.29,16.56,16.5,16.51,16.47,132626,0.069864,89.82821,6.850764,0.0357,-0.0036
2015-04-23,德威新材,sz300325,16.88,16.3,16.51,16.5,16.5,16.47,87864,0.046285,89.82821,6.850764,0.0351,-6.0E-4
2015-04-24,德威新材,sz300325,16.55,15.38,16.3,15.84,16.5,15.8112,68082,0.035864,86.23508,6.576734,0.0709,-0.0282
2015-04-27,德威新材,sz300325,16.01,15.34,15.64,15.47,15.84,15.4418,100743,0.053069,79.52338,6.318711,0.0422,-0.0108
2015-04-28,德威新材,sz300325,15.7,14.35,15.55,14.54,15.47,14.5135,82054,0.043224,74.742744,5.938856,0.0872,-0.0649
2015-04-29,德威新材,sz300325,14.97,14.4,14.61,14.87,14.54,14.8429,47258,0.024895,76.43911,6.073644,0.0392,0.0177
2015-04-30,德威新材,sz300325,15.06,14.65,14.92,14.83,14.87,14.803,56976,0.030014,76.23349,6.057306,0.0275,-0.006
2015-05-01,德威新材,sz300325,14.83,14.83,14.83,14.83,14.83,14.803,0,0.0,0.0,0.0,0.0,0.0
2015-05-04,德威新材,sz300325,15.7,14.7,14.8,15.42,14.83,15.3919,64960,0.034219,79.26636,6.29829,0.0674,0.0418
2015-05-05,德威新材,sz300325,15.51,14.85,15.43,15.09,15.42,15.0625,43755,0.023049,77.569984,6.1635,0.0428,-0.022
2015-05-06,德威新材,sz300325,15.35,14.4,15.09,14.51,15.09,14.4836,34592,0.018223,74.5885,5.9266,0.0629,-0.0384
2015-05-07,德威新材,sz300325,15.42,14.56,14.56,15.05,14.51,15.0226,52302,0.027552,77.36439,6.147164,0.0592,0.0336
2015-05-08,德威新材,sz300325,16.38,15.0,15.11,16.12,15.05,16.0907,88314,0.046522,82.864685,6.584203,0.0916,0.0668
2015-05-11,德威新材,sz300325,16.77,15.88,16.15,16.48,16.12,16.45,140083,0.073792,84.7153,6.731248,0.0552,0.0204
2015-05-12,德威新材,sz300325,17.01,16.1,16.3,16.9,16.48,16.8692,110643,0.058284,86.87427,6.902794,0.0552,0.0368
2015-05-13,德威新材,sz300325,16.57,16.2,16.2,16.29,16.9,16.2604,89958,0.047388,83.73854,6.653637,0.0218,0.0055
2015-05-14,德威新材,sz300325,17.1,15.5,16.02,16.89,16.29,16.8593,134644,0.070927,86.8228,6.898704,0.0982,0.0543
2015-05-15,德威新材,sz300325,18.05,16.36,16.51,17.88,16.89,17.8475,168080,0.088541,91.91192,7.303072,0.1,0.0829
2015-05-18,德威新材,sz300325,18.79,17.48,17.88,18.74,17.88,18.7059,152814,0.080499,96.3327,7.654335,0.0732,0.048
2015-05-19,德威新材,sz300325,20.3,18.5,18.74,20.0,18.74,19.9636,129907,0.068432,102.80972,8.168982,0.096,0.0672
2015-05-20,德威新材,sz300325,22.0,20.0,20.0,21.6,20.0,21.5607,136541,0.071927,111.03451,8.8225,0.1,0.08
2015-05-21,德威新材,sz300325,23.76,21.18,21.35,23.76,21.6,23.7168,116223,0.06123,122.137955,9.70475,0.1194,0.1128
2015-05-22,德威新材,sz300325,25.1,22.0,23.75,23.76,23.76,23.7168,182464,0.096127,122.137955,9.70475,0.1304,4.0E-4
2015-05-25,德威新材,sz300325,24.96,22.36,23.0,23.5,23.76,23.4572,130999,0.069009,120.80143,9.598554,0.1094,0.0217
2015-05-26,德威新材,sz300325,24.55,23.01,23.32,23.8,23.5,23.7567,98948,0.052124,122.343575,9.721088,0.0655,0.0205
2015-05-27,德威新材,sz300325,24.08,22.72,23.81,23.2,23.8,23.1578,80235,0.042267,119.259285,9.476019,0.0571,-0.0256
2015-05-28,德威新材,sz300325,23.21,21.04,23.21,21.23,23.2,21.1914,103810,0.054687,109.13252,8.671374,0.0935,-0.0853
2015-05-29,德威新材,sz300325,22.2,20.01,21.2,22.0,21.23,21.96,88547,0.046648,113.0907,8.98588,0.1031,0.0377
2015-06-01,德威新材,sz300325,24.2,22.24,22.24,24.2,22.0,24.156,99451,0.031535,124.39977,9.884468,0.089,0.0881
2015-06-02,德威新材,sz300325,25.97,24.71,25.0,25.92,24.2,25.8728,89237,0.028297,133.24141,10.587,0.052,0.0368
2015-06-03,德威新材,sz300325,26.2,24.08,25.96,24.63,25.92,24.5852,74462,0.023613,126.610176,10.060101,0.0817,-0.0512
2015-06-04,德威新材,sz300325,25.41,22.2,24.5,24.89,24.63,24.8447,62843,0.019928,127.9467,10.166298,0.1303,0.0159
2015-06-05,德威新材,sz300325,25.6,23.76,25.41,24.2,24.89,24.156,90303,0.028634,124.39977,9.884468,0.0739,-0.0476
2015-06-08,德威新材,sz300325,24.55,22.0,24.25,22.29,24.2,22.2494,105248,0.033376,114.58144,9.10433,0.1053,-0.0808
2015-06-09,德威新材,sz300325,22.78,21.5,22.68,21.98,22.29,21.94,75913,0.024071,112.98789,8.977711,0.0574,-0.0308
2015-06-10,德威新材,sz300325,23.27,21.55,22.13,22.7,21.98,22.7,74026,0.023472,116.90178,9.288698,0.0782,0.0257
2015-06-11,德威新材,sz300325,23.49,22.5,22.85,23.33,22.7,23.33,72628,0.023031,120.146194,9.54649,0.0436,0.021
2015-06-12,德威新材,sz300325,23.87,22.69,23.56,23.23,23.33,23.23,89942,0.02852,119.6312,9.505571,0.0505,-0.014
2015-06-15,德威新材,sz300325,23.16,22.1,23.16,22.12,23.23,22.12,67123,0.021284,113.91486,9.051366,0.0456,-0.0449
2015-06-16,德威新材,sz300325,22.0,20.36,22.0,20.56,22.12,20.56,59002,0.018709,105.88109,8.413024,0.0741,-0.0654
2015-06-17,德威新材,sz300325,22.09,19.35,20.6,21.94,20.56,21.94,77297,0.024511,112.98789,8.977711,0.1332,0.065
2015-06-18,德威新材,sz300325,22.98,20.8,21.92,20.8,21.94,20.8,54573,0.017306,107.11705,8.51123,0.0993,-0.051
2015-06-19,德威新材,sz300325,21.4,19.91,20.2,20.3,20.8,20.3,42268,0.013403,104.54212,8.306633,0.0716,0.0049
2015-06-22,德威新材,sz300325,20.3,20.3,20.3,20.3,20.3,20.3,0,0.0,0.0,0.0,0.0,0.0
2015-06-23,德威新材,sz300325,21.25,18.8,20.3,21.0,20.3,21.0,57790,0.018327,108.14702,8.593069,0.1206,0.0344
2015-06-24,德威新材,sz300325,21.65,20.01,21.52,20.9,21.0,20.9,56205,0.017823,107.632034,8.552149,0.078,-0.0288
2015-06-25,德威新材,sz300325,21.0,19.3,20.86,19.67,20.9,19.67,63328,0.020082,101.297714,8.048841,0.0813,-0.057
2015-06-26,德威新材,sz300325,19.55,17.7,19.2,17.7,19.67,17.7,70735,0.022429,91.15249,7.242729,0.094,-0.0781
2015-06-29,德威新材,sz300325,18.69,15.93,18.66,15.93,17.7,15.93,71300,0.022608,82.03724,6.518456,0.1559,-0.1463
2015-06-30,德威新材,sz300325,17.52,14.34,14.34,17.5,15.93,17.5,129665,0.041115,90.12252,7.160891,0.1996,0.2203
2015-07-01,德威新材,sz300325,18.29,15.75,16.99,16.4,17.5,16.4,134536,0.04266,84.45767,6.710778,0.1451,-0.0347
2015-07-02,德威新材,sz300325,16.48,14.76,15.6,14.76,16.4,14.76,100282,0.031797,76.01191,6.0397,0.1048,-0.0538
2015-07-03,德威新材,sz300325,14.76,14.76,14.76,14.76,14.76,14.76,0,0.0,0.0,0.0,0.0,0.0
2015-07-06,德威新材,sz300325,14.76,14.76,14.76,14.76,14.76,14.76,0,0.0,0.0,0.0,0.0,0.0
2015-07-07,德威新材,sz300325,14.76,14.76,14.76,14.76,14.76,14.76,0,0.0,0.0,0.0,0.0,0.0
2015-07-08,德威新材,sz300325,14.76,14.76,14.76,14.76,14.76,14.76,0,0.0,0.0,0.0,0.0,0.0
2015-07-09,德威新材,sz300325,14.76,14.76,14.76,14.76,14.76,14.76,0,0.0,0.0,0.0,0.0,0.0
2015-07-10,德威新材,sz300325,14.76,14.76,14.76,14.76,14.76,14.76,0,0.0,0.0,0.0,0.0,0.0
2015-07-13,德威新材,sz300325,14.76,14.76,14.76,14.76,14.76,14.76,0,0.0,0.0,0.0,0.0,0.0
2015-07-14,德威新材,sz300325,14.76,14.76,14.76,14.76,14.76,14.76,0,0.0,0.0,0.0,0.0,0.0
2015-07-15,德威新材,sz300325,14.76,14.76,14.76,14.76,14.76,14.76,0,0.0,0.0,0.0,0.0,0.0
2015-07-16,德威新材,sz300325,14.76,14.76,14.76,14.76,14.76,14.76,0,0.0,0.0,0.0,0.0,0.0
2015-07-17,德威新材,sz300325,14.76,14.76,14.76,14.76,14.76,14.76,0,0.0,0.0,0.0,0.0,0.0
2015-07-20,德威新材,sz300325,14.76,14.76,14.76,14.76,14.76,14.76,0,0.0,0.0,0.0,0.0,0.0
2015-07-21,德威新材,sz300325,14.76,14.76,14.76,14.76,14.76,14.76,0,0.0,0.0,0.0,0.0,0.0
2015-07-22,德威新材,sz300325,14.76,14.76,14.76,14.76,14.76,14.76,0,0.0,0.0,0.0,0.0,0.0
2015-07-23,德威新材,sz300325,14.76,14.76,14.76,14.76,14.76,14.76,0,0.0,0.0,0.0,0.0,0.0
2015-07-24,德威新材,sz300325,14.76,14.76,14.76,14.76,14.76,14.76,0,0.0,0.0,0.0,0.0,0.0
2015-07-27,德威新材,sz300325,16.24,15.58,16.24,16.24,14.76,16.24,206691,0.065547,71.55323,5.972198,0.0447,0.0
2015-07-28,德威新材,sz300325,17.78,15.02,15.79,17.22,16.24,17.22,401027,0.127176,75.87109,6.332589,0.1699,0.0905
2015-07-29,德威新材,sz300325,17.7,15.5,17.02,16.6,17.22,16.6,258353,0.081923,73.13938,6.104586,0.1277,-0.0246
2015-07-30,德威新材,sz300325,16.66,14.94,16.66,14.94,16.6,14.94,182251,0.057797,65.82545,5.494128,0.1036,-0.1032
2015-07-31,德威新材,sz300325,14.47,13.45,13.95,13.45,14.94,13.45,139541,0.044244,59.260525,4.946186,0.0682,-0.0358
2015-08-03,德威新材,sz300325,14.45,12.22,13.5,13.6,13.45,13.6,159353,0.050529,59.921425,5.001348,0.1657,0.0074
2015-08-04,德威新材,sz300325,14.5,13.2,13.4,14.48,13.6,14.48,121782,0.03862,63.79869,5.324964,0.0955,0.0805
2015-08-05,德威新材,sz300325,15.16,14.12,14.41,14.58,14.48,14.58,125200,0.0397,64.23929,5.361739,0.0718,0.0117
2015-08-06,德威新材,sz300325,14.93,14.1,14.21,14.48,14.58,14.48,66614,0.021125,63.79869,5.324964,0.0569,0.019
2015-08-07,德威新材,sz300325,15.91,14.66,14.81,15.53,14.48,15.53,105362,0.033414,68.42498,5.711098,0.0863,0.0486
2015-08-10,德威新材,sz300325,16.48,15.54,15.78,16.01,15.53,16.01,100897,0.031994,70.53985,5.887616,0.0605,0.0145
2015-08-11,德威新材,sz300325,16.28,15.5,15.98,15.58,16.01,15.58,112547,0.035691,68.64528,5.729485,0.0487,-0.025
2015-08-12,德威新材,sz300325,15.7,14.79,15.3,14.79,15.58,14.79,76008,0.024103,65.16455,5.438966,0.0584,-0.0333
2015-08-13,德威新材,sz300325,15.29,14.48,14.48,15.1,14.79,15.1,55275,0.017527,66.5304,5.552967,0.0547,0.0428
2015-08-14,德威新材,sz300325,15.52,15.1,15.3,15.22,15.1,15.22,68912,0.021851,67.05912,5.597097,0.0278,-0.0052
2015-08-17,德威新材,sz300325,16.74,15.1,15.34,16.74,15.22,16.74,104499,0.033137,73.756226,6.156071,0.1077,0.0912
2015-08-18,德威新材,sz300325,17.22,15.07,17.2,15.45,16.74,15.45,159237,0.050497,68.0725,5.681678,0.1284,-0.1017
2015-08-19,德威新材,sz300325,16.42,14.59,15.15,16.37,15.45,16.37,115838,0.036735,72.12601,6.020005,0.1184,0.0805
2015-08-20,德威新材,sz300325,16.99,15.85,15.85,16.31,16.37,16.31,98217,0.031148,71.86165,5.99794,0.0696,0.029
2015-08-21,德威新材,sz300325,16.5,14.68,16.5,14.77,16.31,14.77,105304,0.033391,65.07643,5.431611,0.1115,-0.1048
2015-08-24,德威新材,sz300325,14.25,13.29,13.8,13.29,14.77,13.29,33774,0.01071,58.55557,4.887347,0.0649,-0.0369
2015-08-25,德威新材,sz300325,11.96,11.96,11.96,11.96,13.29,11.96,10187,0.00323,52.695602,4.398244,0.0,0.0
2015-08-26,德威新材,sz300325,12.0,10.76,10.8,10.76,11.96,10.76,160558,0.050917,47.40842,3.956949,0.1036,-0.0037
2015-08-27,德威新材,sz300325,10.7,9.68,10.7,10.09,10.76,10.09,172166,0.054593,44.45641,3.710559,0.0947,-0.057
2015-08-28,德威新材,sz300325,10.96,10.2,10.21,10.87,10.09,10.87,106476,0.033763,47.893078,3.997401,0.0753,0.0646
2015-08-31,德威新材,sz300325,11.17,10.2,10.65,10.29,10.87,10.29,87881,0.027867,45.337605,3.784108,0.0892,-0.0338
2015-09-01,德威新材,sz300325,10.23,9.26,10.12,9.26,10.29,9.26,56262,0.017842,40.79944,3.405329,0.0942,-0.0849
2015-09-02,德威新材,sz300325,9.32,8.33,8.4,8.33,9.26,8.33,127541,0.040442,36.701874,3.063326,0.1069,-0.0083
2015-09-03,德威新材,sz300325,8.33,8.33,8.33,8.33,8.33,8.33,0,0.0,0.0,0.0,0.0,0.0
2015-09-04,德威新材,sz300325,8.33,8.33,8.33,8.33,8.33,8.33,0,0.0,0.0,0.0,0.0,0.0
2015-09-07,德威新材,sz300325,9.16,8.56,8.56,9.16,8.33,9.16,60988,0.019337,40.35884,3.368555,0.072,0.07
2015-09-08,德威新材,sz300325,9.7,8.56,9.51,9.59,9.16,9.59,158504,0.050266,42.253414,3.526686,0.1244,0.0084
2015-09-09,德威新材,sz300325,10.25,9.33,9.4,10.25,9.59,10.25,174373,0.055301,45.161366,3.769398,0.0959,0.0904
2015-09-10,德威新材,sz300325,10.13,9.63,9.95,9.66,10.25,9.66,96517,0.030609,42.561832,3.552428,0.0487,-0.0291
2015-09-11,德威新材,sz300325,9.99,9.53,9.56,9.9,9.66,9.9,68670,0.021776,43.61927,3.640687,0.0476,0.0355
2015-09-14,德威新材,sz300325,10.71,9.02,10.71,9.37,9.9,9.37,133720,0.042401,41.2841,3.445782,0.1707,-0.1251
2015-09-15,德威新材,sz300325,9.2,8.43,8.89,8.43,9.37,8.43,75739,0.024021,37.14247,3.1001,0.0821,-0.0517
2015-09-16,德威新材,sz300325,9.27,8.45,8.45,9.27,8.43,9.27,64033,0.020307,40.8435,3.409007,0.0972,0.097
2015-09-17,德威新材,sz300325,10.08,9.2,9.27,9.26,9.27,9.26,86326,0.027376,40.79944,3.405329,0.0949,-0.001
2015-09-18,德威新材,sz300325,9.67,9.24,9.39,9.56,9.26,9.56,53496,0.016963,42.121235,3.515653,0.0464,0.0181
2015-09-21,德威新材,sz300325,10.4,9.4,9.41,10.18,9.56,10.18,97163,0.030814,44.852947,3.743656,0.1046,0.0818
2015-09-22,德威新材,sz300325,10.9,10.27,10.27,10.67,10.18,10.67,113397,0.035957,47.011883,3.923852,0.0618,0.0389
2015-09-23,德威新材,sz300325,11.0,10.12,10.28,10.76,10.67,10.76,87683,0.027806,47.40842,3.956949,0.0824,0.0466
2015-09-24,德威新材,sz300325,11.48,10.74,10.75,10.97,10.76,10.97,79385,0.025176,48.333675,4.034175,0.0687,0.0204
2015-09-25,德威新材,sz300325,10.96,10.01,10.86,10.19,10.97,10.19,62458,0.019808,44.897007,3.747333,0.0865,-0.0616
2015-09-28,德威新材,sz300325,10.19,10.19,10.19,10.19,10.19,10.19,0,0.018013,46.350983,3.86869,0.0,0.0
2015-09-29,德威新材,sz300325,10.66,10.2,10.2,10.25,10.19,10.25,47007,0.014908,45.161366,3.769398,0.0451,0.0049
2015-09-30,德威新材,sz300325,10.65,10.3,10.5,10.53,10.25,10.53,47506,0.015063,46.395042,3.872367,0.0341,0.0028
2015-10-01,德威新材,sz300325,10.53,10.53,10.53,10.53,10.53,10.53,0,0.0,0.0,0.0,0.0,0.0
2015-10-02,德威新材,sz300325,10.53,10.53,10.53,10.53,10.53,10.53,0,0.0,0.0,0.0,0.0,0.0
2015-10-05,德威新材,sz300325,10.53,10.53,10.53,10.53,10.53,10.53,0,0.0,0.0,0.0,0.0,0.0
2015-10-06,德威新材,sz300325,10.53,10.53,10.53,10.53,10.53,10.53,0,0.0,0.0,0.0,0.0,0.0
2015-10-07,德威新材,sz300325,10.53,10.53,10.53,10.53,10.53,10.53,0,0.0,0.0,0.0,0.0,0.0
2015-10-08,德威新材,sz300325,11.3,10.78,11.06,11.14,10.53,11.14,82063,0.026023,49.082695,4.096692,0.0493,0.0072
2015-10-09,德威新材,sz300325,11.54,11.04,11.04,11.31,11.14,11.31,70169,0.022249,49.831715,4.159209,0.0448,0.0244
2015-10-12,德威新材,sz300325,12.24,11.5,11.5,12.06,11.31,12.06,84474,0.026788,53.136204,4.435019,0.0654,0.0486
2015-10-13,德威新材,sz300325,12.85,11.9,12.05,12.69,12.06,12.69,79825,0.025312,55.911976,4.666699,0.0787,0.0531
2015-10-14,德威新材,sz300325,12.97,11.9,12.51,12.15,12.69,12.15,96516,0.030602,53.53274,4.468116,0.0843,-0.0287
2015-10-15,德威新材,sz300325,12.75,11.92,12.0,12.5,12.15,12.5,93332,0.029595,55.074837,4.596827,0.0683,0.0416
2015-10-16,德威新材,sz300325,12.92,12.28,12.52,12.66,12.5,12.66,92491,0.029332,55.779797,4.655666,0.0512,0.0111
2015-10-19,德威新材,sz300325,12.68,12.06,12.68,12.19,12.66,12.19,68047,0.021579,53.70898,4.482826,0.0489,-0.0386
2015-10-20,德威新材,sz300325,12.42,12.07,12.2,12.41,12.19,12.41,73641,0.023349,54.6783,4.56373,0.0287,0.0172
2015-10-21,德威新材,sz300325,12.85,11.17,12.5,11.18,12.41,11.18,139317,0.044174,49.258934,4.111402,0.1353,-0.1056
2015-10-22,德威新材,sz300325,11.9,11.05,11.21,11.86,11.18,11.86,84391,0.026761,52.255005,4.36147,0.076,0.0579
2015-10-23,德威新材,sz300325,12.5,11.8,11.91,12.4,11.86,12.4,80425,0.025506,54.63424,4.560052,0.059,0.0411
2015-10-26,德威新材,sz300325,13.15,12.25,12.59,12.85,12.4,12.85,89021,0.028231,56.616932,4.725538,0.0725,0.0206
2015-10-27,德威新材,sz300325,13.3,12.18,12.55,13.07,12.85,13.07,82724,0.02623,57.58625,4.806442,0.0871,0.0414
2015-10-28,德威新材,sz300325,13.58,12.79,12.88,12.8,13.07,12.8,105727,0.033523,56.396633,4.707151,0.0604,-0.0062
2015-10-29,德威新材,sz300325,13.48,12.7,13.48,12.93,12.8,12.93,62025,0.019666,56.969414,4.754958,0.0609,-0.0408
2015-10-30,德威新材,sz300325,13.25,12.77,12.91,13.05,12.93,13.05,55847,0.017711,57.49813,4.799087,0.0371,0.0108
2015-11-02,德威新材,sz300325,13.56,12.6,12.8,13.3,13.05,13.3,98768,0.031321,58.59963,4.891024,0.0735,0.039
2015-11-03,德威新材,sz300325,13.79,13.23,13.52,13.56,13.3,13.56,71298,0.0,0.0,0.0,0.0421,0.0029
2015-11-04,德威新材,sz300325,14.28,13.43,13.58,14.2,13.56,14.2,93507,0.0,0.0,0.0,0.0626,0.0456
2015-11-05,德威新材,sz300325,14.25,13.8,14.2,13.9,14.2,13.9,76934,0.0,0.0,0.0,0.0316,-0.0211
2015-11-06,德威新材,sz300325,14.2,13.78,13.85,14.06,13.9,14.06,65123,0.0,0.0,0.0,0.0302,0.0151
2015-11-09,德威新材,sz300325,14.8,14.07,14.07,14.7,14.06,14.7,77375,0.0,0.0,0.0,0.0519,0.0447
2015-11-10,德威新材,sz300325,14.97,14.42,14.6,14.71,14.7,14.71,70649,0.0,0.0,0.0,0.0374,0.0075
2015-11-11,德威新材,sz300325,16.18,14.6,14.8,16.18,14.71,16.18,112158,0.0,0.0,0.0,0.1074,0.0932
2015-11-12,德威新材,sz300325,17.8,16.06,16.06,17.3,16.18,17.3,158422,0.0,0.0,0.0,0.1075,0.0772
2015-11-13,德威新材,sz300325,17.28,16.35,16.78,16.43,17.3,16.43,102820,0.0,0.0,0.0,0.0537,-0.0208
2015-11-16,德威新材,sz300325,17.69,15.78,15.78,17.23,16.43,17.23,84769,0.0,0.0,0.0,0.1162,0.0918
2015-11-17,德威新材,sz300325,17.7,16.76,17.34,16.86,17.23,16.86,79459,0.0,0.0,0.0,0.0545,-0.0276
2015-11-18,德威新材,sz300325,17.25,16.1,16.94,16.19,16.86,16.19,65227,0.0,0.0,0.0,0.0682,-0.0442
2015-11-19,德威新材,sz300325,17.68,16.25,16.25,17.67,16.19,17.67,88530,0.0,0.0,0.0,0.0883,0.0873
2015-11-20,德威新材,sz300325,18.2,17.32,17.79,18.06,17.67,18.06,84447,0.0,0.0,0.0,0.0498,0.0151
2015-11-23,德威新材,sz300325,18.98,17.3,18.05,17.7,18.06,17.7,72091,0.0,0.0,0.0,0.093,-0.0193
2015-11-24,德威新材,sz300325,17.83,17.33,17.52,17.82,17.7,17.82,39014,0.0,0.0,0.0,0.0282,0.0171
2015-11-25,德威新材,sz300325,19.51,17.88,18.39,19.23,17.82,19.23,80638,0.0,0.0,0.0,0.0914,0.0456
2015-11-26,德威新材,sz300325,20.18,18.8,19.6,18.91,19.23,18.91,104318,0.0,0.0,0.0,0.0717,-0.0352
2015-11-27,德威新材,sz300325,19.96,17.5,19.3,17.8,18.91,17.8,88080,0.0,0.0,0.0,0.13,-0.0777
2015-11-30,德威新材,sz300325,18.44,16.8,18.02,18.33,17.8,18.33,79989,0.0,0.0,0.0,0.0921,0.0172
2015-12-01,德威新材,sz300325,19.28,17.67,18.36,18.22,18.33,18.22,75776,0.0,0.0,0.0,0.0878,-0.0076
2015-12-02,德威新材,sz300325,18.2,16.86,18.2,16.98,18.22,16.98,80131,0.0,0.0,0.0,0.0735,-0.067
2015-12-03,德威新材,sz300325,17.47,16.7,16.99,17.33,16.98,17.33,47143,0.0,0.0,0.0,0.0453,0.02
2015-12-04,德威新材,sz300325,17.96,17.09,17.32,17.86,17.33,17.86,69300,0.0,0.0,0.0,0.0502,0.0311
2015-12-07,德威新材,sz300325,18.29,17.63,17.9,17.98,17.86,17.98,42653,0.0,0.0,0.0,0.0369,0.0044
2015-12-08,德威新材,sz300325,18.17,17.15,17.71,17.21,17.98,17.21,34621,0.0,0.0,0.0,0.0567,-0.0282
2015-12-09,德威新材,sz300325,17.48,16.91,17.1,17.01,17.21,17.01,23281,0.0,0.0,0.0,0.0331,-0.0052
2015-12-10,德威新材,sz300325,17.6,16.85,16.95,17.28,17.01,17.28,31080,0.0,0.0,0.0,0.044,0.0194
2015-12-11,德威新材,sz300325,17.27,16.73,17.06,16.91,17.28,16.91,23679,0.0,0.0,0.0,0.0312,-0.0087
2015-12-14,德威新材,sz300325,17.5,16.28,17.09,17.3,16.91,17.3,44636,0.0,0.0,0.0,0.0721,0.0122
2015-12-15,德威新材,sz300325,18.2,17.3,17.3,17.63,17.3,17.63,44723,0.0,0.0,0.0,0.052,0.019
2015-12-16,德威新材,sz300325,18.3,17.5,17.5,18.18,17.63,18.18,50420,0.0,0.0,0.0,0.0453,0.0388
2015-12-17,德威新材,sz300325,18.99,18.02,18.17,18.88,18.18,18.88,66764,0.0,0.0,0.0,0.0533,0.039
2015-12-18,德威新材,sz300325,19.0,18.51,18.89,18.56,18.88,18.56,39193,0.0,0.0,0.0,0.0259,-0.0174
2015-12-21,德威新材,sz300325,19.25,18.55,18.8,18.58,18.56,18.58,39531,0.0,0.0,0.0,0.0377,-0.0117
2015-12-22,德威新材,sz300325,19.5,18.7,18.7,19.28,18.58,19.28,65746,0.0,0.0,0.0,0.043,0.031
2015-12-23,德威新材,sz300325,20.16,19.31,19.31,19.93,19.28,19.93,66340,0.0,0.0,0.0,0.044,0.0321
2015-12-24,德威新材,sz300325,20.44,19.51,19.93,19.86,19.93,19.86,49673,0.0,0.0,0.0,0.0466,-0.0035
2015-12-25,德威新材,sz300325,21.85,19.52,19.86,21.85,19.86,21.85,67845,0.0,0.0,0.0,0.1173,0.1002
2015-12-28,德威新材,sz300325,23.32,21.21,22.46,21.23,21.85,21.23,76242,0.0,0.0,0.0,0.0965,-0.0547
2015-12-29,德威新材,sz300325,22.5,21.22,21.6,22.1,21.23,22.1,56187,0.0,0.0,0.0,0.0602,0.0231
2015-12-30,德威新材,sz300325,23.0,21.79,21.8,21.81,22.1,21.81,61175,0.0,0.0,0.0,0.0547,4.0E-4
2015-12-31,德威新材,sz300325,21.93,20.65,21.68,20.81,21.81,20.81,96982,0.0,0.0,0.0,0.0586,-0.0401
2016-01-01,德威新材,sz300325,21.93,20.65,21.68,20.81,20.81,20.81,96982,0.0,0.0,0.0,0.0615,-0.0401
2016-01-04,德威新材,sz300325,20.99,18.73,20.74,18.73,20.81,18.73,39979,0.0,0.0,0.0,0.1086,-0.0969
2016-01-05,德威新材,sz300325,19.28,16.9,17.1,17.89,18.73,17.89,85034,0.0,0.0,0.0,0.127,0.0461
2016-01-06,德威新材,sz300325,18.31,17.17,18.0,18.3,17.89,18.3,53986,0.0,0.0,0.0,0.0637,0.0166
2016-01-07,德威新材,sz300325,17.9,16.47,17.53,16.47,18.3,16.47,15385,0.0,0.0,0.0,0.0781,-0.0604
2016-01-08,德威新材,sz300325,17.22,14.82,17.01,15.92,16.47,15.92,90938,0.0,0.0,0.0,0.1457,-0.064
2016-01-11,德威新材,sz300325,15.5,14.33,15.49,14.33,15.92,14.33,57126,0.0,0.0,0.0,0.0734,-0.0748
2016-01-12,德威新材,sz300325,15.2,14.08,14.42,14.9,14.33,14.9,44761,0.0,0.0,0.0,0.0781,0.0332
2016-01-13,德威新材,sz300325,15.4,14.23,15.23,14.25,14.9,14.25,34729,0.0,0.0,0.0,0.0785,-0.0643
2016-01-14,德威新材,sz300325,15.1,13.51,13.65,15.08,14.25,15.08,47116,0.0,0.0,0.0,0.1115,0.1047
2016-01-15,德威新材,sz300325,15.58,14.85,15.0,15.04,15.08,15.04,51842,0.0,0.0,0.0,0.0484,0.0026
2016-01-18,德威新材,sz300325,16.09,14.48,14.8,16.02,15.04,16.02,60067,0.0,0.0,0.0,0.107,0.0824
2016-01-19,德威新材,sz300325,16.45,15.65,16.02,16.4,16.02,16.4,47509,0.0,0.0,0.0,0.0499,0.0237
2016-01-20,德威新材,sz300325,16.5,15.5,16.4,16.16,16.4,16.16,45765,0.0,0.0,0.0,0.0609,-0.0146
2016-01-21,德威新材,sz300325,16.3,15.4,15.71,15.45,16.16,15.45,35296,0.0,0.0,0.0,0.0556,-0.0165
2016-01-22,德威新材,sz300325,15.9,15.37,15.7,15.7,15.45,15.7,25929,0.0,0.0,0.0,0.0343,0.0
2016-01-25,德威新材,sz300325,16.3,15.8,15.97,16.15,15.7,16.15,33210,0.0,0.0,0.0,0.0318,0.0112
2016-01-26,德威新材,sz300325,16.14,14.59,15.96,14.7,16.15,14.7,30179,0.0,0.0,0.0,0.0959,-0.0789
2016-01-27,德威新材,sz300325,14.98,13.6,14.3,14.66,14.7,14.66,27678,0.0,0.0,0.0,0.0938,0.0251
2016-01-28,德威新材,sz300325,14.76,13.81,14.66,13.82,14.66,13.82,22289,0.0,0.0,0.0,0.0648,-0.0572
2016-01-29,德威新材,sz300325,15.2,13.52,13.82,15.12,13.82,15.12,31574,0.0,0.0,0.0,0.1215,0.094
2016-02-01,德威新材,sz300325,15.25,14.59,15.1,14.91,15.12,14.91,17353,0.0,0.0,0.0,0.0436,-0.0125
2016-02-02,德威新材,sz300325,15.51,14.91,15.1,15.36,14.91,15.36,18220,0.0,0.0,0.0,0.0402,0.0172
2016-02-03,德威新材,sz300325,15.36,14.8,15.29,15.28,15.36,15.28,19887,0.0,0.0,0.0,0.0364,-6.0E-4
2016-02-04,德威新材,sz300325,15.85,15.28,15.28,15.72,15.28,15.72,20990,0.0,0.0,0.0,0.0373,0.0287
2016-02-05,德威新材,sz300325,15.88,15.6,15.8,15.74,15.72,15.74,22357,0.0,0.0,0.0,0.0178,-0.0037
2016-02-08,德威新材,sz300325,15.88,15.6,15.8,15.74,15.74,15.74,22357,0.0,0.0,0.0,0.0177,-0.0037
2016-02-09,德威新材,sz300325,15.88,15.6,15.8,15.74,15.74,15.74,22357,0.0,0.0,0.0,0.0177,-0.0037
2016-02-10,德威新材,sz300325,15.88,15.6,15.8,15.74,15.74,15.74,22357,0.0,0.0,0.0,0.0177,-0.0037
2016-02-11,德威新材,sz300325,15.88,15.6,15.8,15.74,15.74,15.74,22357,0.0,0.0,0.0,0.0177,-0.0037
2016-02-12,德威新材,sz300325,15.88,15.6,15.8,15.74,15.74,15.74,22357,0.0,0.0,0.0,0.0177,-0.0037
2016-02-15,德威新材,sz300325,15.8,15.03,15.03,15.65,15.74,15.65,15581,0.0,0.0,0.0,0.0489,0.0412
2016-02-16,德威新材,sz300325,16.35,15.73,15.98,16.25,15.65,16.25,19975,0.0,0.0,0.0,0.0396,0.0168
2016-02-17,德威新材,sz300325,17.28,16.0,16.25,17.05,16.25,17.05,31381,0.0,0.0,0.0,0.0787,0.0492
2016-02-18,德威新材,sz300325,17.27,16.75,17.18,16.77,17.05,16.77,19418,0.0,0.0,0.0,0.0304,-0.0238
2016-02-19,德威新材,sz300325,17.76,16.95,17.0,17.5,16.77,17.5,38001,0.0,0.0,0.0,0.0483,0.0294
2016-02-22,德威新材,sz300325,18.07,17.41,18.07,17.52,17.5,17.52,36677,0.0,0.0,0.0,0.0377,-0.0304
2016-02-23,德威新材,sz300325,17.69,16.91,17.53,17.14,17.52,17.14,27341,0.0,0.0,0.0,0.0445,-0.0222
2016-02-24,德威新材,sz300325,17.35,16.66,16.85,17.3,17.14,17.3,30210,0.0,0.0,0.0,0.0402,0.0267
2016-02-25,德威新材,sz300325,17.36,15.57,17.1,15.57,17.3,15.57,30535,0.0,0.0,0.0,0.1034,-0.0894
2016-02-26,德威新材,sz300325,15.98,14.68,15.95,15.2,15.57,15.2,40399,0.0,0.0,0.0,0.0834,-0.047
2016-02-29,德威新材,sz300325,15.14,13.68,15.14,14.25,15.2,14.25,33064,0.0,0.0,0.0,0.096,-0.0587
2016-03-01,德威新材,sz300325,14.65,13.81,14.3,14.49,14.25,14.49,27355,0.0,0.0,0.0,0.0589,0.0132
2016-03-02,德威新材,sz300325,15.48,14.21,14.55,15.1,14.49,15.1,34888,0.0,0.0,0.0,0.0876,0.0378
2016-03-03,德威新材,sz300325,15.47,15.0,15.2,15.19,15.1,15.19,35477,0.0,0.0,0.0,0.0311,-6.0E-4
2016-03-04,德威新材,sz300325,15.18,14.1,15.18,14.75,15.19,14.75,28778,0.0,0.0,0.0,0.071,-0.0283
2016-03-07,德威新材,sz300325,15.36,14.51,14.75,14.95,14.75,14.95,16807,0.0,0.0,0.0,0.0576,0.0135
2016-03-08,德威新材,sz300325,15.0,14.11,15.0,14.75,14.95,14.75,17304,0.0,0.0,0.0,0.0595,-0.0166
2016-03-09,德威新材,sz300325,15.06,14.3,14.5,14.75,14.75,14.75,18235,0.0,0.0,0.0,0.0515,0.0172
2016-03-10,德威新材,sz300325,14.99,14.23,14.99,14.6,14.75,14.6,19334,0.0,0.0,0.0,0.0515,-0.026
2016-03-11,德威新材,sz300325,14.57,14.02,14.57,14.32,14.6,14.32,16155,0.0,0.0,0.0,0.0376,-0.0171
2016-03-14,德威新材,sz300325,14.99,14.42,14.5,14.94,14.32,14.94,25586,0.0,0.0,0.0,0.0398,0.0303
2016-03-15,德威新材,sz300325,14.99,14.41,14.7,14.64,14.94,14.64,16887,0.0,0.0,0.0,0.0388,-0.004
2016-03-16,德威新材,sz300325,14.96,14.36,14.91,14.43,14.64,14.43,14049,0.0,0.0,0.0,0.0409,-0.0321
2016-03-17,德威新材,sz300325,14.99,14.44,14.45,14.88,14.43,14.88,25362,0.0,0.0,0.0,0.0381,0.0297
2016-03-18,德威新材,sz300325,15.97,14.88,15.03,15.6,14.88,15.6,38753,0.0,0.0,0.0,0.0732,0.0379
2016-03-21,德威新材,sz300325,16.1,15.58,15.78,16.07,15.6,16.07,41075,0.0,0.0,0.0,0.0333,0.0183
2016-03-22,德威新材,sz300325,15.96,15.73,15.96,15.81,16.07,15.81,29283,0.0,0.0,0.0,0.0143,-0.0093
2016-03-23,德威新材,sz300325,16.1,15.65,15.8,15.95,15.81,15.95,28006,0.0,0.0,0.0,0.0284,0.0094
2016-03-24,德威新材,sz300325,16.05,15.36,15.99,15.67,15.95,15.67,29718,0.0,0.0,0.0,0.0432,-0.02
2016-03-25,德威新材,sz300325,16.08,15.36,15.36,15.92,15.67,15.92,26761,0.0,0.0,0.0,0.0459,0.0364
