2016-03-25
2014-06-27,雪浪环境,sz300385,23.33,23.33,23.33,23.33,21.21,23.330004,61100,0.003055,0.0,0.0,0.0,0.0
2014-06-30,雪浪环境,sz300385,25.66,25.66,25.66,25.66,23.33,25.659994,116977,0.005849,0.0,0.0,0.0,0.0
2014-07-01,雪浪环境,sz300385,28.23,28.23,28.23,28.23,25.66,28.229996,212195,0.01061,0.0,0.0,0.0,0.0
2014-07-02,雪浪环境,sz300385,31.05,31.05,31.05,31.05,28.23,31.050003,362316,0.018116,0.0,0.0,0.0,0.0
2014-07-03,雪浪环境,sz300385,34.16,34.16,34.16,34.16,31.05,34.160004,404762,0.020238,0.0,0.0,0.0,0.0
2014-07-04,雪浪环境,sz300385,37.58,37.58,37.58,37.58,34.16,37.579998,908479,0.045424,0.0,0.0,0.0,0.0
2014-07-07,雪浪环境,sz300385,41.34,41.34,41.34,41.34,37.58,41.339993,1488859,0.074443,0.0,0.0,0.0,0.0
2014-07-08,雪浪环境,sz300385,45.47,45.01,45.47,45.47,41.34,45.469982,11590990,0.57955,0.0,0.0,0.0111,0.0
2014-07-09,雪浪环境,sz300385,50.02,46.06,46.28,50.02,45.47,50.01998,16032624,0.801631,0.0,0.0,0.087,0.0808
2014-07-10,雪浪环境,sz300385,55.02,47.21,48.01,55.02,50.02,55.019978,12604930,0.630247,0.0,0.0,0.1561,0.146
2014-07-11,雪浪环境,sz300385,59.45,53.52,54.0,54.2,55.02,54.19996,13339365,0.666968,0.0,0.0,0.1077,0.0037
2014-07-14,雪浪环境,sz300385,54.2,49.4,51.9,49.93,54.2,49.929977,9197100,0.459855,0.0,0.0,0.0885,-0.0379
2014-07-15,雪浪环境,sz300385,51.28,48.05,50.2,49.25,49.93,49.24998,6756864,0.337843,0.0,0.0,0.0646,-0.0189
2014-07-16,雪浪环境,sz300385,54.18,48.61,48.9,54.18,49.25,54.180004,10709016,0.535451,0.0,0.0,0.113,0.1079
2014-07-17,雪浪环境,sz300385,54.32,48.76,53.58,49.99,54.18,49.989994,7897094,0.394855,0.0,0.0,0.1026,-0.067
2014-07-18,雪浪环境,sz300385,49.58,46.05,48.97,46.23,49.99,46.229996,5953218,0.297661,0.0,0.0,0.0706,-0.0559
2014-07-21,雪浪环境,sz300385,48.88,45.08,45.41,47.66,46.23,47.65998,5896844,0.294842,0.0,0.0,0.0821,0.0495
2014-07-22,雪浪环境,sz300385,47.99,45.9,46.74,47.63,47.66,47.630005,4935119,0.246756,0.0,0.0,0.0438,0.019
2014-07-23,雪浪环境,sz300385,47.3,45.0,47.19,45.0,47.63,45.00002,5394819,0.269741,0.0,0.0,0.0482,-0.0464
2014-07-24,雪浪环境,sz300385,49.5,43.88,44.5,49.5,45.0,49.50002,6577453,0.328873,0.0,0.0,0.1248,0.1123
2014-07-25,雪浪环境,sz300385,48.9,46.2,48.67,47.62,49.5,47.62001,6548536,0.327427,0.0,0.0,0.0545,-0.0215
2014-07-28,雪浪环境,sz300385,51.36,46.69,47.3,49.15,47.62,49.149994,6690477,0.334524,0.0,0.0,0.098,0.0391
2014-07-29,雪浪环境,sz300385,53.0,48.75,48.8,50.89,49.15,50.89,7189088,0.359454,0.0,0.0,0.0864,0.0428
2014-07-30,雪浪环境,sz300385,55.98,50.03,50.6,54.7,50.89,54.69998,10468889,0.523444,0.0,0.0,0.1169,0.081
2014-07-31,雪浪环境,sz300385,54.0,51.9,53.52,52.88,54.7,52.880005,6081613,0.304081,0.0,0.0,0.0383,-0.0119
2014-08-01,雪浪环境,sz300385,53.3,50.34,52.48,50.98,52.88,50.980026,5268708,0.263435,0.0,0.0,0.0559,-0.0285
2014-08-04,雪浪环境,sz300385,52.28,50.68,51.48,51.39,50.98,51.390007,3184310,0.159216,0.0,0.0,0.0313,-0.0017
2014-08-05,雪浪环境,sz300385,51.98,49.9,51.11,50.87,51.39,50.86999,4094043,0.204702,0.0,0.0,0.0404,-0.0046
2014-08-06,雪浪环境,sz300385,51.65,49.0,50.38,49.46,50.87,49.459976,4364282,0.218214,0.0,0.0,0.052,-0.0182
2014-08-07,雪浪环境,sz300385,50.0,48.8,49.0,49.2,49.46,49.199966,3239975,0.161999,0.0,0.0,0.0242,0.004
2014-08-08,雪浪环境,sz300385,49.53,48.49,48.93,48.63,49.2,48.629986,2754951,0.137748,0.0,0.0,0.0211,-0.0061
2014-08-11,雪浪环境,sz300385,49.5,48.5,48.5,49.26,48.63,49.259987,2272737,0.113637,0.0,0.0,0.0205,0.0156
2014-08-12,雪浪环境,sz300385,49.44,48.58,49.06,48.82,49.26,48.819996,2233538,0.111677,0.0,0.0,0.0174,-0.0048
2014-08-13,雪浪环境,sz300385,48.4,45.6,48.4,46.32,48.82,46.319973,4337982,0.216899,0.0,0.0,0.0573,-0.0429
2014-08-14,雪浪环境,sz300385,47.05,45.87,46.0,46.15,46.32,46.14998,2690241,0.134512,0.0,0.0,0.0254,0.0032
2014-08-15,雪浪环境,sz300385,46.48,45.9,46.0,46.26,46.15,46.26,1484965,0.074248,0.0,0.0,0.0125,0.0056
2014-08-18,雪浪环境,sz300385,47.2,46.18,46.2,47.2,46.26,47.2,2128030,0.106401,0.0,0.0,0.022,0.0216
2014-08-19,雪浪环境,sz300385,48.2,46.82,47.3,47.2,47.2,47.2,2425904,0.121295,0.0,0.0,0.0292,-0.0021
2014-08-20,雪浪环境,sz300385,48.97,46.63,47.2,48.2,47.2,48.19998,3540828,0.177041,0.0,0.0,0.0495,0.0211
2014-08-21,雪浪环境,sz300385,48.3,46.0,47.9,46.58,48.2,46.57998,2962807,0.14814,0.0,0.0,0.0477,-0.0275
2014-08-22,雪浪环境,sz300385,48.4,46.15,46.65,47.6,46.58,47.599987,3087255,0.154363,0.0,0.0,0.0483,0.0203
2014-08-25,雪浪环境,sz300385,48.53,47.05,47.05,47.97,47.6,47.969982,2895866,0.144793,0.0,0.0,0.031,0.0195
2014-08-26,雪浪环境,sz300385,47.7,45.5,47.45,45.57,47.97,45.569996,3214686,0.160734,0.0,0.0,0.0458,-0.0396
2014-08-27,雪浪环境,sz300385,46.5,45.6,45.61,45.75,45.57,45.75,1314146,0.065707,0.0,0.0,0.0197,0.003
2014-08-28,雪浪环境,sz300385,46.4,45.6,45.8,46.3,45.75,46.300007,1672621,0.083631,0.0,0.0,0.0174,0.0109
2014-08-29,雪浪环境,sz300385,47.5,45.6,46.2,46.93,46.3,46.930008,2650537,0.132527,0.0,0.0,0.041,0.0158
2014-09-01,雪浪环境,sz300385,47.83,46.5,46.87,47.5,46.93,47.500023,1956352,0.097818,0.0,0.0,0.0283,0.0134
2014-09-02,雪浪环境,sz300385,49.65,47.55,47.75,49.01,47.5,49.01,4386260,0.219313,0.0,0.0,0.0442,0.0263
2014-09-03,雪浪环境,sz300385,49.25,47.78,49.15,48.74,49.01,48.74,2923223,0.146161,0.0,0.0,0.0299,-0.0083
2014-09-04,雪浪环境,sz300385,50.48,48.3,48.66,49.64,48.74,49.639988,3606997,0.18035,0.0,0.0,0.0447,0.0201
2014-09-05,雪浪环境,sz300385,49.76,48.7,49.48,49.03,49.64,49.03001,2073859,0.103693,0.0,0.0,0.0213,-0.009
2014-09-09,雪浪环境,sz300385,49.62,48.4,49.6,48.53,49.03,48.530003,1890038,0.094502,0.0,0.0,0.0248,-0.0215
2014-09-10,雪浪环境,sz300385,52.55,48.63,48.63,51.8,48.53,51.800003,5692648,0.284632,0.0,0.0,0.0807,0.0651
2014-09-11,雪浪环境,sz300385,51.29,49.91,51.2,50.69,51.8,50.68998,3638341,0.181917,0.0,0.0,0.0266,-0.0099
2014-09-12,雪浪环境,sz300385,50.68,49.41,50.68,50.25,50.69,50.249992,2201896,0.110095,0.0,0.0,0.025,-0.0084
2014-09-15,雪浪环境,sz300385,50.3,49.28,50.25,49.99,50.25,49.989998,1807270,0.090363,0.0,0.0,0.0202,-0.0051
2014-09-16,雪浪环境,sz300385,50.48,48.0,49.91,48.0,49.99,47.999996,2149912,0.107496,0.0,0.0,0.0496,-0.0382
2014-09-17,雪浪环境,sz300385,48.7,47.58,48.42,48.44,48.0,48.440014,1385768,0.069288,0.0,0.0,0.0233,4.0E-4
2014-09-18,雪浪环境,sz300385,48.65,47.71,48.5,47.8,48.44,47.800022,1303859,0.065193,0.0,0.0,0.0194,-0.0144
2014-09-19,雪浪环境,sz300385,48.85,48.08,48.35,48.35,47.8,48.35001,1279012,0.063951,0.0,0.0,0.0161,0.0
2014-09-22,雪浪环境,sz300385,48.2,46.52,48.2,46.6,48.35,46.60003,1465202,0.07326,0.0,0.0,0.0347,-0.0331
2014-09-23,雪浪环境,sz300385,47.65,46.78,46.78,47.47,46.6,47.470055,935370,0.046768,0.0,0.0,0.0186,0.0147
2014-09-24,雪浪环境,sz300385,47.88,47.21,47.48,47.61,47.47,47.610043,1012741,0.050637,0.0,0.0,0.0141,0.0027
2014-09-25,雪浪环境,sz300385,48.0,47.0,47.92,47.19,47.61,47.190025,1265088,0.063254,0.0,0.0,0.021,-0.0152
2014-09-26,雪浪环境,sz300385,47.28,46.7,47.01,47.11,47.19,47.11004,874534,0.043727,0.0,0.0,0.0122,0.0021
2014-09-29,雪浪环境,sz300385,48.3,47.27,47.27,48.11,47.11,48.110043,1197983,0.059899,0.0,0.0,0.0218,0.0177
2014-09-30,雪浪环境,sz300385,48.78,48.01,48.43,48.78,48.11,48.780025,1157326,0.057866,0.0,0.0,0.016,0.0072
2014-10-08,雪浪环境,sz300385,49.58,48.54,48.77,49.4,48.78,49.400017,1622678,0.081134,0.0,0.0,0.0213,0.0129
2014-10-09,雪浪环境,sz300385,54.15,49.75,49.75,52.07,49.4,52.07004,4853527,0.242676,0.0,0.0,0.089,0.0466
2014-10-10,雪浪环境,sz300385,52.58,51.1,52.0,51.3,52.07,51.30003,2682904,0.134145,0.0,0.0,0.0284,-0.0134
2014-10-20,雪浪环境,sz300385,53.67,51.15,52.77,51.5,51.3,51.500046,3500253,0.175013,0.0,0.0,0.0491,-0.024
2014-10-21,雪浪环境,sz300385,53.0,50.55,50.6,52.65,51.5,52.650043,3150552,0.157528,0.0,0.0,0.0475,0.0405
2014-10-22,雪浪环境,sz300385,57.58,52.19,52.83,54.9,52.65,54.900043,4715036,0.235752,0.0,0.0,0.1023,0.0391
2014-10-23,雪浪环境,sz300385,55.28,53.22,54.28,53.7,54.9,53.70004,2512351,0.125618,0.0,0.0,0.0375,-0.0106
2014-10-24,雪浪环境,sz300385,54.5,51.2,53.8,51.28,53.7,51.280045,2273555,0.113678,0.0,0.0,0.0614,-0.0468
2014-10-27,雪浪环境,sz300385,51.0,49.58,51.0,49.64,51.28,49.640057,2013848,0.100692,0.0,0.0,0.0276,-0.0266
2014-10-28,雪浪环境,sz300385,51.44,49.9,49.91,51.35,49.64,51.35006,1750461,0.087523,0.0,0.0,0.031,0.0288
2014-10-29,雪浪环境,sz300385,53.2,51.61,51.97,52.16,51.35,52.160053,2374637,0.118732,0.0,0.0,0.0309,0.0036
2014-10-30,雪浪环境,sz300385,52.8,51.48,52.1,51.53,52.16,51.530067,1618293,0.080915,0.0,0.0,0.0253,-0.0109
2014-10-31,雪浪环境,sz300385,53.86,51.25,51.54,53.86,51.53,53.86005,2637426,0.131871,0.0,0.0,0.0506,0.045
2014-11-03,雪浪环境,sz300385,55.5,53.6,54.1,55.49,53.86,55.49007,2718837,0.135942,0.0,0.0,0.0352,0.0256
2014-11-04,雪浪环境,sz300385,55.78,53.39,55.2,53.4,55.49,53.400093,1975102,0.098755,0.0,0.0,0.043,-0.0326
2014-11-05,雪浪环境,sz300385,53.74,52.01,53.1,52.39,53.4,52.390083,1450035,0.072502,0.0,0.0,0.0323,-0.0133
2014-11-06,雪浪环境,sz300385,55.33,52.41,52.42,55.2,52.39,55.200077,2771187,0.138559,0.0,0.0,0.0557,0.053
2014-11-07,雪浪环境,sz300385,56.87,53.79,55.6,53.97,55.2,53.970055,3012148,0.150607,0.0,0.0,0.0557,-0.0293
2014-11-10,雪浪环境,sz300385,55.3,53.0,53.55,54.98,53.97,54.98005,2336485,0.116824,0.0,0.0,0.0426,0.0267
2014-11-11,雪浪环境,sz300385,56.15,53.2,54.9,55.75,54.98,55.750046,3326294,0.166315,0.0,0.0,0.0536,0.0154
2014-11-12,雪浪环境,sz300385,61.17,55.06,55.3,59.97,55.75,59.970043,6543840,0.327192,0.0,0.0,0.1095,0.0844
2014-11-13,雪浪环境,sz300385,59.48,56.68,57.77,56.75,59.97,56.75001,3917055,0.195853,0.0,0.0,0.0466,-0.0176
2014-11-14,雪浪环境,sz300385,57.45,52.49,56.05,53.38,56.75,53.380028,3344851,0.167243,0.0,0.0,0.0874,-0.0476
2014-11-17,雪浪环境,sz300385,55.37,52.52,52.53,53.87,53.38,53.870003,1731149,0.086557,0.0,0.0,0.0533,0.0255
2014-11-18,雪浪环境,sz300385,54.9,53.01,54.08,54.45,53.87,54.45002,1363340,0.068167,0.0,0.0,0.035,0.0068
2014-11-19,雪浪环境,sz300385,54.9,53.58,54.16,54.03,54.45,54.03005,1084752,0.054238,0.0,0.0,0.0242,-0.0024
2014-11-20,雪浪环境,sz300385,53.98,53.05,53.23,53.27,54.03,53.27006,1237556,0.061878,0.0,0.0,0.0172,7.0E-4
2014-11-21,雪浪环境,sz300385,54.65,53.1,53.25,54.1,53.27,54.100063,1368149,0.068407,0.0,0.0,0.029,0.0159
2014-11-24,雪浪环境,sz300385,54.96,54.0,54.93,54.75,54.1,54.750072,1385694,0.069285,0.0,0.0,0.0177,-0.0032
2014-11-25,雪浪环境,sz300385,55.97,53.5,54.68,54.11,54.75,54.1101,1784518,0.089226,0.0,0.0,0.0451,-0.0104
2014-11-26,雪浪环境,sz300385,55.63,54.13,54.15,55.1,54.11,55.100098,1614345,0.080717,0.0,0.0,0.0277,0.0175
2014-11-27,雪浪环境,sz300385,56.5,54.9,56.1,55.39,55.1,55.39009,2208992,0.11045,0.0,0.0,0.029,-0.0126
2014-11-28,雪浪环境,sz300385,56.19,54.8,55.2,55.1,55.39,55.100067,1687993,0.0844,0.0,0.0,0.025,-0.0018
2014-12-01,雪浪环境,sz300385,55.48,53.92,55.15,54.83,55.1,54.83008,1549092,0.077455,0.0,0.0,0.0283,-0.0058
2014-12-02,雪浪环境,sz300385,58.0,54.98,55.1,56.8,54.83,56.800068,2968141,0.148407,0.0,0.0,0.055,0.0308
2014-12-03,雪浪环境,sz300385,57.38,55.23,56.5,57.12,56.8,57.12008,2642702,0.132135,0.0,0.0,0.0378,0.0109
2014-12-04,雪浪环境,sz300385,57.98,56.5,57.3,56.64,57.12,56.6401,1868198,0.09341,0.0,0.0,0.0259,-0.0115
2014-12-05,雪浪环境,sz300385,56.46,52.2,56.18,52.6,56.64,52.600075,2966148,0.148307,0.0,0.0,0.0752,-0.0637
2014-12-08,雪浪环境,sz300385,52.62,51.1,52.61,51.22,52.6,51.22006,1460221,0.073011,0.0,0.0,0.0288,-0.0264
2014-12-09,雪浪环境,sz300385,51.17,47.51,51.17,47.55,51.22,47.550037,2308963,0.115448,0.0,0.0,0.0714,-0.0707
2014-12-10,雪浪环境,sz300385,50.47,47.81,47.81,49.95,47.55,49.95003,1658630,0.082932,0.0,0.0,0.0559,0.0447
2014-12-11,雪浪环境,sz300385,51.71,49.07,49.85,50.68,49.95,50.68005,1324795,0.06624,0.0,0.0,0.0528,0.0166
2014-12-12,雪浪环境,sz300385,51.2,49.9,50.85,50.68,50.68,50.68005,854865,0.042743,0.0,0.0,0.0256,-0.0033
2014-12-15,雪浪环境,sz300385,51.73,50.18,50.18,51.58,50.68,51.58003,943617,0.047181,0.0,0.0,0.0305,0.0278
2014-12-16,雪浪环境,sz300385,52.17,50.55,51.99,50.6,51.58,50.600006,931145,0.046557,0.0,0.0,0.0314,-0.0267
2014-12-17,雪浪环境,sz300385,50.42,48.85,50.39,49.05,50.6,49.05003,989428,0.049471,0.0,0.0,0.031,-0.0265
2014-12-18,雪浪环境,sz300385,50.45,48.81,48.9,49.15,49.05,49.15004,703442,0.035172,0.0,0.0,0.0334,0.0051
2014-12-19,雪浪环境,sz300385,49.38,46.6,49.1,47.2,49.15,47.20006,1305926,0.065296,0.0,0.0,0.0565,-0.0386
2014-12-22,雪浪环境,sz300385,47.0,42.48,47.0,42.48,47.2,42.480057,1548771,0.077439,0.0,0.0,0.0957,-0.0961
2014-12-23,雪浪环境,sz300385,43.98,42.55,42.55,42.95,42.48,42.950054,1007517,0.050376,0.0,0.0,0.0336,0.0094
2014-12-24,雪浪环境,sz300385,44.98,44.01,44.65,44.77,42.95,44.770065,974970,0.048749,0.0,0.0,0.0225,0.0026
2014-12-25,雪浪环境,sz300385,45.29,44.1,45.0,44.83,44.77,44.830055,605412,0.030271,0.0,0.0,0.0265,-0.0037
2014-12-26,雪浪环境,sz300385,45.22,44.24,44.83,44.89,44.83,44.890038,530147,0.026507,0.0,0.0,0.0218,0.0013
2014-12-29,雪浪环境,sz300385,44.79,43.0,44.1,43.39,44.89,43.390038,687476,0.034374,0.0,0.0,0.0398,-0.016
2014-12-30,雪浪环境,sz300385,43.82,42.7,43.39,43.31,43.39,43.310028,452552,0.022628,0.0,0.0,0.0258,-0.0018
2014-12-31,雪浪环境,sz300385,43.8,43.1,43.38,43.78,43.31,43.780025,765962,0.038298,0.0,0.0,0.0161,0.0092
2015-01-01,雪浪环境,sz300385,43.7801,43.7801,43.7801,43.7801,43.78,29.0736,0,0.0,0.0,0.0,0.0,0.0
2015-01-02,雪浪环境,sz300385,43.7801,43.7801,43.7801,43.7801,43.7801,29.0736,0,0.0,0.0,0.0,0.0,0.0
2015-01-05,雪浪环境,sz300385,42.8,40.0999,42.65,42.34,43.7801,28.1173,12179,0.040598,0.0,0.0,0.0616,-0.0072
2015-01-06,雪浪环境,sz300385,43.7801,41.5999,41.5999,43.74,42.34,29.047,13957,0.046525,0.0,0.0,0.0514,0.0514
2015-01-07,雪浪环境,sz300385,43.93,42.72,43.74,42.99,43.74,28.5489,8749,0.029165,0.0,0.0,0.0276,-0.0171
2015-01-08,雪浪环境,sz300385,43.44,42.65,42.9,42.82,42.99,28.4361,7650,0.0255,0.0,0.0,0.0183,-0.0018
2015-01-09,雪浪环境,sz300385,43.43,42.15,42.15,42.63,42.82,28.3098,8064,0.026881,0.0,0.0,0.0298,0.0113
2015-01-12,雪浪环境,sz300385,42.48,41.5099,42.48,41.82,42.63,27.7719,7735,0.025785,0.0,0.0,0.0227,-0.0155
2015-01-13,雪浪环境,sz300385,42.7699,41.7,41.8901,42.7699,41.82,28.4028,7549,0.025164,0.0,0.0,0.0255,0.021
2015-01-14,雪浪环境,sz300385,43.42,42.41,42.78,43.0999,42.7699,28.6219,10880,0.036269,0.0,0.0,0.0236,0.0074
2015-01-15,雪浪环境,sz300385,43.96,43.1201,43.1201,43.55,43.0999,28.9208,11355,0.037852,0.0,0.0,0.0194,0.0099
2015-01-16,雪浪环境,sz300385,44.3,42.82,43.5,44.3,43.55,29.4188,14670,0.048902,0.0,0.0,0.0339,0.0183
2015-01-19,雪浪环境,sz300385,46.8,43.1501,43.89,44.54,44.3,29.5782,24313,0.081043,0.0,0.0,0.0823,0.0148
2015-01-20,雪浪环境,sz300385,46.3901,44.8,45.0,46.3901,44.54,30.8068,16049,0.053497,0.0,0.0,0.0357,0.0308
2015-01-21,雪浪环境,sz300385,47.88,46.02,46.9699,46.8,46.3901,31.0791,22256,0.074189,0.0,0.0,0.04,-0.0036
2015-01-22,雪浪环境,sz300385,47.2,46.2499,46.9001,47.07,46.8,31.2584,13491,0.044972,0.0,0.0,0.0203,0.0036
2015-01-23,雪浪环境,sz300385,47.4799,46.6,47.18,46.67,47.07,30.9927,13427,0.044759,0.0,0.0,0.0186,-0.0108
2015-01-26,雪浪环境,sz300385,46.9901,46.21,46.67,46.81,46.67,31.0857,7270,0.024236,0.0,0.0,0.0167,0.0029
2015-01-27,雪浪环境,sz300385,47.13,46.0001,46.83,46.71,46.81,31.0193,10313,0.034377,0.0,0.0,0.0241,-0.0025
2015-01-28,雪浪环境,sz300385,46.95,46.17,46.7,46.6,46.71,30.9463,5998,0.019995,0.0,0.0,0.0166,-0.0021
2015-01-29,雪浪环境,sz300385,46.56,45.3499,46.3901,45.3701,46.6,30.1295,7708,0.025695,0.0,0.0,0.0259,-0.0219
2015-01-30,雪浪环境,sz300385,45.8599,45.06,45.4999,45.12,45.3701,29.9634,5592,0.018641,0.0,0.0,0.0176,-0.0083
2015-02-02,雪浪环境,sz300385,44.3,43.0099,44.3,43.35,45.12,28.788,9504,0.031682,0.0,0.0,0.0285,-0.0214
2015-02-03,雪浪环境,sz300385,44.4799,43.3699,43.4899,44.45,43.35,29.5184,8459,0.028198,0.0,0.0,0.0256,0.022
2015-02-04,雪浪环境,sz300385,45.3,44.4,44.49,44.56,44.45,29.5916,5769,0.01923,0.0,0.0,0.0202,0.0015
2015-02-05,雪浪环境,sz300385,45.09,44.44,44.47,44.4799,44.56,29.5384,7051,0.023505,0.0,0.0,0.0145,2.0E-4
2015-02-06,雪浪环境,sz300385,44.6501,41.8,44.05,41.8601,44.4799,27.7985,8082,0.026942,0.0,0.0,0.064,-0.0497
2015-02-09,雪浪环境,sz300385,42.0,41.05,41.7701,41.19,41.8601,27.3536,5852,0.019507,0.0,0.0,0.0226,-0.0138
2015-02-10,雪浪环境,sz300385,41.6501,41.03,41.6201,41.5999,41.19,27.6258,5121,0.017072,0.0,0.0,0.015,-4.0E-4
2015-02-11,雪浪环境,sz300385,42.58,41.59,41.59,42.17,41.5999,28.0043,5253,0.017513,0.0,0.0,0.0237,0.0139
2015-02-12,雪浪环境,sz300385,43.2,42.31,42.4999,43.0001,42.17,28.5556,5980,0.019934,0.0,0.0,0.0211,0.0117
2015-02-13,雪浪环境,sz300385,44.67,42.9101,43.17,44.4,43.0001,29.4853,10504,0.035015,0.0,0.0,0.0409,0.0284
2015-02-16,雪浪环境,sz300385,45.0101,44.19,44.19,44.82,44.4,29.7642,7490,0.024967,0.0,0.0,0.0184,0.0142
2015-02-17,雪浪环境,sz300385,45.4901,44.43,44.9899,45.2801,44.82,30.0697,10021,0.033405,0.0,0.0,0.0236,0.0064
2015-02-18,雪浪环境,sz300385,45.2801,45.2801,45.2801,45.2801,45.2801,30.0697,0,0.0,0.0,0.0,0.0,0.0
2015-02-19,雪浪环境,sz300385,45.2801,45.2801,45.2801,45.2801,45.2801,30.0697,0,0.0,0.0,0.0,0.0,0.0
2015-02-20,雪浪环境,sz300385,45.2801,45.2801,45.2801,45.2801,45.2801,30.0697,0,0.0,0.0,0.0,0.0,0.0
2015-02-23,雪浪环境,sz300385,45.2801,45.2801,45.2801,45.2801,45.2801,30.0697,0,0.0,0.0,0.0,0.0,0.0
2015-02-24,雪浪环境,sz300385,45.2801,45.2801,45.2801,45.2801,45.2801,30.0697,0,0.0,0.0,0.0,0.0,0.0
2015-02-25,雪浪环境,sz300385,46.2499,45.05,45.27,45.3,45.2801,30.0829,11220,0.037401,0.0,0.0,0.0264,6.0E-4
2015-02-26,雪浪环境,sz300385,45.6401,44.45,45.32,44.85,45.3,29.7841,8900,0.029668,0.0,0.0,0.0262,-0.0103
2015-02-27,雪浪环境,sz300385,45.4001,44.5999,44.8399,45.36,44.85,30.1228,7288,0.024294,0.0,0.0,0.0178,0.0115
2015-03-02,雪浪环境,sz300385,49.9001,47.5001,47.9,49.9001,45.36,33.1378,64184,0.213947,0.0,0.0,0.0529,0.0417
2015-03-03,雪浪环境,sz300385,52.53,49.8,50.2001,49.8,49.9001,33.0713,65396,0.217988,0.0,0.0,0.0547,-0.0079
2015-03-04,雪浪环境,sz300385,49.41,47.9,48.82,48.76,49.8,32.3807,32801,0.109338,0.0,0.0,0.0303,-0.0012
2015-03-05,雪浪环境,sz300385,49.3699,48.0499,48.68,49.33,48.76,32.7592,23862,0.079542,0.0,0.0,0.027,0.0133
2015-03-06,雪浪环境,sz300385,49.47,47.32,49.1801,47.4,49.33,31.4775,18550,0.061833,0.0,0.0,0.0435,-0.0361
2015-03-09,雪浪环境,sz300385,48.4001,47.01,47.1,47.9,47.4,31.8095,10839,0.036132,0.0,0.0,0.0293,0.0169
2015-03-10,雪浪环境,sz300385,48.36,47.7,47.9,47.88,47.9,31.7963,10251,0.034171,0.0,0.0,0.0137,-4.0E-4
2015-03-11,雪浪环境,sz300385,47.83,46.68,47.59,46.84,47.88,31.1057,13857,0.046192,0.0,0.0,0.024,-0.0157
2015-03-12,雪浪环境,sz300385,47.47,46.2,47.47,46.7501,46.84,31.0459,9838,0.032795,0.0,0.0,0.0271,-0.0151
2015-03-13,雪浪环境,sz300385,47.73,46.5,47.03,47.73,46.7501,31.6967,8975,0.029919,0.0,0.0,0.0263,0.0148
2015-03-16,雪浪环境,sz300385,49.27,47.8,47.8,49.05,47.73,32.5733,19881,0.066272,0.0,0.0,0.0307,0.0261
2015-03-17,雪浪环境,sz300385,49.23,48.25,49.23,48.69,49.05,32.3342,19452,0.064841,0.0,0.0,0.0199,-0.0109
2015-03-18,雪浪环境,sz300385,50.4401,49.4501,49.5,50.01,48.69,33.2108,24763,0.082544,0.0,0.0,0.0203,0.0103
2015-03-19,雪浪环境,sz300385,50.05,48.8801,50.01,49.5,50.01,32.8721,20187,0.067292,0.0,0.0,0.0233,-0.0101
2015-03-20,雪浪环境,sz300385,50.83,49.49,49.5,50.43,49.5,33.4897,26556,0.088523,0.0,0.0,0.027,0.0187
2015-03-23,雪浪环境,sz300385,51.52,50.3801,50.55,51.28,50.43,34.0542,25657,0.085524,0.0,0.0,0.0226,0.0144
2015-03-24,雪浪环境,sz300385,53.25,50.0,51.28,53.07,51.28,35.2429,47739,0.159131,0.0,0.0,0.0633,0.0349
2015-03-25,雪浪环境,sz300385,55.97,53.5699,53.58,54.9401,53.07,36.4847,46562,0.155209,0.0,0.0,0.0452,0.0253
2015-03-26,雪浪环境,sz300385,53.99,50.75,53.5,52.1299,54.9401,34.6186,34607,0.115358,0.0,0.0,0.0589,-0.0256
2015-03-27,雪浪环境,sz300385,52.67,51.47,52.1201,52.44,52.1299,34.8245,13196,0.043989,0.0,0.0,0.023,0.0061
2015-03-30,雪浪环境,sz300385,53.4401,51.41,52.0,51.8801,52.44,34.4526,16120,0.053735,0.0,0.0,0.0387,-0.0023
2015-03-31,雪浪环境,sz300385,53.7,51.41,51.6,53.0599,51.8801,35.2362,27234,0.09078,0.0,0.0,0.0441,0.0282
2015-04-01,雪浪环境,sz300385,56.88,52.53,53.0599,56.18,53.0599,37.3081,42180,0.140602,0.0,0.0,0.0819,0.0588
2015-04-02,雪浪环境,sz300385,58.0999,55.41,56.0,57.2,56.18,37.9855,43242,0.144143,0.0,0.0,0.0478,0.0214
2015-04-03,雪浪环境,sz300385,61.22,57.1099,57.87,60.36,57.2,40.084,43409,0.144699,0.0,0.0,0.0718,0.043
2015-04-06,雪浪环境,sz300385,60.36,60.36,60.36,60.36,60.36,40.084,0,0.0,0.0,0.0,0.0,0.0
2015-04-07,雪浪环境,sz300385,61.7,58.8,60.0499,59.8699,60.36,39.7586,38165,0.127219,0.0,0.0,0.048,-0.0029
2015-04-08,雪浪环境,sz300385,65.85,59.01,60.0,62.8901,59.8699,41.7642,66522,0.221741,0.0,0.0,0.1142,0.0481
2015-04-09,雪浪环境,sz300385,65.9,59.0299,61.6901,65.45,62.8901,43.4642,48308,0.161029,0.0,0.0,0.1092,0.0609
2015-04-10,雪浪环境,sz300385,68.7799,64.01,65.1101,65.45,65.45,43.4642,31542,0.105142,0.0,0.0,0.0728,0.0052
2015-04-13,雪浪环境,sz300385,67.33,64.3901,65.45,65.6801,65.45,43.617,28700,0.095668,0.0,0.0,0.0449,0.0035
2015-04-14,雪浪环境,sz300385,68.8699,64.53,64.8,67.8,65.6801,45.0248,30881,0.102938,0.0,0.0,0.066,0.0462
2015-04-15,雪浪环境,sz300385,67.6,61.02,66.1601,61.02,67.8,40.5223,37180,0.123934,0.0,0.0,0.097,-0.0776
2015-04-16,雪浪环境,sz300385,62.52,55.0,59.85,58.92,61.02,39.1278,31736,0.105788,0.0,0.0,0.1232,-0.0155
2015-04-17,雪浪环境,sz300385,63.3,59.0,59.0,62.58,58.92,41.5583,27922,0.093073,0.0,0.0,0.0729,0.0606
2015-04-20,雪浪环境,sz300385,64.47,59.8699,61.29,61.27,62.58,40.6884,29070,0.096903,0.0,0.0,0.0735,-3.0E-4
2015-04-21,雪浪环境,sz300385,67.2,61.0,61.7899,66.17,61.27,43.9423,24770,0.082568,0.0,0.0,0.1011,0.0708
2015-04-22,雪浪环境,sz300385,72.7001,66.87,66.87,69.6,66.17,46.2202,42522,0.141742,0.0,0.0,0.0881,0.0408
2015-04-23,雪浪环境,sz300385,72.7001,67.52,68.9201,72.27,69.6,47.9933,31661,0.105538,0.0,0.0,0.0744,0.0486
2015-04-24,雪浪环境,sz300385,70.19,65.22,68.0,70.0,72.27,46.4858,67521,0.225071,121.69511,8.6165,0.0687,0.0294
2015-04-27,雪浪环境,sz300385,73.9001,68.21,68.21,72.57,70.0,48.1925,51426,0.171421,126.163025,8.932846,0.0812,0.0639
2015-04-28,雪浪环境,sz300385,73.0,68.51,71.8099,70.4,72.57,46.7514,40537,0.135125,122.390495,8.665736,0.0618,-0.0196
2015-04-29,雪浪环境,sz300385,73.97,69.1399,69.99,71.75,70.4,47.6479,31973,0.106579,124.73746,8.831911,0.0686,0.0251
2015-04-30,雪浪环境,sz300385,78.2,70.1501,71.55,76.62,71.75,50.882,36534,0.121782,133.20401,9.431377,0.1121,0.0708
2015-05-01,雪浪环境,sz300385,76.62,76.62,76.62,76.62,76.62,50.882,0,0.0,0.0,0.0,0.0,0.0
2015-05-04,雪浪环境,sz300385,84.28,75.5,75.5,83.7,76.62,55.5837,40981,0.136603,145.51259,10.302873,0.1145,0.1086
2015-05-05,雪浪环境,sz300385,84.0,77.6201,83.4,79.0,83.7,52.4626,27002,0.090007,137.34163,9.724336,0.0762,-0.0527
2015-05-06,雪浪环境,sz300385,83.94,77.0,80.1701,77.2001,79.0,51.2672,19280,0.064269,134.2123,9.502767,0.0878,-0.037
2015-05-07,雪浪环境,sz300385,78.33,72.55,78.0,74.5,77.2001,49.4742,21155,0.070518,129.51836,9.170417,0.0748,-0.0448
2015-05-08,雪浪环境,sz300385,79.8799,74.0,75.2201,79.78,74.5,52.9805,19137,0.063792,138.69759,9.820343,0.0789,0.0606
2015-05-11,雪浪环境,sz300385,81.7001,77.01,79.78,79.1501,79.78,52.5622,37200,0.124003,137.60228,9.742792,0.0587,-0.0078
2015-05-12,雪浪环境,sz300385,79.9301,75.9,79.0,79.6,79.1501,52.861,47474,0.158248,138.38455,9.79818,0.0509,0.0075
2015-05-13,雪浪环境,sz300385,78.5,75.9,76.9001,76.68,79.6,50.9219,24378,0.081262,133.3082,9.438753,0.0326,-0.0028
2015-05-14,雪浪环境,sz300385,79.84,76.1801,76.19,78.31,76.68,52.0043,24345,0.081153,136.14192,9.639393,0.0477,0.0278
2015-05-15,雪浪环境,sz300385,78.26,74.8601,76.6,76.0,78.31,50.4703,18891,0.062971,132.126,9.35505,0.0434,-0.0078
2015-05-18,雪浪环境,sz300385,81.95,76.51,77.8,81.24,76.0,53.9501,38232,0.127442,141.2357,10.000053,0.0715,0.0442
2015-05-19,雪浪环境,sz300385,83.4701,78.9,81.0,80.0299,81.24,53.1465,21612,0.072042,139.13214,9.851112,0.0562,-0.0119
2015-05-20,雪浪环境,sz300385,88.03,79.0399,80.01,87.96,80.0299,58.4127,40044,0.133483,152.91847,10.827239,0.1123,0.0993
2015-05-21,雪浪环境,sz300385,89.7799,86.34,87.65,88.9001,87.96,59.037,27790,0.09263,154.55266,10.942946,0.0391,0.0142
2015-05-22,雪浪环境,sz300385,95.0,85.03,90.23,87.51,88.9001,58.1139,23764,0.079219,152.13614,10.771847,0.1121,-0.0301
2015-05-25,雪浪环境,sz300385,87.68,81.31,85.0999,86.4701,87.51,57.4233,22046,0.073502,150.3281,10.643831,0.0727,0.0161
2015-05-26,雪浪环境,sz300385,94.5,86.2001,86.45,93.8801,86.4701,62.3441,27312,0.091021,163.21039,11.555948,0.0959,0.0859
2015-05-27,雪浪环境,sz300385,102.49,90.58,92.9201,100.72,93.8801,66.8864,42354,0.141208,175.10173,12.397902,0.1268,0.0839
2015-05-28,雪浪环境,sz300385,108.18,93.0,100.01,94.0,100.72,62.4238,43550,0.145165,163.419,11.570719,0.1507,-0.06
2015-05-29,雪浪环境,sz300385,100.95,88.8701,93.48,97.53,94.0,64.768,31874,0.106223,169.55591,12.005236,0.1285,0.0433
2015-06-01,雪浪环境,sz300385,102.49,99.0,99.12,100.89,97.53,66.9993,21420,0.071393,175.39728,12.418828,0.0357,0.0178
2015-06-02,雪浪环境,sz300385,103.59,98.66,100.05,100.38,100.89,66.6606,24140,0.080449,174.51064,12.356051,0.0488,0.0032
2015-06-03,雪浪环境,sz300385,100.5,95.1101,100.38,96.9,100.38,64.3496,25015,0.08338,168.46066,11.927688,0.0536,-0.0346
2015-06-04,雪浪环境,sz300385,102.3499,89.01,96.6499,99.7,96.9,66.2091,26504,0.088345,173.32846,12.272348,0.1376,0.0315
2015-06-05,雪浪环境,sz300385,103.8,95.0,99.64,99.7,99.7,66.2091,25653,0.08551,173.32846,12.272348,0.0882,6.0E-4
2015-06-08,雪浪环境,sz300385,98.5001,91.0,98.5001,93.0,99.7,61.7597,14901,0.04967,161.68051,11.447626,0.0752,-0.0558
2015-06-09,雪浪环境,sz300385,93.87,89.5,90.6101,90.7001,93.0,60.2323,10427,0.034755,157.68196,11.164513,0.0469,9.0E-4
2015-06-10,雪浪环境,sz300385,93.21,90.02,91.2,92.5,90.7001,61.4277,19476,0.06492,160.81125,11.38608,0.0351,0.0142
2015-06-11,雪浪环境,sz300385,93.99,91.76,93.1399,93.0,92.5,61.7597,12077,0.040255,161.68051,11.447626,0.0241,-0.0015
2015-06-12,雪浪环境,sz300385,93.7001,90.5,93.0,91.0,93.0,60.4316,15722,0.052405,158.2035,11.201441,0.0344,-0.0215
2015-06-15,雪浪环境,sz300385,91.97,85.0,91.48,86.52,91.0,57.4564,18842,0.06282,150.41502,10.649985,0.0765,-0.0542
2015-06-16,雪浪环境,sz300385,86.0,81.06,86.0,81.8801,86.52,54.3751,13781,0.045924,142.34839,10.078835,0.057,-0.0479
2015-06-17,雪浪环境,sz300385,86.3599,81.5,82.68,85.89,81.8801,57.0381,12894,0.042975,149.31976,10.572437,0.0593,0.0388
2015-06-18,雪浪环境,sz300385,85.6,80.1,85.6,80.4,85.89,53.3922,11035,0.03678,139.7754,9.896658,0.064,-0.0607
2015-06-19,雪浪环境,sz300385,80.0,74.94,79.0,76.0,80.4,50.4703,11982,0.03994,132.126,9.355049,0.0629,-0.0379
2015-06-22,雪浪环境,sz300385,76.0,76.0,76.0,76.0,76.0,50.4703,0,0.0,0.0,0.0,0.0,0.0
2015-06-23,雪浪环境,sz300385,77.49,70.0,76.44,77.18,76.0,51.2539,12061,0.04019,134.17743,9.500299,0.0985,0.0096
2015-06-24,雪浪环境,sz300385,83.35,77.18,77.18,80.8399,77.18,53.6844,13933,0.046439,140.54034,9.950818,0.0799,0.0474
2015-06-25,雪浪环境,sz300385,80.99,73.8,80.73,75.5599,80.8399,50.1781,10971,0.036575,131.36107,9.300889,0.0889,-0.064
2015-06-26,雪浪环境,sz300385,75.3,68.0,75.3,68.0,75.5599,45.1576,12195,0.027921,118.218,8.370307,0.0966,-0.0969
2015-06-29,雪浪环境,sz300385,70.3,61.2,68.0299,61.2,68.0,40.6419,16171,0.037026,106.3962,7.533277,0.1338,-0.1003
2015-06-30,雪浪环境,sz300385,64.1501,55.08,58.52,63.1,61.2,41.9037,20972,0.047998,109.699356,7.767153,0.1482,0.0782
2015-07-01,雪浪环境,sz300385,65.5,56.8099,61.0,58.0,63.1,38.5168,21145,0.048405,100.833,7.13938,0.1377,-0.0491
2015-07-02,雪浪环境,sz300385,58.0,52.2,55.2101,52.2,58.0,34.6651,29993,0.068667,90.7497,6.425442,0.0999,-0.0545
2015-07-03,雪浪环境,sz300385,52.0,46.98,49.0999,46.98,52.2,31.1986,26022,0.059577,81.674736,5.782898,0.0961,-0.0431
2015-07-06,雪浪环境,sz300385,51.68,42.2801,51.68,42.2801,46.98,28.0774,28929,0.06624,73.503784,5.204362,0.2,-0.1818
2015-07-07,雪浪环境,sz300385,40.0001,38.05,38.05,38.05,42.2801,25.2684,13603,0.031144,66.149925,4.683679,0.0461,0.0
2015-07-08,雪浪环境,sz300385,39.97,34.2499,34.2499,38.7,38.05,25.7,70135,0.160555,67.27995,4.76369,0.1503,0.1299
2015-07-09,雪浪环境,sz300385,28.3,24.66,24.66,28.3,38.7,28.3,25848,0.059183,74.00011,5.239503,0.094,0.1476
2015-07-10,雪浪环境,sz300385,31.13,30.0,31.13,31.13,28.3,31.13,9658,0.022107,81.400116,5.763453,0.0399,0.0
2015-07-13,雪浪环境,sz300385,34.24,34.24,34.24,34.24,31.13,34.24,4969,0.011373,89.53228,6.339243,0.0,0.0
2015-07-14,雪浪环境,sz300385,37.66,37.66,37.66,37.66,34.24,37.66,2296,0.005256,98.47505,6.972427,0.0,0.0
2015-07-15,雪浪环境,sz300385,39.1,33.89,39.0,34.4,37.66,34.4,52688,0.12059,89.95065,6.368866,0.1383,-0.1179
2015-07-16,雪浪环境,sz300385,36.88,31.41,34.4,35.58,34.4,35.58,30276,0.069319,93.03617,6.587333,0.159,0.0343
2015-07-17,雪浪环境,sz300385,38.98,35.58,35.58,38.9,35.58,38.9,23686,0.054231,101.71745,7.202003,0.0955,0.0933
2015-07-20,雪浪环境,sz300385,41.77,38.85,39.19,40.86,38.9,40.86,30683,0.070236,106.84255,7.56488,0.075,0.0426
2015-07-21,雪浪环境,sz300385,42.02,39.26,40.05,41.17,40.86,41.17,21938,0.050205,107.65315,7.622274,0.0675,0.0279
2015-07-22,雪浪环境,sz300385,43.17,40.0,40.3,41.86,41.17,41.86,19371,0.044334,109.4574,7.750021,0.0769,0.0387
2015-07-23,雪浪环境,sz300385,46.05,41.2,42.48,46.05,41.86,46.05,33439,0.076534,120.4136,8.525764,0.1158,0.084
2015-07-24,雪浪环境,sz300385,47.98,41.9,46.9,44.0,46.05,44.0,54826,0.125512,115.05316,8.146224,0.132,-0.0618
2015-07-27,雪浪环境,sz300385,44.25,39.6,41.99,39.6,44.0,39.6,38831,0.088885,103.547844,7.331602,0.1056,-0.0569
2015-07-28,雪浪环境,sz300385,39.78,35.64,36.0,36.1,39.6,36.1,32997,0.075535,94.39589,6.683607,0.1045,0.0027
2015-07-29,雪浪环境,sz300385,38.27,34.0,37.46,37.97,36.1,37.97,25522,0.058413,99.28565,7.029821,0.1182,0.0136
2015-07-30,雪浪环境,sz300385,39.59,36.06,37.6,37.3,37.97,37.3,24518,0.05614,97.53371,6.905776,0.0929,-0.0079
2015-07-31,雪浪环境,sz300385,37.98,35.88,36.2,36.34,37.3,36.34,12363,0.028292,95.02345,6.72804,0.0563,0.0038
2015-08-03,雪浪环境,sz300385,37.15,33.2,36.57,33.63,36.34,33.63,15878,0.03635,87.937225,6.226307,0.1086,-0.0803
2015-08-04,雪浪环境,sz300385,36.92,33.88,34.99,36.92,33.63,36.92,14269,0.03266,96.54006,6.835423,0.0903,0.0551
2015-08-05,雪浪环境,sz300385,40.61,36.15,37.0,40.61,36.92,40.61,33491,0.076667,106.18884,7.518594,0.1208,0.0975
2015-08-06,雪浪环境,sz300385,44.67,39.0,40.0,41.99,40.61,41.99,51854,0.118721,109.797325,7.77409,0.1396,0.0497
2015-08-07,雪浪环境,sz300385,44.88,41.3,42.92,43.41,41.99,43.41,36393,0.083324,113.51041,8.036991,0.0852,0.0114
2015-08-10,雪浪环境,sz300385,47.59,43.0,43.0,46.6,43.41,46.6,26950,0.061683,121.85176,8.627592,0.1057,0.0837
2015-08-11,雪浪环境,sz300385,47.99,45.25,46.88,46.4,46.6,46.4,21438,0.049074,121.32879,8.590563,0.0587,-0.0102
2015-08-12,雪浪环境,sz300385,47.5,45.4,46.0,46.42,46.4,46.42,20648,0.047262,121.38109,8.594266,0.0452,0.0091
2015-08-13,雪浪环境,sz300385,50.5,46.5,46.5,50.5,46.42,50.5,28075,0.06427,132.04965,9.349643,0.0861,0.086
2015-08-14,雪浪环境,sz300385,52.44,49.0,52.44,49.55,50.5,49.55,22777,0.052129,129.56555,9.173759,0.0681,-0.0551
2015-08-17,雪浪环境,sz300385,50.97,47.56,49.48,49.45,49.55,49.45,14340,0.032829,129.30406,9.155245,0.0688,-6.0E-4
2015-08-18,雪浪环境,sz300385,49.93,44.51,49.4,44.51,49.45,44.51,17076,0.039097,116.386734,8.240646,0.1096,-0.0989
2015-08-19,雪浪环境,sz300385,46.43,42.02,42.61,46.3,44.51,46.3,20132,0.046076,73.77275,5.507845,0.099,0.0865
2015-08-20,雪浪环境,sz300385,49.93,45.0,46.29,47.0,46.3,47.0,20127,0.046077,74.88811,5.591117,0.1064,0.0153
2015-08-21,雪浪环境,sz300385,47.71,43.18,46.99,44.25,47.0,44.25,12621,0.028892,70.506355,5.263977,0.0963,-0.0583
2015-08-24,雪浪环境,sz300385,44.0,39.83,44.0,39.83,44.25,39.83,14826,0.033938,63.463688,4.738175,0.0942,-0.0947
2015-08-25,雪浪环境,sz300385,40.95,35.85,35.85,35.85,39.83,35.85,14790,0.033858,57.122097,4.264714,0.128,0.0
2015-08-26,雪浪环境,sz300385,39.44,35.5,37.0,37.0,35.85,37.0,16776,0.03841,58.954468,4.401518,0.1099,0.0
2015-08-27,雪浪环境,sz300385,40.5,36.1,38.0,40.4,37.0,40.4,11222,0.025687,64.3719,4.805982,0.1189,0.0631
2015-08-28,雪浪环境,sz300385,44.44,41.12,41.2,44.44,40.4,44.44,22657,0.051874,70.8091,5.28658,0.0821,0.0786
2015-08-31,雪浪环境,sz300385,46.8,43.0,44.99,43.4,44.44,43.4,19830,0.045391,69.15199,5.162862,0.0855,-0.0353
2015-09-01,雪浪环境,sz300385,42.0,39.06,42.0,39.06,43.4,39.06,15713,0.035976,62.236797,4.646575,0.0677,-0.0699
2015-09-02,雪浪环境,sz300385,39.94,35.15,35.15,35.15,39.06,35.15,25443,0.058224,56.006744,4.181442,0.1226,0.0
2015-09-03,雪浪环境,sz300385,35.15,35.15,35.15,35.15,35.15,35.15,0,0.0,0.0,0.0,0.0,0.0
2015-09-04,雪浪环境,sz300385,35.15,35.15,35.15,35.15,35.15,35.15,0,0.0,0.0,0.0,0.0,0.0
2015-09-07,雪浪环境,sz300385,37.0,31.64,35.15,31.64,35.15,31.64,48919,0.111997,50.414036,3.763893,0.1524,-0.0998
2015-09-08,雪浪环境,sz300385,33.67,29.6,29.6,33.56,31.64,33.56,26081,0.059705,53.473293,3.992296,0.1286,0.1337
2015-09-09,雪浪环境,sz300385,35.08,32.4,33.6,35.0,33.56,35.0,51222,0.117251,55.76774,4.163598,0.0798,0.0416
2015-09-10,雪浪环境,sz300385,34.58,32.95,33.7,33.1,35.0,33.1,20786,0.047581,52.74035,3.937574,0.0465,-0.0178
2015-09-11,雪浪环境,sz300385,34.58,32.68,32.68,34.32,33.1,34.32,21889,0.050115,54.68425,4.082705,0.0574,0.0501
2015-09-14,雪浪环境,sz300385,35.59,30.89,35.35,30.89,34.32,30.89,20514,0.046974,49.219013,3.674673,0.1369,-0.1261
2015-09-15,雪浪环境,sz300385,30.05,27.8,28.25,27.8,30.89,27.8,19528,0.044718,44.295517,3.307086,0.0728,-0.0159
2015-09-16,雪浪环境,sz300385,30.58,27.05,28.77,30.4,27.8,30.4,30522,0.06987,48.438263,3.616382,0.1269,0.0566
2015-09-17,雪浪环境,sz300385,31.26,28.61,30.2,28.8,30.4,28.8,26191,0.05996,45.88888,3.426046,0.0871,-0.0463
2015-09-18,雪浪环境,sz300385,29.85,28.2,29.0,29.53,28.8,29.53,18127,0.041495,47.052036,3.512887,0.0572,0.0182
2015-09-21,雪浪环境,sz300385,31.88,29.01,29.21,31.82,29.53,31.82,18708,0.042827,50.70084,3.785305,0.0971,0.0893
2015-09-22,雪浪环境,sz300385,32.8,30.98,31.82,31.65,31.82,31.65,18491,0.042317,50.42997,3.765082,0.0571,-0.0053
2015-09-23,雪浪环境,sz300385,33.0,31.01,31.04,32.2,31.65,32.2,22049,0.05046,51.30632,3.83051,0.0628,0.0373
2015-09-24,雪浪环境,sz300385,33.5,32.2,32.4,32.78,32.2,32.78,17971,0.041138,52.230473,3.899507,0.0403,0.0117
2015-09-25,雪浪环境,sz300385,34.95,30.0,32.77,32.89,32.78,32.89,25501,0.058367,52.405743,3.912593,0.151,0.0036
2015-09-28,雪浪环境,sz300385,32.89,32.89,32.89,32.89,32.89,32.89,0,0.048873,54.190308,4.045828,0.0,0.0
2015-09-29,雪浪环境,sz300385,33.46,31.72,32.79,32.39,32.89,32.39,19583,0.044826,51.60906,3.853113,0.0529,-0.0121
2015-09-30,雪浪环境,sz300385,32.8,31.18,32.58,31.8,32.39,31.8,11746,0.026891,50.668976,3.782926,0.05,-0.0239
2015-10-01,雪浪环境,sz300385,31.8,31.8,31.8,31.8,31.8,31.8,0,0.0,0.0,0.0,0.0,0.0
2015-10-02,雪浪环境,sz300385,31.8,31.8,31.8,31.8,31.8,31.8,0,0.0,0.0,0.0,0.0,0.0
2015-10-05,雪浪环境,sz300385,31.8,31.8,31.8,31.8,31.8,31.8,0,0.0,0.0,0.0,0.0,0.0
2015-10-06,雪浪环境,sz300385,31.8,31.8,31.8,31.8,31.8,31.8,0,0.0,0.0,0.0,0.0,0.0
2015-10-07,雪浪环境,sz300385,31.8,31.8,31.8,31.8,31.8,31.8,0,0.0,0.0,0.0,0.0,0.0
2015-10-08,雪浪环境,sz300385,34.0,32.5,32.9,33.69,31.8,33.69,17639,0.040371,53.68043,4.00776,0.0471,0.024
2015-10-09,雪浪环境,sz300385,36.85,33.51,34.5,36.3,33.69,36.3,35214,0.080597,57.83911,4.318246,0.0991,0.0521
2015-10-12,雪浪环境,sz300385,39.93,36.5,36.5,39.93,36.3,39.93,31853,0.072929,63.623024,4.750071,0.0944,0.0939
2015-10-13,雪浪环境,sz300385,40.6,39.0,39.46,40.01,39.93,40.01,34776,0.079599,63.750492,4.759587,0.04,0.0139
2015-10-14,雪浪环境,sz300385,40.8,39.3,39.81,39.93,40.01,39.93,25688,0.058814,63.623024,4.750071,0.0374,0.003
2015-10-15,雪浪环境,sz300385,41.3,39.05,39.5,41.28,39.93,41.28,41354,0.094681,65.77406,4.910666,0.0563,0.045
2015-10-16,雪浪环境,sz300385,42.9,40.0,42.9,41.75,41.28,41.75,43166,0.098804,66.52294,4.966578,0.0702,-0.0268
2015-10-19,雪浪环境,sz300385,43.92,41.0,41.48,42.02,41.75,42.02,47683,0.109131,66.953156,4.998697,0.0699,0.013
2015-10-20,雪浪环境,sz300385,43.82,41.69,42.08,42.69,42.02,42.69,35065,0.080264,68.020706,5.0784,0.0506,0.0144
2015-10-21,雪浪环境,sz300385,42.9,38.42,42.6,38.42,42.69,38.42,40530,0.092799,61.217045,4.570441,0.1049,-0.0981
2015-10-22,雪浪环境,sz300385,40.33,38.07,38.42,40.16,38.42,40.16,26472,0.060611,63.9895,4.777431,0.0588,0.0452
2015-10-23,雪浪环境,sz300385,43.79,39.5,40.16,43.15,40.16,43.15,42173,0.096539,68.753654,5.133122,0.1068,0.0744
2015-10-26,雪浪环境,sz300385,47.47,42.5,47.47,43.9,43.15,43.9,48001,0.109867,69.94868,5.222341,0.1151,-0.0752
2015-10-27,雪浪环境,sz300385,43.59,40.12,42.82,43.29,43.9,43.29,30308,0.069383,68.97672,5.149776,0.079,0.0109
2015-10-28,雪浪环境,sz300385,45.34,41.63,43.28,41.99,43.29,41.99,30499,0.069828,66.90535,4.995128,0.0857,-0.0298
2015-10-29,雪浪环境,sz300385,44.05,41.2,43.98,42.77,41.99,42.77,25681,0.0588,68.14818,5.087917,0.0678,-0.0275
2015-10-30,雪浪环境,sz300385,43.95,40.24,42.77,42.68,42.77,42.68,26014,0.059532,68.004776,5.07721,0.0867,-0.0021
2015-11-02,雪浪环境,sz300385,45.0,41.0,41.9,42.3,42.68,42.3,37216,0.085186,67.39929,5.032006,0.0937,0.0095
2015-11-03,雪浪环境,sz300385,43.5,41.6,42.01,42.95,42.3,42.95,32257,0.0,0.0,0.0,0.0449,0.0223
2015-11-04,雪浪环境,sz300385,45.45,43.0,43.44,45.45,42.95,45.45,34900,0.0,0.0,0.0,0.057,0.0462
2015-11-05,雪浪环境,sz300385,47.47,44.17,45.51,45.0,45.45,45.0,41168,0.0,0.0,0.0,0.0726,-0.0112
2015-11-06,雪浪环境,sz300385,46.49,44.6,44.6,45.89,45.0,45.89,33908,0.0,0.0,0.0,0.042,0.0289
2015-11-09,雪浪环境,sz300385,47.85,44.12,44.51,46.82,45.89,46.82,44060,0.0,0.0,0.0,0.0812,0.0518
2015-11-10,雪浪环境,sz300385,50.5,47.4,47.4,49.35,46.82,49.35,45837,0.0,0.0,0.0,0.0662,0.0411
2015-11-11,雪浪环境,sz300385,50.23,48.29,48.4,49.67,49.35,49.67,43143,0.0,0.0,0.0,0.0393,0.0262
2015-11-12,雪浪环境,sz300385,51.76,47.9,49.15,50.8,49.67,50.8,47983,0.0,0.0,0.0,0.0777,0.0335
2015-11-13,雪浪环境,sz300385,50.59,47.12,49.8,47.8,50.8,47.8,40499,0.0,0.0,0.0,0.0683,-0.0401
2015-11-16,雪浪环境,sz300385,48.19,46.46,46.51,47.93,47.8,47.93,34593,0.0,0.0,0.0,0.0361,0.0305
2015-11-17,雪浪环境,sz300385,51.9,48.52,48.52,48.85,47.93,48.85,57882,0.0,0.0,0.0,0.0705,0.0068
2015-11-18,雪浪环境,sz300385,49.76,46.0,49.1,46.5,48.85,46.5,28962,0.0,0.0,0.0,0.0769,-0.0529
2015-11-19,雪浪环境,sz300385,48.2,46.01,46.59,48.03,46.5,48.03,29071,0.0,0.0,0.0,0.047,0.0309
2015-11-20,雪浪环境,sz300385,49.29,47.01,47.59,49.0,48.03,49.0,28354,0.0,0.0,0.0,0.0474,0.0296
2015-11-23,雪浪环境,sz300385,49.0,46.5,49.0,47.6,49.0,47.6,31211,0.0,0.0,0.0,0.051,-0.0285
2015-11-24,雪浪环境,sz300385,48.78,46.21,47.2,48.76,47.6,48.76,22103,0.0,0.0,0.0,0.0539,0.033
2015-11-25,雪浪环境,sz300385,50.88,48.35,48.88,50.46,48.76,50.46,36023,0.0,0.0,0.0,0.0518,0.0323
2015-11-26,雪浪环境,sz300385,52.25,49.0,51.25,49.13,50.46,49.13,30069,0.0,0.0,0.0,0.0644,-0.0413
2015-11-27,雪浪环境,sz300385,48.9,44.22,48.3,44.25,49.13,44.25,31157,0.0,0.0,0.0,0.0952,-0.0838
2015-11-30,雪浪环境,sz300385,46.38,40.62,44.57,45.37,44.25,45.37,24962,0.0,0.0,0.0,0.1301,0.0179
2015-12-01,雪浪环境,sz300385,47.5,44.8,45.1,46.03,45.37,46.03,28408,0.0,0.0,0.0,0.0595,0.0206
2015-12-02,雪浪环境,sz300385,45.67,42.01,45.0,43.04,46.03,43.04,22024,0.0,0.0,0.0,0.0795,-0.0435
2015-12-03,雪浪环境,sz300385,44.33,43.09,43.5,43.96,43.04,43.96,17361,0.0,0.0,0.0,0.0288,0.0105
2015-12-04,雪浪环境,sz300385,44.92,43.3,44.4,44.4,43.96,44.4,22464,0.0,0.0,0.0,0.0368,0.0
2015-12-07,雪浪环境,sz300385,45.79,44.5,44.66,45.24,44.4,45.24,23505,0.0,0.0,0.0,0.029,0.0129
2015-12-08,雪浪环境,sz300385,46.13,44.56,45.7,44.58,45.24,44.58,22958,0.0,0.0,0.0,0.0347,-0.0245
2015-12-09,雪浪环境,sz300385,44.3,42.5,44.01,43.29,44.58,43.29,19648,0.0,0.0,0.0,0.0403,-0.0163
2015-12-10,雪浪环境,sz300385,43.26,41.99,43.26,42.33,43.29,42.33,19882,0.0,0.0,0.0,0.0293,-0.0214
2015-12-11,雪浪环境,sz300385,42.63,41.8,42.33,42.2,42.33,42.2,12133,0.0,0.0,0.0,0.0196,-0.003
2015-12-14,雪浪环境,sz300385,43.62,42.14,42.14,43.5,42.2,43.5,12617,0.0,0.0,0.0,0.035,0.0322
2015-12-15,雪浪环境,sz300385,44.34,43.33,43.5,43.8,43.5,43.8,11506,0.0,0.0,0.0,0.0232,0.0068
2015-12-16,雪浪环境,sz300385,44.55,43.7,44.43,44.04,43.8,44.04,17294,0.0,0.0,0.0,0.0194,-0.0087
2015-12-17,雪浪环境,sz300385,46.11,44.25,44.26,45.98,44.04,45.98,26498,0.0,0.0,0.0,0.0422,0.0388
2015-12-18,雪浪环境,sz300385,46.3,44.58,45.62,45.16,45.98,45.16,18429,0.0,0.0,0.0,0.0374,-0.01
2015-12-21,雪浪环境,sz300385,46.14,44.5,44.5,45.68,45.16,45.68,16848,0.0,0.0,0.0,0.0363,0.0265
2015-12-22,雪浪环境,sz300385,46.47,45.0,45.62,46.25,45.68,46.25,20154,0.0,0.0,0.0,0.0321,0.0138
2015-12-23,雪浪环境,sz300385,48.99,45.55,46.36,45.76,46.25,45.76,28284,0.0,0.0,0.0,0.0743,-0.0129
2015-12-24,雪浪环境,sz300385,47.32,44.9,45.76,47.26,45.76,47.26,35524,0.0,0.0,0.0,0.0528,0.0327
2015-12-25,雪浪环境,sz300385,50.61,47.35,47.5,48.99,47.26,48.99,51777,0.0,0.0,0.0,0.0689,0.0313
2015-12-28,雪浪环境,sz300385,49.98,47.02,48.9,47.18,48.99,47.18,39435,0.0,0.0,0.0,0.0604,-0.0351
2015-12-29,雪浪环境,sz300385,47.13,45.56,46.65,47.11,47.18,47.11,18997,0.0,0.0,0.0,0.0332,0.0098
2015-12-30,雪浪环境,sz300385,47.42,46.02,47.4,47.25,47.11,47.25,20037,0.0,0.0,0.0,0.0297,-0.0031
2015-12-31,雪浪环境,sz300385,49.3,46.76,47.92,46.76,47.25,46.76,35105,0.0,0.0,0.0,0.0537,-0.0242
2016-01-01,雪浪环境,sz300385,49.3,46.76,47.92,46.76,46.76,46.76,35105,0.0,0.0,0.0,0.0543,-0.0242
2016-01-04,雪浪环境,sz300385,46.69,42.08,45.9,42.08,46.76,42.08,21292,0.0,0.0,0.0,0.0985,-0.0832
2016-01-05,雪浪环境,sz300385,44.78,39.0,39.0,44.12,42.08,44.12,58087,0.0,0.0,0.0,0.1373,0.1312
2016-01-06,雪浪环境,sz300385,44.6,43.02,44.27,44.15,44.12,44.15,35978,0.0,0.0,0.0,0.0358,-0.0027
2016-01-07,雪浪环境,sz300385,43.7,40.0,43.7,40.08,44.15,40.08,6080,0.0,0.0,0.0,0.0838,-0.0828
2016-01-08,雪浪环境,sz300385,44.0,38.5,44.0,40.0,40.08,40.0,32768,0.0,0.0,0.0,0.1372,-0.0909
2016-01-11,雪浪环境,sz300385,39.23,36.0,38.94,36.0,40.0,36.0,23128,0.0,0.0,0.0,0.0807,-0.0755
2016-01-12,雪浪环境,sz300385,36.36,33.56,35.0,34.36,36.0,34.36,22126,0.0,0.0,0.0,0.0777,-0.0182
2016-01-13,雪浪环境,sz300385,35.5,31.63,35.0,32.2,34.36,32.2,14975,0.0,0.0,0.0,0.1126,-0.0799
2016-01-14,雪浪环境,sz300385,34.33,31.03,31.04,34.13,32.2,34.13,17618,0.0,0.0,0.0,0.1024,0.0995
2016-01-15,雪浪环境,sz300385,34.1,31.7,33.92,32.31,34.13,32.31,18498,0.0,0.0,0.0,0.0703,-0.0474
2016-01-18,雪浪环境,sz300385,35.54,32.03,32.67,33.82,32.31,33.82,16742,0.0,0.0,0.0,0.1086,0.0352
2016-01-19,雪浪环境,sz300385,34.97,33.0,33.5,34.73,33.82,34.73,20005,0.0,0.0,0.0,0.0582,0.0367
2016-01-20,雪浪环境,sz300385,35.2,33.6,34.67,33.73,34.73,33.73,16747,0.0,0.0,0.0,0.046,-0.0271
2016-01-21,雪浪环境,sz300385,34.7,32.61,33.46,32.61,33.73,32.61,13138,0.0,0.0,0.0,0.0619,-0.0254
2016-01-22,雪浪环境,sz300385,33.6,31.64,33.2,33.03,32.61,33.03,13632,0.0,0.0,0.0,0.0601,-0.0051
2016-01-25,雪浪环境,sz300385,33.8,33.03,33.36,33.29,33.03,33.29,10980,0.0,0.0,0.0,0.0233,-0.002
2016-01-26,雪浪环境,sz300385,32.78,29.96,32.78,29.96,33.29,29.96,19937,0.0,0.0,0.0,0.0847,-0.086
2016-01-27,雪浪环境,sz300385,30.0,27.01,30.0,28.6,29.96,28.6,17276,0.0,0.0,0.0,0.0997,-0.0466
2016-01-28,雪浪环境,sz300385,29.15,27.1,28.7,27.3,28.6,27.3,14622,0.0,0.0,0.0,0.0716,-0.0487
2016-01-29,雪浪环境,sz300385,29.15,25.06,27.65,28.71,27.3,28.71,12445,0.0,0.0,0.0,0.1498,0.0383
2016-02-01,雪浪环境,sz300385,28.94,28.03,28.03,28.47,28.71,28.47,10723,0.0,0.0,0.0,0.0316,0.0156
2016-02-02,雪浪环境,sz300385,29.98,28.56,28.88,29.61,28.47,29.61,10137,0.0,0.0,0.0,0.0498,0.0252
2016-02-03,雪浪环境,sz300385,29.89,28.68,29.2,29.62,29.61,29.62,9159,0.0,0.0,0.0,0.0408,0.0143
2016-02-04,雪浪环境,sz300385,30.58,29.72,29.72,30.5,29.62,30.5,11980,0.0,0.0,0.0,0.029,0.0262
2016-02-05,雪浪环境,sz300385,30.99,30.01,30.52,30.08,30.5,30.08,11367,0.0,0.0,0.0,0.0321,-0.0144
2016-02-08,雪浪环境,sz300385,30.99,30.01,30.52,30.08,30.08,30.08,11367,0.0,0.0,0.0,0.0325,-0.0144
2016-02-09,雪浪环境,sz300385,30.99,30.01,30.52,30.08,30.08,30.08,11367,0.0,0.0,0.0,0.0325,-0.0144
2016-02-10,雪浪环境,sz300385,30.99,30.01,30.52,30.08,30.08,30.08,11367,0.0,0.0,0.0,0.0325,-0.0144
2016-02-11,雪浪环境,sz300385,30.99,30.01,30.52,30.08,30.08,30.08,11367,0.0,0.0,0.0,0.0325,-0.0144
2016-02-12,雪浪环境,sz300385,30.99,30.01,30.52,30.08,30.08,30.08,11367,0.0,0.0,0.0,0.0325,-0.0144
2016-02-15,雪浪环境,sz300385,29.78,28.04,28.04,29.59,30.08,29.59,8988,0.0,0.0,0.0,0.0578,0.0552
2016-02-16,雪浪环境,sz300385,31.15,29.65,29.66,31.1,29.59,31.1,15279,0.0,0.0,0.0,0.0506,0.0485
2016-02-17,雪浪环境,sz300385,31.98,30.81,31.15,31.74,31.1,31.74,17837,0.0,0.0,0.0,0.0376,0.0189
2016-02-18,雪浪环境,sz300385,32.2,31.1,32.08,31.12,31.74,31.12,19061,0.0,0.0,0.0,0.0346,-0.0299
2016-02-19,雪浪环境,sz300385,31.6,30.9,31.18,31.33,31.12,31.33,11726,0.0,0.0,0.0,0.0224,0.0048
2016-02-22,雪浪环境,sz300385,33.16,31.1,32.07,33.08,31.33,33.08,25022,0.0,0.0,0.0,0.0657,0.0314
2016-02-23,雪浪环境,sz300385,34.39,32.18,33.25,33.6,33.08,33.6,26571,0.0,0.0,0.0,0.0668,0.0105
2016-02-24,雪浪环境,sz300385,34.44,32.58,33.3,33.23,33.6,33.23,19562,0.0,0.0,0.0,0.0553,-0.0021
2016-02-25,雪浪环境,sz300385,33.35,29.91,33.35,29.91,33.23,29.91,23790,0.0,0.0,0.0,0.1035,-0.1031
2016-02-26,雪浪环境,sz300385,31.8,28.66,30.31,30.2,29.91,30.2,24432,0.0,0.0,0.0,0.1049,-0.0036
2016-02-29,雪浪环境,sz300385,30.22,27.18,30.07,27.21,30.2,27.21,15465,0.0,0.0,0.0,0.1006,-0.0951
2016-03-01,雪浪环境,sz300385,28.88,26.7,27.28,28.09,27.21,28.09,16042,0.0,0.0,0.0,0.0801,0.0296
2016-03-02,雪浪环境,sz300385,29.57,27.75,27.85,29.22,28.09,29.22,22752,0.0,0.0,0.0,0.0647,0.0491
2016-03-03,雪浪环境,sz300385,32.14,29.18,29.35,32.14,29.22,32.14,23622,0.0,0.0,0.0,0.1013,0.095
2016-03-04,雪浪环境,sz300385,33.29,29.33,33.0,30.43,32.14,30.43,41784,0.0,0.0,0.0,0.1232,-0.0778
2016-03-07,雪浪环境,sz300385,31.88,30.44,30.97,31.0,30.43,31.0,19056,0.0,0.0,0.0,0.0473,9.0E-4
2016-03-08,雪浪环境,sz300385,31.38,28.0,31.02,30.99,31.0,30.99,21848,0.0,0.0,0.0,0.109,-9.0E-4
2016-03-09,雪浪环境,sz300385,32.43,29.51,30.3,30.75,30.99,30.75,23815,0.0,0.0,0.0,0.0942,0.0148
2016-03-10,雪浪环境,sz300385,31.3,29.7,30.7,29.7,30.75,29.7,11092,0.0,0.0,0.0,0.052,-0.0325
2016-03-11,雪浪环境,sz300385,32.67,29.02,29.99,32.67,29.7,32.67,39437,0.0,0.0,0.0,0.1228,0.0893
2016-03-14,雪浪环境,sz300385,0.0,0.0,0.0,0.0,32.67,0.0,0,0.0,0.0,0.0,0.0,0.0
2016-03-15,雪浪环境,sz300385,0.0,0.0,0.0,0.0,0.0,0.0,0,0.0,0.0,0.0,0.0,0.0
2016-03-16,雪浪环境,sz300385,34.8,32.34,33.66,32.6,0.0,32.6,46907,0.0,0.0,0.0,0.0,-0.0314
2016-03-17,雪浪环境,sz300385,33.99,32.02,33.3,33.92,32.6,33.92,35379,0.0,0.0,0.0,0.0604,0.0186
2016-03-18,雪浪环境,sz300385,36.3,33.42,34.6,35.14,33.92,35.14,39502,0.0,0.0,0.0,0.0849,0.0156
2016-03-21,雪浪环境,sz300385,37.44,35.21,35.68,36.2,35.14,36.2,38310,0.0,0.0,0.0,0.0634,0.0145
2016-03-22,雪浪环境,sz300385,36.5,35.38,36.5,35.8,36.2,35.8,26079,0.0,0.0,0.0,0.0309,-0.0191
2016-03-23,雪浪环境,sz300385,35.97,35.35,35.35,35.8,35.8,35.8,21202,0.0,0.0,0.0,0.0173,0.0127
2016-03-24,雪浪环境,sz300385,36.31,35.02,35.58,35.08,35.8,35.08,26223,0.0,0.0,0.0,0.036,-0.014
2016-03-25,雪浪环境,sz300385,35.47,34.73,35.0,35.36,35.08,35.36,15576,0.0,0.0,0.0,0.021,0.0102
