2016-03-25
2012-01-17,国瓷材料,sz300285,23.85,21.51,21.75,23.26,23.84,5.6369,22946500,0.0,0.0,0.0,0.0981,0.0694
2012-01-18,国瓷材料,sz300285,24.48,21.84,23.8,22.58,23.26,5.4721,17768300,0.0,0.0,0.0,0.1134,-0.0512
2012-01-19,国瓷材料,sz300285,23.5,21.5,21.99,22.65,22.58,5.4891,11676700,0.0,0.0,0.0,0.0885,0.03
2012-01-20,国瓷材料,sz300285,23.63,22.57,22.8,23.48,22.65,5.6902,9878400,0.0,0.0,0.0,0.0467,0.0298
2012-01-23,国瓷材料,sz300285,23.48,23.48,23.48,23.48,23.48,5.6902,0,0.0,0.0,0.0,0.0,0.0
2012-01-24,国瓷材料,sz300285,23.48,23.48,23.48,23.48,23.48,5.6902,0,0.0,0.0,0.0,0.0,0.0
2012-01-25,国瓷材料,sz300285,23.48,23.48,23.48,23.48,23.48,5.6902,0,0.0,0.0,0.0,0.0,0.0
2012-01-26,国瓷材料,sz300285,23.48,23.48,23.48,23.48,23.48,5.6902,0,0.0,0.0,0.0,0.0,0.0
2012-01-27,国瓷材料,sz300285,23.48,23.48,23.48,23.48,23.48,5.6902,0,0.0,0.0,0.0,0.0,0.0
2012-01-30,国瓷材料,sz300285,24.9,22.58,23.3,23.93,23.48,5.7993,10223400,0.0,0.0,0.0,0.0988,0.027
2012-01-31,国瓷材料,sz300285,26.18,24.7,24.8,25.39,23.93,6.1531,12779200,0.0,0.0,0.0,0.0618,0.0237
2012-02-01,国瓷材料,sz300285,26.26,24.81,24.81,26.15,25.39,6.3373,12489400,0.0,0.0,0.0,0.0571,0.054
2012-02-02,国瓷材料,sz300285,26.36,25.4,25.81,26.18,26.15,6.3445,9031600,0.0,0.0,0.0,0.0367,0.0143
2012-02-03,国瓷材料,sz300285,27.7,25.91,26.1,25.92,26.18,6.2815,10558900,0.0,0.0,0.0,0.0683,-0.0068
2012-02-06,国瓷材料,sz300285,27.33,25.41,25.93,26.67,25.92,6.4633,9980900,0.0,0.0,0.0,0.074,0.0285
2012-02-07,国瓷材料,sz300285,26.67,25.25,26.17,25.66,26.67,6.2185,6434300,0.0,0.0,0.0,0.0532,-0.0194
2012-02-08,国瓷材料,sz300285,26.68,25.33,25.54,26.49,25.66,6.4196,6791300,0.0,0.0,0.0,0.0526,0.0371
2012-02-09,国瓷材料,sz300285,26.97,25.66,26.29,26.0,26.49,6.3009,13905800,0.0,0.0,0.0,0.0494,-0.011
2012-02-10,国瓷材料,sz300285,26.25,25.31,25.67,26.22,26.0,6.3542,10712600,0.0,0.0,0.0,0.0361,0.0214
2012-02-13,国瓷材料,sz300285,27.7,25.82,25.86,27.2,26.22,6.5917,12889400,0.0,0.0,0.0,0.0717,0.0518
2012-02-14,国瓷材料,sz300285,27.9,26.76,27.03,27.29,27.2,6.6135,10770600,0.0,0.0,0.0,0.0419,0.0096
2012-02-15,国瓷材料,sz300285,27.6,26.52,27.29,27.6,27.29,6.6886,8572100,0.0,0.0,0.0,0.0395,0.0113
2012-02-16,国瓷材料,sz300285,27.64,26.0,27.3,26.47,27.6,6.4148,8921500,0.0,0.0,0.0,0.0594,-0.0304
2012-02-17,国瓷材料,sz300285,26.95,26.29,26.3,26.75,26.47,6.4827,5880000,0.0,0.0,0.0,0.0249,0.0171
2012-02-20,国瓷材料,sz300285,27.25,26.1,26.9,26.48,26.75,6.4172,5888700,0.0,0.0,0.0,0.0429,-0.0156
2012-02-21,国瓷材料,sz300285,26.69,25.81,26.48,26.66,26.48,6.4608,5055100,0.0,0.0,0.0,0.0332,0.0067
2012-02-22,国瓷材料,sz300285,27.45,26.33,26.54,27.43,26.66,6.6475,10251200,0.0,0.0,0.0,0.042,0.0335
2012-02-23,国瓷材料,sz300285,30.17,27.61,27.72,29.39,27.43,7.1224,23938900,0.0,0.0,0.0,0.0933,0.0602
2012-02-24,国瓷材料,sz300285,29.18,28.5,28.81,29.05,29.39,7.04,10175900,0.0,0.0,0.0,0.0231,0.0083
2012-02-27,国瓷材料,sz300285,29.05,29.05,29.05,29.05,29.05,7.04,0,0.0,0.0,0.0,0.0,0.0
2012-02-28,国瓷材料,sz300285,30.6,28.39,28.71,29.88,29.05,7.2412,12227500,0.0,0.0,0.0,0.076,0.0407
2012-02-29,国瓷材料,sz300285,30.42,28.2,29.43,28.3,29.88,6.8583,7230100,0.0,0.0,0.0,0.0742,-0.0383
2012-03-01,国瓷材料,sz300285,29.05,27.82,27.95,28.5,28.3,6.9068,4452700,0.0,0.0,0.0,0.0434,0.0196
2012-03-02,国瓷材料,sz300285,29.95,28.6,28.6,29.0,28.5,7.0279,4320300,0.0,0.0,0.0,0.0473,0.0139
2012-03-05,国瓷材料,sz300285,31.9,29.03,29.18,31.09,29.0,7.5344,16360500,0.0,0.0,0.0,0.0989,0.0654
2012-03-06,国瓷材料,sz300285,31.2,29.86,30.53,31.0,31.09,7.5126,9803000,0.0,0.0,0.0,0.0431,0.0153
2012-03-07,国瓷材料,sz300285,31.9,30.14,30.42,30.2,31.0,7.3187,9069900,0.0,0.0,0.0,0.0567,-0.0072
2012-03-08,国瓷材料,sz300285,30.66,29.7,30.41,30.4,30.2,7.3672,5847600,0.0,0.0,0.0,0.0317,-3.0E-4
2012-03-09,国瓷材料,sz300285,31.01,30.3,30.4,30.98,30.4,7.5078,5533400,0.0,0.0,0.0,0.0233,0.019
2012-03-12,国瓷材料,sz300285,31.15,30.12,30.76,30.4,30.98,7.3672,6074000,0.0,0.0,0.0,0.0332,-0.0117
2012-03-13,国瓷材料,sz300285,31.25,30.3,30.3,31.25,30.4,7.5732,7276900,0.0,0.0,0.0,0.0312,0.0313
2012-03-14,国瓷材料,sz300285,31.4,28.2,31.27,28.66,31.25,6.9455,10665600,0.0,0.0,0.0,0.1023,-0.0834
2012-03-15,国瓷材料,sz300285,28.94,27.6,28.89,28.0,28.66,6.7856,6108100,0.0,0.0,0.0,0.0467,-0.0308
2012-03-16,国瓷材料,sz300285,29.06,27.91,28.19,28.7,28.0,6.9552,3927300,0.0,0.0,0.0,0.041,0.018
2012-03-19,国瓷材料,sz300285,29.72,28.4,28.7,29.67,28.7,7.1903,4439500,0.0,0.0,0.0,0.0459,0.0337
2012-03-20,国瓷材料,sz300285,29.53,28.0,29.31,28.16,29.67,6.8244,3949900,0.0,0.0,0.0,0.0515,-0.0392
2012-03-21,国瓷材料,sz300285,28.47,27.12,28.17,27.46,28.16,6.6547,4027300,0.0,0.0,0.0,0.0479,-0.0252
2012-03-22,国瓷材料,sz300285,27.99,27.2,27.47,27.71,27.46,6.7153,2714300,0.0,0.0,0.0,0.0287,0.0087
2012-03-23,国瓷材料,sz300285,27.8,27.2,27.51,27.5,27.71,6.6644,2174200,0.0,0.0,0.0,0.0216,-3.0E-4
2012-03-26,国瓷材料,sz300285,28.17,27.25,27.25,28.01,27.5,6.788,2261100,0.0,0.0,0.0,0.0334,0.0278
2012-03-27,国瓷材料,sz300285,28.82,28.07,28.27,28.31,28.01,6.8607,2958800,0.0,0.0,0.0,0.0267,0.0014
2012-03-28,国瓷材料,sz300285,28.23,26.72,28.23,27.16,28.31,6.582,2713900,0.0,0.0,0.0,0.0533,-0.0379
2012-03-29,国瓷材料,sz300285,26.18,25.0,25.4,25.41,27.16,6.1579,5008000,0.0,0.0,0.0,0.0434,3.0E-4
2012-03-30,国瓷材料,sz300285,25.8,24.51,25.41,24.89,25.41,6.0319,3127800,0.0,0.0,0.0,0.0507,-0.0204
2012-04-02,国瓷材料,sz300285,24.89,24.89,24.89,24.89,24.89,6.0319,0,0.0,0.0,0.0,0.0,0.0
2012-04-03,国瓷材料,sz300285,24.89,24.89,24.89,24.89,24.89,6.0319,0,0.0,0.0,0.0,0.0,0.0
2012-04-04,国瓷材料,sz300285,24.89,24.89,24.89,24.89,24.89,6.0319,0,0.0,0.0,0.0,0.0,0.0
2012-04-05,国瓷材料,sz300285,25.95,24.61,24.89,25.87,24.89,6.2694,2275200,0.0,0.0,0.0,0.0538,0.0393
2012-04-06,国瓷材料,sz300285,25.99,25.3,25.74,25.65,25.87,6.2161,2401900,0.0,0.0,0.0,0.0266,-0.0034
2012-04-09,国瓷材料,sz300285,25.75,24.93,25.5,25.1,25.65,6.0828,2419100,0.0,0.0,0.0,0.0319,-0.0156
2012-04-10,国瓷材料,sz300285,25.71,24.66,24.74,25.7,25.1,6.2282,2280800,0.0,0.0,0.0,0.0418,0.0388
2012-04-11,国瓷材料,sz300285,25.98,25.0,25.11,25.61,25.7,6.2064,2042200,0.0,0.0,0.0,0.0381,0.0199
2012-04-12,国瓷材料,sz300285,26.5,25.5,25.8,26.29,25.61,6.3712,2722400,0.0,0.0,0.0,0.039,0.0189
2012-04-13,国瓷材料,sz300285,27.93,26.4,26.4,27.46,26.29,6.6547,4217600,0.0,0.0,0.0,0.0581,0.0401
2012-04-16,国瓷材料,sz300285,27.96,27.0,27.03,27.4,27.46,6.6402,2625100,0.0,0.0,0.0,0.0349,0.0136
2012-04-17,国瓷材料,sz300285,27.59,26.8,27.4,26.9,27.4,6.519,2200700,0.0,0.0,0.0,0.0288,-0.0182
2012-04-18,国瓷材料,sz300285,27.59,26.6,26.8,27.52,26.9,6.6693,3814900,0.0,0.0,0.0,0.0368,0.0268
2012-04-19,国瓷材料,sz300285,28.35,27.22,27.43,27.65,27.52,6.7008,3099500,0.0,0.0,0.0,0.041,0.008
2012-04-20,国瓷材料,sz300285,28.32,27.43,27.43,28.0,27.65,6.7856,3054700,0.0,0.0,0.0,0.0321,0.0207
2012-04-23,国瓷材料,sz300285,28.25,26.61,27.72,27.1,28.0,6.5675,2884400,0.0,0.0,0.0,0.0585,-0.0223
2012-04-24,国瓷材料,sz300285,27.0,25.2,27.0,26.49,27.1,6.4196,3288500,0.0,0.0,0.0,0.0664,-0.0188
2012-04-25,国瓷材料,sz300285,27.15,25.8,26.0,27.11,26.49,6.5699,2304900,0.0,0.0,0.0,0.0509,0.0426
2012-04-26,国瓷材料,sz300285,27.33,25.5,27.31,26.18,27.11,6.3445,2901100,0.0,0.0,0.0,0.0675,-0.0413
2012-04-27,国瓷材料,sz300285,26.18,26.18,26.18,26.18,26.18,6.3445,0,0.0,0.0,0.0,0.0,0.0
2012-04-30,国瓷材料,sz300285,26.18,26.18,26.18,26.18,26.18,6.3445,0,0.0,0.0,0.0,0.0,0.0
2012-05-01,国瓷材料,sz300285,26.18,26.18,26.18,26.18,26.18,6.3445,0,0.0,0.0,0.0,0.0,0.0
2012-05-02,国瓷材料,sz300285,26.78,25.86,26.75,26.25,26.18,6.3615,2378300,0.0,0.0,0.0,0.0351,-0.0186
2012-05-03,国瓷材料,sz300285,26.95,25.4,26.0,26.9,26.25,6.519,3232100,0.0,0.0,0.0,0.059,0.0346
2012-05-04,国瓷材料,sz300285,27.2,26.52,26.7,27.14,26.9,6.5772,2033300,0.0,0.0,0.0,0.0252,0.0164
2012-05-07,国瓷材料,sz300285,27.6,26.85,27.0,27.53,27.14,6.6717,2777600,0.0,0.0,0.0,0.0276,0.0196
2012-05-08,国瓷材料,sz300285,28.28,27.31,27.35,27.67,27.53,6.7056,2651100,0.0,0.0,0.0,0.0352,0.0117
2012-05-09,国瓷材料,sz300285,28.18,27.04,27.44,27.31,27.67,6.6184,3344000,0.0,0.0,0.0,0.0411,-0.0047
2012-05-10,国瓷材料,sz300285,27.58,27.08,27.36,27.35,27.31,6.6281,1697300,0.0,0.0,0.0,0.0183,-3.0E-4
2012-05-11,国瓷材料,sz300285,28.09,27.1,27.25,27.17,27.35,6.5844,4399300,0.0,0.0,0.0,0.0361,-0.0029
2012-05-14,国瓷材料,sz300285,28.78,27.22,27.44,28.0,27.17,6.7856,5476200,0.0,0.0,0.0,0.0574,0.0204
2012-05-15,国瓷材料,sz300285,29.13,27.55,27.63,28.59,28.0,6.9286,5428600,0.0,0.0,0.0,0.0564,0.0347
2012-05-16,国瓷材料,sz300285,28.89,28.08,28.89,28.1,28.59,6.8098,2691400,0.0,0.0,0.0,0.0283,-0.0273
2012-05-17,国瓷材料,sz300285,29.6,28.13,28.3,29.27,28.1,7.0934,4294700,0.0,0.0,0.0,0.0523,0.0342
2012-05-18,国瓷材料,sz300285,29.47,28.71,29.04,28.9,29.27,7.0037,2885000,0.0,0.0,0.0,0.0259,-0.0048
2012-05-21,国瓷材料,sz300285,29.01,28.0,28.9,28.52,28.9,6.9116,3831700,0.0,0.0,0.0,0.0349,-0.0131
2012-05-22,国瓷材料,sz300285,29.26,28.4,28.6,29.0,28.52,7.0279,2985200,0.0,0.0,0.0,0.0301,0.0139
2012-05-23,国瓷材料,sz300285,29.29,28.05,29.01,28.37,29.0,6.8753,3145400,0.0,0.0,0.0,0.0427,-0.022
2012-05-24,国瓷材料,sz300285,28.57,27.0,28.52,27.62,28.37,6.6935,2759500,0.0,0.0,0.0,0.0553,-0.0315
2012-05-25,国瓷材料,sz300285,27.51,26.48,27.4,26.55,27.62,6.4342,3096300,0.0,0.0,0.0,0.0372,-0.031
2012-05-28,国瓷材料,sz300285,26.97,26.2,26.2,26.96,26.55,6.5335,1829100,0.0,0.0,0.0,0.029,0.029
2012-05-29,国瓷材料,sz300285,27.77,26.73,26.96,27.4,26.96,6.6402,2229500,0.0,0.0,0.0,0.0385,0.0163
2012-05-30,国瓷材料,sz300285,27.9,26.9,27.36,27.7,27.4,6.7129,2563500,0.0,0.0,0.0,0.0364,0.0124
2012-05-31,国瓷材料,sz300285,28.27,27.33,27.33,27.93,27.7,6.7686,1947100,0.0,0.0,0.0,0.0339,0.0219
2012-06-01,国瓷材料,sz300285,28.3,27.78,27.78,28.18,27.93,6.8292,1603900,0.0,0.0,0.0,0.0186,0.0143
2012-06-04,国瓷材料,sz300285,28.58,27.42,27.8,27.46,28.18,6.6547,2831700,0.0,0.0,0.0,0.0411,-0.0122
2012-06-05,国瓷材料,sz300285,27.92,27.29,27.45,27.63,27.46,6.6959,1144700,0.0,0.0,0.0,0.0229,0.0065
2012-06-06,国瓷材料,sz300285,28.56,27.63,27.63,28.45,27.63,6.8946,2546700,0.0,0.0,0.0,0.0336,0.0296
2012-06-07,国瓷材料,sz300285,29.2,28.06,28.64,28.2,28.45,6.8341,2385300,0.0,0.0,0.0,0.04,-0.0153
2012-06-08,国瓷材料,sz300285,28.85,28.01,28.01,28.36,28.2,6.8728,2625500,0.0,0.0,0.0,0.0297,0.0124
2012-06-11,国瓷材料,sz300285,29.79,28.4,28.4,29.79,28.36,7.2194,5043000,0.0,0.0,0.0,0.049,0.0489
2012-06-12,国瓷材料,sz300285,31.31,30.3,30.35,30.35,29.79,7.3551,10484100,0.0,0.0,0.0,0.0339,0.0
2012-06-13,国瓷材料,sz300285,31.4,29.91,30.28,31.4,30.35,7.6095,7149200,0.0,0.0,0.0,0.049,0.0369
2012-06-14,国瓷材料,sz300285,32.99,31.1,31.1,31.91,31.4,7.7331,10017600,0.0,0.0,0.0,0.0601,0.026
2012-06-15,国瓷材料,sz300285,32.51,31.58,32.15,32.4,31.91,7.8519,6776900,0.0,0.0,0.0,0.0291,0.0077
2012-06-18,国瓷材料,sz300285,32.74,31.93,32.6,32.55,32.4,7.8882,5071000,0.0,0.0,0.0,0.025,-0.0015
2012-06-19,国瓷材料,sz300285,32.58,31.71,32.58,31.8,32.55,7.7065,3669300,0.0,0.0,0.0,0.0267,-0.0239
2012-06-20,国瓷材料,sz300285,34.89,31.75,31.85,32.98,31.8,7.9925,8640300,0.0,0.0,0.0,0.0987,0.0354
2012-06-21,国瓷材料,sz300285,32.78,31.3,32.61,31.71,32.98,7.6847,6011100,0.0,0.0,0.0,0.0448,-0.0275
2012-06-22,国瓷材料,sz300285,31.71,31.71,31.71,31.71,31.71,7.6847,0,0.0,0.0,0.0,0.0,0.0
2012-06-25,国瓷材料,sz300285,32.48,31.52,31.71,31.65,31.71,7.6701,5025500,0.0,0.0,0.0,0.0302,-0.0018
2012-06-26,国瓷材料,sz300285,31.71,30.45,31.48,31.24,31.65,7.5708,3752400,0.0,0.0,0.0,0.0398,-0.0076
2012-06-27,国瓷材料,sz300285,33.49,31.14,31.35,32.0,31.24,7.755,7006800,0.0,0.0,0.0,0.0752,0.0207
2012-06-28,国瓷材料,sz300285,33.1,31.81,31.81,32.0,32.0,7.755,4923300,0.0,0.0,0.0,0.0403,0.0059
2012-06-29,国瓷材料,sz300285,34.38,31.6,32.01,33.96,32.0,8.2299,7077800,0.0,0.0,0.0,0.0868,0.0609
2012-07-02,国瓷材料,sz300285,35.18,33.85,34.08,34.61,33.96,8.3875,6357700,0.0,0.0,0.0,0.0391,0.0155
2012-07-03,国瓷材料,sz300285,34.9,34.3,34.3,34.83,34.61,8.4408,3752800,0.0,0.0,0.0,0.0173,0.0154
2012-07-04,国瓷材料,sz300285,36.0,34.05,34.79,34.54,34.83,8.3705,4186200,0.0,0.0,0.0,0.0559,-0.0071
2012-07-05,国瓷材料,sz300285,35.36,33.5,34.08,35.21,34.54,8.5329,4049700,0.0,0.0,0.0,0.0538,0.0331
2012-07-06,国瓷材料,sz300285,36.8,34.3,35.0,36.78,35.21,8.9134,4734600,0.0,0.0,0.0,0.071,0.0508
2012-07-09,国瓷材料,sz300285,37.69,36.1,36.7,36.1,36.78,8.7486,3648700,0.0,0.0,0.0,0.0432,-0.0163
2012-07-10,国瓷材料,sz300285,36.65,34.4,35.86,34.59,36.1,8.3826,3929100,0.0,0.0,0.0,0.0623,-0.0354
2012-07-11,国瓷材料,sz300285,35.18,33.8,34.28,35.0,34.59,8.482,3529700,0.0,0.0,0.0,0.0398,0.021
2012-07-12,国瓷材料,sz300285,37.72,34.56,34.87,36.98,35.0,8.9618,5253300,0.0,0.0,0.0,0.0902,0.0605
2012-07-13,国瓷材料,sz300285,37.02,35.7,36.6,35.9,36.98,8.7001,4060700,0.0,0.0,0.0,0.0356,-0.0191
2012-07-16,国瓷材料,sz300285,35.7,32.61,35.6,33.0,35.9,7.9973,6587100,0.0,0.0,0.0,0.086,-0.073
2012-07-17,国瓷材料,sz300285,34.14,32.4,32.7,33.9,33.0,8.2154,3534800,0.0,0.0,0.0,0.0527,0.0366
2012-07-18,国瓷材料,sz300285,33.88,31.6,33.01,33.15,33.9,8.0336,4943100,0.0,0.0,0.0,0.0672,0.0042
2012-07-19,国瓷材料,sz300285,34.42,32.66,33.09,33.42,33.15,8.0991,3695500,0.0,0.0,0.0,0.053,0.0099
2012-07-20,国瓷材料,sz300285,34.0,32.33,33.61,32.4,33.42,7.8519,3706400,0.0,0.0,0.0,0.0499,-0.036
2012-07-23,国瓷材料,sz300285,32.85,31.3,31.85,32.73,32.4,7.9319,2909700,0.0,0.0,0.0,0.0478,0.0276
2012-07-24,国瓷材料,sz300285,33.36,32.17,32.18,32.88,32.73,7.9682,2390500,0.0,0.0,0.0,0.0363,0.0217
2012-07-25,国瓷材料,sz300285,33.88,32.51,32.8,33.73,32.88,8.1742,3432700,0.0,0.0,0.0,0.0416,0.0283
2012-07-26,国瓷材料,sz300285,33.97,32.53,33.66,32.6,33.73,7.9004,2600400,0.0,0.0,0.0,0.0426,-0.0314
2012-07-27,国瓷材料,sz300285,34.99,32.65,32.68,34.99,32.6,8.4796,6408100,0.0,0.0,0.0,0.0717,0.0706
2012-07-30,国瓷材料,sz300285,35.3,33.78,34.75,34.15,34.99,8.276,4810000,0.0,0.0,0.0,0.0434,-0.0172
2012-07-31,国瓷材料,sz300285,34.28,31.5,34.1,32.2,34.15,7.8034,4369400,0.0,0.0,0.0,0.0814,-0.0557
2012-08-01,国瓷材料,sz300285,33.58,31.7,31.82,32.73,32.2,7.9319,2837700,0.0,0.0,0.0,0.0583,0.0285
2012-08-02,国瓷材料,sz300285,33.46,32.14,32.6,32.48,32.73,7.8713,3981000,0.0,0.0,0.0,0.0403,-0.0036
2012-08-03,国瓷材料,sz300285,35.73,32.33,32.59,35.6,32.48,8.6274,7359700,0.0,0.0,0.0,0.1046,0.0923
2012-08-06,国瓷材料,sz300285,36.6,34.75,35.0,36.18,35.6,8.7679,5864300,0.0,0.0,0.0,0.0519,0.0337
2012-08-07,国瓷材料,sz300285,36.75,35.8,35.88,36.49,36.18,8.8431,3845100,0.0,0.0,0.0,0.0262,0.017
2012-08-08,国瓷材料,sz300285,36.49,35.35,36.4,35.9,36.49,8.7001,3040900,0.0,0.0,0.0,0.0312,-0.0137
2012-08-09,国瓷材料,sz300285,37.9,35.6,35.75,37.42,35.9,9.0685,4069000,0.0,0.0,0.0,0.064,0.0467
2012-08-10,国瓷材料,sz300285,37.48,36.59,37.16,36.86,37.42,8.9327,2735900,0.0,0.0,0.0,0.0237,-0.008
2012-08-13,国瓷材料,sz300285,38.47,36.21,36.4,37.5,36.86,9.0878,4957100,0.0,0.0,0.0,0.0613,0.0302
2012-08-14,国瓷材料,sz300285,38.1,35.77,37.5,37.09,37.5,8.9885,4452400,0.0,0.0,0.0,0.0621,-0.0109
2012-08-15,国瓷材料,sz300285,36.62,35.16,35.6,36.16,37.09,8.7631,5600000,0.0,0.0,0.0,0.0393,0.0157
2012-08-16,国瓷材料,sz300285,36.8,35.55,36.01,35.62,36.16,8.6322,2468300,0.0,0.0,0.0,0.0345,-0.0108
2012-08-17,国瓷材料,sz300285,36.13,35.01,35.57,35.69,35.62,8.6492,1872900,0.0,0.0,0.0,0.0314,0.0033
2012-08-20,国瓷材料,sz300285,36.6,35.15,35.54,36.59,35.69,8.8673,1646300,0.0,0.0,0.0,0.0406,0.0295
2012-08-21,国瓷材料,sz300285,38.8,36.36,36.61,38.4,36.59,9.3059,5225200,0.0,0.0,0.0,0.0666,0.0488
2012-08-22,国瓷材料,sz300285,39.58,37.8,38.35,38.34,38.4,9.2914,4170900,0.0,0.0,0.0,0.0463,-2.0E-4
2012-08-23,国瓷材料,sz300285,39.18,38.18,38.18,38.77,38.34,9.3956,3138800,0.0,0.0,0.0,0.026,0.0154
2012-08-24,国瓷材料,sz300285,38.4,35.0,38.3,35.12,38.77,8.5111,7308300,0.0,0.0,0.0,0.0876,-0.083
2012-08-27,国瓷材料,sz300285,35.88,34.2,34.2,34.9,35.12,8.4577,2625000,0.0,0.0,0.0,0.0478,0.0204
2012-08-28,国瓷材料,sz300285,36.26,34.6,34.87,35.91,34.9,8.7025,3026400,0.0,0.0,0.0,0.0475,0.0298
2012-08-29,国瓷材料,sz300285,36.45,34.9,35.61,35.05,35.91,8.4941,2869100,0.0,0.0,0.0,0.0431,-0.0157
2012-08-30,国瓷材料,sz300285,35.32,31.93,35.25,33.8,35.05,8.1912,5825400,0.0,0.0,0.0,0.0967,-0.0411
2012-08-31,国瓷材料,sz300285,34.15,33.0,33.2,33.82,33.8,8.196,2495300,0.0,0.0,0.0,0.034,0.0186
2012-09-03,国瓷材料,sz300285,36.0,33.58,33.8,35.4,33.82,8.5789,3231100,0.0,0.0,0.0,0.0715,0.0473
2012-09-04,国瓷材料,sz300285,36.14,35.13,35.4,35.5,35.4,8.6032,2277600,0.0,0.0,0.0,0.0285,0.0028
2012-09-05,国瓷材料,sz300285,36.2,35.4,35.48,35.85,35.5,8.688,2039900,0.0,0.0,0.0,0.0225,0.0104
2012-09-06,国瓷材料,sz300285,36.2,35.36,36.0,35.61,35.85,8.6298,1696700,0.0,0.0,0.0,0.0234,-0.0108
2012-09-07,国瓷材料,sz300285,37.5,35.82,36.08,36.9,35.61,8.9424,4135400,0.0,0.0,0.0,0.0471,0.0227
2012-09-10,国瓷材料,sz300285,37.35,36.21,36.8,37.08,36.9,8.9861,2340400,0.0,0.0,0.0,0.0308,0.0076
2012-09-11,国瓷材料,sz300285,35.0,33.37,35.0,33.37,37.08,8.087,15407500,0.0,0.0,0.0,0.0439,-0.0465
2012-09-12,国瓷材料,sz300285,33.37,32.11,33.0,33.15,33.37,8.0336,11258700,0.0,0.0,0.0,0.0377,0.0045
2012-09-13,国瓷材料,sz300285,33.3,32.39,32.81,32.99,33.15,7.9949,6155600,0.0,0.0,0.0,0.0274,0.0054
2012-09-14,国瓷材料,sz300285,33.45,32.53,33.01,33.45,32.99,8.1064,6471400,0.0,0.0,0.0,0.0278,0.0133
2012-09-17,国瓷材料,sz300285,33.42,31.88,33.42,32.23,33.45,7.8107,5662900,0.0,0.0,0.0,0.046,-0.0356
2012-09-18,国瓷材料,sz300285,32.34,31.68,31.92,32.34,32.23,7.8374,2296000,0.0,0.0,0.0,0.0204,0.0131
2012-09-19,国瓷材料,sz300285,32.46,31.9,32.32,31.9,32.34,7.7307,1873900,0.0,0.0,0.0,0.0173,-0.0129
2012-09-20,国瓷材料,sz300285,32.1,29.5,31.94,29.91,31.9,7.2485,5512400,0.0,0.0,0.0,0.0815,-0.0635
2012-09-21,国瓷材料,sz300285,29.91,28.25,29.65,29.11,29.91,7.0546,3450200,0.0,0.0,0.0,0.0554,-0.0182
2012-09-24,国瓷材料,sz300285,29.6,28.4,28.7,29.39,29.11,7.1224,1895000,0.0,0.0,0.0,0.0412,0.024
2012-09-25,国瓷材料,sz300285,29.55,28.62,29.15,29.0,29.39,7.0279,1599000,0.0,0.0,0.0,0.0316,-0.0051
2012-09-26,国瓷材料,sz300285,29.13,27.89,28.88,27.92,29.0,6.7662,1446600,0.0,0.0,0.0,0.0427,-0.0332
2012-09-27,国瓷材料,sz300285,29.5,28.0,28.0,28.97,27.92,7.0207,2909600,0.0,0.0,0.0,0.0537,0.0346
2012-09-28,国瓷材料,sz300285,30.3,28.6,28.7,30.3,28.97,7.343,3442200,0.0,0.0,0.0,0.0586,0.0557
2012-10-01,国瓷材料,sz300285,30.3,30.3,30.3,30.3,30.3,7.343,0,0.0,0.0,0.0,0.0,0.0
2012-10-02,国瓷材料,sz300285,30.3,30.3,30.3,30.3,30.3,7.343,0,0.0,0.0,0.0,0.0,0.0
2012-10-03,国瓷材料,sz300285,30.3,30.3,30.3,30.3,30.3,7.343,0,0.0,0.0,0.0,0.0,0.0
2012-10-04,国瓷材料,sz300285,30.3,30.3,30.3,30.3,30.3,7.343,0,0.0,0.0,0.0,0.0,0.0
2012-10-05,国瓷材料,sz300285,30.3,30.3,30.3,30.3,30.3,7.343,0,0.0,0.0,0.0,0.0,0.0
2012-10-08,国瓷材料,sz300285,30.3,29.77,30.2,29.99,30.3,7.2678,683000,0.0,0.0,0.0,0.0174,-0.0069
2012-10-09,国瓷材料,sz300285,30.86,29.85,30.18,30.79,29.99,7.4617,2290600,0.0,0.0,0.0,0.0336,0.0202
2012-10-10,国瓷材料,sz300285,31.95,30.4,30.5,31.55,30.79,7.6459,3012100,0.0,0.0,0.0,0.0503,0.0344
2012-10-11,国瓷材料,sz300285,31.55,30.7,31.45,30.7,31.55,7.4399,1484000,0.0,0.0,0.0,0.0269,-0.0238
2012-10-12,国瓷材料,sz300285,31.07,30.2,30.7,30.7,30.7,7.4399,1658300,0.0,0.0,0.0,0.0283,0.0
2012-10-15,国瓷材料,sz300285,31.45,30.1,30.27,30.9,30.7,7.4884,2608300,0.0,0.0,0.0,0.0439,0.0208
2012-10-16,国瓷材料,sz300285,31.7,30.9,31.7,31.03,30.9,7.5199,2951100,0.0,0.0,0.0,0.0258,-0.0211
2012-10-17,国瓷材料,sz300285,31.29,30.74,31.0,30.86,31.03,7.4787,729000,0.0,0.0,0.0,0.0177,-0.0045
2012-10-18,国瓷材料,sz300285,31.39,30.8,30.88,31.22,30.86,7.5659,1605800,0.0,0.0,0.0,0.0191,0.011
2012-10-19,国瓷材料,sz300285,31.45,30.4,31.0,30.51,31.22,7.3939,782800,0.0,0.0,0.0,0.0336,-0.0158
2012-10-22,国瓷材料,sz300285,30.7,30.0,30.23,30.56,30.51,7.406,1078800,0.0,0.0,0.0,0.0229,0.0109
2012-10-23,国瓷材料,sz300285,30.58,29.18,30.37,29.22,30.56,7.0812,1690600,0.0,0.0,0.0,0.0458,-0.0378
2012-10-24,国瓷材料,sz300285,29.58,29.02,29.08,29.19,29.22,7.074,799000,0.0,0.0,0.0,0.0191,0.0037
2012-10-25,国瓷材料,sz300285,29.79,28.91,29.15,29.16,29.19,7.0667,852800,0.0,0.0,0.0,0.0301,3.0E-4
2012-10-26,国瓷材料,sz300285,29.32,28.02,28.92,28.34,29.16,6.868,1075300,0.0,0.0,0.0,0.0445,-0.02
2012-10-29,国瓷材料,sz300285,28.86,28.01,28.3,28.59,28.34,6.9286,1141200,0.0,0.0,0.0,0.0299,0.0102
2012-10-30,国瓷材料,sz300285,28.9,28.51,28.85,28.81,28.59,6.9819,544600,0.0,0.0,0.0,0.0136,-0.0013
2012-10-31,国瓷材料,sz300285,29.11,28.62,28.7,29.11,28.81,7.0546,725000,0.0,0.0,0.0,0.017,0.0142
2012-11-01,国瓷材料,sz300285,29.49,28.9,29.3,29.42,29.11,7.1297,1303600,0.0,0.0,0.0,0.0202,0.004
2012-11-02,国瓷材料,sz300285,29.42,28.95,29.42,29.0,29.42,7.0279,1480400,0.0,0.0,0.0,0.0159,-0.0142
2012-11-05,国瓷材料,sz300285,29.1,28.02,29.0,28.27,29.0,6.851,1121000,0.0,0.0,0.0,0.0372,-0.0251
2012-11-06,国瓷材料,sz300285,28.77,28.02,28.36,28.65,28.27,6.9431,978600,0.0,0.0,0.0,0.0265,0.0102
2012-11-07,国瓷材料,sz300285,28.72,28.32,28.36,28.32,28.65,6.8631,502700,0.0,0.0,0.0,0.0139,-0.0014
2012-11-08,国瓷材料,sz300285,28.3,27.61,28.3,27.85,28.32,6.7492,641700,0.0,0.0,0.0,0.0243,-0.0159
2012-11-09,国瓷材料,sz300285,27.88,27.0,27.6,27.1,27.85,6.5675,535000,0.0,0.0,0.0,0.0315,-0.0181
2012-11-12,国瓷材料,sz300285,27.83,27.07,27.6,27.59,27.1,6.6862,1049200,0.0,0.0,0.0,0.028,-3.0E-4
2012-11-13,国瓷材料,sz300285,27.83,27.32,27.32,27.78,27.59,6.7323,757300,0.0,0.0,0.0,0.0184,0.0168
2012-11-14,国瓷材料,sz300285,28.48,27.3,27.6,28.0,27.78,6.7856,1565500,0.0,0.0,0.0,0.0424,0.0144
2012-11-15,国瓷材料,sz300285,28.0,27.31,28.0,27.37,28.0,6.6329,512200,0.0,0.0,0.0,0.0246,-0.0224
2012-11-16,国瓷材料,sz300285,27.52,27.1,27.22,27.35,27.37,6.6281,498400,0.0,0.0,0.0,0.0153,0.0047
2012-11-19,国瓷材料,sz300285,27.32,26.49,27.26,27.1,27.35,6.5675,1318200,0.0,0.0,0.0,0.0303,-0.0058
2012-11-20,国瓷材料,sz300285,27.19,26.66,27.18,26.69,27.1,6.4681,645100,0.0,0.0,0.0,0.0195,-0.018
2012-11-21,国瓷材料,sz300285,27.0,26.35,26.66,26.85,26.69,6.5069,1004400,0.0,0.0,0.0,0.0243,0.0071
2012-11-22,国瓷材料,sz300285,26.8,26.4,26.8,26.49,26.85,6.4196,1155000,0.0,0.0,0.0,0.0148,-0.0115
2012-11-23,国瓷材料,sz300285,28.8,26.47,26.47,27.9,26.49,6.7614,3435900,0.0,0.0,0.0,0.0879,0.054
2012-11-26,国瓷材料,sz300285,28.38,27.65,27.8,27.7,27.9,6.7129,2072200,0.0,0.0,0.0,0.0261,-0.0035
2012-11-27,国瓷材料,sz300285,28.15,27.3,27.58,27.5,27.7,6.6644,3585700,0.0,0.0,0.0,0.0306,-0.0029
2012-11-28,国瓷材料,sz300285,27.5,26.43,27.5,26.9,27.5,6.519,957600,0.0,0.0,0.0,0.0389,-0.0218
2012-11-29,国瓷材料,sz300285,27.44,26.51,27.14,27.01,26.9,6.5457,780700,0.0,0.0,0.0,0.0345,-0.0047
2012-11-30,国瓷材料,sz300285,27.26,26.68,27.01,26.86,27.01,6.5093,472700,0.0,0.0,0.0,0.0214,-0.0055
2012-12-03,国瓷材料,sz300285,27.08,25.73,26.8,26.45,26.86,6.41,1068000,0.0,0.0,0.0,0.0502,-0.013
2012-12-04,国瓷材料,sz300285,26.78,26.05,26.06,26.68,26.45,6.4657,498400,0.0,0.0,0.0,0.0275,0.0237
2012-12-05,国瓷材料,sz300285,27.9,26.51,26.85,27.67,26.68,6.7056,2072500,0.0,0.0,0.0,0.052,0.0305
2012-12-06,国瓷材料,sz300285,27.75,27.3,27.3,27.57,27.67,6.6814,651500,0.0,0.0,0.0,0.0162,0.0098
2012-12-07,国瓷材料,sz300285,28.17,27.44,27.65,28.06,27.57,6.8001,1433800,0.0,0.0,0.0,0.0264,0.0148
2012-12-10,国瓷材料,sz300285,28.6,27.83,28.55,28.25,28.06,6.8462,1209100,0.0,0.0,0.0,0.0274,-0.0105
2012-12-11,国瓷材料,sz300285,28.24,27.7,28.24,27.92,28.25,6.7662,901600,0.0,0.0,0.0,0.0191,-0.0113
2012-12-12,国瓷材料,sz300285,28.55,27.59,27.59,28.46,27.92,6.8971,1071800,0.0,0.0,0.0,0.0343,0.0315
2012-12-13,国瓷材料,sz300285,28.38,27.73,28.21,27.8,28.46,6.7371,986400,0.0,0.0,0.0,0.0228,-0.0145
2012-12-14,国瓷材料,sz300285,29.12,27.66,27.66,29.06,27.8,7.0425,1999600,0.0,0.0,0.0,0.0525,0.0506
2012-12-17,国瓷材料,sz300285,29.12,28.53,29.06,28.57,29.06,6.9237,3500100,0.0,0.0,0.0,0.0203,-0.0168
2012-12-18,国瓷材料,sz300285,28.9,28.5,28.55,28.65,28.57,6.9431,851000,0.0,0.0,0.0,0.014,0.0035
2012-12-19,国瓷材料,sz300285,29.11,28.51,28.53,29.1,28.65,7.0522,1187500,0.0,0.0,0.0,0.0209,0.0199
2012-12-20,国瓷材料,sz300285,30.82,28.8,29.0,30.03,29.1,7.2775,3148400,0.0,0.0,0.0,0.0694,0.0355
2012-12-21,国瓷材料,sz300285,31.67,29.81,30.1,31.0,30.03,7.5126,5177100,0.0,0.0,0.0,0.0619,0.0299
2012-12-24,国瓷材料,sz300285,32.38,30.2,31.06,30.7,31.0,7.4399,8415200,0.0,0.0,0.0,0.0703,-0.0115
2012-12-25,国瓷材料,sz300285,32.46,30.4,30.53,32.17,30.7,7.7962,6322400,0.0,0.0,0.0,0.0671,0.0537
2012-12-26,国瓷材料,sz300285,33.77,32.01,32.01,33.68,32.17,8.1621,5927900,0.0,0.0,0.0,0.0547,0.0521
2012-12-27,国瓷材料,sz300285,33.89,32.48,33.75,32.9,33.68,7.9731,4129900,0.0,0.0,0.0,0.0418,-0.0251
2012-12-28,国瓷材料,sz300285,34.88,32.48,32.8,34.37,32.9,8.3293,5409300,0.0,0.0,0.0,0.0729,0.0478
2012-12-31,国瓷材料,sz300285,34.93,32.85,34.2,33.99,34.37,8.2372,7097900,0.0,0.0,0.0,0.0605,-0.0061
2013-01-04,国瓷材料,sz300285,33.98,32.88,33.51,33.66,33.99,33.766354,979068,0.0,0.0,0.0,0.0323,0.0044
2013-01-07,国瓷材料,sz300285,33.66,32.82,33.66,33.4,33.66,33.505543,628952,0.0,0.0,0.0,0.0249,-0.0077
2013-01-08,国瓷材料,sz300285,34.33,33.3,33.3,34.07,33.4,34.177666,870079,0.0,0.0,0.0,0.0308,0.0231
2013-01-09,国瓷材料,sz300285,35.95,33.9,33.9,35.7,34.07,35.812828,2254815,0.0,0.0,0.0,0.0601,0.053
2013-01-10,国瓷材料,sz300285,37.0,35.15,35.5,36.98,35.7,37.09686,1515089,0.0,0.0,0.0,0.0518,0.0416
2013-01-11,国瓷材料,sz300285,38.5,36.74,37.09,36.75,36.98,36.866116,2498567,0.0,0.0,0.0,0.0475,-0.0091
2013-01-14,国瓷材料,sz300285,40.43,37.11,37.11,40.43,36.75,40.557743,2360946,0.0,0.0,0.0,0.0903,0.0894
2013-01-15,国瓷材料,sz300285,41.39,39.32,40.22,39.99,40.43,40.116352,1871448,0.0,0.0,0.0,0.0511,-0.0057
2013-01-16,国瓷材料,sz300285,39.89,38.13,39.46,39.14,39.99,39.26368,1210652,0.0,0.0,0.0,0.044,-0.0081
2013-01-17,国瓷材料,sz300285,40.0,38.3,38.88,39.82,39.14,39.945847,1278139,0.0,0.0,0.0,0.0434,0.0241
2013-01-18,国瓷材料,sz300285,40.4,39.2,39.54,40.23,39.82,40.35713,1354808,0.0,0.0,0.0,0.0301,0.0174
2013-01-21,国瓷材料,sz300285,40.06,39.0,40.0,39.9,40.23,40.02608,794875,0.0,0.0,0.0,0.0263,-0.0025
2013-01-22,国瓷材料,sz300285,39.73,37.38,39.69,38.0,39.9,38.12008,1477897,0.0,0.0,0.0,0.0588,-0.0425
2013-01-23,国瓷材料,sz300285,38.8,36.91,37.9,38.64,38.0,38.762096,966762,0.0,0.0,0.0,0.0497,0.0195
2013-01-24,国瓷材料,sz300285,38.99,37.72,38.28,38.66,38.64,38.782173,1176851,0.0,0.0,0.0,0.0328,0.0099
2013-01-25,国瓷材料,sz300285,40.6,38.5,38.54,39.46,38.66,39.584694,1076825,0.0,0.0,0.0,0.0543,0.0238
2013-01-28,国瓷材料,sz300285,40.45,38.88,39.51,40.14,39.46,40.266857,588069,0.0,0.0,0.0,0.0397,0.0159
2013-01-29,国瓷材料,sz300285,41.99,39.89,40.2,39.9,40.14,40.0261,777605,0.0,0.0,0.0,0.0523,-0.0074
2013-01-30,国瓷材料,sz300285,40.8,39.6,39.98,40.32,39.9,40.44742,568821,0.0,0.0,0.0,0.03,0.0085
2013-01-31,国瓷材料,sz300285,40.5,38.7,40.22,39.42,40.32,39.54459,595857,0.0,0.0,0.0,0.0446,-0.0198
2013-02-01,国瓷材料,sz300285,39.74,38.9,38.95,39.1,39.42,39.223568,310062,0.0,0.0,0.0,0.0213,0.0038
2013-02-04,国瓷材料,sz300285,39.37,37.89,39.2,38.45,39.1,38.571514,614839,0.0,0.0,0.0,0.0378,-0.0191
2013-02-05,国瓷材料,sz300285,40.31,37.95,38.35,40.0,38.45,40.126408,699067,0.0,0.0,0.0,0.0613,0.043
2013-02-06,国瓷材料,sz300285,40.88,39.66,39.9,40.01,40.0,40.13644,426309,0.0,0.0,0.0,0.0305,0.0027
2013-02-07,国瓷材料,sz300285,41.68,39.67,39.99,41.39,40.01,41.520786,840411,0.0,0.0,0.0,0.0502,0.035
2013-02-08,国瓷材料,sz300285,41.86,41.05,41.6,41.38,41.39,41.51074,356513,0.0,0.0,0.0,0.0195,-0.0052
2013-02-18,国瓷材料,sz300285,41.9,40.45,41.9,40.99,41.38,41.1195,392870,0.0,0.0,0.0,0.035,-0.0217
2013-02-19,国瓷材料,sz300285,41.29,39.38,41.29,39.83,40.99,39.95582,545251,0.0,0.0,0.0,0.0465,-0.0353
2013-02-20,国瓷材料,sz300285,40.5,39.0,39.78,40.39,39.83,40.517597,548428,0.0,0.0,0.0,0.0376,0.0153
2013-02-21,国瓷材料,sz300285,40.14,38.9,39.89,39.79,40.39,39.915707,470145,0.0,0.0,0.0,0.0307,-0.0025
2013-02-22,国瓷材料,sz300285,39.81,39.03,39.34,39.15,39.79,39.273705,406357,0.0,0.0,0.0,0.0196,-0.0048
2013-02-25,国瓷材料,sz300285,39.59,38.72,38.98,39.34,39.15,39.4643,406655,0.0,0.0,0.0,0.0222,0.0092
2013-02-26,国瓷材料,sz300285,40.25,38.82,39.09,38.98,39.34,39.10316,363718,0.0,0.0,0.0,0.0363,-0.0028
2013-02-27,国瓷材料,sz300285,39.59,38.73,39.0,39.0,38.98,39.123222,281767,0.0,0.0,0.0,0.022,0.0
2013-02-28,国瓷材料,sz300285,40.2,38.8,39.0,40.16,39.0,40.286903,406677,0.0,0.0,0.0,0.0358,0.0297
2013-03-01,国瓷材料,sz300285,41.36,40.01,40.17,40.61,40.16,40.738316,596064,0.0,0.0,0.0,0.0336,0.0109
2013-03-04,国瓷材料,sz300285,41.26,39.28,40.61,39.39,40.61,39.514458,408882,0.0,0.0,0.0,0.0487,-0.03
2013-03-05,国瓷材料,sz300285,41.28,39.0,39.4,41.18,39.39,41.310112,458816,0.0,0.0,0.0,0.0578,0.0451
2013-03-06,国瓷材料,sz300285,44.49,40.85,40.85,43.33,41.18,43.46691,850824,0.0,0.0,0.0,0.0883,0.0607
2013-03-07,国瓷材料,sz300285,44.2,41.58,43.23,42.25,43.33,42.3835,522040,0.0,0.0,0.0,0.0604,-0.0226
2013-03-08,国瓷材料,sz300285,43.22,41.63,42.31,42.2,42.25,42.33336,376893,0.0,0.0,0.0,0.0376,-0.0025
2013-03-11,国瓷材料,sz300285,42.44,41.18,41.18,41.85,42.2,41.982246,204524,0.0,0.0,0.0,0.0298,0.0162
2013-03-12,国瓷材料,sz300285,42.5,39.6,42.5,40.0,41.85,40.126423,465018,0.0,0.0,0.0,0.0692,-0.0588
2013-03-13,国瓷材料,sz300285,39.86,38.58,39.83,39.37,40.0,39.49443,279236,0.0,0.0,0.0,0.032,-0.0115
2013-03-14,国瓷材料,sz300285,39.99,38.8,39.19,39.34,39.37,39.464336,147408,0.0,0.0,0.0,0.0302,0.0038
2013-03-15,国瓷材料,sz300285,40.35,38.11,39.79,38.92,39.34,39.043015,364192,0.0,0.0,0.0,0.0569,-0.0218
2013-03-18,国瓷材料,sz300285,39.3,38.72,39.0,38.84,38.92,38.96278,248519,0.0,0.0,0.0,0.0149,-0.0041
2013-03-19,国瓷材料,sz300285,39.25,37.78,38.8,38.3,38.84,38.42108,385927,0.0,0.0,0.0,0.0378,-0.0128
2013-03-20,国瓷材料,sz300285,39.77,37.95,38.3,39.69,38.3,39.81546,324942,0.0,0.0,0.0,0.0475,0.0362
2013-03-21,国瓷材料,sz300285,42.09,39.5,39.79,41.89,39.69,42.02243,636463,0.0,0.0,0.0,0.0652,0.0527
2013-03-22,国瓷材料,sz300285,42.5,41.7,41.77,41.92,41.89,42.05252,403557,0.0,0.0,0.0,0.019,0.0035
2013-03-25,国瓷材料,sz300285,42.92,40.76,42.38,40.85,41.92,40.97913,416071,0.0,0.0,0.0,0.0515,-0.0361
2013-03-26,国瓷材料,sz300285,39.8,37.85,38.5,39.8,40.85,39.9258,1933565,0.0,0.0,0.0,0.0477,0.0337
2013-03-27,国瓷材料,sz300285,39.89,38.86,39.5,39.55,39.8,39.675026,770841,0.0,0.0,0.0,0.0258,0.0012
2013-03-28,国瓷材料,sz300285,39.11,38.05,39.11,38.71,39.55,38.83237,576522,0.0,0.0,0.0,0.0268,-0.0102
2013-03-29,国瓷材料,sz300285,39.0,38.31,38.43,38.6,38.71,38.722008,573409,0.0,0.0,0.0,0.0178,0.0044
2013-04-01,国瓷材料,sz300285,39.3,38.5,38.5,39.05,38.6,39.173428,247102,0.0,0.0,0.0,0.0207,0.0142
2013-04-02,国瓷材料,sz300285,39.28,38.08,39.0,38.73,39.05,38.8524,401850,0.0,0.0,0.0,0.0307,-0.0069
2013-04-03,国瓷材料,sz300285,39.25,38.04,38.99,39.25,38.73,39.374035,495982,0.0,0.0,0.0,0.0312,0.0066
2013-04-08,国瓷材料,sz300285,38.9,38.1,38.61,38.8,39.25,38.92261,317577,0.0,0.0,0.0,0.0203,0.0049
2013-04-09,国瓷材料,sz300285,39.2,38.41,38.8,38.43,38.8,38.551445,388446,0.0,0.0,0.0,0.0203,-0.0095
2013-04-10,国瓷材料,sz300285,38.44,36.31,38.44,36.89,38.43,37.006573,585498,0.0,0.0,0.0,0.0554,-0.0403
2013-04-11,国瓷材料,sz300285,37.78,36.38,37.08,36.85,36.89,36.966457,194797,0.0,0.0,0.0,0.0379,-0.0062
2013-04-12,国瓷材料,sz300285,37.1,36.5,36.88,36.6,36.85,36.71568,180891,0.0,0.0,0.0,0.0162,-0.0075
2013-04-15,国瓷材料,sz300285,36.76,35.5,36.31,35.6,36.6,35.712532,401066,0.0,0.0,0.0,0.0344,-0.0195
2013-04-16,国瓷材料,sz300285,36.51,35.12,35.13,36.24,35.6,36.354572,198722,0.0,0.0,0.0,0.039,0.0315
2013-04-17,国瓷材料,sz300285,37.25,36.15,36.15,37.12,36.24,37.23737,185640,0.0,0.0,0.0,0.0303,0.0268
2013-04-18,国瓷材料,sz300285,37.17,36.5,36.5,36.8,37.12,36.916348,228024,0.0,0.0,0.0,0.018,0.0082
2013-04-19,国瓷材料,sz300285,38.66,36.6,36.72,38.62,36.8,38.74212,360972,0.0,0.0,0.0,0.0559,0.0517
2013-04-22,国瓷材料,sz300285,39.8,38.41,38.51,39.56,38.62,39.6851,365924,0.0,0.0,0.0,0.0359,0.0272
2013-04-23,国瓷材料,sz300285,39.71,37.92,39.48,38.35,39.56,38.471294,353368,0.0,0.0,0.0,0.0452,-0.0286
2013-04-24,国瓷材料,sz300285,40.18,38.16,38.16,40.0,38.35,40.126522,372118,0.0,0.0,0.0,0.0526,0.0482
2013-04-25,国瓷材料,sz300285,42.19,39.81,40.0,40.22,40.0,40.347218,649062,0.0,0.0,0.0,0.0594,0.0054
2013-04-26,国瓷材料,sz300285,40.17,38.71,40.17,39.67,40.22,39.795467,393784,0.0,0.0,0.0,0.0363,-0.0124
2013-05-02,国瓷材料,sz300285,41.1,39.61,39.61,40.86,39.67,40.989212,214736,0.0,0.0,0.0,0.0375,0.0315
2013-05-03,国瓷材料,sz300285,42.43,40.66,40.66,41.85,40.86,41.98234,420856,0.0,0.0,0.0,0.0433,0.0292
2013-05-06,国瓷材料,sz300285,46.04,41.42,41.88,46.04,41.85,46.18557,814821,0.0,0.0,0.0,0.1103,0.0993
2013-05-07,国瓷材料,sz300285,49.66,46.83,47.61,49.33,46.04,49.485992,1537885,0.0,0.0,0.0,0.0614,0.0361
2013-05-08,国瓷材料,sz300285,50.43,48.4,49.1,50.4,49.33,50.55939,785195,0.0,0.0,0.0,0.0411,0.0264
2013-05-09,国瓷材料,sz300285,51.39,48.79,50.18,50.28,50.4,50.43901,774006,0.0,0.0,0.0,0.0515,0.0019
2013-05-10,国瓷材料,sz300285,50.16,47.78,50.16,48.71,50.28,48.86405,567742,0.0,0.0,0.0,0.0473,-0.0289
2013-05-13,国瓷材料,sz300285,49.88,47.89,48.52,49.23,48.71,49.385674,471422,0.0,0.0,0.0,0.0408,0.0146
2013-05-14,国瓷材料,sz300285,48.91,46.91,48.91,47.51,49.23,47.66024,394709,0.0,0.0,0.0,0.0406,-0.0286
2013-05-15,国瓷材料,sz300285,49.28,47.55,47.85,49.28,47.51,49.43582,455665,0.0,0.0,0.0,0.0364,0.0298
2013-05-16,国瓷材料,sz300285,49.8,45.99,49.4,46.5,49.28,46.64705,881618,0.0,0.0,0.0,0.0773,-0.0587
2013-05-17,国瓷材料,sz300285,47.4,46.3,46.7,47.07,46.5,47.218845,351039,0.0,0.0,0.0,0.0236,0.0079
2013-05-20,国瓷材料,sz300285,49.28,47.07,47.08,48.94,47.07,49.094757,594575,0.0,0.0,0.0,0.0469,0.0395
2013-05-21,国瓷材料,sz300285,50.74,48.17,49.03,50.65,48.94,50.810177,582434,0.0,0.0,0.0,0.0525,0.033
2013-05-22,国瓷材料,sz300285,50.4,47.91,50.4,48.13,50.65,48.48282,611025,0.0,0.0,0.0,0.0491,-0.045
2013-05-23,国瓷材料,sz300285,49.83,47.39,47.39,49.2,48.13,49.56064,581932,0.0,0.0,0.0,0.0506,0.0381
2013-05-24,国瓷材料,sz300285,54.12,49.05,49.05,54.12,49.2,54.5167,1238342,0.0,0.0,0.0,0.103,0.1033
2013-05-27,国瓷材料,sz300285,54.87,52.51,54.0,53.38,54.12,53.771294,666463,0.0,0.0,0.0,0.0436,-0.0114
2013-05-28,国瓷材料,sz300285,53.3,50.7,53.3,50.81,53.38,51.182476,665193,0.0,0.0,0.0,0.0487,-0.0467
2013-05-29,国瓷材料,sz300285,52.28,50.52,50.58,51.29,50.81,51.665997,405775,0.0,0.0,0.0,0.0346,0.014
2013-05-30,国瓷材料,sz300285,52.43,50.65,50.65,50.86,51.29,51.23283,402387,0.0,0.0,0.0,0.0347,0.0041
2013-05-31,国瓷材料,sz300285,51.87,50.22,50.86,50.3,50.86,50.668705,391386,0.0,0.0,0.0,0.0324,-0.011
2013-06-03,国瓷材料,sz300285,55.27,50.0,50.2,52.2,50.3,52.582615,885708,0.0,0.0,0.0,0.1047,0.0398
2013-06-04,国瓷材料,sz300285,54.66,51.82,51.82,54.0,52.2,54.39582,962873,0.0,0.0,0.0,0.0544,0.042
2013-06-05,国瓷材料,sz300285,59.12,53.2,53.2,58.0,54.0,58.425137,1421317,0.0,0.0,0.0,0.1096,0.0902
2013-06-06,国瓷材料,sz300285,57.97,55.22,57.0,55.7,58.0,56.108288,1037527,0.0,0.0,0.0,0.0474,-0.0228
2013-06-07,国瓷材料,sz300285,60.46,55.88,56.0,58.3,55.7,58.727367,1675523,0.0,0.0,0.0,0.0822,0.041
2013-06-13,国瓷材料,sz300285,60.5,53.3,57.33,60.5,58.3,60.9435,1559004,0.0,0.0,0.0,0.1234,0.0552
2013-06-14,国瓷材料,sz300285,61.5,59.03,59.95,59.44,60.5,59.87571,1412802,0.0,0.0,0.0,0.0408,-0.0085
2013-06-17,国瓷材料,sz300285,60.95,57.0,59.75,57.05,59.44,57.46817,1573657,0.0,0.0,0.0,0.0664,-0.0451
2013-06-18,国瓷材料,sz300285,58.85,55.38,56.7,57.95,57.05,58.374786,957503,0.0,0.0,0.0,0.0608,0.022
2013-06-19,国瓷材料,sz300285,57.88,54.9,57.88,55.1,57.95,55.503914,966735,0.0,0.0,0.0,0.0514,-0.048
2013-06-20,国瓷材料,sz300285,56.25,52.11,54.95,52.7,55.1,53.08633,946700,0.0,0.0,0.0,0.0751,-0.0409
2013-06-21,国瓷材料,sz300285,52.75,50.31,51.98,52.48,52.7,52.864697,577423,0.0,0.0,0.0,0.0462,0.0096
2013-06-24,国瓷材料,sz300285,54.68,49.9,52.5,50.4,52.48,50.769455,1014983,0.0,0.0,0.0,0.091,-0.04
2013-06-25,国瓷材料,sz300285,51.25,46.58,49.0,50.45,50.4,50.81982,1796252,0.0,0.0,0.0,0.0926,0.0295
2013-06-26,国瓷材料,sz300285,54.88,50.46,50.47,54.6,50.45,55.000256,1358800,0.0,0.0,0.0,0.0876,0.0818
2013-06-27,国瓷材料,sz300285,55.53,50.62,54.0,51.58,54.6,51.958138,1255859,0.0,0.0,0.0,0.0899,-0.0448
2013-06-28,国瓷材料,sz300285,52.66,49.6,50.78,50.51,51.58,50.880318,750813,0.0,0.0,0.0,0.0593,-0.0053
2013-07-01,国瓷材料,sz300285,53.07,49.34,49.9,53.0,50.51,53.388565,701663,0.0,0.0,0.0,0.0738,0.0621
2013-07-02,国瓷材料,sz300285,54.35,52.78,53.0,53.9,53.0,54.29516,865398,0.0,0.0,0.0,0.0296,0.0169
2013-07-03,国瓷材料,sz300285,58.48,53.95,53.95,57.8,53.9,58.223736,1811258,0.0,0.0,0.0,0.084,0.0713
2013-07-04,国瓷材料,sz300285,58.49,55.7,57.2,56.96,57.8,57.37757,969011,0.0,0.0,0.0,0.0482,-0.0041
2013-07-05,国瓷材料,sz300285,59.36,55.0,57.0,55.5,56.96,55.906868,1163090,0.0,0.0,0.0,0.0765,-0.0263
2013-07-08,国瓷材料,sz300285,54.01,49.95,54.0,50.68,55.5,51.051525,1038316,0.0,0.0,0.0,0.0731,-0.0614
2013-07-09,国瓷材料,sz300285,55.75,53.5,55.28,55.75,50.68,56.15867,1426206,0.0,0.0,0.0,0.0443,0.0085
2013-07-10,国瓷材料,sz300285,56.32,54.33,56.32,55.85,55.75,56.25942,1145669,0.0,0.0,0.0,0.0356,-0.0083
2013-07-11,国瓷材料,sz300285,61.0,55.6,55.88,58.95,55.85,59.382153,1388277,0.0,0.0,0.0,0.0966,0.0549
2013-07-12,国瓷材料,sz300285,60.85,57.85,59.01,58.2,58.95,58.626633,1220649,0.0,0.0,0.0,0.0508,-0.0137
2013-07-15,国瓷材料,sz300285,64.02,58.03,58.1,64.0,58.2,64.46913,1814041,0.0,0.0,0.0,0.1029,0.1015
2013-07-16,国瓷材料,sz300285,64.79,62.05,64.03,63.41,64.0,63.87479,1073667,0.0,0.0,0.0,0.0428,-0.0096
2013-07-17,国瓷材料,sz300285,65.49,62.8,63.5,63.5,63.41,63.965427,960679,0.0,0.0,0.0,0.0424,0.0
2013-07-18,国瓷材料,sz300285,65.27,62.6,63.1,63.65,63.5,64.116516,780992,0.0,0.0,0.0,0.042,0.0087
2013-07-19,国瓷材料,sz300285,65.09,62.49,63.99,62.49,63.65,62.94799,949336,0.0,0.0,0.0,0.0408,-0.0234
2013-07-22,国瓷材料,sz300285,63.68,60.6,61.8,63.61,62.49,64.07621,873140,0.0,0.0,0.0,0.0492,0.0292
2013-07-23,国瓷材料,sz300285,64.99,62.38,63.5,64.7,63.61,65.17422,977111,0.0,0.0,0.0,0.041,0.0188
2013-07-24,国瓷材料,sz300285,67.6,64.44,64.97,65.8,64.7,66.28231,1171730,0.0,0.0,0.0,0.0488,0.0127
2013-07-25,国瓷材料,sz300285,65.88,61.01,65.1,61.67,65.8,62.122032,1130591,0.0,0.0,0.0,0.074,-0.0526
2013-07-26,国瓷材料,sz300285,62.76,60.58,61.96,62.23,61.67,62.686165,662509,0.0,0.0,0.0,0.0353,0.0043
2013-07-29,国瓷材料,sz300285,61.9,59.98,61.4,60.0,62.23,60.439804,591285,0.0,0.0,0.0,0.0308,-0.0228
2013-07-30,国瓷材料,sz300285,60.3,57.02,59.8,58.65,60.0,59.07991,694667,0.0,0.0,0.0,0.0546,-0.0192
2013-07-31,国瓷材料,sz300285,59.64,58.29,58.88,59.32,58.65,59.754837,427834,0.0,0.0,0.0,0.023,0.0074
2013-08-01,国瓷材料,sz300285,62.86,59.12,59.8,62.19,59.32,62.645897,743694,0.0,0.0,0.0,0.063,0.0399
2013-08-02,国瓷材料,sz300285,62.8,61.68,62.5,62.35,62.19,62.807083,512461,0.0,0.0,0.0,0.018,-0.0023
2013-08-05,国瓷材料,sz300285,65.2,62.0,62.45,64.5,62.35,64.97286,670236,0.0,0.0,0.0,0.0513,0.0328
2013-08-06,国瓷材料,sz300285,65.28,63.81,64.49,64.81,64.5,65.28512,429096,0.0,0.0,0.0,0.0227,0.0049
2013-08-07,国瓷材料,sz300285,65.35,62.4,64.7,62.51,64.81,62.96828,638242,0.0,0.0,0.0,0.0455,-0.0338
2013-08-08,国瓷材料,sz300285,64.47,62.0,62.0,63.01,62.51,63.471966,364257,0.0,0.0,0.0,0.0395,0.0162
2013-08-09,国瓷材料,sz300285,63.79,60.58,63.29,62.47,63.01,62.928013,618024,0.0,0.0,0.0,0.0509,-0.0129
2013-08-12,国瓷材料,sz300285,64.86,60.08,62.48,63.59,62.47,64.056244,631144,0.0,0.0,0.0,0.0765,0.0177
2013-08-13,国瓷材料,sz300285,62.52,60.85,62.52,61.49,63.59,61.940853,786468,0.0,0.0,0.0,0.0262,-0.0164
2013-08-14,国瓷材料,sz300285,62.64,61.08,61.37,61.88,61.49,62.333683,524103,0.0,0.0,0.0,0.0253,0.0083
2013-08-15,国瓷材料,sz300285,62.0,59.9,61.8,59.99,61.88,60.429825,485122,0.0,0.0,0.0,0.0339,-0.0292
2013-08-16,国瓷材料,sz300285,62.36,58.91,60.15,59.3,59.99,59.73476,621013,0.0,0.0,0.0,0.0575,-0.0141
2013-08-19,国瓷材料,sz300285,61.48,58.6,58.6,61.3,59.3,61.749435,890947,0.0,0.0,0.0,0.0485,0.046
2013-08-20,国瓷材料,sz300285,61.5,60.1,61.11,60.57,61.3,61.01406,375269,0.0,0.0,0.0,0.0228,-0.0088
2013-08-21,国瓷材料,sz300285,61.5,60.17,60.62,61.33,60.57,61.779606,451513,0.0,0.0,0.0,0.0219,0.0117
2013-08-22,国瓷材料,sz300285,64.15,61.0,61.15,63.55,61.33,64.0159,851192,0.0,0.0,0.0,0.0513,0.0392
2013-08-23,国瓷材料,sz300285,64.99,62.01,63.55,63.3,63.55,63.764065,823063,0.0,0.0,0.0,0.0468,-0.0039
2013-08-26,国瓷材料,sz300285,65.19,63.0,63.32,64.6,63.3,65.073586,665984,0.0,0.0,0.0,0.0345,0.0202
2013-08-27,国瓷材料,sz300285,65.43,63.65,64.8,65.01,64.6,65.48661,603507,0.0,0.0,0.0,0.0275,0.0032
2013-08-28,国瓷材料,sz300285,64.5,62.6,64.4,62.6,65.01,63.058956,736036,0.0,0.0,0.0,0.0292,-0.0279
2013-08-29,国瓷材料,sz300285,63.68,61.6,62.61,61.9,62.6,62.35383,435330,0.0,0.0,0.0,0.0332,-0.0113
2013-08-30,国瓷材料,sz300285,61.8,59.61,61.7,59.73,61.9,60.167892,590760,0.0,0.0,0.0,0.0353,-0.0319
2013-09-02,国瓷材料,sz300285,61.59,59.51,59.98,60.0,59.73,60.43985,495658,0.0,0.0,0.0,0.0348,3.0E-4
2013-09-03,国瓷材料,sz300285,63.35,60.15,60.15,62.7,60.0,63.159645,649939,0.0,0.0,0.0,0.0533,0.0423
2013-09-04,国瓷材料,sz300285,64.47,61.52,62.6,61.9,62.7,62.35379,900038,0.0,0.0,0.0,0.047,-0.0111
2013-09-05,国瓷材料,sz300285,64.5,61.3,62.1,64.38,61.9,64.852,1091901,0.0,0.0,0.0,0.0516,0.0367
2013-09-06,国瓷材料,sz300285,64.7,62.5,64.46,63.54,64.38,64.005806,858394,0.0,0.0,0.0,0.0341,-0.0142
2013-09-09,国瓷材料,sz300285,64.82,60.6,64.76,61.84,63.54,62.29333,1271674,0.0,0.0,0.0,0.0664,-0.045
2013-09-10,国瓷材料,sz300285,62.0,59.95,61.49,61.09,61.84,61.537838,761346,0.0,0.0,0.0,0.0331,-0.0065
2013-09-11,国瓷材料,sz300285,60.9,55.66,60.9,56.24,61.09,56.652287,1256712,0.0,0.0,0.0,0.0857,-0.0765
2013-09-12,国瓷材料,sz300285,57.2,52.88,56.0,53.71,56.24,54.103725,1419790,0.0,0.0,0.0,0.0768,-0.0408
2013-09-13,国瓷材料,sz300285,29.48,26.67,27.26,28.8,53.71,58.02219,2805366,0.0,0.0,0.0,0.0523,0.0564
2013-09-16,国瓷材料,sz300285,28.5,27.1,28.49,27.6,28.8,55.60458,2276777,0.0,0.0,0.0,0.0486,-0.0312
2013-09-17,国瓷材料,sz300285,27.72,26.1,27.6,26.13,27.6,52.643024,1902714,0.0,0.0,0.0,0.0586,-0.0532
2013-09-18,国瓷材料,sz300285,27.25,25.22,26.2,27.22,26.13,54.839027,1831985,0.0,0.0,0.0,0.0776,0.0389
2013-09-23,国瓷材料,sz300285,27.65,26.5,26.93,27.22,27.22,54.839027,2009514,0.0,0.0,0.0,0.0422,0.0107
2013-09-24,国瓷材料,sz300285,28.47,27.2,27.2,27.84,27.22,56.088097,1988794,0.0,0.0,0.0,0.0466,0.0235
2013-09-25,国瓷材料,sz300285,27.85,25.06,27.81,26.91,27.84,54.214474,1580197,0.0,0.0,0.0,0.1002,-0.0323
2013-09-26,国瓷材料,sz300285,27.48,26.6,26.92,26.63,26.91,53.65037,963802,0.0,0.0,0.0,0.0327,-0.0107
2013-09-27,国瓷材料,sz300285,27.32,26.3,26.71,26.99,26.63,54.37567,1495713,0.0,0.0,0.0,0.0383,0.0104
2013-09-30,国瓷材料,sz300285,27.85,26.6,27.0,27.6,26.99,55.604614,1150645,0.0,0.0,0.0,0.0463,0.0222
2013-10-08,国瓷材料,sz300285,28.18,26.81,27.5,27.73,27.6,55.866512,1237040,0.0,0.0,0.0,0.0496,0.0083
2013-10-09,国瓷材料,sz300285,30.19,27.47,27.7,29.81,27.73,60.057003,2740021,0.0,0.0,0.0,0.098,0.0761
2013-10-10,国瓷材料,sz300285,30.09,28.5,29.97,28.72,29.81,57.86102,1898328,0.0,0.0,0.0,0.0533,-0.0417
2013-10-11,国瓷材料,sz300285,29.94,28.75,29.03,29.7,28.72,59.83541,1531601,0.0,0.0,0.0,0.0414,0.023
2013-10-14,国瓷材料,sz300285,29.79,29.05,29.79,29.2,29.7,58.828083,1213546,0.0,0.0,0.0,0.0249,-0.0198
2013-10-15,国瓷材料,sz300285,30.13,28.71,29.25,30.05,29.2,60.540565,1955680,0.0,0.0,0.0,0.0486,0.0273
2013-10-16,国瓷材料,sz300285,29.8,28.76,29.8,28.9,30.05,58.22368,1113103,0.0,0.0,0.0,0.0346,-0.0302
2013-10-17,国瓷材料,sz300285,29.55,27.23,28.9,27.69,28.9,55.78591,1846637,0.0,0.0,0.0,0.0802,-0.0418
2013-10-18,国瓷材料,sz300285,28.18,27.09,27.6,27.89,27.69,56.188854,607686,0.0,0.0,0.0,0.0393,0.0105
2013-10-21,国瓷材料,sz300285,28.65,27.78,27.91,28.39,27.89,57.19621,918952,0.0,0.0,0.0,0.0311,0.0171
2013-10-22,国瓷材料,sz300285,28.6,27.13,28.2,27.13,28.39,54.657726,1146024,0.0,0.0,0.0,0.0517,-0.0379
2013-10-23,国瓷材料,sz300285,27.2,26.01,27.0,26.32,27.13,53.025864,934470,0.0,0.0,0.0,0.0438,-0.0251
2013-10-24,国瓷材料,sz300285,26.8,26.01,26.3,26.6,26.32,53.589954,481320,0.0,0.0,0.0,0.03,0.0114
2013-10-25,国瓷材料,sz300285,26.76,25.82,26.7,26.01,26.6,52.40133,625411,0.0,0.0,0.0,0.0353,-0.0258
2013-10-28,国瓷材料,sz300285,26.39,25.71,25.98,26.22,26.01,52.824417,293608,0.0,0.0,0.0,0.0261,0.0092
2013-10-29,国瓷材料,sz300285,26.45,23.9,26.44,24.99,26.22,50.34637,899873,0.0,0.0,0.0,0.0972,-0.0548
2013-10-30,国瓷材料,sz300285,25.17,24.02,24.98,25.01,24.99,50.386646,736188,0.0,0.0,0.0,0.046,0.0012
2013-10-31,国瓷材料,sz300285,25.08,24.3,25.02,24.45,25.01,49.258442,693839,0.0,0.0,0.0,0.0311,-0.0227
2013-11-01,国瓷材料,sz300285,24.66,24.01,24.4,24.45,24.45,49.258442,319134,0.0,0.0,0.0,0.0265,0.002
2013-11-04,国瓷材料,sz300285,24.93,24.45,24.5,24.7,24.45,49.762108,364098,0.0,0.0,0.0,0.0196,0.0081
2013-11-05,国瓷材料,sz300285,25.36,24.4,24.68,25.25,24.7,50.87016,534903,0.0,0.0,0.0,0.0388,0.023
2013-11-06,国瓷材料,sz300285,25.48,24.89,25.25,25.28,25.25,50.930595,507979,0.0,0.0,0.0,0.0233,0.0011
2013-11-07,国瓷材料,sz300285,25.9,25.11,25.3,25.4,25.28,51.172363,731263,0.0,0.0,0.0,0.0312,0.0039
2013-11-08,国瓷材料,sz300285,26.46,25.31,25.4,26.2,25.4,52.78409,908221,0.0,0.0,0.0,0.0452,0.0314
2013-11-11,国瓷材料,sz300285,26.69,25.67,26.3,26.5,26.2,53.388466,932356,0.0,0.0,0.0,0.0389,0.0076
2013-11-12,国瓷材料,sz300285,26.7,26.13,26.45,26.63,26.5,53.650387,765232,0.0,0.0,0.0,0.0215,0.0068
2013-11-13,国瓷材料,sz300285,26.6,26.0,26.5,26.3,26.63,52.985554,618832,0.0,0.0,0.0,0.0225,-0.0075
2013-11-14,国瓷材料,sz300285,27.45,26.1,26.2,27.18,26.3,54.75845,872275,0.0,0.0,0.0,0.0513,0.0374
2013-11-15,国瓷材料,sz300285,28.49,27.18,27.18,27.8,27.18,56.007545,1417754,0.0,0.0,0.0,0.0481,0.0228
2013-11-18,国瓷材料,sz300285,28.35,27.55,27.55,27.99,27.8,56.390354,872777,0.0,0.0,0.0,0.0287,0.0159
2013-11-19,国瓷材料,sz300285,28.3,27.5,28.08,27.87,27.99,56.14861,732598,0.0,0.0,0.0,0.0285,-0.0074
2013-11-20,国瓷材料,sz300285,27.93,27.42,27.7,27.68,27.87,55.765846,466682,0.0,0.0,0.0,0.0182,-7.0E-4
2013-11-21,国瓷材料,sz300285,27.5,26.85,27.45,27.28,27.68,54.959972,564233,0.0,0.0,0.0,0.0234,-0.0061
2013-11-22,国瓷材料,sz300285,27.38,26.74,27.31,26.8,27.28,53.992954,451095,0.0,0.0,0.0,0.0234,-0.0186
2013-11-25,国瓷材料,sz300285,27.14,26.65,26.8,26.79,26.8,53.972813,434115,0.0,0.0,0.0,0.0182,-3.0E-4
2013-11-26,国瓷材料,sz300285,28.12,26.5,27.1,28.12,26.79,56.652294,1030735,0.0,0.0,0.0,0.0604,0.0376
2013-11-27,国瓷材料,sz300285,30.93,27.95,27.95,30.93,28.12,62.3135,2762334,0.0,0.0,0.0,0.1059,0.1066
2013-11-28,国瓷材料,sz300285,32.38,30.35,31.83,31.44,30.93,63.34099,3814228,0.0,0.0,0.0,0.0656,-0.0122
2013-11-29,国瓷材料,sz300285,32.1,30.67,31.0,31.7,31.44,63.86482,2709792,0.0,0.0,0.0,0.0454,0.0225
2013-12-02,国瓷材料,sz300285,30.0,28.53,30.0,28.53,31.7,57.478336,3036765,0.0,0.0,0.0,0.0463,-0.0489
2013-12-03,国瓷材料,sz300285,28.48,26.02,27.68,28.19,28.53,56.793365,1687738,0.0,0.0,0.0,0.0862,0.0184
2013-12-04,国瓷材料,sz300285,28.52,27.12,27.71,27.21,28.19,54.819,1484763,0.0,0.0,0.0,0.0496,-0.018
2013-12-05,国瓷材料,sz300285,27.3,26.5,26.91,26.76,27.21,53.912407,1027070,0.0,0.0,0.0,0.0294,-0.0055
2013-12-06,国瓷材料,sz300285,27.16,26.38,26.84,27.0,26.76,54.395947,714470,0.0,0.0,0.0,0.0291,0.0059
2013-12-09,国瓷材料,sz300285,28.5,27.01,27.2,28.35,27.0,57.11574,1297409,0.0,0.0,0.0,0.0551,0.0422
2013-12-10,国瓷材料,sz300285,28.52,27.48,28.35,27.77,28.35,55.947212,1035515,0.0,0.0,0.0,0.0366,-0.0204
2013-12-11,国瓷材料,sz300285,28.29,27.37,27.93,27.91,27.77,56.22924,760908,0.0,0.0,0.0,0.0331,-7.0E-4
2013-12-12,国瓷材料,sz300285,29.78,27.85,28.0,29.34,27.91,59.110203,1437580,0.0,0.0,0.0,0.0691,0.0478
2013-12-13,国瓷材料,sz300285,30.32,28.71,29.04,30.3,29.34,61.04429,1530579,0.0,0.0,0.0,0.0548,0.0433
2013-12-16,国瓷材料,sz300285,30.25,29.1,30.19,29.4,30.3,59.23109,877045,0.0,0.0,0.0,0.0379,-0.0261
2013-12-17,国瓷材料,sz300285,30.0,28.3,29.4,28.37,29.4,57.155987,894078,0.0,0.0,0.0,0.0578,-0.035
2013-12-18,国瓷材料,sz300285,28.6,27.8,28.2,27.9,28.37,56.209084,619011,0.0,0.0,0.0,0.0281,-0.0106
2013-12-19,国瓷材料,sz300285,29.08,27.83,27.83,28.5,27.9,57.417862,842183,0.0,0.0,0.0,0.0448,0.024
2013-12-20,国瓷材料,sz300285,28.8,28.1,28.45,28.35,28.5,57.115673,439207,0.0,0.0,0.0,0.0245,-0.0035
2013-12-23,国瓷材料,sz300285,29.18,28.07,28.7,29.07,28.35,58.56624,567796,0.0,0.0,0.0,0.0391,0.0128
2013-12-24,国瓷材料,sz300285,29.8,28.93,28.93,29.19,29.07,58.808,747933,0.0,0.0,0.0,0.0299,0.0089
2013-12-25,国瓷材料,sz300285,30.78,29.08,29.08,30.69,29.19,61.829967,2147716,0.0,0.0,0.0,0.0582,0.0553
2013-12-26,国瓷材料,sz300285,32.56,30.18,30.3,32.18,30.69,64.83181,2796151,0.0,0.0,0.0,0.0775,0.062
2013-12-27,国瓷材料,sz300285,34.8,31.5,31.6,33.54,32.18,67.57173,3185453,0.0,0.0,0.0,0.1025,0.0613
2013-12-30,国瓷材料,sz300285,34.6,32.57,33.6,32.9,33.54,66.282326,2466330,0.0,0.0,0.0,0.0605,-0.0208
2013-12-31,国瓷材料,sz300285,33.77,31.11,32.59,31.72,32.9,63.90505,2011711,0.0,0.0,0.0,0.0808,-0.0266
2014-01-02,国瓷材料,sz300285,32.25,31.11,31.11,31.88,31.72,64.22739,1632124,0.0,0.0,0.0,0.0359,0.0247
2014-01-03,国瓷材料,sz300285,32.2,31.34,31.76,31.96,31.88,64.388535,1523856,0.0,0.0,0.0,0.0269,0.0062
2014-01-06,国瓷材料,sz300285,31.95,30.4,31.2,30.75,31.96,61.950783,1565023,0.0,0.0,0.0,0.0484,-0.0144
2014-01-07,国瓷材料,sz300285,31.33,30.26,30.4,30.96,30.75,62.373844,936381,0.0,0.0,0.0,0.0347,0.0184
2014-01-08,国瓷材料,sz300285,31.96,30.96,30.96,31.69,30.96,63.844555,1685238,0.0,0.0,0.0,0.0322,0.0235
2014-01-09,国瓷材料,sz300285,32.64,30.61,31.69,30.61,31.69,61.66873,2022781,0.0,0.0,0.0,0.064,-0.034
2014-01-10,国瓷材料,sz300285,30.52,29.2,30.52,29.4,30.61,59.23097,1661571,0.0,0.0,0.0,0.0431,-0.0366
2014-01-13,国瓷材料,sz300285,29.78,29.1,29.39,29.55,29.4,59.533165,725621,0.0,0.0,0.0,0.0231,0.0054
2014-01-14,国瓷材料,sz300285,30.67,29.88,30.06,30.6,29.55,61.648556,1030316,0.0,0.0,0.0,0.0267,0.0179
2014-01-15,国瓷材料,sz300285,31.43,30.38,30.5,31.02,30.6,62.494682,950234,0.0,0.0,0.0,0.0343,0.017
2014-01-16,国瓷材料,sz300285,32.63,29.8,30.68,31.95,31.02,64.36834,2361866,0.0,0.0,0.0,0.0912,0.0413
2014-01-17,国瓷材料,sz300285,32.39,31.05,31.99,31.2,31.95,62.857353,1460257,0.0,0.0,0.0,0.0419,-0.0246
2014-01-20,国瓷材料,sz300285,32.48,31.45,31.53,31.9,31.2,64.267624,1947898,0.0,0.0,0.0,0.033,0.0117
2014-01-21,国瓷材料,sz300285,32.5,31.58,31.9,32.5,31.9,65.47643,1457530,0.0,0.0,0.0,0.0288,0.0188
2014-01-22,国瓷材料,sz300285,32.98,31.8,32.38,32.68,32.5,65.83904,1768861,0.0,0.0,0.0,0.0363,0.0092
2014-01-23,国瓷材料,sz300285,33.12,32.3,32.5,32.64,32.68,65.75845,1600903,0.0,0.0,0.0,0.025,0.0043
2014-01-24,国瓷材料,sz300285,32.98,32.35,32.52,32.4,32.64,65.27493,1673171,0.0,0.0,0.0,0.0193,-0.0036
2014-01-27,国瓷材料,sz300285,32.55,31.01,32.28,31.08,32.4,62.615566,1721892,0.0,0.0,0.0,0.0475,-0.0371
2014-01-28,国瓷材料,sz300285,32.0,30.01,31.04,31.9,31.08,64.26762,1591958,0.0,0.0,0.0,0.064,0.0277
2014-01-29,国瓷材料,sz300285,32.25,31.5,31.5,31.79,31.9,64.04602,1086875,0.0,0.0,0.0,0.0235,0.0092
2014-01-30,国瓷材料,sz300285,32.07,31.32,31.79,31.35,31.79,63.159557,771028,0.0,0.0,0.0,0.0235,-0.0138
2014-02-07,国瓷材料,sz300285,32.0,30.88,31.01,32.0,31.35,64.46911,1007761,0.0,0.0,0.0,0.0357,0.0319
2014-02-10,国瓷材料,sz300285,32.99,32.0,32.0,32.98,32.0,66.443474,2510642,0.0,0.0,0.0,0.0309,0.0306
2014-02-11,国瓷材料,sz300285,34.47,32.8,33.0,33.98,32.98,68.45811,2978747,0.0,0.0,0.0,0.0506,0.0296
2014-02-12,国瓷材料,sz300285,37.1,33.31,33.98,37.1,33.98,74.743866,3524182,0.0,0.0,0.0,0.1115,0.0918
2014-02-13,国瓷材料,sz300285,39.14,36.5,36.96,36.54,37.1,73.61568,4201987,0.0,0.0,0.0,0.0711,-0.0113
2014-02-14,国瓷材料,sz300285,37.22,35.41,36.34,36.67,36.54,73.8776,2185954,0.0,0.0,0.0,0.0495,0.009
2014-02-17,国瓷材料,sz300285,39.15,36.3,36.58,39.12,36.67,78.813515,2169206,0.0,0.0,0.0,0.0777,0.0694
2014-02-18,国瓷材料,sz300285,40.45,38.02,39.25,38.49,39.12,77.544304,2233061,0.0,0.0,0.0,0.0621,-0.0193
2014-02-19,国瓷材料,sz300285,39.12,36.81,38.03,37.86,38.49,76.275055,1751312,0.0,0.0,0.0,0.06,-0.0044
2014-02-20,国瓷材料,sz300285,38.34,36.18,37.86,36.44,37.86,73.41421,1505880,0.0,0.0,0.0,0.057,-0.0375
2014-02-21,国瓷材料,sz300285,37.6,36.21,36.46,37.57,36.44,75.69078,1093247,0.0,0.0,0.0,0.0381,0.0304
2014-02-24,国瓷材料,sz300285,38.98,37.25,37.78,38.39,37.57,77.34281,1331021,0.0,0.0,0.0,0.046,0.0161
2014-02-25,国瓷材料,sz300285,38.5,35.48,38.49,36.15,38.39,72.82993,2451344,0.0,0.0,0.0,0.0786,-0.0607
2014-02-26,国瓷材料,sz300285,37.17,35.05,36.0,36.23,36.15,72.991104,1213239,0.0,0.0,0.0,0.0586,0.0063
2014-02-27,国瓷材料,sz300285,37.68,35.4,37.02,35.45,36.23,71.41968,1370830,0.0,0.0,0.0,0.0629,-0.0424
2014-02-28,国瓷材料,sz300285,36.28,34.35,35.45,36.08,35.45,72.68895,1183307,0.0,0.0,0.0,0.0544,0.0177
2014-03-03,国瓷材料,sz300285,36.49,35.76,36.0,36.39,36.08,73.31349,800712,0.0,0.0,0.0,0.0202,0.0108
2014-03-04,国瓷材料,sz300285,36.35,34.6,36.2,35.22,36.39,70.95632,1038346,0.0,0.0,0.0,0.048,-0.027
2014-03-05,国瓷材料,sz300285,35.9,35.02,35.5,35.28,35.22,71.07723,579817,0.0,0.0,0.0,0.0249,-0.0061
2014-03-06,国瓷材料,sz300285,35.67,33.8,35.1,33.92,35.28,68.33727,952271,0.0,0.0,0.0,0.053,-0.0336
2014-03-07,国瓷材料,sz300285,34.64,33.5,33.5,33.99,33.92,68.47832,668505,0.0,0.0,0.0,0.0336,0.0146
2014-03-10,国瓷材料,sz300285,35.68,33.9,33.91,34.48,33.99,69.46551,996635,0.0,0.0,0.0,0.0523,0.0168
2014-03-11,国瓷材料,sz300285,35.0,33.4,34.48,34.52,34.48,69.54608,604901,0.0,0.0,0.0,0.0464,0.0011
2014-03-12,国瓷材料,sz300285,35.19,33.72,34.14,35.17,34.52,70.85564,751793,0.0,0.0,0.0,0.0425,0.0301
2014-03-13,国瓷材料,sz300285,36.59,34.85,35.1,36.58,35.17,73.69631,1229633,0.0,0.0,0.0,0.0494,0.0421
2014-03-14,国瓷材料,sz300285,36.9,35.75,36.2,36.36,36.58,73.2531,812477,0.0,0.0,0.0,0.0314,0.0044
2014-03-17,国瓷材料,sz300285,37.1,35.9,36.02,36.99,36.36,74.522354,601829,0.0,0.0,0.0,0.033,0.0269
2014-03-18,国瓷材料,sz300285,37.1,36.11,36.98,36.27,36.99,73.07178,764428,0.0,0.0,0.0,0.0267,-0.0191
2014-03-19,国瓷材料,sz300285,36.21,35.0,35.8,35.05,36.27,70.61386,624287,0.0,0.0,0.0,0.0333,-0.0209
2014-03-20,国瓷材料,sz300285,35.94,34.15,35.06,34.39,35.05,69.2842,649848,0.0,0.0,0.0,0.051,-0.0191
2014-03-21,国瓷材料,sz300285,34.0,30.95,33.55,32.87,34.39,66.22191,1981778,0.0,0.0,0.0,0.0886,-0.0202
2014-03-24,国瓷材料,sz300285,32.77,30.8,32.15,30.93,32.87,62.313496,1176834,0.0,0.0,0.0,0.0599,-0.0379
2014-03-25,国瓷材料,sz300285,31.8,30.2,30.8,31.8,30.93,64.066246,853020,0.0,0.0,0.0,0.0517,0.0324
2014-03-26,国瓷材料,sz300285,31.9,31.42,31.61,31.81,31.8,64.086365,558854,0.0,0.0,0.0,0.015,0.0063
2014-03-27,国瓷材料,sz300285,31.87,30.86,31.87,31.05,31.81,62.555214,587343,0.0,0.0,0.0,0.0317,-0.0257
2014-03-28,国瓷材料,sz300285,31.0,28.49,31.0,30.43,31.05,61.30611,1069597,0.0,0.0,0.0,0.0808,-0.0183
2014-03-31,国瓷材料,sz300285,30.62,29.01,30.02,29.39,30.43,59.210854,439673,0.0,0.0,0.0,0.0529,-0.0209
2014-04-01,国瓷材料,sz300285,30.48,29.39,29.48,30.11,29.39,60.6614,518683,0.0,0.0,0.0,0.037,0.0213
2014-04-02,国瓷材料,sz300285,30.86,29.6,30.21,30.01,30.11,60.459946,569729,0.0,0.0,0.0,0.0418,-0.0066
2014-04-03,国瓷材料,sz300285,30.59,29.82,30.59,30.0,30.01,60.43981,310579,0.0,0.0,0.0,0.0256,-0.0192
2014-04-04,国瓷材料,sz300285,30.6,29.62,30.09,30.52,30.0,61.487415,288939,0.0,0.0,0.0,0.0326,0.0142
2014-04-08,国瓷材料,sz300285,31.05,29.65,30.03,30.92,30.52,62.293266,296086,0.0,0.0,0.0,0.0458,0.0296
2014-04-09,国瓷材料,sz300285,31.54,30.6,30.9,31.15,30.92,62.756668,471115,0.0,0.0,0.0,0.0304,0.008
2014-04-10,国瓷材料,sz300285,29.99,28.71,29.99,28.75,31.15,57.921455,3740495,0.0,0.0,0.0,0.041,-0.0413
2014-04-11,国瓷材料,sz300285,28.66,27.71,28.49,28.22,28.75,56.853672,1567885,0.0,0.0,0.0,0.033,-0.0094
2014-04-14,国瓷材料,sz300285,28.8,28.23,28.23,28.46,28.22,57.33721,1010531,0.0,0.0,0.0,0.0201,0.0081
2014-04-15,国瓷材料,sz300285,28.73,28.28,28.35,28.47,28.46,57.357338,798154,0.0,0.0,0.0,0.0158,0.0042
2014-04-16,国瓷材料,sz300285,28.68,27.85,28.55,27.87,28.47,56.148533,956935,0.0,0.0,0.0,0.0291,-0.0238
2014-04-17,国瓷材料,sz300285,28.22,27.89,27.95,28.13,27.87,56.67234,547552,0.0,0.0,0.0,0.0118,0.0064
2014-04-18,国瓷材料,sz300285,28.26,27.88,27.98,28.09,28.13,56.591755,507799,0.0,0.0,0.0,0.0135,0.0039
2014-04-21,国瓷材料,sz300285,28.16,27.64,27.8,27.94,28.09,56.289555,455831,0.0,0.0,0.0,0.0185,0.005
2014-04-22,国瓷材料,sz300285,28.17,27.06,28.03,27.29,27.94,54.980034,600445,0.0,0.0,0.0,0.0397,-0.0264
2014-04-23,国瓷材料,sz300285,27.39,26.88,27.29,26.91,27.29,54.214436,472142,0.0,0.0,0.0,0.0186,-0.0139
2014-04-24,国瓷材料,sz300285,27.29,26.31,27.0,26.47,26.91,53.327976,589328,0.0,0.0,0.0,0.0364,-0.0196
2014-04-25,国瓷材料,sz300285,26.86,26.12,26.12,26.34,26.47,53.066082,675505,0.0,0.0,0.0,0.0279,0.0084
2014-04-28,国瓷材料,sz300285,26.33,23.71,26.33,23.71,26.34,47.76754,2121751,0.0,0.0,0.0,0.0994,-0.0995
2014-04-29,国瓷材料,sz300285,23.89,23.0,23.0,23.75,23.71,47.848125,741698,0.0,0.0,0.0,0.0375,0.0326
2014-04-30,国瓷材料,sz300285,24.65,23.66,23.75,24.5,23.75,49.35912,637530,0.0,0.0,0.0,0.0416,0.0315
2014-05-05,国瓷材料,sz300285,25.81,24.44,24.44,25.6,24.5,51.575245,1344789,0.0,0.0,0.0,0.0559,0.0474
2014-05-06,国瓷材料,sz300285,25.88,24.89,25.52,25.29,25.6,50.95072,839567,0.0,0.0,0.0,0.0386,-0.009
2014-05-07,国瓷材料,sz300285,25.85,25.0,25.04,25.47,25.29,51.31334,591800,0.0,0.0,0.0,0.0336,0.0171
2014-05-08,国瓷材料,sz300285,25.83,25.31,25.4,25.61,25.47,51.595406,377011,0.0,0.0,0.0,0.0204,0.0082
2014-05-09,国瓷材料,sz300285,25.64,24.38,25.61,24.82,25.61,50.003845,515371,0.0,0.0,0.0,0.0491,-0.0308
2014-05-12,国瓷材料,sz300285,25.25,24.56,25.02,24.95,24.82,50.265762,1374072,0.0,0.0,0.0,0.0278,-0.0027
2014-05-13,国瓷材料,sz300285,25.3,24.63,24.86,24.67,24.95,49.701683,784930,0.0,0.0,0.0,0.0268,-0.0076
2014-05-14,国瓷材料,sz300285,24.76,24.2,24.67,24.61,24.67,49.580807,539807,0.0,0.0,0.0,0.0226,-0.0024
2014-05-15,国瓷材料,sz300285,24.75,24.3,24.49,24.36,24.61,49.077164,318538,0.0,0.0,0.0,0.0182,-0.0053
2014-05-16,国瓷材料,sz300285,24.54,23.89,24.36,24.15,24.36,48.65407,412053,0.0,0.0,0.0,0.0266,-0.0086
2014-05-19,国瓷材料,sz300285,24.34,23.6,24.13,23.83,24.15,48.009357,496327,0.0,0.0,0.0,0.0306,-0.0124
2014-05-20,国瓷材料,sz300285,24.46,23.88,24.2,24.13,23.83,48.613747,433873,0.0,0.0,0.0,0.0243,-0.0028
2014-05-21,国瓷材料,sz300285,24.49,23.87,23.87,24.49,24.13,49.339016,296323,0.0,0.0,0.0,0.0256,0.0259
2014-05-22,国瓷材料,sz300285,26.38,24.51,24.55,24.65,24.49,49.661346,1096200,0.0,0.0,0.0,0.0763,0.004
2014-05-23,国瓷材料,sz300285,25.29,24.55,24.65,25.19,24.65,51.050026,629711,0.0,0.0,0.0,0.03,0.0219
2014-05-26,国瓷材料,sz300285,25.86,25.25,25.25,25.63,25.19,51.941715,721771,0.0,0.0,0.0,0.0242,0.015
2014-05-27,国瓷材料,sz300285,25.64,25.18,25.64,25.21,25.63,51.09055,456897,0.0,0.0,0.0,0.0179,-0.0167
2014-05-28,国瓷材料,sz300285,25.69,25.11,25.21,25.53,25.21,51.73904,556994,0.0,0.0,0.0,0.023,0.0126
2014-05-29,国瓷材料,sz300285,25.59,24.92,25.43,25.12,25.53,50.90811,468714,0.0,0.0,0.0,0.0262,-0.0121
2014-05-30,国瓷材料,sz300285,25.37,24.85,24.98,25.36,25.12,51.39449,285148,0.0,0.0,0.0,0.0207,0.0152
2014-06-03,国瓷材料,sz300285,25.7,25.22,25.36,25.6,25.36,51.880886,594110,0.0,0.0,0.0,0.0189,0.0094
2014-06-04,国瓷材料,sz300285,25.57,25.0,25.57,25.31,25.6,51.29318,261779,0.0,0.0,0.0,0.0222,-0.0101
2014-06-05,国瓷材料,sz300285,26.15,25.01,25.31,26.15,25.31,52.995495,687266,0.0,0.0,0.0,0.045,0.0331
2014-06-06,国瓷材料,sz300285,26.35,25.62,26.12,25.9,26.15,52.48886,608093,0.0,0.0,0.0,0.0279,-0.0084
2014-06-09,国瓷材料,sz300285,25.98,25.08,25.9,25.4,25.9,51.475563,389148,0.0,0.0,0.0,0.0347,-0.0193
2014-06-10,国瓷材料,sz300285,25.76,25.15,25.5,25.67,25.4,52.022747,362311,0.0,0.0,0.0,0.024,0.0066
2014-06-11,国瓷材料,sz300285,25.79,25.4,25.42,25.69,25.67,52.063274,321932,0.0,0.0,0.0,0.0151,0.0106
2014-06-12,国瓷材料,sz300285,26.37,25.57,25.57,25.96,25.69,52.61046,609534,0.0,0.0,0.0,0.0311,0.0152
2014-06-13,国瓷材料,sz300285,27.29,25.7,26.1,26.92,25.96,54.555992,1313920,0.0,0.0,0.0,0.0612,0.0314
2014-06-16,国瓷材料,sz300285,27.25,26.56,27.05,26.69,26.92,54.089867,759474,0.0,0.0,0.0,0.0256,-0.0133
2014-06-17,国瓷材料,sz300285,27.48,26.53,26.71,27.15,26.69,55.022106,1144131,0.0,0.0,0.0,0.0355,0.0164
2014-06-18,国瓷材料,sz300285,29.77,27.03,27.17,29.36,27.15,59.500904,3209666,0.0,0.0,0.0,0.1009,0.0806
2014-06-19,国瓷材料,sz300285,31.76,29.04,29.3,30.99,29.36,62.804276,4283108,0.0,0.0,0.0,0.0926,0.0576
2014-06-20,国瓷材料,sz300285,31.5,29.6,31.5,30.9,30.99,62.62189,2271939,0.0,0.0,0.0,0.0613,-0.019
2014-06-23,国瓷材料,sz300285,30.89,30.27,30.89,30.66,30.9,62.13551,2096288,0.0,0.0,0.0,0.02,-0.0074
2014-06-24,国瓷材料,sz300285,32.0,29.85,30.45,32.0,30.66,64.85114,2657379,0.0,0.0,0.0,0.0701,0.0509
2014-06-25,国瓷材料,sz300285,32.16,30.58,31.5,31.43,32.0,63.695946,1775657,0.0,0.0,0.0,0.0493,-0.0022
2014-06-26,国瓷材料,sz300285,32.5,30.89,31.43,31.45,31.43,63.736458,3082043,0.0,0.0,0.0,0.0512,6.0E-4
2014-06-27,国瓷材料,sz300285,30.72,29.6,30.72,29.6,31.45,59.987225,2928675,0.0,0.0,0.0,0.0356,-0.0364
2014-06-30,国瓷材料,sz300285,29.55,28.45,29.3,29.35,29.6,59.48057,3036285,0.0,0.0,0.0,0.0371,0.0017
2014-07-01,国瓷材料,sz300285,30.1,29.0,29.1,29.8,29.35,60.39253,2206035,0.0,0.0,0.0,0.0374,0.024
2014-07-02,国瓷材料,sz300285,30.99,28.89,30.01,29.51,29.8,59.804787,1839158,0.0,0.0,0.0,0.0704,-0.0166
2014-07-03,国瓷材料,sz300285,29.59,28.85,29.31,28.98,29.51,58.730694,1462762,0.0,0.0,0.0,0.025,-0.0112
2014-07-04,国瓷材料,sz300285,29.15,28.51,29.05,28.65,28.98,58.061928,1579028,0.0,0.0,0.0,0.022,-0.0137
2014-07-07,国瓷材料,sz300285,29.0,28.0,28.56,28.25,28.65,57.251266,1393937,0.0,0.0,0.0,0.0349,-0.0108
2014-07-08,国瓷材料,sz300285,29.44,28.39,28.4,29.07,28.25,58.9131,1822259,0.0,0.0,0.0,0.0371,0.0235
2014-07-09,国瓷材料,sz300285,30.55,29.19,29.19,30.36,29.07,61.527428,3185144,0.0,0.0,0.0,0.0467,0.04
2014-07-10,国瓷材料,sz300285,31.51,29.8,30.28,30.29,30.36,61.385544,2422598,0.0,0.0,0.0,0.0563,3.0E-4
2014-07-11,国瓷材料,sz300285,30.6,29.4,30.22,30.6,30.29,62.013763,1401365,0.0,0.0,0.0,0.0396,0.0125
2014-07-14,国瓷材料,sz300285,30.9,29.6,30.6,30.08,30.6,60.959965,1139561,0.0,0.0,0.0,0.0424,-0.0169
2014-07-15,国瓷材料,sz300285,30.27,28.2,29.81,28.45,30.08,57.656605,1421766,0.0,0.0,0.0,0.0688,-0.0456
2014-07-16,国瓷材料,sz300285,29.35,28.0,28.34,28.06,28.45,56.86625,967260,0.0,0.0,0.0,0.0474,-0.0098
2014-07-17,国瓷材料,sz300285,28.25,27.1,28.25,27.25,28.06,55.22469,907979,0.0,0.0,0.0,0.0409,-0.0353
2014-07-18,国瓷材料,sz300285,28.1,27.03,27.05,27.65,27.25,56.03533,1101973,0.0,0.0,0.0,0.0392,0.0221
2014-07-21,国瓷材料,sz300285,28.45,27.25,27.34,28.38,27.65,57.51472,1010278,0.0,0.0,0.0,0.0433,0.038
2014-07-22,国瓷材料,sz300285,28.87,28.15,28.37,28.72,28.38,58.20375,475725,0.0,0.0,0.0,0.0253,0.0123
2014-07-23,国瓷材料,sz300285,28.98,27.1,28.75,27.46,28.72,55.650234,703593,0.0,0.0,0.0,0.0654,-0.0448
2014-07-24,国瓷材料,sz300285,28.33,25.99,27.46,27.97,27.46,56.68377,920873,0.0,0.0,0.0,0.0852,0.0185
2014-07-25,国瓷材料,sz300285,28.25,27.6,27.61,27.8,27.97,56.339245,409392,0.0,0.0,0.0,0.0232,0.0068
2014-07-28,国瓷材料,sz300285,29.28,27.72,27.98,28.94,27.8,58.64955,771372,0.0,0.0,0.0,0.0561,0.0343
2014-07-29,国瓷材料,sz300285,31.83,28.95,28.95,31.83,28.94,64.50641,3485017,0.0,0.0,0.0,0.0995,0.0994
2014-07-30,国瓷材料,sz300285,33.88,32.51,32.51,33.6,31.83,68.09348,4613428,0.0,0.0,0.0,0.043,0.0335
2014-07-31,国瓷材料,sz300285,33.39,32.45,33.3,32.94,33.6,66.75592,2486274,0.0,0.0,0.0,0.0279,-0.0108
2014-08-01,国瓷材料,sz300285,34.1,32.41,32.51,32.86,32.94,66.59377,2992443,0.0,0.0,0.0,0.0513,0.0107
2014-08-04,国瓷材料,sz300285,33.93,32.01,32.5,33.51,32.86,67.911064,1689776,0.0,0.0,0.0,0.0584,0.031
2014-08-05,国瓷材料,sz300285,36.0,33.51,33.8,35.52,33.51,71.984505,1671457,0.0,0.0,0.0,0.0743,0.0508
2014-08-06,国瓷材料,sz300285,35.91,34.4,35.48,35.9,35.52,72.75459,1262405,0.0,0.0,0.0,0.0425,0.0118
2014-08-07,国瓷材料,sz300285,35.84,34.5,35.84,34.89,35.9,70.70772,907048,0.0,0.0,0.0,0.0373,-0.0265
2014-08-08,国瓷材料,sz300285,35.65,34.64,34.92,35.41,34.89,71.76154,777250,0.0,0.0,0.0,0.0289,0.014
2014-08-11,国瓷材料,sz300285,37.0,34.85,35.41,37.0,35.41,74.98386,1492148,0.0,0.0,0.0,0.0607,0.0449
2014-08-12,国瓷材料,sz300285,37.18,36.3,36.99,36.47,37.0,73.90978,588772,0.0,0.0,0.0,0.0237,-0.014
2014-08-13,国瓷材料,sz300285,36.78,34.61,36.2,35.01,36.47,70.95096,1621408,0.0,0.0,0.0,0.0595,-0.0328
2014-08-14,国瓷材料,sz300285,35.93,34.66,35.05,35.5,35.01,71.943985,567670,0.0,0.0,0.0,0.0362,0.0128
2014-08-15,国瓷材料,sz300285,35.82,35.1,35.6,35.38,35.5,71.70081,683645,0.0,0.0,0.0,0.0202,-0.0061
2014-08-18,国瓷材料,sz300285,37.87,35.3,35.38,37.5,35.38,75.9972,1349422,0.0,0.0,0.0,0.0726,0.0599
2014-08-19,国瓷材料,sz300285,38.33,36.12,37.3,36.73,37.5,74.43675,2096342,0.0,0.0,0.0,0.0589,-0.0152
2014-08-20,国瓷材料,sz300285,36.85,35.51,36.82,36.04,36.73,73.03838,920507,0.0,0.0,0.0,0.0364,-0.0211
2014-08-21,国瓷材料,sz300285,36.32,34.82,36.01,35.12,36.04,71.17393,829199,0.0,0.0,0.0,0.0416,-0.0247
2014-08-22,国瓷材料,sz300285,35.6,34.8,34.8,35.4,35.12,71.7414,414284,0.0,0.0,0.0,0.0227,0.0172
2014-08-25,国瓷材料,sz300285,36.39,34.8,35.4,36.08,35.4,73.11948,356741,0.0,0.0,0.0,0.0449,0.0192
2014-08-26,国瓷材料,sz300285,36.36,33.8,36.1,34.22,36.08,69.35002,1581493,0.0,0.0,0.0,0.0709,-0.052
2014-08-27,国瓷材料,sz300285,34.96,33.88,34.11,34.51,34.22,69.93777,382610,0.0,0.0,0.0,0.0315,0.0117
2014-08-28,国瓷材料,sz300285,34.78,33.9,34.6,33.91,34.51,68.721825,268619,0.0,0.0,0.0,0.0254,-0.0199
2014-08-29,国瓷材料,sz300285,34.67,33.68,34.28,34.48,33.91,69.876976,227400,0.0,0.0,0.0,0.0291,0.0058
2014-09-01,国瓷材料,sz300285,36.23,34.75,34.75,35.42,34.48,71.78196,460698,0.0,0.0,0.0,0.0429,0.0192
2014-09-02,国瓷材料,sz300285,36.7,35.21,35.42,35.67,35.42,72.2886,968463,0.0,0.0,0.0,0.042,0.007
2014-09-03,国瓷材料,sz300285,36.85,35.51,35.66,36.69,35.67,74.35569,988348,0.0,0.0,0.0,0.0375,0.0288
2014-09-04,国瓷材料,sz300285,37.4,36.16,36.16,37.31,36.69,75.61215,774401,0.0,0.0,0.0,0.0337,0.0318
2014-09-05,国瓷材料,sz300285,37.76,36.25,37.76,36.4,37.31,73.76797,425180,0.0,0.0,0.0,0.0404,-0.036
2014-09-09,国瓷材料,sz300285,36.8,35.82,36.72,36.36,36.4,73.6869,656818,0.0,0.0,0.0,0.0269,-0.0098
2014-09-10,国瓷材料,sz300285,36.57,36.19,36.19,36.36,36.36,73.6869,240404,0.0,0.0,0.0,0.0104,0.0046
2014-09-11,国瓷材料,sz300285,36.5,35.18,36.4,35.48,36.36,71.90353,564851,0.0,0.0,0.0,0.0363,-0.0252
2014-09-12,国瓷材料,sz300285,36.89,35.48,35.48,36.36,35.48,73.68695,501293,0.0,0.0,0.0,0.0397,0.0248
2014-09-15,国瓷材料,sz300285,36.87,36.21,36.36,36.85,36.36,74.679955,499809,0.0,0.0,0.0,0.0181,0.0134
2014-09-16,国瓷材料,sz300285,36.76,35.23,36.76,35.28,36.85,71.498215,617700,0.0,0.0,0.0,0.0415,-0.0402
2014-09-17,国瓷材料,sz300285,36.36,35.0,35.02,35.28,35.28,71.498215,460598,0.0,0.0,0.0,0.0385,0.0074
2014-09-18,国瓷材料,sz300285,36.77,35.41,35.42,36.7,35.28,74.375946,694178,0.0,0.0,0.0,0.0385,0.0361
2014-09-19,国瓷材料,sz300285,37.0,36.42,36.7,37.0,36.7,74.9839,575171,0.0,0.0,0.0,0.0158,0.0081
2014-09-22,国瓷材料,sz300285,40.7,37.5,37.5,40.7,37.0,82.48229,2105353,0.0,0.0,0.0,0.0864,0.0853
2014-09-23,国瓷材料,sz300285,42.67,39.32,42.67,41.8,40.7,84.71154,2865500,0.0,0.0,0.0,0.0823,-0.0203
2014-09-24,国瓷材料,sz300285,41.4,39.91,41.4,40.65,41.8,82.38095,1312119,0.0,0.0,0.0,0.0356,-0.0181
2014-09-25,国瓷材料,sz300285,41.79,40.7,41.02,41.44,40.65,83.98194,1643356,0.0,0.0,0.0,0.0268,0.0102
2014-09-26,国瓷材料,sz300285,41.58,40.01,41.2,40.3,41.44,81.6716,798535,0.0,0.0,0.0,0.0378,-0.0218
2014-09-29,国瓷材料,sz300285,40.58,39.5,40.0,39.89,40.3,80.840675,757842,0.0,0.0,0.0,0.0267,-0.0027
2014-09-30,国瓷材料,sz300285,40.29,39.51,39.88,40.15,39.89,81.36759,481225,0.0,0.0,0.0,0.0195,0.0067
2014-10-08,国瓷材料,sz300285,39.88,38.65,39.66,38.98,40.15,78.99646,1217215,0.0,0.0,0.0,0.0306,-0.0171
2014-10-09,国瓷材料,sz300285,39.24,38.21,39.1,38.8,38.98,78.63165,1153916,0.0,0.0,0.0,0.0264,-0.0076
2014-10-10,国瓷材料,sz300285,39.2,38.44,38.8,39.12,38.8,79.28013,633301,0.0,0.0,0.0,0.0195,0.0082
2014-10-13,国瓷材料,sz300285,39.08,37.37,39.08,37.9,39.12,76.8077,977549,0.0,0.0,0.0,0.0437,-0.0301
2014-10-14,国瓷材料,sz300285,39.57,37.95,37.95,39.48,37.9,80.009735,1452642,0.0,0.0,0.0,0.0427,0.0403
2014-10-15,国瓷材料,sz300285,39.21,38.36,39.21,38.89,39.48,78.81407,689947,0.0,0.0,0.0,0.0215,-0.0081
2014-10-16,国瓷材料,sz300285,38.97,37.8,38.97,37.86,38.89,76.72668,637287,0.0,0.0,0.0,0.03,-0.0284
2014-10-17,国瓷材料,sz300285,37.85,35.0,37.33,35.3,37.86,71.538574,1682485,0.0,0.0,0.0,0.0752,-0.0543
2014-10-20,国瓷材料,sz300285,36.5,35.01,35.31,36.22,35.3,73.403015,748504,0.0,0.0,0.0,0.0422,0.0257
2014-10-21,国瓷材料,sz300285,36.85,36.01,36.25,36.02,36.22,72.99768,584127,0.0,0.0,0.0,0.0231,-0.0063
2014-10-22,国瓷材料,sz300285,36.61,35.2,36.6,35.2,36.02,71.33589,336815,0.0,0.0,0.0,0.0391,-0.0382
2014-10-23,国瓷材料,sz300285,35.21,33.5,34.83,33.99,35.2,68.88372,936000,0.0,0.0,0.0,0.0485,-0.0241
2014-10-24,国瓷材料,sz300285,34.87,34.0,34.16,34.05,33.99,69.0053,414510,0.0,0.0,0.0,0.0255,-0.0032
2014-10-27,国瓷材料,sz300285,35.98,34.26,34.58,35.6,34.05,72.14649,725760,0.0,0.0,0.0,0.0505,0.0294
2014-10-28,国瓷材料,sz300285,36.65,35.66,35.66,36.28,35.6,73.52456,615239,0.0,0.0,0.0,0.0278,0.0173
2014-10-29,国瓷材料,sz300285,37.0,36.13,36.45,36.6,36.28,74.17305,664244,0.0,0.0,0.0,0.0239,0.0041
2014-10-30,国瓷材料,sz300285,36.78,36.02,36.78,36.6,36.6,74.17305,548858,0.0,0.0,0.0,0.0207,-0.0048
2014-10-31,国瓷材料,sz300285,37.87,36.52,36.52,37.54,36.6,76.07803,1030016,0.0,0.0,0.0,0.0368,0.0279
2014-11-03,国瓷材料,sz300285,38.6,37.18,37.48,38.4,37.54,77.82091,735069,0.0,0.0,0.0,0.0378,0.0245
2014-11-04,国瓷材料,sz300285,38.78,35.59,38.55,36.68,38.4,74.33515,1226143,0.0,0.0,0.0,0.083,-0.0485
2014-11-05,国瓷材料,sz300285,36.96,35.61,36.6,36.22,36.68,73.402916,525394,0.0,0.0,0.0,0.0368,-0.0103
2014-11-06,国瓷材料,sz300285,37.0,35.7,35.7,36.66,36.22,74.29461,412331,0.0,0.0,0.0,0.0358,0.0268
2014-11-07,国瓷材料,sz300285,36.97,36.1,36.97,36.71,36.66,74.39595,358114,0.0,0.0,0.0,0.0237,-0.007
2014-11-10,国瓷材料,sz300285,36.63,35.71,36.49,35.85,36.71,72.653076,428893,0.0,0.0,0.0,0.025,-0.0175
2014-11-11,国瓷材料,sz300285,36.06,33.79,36.06,34.0,35.85,68.903885,990480,0.0,0.0,0.0,0.0633,-0.0571
2014-11-12,国瓷材料,sz300285,34.58,33.6,34.11,34.5,34.0,69.91719,497965,0.0,0.0,0.0,0.0288,0.0114
2014-11-13,国瓷材料,sz300285,34.3,32.73,34.28,32.97,34.5,66.8165,1090849,0.0,0.0,0.0,0.0455,-0.0382
2014-11-14,国瓷材料,sz300285,33.15,31.85,33.08,32.33,32.97,65.519455,588299,0.0,0.0,0.0,0.0394,-0.0226
2014-11-17,国瓷材料,sz300285,33.86,32.2,32.43,33.23,32.33,67.34339,453103,0.0,0.0,0.0,0.0513,0.0246
2014-11-18,国瓷材料,sz300285,33.75,31.96,33.65,32.02,33.23,64.89121,915405,0.0,0.0,0.0,0.0538,-0.0484
2014-11-19,国瓷材料,sz300285,34.36,32.1,32.1,34.36,32.02,69.6334,1094256,0.0,0.0,0.0,0.0705,0.0704
2014-11-20,国瓷材料,sz300285,34.19,32.8,33.72,33.0,34.36,66.877235,1072102,0.0,0.0,0.0,0.0404,-0.0213
2014-11-21,国瓷材料,sz300285,34.79,32.7,33.1,33.26,33.0,67.40417,811201,0.0,0.0,0.0,0.0633,0.0048
2014-11-24,国瓷材料,sz300285,33.79,32.72,33.54,33.5,33.26,67.89056,999496,0.0,0.0,0.0,0.0321,-0.0011
2014-11-25,国瓷材料,sz300285,34.54,33.1,33.63,34.37,33.5,69.65367,900896,0.0,0.0,0.0,0.0429,0.022
2014-11-26,国瓷材料,sz300285,34.73,33.97,34.58,34.65,34.37,70.22114,691455,0.0,0.0,0.0,0.0221,0.002
2014-11-27,国瓷材料,sz300285,38.12,34.38,34.69,38.12,34.65,77.253365,3206802,0.0,0.0,0.0,0.1079,0.0988
2014-11-28,国瓷材料,sz300285,40.38,38.13,39.39,38.99,38.12,79.01652,3550732,0.0,0.0,0.0,0.059,-0.0101
2014-12-01,国瓷材料,sz300285,39.5,36.61,39.22,37.51,38.99,76.01721,1752080,0.0,0.0,0.0,0.0741,-0.0436
2014-12-02,国瓷材料,sz300285,37.7,36.7,36.75,37.15,37.51,75.287674,791546,0.0,0.0,0.0,0.0266,0.0108
2014-12-03,国瓷材料,sz300285,37.18,35.69,36.93,36.36,37.15,73.68668,1490381,0.0,0.0,0.0,0.0401,-0.0154
2014-12-04,国瓷材料,sz300285,36.99,35.5,36.4,36.26,36.36,73.48404,1429458,0.0,0.0,0.0,0.0409,-0.0038
2014-12-05,国瓷材料,sz300285,36.38,33.77,36.3,34.55,36.26,70.01861,1061140,0.0,0.0,0.0,0.0719,-0.0482
2014-12-08,国瓷材料,sz300285,35.16,33.83,34.55,34.1,34.55,69.10661,924062,0.0,0.0,0.0,0.0384,-0.013
2014-12-09,国瓷材料,sz300285,34.39,31.0,34.39,31.53,34.1,63.89826,1486643,0.0,0.0,0.0,0.0994,-0.0831
2014-12-10,国瓷材料,sz300285,33.51,31.01,31.83,32.75,31.53,66.370674,1893349,0.0,0.0,0.0,0.0792,0.0289
2014-12-11,国瓷材料,sz300285,33.35,32.3,32.7,32.99,32.75,66.85704,1113977,0.0,0.0,0.0,0.032,0.0088
2014-12-12,国瓷材料,sz300285,33.35,32.68,32.8,33.27,32.99,67.42445,682271,0.0,0.0,0.0,0.0203,0.0143
2014-12-15,国瓷材料,sz300285,34.7,32.31,33.4,34.6,33.27,70.11981,1040997,0.0,0.0,0.0,0.0718,0.0359
2014-12-16,国瓷材料,sz300285,36.88,33.8,34.49,36.75,34.6,74.47699,1422545,0.0,0.0,0.0,0.089,0.0655
2014-12-17,国瓷材料,sz300285,36.85,35.0,36.85,35.05,36.75,71.03175,1769868,0.0,0.0,0.0,0.0503,-0.0488
2014-12-18,国瓷材料,sz300285,35.17,32.5,34.02,32.5,35.05,65.86398,1128451,0.0,0.0,0.0,0.0761,-0.0446
2014-12-19,国瓷材料,sz300285,33.98,32.61,32.76,33.05,32.5,66.9786,1000773,0.0,0.0,0.0,0.0421,0.0088
2014-12-22,国瓷材料,sz300285,33.6,29.75,33.22,30.1,33.05,61.000156,1261640,0.0,0.0,0.0,0.1164,-0.0939
2014-12-23,国瓷材料,sz300285,31.48,29.51,30.0,30.0,30.1,60.797512,546571,0.0,0.0,0.0,0.0654,0.0
2014-12-24,国瓷材料,sz300285,31.0,30.15,30.4,30.96,30.0,62.743034,325527,0.0,0.0,0.0,0.0283,0.0184
2014-12-25,国瓷材料,sz300285,31.6,30.67,31.06,31.19,30.96,63.209152,362901,0.0,0.0,0.0,0.03,0.0041
2014-12-26,国瓷材料,sz300285,31.49,30.6,31.29,30.66,31.19,62.13504,368486,0.0,0.0,0.0,0.0285,-0.0201
2014-12-29,国瓷材料,sz300285,30.3,29.0,30.01,29.16,30.66,59.095146,733262,0.0,0.0,0.0,0.0424,-0.0283
2014-12-30,国瓷材料,sz300285,29.26,28.31,29.15,28.55,29.16,57.858932,608357,0.0,0.0,0.0,0.0325,-0.0205
2014-12-31,国瓷材料,sz300285,29.44,28.05,28.55,29.16,28.55,59.095146,424257,0.0,0.0,0.0,0.0486,0.0213
2015-01-01,国瓷材料,sz300285,29.16,29.16,29.16,29.16,29.16,14.5363,0,0.0,0.0,0.0,0.0,0.0
2015-01-02,国瓷材料,sz300285,29.16,29.16,29.16,29.16,29.16,14.5363,0,0.0,0.0,0.0,0.0,0.0
2015-01-05,国瓷材料,sz300285,29.55,27.72,28.52,29.45,29.16,14.6809,17009,0.0,0.0,0.0,0.0627,0.0326
2015-01-06,国瓷材料,sz300285,32.13,28.89,28.97,32.11,29.45,16.0069,32622,0.0,0.0,0.0,0.11,0.1083
2015-01-07,国瓷材料,sz300285,33.65,30.55,32.15,33.03,32.11,16.4655,55518,0.0,0.0,0.0,0.0965,0.0273
2015-01-08,国瓷材料,sz300285,32.59,31.31,32.15,31.38,33.03,15.643,24296,0.0,0.0,0.0,0.0387,-0.0239
2015-01-09,国瓷材料,sz300285,31.65,30.81,31.39,30.81,31.38,15.3589,12606,0.0,0.0,0.0,0.0267,-0.0184
2015-01-12,国瓷材料,sz300285,30.74,29.76,30.1,30.62,30.81,15.2641,15092,0.0,0.0,0.0,0.0318,0.0172
2015-01-13,国瓷材料,sz300285,32.21,30.51,30.6,31.77,30.62,15.8374,18598,0.0,0.0,0.0,0.0555,0.0382
2015-01-14,国瓷材料,sz300285,32.4,31.13,31.6,32.3,31.77,16.1016,15328,0.0,0.0,0.0,0.0399,0.0221
2015-01-15,国瓷材料,sz300285,33.62,32.0,32.24,33.2,32.3,16.5503,24946,0.0,0.0,0.0,0.0501,0.0297
2015-01-16,国瓷材料,sz300285,33.55,32.6,33.0,33.39,33.2,16.645,14976,0.0,0.0,0.0,0.0286,0.0118
2015-01-19,国瓷材料,sz300285,33.6,31.5,32.51,32.21,33.39,16.0568,11703,0.0,0.0,0.0,0.0628,-0.0092
2015-01-20,国瓷材料,sz300285,33.59,32.21,32.22,33.23,32.21,16.5652,12498,0.0,0.0,0.0,0.0428,0.0313
2015-01-21,国瓷材料,sz300285,33.6,32.85,33.23,33.3,33.23,16.6001,14162,0.0,0.0,0.0,0.0225,0.0021
2015-01-22,国瓷材料,sz300285,34.42,33.02,33.24,34.12,33.3,17.0089,17557,0.0,0.0,0.0,0.042,0.0264
2015-01-23,国瓷材料,sz300285,35.68,33.1,33.96,35.68,34.12,17.7866,39978,0.0,0.0,0.0,0.0756,0.0506
2015-01-26,国瓷材料,sz300285,35.7,34.18,35.4,35.0,35.68,17.4476,36881,0.0,0.0,0.0,0.0426,-0.0112
2015-01-27,国瓷材料,sz300285,34.99,33.64,34.63,34.6,35.0,17.2482,25684,0.0,0.0,0.0,0.0385,-8.0E-4
2015-01-28,国瓷材料,sz300285,35.8,34.21,34.59,34.81,34.6,17.3529,20751,0.0,0.0,0.0,0.0459,0.0063
2015-01-29,国瓷材料,sz300285,34.79,33.08,34.5,33.11,34.81,16.5054,38550,0.0,0.0,0.0,0.0491,-0.0402
2015-01-30,国瓷材料,sz300285,33.44,31.19,33.13,31.2,33.11,15.5533,28953,0.0,0.0,0.0,0.0679,-0.0582
2015-02-02,国瓷材料,sz300285,31.25,30.0,31.25,30.25,31.2,15.0797,25232,0.0,0.0,0.0,0.04,-0.032
2015-02-03,国瓷材料,sz300285,31.73,30.17,30.38,31.63,30.25,15.7676,49358,0.0,0.0,0.0,0.0515,0.0411
2015-02-04,国瓷材料,sz300285,31.6,30.42,31.19,30.62,31.63,15.2641,43774,0.0,0.0,0.0,0.0373,-0.0182
2015-02-05,国瓷材料,sz300285,32.36,30.28,30.7,31.81,30.62,15.8574,99555,0.0,0.0,0.0,0.0679,0.0361
2015-02-06,国瓷材料,sz300285,31.99,30.55,31.71,31.0,31.81,15.4536,68085,0.0,0.0,0.0,0.0452,-0.0223
2015-02-09,国瓷材料,sz300285,31.17,30.0,30.8,30.7,31.0,15.304,31879,0.0,0.0,0.0,0.0377,-0.0032
2015-02-10,国瓷材料,sz300285,30.9,29.9,30.31,30.85,30.7,15.3788,26493,0.0,0.0,0.0,0.0325,0.0178
2015-02-11,国瓷材料,sz300285,31.49,30.62,30.85,31.27,30.85,15.5882,13892,0.0,0.0,0.0,0.0282,0.0136
2015-02-12,国瓷材料,sz300285,32.15,31.3,31.3,31.49,31.27,15.6978,19551,0.0,0.0,0.0,0.0271,0.006
2015-02-13,国瓷材料,sz300285,32.1,31.51,31.85,31.68,31.49,15.7926,28703,0.0,0.0,0.0,0.0187,-0.0053
2015-02-16,国瓷材料,sz300285,32.45,31.0,31.99,32.4,31.68,16.1515,26591,0.0,0.0,0.0,0.0457,0.0128
2015-02-17,国瓷材料,sz300285,34.65,32.49,32.49,34.31,32.4,17.1036,52498,0.0,0.0,0.0,0.0666,0.056
2015-02-18,国瓷材料,sz300285,34.31,34.31,34.31,34.31,34.31,17.1036,0,0.0,0.0,0.0,0.0,0.0
2015-02-19,国瓷材料,sz300285,34.31,34.31,34.31,34.31,34.31,17.1036,0,0.0,0.0,0.0,0.0,0.0
2015-02-20,国瓷材料,sz300285,34.31,34.31,34.31,34.31,34.31,17.1036,0,0.0,0.0,0.0,0.0,0.0
2015-02-23,国瓷材料,sz300285,34.31,34.31,34.31,34.31,34.31,17.1036,0,0.0,0.0,0.0,0.0,0.0
2015-02-24,国瓷材料,sz300285,34.31,34.31,34.31,34.31,34.31,17.1036,0,0.0,0.0,0.0,0.0,0.0
2015-02-25,国瓷材料,sz300285,34.5,32.81,34.34,32.83,34.31,16.3658,51794,0.0,0.0,0.0,0.0492,-0.0439
2015-02-26,国瓷材料,sz300285,33.99,32.5,32.81,32.65,32.83,16.2761,73476,0.0,0.0,0.0,0.0453,-0.0048
2015-02-27,国瓷材料,sz300285,33.8,32.42,32.68,33.13,32.65,16.5154,70464,0.0,0.0,0.0,0.0422,0.0137
2015-03-02,国瓷材料,sz300285,36.39,32.94,33.2,35.7,33.13,17.7965,148984,0.0,0.0,0.0,0.1041,0.0753
2015-03-03,国瓷材料,sz300285,38.05,34.7,35.0,37.0,35.7,18.4446,136567,0.0,0.0,0.0,0.0938,0.0571
2015-03-04,国瓷材料,sz300285,38.23,36.12,36.8,37.09,37.0,18.4895,56104,0.0,0.0,0.0,0.057,0.0078
2015-03-05,国瓷材料,sz300285,37.99,35.32,36.6,36.05,37.09,17.971,111354,0.0,0.0,0.0,0.0719,-0.015
2015-03-06,国瓷材料,sz300285,36.56,35.13,36.0,35.7,36.05,17.7965,103014,0.0,0.0,0.0,0.0396,-0.0083
2015-03-09,国瓷材料,sz300285,36.15,35.0,35.49,36.15,35.7,18.0209,89725,0.0,0.0,0.0,0.0322,0.0185
2015-03-10,国瓷材料,sz300285,37.65,35.79,36.46,37.44,36.15,18.6639,100433,0.0,0.0,0.0,0.0514,0.0268
2015-03-11,国瓷材料,sz300285,37.44,35.55,37.41,35.63,37.44,17.7616,76699,0.0,0.0,0.0,0.0504,-0.0475
2015-03-12,国瓷材料,sz300285,35.78,33.69,35.6,34.45,35.63,17.1734,47858,0.0,0.0,0.0,0.0586,-0.0323
2015-03-13,国瓷材料,sz300285,36.43,34.47,34.49,35.74,34.45,17.8165,46309,0.0,0.0,0.0,0.0568,0.0362
2015-03-16,国瓷材料,sz300285,37.3,35.78,36.0,36.91,35.74,18.3997,56151,0.0,0.0,0.0,0.0425,0.0252
2015-03-17,国瓷材料,sz300285,37.2,36.2,36.85,36.87,36.91,18.3798,63962,0.0,0.0,0.0,0.027,5.0E-4
2015-03-18,国瓷材料,sz300285,39.6,36.57,36.9,38.7,36.87,19.292,82518,0.0,0.0,0.0,0.0821,0.0487
2015-03-19,国瓷材料,sz300285,39.14,37.71,39.09,38.29,38.7,19.0877,47749,0.0,0.0,0.0,0.0369,-0.0204
2015-03-20,国瓷材料,sz300285,38.98,37.8,38.1,38.27,38.29,19.0777,49874,0.0,0.0,0.0,0.0308,0.0044
2015-03-23,国瓷材料,sz300285,39.05,37.49,38.52,39.05,38.27,19.4665,65401,0.0,0.0,0.0,0.0407,0.0137
2015-03-24,国瓷材料,sz300285,40.15,37.01,39.15,38.49,39.05,19.1874,77253,0.0,0.0,0.0,0.0804,-0.0168
2015-03-25,国瓷材料,sz300285,39.32,37.46,38.2,38.86,38.49,19.3718,74045,0.0,0.0,0.0,0.0483,0.0172
2015-03-26,国瓷材料,sz300285,39.4,37.2,38.31,37.28,38.86,18.5842,81199,0.0,0.0,0.0,0.0566,-0.0268
2015-03-27,国瓷材料,sz300285,38.13,37.11,37.11,37.81,37.28,18.8484,46014,0.0,0.0,0.0,0.0273,0.0188
2015-03-30,国瓷材料,sz300285,39.22,37.51,37.7,38.57,37.81,19.2272,70439,0.0,0.0,0.0,0.0452,0.023
2015-03-31,国瓷材料,sz300285,39.5,38.0,38.89,39.1,38.57,19.4914,68976,0.0,0.0,0.0,0.0388,0.0053
2015-04-01,国瓷材料,sz300285,39.97,37.02,38.75,39.96,39.1,19.9202,114910,0.0,0.0,0.0,0.0754,0.0312
2015-04-02,国瓷材料,sz300285,41.39,39.99,39.99,40.95,39.96,20.4137,79600,0.0,0.0,0.0,0.035,0.024
2015-04-03,国瓷材料,sz300285,42.58,40.03,40.5,42.12,40.95,20.9969,79602,0.0,0.0,0.0,0.0622,0.0399
2015-04-06,国瓷材料,sz300285,42.12,42.12,42.12,42.12,42.12,20.9969,0,0.0,0.0,0.0,0.0,0.0
2015-04-07,国瓷材料,sz300285,42.68,41.58,42.1,42.3,42.12,21.0866,81235,0.0,0.0,0.0,0.0261,0.0047
2015-04-08,国瓷材料,sz300285,42.35,39.51,42.16,40.56,42.3,20.2193,73746,0.0,0.0,0.0,0.0671,-0.0379
2015-04-09,国瓷材料,sz300285,40.56,37.21,40.45,38.86,40.56,19.3718,89354,0.0,0.0,0.0,0.0825,-0.0393
2015-04-10,国瓷材料,sz300285,39.87,38.0,38.42,39.56,38.86,19.7208,54646,0.0,0.0,0.0,0.0481,0.0296
2015-04-13,国瓷材料,sz300285,39.57,38.1,39.56,39.11,39.56,19.4964,81543,0.0,0.0,0.0,0.0371,-0.0113
2015-04-14,国瓷材料,sz300285,40.19,38.36,39.12,38.73,39.11,19.307,64963,0.0,0.0,0.0,0.0467,-0.0099
2015-04-15,国瓷材料,sz300285,38.7,36.11,38.7,36.4,38.73,18.1455,73994,0.0,0.0,0.0,0.0668,-0.0594
2015-04-16,国瓷材料,sz300285,37.23,35.7,35.94,36.5,36.4,18.1953,52116,0.0,0.0,0.0,0.042,0.0155
2015-04-17,国瓷材料,sz300285,37.44,36.55,36.61,36.7,36.5,18.295,38577,0.0,0.0,0.0,0.0243,0.0024
2015-04-20,国瓷材料,sz300285,38.19,36.55,36.75,38.08,36.7,18.983,102968,0.0,0.0,0.0,0.0446,0.0361
2015-04-21,国瓷材料,sz300285,39.55,37.35,37.45,39.2,38.08,19.5413,77309,0.0,0.0,0.0,0.0577,0.0467
2015-04-22,国瓷材料,sz300285,39.5,38.9,39.35,39.42,39.2,19.651,71799,0.0,0.0,0.0,0.0153,0.0017
2015-04-23,国瓷材料,sz300285,40.79,39.06,39.55,39.88,39.42,19.8803,65190,0.0,0.0,0.0,0.0438,0.0083
2015-04-24,国瓷材料,sz300285,43.87,38.73,39.25,43.87,39.88,21.8693,101611,0.0,0.0,0.0,0.1288,0.1177
2015-04-27,国瓷材料,sz300285,48.26,44.5,44.5,47.25,43.87,23.5542,166929,0.0,0.0,0.0,0.0857,0.0617
2015-04-28,国瓷材料,sz300285,47.28,44.63,47.28,45.6,47.25,22.7317,80565,0.0,0.0,0.0,0.056,-0.0355
2015-04-29,国瓷材料,sz300285,45.6,45.6,45.6,45.6,45.6,22.7317,0,0.0,0.0,0.0,0.0,0.0
2015-04-30,国瓷材料,sz300285,45.6,45.6,45.6,45.6,45.6,22.7317,0,0.0,0.0,0.0,0.0,0.0
2015-05-01,国瓷材料,sz300285,45.6,45.6,45.6,45.6,45.6,22.7317,0,0.0,0.0,0.0,0.0,0.0
2015-05-04,国瓷材料,sz300285,45.6,45.6,45.6,45.6,45.6,22.7317,0,0.0,0.0,0.0,0.0,0.0
2015-05-05,国瓷材料,sz300285,45.6,45.6,45.6,45.6,45.6,22.7317,0,0.0,0.0,0.0,0.0,0.0
2015-05-06,国瓷材料,sz300285,45.6,45.6,45.6,45.6,45.6,22.7317,0,0.0,0.0,0.0,0.0,0.0
2015-05-07,国瓷材料,sz300285,45.6,45.6,45.6,45.6,45.6,22.7317,0,0.0,0.0,0.0,0.0,0.0
2015-05-08,国瓷材料,sz300285,45.6,45.6,45.6,45.6,45.6,22.7317,0,0.0,0.0,0.0,0.0,0.0
2015-05-11,国瓷材料,sz300285,45.6,45.6,45.6,45.6,45.6,22.7317,0,0.0,0.0,0.0,0.0,0.0
2015-05-12,国瓷材料,sz300285,45.6,45.6,45.6,45.6,45.6,22.7317,0,0.0,0.0,0.0,0.0,0.0
2015-05-13,国瓷材料,sz300285,45.6,45.6,45.6,45.6,45.6,22.7317,0,0.0,0.0,0.0,0.0,0.0
2015-05-14,国瓷材料,sz300285,45.6,45.6,45.6,45.6,45.6,22.7317,0,0.0,0.0,0.0,0.0,0.0
2015-05-15,国瓷材料,sz300285,45.6,45.6,45.6,45.6,45.6,22.7317,0,0.0,0.0,0.0,0.0,0.0
2015-05-18,国瓷材料,sz300285,45.6,45.6,45.6,45.6,45.6,22.7317,0,0.0,0.0,0.0,0.0,0.0
2015-05-19,国瓷材料,sz300285,45.6,45.6,45.6,45.6,45.6,22.7317,0,0.0,0.0,0.0,0.0,0.0
2015-05-20,国瓷材料,sz300285,45.6,45.6,45.6,45.6,45.6,22.7317,0,0.0,0.0,0.0,0.0,0.0
2015-05-21,国瓷材料,sz300285,45.6,45.6,45.6,45.6,45.6,22.7317,0,0.0,0.0,0.0,0.0,0.0
2015-05-22,国瓷材料,sz300285,45.6,45.6,45.6,45.6,45.6,22.7317,0,0.0,0.0,0.0,0.0,0.0
2015-05-25,国瓷材料,sz300285,45.6,45.6,45.6,45.6,45.6,22.7317,0,0.0,0.0,0.0,0.0,0.0
2015-05-26,国瓷材料,sz300285,45.6,45.6,45.6,45.6,45.6,22.7317,0,0.0,0.0,0.0,0.0,0.0
2015-05-27,国瓷材料,sz300285,45.6,45.6,45.6,45.6,45.6,22.7317,0,0.0,0.0,0.0,0.0,0.0
2015-05-28,国瓷材料,sz300285,45.6,45.6,45.6,45.6,45.6,22.7317,0,0.0,0.0,0.0,0.0,0.0
2015-05-29,国瓷材料,sz300285,45.6,45.6,45.6,45.6,45.6,22.7317,0,0.0,0.0,0.0,0.0,0.0
2015-06-01,国瓷材料,sz300285,45.6,45.6,45.6,45.6,45.6,22.7317,0,0.0,0.0,0.0,0.0,0.0
2015-06-02,国瓷材料,sz300285,45.6,45.6,45.6,45.6,45.6,22.7317,0,0.0,0.0,0.0,0.0,0.0
2015-06-03,国瓷材料,sz300285,45.6,45.6,45.6,45.6,45.6,22.7317,0,0.0,0.0,0.0,0.0,0.0
2015-06-04,国瓷材料,sz300285,45.6,45.6,45.6,45.6,45.6,22.7317,0,0.0,0.0,0.0,0.0,0.0
2015-06-05,国瓷材料,sz300285,45.6,45.6,45.6,45.6,45.6,22.7317,0,0.0,0.0,0.0,0.0,0.0
2015-06-08,国瓷材料,sz300285,50.16,50.16,50.16,50.16,45.6,25.0049,365,0.0,0.0,0.0,0.0,0.0
2015-06-09,国瓷材料,sz300285,55.18,53.0,55.18,55.18,50.16,27.5074,43120,0.0,0.0,0.0,0.0434,0.0
2015-06-10,国瓷材料,sz300285,60.7,60.7,60.7,60.7,55.18,30.2591,20506,0.0,0.0,0.0,0.0,0.0
2015-06-11,国瓷材料,sz300285,33.385,30.35,31.0,33.385,60.7,16.6425,175399,0.0,0.0,0.0,0.0499,0.0769
2015-06-12,国瓷材料,sz300285,36.67,34.22,34.99,36.67,33.385,36.67,66143,0.0,0.0,0.0,0.0733,0.048
2015-06-15,国瓷材料,sz300285,39.95,34.83,38.87,35.5,36.67,35.5,135494,0.0,0.0,0.0,0.1396,-0.0866
2015-06-16,国瓷材料,sz300285,37.0,33.51,34.1,36.61,35.5,36.61,103543,0.0,0.0,0.0,0.0983,0.0736
2015-06-17,国瓷材料,sz300285,37.5,33.5,36.0,36.77,36.61,36.77,58806,0.0,0.0,0.0,0.1092,0.0213
2015-06-18,国瓷材料,sz300285,36.77,34.0,36.77,34.5,36.77,34.5,46651,0.0,0.0,0.0,0.0753,-0.0617
2015-06-19,国瓷材料,sz300285,36.1,31.28,33.0,34.3,34.5,34.3,62295,0.0,0.0,0.0,0.1397,0.0393
2015-06-22,国瓷材料,sz300285,34.3,34.3,34.3,34.3,34.3,34.3,0,0.0,0.0,0.0,0.0,0.0
2015-06-23,国瓷材料,sz300285,35.48,30.87,34.11,34.9,34.3,34.9,37480,0.0,0.0,0.0,0.1344,0.0231
2015-06-24,国瓷材料,sz300285,37.8,34.44,36.0,36.47,34.9,36.47,48271,0.0,0.0,0.0,0.0962,0.013
2015-06-25,国瓷材料,sz300285,40.12,37.05,37.05,40.12,36.47,40.12,102222,0.0,0.0,0.0,0.0841,0.0828
2015-06-26,国瓷材料,sz300285,39.5,36.11,38.0,36.11,40.12,36.11,63622,0.0,0.0,0.0,0.0844,-0.0497
2015-06-29,国瓷材料,sz300285,37.88,32.5,37.73,32.51,36.11,32.51,92871,0.0,0.0,0.0,0.1489,-0.1383
2015-06-30,国瓷材料,sz300285,35.76,29.26,32.95,35.7,32.51,35.7,90350,0.0,0.0,0.0,0.1999,0.0834
2015-07-01,国瓷材料,sz300285,39.27,34.6,35.84,37.1,35.7,37.1,89855,0.0,0.0,0.0,0.1308,0.0351
2015-07-02,国瓷材料,sz300285,37.5,33.39,35.2,33.39,37.1,33.39,65439,0.0,0.0,0.0,0.1107,-0.0514
2015-07-03,国瓷材料,sz300285,32.05,30.05,30.5,30.05,33.39,30.05,66556,0.0,0.0,0.0,0.0598,-0.0147
2015-07-06,国瓷材料,sz300285,30.05,30.05,30.05,30.05,30.05,30.05,0,0.0,0.0,0.0,0.0,0.0
2015-07-07,国瓷材料,sz300285,30.05,30.05,30.05,30.05,30.05,30.05,0,0.0,0.0,0.0,0.0,0.0
2015-07-08,国瓷材料,sz300285,30.05,30.05,30.05,30.05,30.05,30.05,0,0.0,0.0,0.0,0.0,0.0
2015-07-09,国瓷材料,sz300285,30.05,30.05,30.05,30.05,30.05,30.05,0,0.0,0.0,0.0,0.0,0.0
2015-07-10,国瓷材料,sz300285,30.05,30.05,30.05,30.05,30.05,30.05,0,0.0,0.0,0.0,0.0,0.0
2015-07-13,国瓷材料,sz300285,30.05,30.05,30.05,30.05,30.05,30.05,0,0.0,0.0,0.0,0.0,0.0
2015-07-14,国瓷材料,sz300285,33.06,31.58,33.06,33.06,30.05,33.06,71159,0.0,0.0,0.0,0.0492,0.0
2015-07-15,国瓷材料,sz300285,33.0,29.75,33.0,29.75,33.06,29.75,55629,0.0,0.0,0.0,0.0983,-0.0984
2015-07-16,国瓷材料,sz300285,29.5,26.78,26.78,27.41,29.75,27.41,167064,0.0,0.0,0.0,0.0914,0.0235
2015-07-17,国瓷材料,sz300285,30.15,26.22,27.39,29.7,27.41,29.7,139126,0.0,0.0,0.0,0.1433,0.0843
2015-07-20,国瓷材料,sz300285,30.16,28.18,29.0,28.7,29.7,28.7,93260,0.0,0.0,0.0,0.0666,-0.0103
2015-07-21,国瓷材料,sz300285,29.65,27.35,28.4,28.86,28.7,28.86,54629,0.0,0.0,0.0,0.0801,0.0161
2015-07-22,国瓷材料,sz300285,31.7,28.9,29.5,31.1,28.86,31.1,77544,0.0,0.0,0.0,0.097,0.0542
2015-07-23,国瓷材料,sz300285,34.14,30.38,31.0,33.85,31.1,33.85,82020,0.0,0.0,0.0,0.1209,0.0919
2015-07-24,国瓷材料,sz300285,35.9,32.01,33.85,34.3,33.85,34.3,94175,0.0,0.0,0.0,0.1149,0.0132
2015-07-27,国瓷材料,sz300285,35.34,30.87,33.48,30.87,34.3,30.87,71634,0.0,0.0,0.0,0.1303,-0.0779
2015-07-28,国瓷材料,sz300285,30.98,27.78,27.85,27.78,30.87,27.78,70233,0.0,0.0,0.0,0.1036,-0.0025
2015-07-29,国瓷材料,sz300285,29.33,25.8,28.05,28.95,27.78,28.95,57136,0.0,0.0,0.0,0.127,0.032
2015-07-30,国瓷材料,sz300285,29.18,27.09,28.38,27.2,28.95,27.2,39260,0.0,0.0,0.0,0.0721,-0.0415
2015-07-31,国瓷材料,sz300285,28.8,26.21,26.25,28.0,27.2,28.0,34864,0.0,0.0,0.0,0.0952,0.0666
2015-08-03,国瓷材料,sz300285,27.9,25.2,27.9,25.21,28.0,25.21,43865,0.0,0.0,0.0,0.0964,-0.0964
2015-08-04,国瓷材料,sz300285,27.73,23.58,24.95,27.73,25.21,27.73,81661,0.0,0.0,0.0,0.1646,0.1114
2015-08-05,国瓷材料,sz300285,30.5,27.51,28.0,28.9,27.73,28.9,60033,0.0,0.0,0.0,0.1078,0.0321
2015-08-06,国瓷材料,sz300285,31.06,28.0,28.02,29.48,28.9,29.48,35707,0.0,0.0,0.0,0.1058,0.0521
2015-08-07,国瓷材料,sz300285,30.8,29.0,30.48,30.5,29.48,30.5,42187,0.0,0.0,0.0,0.061,6.0E-4
2015-08-10,国瓷材料,sz300285,33.55,31.8,31.8,33.55,30.5,33.55,38276,0.0,0.0,0.0,0.0573,0.055
2015-08-11,国瓷材料,sz300285,36.6,33.0,34.2,34.05,33.55,34.05,69664,0.0,0.0,0.0,0.1073,-0.0043
2015-08-12,国瓷材料,sz300285,36.2,33.6,34.79,34.6,34.05,34.6,69400,0.0,0.0,0.0,0.0763,-0.0054
2015-08-13,国瓷材料,sz300285,35.69,32.2,34.5,34.89,34.6,34.89,71549,0.0,0.0,0.0,0.1008,0.0113
2015-08-14,国瓷材料,sz300285,35.59,33.65,34.91,33.86,34.89,33.86,45502,0.0,0.0,0.0,0.0556,-0.03
2015-08-17,国瓷材料,sz300285,34.5,32.19,33.86,34.5,33.86,34.5,50737,0.0,0.0,0.0,0.0682,0.0189
2015-08-18,国瓷材料,sz300285,35.88,31.05,35.36,32.41,34.5,32.41,58666,0.0,0.0,0.0,0.14,-0.0834
2015-08-19,国瓷材料,sz300285,33.49,29.7,30.51,32.65,32.41,32.65,36262,0.0,0.0,0.0,0.1169,0.0701
2015-08-20,国瓷材料,sz300285,33.62,31.7,32.0,32.81,32.65,32.81,41598,0.0,0.0,0.0,0.0588,0.0253
2015-08-21,国瓷材料,sz300285,32.96,30.27,32.5,31.0,32.81,31.0,48751,0.0,0.0,0.0,0.0819,-0.0461
2015-08-24,国瓷材料,sz300285,30.48,27.9,28.6,27.9,31.0,27.9,53537,0.0,0.0,0.0,0.0832,-0.0244
2015-08-25,国瓷材料,sz300285,27.5,25.11,25.13,25.11,27.9,25.11,64965,0.0,0.0,0.0,0.0856,-7.0E-4
2015-08-26,国瓷材料,sz300285,27.38,24.64,25.2,25.5,25.11,25.5,36257,0.0,0.0,0.0,0.1091,0.0119
2015-08-27,国瓷材料,sz300285,27.5,25.81,26.5,27.43,25.5,27.43,30541,0.0,0.0,0.0,0.0662,0.035
2015-08-28,国瓷材料,sz300285,30.16,28.11,30.16,29.64,27.43,29.64,28987,0.0,0.0,0.0,0.0747,-0.0172
2015-08-31,国瓷材料,sz300285,29.31,27.11,29.3,28.2,29.64,28.2,34314,0.0,0.0,0.0,0.0742,-0.0375
2015-09-01,国瓷材料,sz300285,27.59,25.38,27.3,25.38,28.2,25.38,35550,0.0,0.0,0.0,0.0783,-0.0703
2015-09-02,国瓷材料,sz300285,26.8,23.58,24.6,24.95,25.38,24.95,19460,0.0,0.0,0.0,0.1268,0.0142
2015-09-03,国瓷材料,sz300285,24.95,24.95,24.95,24.95,24.95,24.95,0,0.0,0.0,0.0,0.0,0.0
2015-09-04,国瓷材料,sz300285,24.95,24.95,24.95,24.95,24.95,24.95,0,0.0,0.0,0.0,0.0,0.0
2015-09-07,国瓷材料,sz300285,26.97,25.05,25.08,25.65,24.95,25.65,12760,0.0,0.0,0.0,0.0769,0.0227
2015-09-08,国瓷材料,sz300285,28.22,25.18,26.2,28.16,25.65,28.16,22882,0.0,0.0,0.0,0.1185,0.0748
2015-09-09,国瓷材料,sz300285,30.98,28.2,28.49,30.49,28.16,30.49,31317,0.0,0.0,0.0,0.0987,0.0702
2015-09-10,国瓷材料,sz300285,30.3,29.0,29.7,29.16,30.49,29.16,14413,0.0,0.0,0.0,0.0426,-0.0181
2015-09-11,国瓷材料,sz300285,29.93,29.0,29.16,29.43,29.16,29.43,8660,0.0,0.0,0.0,0.0318,0.0092
2015-09-14,国瓷材料,sz300285,30.0,26.49,30.0,26.49,29.43,26.49,12240,0.0,0.0,0.0,0.1192,-0.117
2015-09-15,国瓷材料,sz300285,27.1,25.5,26.2,26.8,26.49,26.8,13021,0.0,0.0,0.0,0.0604,0.0229
2015-09-16,国瓷材料,sz300285,29.48,26.6,27.07,29.48,26.8,29.48,25063,0.0,0.0,0.0,0.1074,0.089
2015-09-17,国瓷材料,sz300285,30.45,27.88,29.48,28.16,29.48,28.16,27122,0.0,0.0,0.0,0.0871,-0.0447
2015-09-18,国瓷材料,sz300285,29.1,28.01,28.17,28.87,28.16,28.87,14117,0.0,0.0,0.0,0.0387,0.0248
2015-09-21,国瓷材料,sz300285,30.3,28.55,28.89,30.0,28.87,30.0,18023,0.0,0.0,0.0,0.0606,0.0384
2015-09-22,国瓷材料,sz300285,30.18,29.45,30.0,29.6,30.0,29.6,13916,0.0,0.0,0.0,0.0243,-0.0133
2015-09-23,国瓷材料,sz300285,30.23,29.13,29.55,29.16,29.6,29.16,20636,0.0,0.0,0.0,0.0371,-0.0131
2015-09-24,国瓷材料,sz300285,30.5,28.72,29.23,29.34,29.16,29.34,21156,0.0,0.0,0.0,0.061,0.0037
2015-09-25,国瓷材料,sz300285,30.33,29.1,29.38,29.9,29.34,29.9,19918,0.0,0.0,0.0,0.0419,0.0176
2015-09-28,国瓷材料,sz300285,29.9,29.9,29.9,29.9,29.9,29.9,0,0.0,0.0,0.0,0.0,0.0
2015-09-29,国瓷材料,sz300285,31.47,30.18,30.91,30.8,29.9,30.8,13385,0.0,0.0,0.0,0.0431,-0.0035
2015-09-30,国瓷材料,sz300285,31.34,30.07,30.99,31.0,30.8,31.0,10955,0.0,0.0,0.0,0.0412,3.0E-4
2015-10-01,国瓷材料,sz300285,31.0,31.0,31.0,31.0,31.0,31.0,0,0.0,0.0,0.0,0.0,0.0
2015-10-02,国瓷材料,sz300285,31.0,31.0,31.0,31.0,31.0,31.0,0,0.0,0.0,0.0,0.0,0.0
2015-10-05,国瓷材料,sz300285,31.0,31.0,31.0,31.0,31.0,31.0,0,0.0,0.0,0.0,0.0,0.0
2015-10-06,国瓷材料,sz300285,31.0,31.0,31.0,31.0,31.0,31.0,0,0.0,0.0,0.0,0.0,0.0
2015-10-07,国瓷材料,sz300285,31.0,31.0,31.0,31.0,31.0,31.0,0,0.0,0.0,0.0,0.0,0.0
2015-10-08,国瓷材料,sz300285,33.62,31.66,32.0,32.35,31.0,32.35,19033,0.0,0.0,0.0,0.0632,0.0109
2015-10-09,国瓷材料,sz300285,34.35,32.1,32.32,33.7,32.35,33.7,18554,0.0,0.0,0.0,0.0695,0.0426
2015-10-12,国瓷材料,sz300285,36.2,33.5,33.69,34.93,33.7,34.93,34133,0.0,0.0,0.0,0.0801,0.0368
2015-10-13,国瓷材料,sz300285,36.7,34.29,34.8,36.4,34.93,36.4,34021,0.0,0.0,0.0,0.0689,0.0459
2015-10-14,国瓷材料,sz300285,36.36,34.41,36.35,35.2,36.4,35.2,30521,0.0,0.0,0.0,0.0535,-0.0316
2015-10-15,国瓷材料,sz300285,36.12,34.4,35.01,35.65,35.2,35.65,24040,0.0,0.0,0.0,0.0488,0.0182
2015-10-16,国瓷材料,sz300285,36.8,35.3,35.65,36.1,35.65,36.1,23279,0.0,0.0,0.0,0.042,0.0126
2015-10-19,国瓷材料,sz300285,36.4,34.41,36.32,34.94,36.1,34.94,27210,0.0,0.0,0.0,0.0551,-0.0379
2015-10-20,国瓷材料,sz300285,36.71,34.41,35.39,36.28,34.94,36.28,34466,0.0,0.0,0.0,0.0658,0.0251
2015-10-21,国瓷材料,sz300285,36.2,32.65,36.01,32.65,36.28,32.65,42014,0.0,0.0,0.0,0.0978,-0.0933
2015-10-22,国瓷材料,sz300285,33.45,31.35,32.3,33.1,32.65,33.1,34024,0.0,0.0,0.0,0.0643,0.0247
2015-10-23,国瓷材料,sz300285,33.98,32.11,33.12,33.83,33.1,33.83,28816,0.0,0.0,0.0,0.0564,0.0214
2015-10-26,国瓷材料,sz300285,34.2,32.0,34.1,32.55,33.83,32.55,40313,0.0,0.0,0.0,0.065,-0.0454
2015-10-27,国瓷材料,sz300285,33.58,31.05,32.59,33.22,32.55,33.22,32498,0.0,0.0,0.0,0.0777,0.0193
2015-10-28,国瓷材料,sz300285,33.85,32.31,32.5,32.5,33.22,32.5,29716,0.0,0.0,0.0,0.0463,0.0
2015-10-29,国瓷材料,sz300285,33.5,32.16,33.28,33.03,32.5,33.03,26012,0.0,0.0,0.0,0.0412,-0.0075
2015-10-30,国瓷材料,sz300285,34.0,32.1,32.57,33.74,33.03,33.74,24661,0.0,0.0,0.0,0.0575,0.0359
2015-11-02,国瓷材料,sz300285,35.5,32.6,32.61,34.68,33.74,34.68,43398,0.0,0.0,0.0,0.0859,0.0634
2015-11-03,国瓷材料,sz300285,35.94,34.6,35.55,34.97,34.68,34.97,33688,0.0,0.0,0.0,0.0386,-0.0163
2015-11-04,国瓷材料,sz300285,38.1,35.0,35.0,37.82,34.97,37.82,40377,0.0,0.0,0.0,0.0886,0.0805
2015-11-05,国瓷材料,sz300285,38.6,36.8,37.92,36.98,37.82,36.98,40705,0.0,0.0,0.0,0.0475,-0.0247
2015-11-06,国瓷材料,sz300285,40.68,36.7,36.7,40.5,36.98,40.5,54825,0.0,0.0,0.0,0.1076,0.1035
2015-11-09,国瓷材料,sz300285,43.95,40.0,40.88,42.93,40.5,42.93,57940,0.0,0.0,0.0,0.0975,0.0501
2015-11-10,国瓷材料,sz300285,42.99,40.9,42.0,41.75,42.93,41.75,33253,0.0,0.0,0.0,0.0486,-0.0059
2015-11-11,国瓷材料,sz300285,43.5,40.47,41.28,42.81,41.75,42.81,45906,0.0,0.0,0.0,0.0725,0.037
2015-11-12,国瓷材料,sz300285,42.9,40.88,42.88,41.76,42.81,41.76,41624,0.0,0.0,0.0,0.0471,-0.0261
2015-11-13,国瓷材料,sz300285,40.98,39.4,40.97,39.41,41.76,39.41,29601,0.0,0.0,0.0,0.0378,-0.038
2015-11-16,国瓷材料,sz300285,40.2,37.21,38.31,39.64,39.41,39.64,32914,0.0,0.0,0.0,0.0758,0.0347
2015-11-17,国瓷材料,sz300285,40.8,37.72,39.6,38.4,39.64,38.4,52202,0.0,0.0,0.0,0.0776,-0.0303
2015-11-18,国瓷材料,sz300285,38.72,37.13,38.5,37.17,38.4,37.17,31872,0.0,0.0,0.0,0.0414,-0.0345
2015-11-19,国瓷材料,sz300285,39.9,37.27,37.45,39.71,37.17,39.71,38049,0.0,0.0,0.0,0.0707,0.0603
2015-11-20,国瓷材料,sz300285,40.63,39.02,39.71,40.17,39.71,40.17,29654,0.0,0.0,0.0,0.0405,0.0115
2015-11-23,国瓷材料,sz300285,40.0,37.58,40.0,38.8,40.17,38.8,44136,0.0,0.0,0.0,0.0602,-0.03
2015-11-24,国瓷材料,sz300285,38.85,37.5,37.95,38.45,38.8,38.45,31066,0.0,0.0,0.0,0.0347,0.0131
2015-11-25,国瓷材料,sz300285,39.38,38.1,38.1,39.15,38.45,39.15,34948,0.0,0.0,0.0,0.0332,0.0275
2015-11-26,国瓷材料,sz300285,39.88,38.36,39.09,39.79,39.15,39.79,38190,0.0,0.0,0.0,0.0388,0.0179
2015-11-27,国瓷材料,sz300285,39.8,35.81,39.8,35.81,39.79,35.81,40348,0.0,0.0,0.0,0.1002,-0.1002
2015-11-30,国瓷材料,sz300285,36.77,33.8,35.83,36.17,35.81,36.17,35979,0.0,0.0,0.0,0.0829,0.0094
2015-12-01,国瓷材料,sz300285,37.52,35.62,35.62,36.58,36.17,36.58,26283,0.0,0.0,0.0,0.0525,0.0269
2015-12-02,国瓷材料,sz300285,37.61,33.81,36.45,36.3,36.58,36.3,16028,0.0,0.0,0.0,0.1038,-0.0041
2015-12-03,国瓷材料,sz300285,38.86,36.72,36.72,38.3,36.3,38.3,26141,0.0,0.0,0.0,0.0589,0.043
2015-12-04,国瓷材料,sz300285,38.78,36.99,37.51,37.84,38.3,37.84,18458,0.0,0.0,0.0,0.0467,0.0087
2015-12-07,国瓷材料,sz300285,38.0,36.3,37.06,37.82,37.84,37.82,30469,0.0,0.0,0.0,0.0449,0.0205
2015-12-08,国瓷材料,sz300285,39.5,36.84,38.01,38.56,37.82,38.56,33953,0.0,0.0,0.0,0.0703,0.0144
2015-12-09,国瓷材料,sz300285,38.87,37.2,38.01,37.67,38.56,37.67,19150,0.0,0.0,0.0,0.0433,-0.0089
2015-12-10,国瓷材料,sz300285,39.34,37.13,37.67,37.7,37.67,37.7,18334,0.0,0.0,0.0,0.0586,7.0E-4
2015-12-11,国瓷材料,sz300285,39.0,37.31,37.31,38.69,37.7,38.69,21075,0.0,0.0,0.0,0.0448,0.0369
2015-12-14,国瓷材料,sz300285,39.87,38.3,38.33,39.45,38.69,39.45,25327,0.0,0.0,0.0,0.0405,0.0292
2015-12-15,国瓷材料,sz300285,40.47,39.1,39.35,39.25,39.45,39.25,24345,0.0,0.0,0.0,0.0347,-0.0025
2015-12-16,国瓷材料,sz300285,40.25,39.09,39.25,39.95,39.25,39.95,16933,0.0,0.0,0.0,0.0295,0.0178
2015-12-17,国瓷材料,sz300285,40.86,39.75,40.6,40.05,39.95,40.05,28747,0.0,0.0,0.0,0.0277,-0.0135
2015-12-18,国瓷材料,sz300285,39.98,38.83,39.98,39.59,40.05,39.59,20713,0.0,0.0,0.0,0.0287,-0.0097
2015-12-21,国瓷材料,sz300285,40.35,39.06,39.56,39.59,39.59,39.59,16542,0.0,0.0,0.0,0.0325,7.0E-4
2015-12-22,国瓷材料,sz300285,39.66,38.65,39.0,38.82,39.59,38.82,24743,0.0,0.0,0.0,0.0255,-0.0046
2015-12-23,国瓷材料,sz300285,39.4,37.79,38.83,38.3,38.82,38.3,23658,0.0,0.0,0.0,0.0414,-0.0136
2015-12-24,国瓷材料,sz300285,39.0,37.88,38.5,38.0,38.3,38.0,16259,0.0,0.0,0.0,0.0292,-0.0129
2015-12-25,国瓷材料,sz300285,39.37,37.91,38.0,39.2,38.0,39.2,24151,0.0,0.0,0.0,0.0384,0.0315
2015-12-28,国瓷材料,sz300285,43.12,39.51,39.52,43.0,39.2,43.0,82018,0.0,0.0,0.0,0.092,0.088
2015-12-29,国瓷材料,sz300285,44.5,42.0,42.63,43.8,43.0,43.8,43806,0.0,0.0,0.0,0.0581,0.0274
2015-12-30,国瓷材料,sz300285,46.57,43.35,43.5,46.49,43.8,46.49,60469,0.0,0.0,0.0,0.0735,0.0687
2015-12-31,国瓷材料,sz300285,46.43,43.5,46.39,45.5,46.49,45.5,50868,0.0,0.0,0.0,0.063,-0.0191
2016-01-01,国瓷材料,sz300285,46.43,43.5,46.39,45.5,45.5,45.5,50868,0.0,0.0,0.0,0.0643,-0.0191
2016-01-04,国瓷材料,sz300285,44.79,40.95,44.79,40.95,45.5,40.95,35958,0.0,0.0,0.0,0.0843,-0.0857
2016-01-05,国瓷材料,sz300285,41.66,36.86,36.87,39.7,40.95,39.7,84536,0.0,0.0,0.0,0.1172,0.0767
2016-01-06,国瓷材料,sz300285,40.3,37.3,40.0,39.57,39.7,39.57,33762,0.0,0.0,0.0,0.0755,-0.0107
2016-01-07,国瓷材料,sz300285,38.6,35.61,38.6,35.63,39.57,35.63,9415,0.0,0.0,0.0,0.0755,-0.0769
2016-01-08,国瓷材料,sz300285,37.0,32.5,36.18,35.43,35.63,35.43,31121,0.0,0.0,0.0,0.1262,-0.0207
2016-01-11,国瓷材料,sz300285,35.35,31.89,34.28,31.89,35.43,31.89,43222,0.0,0.0,0.0,0.0976,-0.0697
2016-01-12,国瓷材料,sz300285,32.88,29.52,31.87,31.5,31.89,31.5,31836,0.0,0.0,0.0,0.1053,-0.0116
2016-01-13,国瓷材料,sz300285,32.1,29.57,32.0,29.63,31.5,29.63,21181,0.0,0.0,0.0,0.0803,-0.074
2016-01-14,国瓷材料,sz300285,32.59,28.0,28.0,31.8,29.63,31.8,24690,0.0,0.0,0.0,0.1549,0.1357
2016-01-15,国瓷材料,sz300285,31.76,30.0,31.4,30.05,31.8,30.05,32537,0.0,0.0,0.0,0.0553,-0.0429
2016-01-18,国瓷材料,sz300285,32.96,28.88,29.2,31.71,30.05,31.71,21295,0.0,0.0,0.0,0.1357,0.0859
2016-01-19,国瓷材料,sz300285,34.49,31.3,31.7,33.5,31.71,33.5,24853,0.0,0.0,0.0,0.1005,0.0567
2016-01-20,国瓷材料,sz300285,34.2,32.01,33.0,32.9,33.5,32.9,22716,0.0,0.0,0.0,0.0653,-0.003
2016-01-21,国瓷材料,sz300285,33.2,30.96,32.1,31.02,32.9,31.02,28416,0.0,0.0,0.0,0.068,-0.0336
2016-01-22,国瓷材料,sz300285,31.7,29.5,31.27,30.9,31.02,30.9,31255,0.0,0.0,0.0,0.0709,-0.0118
2016-01-25,国瓷材料,sz300285,31.45,30.59,31.2,30.89,30.9,30.89,16654,0.0,0.0,0.0,0.0278,-0.0099
2016-01-26,国瓷材料,sz300285,32.0,27.8,30.5,27.9,30.89,27.9,29395,0.0,0.0,0.0,0.1359,-0.0852
2016-01-27,国瓷材料,sz300285,28.44,26.51,27.9,27.94,27.9,27.94,21159,0.0,0.0,0.0,0.0691,0.0014
2016-01-28,国瓷材料,sz300285,29.56,27.57,27.88,28.1,27.94,28.1,25686,0.0,0.0,0.0,0.0712,0.0078
2016-01-29,国瓷材料,sz300285,30.16,28.0,28.37,28.9,28.1,28.9,20573,0.0,0.0,0.0,0.0768,0.0186
2016-02-01,国瓷材料,sz300285,28.9,28.01,28.77,28.4,28.9,28.4,15410,0.0,0.0,0.0,0.0307,-0.0128
2016-02-02,国瓷材料,sz300285,30.26,28.27,28.27,30.02,28.4,30.02,17132,0.0,0.0,0.0,0.07,0.0619
2016-02-03,国瓷材料,sz300285,30.61,29.28,29.6,30.51,30.02,30.51,14753,0.0,0.0,0.0,0.0443,0.0307
2016-02-04,国瓷材料,sz300285,31.69,30.1,30.3,31.63,30.51,31.63,21341,0.0,0.0,0.0,0.0521,0.0438
2016-02-05,国瓷材料,sz300285,32.68,30.61,31.5,31.48,31.63,31.48,15521,0.0,0.0,0.0,0.0654,-6.0E-4
2016-02-08,国瓷材料,sz300285,32.68,30.61,31.5,31.48,31.48,31.48,15521,0.0,0.0,0.0,0.0657,-6.0E-4
2016-02-09,国瓷材料,sz300285,32.68,30.61,31.5,31.48,31.48,31.48,15521,0.0,0.0,0.0,0.0657,-6.0E-4
2016-02-10,国瓷材料,sz300285,32.68,30.61,31.5,31.48,31.48,31.48,15521,0.0,0.0,0.0,0.0657,-6.0E-4
2016-02-11,国瓷材料,sz300285,32.68,30.61,31.5,31.48,31.48,31.48,15521,0.0,0.0,0.0,0.0657,-6.0E-4
2016-02-12,国瓷材料,sz300285,32.68,30.61,31.5,31.48,31.48,31.48,15521,0.0,0.0,0.0,0.0657,-6.0E-4
2016-02-15,国瓷材料,sz300285,34.6,29.5,30.0,33.99,31.48,33.99,22244,0.0,0.0,0.0,0.162,0.133
2016-02-16,国瓷材料,sz300285,35.58,33.88,34.6,35.34,33.99,35.34,27426,0.0,0.0,0.0,0.05,0.0213
2016-02-17,国瓷材料,sz300285,36.3,34.41,35.45,35.22,35.34,35.22,19695,0.0,0.0,0.0,0.0534,-0.0064
2016-02-18,国瓷材料,sz300285,35.87,34.05,35.45,34.1,35.22,34.1,23703,0.0,0.0,0.0,0.0516,-0.038
2016-02-19,国瓷材料,sz300285,34.49,33.0,34.2,33.94,34.1,33.94,23753,0.0,0.0,0.0,0.0436,-0.0076
2016-02-22,国瓷材料,sz300285,35.27,33.66,34.25,35.09,33.94,35.09,23818,0.0,0.0,0.0,0.0474,0.0245
2016-02-23,国瓷材料,sz300285,35.06,34.13,34.95,34.6,35.09,34.6,14886,0.0,0.0,0.0,0.0265,-0.01
2016-02-24,国瓷材料,sz300285,34.72,32.2,34.21,33.48,34.6,33.48,25465,0.0,0.0,0.0,0.0728,-0.0213
2016-02-25,国瓷材料,sz300285,33.31,30.13,33.03,30.13,33.48,30.13,24514,0.0,0.0,0.0,0.0949,-0.0877
2016-02-26,国瓷材料,sz300285,31.4,29.58,30.37,30.7,30.13,30.7,17887,0.0,0.0,0.0,0.0604,0.0108
2016-02-29,国瓷材料,sz300285,30.7,27.63,30.7,27.65,30.7,27.65,24941,0.0,0.0,0.0,0.1,-0.0993
2016-03-01,国瓷材料,sz300285,29.99,25.6,27.66,29.74,27.65,29.74,38646,0.0,0.0,0.0,0.1587,0.0751
2016-03-02,国瓷材料,sz300285,30.5,29.18,29.18,30.3,29.74,30.3,34155,0.0,0.0,0.0,0.0443,0.0383
2016-03-03,国瓷材料,sz300285,30.48,29.37,30.18,29.4,30.3,29.4,26050,0.0,0.0,0.0,0.0366,-0.0258
2016-03-04,国瓷材料,sz300285,29.3,27.0,29.01,27.32,29.4,27.32,38806,0.0,0.0,0.0,0.0782,-0.0582
2016-03-07,国瓷材料,sz300285,28.38,27.3,27.4,27.57,27.32,27.57,17225,0.0,0.0,0.0,0.0395,0.0062
2016-03-08,国瓷材料,sz300285,29.43,26.0,27.5,29.0,27.57,29.0,38947,0.0,0.0,0.0,0.1244,0.0545
2016-03-09,国瓷材料,sz300285,29.45,28.03,28.39,28.8,29.0,28.8,19325,0.0,0.0,0.0,0.0489,0.0144
2016-03-10,国瓷材料,sz300285,29.2,28.1,28.7,28.17,28.8,28.17,9939,0.0,0.0,0.0,0.0381,-0.0184
2016-03-11,国瓷材料,sz300285,28.39,27.7,28.17,27.85,28.17,27.85,14675,0.0,0.0,0.0,0.0244,-0.0113
2016-03-14,国瓷材料,sz300285,29.6,28.2,28.31,29.5,27.85,29.5,27897,0.0,0.0,0.0,0.0502,0.042
2016-03-15,国瓷材料,sz300285,30.31,29.3,29.3,29.81,29.5,29.81,20776,0.0,0.0,0.0,0.0342,0.0174
2016-03-16,国瓷材料,sz300285,30.59,28.11,30.45,28.68,29.81,28.68,26872,0.0,0.0,0.0,0.0831,-0.0581
2016-03-17,国瓷材料,sz300285,29.96,28.14,28.14,29.56,28.68,29.56,22486,0.0,0.0,0.0,0.0634,0.0504
2016-03-18,国瓷材料,sz300285,32.52,29.5,29.9,32.52,29.56,32.52,79197,0.0,0.0,0.0,0.1021,0.0876
2016-03-21,国瓷材料,sz300285,34.6,32.5,32.7,33.47,32.52,33.47,59238,0.0,0.0,0.0,0.0645,0.0235
2016-03-22,国瓷材料,sz300285,34.11,32.72,33.01,33.84,33.47,33.84,35066,0.0,0.0,0.0,0.0415,0.0251
2016-03-23,国瓷材料,sz300285,33.83,32.68,33.4,33.49,33.84,33.49,16915,0.0,0.0,0.0,0.0339,0.0026
2016-03-24,国瓷材料,sz300285,33.59,32.62,33.0,32.93,33.49,32.93,16233,0.0,0.0,0.0,0.0289,-0.0021
2016-03-25,国瓷材料,sz300285,33.4,32.28,32.78,33.01,32.93,33.01,23447,0.0,0.0,0.0,0.034,0.007
