2016-03-25
2014-01-30,东方网力,sz300367,79.05,78.1,79.05,79.05,71.86,79.050026,3594483,0.244481,0.0,0.0,0.0132,0.0
2014-02-07,东方网力,sz300367,85.99,79.1,79.49,84.67,79.05,84.670006,6069438,0.412817,0.0,0.0,0.0871,0.0651
2014-02-10,东方网力,sz300367,93.14,87.11,87.11,93.14,84.67,93.13997,3673475,0.249854,0.0,0.0,0.0712,0.0692
2014-02-13,东方网力,sz300367,102.45,97.5,102.45,99.3,93.14,99.29997,3778917,0.257025,0.0,0.0,0.0531,-0.0307
2014-02-14,东方网力,sz300367,109.23,96.21,100.0,109.23,99.3,109.229965,3432864,0.233488,0.0,0.0,0.1311,0.0923
2014-02-17,东方网力,sz300367,118.81,107.01,109.91,113.2,109.23,113.19993,2651490,0.180343,0.0,0.0,0.108,0.0299
2014-02-18,东方网力,sz300367,115.9,108.0,112.22,109.81,113.2,109.80993,2048232,0.139312,0.0,0.0,0.0697,-0.0214
2014-02-19,东方网力,sz300367,119.88,111.02,113.35,119.0,109.81,118.99992,2950049,0.200649,0.0,0.0,0.0806,0.0498
2014-02-20,东方网力,sz300367,118.99,107.8,114.0,115.03,119.0,115.02997,2459223,0.167266,0.0,0.0,0.094,0.009
2014-02-21,东方网力,sz300367,119.98,111.21,112.0,118.01,115.03,118.00993,1845893,0.12555,0.0,0.0,0.0762,0.0536
2014-02-24,东方网力,sz300367,126.0,114.51,117.3,121.41,118.01,121.40992,2220458,0.151026,0.0,0.0,0.0973,0.035
2014-02-25,东方网力,sz300367,125.7,109.27,121.0,109.27,121.41,109.2699,3877990,0.263764,0.0,0.0,0.1353,-0.0969
2014-02-26,东方网力,sz300367,108.6,101.33,105.13,107.2,109.27,107.19989,2236835,0.15214,0.0,0.0,0.0665,0.0196
2014-02-27,东方网力,sz300367,109.0,98.33,106.97,101.0,107.2,100.99988,2396977,0.163032,0.0,0.0,0.0995,-0.0558
2014-02-28,东方网力,sz300367,110.0,99.09,103.75,105.71,101.0,105.70991,1425800,0.096977,0.0,0.0,0.108,0.0188
2014-03-03,东方网力,sz300367,116.2,110.01,114.7,114.2,105.71,114.19989,1775838,0.120785,0.0,0.0,0.0585,-0.0043
2014-03-04,东方网力,sz300367,116.99,107.0,112.0,110.99,114.2,110.989845,1465926,0.099706,0.0,0.0,0.0874,-0.009
2014-03-05,东方网力,sz300367,116.48,109.02,111.0,112.97,110.99,112.969795,1028665,0.069965,0.0,0.0,0.0672,0.0177
2014-03-06,东方网力,sz300367,124.27,108.88,111.19,124.27,112.97,124.26982,1645609,0.111927,0.0,0.0,0.1362,0.1176
2014-03-07,东方网力,sz300367,126.17,117.21,124.0,117.8,124.27,117.799835,1358544,0.092402,0.0,0.0,0.0721,-0.05
2014-03-10,东方网力,sz300367,129.0,113.71,115.2,123.35,117.8,123.34986,1577726,0.10731,0.0,0.0,0.1297,0.0707
2014-03-11,东方网力,sz300367,135.69,120.31,124.35,135.69,123.35,135.6899,1949794,0.132616,0.0,0.0,0.1246,0.0911
2014-03-12,东方网力,sz300367,141.5,123.0,133.0,135.0,135.69,134.99992,2108406,0.143405,0.0,0.0,0.1363,0.015
2014-03-13,东方网力,sz300367,131.98,124.5,130.0,128.1,135.0,128.09995,1454738,0.098945,0.0,0.0,0.0554,-0.0146
2014-03-14,东方网力,sz300367,140.45,127.5,128.0,137.8,128.1,137.79993,1455481,0.098995,0.0,0.0,0.101,0.0765
2014-03-17,东方网力,sz300367,139.1,133.01,137.0,139.1,137.8,139.09993,1034344,0.070352,0.0,0.0,0.0441,0.0153
2014-03-18,东方网力,sz300367,153.01,138.36,138.36,147.68,139.1,147.67989,2102291,0.142989,0.0,0.0,0.1053,0.0673
2014-03-19,东方网力,sz300367,153.66,143.11,146.0,151.1,147.68,151.09985,1755594,0.119408,0.0,0.0,0.0714,0.0349
2014-03-20,东方网力,sz300367,148.5,140.55,148.2,140.55,151.1,140.54991,1193323,0.081165,0.0,0.0,0.0526,-0.0516
2014-03-21,东方网力,sz300367,153.0,138.22,140.8,150.01,140.55,150.0099,1367408,0.093005,0.0,0.0,0.1051,0.0654
2014-03-24,东方网力,sz300367,149.55,135.01,145.5,135.9,150.01,135.89998,1727405,0.117491,0.0,0.0,0.0969,-0.0659
2014-03-25,东方网力,sz300367,139.0,127.46,135.87,135.35,135.9,135.34999,1788504,0.121646,69.75373,19.448524,0.0849,-0.0038
2014-03-26,东方网力,sz300367,138.47,132.14,134.0,132.99,135.35,132.99002,907796,0.061744,68.537506,19.10942,0.0467,-0.0075
2014-03-27,东方网力,sz300367,136.46,128.44,132.8,129.0,132.99,129.00006,1210205,0.082313,66.48124,18.536098,0.0603,-0.0286
2014-03-28,东方网力,sz300367,137.05,128.01,128.01,132.34,129.0,132.34,1158956,0.078827,68.20251,19.016018,0.07,0.0338
2014-03-31,东方网力,sz300367,137.0,127.6,133.5,133.55,132.34,133.54999,1085324,0.073819,68.82608,19.18988,0.071,3.0E-4
2014-04-01,东方网力,sz300367,146.6,131.5,132.47,143.5,133.55,143.5,1457229,0.099114,73.9539,20.619602,0.113,0.0832
2014-04-02,东方网力,sz300367,151.08,141.11,143.41,148.0,143.5,148.00002,1552025,0.105562,76.273026,21.266212,0.0694,0.032
2014-04-03,东方网力,sz300367,148.79,143.0,147.5,146.8,148.0,146.80002,855143,0.058163,75.6546,21.093786,0.0391,-0.0047
2014-04-04,东方网力,sz300367,155.78,144.1,145.5,150.9,146.8,150.90001,1344191,0.091426,77.767555,21.682915,0.0795,0.0371
2014-04-08,东方网力,sz300367,149.83,143.8,148.8,146.71,150.9,146.70996,965187,0.065648,75.608185,21.080847,0.0399,-0.014
2014-04-09,东方网力,sz300367,150.88,141.69,146.0,142.98,146.71,142.98001,1347353,0.091641,73.68592,20.544886,0.0626,-0.0206
2014-04-10,东方网力,sz300367,145.68,133.0,142.0,133.71,142.98,133.71004,1819710,0.123769,68.90857,19.21288,0.0886,-0.0583
2014-04-11,东方网力,sz300367,135.5,129.0,130.01,132.46,133.71,132.45999,1026497,0.069818,68.26434,19.033258,0.0486,0.0188
2014-04-14,东方网力,sz300367,133.69,123.42,132.6,127.75,132.46,127.74998,1336227,0.090884,65.837,18.356474,0.0775,-0.0365
2014-04-15,东方网力,sz300367,129.6,125.51,127.51,129.0,127.75,129.00002,689894,0.046924,66.48122,18.53609,0.032,0.0116
2014-04-16,东方网力,sz300367,128.69,124.0,128.69,126.8,129.0,126.80004,807740,0.054939,65.34744,18.219976,0.0363,-0.0146
2014-04-17,东方网力,sz300367,130.5,126.08,126.08,128.1,126.8,128.09999,705112,0.047959,66.01739,18.406769,0.0348,0.016
2014-04-18,东方网力,sz300367,131.5,127.01,127.01,128.51,128.1,128.51004,616011,0.041898,66.22871,18.465689,0.035,0.0118
2014-04-21,东方网力,sz300367,139.99,126.03,127.0,137.0,128.51,137.00006,1456647,0.099075,70.60411,19.685623,0.1086,0.0787
2014-04-22,东方网力,sz300367,139.0,130.68,136.01,134.1,137.0,134.10005,1086584,0.073905,69.10956,19.268919,0.0607,-0.014
2014-04-23,东方网力,sz300367,139.59,133.01,133.01,135.99,134.1,135.99005,1301719,0.088537,70.08359,19.540495,0.049,0.0224
2014-04-24,东方网力,sz300367,140.0,133.2,134.1,135.5,135.99,135.50008,1443397,0.098174,69.83108,19.47009,0.05,0.0104
2014-04-25,东方网力,sz300367,136.18,126.6,135.1,126.68,135.5,126.68011,1719440,0.116949,65.28564,18.202744,0.0707,-0.0623
2014-04-28,东方网力,sz300367,125.0,114.01,123.45,114.01,126.68,114.01007,1541358,0.104836,58.756027,16.382177,0.0867,-0.0764
2014-04-29,东方网力,sz300367,117.7,113.84,115.6,116.89,114.01,116.890076,1122332,0.076336,60.240265,16.796007,0.0338,0.0111
2014-04-30,东方网力,sz300367,122.78,115.7,116.79,122.7,116.89,122.700096,865757,0.058885,63.234505,17.630854,0.0605,0.0506
2014-05-05,东方网力,sz300367,134.97,122.1,122.5,134.97,122.7,134.97011,1659482,0.112871,69.55795,19.393938,0.1048,0.1017
2014-05-06,东方网力,sz300367,139.9,134.0,134.8,139.0,134.97,139.00005,1395056,0.094886,71.63482,19.973003,0.0437,0.0311
2014-05-07,东方网力,sz300367,73.88,67.52,69.39,68.06,139.0,136.31999,3620221,0.123116,70.253624,19.587904,0.0457,-0.0191
2014-05-08,东方网力,sz300367,69.95,64.86,67.52,65.84,68.06,131.8735,2260835,0.076886,67.9621,18.948984,0.0747,-0.0248
2014-05-09,东方网力,sz300367,67.68,64.56,65.09,65.87,65.84,131.93364,1904733,0.064776,67.99309,18.957626,0.0473,0.0119
2014-05-12,东方网力,sz300367,66.5,59.6,66.5,61.75,65.87,123.68158,3390708,0.115311,63.740322,17.771883,0.1047,-0.0714
2014-05-13,东方网力,sz300367,62.78,60.48,60.89,61.82,61.75,123.82184,2166063,0.073663,63.812603,17.792036,0.0372,0.0152
2014-05-14,东方网力,sz300367,62.5,59.31,61.4,62.4,61.82,124.983536,2148363,0.073061,64.41129,17.958961,0.0516,0.0162
2014-05-15,东方网力,sz300367,65.5,61.6,61.9,62.99,62.4,126.16525,3011386,0.102411,65.0203,18.128763,0.0624,0.0176
2014-05-16,东方网力,sz300367,62.45,58.0,62.01,59.5,62.99,119.17494,2458211,0.083598,61.417786,17.124321,0.0706,-0.0404
2014-05-19,东方网力,sz300367,60.39,58.6,58.6,59.75,59.5,119.67571,992969,0.033769,61.675865,17.196278,0.03,0.0196
2014-05-20,东方网力,sz300367,64.5,60.6,61.53,61.98,59.75,124.14225,2441990,0.083047,63.97773,17.838078,0.0652,0.0073
2014-05-21,东方网力,sz300367,62.29,59.78,61.59,62.0,61.98,124.18235,1300903,0.044241,63.998398,17.84384,0.0404,0.0066
2014-05-22,东方网力,sz300367,64.6,61.98,61.98,62.3,62.0,124.783264,1805893,0.061414,64.30808,17.930185,0.0422,0.0051
2014-05-23,东方网力,sz300367,68.51,62.6,62.8,66.55,62.3,133.29573,2691122,0.091519,68.69505,19.153347,0.0948,0.0597
2014-05-26,东方网力,sz300367,68.68,65.73,66.4,67.39,66.55,134.9782,2586138,0.087949,69.56212,19.3951,0.0443,0.0149
2014-05-27,东方网力,sz300367,67.9,66.18,67.5,67.21,67.39,134.61766,1100467,0.037424,69.37632,19.343296,0.0255,-0.0042
2014-05-28,东方网力,sz300367,70.9,67.21,67.41,70.15,67.21,140.50624,2302692,0.07831,72.41105,20.18943,0.0549,0.0406
2014-05-29,东方网力,sz300367,70.3,68.3,69.5,68.35,70.15,136.901,1194416,0.040619,70.553055,19.671389,0.0285,-0.0165
2014-05-30,东方网力,sz300367,68.8,66.24,68.04,67.22,68.35,134.6376,1085690,0.036922,69.386604,19.346163,0.0374,-0.012
2014-06-03,东方网力,sz300367,70.7,66.73,66.9,69.3,67.22,138.8037,1489140,0.050642,71.53363,19.94479,0.059,0.0358
2014-06-04,东方网力,sz300367,70.3,67.5,68.8,69.33,69.3,138.8638,1221281,0.041533,71.564606,19.953426,0.0404,0.0077
2014-06-05,东方网力,sz300367,72.66,68.65,68.7,71.83,69.33,143.8711,1828480,0.062183,74.14515,20.672928,0.0578,0.0455
2014-06-06,东方网力,sz300367,72.71,69.31,72.6,70.5,71.83,141.20718,1279937,0.043528,72.77228,20.290148,0.0473,-0.0289
2014-06-09,东方网力,sz300367,70.9,69.2,70.2,70.2,70.5,140.60634,841442,0.028616,72.46263,20.203812,0.0241,0.0
2014-06-10,东方网力,sz300367,72.59,67.61,70.2,70.18,70.2,140.56627,1120581,0.038109,72.441986,20.198053,0.0709,-2.0E-4
2014-06-11,东方网力,sz300367,70.4,67.6,69.6,68.3,70.18,136.80078,1256002,0.042714,70.5014,19.656988,0.0398,-0.0186
2014-06-12,东方网力,sz300367,69.1,67.46,68.55,68.06,68.3,136.32007,958989,0.032613,70.25366,19.587914,0.024,-0.0071
2014-06-13,东方网力,sz300367,70.18,68.11,68.11,69.6,68.06,139.40457,969377,0.032966,71.84329,20.03113,0.0304,0.0218
2014-06-16,东方网力,sz300367,72.45,68.86,69.6,71.4,69.6,143.00986,1319307,0.044867,73.70131,20.549175,0.0515,0.0258
2014-06-17,东方网力,sz300367,71.59,68.22,71.23,68.57,71.4,137.34152,1088992,0.037034,70.78008,19.734688,0.0471,-0.0373
2014-06-18,东方网力,sz300367,74.9,68.58,68.6,70.66,68.57,141.5277,1726934,0.058729,72.937454,20.3362,0.0921,0.03
2014-06-19,东方网力,sz300367,73.0,66.9,69.69,68.7,70.66,137.60199,1630897,0.055463,70.91432,19.772116,0.0863,-0.0142
2014-06-20,东方网力,sz300367,71.3,67.51,68.18,71.2,68.7,142.60933,1095046,0.03724,73.49489,20.491623,0.0551,0.0442
2014-06-23,东方网力,sz300367,78.32,71.5,71.6,78.32,71.2,156.87025,3127705,0.106366,80.84438,22.540785,0.0957,0.0938
2014-06-24,东方网力,sz300367,81.5,78.35,80.0,79.5,78.32,159.23367,2548943,0.086684,82.062386,22.880384,0.0402,-0.0062
2014-06-25,东方网力,sz300367,83.03,78.03,79.3,81.83,79.5,163.90048,1984203,0.067478,84.46747,23.550962,0.0628,0.0319
2014-06-26,东方网力,sz300367,89.9,80.3,80.4,86.98,81.83,174.21556,2923249,0.099413,89.783424,25.033142,0.1173,0.0818
2014-06-27,东方网力,sz300367,90.56,85.01,87.43,87.32,86.98,174.89658,1982267,0.067413,90.13439,25.130997,0.0638,-0.0012
2014-06-30,东方网力,sz300367,88.5,83.88,88.5,84.6,87.32,169.44855,2136978,0.072674,87.326706,24.348167,0.0529,-0.044
2014-07-01,东方网力,sz300367,85.56,83.51,84.0,84.85,84.6,169.94926,1317069,0.044791,87.584755,24.420116,0.0242,0.0101
2014-07-02,东方网力,sz300367,84.81,80.41,84.03,82.65,84.85,165.54282,2162132,0.073529,85.31386,23.786951,0.0518,-0.0164
2014-07-03,东方网力,sz300367,84.3,81.5,82.3,82.36,82.65,164.96193,1195697,0.040663,85.01449,23.703484,0.0338,7.0E-4
2014-07-04,东方网力,sz300367,85.35,81.78,81.91,83.41,82.36,167.06503,1291692,0.043928,86.098335,24.005678,0.0433,0.0183
2014-07-07,东方网力,sz300367,83.87,79.28,83.21,81.0,83.41,162.23802,1564854,0.053217,83.6107,23.312082,0.055,-0.0265
2014-07-08,东方网力,sz300367,82.7,79.89,81.02,81.51,81.0,163.25948,884288,0.030073,84.137115,23.458855,0.0346,0.006
2014-07-09,东方网力,sz300367,87.49,82.88,83.0,83.1,81.51,166.44418,2576651,0.087626,85.77837,23.916468,0.0565,0.0012
2014-07-10,东方网力,sz300367,84.45,80.8,82.15,81.25,83.1,162.7388,1208684,0.041105,83.868774,23.384039,0.0439,-0.0109
2014-07-11,东方网力,sz300367,84.26,80.9,81.5,82.1,81.25,164.44138,1039280,0.035344,84.746216,23.628681,0.0413,0.0073
2014-07-14,东方网力,sz300367,81.45,78.78,81.44,79.55,82.1,159.33382,1565619,0.053243,82.114,22.894775,0.0325,-0.0232
2014-07-15,东方网力,sz300367,79.74,73.19,79.0,76.61,79.55,153.44516,2131308,0.072481,79.07922,22.04863,0.0823,-0.0302
2014-07-16,东方网力,sz300367,76.45,73.2,75.89,74.1,76.61,148.41783,998325,0.033951,76.48835,21.32625,0.0424,-0.0235
2014-07-17,东方网力,sz300367,74.8,71.88,74.07,72.39,74.1,144.9928,954234,0.032451,74.72323,20.834105,0.0394,-0.0226
2014-07-18,东方网力,sz300367,74.6,72.0,72.2,72.88,72.39,145.97426,1086803,0.03696,75.229034,20.97513,0.0359,0.0094
2014-07-21,东方网力,sz300367,73.99,72.2,72.66,72.5,72.88,145.21315,824001,0.028022,74.83679,20.865767,0.0245,-0.0022
2014-07-22,东方网力,sz300367,74.22,72.32,72.61,73.9,72.5,148.01721,843603,0.028689,76.28189,21.268684,0.0262,0.0177
2014-07-23,东方网力,sz300367,74.45,67.0,73.98,69.1,73.9,138.40305,1532364,0.052112,71.32715,19.88722,0.1008,-0.0659
2014-07-24,东方网力,sz300367,69.5,67.5,68.8,68.0,69.1,136.19981,1307883,0.044478,70.191696,19.570635,0.0289,-0.0116
2014-07-25,东方网力,sz300367,68.58,64.5,68.0,66.5,68.0,133.19537,1545135,0.052547,68.64333,19.138927,0.0599,-0.022
2014-07-28,东方网力,sz300367,69.3,66.3,66.51,68.01,66.5,136.21985,1473612,0.050114,70.20202,19.573515,0.0451,0.0225
2014-07-29,东方网力,sz300367,72.93,68.25,68.7,71.8,68.01,143.81097,1512665,0.051442,74.11417,20.664288,0.0688,0.0451
2014-07-30,东方网力,sz300367,72.47,70.96,71.7,71.91,71.8,144.0313,781461,0.026576,74.22771,20.695946,0.021,0.0029
2014-07-31,东方网力,sz300367,72.1,68.89,72.08,69.71,71.91,139.6248,1111600,0.037803,71.95679,20.062775,0.0446,-0.0328
2014-08-01,东方网力,sz300367,69.51,67.25,68.9,68.08,69.71,136.35995,1278863,0.043491,70.27422,19.593645,0.0324,-0.0119
2014-08-04,东方网力,sz300367,69.9,67.57,68.0,69.38,68.08,138.96375,936564,0.031851,71.61611,19.967787,0.0342,0.0202
2014-08-05,东方网力,sz300367,71.4,68.2,69.68,70.52,69.38,141.24706,1146212,0.03898,72.79283,20.295877,0.0461,0.012
2014-08-06,东方网力,sz300367,71.69,70.1,70.52,70.71,70.52,141.62758,733766,0.024954,72.98894,20.350554,0.0225,0.0026
2014-08-07,东方网力,sz300367,71.61,69.84,70.76,69.9,70.71,140.00523,547568,0.018622,72.15285,20.11744,0.025,-0.0121
2014-08-08,东方网力,sz300367,71.09,69.55,69.9,70.8,69.9,141.80794,545139,0.018539,73.08189,20.37647,0.022,0.0128
2014-08-11,东方网力,sz300367,71.94,70.64,71.0,71.8,70.8,143.81084,799506,0.027189,74.1141,20.664268,0.0183,0.0112
2014-08-12,东方网力,sz300367,74.92,71.53,71.96,74.89,71.8,149.99988,1617676,0.055014,77.30367,21.553576,0.0472,0.0407
2014-08-13,东方网力,sz300367,75.49,72.51,75.0,75.08,74.89,150.38043,1110740,0.037774,77.49979,21.608257,0.0397,0.001
2014-08-14,东方网力,sz300367,75.97,74.18,74.52,75.23,75.08,150.6809,891370,0.030314,77.65463,21.65143,0.0238,0.0095
2014-08-15,东方网力,sz300367,81.0,74.97,75.21,78.6,75.23,157.43079,1377583,0.046849,81.133255,22.621328,0.0801,0.045
2014-08-18,东方网力,sz300367,81.86,78.0,78.63,81.4,78.6,163.03894,1435635,0.048823,84.02346,23.427168,0.0491,0.0352
2014-08-19,东方网力,sz300367,82.0,80.18,82.0,81.71,81.4,163.65979,723530,0.024606,84.34342,23.516378,0.0223,-0.0035
2014-08-20,东方网力,sz300367,81.09,79.11,81.0,79.5,81.71,159.23329,1085048,0.0369,82.06219,22.88033,0.0242,-0.0185
2014-08-21,东方网力,sz300367,79.88,77.25,79.25,79.76,79.5,159.75398,939963,0.031966,82.33053,22.955149,0.033,0.0064
2014-08-22,东方网力,sz300367,82.99,79.2,79.9,82.1,79.76,164.44084,1106505,0.03763,84.74594,23.628607,0.0475,0.0275
2014-08-25,东方网力,sz300367,82.95,79.6,82.9,80.7,82.1,161.6368,798423,0.027153,83.30086,23.225693,0.0408,-0.0265
2014-08-26,东方网力,sz300367,80.02,76.9,80.02,77.43,80.7,155.08728,707194,0.02405,79.92551,22.284588,0.0386,-0.0323
2014-08-27,东方网力,sz300367,78.84,76.68,77.04,77.99,77.43,156.20886,413023,0.014046,80.503525,22.44575,0.0278,0.0123
2014-08-28,东方网力,sz300367,78.3,76.48,77.61,76.85,77.99,153.92557,369337,0.01256,79.326805,22.11766,0.0233,-0.0097
2014-08-29,东方网力,sz300367,84.1,76.36,76.36,81.66,76.85,163.55962,1289391,0.043849,84.291794,23.501982,0.1007,0.0694
2014-09-01,东方网力,sz300367,82.64,79.9,81.8,82.4,81.66,165.0418,625818,0.021283,85.05564,23.714956,0.0335,0.0073
2014-09-02,东方网力,sz300367,84.7,82.66,83.89,83.1,82.4,166.44382,955943,0.03251,85.77819,23.916414,0.0247,-0.0094
2014-09-03,东方网力,sz300367,86.45,82.61,83.0,85.5,83.1,171.25089,1241408,0.042218,88.255554,24.607145,0.0462,0.0301
2014-09-04,东方网力,sz300367,93.5,87.0,87.7,90.0,85.5,180.26416,2182132,0.07421,92.90062,25.90227,0.076,0.0262
2014-09-05,东方网力,sz300367,89.08,86.5,89.06,88.11,90.0,176.4786,1163495,0.039568,90.94971,25.35832,0.0286,-0.0106
2014-09-09,东方网力,sz300367,88.4,84.61,87.52,85.26,88.11,170.77023,1341423,0.045619,88.00784,24.53808,0.043,-0.0258
2014-09-10,东方网力,sz300367,87.77,84.18,84.6,86.15,85.26,172.5529,902576,0.030695,88.92656,24.794233,0.0421,0.0183
2014-09-11,东方网力,sz300367,87.15,84.36,86.35,84.5,86.15,169.248,732196,0.0249,87.22335,24.31935,0.0323,-0.0214
2014-09-12,东方网力,sz300367,86.44,83.8,84.13,85.7,84.5,171.65149,1083632,0.036852,88.462006,24.66471,0.0312,0.0186
2014-09-15,东方网力,sz300367,86.5,84.0,85.5,85.01,85.7,170.26952,993061,0.033772,87.7498,24.466133,0.0291,-0.0057
2014-09-16,东方网力,sz300367,88.13,82.51,85.1,82.7,85.01,165.64279,1826341,0.06211,85.36537,23.801315,0.0661,-0.0282
2014-09-17,东方网力,sz300367,84.98,80.25,82.89,81.84,82.7,163.92027,1755250,0.059692,84.47766,23.553804,0.0571,-0.0126
2014-09-18,东方网力,sz300367,82.99,80.55,81.05,81.62,81.84,163.47964,810999,0.02758,84.25059,23.490494,0.0298,0.007
2014-09-19,东方网力,sz300367,85.5,81.99,82.12,84.37,81.62,168.98778,1037938,0.035298,87.08924,24.281958,0.043,0.0273
2014-09-22,东方网力,sz300367,87.5,84.02,84.37,86.3,84.37,172.85336,1591326,0.054118,89.081406,24.837408,0.0412,0.0228
2014-09-23,东方网力,sz300367,93.0,85.88,86.32,91.51,86.3,183.2887,1888277,0.064216,94.459335,26.336866,0.0825,0.0601
2014-09-24,东方网力,sz300367,95.88,90.51,91.27,95.0,91.51,190.27896,1636636,0.055658,98.06183,27.341303,0.0586,0.0408
2014-09-25,东方网力,sz300367,98.0,93.45,95.97,94.0,95.0,188.2761,1605032,0.054584,97.02963,27.053509,0.0478,-0.0205
2014-09-26,东方网力,sz300367,93.75,91.81,93.49,93.15,94.0,186.5735,880757,0.029953,96.15219,26.808863,0.0206,-0.0036
2014-09-29,东方网力,sz300367,100.92,93.01,93.15,99.2,93.15,198.69127,1934879,0.065801,102.39718,28.550072,0.0849,0.0649
2014-09-30,东方网力,sz300367,103.98,98.3,99.21,101.0,99.2,202.29652,1354635,0.046068,104.25517,29.068113,0.0572,0.018
2014-10-08,东方网力,sz300367,101.99,98.01,101.09,99.9,101.0,200.0933,708934,0.024109,103.119736,28.751532,0.0394,-0.0117
2014-10-09,东方网力,sz300367,100.29,97.1,99.22,98.9,99.9,198.09038,761351,0.025892,102.0875,28.46373,0.0319,-0.0032
2014-10-10,东方网力,sz300367,101.83,95.8,97.8,99.66,98.9,199.6127,1185836,0.040328,102.87205,28.682472,0.0609,0.019
2014-10-13,东方网力,sz300367,104.0,96.67,97.61,102.42,99.66,205.14078,1144919,0.038936,105.720985,29.476805,0.0735,0.0492
2014-10-14,东方网力,sz300367,103.97,100.66,101.55,102.71,102.42,205.72153,645803,0.021962,106.02028,29.560253,0.0323,0.0114
2014-10-15,东方网力,sz300367,108.97,101.55,102.71,106.88,102.71,214.07382,953258,0.032418,110.32471,30.7604,0.0722,0.0405
2014-10-16,东方网力,sz300367,109.59,105.01,106.3,105.5,106.88,211.3097,770783,0.026213,108.90019,30.363222,0.0428,-0.0075
2014-10-17,东方网力,sz300367,105.88,102.05,104.0,105.5,105.5,211.3097,714300,0.024292,108.90019,30.363222,0.0363,0.0144
2014-10-20,东方网力,sz300367,111.56,104.29,106.5,105.6,105.5,211.51003,1030605,0.035049,109.00343,30.392006,0.0689,-0.0084
2014-10-21,东方网力,sz300367,108.85,104.0,104.17,105.32,105.6,210.9491,975658,0.03318,108.714355,30.311407,0.0459,0.011
2014-10-22,东方网力,sz300367,110.5,105.04,105.5,110.21,105.32,220.74347,1140489,0.038786,113.76196,31.718765,0.0518,0.0446
2014-10-23,东方网力,sz300367,110.1,104.98,109.0,106.9,110.21,214.11365,1033012,0.03513,110.34524,30.766125,0.0464,-0.0192
2014-10-24,东方网力,sz300367,107.66,101.5,105.66,104.5,106.9,209.3066,756672,0.025733,107.867874,30.075394,0.0576,-0.0109
2014-10-27,东方网力,sz300367,106.26,102.5,104.0,104.8,104.5,209.9075,600239,0.020413,108.17756,30.16174,0.0359,0.0076
2014-10-28,东方网力,sz300367,109.98,105.03,105.03,109.86,104.8,220.04227,668598,0.022738,113.40059,31.61801,0.0472,0.0459
2014-10-29,东方网力,sz300367,119.0,109.1,109.87,118.3,109.86,236.947,1023645,0.034812,122.112595,34.047062,0.0901,0.0767
2014-10-30,东方网力,sz300367,119.5,114.66,117.9,116.5,118.3,233.34163,961413,0.032696,120.254524,33.529003,0.0409,-0.0118
2014-10-31,东方网力,sz300367,117.5,114.81,116.8,117.5,116.5,235.34464,451069,0.01534,121.28679,33.816814,0.023,0.0059
2014-11-03,东方网力,sz300367,118.83,114.5,117.6,116.38,117.5,233.10132,590526,0.020083,120.130684,33.494473,0.0368,-0.0103
2014-11-04,东方网力,sz300367,116.26,113.01,116.01,114.56,116.38,229.45609,586590,0.019949,118.25208,32.970688,0.0279,-0.0124
2014-11-05,东方网力,sz300367,115.0,113.01,114.56,113.2,114.56,226.73198,362347,0.012323,116.84819,32.579258,0.0173,-0.0118
2014-11-06,东方网力,sz300367,117.2,113.0,113.0,116.56,113.2,233.46184,610687,0.020768,120.31648,33.546276,0.0371,0.0315
2014-11-07,东方网力,sz300367,117.56,112.5,116.56,114.52,116.56,229.3758,706557,0.024028,118.2107,32.95915,0.0434,-0.0175
2014-11-10,东方网力,sz300367,118.97,114.55,114.55,116.8,114.52,233.94243,522366,0.017765,120.564156,33.615334,0.0385,0.0196
2014-11-11,东方网力,sz300367,119.5,110.5,116.5,111.22,116.8,222.76607,865398,0.02943,114.80433,32.009396,0.077,-0.0453
2014-11-12,东方网力,sz300367,114.98,109.08,110.0,114.3,111.22,228.93513,632363,0.021505,117.983604,32.895832,0.053,0.039
2014-11-13,东方网力,sz300367,113.79,102.87,113.79,102.87,114.3,206.04161,952512,0.032393,106.18524,29.606249,0.0955,-0.0959
2014-11-14,东方网力,sz300367,104.27,97.21,100.0,100.0,102.87,200.29326,1238447,0.042117,103.22278,28.780264,0.0686,0.0
2014-11-17,东方网力,sz300367,104.5,100.0,101.0,104.0,100.0,208.305,801404,0.027254,107.35169,29.931475,0.045,0.0297
2014-11-18,东方网力,sz300367,105.2,101.42,103.8,102.0,104.0,204.29907,470851,0.016013,105.28721,29.355862,0.0363,-0.0173
2014-11-19,东方网力,sz300367,104.0,100.1,102.0,103.0,102.0,206.30203,597234,0.020311,106.31945,29.643665,0.0382,0.0098
2014-11-20,东方网力,sz300367,104.6,101.58,103.25,103.18,103.0,206.66264,500363,0.017016,106.505295,29.695482,0.0293,-6.0E-4
2014-11-21,东方网力,sz300367,107.8,103.01,103.5,106.76,103.18,213.83322,892000,0.030335,110.20071,30.725828,0.0464,0.0314
2014-11-24,东方网力,sz300367,111.0,105.55,109.0,110.3,106.76,220.9235,1011682,0.034405,113.854744,31.744635,0.051,0.0119
2014-11-25,东方网力,sz300367,110.94,106.85,109.89,110.3,110.3,220.9235,1241116,0.042208,113.854744,31.744635,0.037,0.0037
2014-11-26,东方网力,sz300367,112.5,107.81,112.0,108.0,110.3,216.3168,804236,0.02735,111.480644,31.082695,0.0425,-0.0357
2014-11-27,东方网力,sz300367,111.4,107.0,107.24,110.76,108.0,221.84499,909445,0.030928,114.32964,31.877045,0.0407,0.0328
2014-11-28,东方网力,sz300367,121.0,110.76,112.0,120.96,110.76,242.27492,1624189,0.055235,124.858376,34.812634,0.0924,0.0799
2014-12-01,东方网力,sz300367,128.28,118.6,119.6,125.0,120.96,250.36665,1137321,0.038678,129.02852,35.97534,0.08,0.0451
2014-12-02,东方网力,sz300367,126.0,121.51,121.51,126.0,125.0,252.3696,645558,0.021954,130.06075,36.263145,0.0359,0.0369
2014-12-03,东方网力,sz300367,125.8,119.57,125.8,120.75,126.0,241.85411,860994,0.029281,124.6415,34.752167,0.0494,-0.0401
2014-12-04,东方网力,sz300367,124.0,119.22,120.25,120.97,120.75,242.29477,675656,0.022978,124.8686,34.815487,0.0395,0.0059
2014-12-05,东方网力,sz300367,124.5,114.7,119.82,115.6,120.97,231.53906,755985,0.025709,119.32556,33.269993,0.081,-0.0352
2014-12-08,东方网力,sz300367,115.1,104.04,115.1,104.04,115.6,208.38515,1776004,0.060398,107.393005,29.942991,0.0956,-0.096
2014-12-09,东方网力,sz300367,108.9,95.0,104.04,97.0,104.04,194.28456,1553991,0.052848,100.12615,27.91687,0.1336,-0.0676
2014-12-10,东方网力,sz300367,99.0,91.99,97.47,95.99,97.0,192.26167,2210142,0.075162,99.08363,27.6262,0.0722,-0.0151
2014-12-11,东方网力,sz300367,99.0,93.82,95.69,97.0,95.99,194.28465,1188992,0.040435,100.12619,27.916882,0.0539,0.0136
2014-12-12,东方网力,sz300367,106.3,96.98,98.3,104.94,97.0,210.18802,1383135,0.047037,108.32212,30.202045,0.096,0.0675
2014-12-15,东方网力,sz300367,108.8,102.05,104.94,105.78,104.94,211.87057,1393948,0.047405,109.18924,30.443813,0.0643,0.008
2014-12-16,东方网力,sz300367,106.0,102.1,105.78,104.08,105.78,208.46559,1050982,0.035742,107.43446,29.954552,0.0368,-0.016
2014-12-17,东方网力,sz300367,104.45,99.6,104.45,99.63,104.08,199.55244,1381651,0.046987,102.840996,28.673815,0.0465,-0.0461
2014-12-18,东方网力,sz300367,101.88,95.67,98.68,98.96,99.63,198.21045,650542,0.022124,102.14939,28.480984,0.0623,0.0028
2014-12-19,东方网力,sz300367,99.99,94.51,98.5,95.38,98.96,191.04,768121,0.026122,98.45403,27.450655,0.0553,-0.0316
2014-12-22,东方网力,sz300367,94.88,85.84,94.88,85.84,95.38,171.93198,1370960,0.046623,88.60656,24.705013,0.0947,-0.0952
2014-12-23,东方网力,sz300367,88.49,80.57,85.84,83.5,85.84,167.24512,1551572,0.052766,86.19115,24.031553,0.0922,-0.0272
2014-12-24,东方网力,sz300367,87.97,83.89,83.89,86.66,83.5,173.57434,951852,0.03237,89.452965,24.941006,0.0488,0.033
2014-12-25,东方网力,sz300367,87.8,85.6,86.9,86.67,86.66,173.5943,575474,0.019571,89.46325,24.943872,0.0253,-0.0026
2014-12-26,东方网力,sz300367,88.99,86.11,86.8,88.2,86.67,176.65877,984868,0.033493,91.04255,25.384207,0.0332,0.0161
2014-12-29,东方网力,sz300367,87.9,79.38,87.63,79.38,88.2,158.99289,2029758,0.069028,81.93829,22.845785,0.0965,-0.0941
2014-12-30,东方网力,sz300367,79.92,73.8,79.36,76.87,79.38,153.96553,1906886,0.064849,79.347404,22.123404,0.077,-0.0313
2014-12-31,东方网力,sz300367,78.98,74.13,76.21,77.8,76.87,155.8282,1486069,0.050538,80.30735,22.39105,0.063,0.0208
2015-01-01,东方网力,sz300367,77.8,77.8,77.8,77.8,77.8,31.049,0,0.0,0.0,0.0,0.0,0.0
2015-01-02,东方网力,sz300367,77.8,77.8,77.8,77.8,77.8,31.049,0,0.0,0.0,0.0,0.0,0.0
2015-01-05,东方网力,sz300367,76.66,73.0,75.39,76.0,77.8,30.331,29451,0.040063,78.449356,21.873013,0.047,0.008
2015-01-06,东方网力,sz300367,80.36,74.7,75.01,80.12,76.0,31.975,39284,0.053439,82.70217,23.05877,0.0744,0.0681
2015-01-07,东方网力,sz300367,80.15,76.88,80.12,78.33,80.12,31.261,23275,0.031662,80.85452,22.543613,0.0408,-0.0223
2015-01-08,东方网力,sz300367,80.6,77.38,77.98,78.87,78.33,31.476,25272,0.034378,81.411934,22.69903,0.0411,0.0114
2015-01-09,东方网力,sz300367,86.76,77.87,78.0,86.76,78.87,34.625,50625,0.068867,89.55622,24.969795,0.1127,0.1123
2015-01-12,东方网力,sz300367,90.5,83.01,87.0,89.0,86.76,35.519,57056,0.077614,91.868385,25.614466,0.0863,0.0229
2015-01-13,东方网力,sz300367,90.99,87.22,90.97,88.5,89.0,35.319,32384,0.044053,91.35227,25.470564,0.0423,-0.0271
2015-01-14,东方网力,sz300367,89.0,84.12,88.2,85.8,88.5,34.242,25484,0.034667,88.56529,24.693506,0.0551,-0.0272
2015-01-15,东方网力,sz300367,86.6,83.15,85.69,83.81,85.8,33.448,15125,0.020575,86.5112,24.12079,0.0402,-0.0219
2015-01-16,东方网力,sz300367,88.67,83.0,83.0,88.1,83.81,35.16,29891,0.040662,90.939445,25.355461,0.0676,0.0614
2015-01-19,东方网力,sz300367,95.57,84.15,85.5,89.0,88.1,35.519,55589,0.075619,91.868484,25.614492,0.1296,0.0409
2015-01-20,东方网力,sz300367,94.48,88.56,89.21,93.7,89.0,37.395,42387,0.057661,96.71997,26.967169,0.0665,0.0503
2015-01-21,东方网力,sz300367,96.4,91.6,92.99,92.73,93.7,37.007,29900,0.040674,95.71873,26.688005,0.0512,-0.0027
2015-01-22,东方网力,sz300367,94.63,91.77,93.34,93.65,92.73,37.375,28561,0.038853,96.66835,26.952776,0.0308,0.0033
2015-01-23,东方网力,sz300367,94.5,88.0,93.1,89.02,93.65,35.527,35944,0.048896,91.88916,25.620258,0.0694,-0.0438
2015-01-26,东方网力,sz300367,90.85,88.0,88.19,89.79,89.02,35.834,30741,0.041818,92.684006,25.841873,0.032,0.0181
2015-01-27,东方网力,sz300367,94.1,89.18,90.0,92.8,89.79,37.035,40727,0.055402,95.79105,26.70817,0.0547,0.0311
2015-01-28,东方网力,sz300367,91.59,88.8,91.59,88.83,92.8,35.451,35440,0.048209,91.69311,25.565596,0.03,-0.0301
2015-01-29,东方网力,sz300367,89.18,86.82,87.92,88.32,88.83,35.247,15553,0.021157,91.1667,25.418823,0.0265,0.0045
2015-01-30,东方网力,sz300367,89.15,84.75,88.3,84.8,88.32,33.843,33310,0.023158,87.53325,24.405756,0.0498,-0.0396
2015-02-02,东方网力,sz300367,86.46,83.95,85.5,84.83,84.8,33.855,20990,0.014593,87.56424,24.414394,0.0295,-0.0078
2015-02-03,东方网力,sz300367,90.0,84.0,84.0,88.86,84.83,35.463,40927,0.028453,91.72415,25.57425,0.0707,0.0578
2015-02-04,东方网力,sz300367,97.51,86.07,87.0,95.18,88.86,37.985,102073,0.070962,98.24785,27.393167,0.1287,0.094
2015-02-05,东方网力,sz300367,100.4,92.81,94.0,95.11,95.18,37.957,73441,0.051057,98.17564,27.373034,0.0797,0.0118
2015-02-06,东方网力,sz300367,98.88,92.6,95.07,95.7,95.11,38.193,40799,0.028364,98.78462,27.542828,0.066,0.0066
2015-02-09,东方网力,sz300367,101.39,93.51,95.69,99.97,95.7,39.897,52613,0.036578,103.19229,28.771763,0.0823,0.0447
2015-02-10,东方网力,sz300367,103.6,98.2,99.0,100.97,99.97,40.296,35457,0.02465,104.224525,29.059566,0.054,0.0198
2015-02-11,东方网力,sz300367,110.5,99.0,99.99,107.5,100.97,42.902,49476,0.034396,110.965034,30.938934,0.1138,0.0751
2015-02-12,东方网力,sz300367,107.8,103.6,106.88,103.88,107.5,41.457,47396,0.03295,107.2284,29.897097,0.039,-0.028
2015-02-13,东方网力,sz300367,114.27,103.3,103.3,114.27,103.88,45.604,60321,0.041936,117.95328,32.887375,0.1056,0.1061
2015-02-16,东方网力,sz300367,125.7,114.28,114.97,125.7,114.27,50.165,74487,0.051784,129.75166,36.176968,0.0999,0.0933
2015-02-17,东方网力,sz300367,128.0,120.0,126.5,123.0,125.7,49.088,48181,0.033497,126.96461,35.399887,0.0636,-0.0276
2015-02-18,东方网力,sz300367,123.0,123.0,123.0,123.0,123.0,49.088,0,0.0,0.0,0.0,0.0,0.0
2015-02-19,东方网力,sz300367,123.0,123.0,123.0,123.0,123.0,49.088,0,0.0,0.0,0.0,0.0,0.0
2015-02-20,东方网力,sz300367,123.0,123.0,123.0,123.0,123.0,49.088,0,0.0,0.0,0.0,0.0,0.0
2015-02-23,东方网力,sz300367,123.0,123.0,123.0,123.0,123.0,49.088,0,0.0,0.0,0.0,0.0,0.0
2015-02-24,东方网力,sz300367,123.0,123.0,123.0,123.0,123.0,49.088,0,0.0,0.0,0.0,0.0,0.0
2015-02-25,东方网力,sz300367,123.0,114.36,122.26,114.38,123.0,45.648,45794,0.031837,118.066795,32.919025,0.0702,-0.0644
2015-02-26,东方网力,sz300367,117.98,111.5,114.38,112.0,114.38,44.698,63678,0.04427,115.61006,32.234047,0.0566,-0.0208
2015-02-27,东方网力,sz300367,117.0,108.0,112.98,114.83,112.0,45.827,95442,0.066352,118.531296,33.04854,0.0803,0.0163
2015-03-02,东方网力,sz300367,125.0,113.88,114.87,117.61,114.83,46.937,90132,0.062661,121.40094,33.848644,0.0968,0.0238
2015-03-03,东方网力,sz300367,122.36,117.58,118.0,119.5,117.61,47.691,61755,0.042933,123.35185,34.39259,0.0406,0.0127
2015-03-04,东方网力,sz300367,125.59,116.14,120.0,124.89,119.5,49.842,36016,0.025039,128.91563,35.943867,0.079,0.0407
2015-03-05,东方网力,sz300367,136.2,124.1,124.75,134.56,124.89,53.701,76279,0.05303,138.89732,38.72693,0.0968,0.0786
2015-03-06,东方网力,sz300367,135.87,125.5,134.5,125.99,134.56,50.281,61151,0.042513,130.05109,36.260452,0.077,-0.0632
2015-03-09,东方网力,sz300367,137.83,127.5,127.5,134.0,125.99,53.478,56124,0.039018,138.31921,38.565746,0.0819,0.0509
2015-03-10,东方网力,sz300367,138.52,131.11,134.89,133.39,134.0,53.234,46828,0.032556,137.68959,38.390194,0.0552,-0.0111
2015-03-11,东方网力,sz300367,135.99,128.0,133.39,135.8,133.39,54.196,47638,0.033119,140.17723,39.08379,0.0598,0.018
2015-03-12,东方网力,sz300367,136.0,129.33,134.0,130.0,135.8,51.881,23559,0.016379,134.19026,37.41452,0.0491,-0.0298
2015-03-13,东方网力,sz300367,133.9,127.5,127.5,131.59,130.0,52.516,40304,0.02802,135.83154,37.87214,0.0492,0.032
2015-03-16,东方网力,sz300367,131.59,131.59,131.59,131.59,131.59,52.516,0,0.0,0.0,0.0,0.0,0.0
2015-03-17,东方网力,sz300367,131.59,131.59,131.59,131.59,131.59,52.516,0,0.0,0.0,0.0,0.0,0.0
2015-03-18,东方网力,sz300367,131.59,131.59,131.59,131.59,131.59,52.516,0,0.0,0.0,0.0,0.0,0.0
2015-03-19,东方网力,sz300367,131.59,131.59,131.59,131.59,131.59,52.516,0,0.0,0.0,0.0,0.0,0.0
2015-03-20,东方网力,sz300367,131.59,131.59,131.59,131.59,131.59,52.516,0,0.0,0.0,0.0,0.0,0.0
2015-03-23,东方网力,sz300367,131.59,131.59,131.59,131.59,131.59,52.516,0,0.0,0.0,0.0,0.0,0.0
2015-03-24,东方网力,sz300367,131.59,131.59,131.59,131.59,131.59,52.516,0,0.0,0.0,0.0,0.0,0.0
2015-03-25,东方网力,sz300367,131.59,131.59,131.59,131.59,131.59,52.516,0,0.0,0.0,0.0,0.0,0.0
2015-03-26,东方网力,sz300367,131.59,131.59,131.59,131.59,131.59,52.516,0,0.0,0.0,0.0,0.0,0.0
2015-03-27,东方网力,sz300367,131.59,131.59,131.59,131.59,131.59,52.516,0,0.0,0.0,0.0,0.0,0.0
2015-03-30,东方网力,sz300367,131.59,131.59,131.59,131.59,131.59,52.516,0,0.0,0.0,0.0,0.0,0.0
2015-03-31,东方网力,sz300367,131.59,131.59,131.59,131.59,131.59,52.516,0,0.0,0.0,0.0,0.0,0.0
2015-04-01,东方网力,sz300367,131.59,131.59,131.59,131.59,131.59,52.516,0,0.0,0.0,0.0,0.0,0.0
2015-04-02,东方网力,sz300367,131.59,131.59,131.59,131.59,131.59,52.516,0,0.0,0.0,0.0,0.0,0.0
2015-04-03,东方网力,sz300367,131.59,131.59,131.59,131.59,131.59,52.516,0,0.0,0.0,0.0,0.0,0.0
2015-04-06,东方网力,sz300367,131.59,131.59,131.59,131.59,131.59,52.516,0,0.0,0.0,0.0,0.0,0.0
2015-04-07,东方网力,sz300367,131.59,131.59,131.59,131.59,131.59,52.516,0,0.0,0.0,0.0,0.0,0.0
2015-04-08,东方网力,sz300367,131.59,131.59,131.59,131.59,131.59,52.516,0,0.0,0.0,0.0,0.0,0.0
2015-04-09,东方网力,sz300367,131.59,131.59,131.59,131.59,131.59,52.516,0,0.0,0.0,0.0,0.0,0.0
2015-04-10,东方网力,sz300367,131.59,131.59,131.59,131.59,131.59,52.516,0,0.0,0.0,0.0,0.0,0.0
2015-04-13,东方网力,sz300367,131.59,131.59,131.59,131.59,131.59,52.516,0,0.0,0.0,0.0,0.0,0.0
2015-04-14,东方网力,sz300367,131.59,131.59,131.59,131.59,131.59,52.516,0,0.0,0.0,0.0,0.0,0.0
2015-04-15,东方网力,sz300367,131.59,131.59,131.59,131.59,131.59,52.516,0,0.0,0.0,0.0,0.0,0.0
2015-04-16,东方网力,sz300367,131.59,131.59,131.59,131.59,131.59,52.516,0,0.0,0.0,0.0,0.0,0.0
2015-04-17,东方网力,sz300367,131.59,131.59,131.59,131.59,131.59,52.516,0,0.0,0.0,0.0,0.0,0.0
2015-04-20,东方网力,sz300367,131.59,131.59,131.59,131.59,131.59,52.516,0,0.0,0.0,0.0,0.0,0.0
2015-04-21,东方网力,sz300367,131.59,131.59,131.59,131.59,131.59,52.516,0,0.0,0.0,0.0,0.0,0.0
2015-04-22,东方网力,sz300367,131.59,131.59,131.59,131.59,131.59,52.516,0,0.0,0.0,0.0,0.0,0.0
2015-04-23,东方网力,sz300367,131.59,131.59,131.59,131.59,131.59,52.516,0,0.0,0.0,0.0,0.0,0.0
2015-04-24,东方网力,sz300367,131.59,131.59,131.59,131.59,131.59,52.516,0,0.0,0.0,0.0,0.0,0.0
2015-04-27,东方网力,sz300367,131.59,131.59,131.59,131.59,131.59,52.516,0,0.0,0.0,0.0,0.0,0.0
2015-04-28,东方网力,sz300367,131.59,131.59,131.59,131.59,131.59,52.516,0,0.0,0.0,0.0,0.0,0.0
2015-04-29,东方网力,sz300367,52.636,52.636,52.636,52.636,131.59,21.006,0,0.0,0.0,0.0,0.0,0.0
2015-04-30,东方网力,sz300367,52.636,52.636,52.636,52.636,52.636,21.006,0,0.0,0.0,0.0,0.0,0.0
2015-05-01,东方网力,sz300367,52.636,52.636,52.636,52.636,52.636,21.006,0,0.0,0.0,0.0,0.0,0.0
2015-05-04,东方网力,sz300367,52.636,52.636,52.636,52.636,52.636,21.006,0,0.0,0.0,0.0,0.0,0.0
2015-05-05,东方网力,sz300367,57.85,57.85,57.85,57.85,52.636,57.85,685,4.46E-4,110.60942,20.036352,0.0,0.0
2015-05-06,东方网力,sz300367,63.64,63.64,63.64,63.64,57.85,63.64,589,3.84E-4,121.67987,22.041712,0.0,0.0
2015-05-07,东方网力,sz300367,70.0,70.0,70.0,70.0,63.64,70.0,549,3.58E-4,133.8402,24.244493,0.0,0.0
2015-05-08,东方网力,sz300367,77.0,74.0,77.0,77.0,70.0,77.0,101887,0.066298,147.22421,26.668943,0.0428,0.0
2015-05-11,东方网力,sz300367,84.7,83.12,84.7,84.7,77.0,84.7,59683,0.038836,161.94662,29.335838,0.0205,0.0
2015-05-12,东方网力,sz300367,93.17,89.8,93.1,93.17,84.7,93.17,57053,0.037125,178.1413,32.26942,0.0397,7.0E-4
2015-05-13,东方网力,sz300367,102.49,84.01,89.0,95.95,93.17,95.95,133848,0.087095,183.45668,33.232277,0.1983,0.078
2015-05-14,东方网力,sz300367,98.0,88.0,96.0,89.8,95.95,89.8,68665,0.04468,171.69783,31.10222,0.1042,-0.0645
2015-05-15,东方网力,sz300367,89.0,82.0,86.0,87.4,89.8,87.4,63478,0.041305,167.10904,30.270983,0.0779,0.0162
2015-05-18,东方网力,sz300367,96.14,90.0,91.0,96.14,87.4,96.14,42656,0.027756,183.81995,33.29808,0.0702,0.0564
2015-05-19,东方网力,sz300367,105.75,93.88,105.75,95.0,96.14,95.0,100526,0.065412,181.64021,32.903233,0.1234,-0.1016
2015-05-20,东方网力,sz300367,103.0,93.31,93.31,98.0,95.0,98.0,61969,0.040324,187.37622,33.942284,0.1019,0.0502
2015-05-21,东方网力,sz300367,98.0,92.0,97.81,95.68,98.0,95.68,64614,0.042045,182.94038,33.138752,0.0612,-0.0217
2015-05-22,东方网力,sz300367,97.99,88.0,96.47,91.61,95.68,91.61,74850,0.048704,175.15852,31.729109,0.1044,-0.0503
2015-05-25,东方网力,sz300367,93.1,86.27,88.1,90.0,91.61,90.0,67048,0.043629,172.0802,31.171486,0.0745,0.0215
2015-05-26,东方网力,sz300367,92.78,88.63,88.82,91.7,90.0,91.7,46850,0.030484,175.33061,31.76028,0.0461,0.0324
2015-05-27,东方网力,sz300367,94.0,88.63,93.01,89.0,91.7,89.0,45669,0.029716,170.1682,30.825134,0.0585,-0.0431
2015-05-28,东方网力,sz300367,92.99,87.07,90.3,89.88,89.0,89.88,52163,0.033942,171.85077,31.129923,0.0665,-0.0046
2015-05-29,东方网力,sz300367,97.8,88.0,91.26,94.9,89.88,94.9,87285,0.056797,181.44902,32.8686,0.109,0.0398
2015-06-01,东方网力,sz300367,104.39,95.25,95.3,104.38,94.9,104.38,84025,0.054676,199.5748,36.151997,0.0963,0.0952
2015-06-02,东方网力,sz300367,103.5,98.01,103.5,102.0,104.38,102.0,62559,0.040706,195.02423,35.327682,0.0525,-0.0144
2015-06-03,东方网力,sz300367,101.88,96.25,100.0,98.97,102.0,98.97,44887,0.029208,189.23087,34.278244,0.0551,-0.0103
2015-06-04,东方网力,sz300367,100.3,89.07,98.9,96.1,98.97,96.1,54540,0.035488,183.74342,33.284218,0.1134,-0.0283
2015-06-05,东方网力,sz300367,98.8,93.1,96.15,98.0,96.1,98.0,40718,0.026495,187.37622,33.942284,0.0593,0.0192
2015-06-08,东方网力,sz300367,97.0,88.2,95.1,88.2,98.0,88.2,46284,0.030116,168.6386,30.548056,0.0897,-0.0725
2015-06-09,东方网力,sz300367,90.4,84.6,86.1,87.49,88.2,87.49,45596,0.029668,167.28108,30.302147,0.0657,0.0161
2015-06-10,东方网力,sz300367,91.08,86.0,89.97,89.0,87.49,89.0,32050,0.020854,170.1682,30.825134,0.058,-0.0107
2015-06-11,东方网力,sz300367,92.0,88.01,89.9,90.98,89.0,90.98,43939,0.028591,173.95396,31.510908,0.0448,0.012
2015-06-12,东方网力,sz300367,93.0,88.9,92.99,92.97,90.98,92.97,35195,0.022901,177.75885,32.200146,0.045,-2.0E-4
2015-06-15,东方网力,sz300367,93.76,88.15,92.99,91.0,92.97,91.0,36746,0.023911,173.9922,31.517836,0.0603,-0.0214
2015-06-16,东方网力,sz300367,90.03,81.9,89.42,81.9,91.0,81.9,52314,0.034039,156.59299,28.366053,0.0893,-0.084
2015-06-17,东方网力,sz300367,83.09,75.2,81.11,82.49,81.9,82.49,41036,0.026702,157.72107,28.570398,0.0963,0.017
2015-06-18,东方网力,sz300367,82.49,75.01,82.49,75.91,82.49,75.91,23917,0.015563,145.14009,26.291416,0.0906,-0.0797
2015-06-19,东方网力,sz300367,77.68,70.0,74.41,70.0,75.91,70.0,34325,0.022335,133.84016,24.244488,0.1011,-0.0592
2015-06-22,东方网力,sz300367,70.0,70.0,70.0,70.0,70.0,70.0,0,0.0,0.0,0.0,0.0,0.0
2015-06-23,东方网力,sz300367,73.1,63.05,68.01,72.7,70.0,72.7,32399,0.021081,139.00256,25.179632,0.1435,0.0689
2015-06-24,东方网力,sz300367,77.5,69.54,73.99,71.89,72.7,71.89,41110,0.026751,137.45384,24.89909,0.1094,-0.0283
2015-06-25,东方网力,sz300367,72.66,64.7,72.66,64.81,71.89,64.81,37416,0.024347,123.91687,22.446934,0.1107,-0.108
2015-06-26,东方网力,sz300367,63.0,58.33,63.0,58.33,64.81,58.33,30553,0.019881,111.52709,20.202585,0.072,-0.0741
2015-06-29,东方网力,sz300367,59.26,52.5,58.41,52.5,58.33,52.5,48520,0.031573,100.38012,18.183367,0.1158,-0.1011
2015-06-30,东方网力,sz300367,57.75,47.25,49.9,57.75,52.5,57.75,89297,0.058106,110.41813,20.001703,0.2,0.1573
2015-07-01,东方网力,sz300367,63.53,58.01,59.0,60.0,57.75,60.0,118128,0.076865,114.72014,20.78099,0.0955,0.0169
2015-07-02,东方网力,sz300367,63.89,54.0,58.21,54.19,60.0,54.19,86210,0.056097,103.611404,18.768698,0.1648,-0.069
2015-07-03,东方网力,sz300367,59.6,48.78,49.5,54.51,54.19,54.51,76681,0.049897,104.22324,18.87953,0.1996,0.1012
2015-07-06,东方网力,sz300367,59.96,49.06,59.96,56.05,54.51,56.05,124185,0.080805,107.167725,19.412909,0.1999,-0.0652
2015-07-07,东方网力,sz300367,53.0,50.45,53.0,50.45,56.05,50.45,42239,0.027486,96.46052,17.473349,0.0454,-0.0481
2015-07-08,东方网力,sz300367,50.45,50.45,50.45,50.45,50.45,50.45,0,0.0,0.0,0.0,0.0,0.0
2015-07-09,东方网力,sz300367,50.45,50.45,50.45,50.45,50.45,50.45,0,0.0,0.0,0.0,0.0,0.0
2015-07-10,东方网力,sz300367,50.45,50.45,50.45,50.45,50.45,50.45,0,0.0,0.0,0.0,0.0,0.0
2015-07-13,东方网力,sz300367,50.45,50.45,50.45,50.45,50.45,50.45,0,0.0,0.0,0.0,0.0,0.0
2015-07-14,东方网力,sz300367,50.45,50.45,50.45,50.45,50.45,50.45,0,0.0,0.0,0.0,0.0,0.0
2015-07-15,东方网力,sz300367,50.45,50.45,50.45,50.45,50.45,50.45,0,0.0,0.0,0.0,0.0,0.0
2015-07-16,东方网力,sz300367,50.45,50.45,50.45,50.45,50.45,50.45,0,0.0,0.0,0.0,0.0,0.0
2015-07-17,东方网力,sz300367,50.45,50.45,50.45,50.45,50.45,50.45,0,0.0,0.0,0.0,0.0,0.0
2015-07-20,东方网力,sz300367,55.5,55.5,55.5,55.5,50.45,55.5,352,2.29E-4,106.11613,19.222416,0.0,0.0
2015-07-21,东方网力,sz300367,61.05,61.05,61.05,61.05,55.5,61.05,1783,0.00116,116.72774,21.144657,0.0,0.0
2015-07-22,东方网力,sz300367,67.16,65.59,67.15,67.16,61.05,67.16,43940,0.028592,128.41008,23.260855,0.0257,1.0E-4
2015-07-23,东方网力,sz300367,72.0,66.67,72.0,69.4,67.16,69.4,87815,0.057138,132.69296,24.036678,0.0793,-0.0361
2015-07-24,东方网力,sz300367,72.5,68.0,68.0,70.15,69.4,70.15,82521,0.053695,134.12695,24.29644,0.0648,0.0316
2015-07-27,东方网力,sz300367,70.0,63.14,67.88,63.14,70.15,63.14,61602,0.040086,120.72382,21.868528,0.0977,-0.0698
2015-07-28,东方网力,sz300367,65.0,56.83,56.83,56.83,63.14,56.83,89026,0.057927,108.65909,19.683062,0.1293,0.0
2015-07-29,东方网力,sz300367,58.83,51.15,57.6,56.87,56.83,56.87,131679,0.085682,108.73557,19.696915,0.1351,-0.0126
2015-07-30,东方网力,sz300367,56.6,51.18,56.5,51.18,56.87,51.18,80299,0.052253,97.85628,17.726185,0.0953,-0.0941
2015-07-31,东方网力,sz300367,51.72,47.2,49.08,49.14,51.18,49.14,57276,0.037269,93.955795,17.01963,0.0883,0.0012
2015-08-03,东方网力,sz300367,51.24,44.23,49.95,44.35,49.14,44.35,64837,0.042188,84.7973,15.360615,0.1426,-0.1121
2015-08-04,东方网力,sz300367,48.79,40.17,43.1,48.79,44.35,48.79,105650,0.068747,93.28659,16.898409,0.1943,0.132
2015-08-05,东方网力,sz300367,51.25,47.5,49.45,49.8,48.79,49.8,96099,0.062534,95.21771,17.248222,0.0768,0.007
2015-08-06,东方网力,sz300367,49.77,47.08,47.78,47.33,49.8,47.33,35168,0.022883,90.49507,16.392738,0.054,-0.0094
2015-08-07,东方网力,sz300367,51.1,47.6,48.0,50.88,47.33,50.88,72052,0.046886,97.28268,17.62228,0.0739,0.06
2015-08-10,东方网力,sz300367,55.97,51.8,52.7,55.97,50.88,55.97,66069,0.042989,107.01477,19.3852,0.0819,0.062
2015-08-11,东方网力,sz300367,61.51,56.42,58.6,57.6,55.97,57.6,96506,0.062796,110.13133,19.94975,0.0909,-0.017
2015-08-12,东方网力,sz300367,59.0,55.13,56.79,57.69,57.6,57.69,47277,0.030763,110.30341,19.980923,0.0671,0.0158
2015-08-13,东方网力,sz300367,58.6,52.7,56.8,57.16,57.69,57.16,49253,0.03205,109.29005,19.797358,0.1022,0.0063
2015-08-14,东方网力,sz300367,61.5,57.5,57.5,58.75,57.16,58.75,54367,0.036701,123.44615,19.844707,0.0699,0.0217
2015-08-17,东方网力,sz300367,58.78,55.3,58.0,56.63,58.75,56.63,38800,0.026192,118.991585,19.12861,0.0592,-0.0236
2015-08-18,东方网力,sz300367,58.89,50.97,55.6,50.97,56.63,50.97,78985,0.053316,107.09873,17.216763,0.1398,-0.0832
2015-08-19,东方网力,sz300367,54.14,45.91,49.0,52.95,50.97,52.95,51252,0.034597,111.25913,17.88557,0.1614,0.0806
2015-08-20,东方网力,sz300367,55.2,50.1,53.0,51.55,52.95,51.55,50174,0.033868,108.31744,17.412676,0.0963,-0.0273
2015-08-21,东方网力,sz300367,52.4,46.4,49.7,46.41,51.55,46.41,51391,0.034692,97.51721,15.676475,0.1163,-0.0661
2015-08-24,东方网力,sz300367,45.0,41.77,45.0,41.77,46.41,41.77,36392,0.024565,87.767586,14.109165,0.0695,-0.0717
2015-08-25,东方网力,sz300367,39.88,37.59,37.79,37.59,41.77,37.59,88525,0.059753,78.98453,12.697235,0.0548,-0.0052
2015-08-26,东方网力,sz300367,40.1,35.01,37.59,36.52,37.59,36.52,88654,0.059846,76.73623,12.335808,0.1354,-0.0284
2015-08-27,东方网力,sz300367,40.17,37.0,37.8,40.17,36.52,40.17,52354,0.03534,84.40565,13.568714,0.0868,0.0626
2015-08-28,东方网力,sz300367,44.01,40.16,41.07,43.28,40.17,43.28,57522,0.038826,90.940414,14.619216,0.0958,0.0538
2015-08-31,东方网力,sz300367,42.81,39.01,42.55,39.58,43.28,39.58,33782,0.022802,83.16594,13.369422,0.0878,-0.0698
2015-09-01,东方网力,sz300367,39.0,35.62,39.0,35.62,39.58,35.62,51963,0.035075,74.84514,12.031804,0.0853,-0.0866
2015-09-02,东方网力,sz300367,38.33,32.16,33.0,34.12,35.62,34.12,59566,0.040206,71.69332,11.525131,0.1732,0.0339
2015-09-03,东方网力,sz300367,34.12,34.12,34.12,34.12,34.12,34.12,0,0.0,0.0,0.0,0.0,0.0
2015-09-04,东方网力,sz300367,34.12,34.12,34.12,34.12,34.12,34.12,0,0.0,0.0,0.0,0.0,0.0
2015-09-07,东方网力,sz300367,37.53,34.8,34.8,37.53,34.12,37.53,72850,0.049174,78.85845,12.676968,0.08,0.0784
2015-09-08,东方网力,sz300367,41.28,36.6,37.01,41.2,37.53,41.2,75119,0.050703,86.5699,13.916629,0.1247,0.1132
2015-09-09,东方网力,sz300367,41.2,41.2,41.2,41.2,41.2,41.2,0,0.0,0.0,0.0,0.0,0.0
2015-09-10,东方网力,sz300367,41.2,41.2,41.2,41.2,41.2,41.2,0,0.0,0.0,0.0,0.0,0.0
2015-09-11,东方网力,sz300367,41.2,41.2,41.2,41.2,41.2,41.2,0,0.0,0.0,0.0,0.0,0.0
2015-09-14,东方网力,sz300367,41.2,41.2,41.2,41.2,41.2,41.2,0,0.0,0.0,0.0,0.0,0.0
2015-09-15,东方网力,sz300367,41.2,41.2,41.2,41.2,41.2,41.2,0,0.0,0.0,0.0,0.0,0.0
2015-09-16,东方网力,sz300367,41.2,41.2,41.2,41.2,41.2,41.2,0,0.0,0.0,0.0,0.0,0.0
2015-09-17,东方网力,sz300367,45.32,43.71,45.32,45.31,41.2,45.31,62382,0.041899,95.20588,15.304914,0.039,-2.0E-4
2015-09-18,东方网力,sz300367,49.1,42.3,45.26,47.01,45.31,47.01,94243,0.0633,98.77794,15.879144,0.15,0.0386
2015-09-21,东方网力,sz300367,51.71,47.01,47.5,51.51,47.01,51.51,74188,0.049829,108.23338,17.399164,0.0999,0.0844
2015-09-22,东方网力,sz300367,55.3,49.65,50.69,52.54,51.51,52.54,81625,0.054827,110.39764,17.74708,0.1096,0.0364
2015-09-23,东方网力,sz300367,54.6,49.0,50.8,52.5,52.54,52.5,56601,0.038019,110.31358,17.733568,0.1065,0.0334
2015-09-24,东方网力,sz300367,54.0,51.07,51.99,53.0,52.5,53.0,47983,0.032228,111.36419,17.90246,0.0558,0.0194
2015-09-25,东方网力,sz300367,53.3,47.7,52.51,50.96,53.0,50.96,58184,0.039081,107.07772,17.213385,0.1056,-0.0295
2015-09-28,东方网力,sz300367,50.96,50.96,50.96,50.96,50.96,50.96,0,0.025677,112.56188,18.094995,0.0,0.0
2015-09-29,东方网力,sz300367,58.5,52.73,53.0,54.51,50.96,54.51,63910,0.042924,114.53702,18.412512,0.1132,0.0284
2015-09-30,东方网力,sz300367,57.8,54.3,54.3,56.37,54.51,56.37,35955,0.024151,118.445274,19.040787,0.0642,0.0381
2015-10-01,东方网力,sz300367,56.37,56.37,56.37,56.37,56.37,56.37,0,0.0,0.0,0.0,0.0,0.0
2015-10-02,东方网力,sz300367,56.37,56.37,56.37,56.37,56.37,56.37,0,0.0,0.0,0.0,0.0,0.0
2015-10-05,东方网力,sz300367,56.37,56.37,56.37,56.37,56.37,56.37,0,0.0,0.0,0.0,0.0,0.0
2015-10-06,东方网力,sz300367,56.37,56.37,56.37,56.37,56.37,56.37,0,0.0,0.0,0.0,0.0,0.0
2015-10-07,东方网力,sz300367,56.37,56.37,56.37,56.37,56.37,56.37,0,0.0,0.0,0.0,0.0,0.0
2015-10-08,东方网力,sz300367,61.65,56.5,59.2,58.98,56.37,58.98,39198,0.026328,123.929436,19.922398,0.0913,-0.0037
2015-10-09,东方网力,sz300367,58.66,56.86,57.97,57.41,58.98,57.41,34329,0.023059,120.63053,19.39208,0.0305,-0.0096
2015-10-12,东方网力,sz300367,60.5,58.0,58.58,59.97,57.41,59.97,50662,0.03403,126.00963,20.256802,0.0435,0.0237
2015-10-13,东方网力,sz300367,62.3,58.2,59.0,61.9,59.97,61.9,54361,0.036512,130.06497,20.908722,0.0683,0.0491
2015-10-14,东方网力,sz300367,62.35,57.5,61.48,59.9,61.9,59.9,33774,0.022685,125.86255,20.233158,0.0783,-0.0256
2015-10-15,东方网力,sz300367,61.97,57.85,58.58,60.7,59.9,60.7,30445,0.020449,127.54352,20.503384,0.0687,0.0361
2015-10-16,东方网力,sz300367,62.46,59.65,60.7,62.0,60.7,62.0,41973,0.028191,130.27509,20.9425,0.0462,0.0214
2015-10-19,东方网力,sz300367,64.97,61.3,62.39,61.51,62.0,61.51,36932,0.024805,129.2455,20.776987,0.0591,-0.0141
2015-10-20,东方网力,sz300367,67.66,60.0,61.66,67.28,61.51,67.28,54395,0.036535,141.36949,22.72599,0.1245,0.0911
2015-10-21,东方网力,sz300367,72.5,60.55,67.4,60.6,67.28,60.6,60657,0.040743,122.69516,19.396772,0.1776,-0.1008
2015-10-22,东方网力,sz300367,66.66,62.55,62.55,66.66,60.6,66.66,72869,0.048946,134.96468,21.33645,0.0678,0.0657
2015-10-23,东方网力,sz300367,69.0,64.24,69.0,68.1,66.66,68.1,71520,0.048037,137.8802,21.797363,0.0714,-0.013
2015-10-26,东方网力,sz300367,68.1,64.0,68.1,65.05,68.1,65.05,47425,0.031853,131.70496,20.821123,0.0602,-0.0447
2015-10-27,东方网力,sz300367,70.08,61.6,64.98,67.62,65.05,67.62,45793,0.030759,136.90837,21.643726,0.1303,0.0406
2015-10-28,东方网力,sz300367,69.45,63.88,67.62,64.38,67.62,64.38,30456,0.020457,130.34842,20.60667,0.0823,-0.0479
2015-10-29,东方网力,sz300367,65.35,61.2,65.0,62.67,64.38,62.67,39406,0.026469,126.88624,20.059336,0.0644,-0.0358
2015-10-30,东方网力,sz300367,66.67,60.83,62.9,63.7,62.67,63.7,39972,0.026847,128.97165,20.389017,0.0931,0.0127
2015-11-02,东方网力,sz300367,64.0,58.5,58.5,60.77,63.7,60.77,35135,0.023601,123.03936,19.451187,0.0863,0.0388
2015-11-03,东方网力,sz300367,61.87,58.6,60.76,60.09,60.77,60.09,31769,0.0,0.0,0.0,0.0538,-0.011
2015-11-04,东方网力,sz300367,65.46,61.18,61.46,63.79,60.09,63.79,43040,0.0,0.0,0.0,0.0712,0.0379
2015-11-05,东方网力,sz300367,64.96,61.32,63.76,61.94,63.79,61.94,42345,0.0,0.0,0.0,0.057,-0.0285
2015-11-06,东方网力,sz300367,66.15,62.2,62.2,65.45,61.94,65.45,44700,0.0,0.0,0.0,0.0637,0.0522
2015-11-09,东方网力,sz300367,72.0,63.72,65.1,71.51,65.45,71.51,75360,0.0,0.0,0.0,0.1265,0.0984
2015-11-10,东方网力,sz300367,75.0,70.73,70.73,72.56,71.51,72.56,51845,0.0,0.0,0.0,0.0597,0.0258
2015-11-11,东方网力,sz300367,75.95,71.8,71.8,73.6,72.56,73.6,36233,0.0,0.0,0.0,0.0571,0.025
2015-11-12,东方网力,sz300367,78.83,73.0,75.55,76.46,73.6,76.46,52422,0.0,0.0,0.0,0.0792,0.012
2015-11-13,东方网力,sz300367,75.9,70.33,75.9,72.0,76.46,72.0,28521,0.0,0.0,0.0,0.0728,-0.0513
2015-11-16,东方网力,sz300367,75.9,72.21,75.5,75.9,72.0,75.9,42652,0.0,0.0,0.0,0.0512,0.0052
2015-11-17,东方网力,sz300367,78.11,70.79,76.0,71.1,75.9,71.1,69839,0.0,0.0,0.0,0.0964,-0.0644
2015-11-18,东方网力,sz300367,72.5,66.9,71.1,68.63,71.1,68.63,34158,0.0,0.0,0.0,0.0787,-0.0347
2015-11-19,东方网力,sz300367,72.45,68.5,68.99,71.95,68.63,71.95,21866,0.0,0.0,0.0,0.0575,0.0429
2015-11-20,东方网力,sz300367,76.2,70.62,72.95,76.04,71.95,76.04,40926,0.0,0.0,0.0,0.0775,0.0423
2015-11-23,东方网力,sz300367,81.47,73.88,73.97,77.37,76.04,77.37,62241,0.0,0.0,0.0,0.0998,0.0459
2015-11-24,东方网力,sz300367,79.6,74.34,76.72,78.2,77.37,78.2,28742,0.0,0.0,0.0,0.0679,0.0192
2015-11-25,东方网力,sz300367,83.91,76.3,77.97,83.6,78.2,83.6,50828,0.0,0.0,0.0,0.0973,0.0722
2015-11-26,东方网力,sz300367,83.33,79.98,82.95,81.0,83.6,81.0,35766,0.0,0.0,0.0,0.04,-0.0235
2015-11-27,东方网力,sz300367,82.5,74.61,80.48,75.41,81.0,75.41,33606,0.0,0.0,0.0,0.0974,-0.0629
2015-11-30,东方网力,sz300367,80.17,71.2,75.31,76.0,75.41,76.0,52088,0.0,0.0,0.0,0.1189,0.0091
2015-12-01,东方网力,sz300367,78.96,72.0,76.88,74.53,76.0,74.53,26503,0.0,0.0,0.0,0.0915,-0.0305
2015-12-02,东方网力,sz300367,74.53,68.0,73.0,71.63,74.53,71.63,26061,0.0,0.0,0.0,0.0876,-0.0187
2015-12-03,东方网力,sz300367,75.98,70.3,72.3,75.41,71.63,75.41,30406,0.0,0.0,0.0,0.0792,0.043
2015-12-04,东方网力,sz300367,75.6,73.2,75.2,73.4,75.41,73.4,16559,0.0,0.0,0.0,0.0318,-0.0239
2015-12-07,东方网力,sz300367,74.35,71.3,73.3,73.2,73.4,73.2,37225,0.0,0.0,0.0,0.0415,-0.0013
2015-12-08,东方网力,sz300367,79.36,70.63,72.23,77.2,73.2,77.2,44087,0.0,0.0,0.0,0.1192,0.0688
2015-12-09,东方网力,sz300367,82.58,75.13,76.0,79.01,77.2,79.01,43922,0.0,0.0,0.0,0.0965,0.0396
2015-12-10,东方网力,sz300367,80.4,77.04,77.04,77.25,79.01,77.25,18754,0.0,0.0,0.0,0.0425,0.0027
2015-12-11,东方网力,sz300367,79.84,75.0,78.01,77.79,77.25,77.79,21704,0.0,0.0,0.0,0.0626,-0.0028
2015-12-14,东方网力,sz300367,78.98,74.55,77.01,78.0,77.79,78.0,24567,0.0,0.0,0.0,0.0569,0.0128
2015-12-15,东方网力,sz300367,82.47,78.37,78.97,79.4,78.0,79.4,31674,0.0,0.0,0.0,0.0525,0.0054
2015-12-16,东方网力,sz300367,80.49,77.8,79.4,78.0,79.4,78.0,22029,0.0,0.0,0.0,0.0338,-0.0176
2015-12-17,东方网力,sz300367,81.67,70.2,77.6,79.95,78.0,79.95,39149,0.0,0.0,0.0,0.147,0.0302
2015-12-18,东方网力,sz300367,82.4,76.55,79.95,77.17,79.95,77.17,37361,0.0,0.0,0.0,0.0731,-0.0347
2015-12-21,东方网力,sz300367,79.5,75.81,78.3,77.45,77.17,77.45,25805,0.0,0.0,0.0,0.0478,-0.0108
2015-12-22,东方网力,sz300367,78.45,73.4,77.48,74.8,77.45,74.8,41101,0.0,0.0,0.0,0.0652,-0.0345
2015-12-23,东方网力,sz300367,75.5,70.88,75.4,72.1,74.8,72.1,37710,0.0,0.0,0.0,0.0617,-0.0437
2015-12-24,东方网力,sz300367,73.2,70.9,72.1,71.88,72.1,71.88,25471,0.0,0.0,0.0,0.0319,-0.003
2015-12-25,东方网力,sz300367,74.68,71.12,71.89,72.34,71.88,72.34,27959,0.0,0.0,0.0,0.0495,0.0062
2015-12-28,东方网力,sz300367,73.8,69.5,72.3,70.34,72.34,70.34,27502,0.0,0.0,0.0,0.0594,-0.0271
2015-12-29,东方网力,sz300367,71.24,69.3,70.23,70.74,70.34,70.74,20680,0.0,0.0,0.0,0.0275,0.0072
2015-12-30,东方网力,sz300367,73.29,70.65,70.89,72.1,70.74,72.1,42948,0.0,0.0,0.0,0.0373,0.017
2015-12-31,东方网力,sz300367,72.97,67.0,72.1,69.7,72.1,69.7,60447,0.0,0.0,0.0,0.0828,-0.0332
2016-01-01,东方网力,sz300367,72.97,67.0,72.1,69.7,69.7,69.7,60447,0.0,0.0,0.0,0.0856,-0.0332
2016-01-04,东方网力,sz300367,70.6,62.73,69.05,62.73,69.7,62.73,36247,0.0,0.0,0.0,0.1129,-0.0915
2016-01-05,东方网力,sz300367,63.0,56.46,56.47,57.4,62.73,57.4,79222,0.0,0.0,0.0,0.1042,0.0164
2016-01-06,东方网力,sz300367,62.62,57.4,57.4,61.95,57.4,61.95,62685,0.0,0.0,0.0,0.0909,0.0792
2016-01-07,东方网力,sz300367,60.8,55.76,60.8,55.76,61.95,55.76,8998,0.0,0.0,0.0,0.0813,-0.0828
2016-01-08,东方网力,sz300367,58.88,50.69,57.68,54.3,55.76,54.3,66425,0.0,0.0,0.0,0.1468,-0.0585
2016-01-11,东方网力,sz300367,57.28,52.3,53.0,53.22,54.3,53.22,50672,0.0,0.0,0.0,0.0917,0.0041
2016-01-12,东方网力,sz300367,57.45,53.1,53.78,55.45,53.22,55.45,45882,0.0,0.0,0.0,0.0817,0.031
2016-01-13,东方网力,sz300367,57.9,53.6,55.5,53.85,55.45,53.85,37402,0.0,0.0,0.0,0.0775,-0.0297
2016-01-14,东方网力,sz300367,59.06,50.5,50.5,57.54,53.85,57.54,39944,0.0,0.0,0.0,0.1589,0.1394
2016-01-15,东方网力,sz300367,61.98,58.21,59.01,59.41,57.54,59.41,45376,0.0,0.0,0.0,0.0655,0.0067
2016-01-18,东方网力,sz300367,62.12,58.05,59.48,60.93,59.41,60.93,45484,0.0,0.0,0.0,0.0685,0.0243
2016-01-19,东方网力,sz300367,65.0,58.08,60.12,62.87,60.93,62.87,64601,0.0,0.0,0.0,0.1135,0.0457
2016-01-20,东方网力,sz300367,63.65,60.76,62.31,61.0,62.87,61.0,23384,0.0,0.0,0.0,0.0459,-0.021
2016-01-21,东方网力,sz300367,63.0,58.68,59.5,58.96,61.0,58.96,32018,0.0,0.0,0.0,0.0708,-0.009
2016-01-22,东方网力,sz300367,61.0,55.25,60.0,57.99,58.96,57.99,35269,0.0,0.0,0.0,0.0975,-0.0334
2016-01-25,东方网力,sz300367,59.59,56.45,59.04,57.15,57.99,57.15,22401,0.0,0.0,0.0,0.0541,-0.032
2016-01-26,东方网力,sz300367,57.0,51.46,56.0,51.46,57.15,51.46,33931,0.0,0.0,0.0,0.0969,-0.081
2016-01-27,东方网力,sz300367,52.3,47.46,50.0,51.0,51.46,51.0,57961,0.0,0.0,0.0,0.094,0.02
2016-01-28,东方网力,sz300367,51.31,47.51,50.62,47.6,51.0,47.6,23926,0.0,0.0,0.0,0.0745,-0.0596
2016-01-29,东方网力,sz300367,52.36,48.25,48.38,52.36,47.6,52.36,48287,0.0,0.0,0.0,0.0863,0.0822
2016-02-01,东方网力,sz300367,57.6,52.03,52.68,55.97,52.36,55.97,57693,0.0,0.0,0.0,0.1063,0.0624
2016-02-02,东方网力,sz300367,61.57,56.02,57.0,60.3,55.97,60.3,91615,0.0,0.0,0.0,0.0991,0.0578
2016-02-03,东方网力,sz300367,61.78,56.98,60.63,58.8,60.3,58.8,95061,0.0,0.0,0.0,0.0796,-0.0301
2016-02-04,东方网力,sz300367,62.05,58.31,58.31,61.2,58.8,61.2,72329,0.0,0.0,0.0,0.0636,0.0495
2016-02-05,东方网力,sz300367,64.68,60.8,62.97,61.2,61.2,61.2,49741,0.0,0.0,0.0,0.0633,-0.0281
2016-02-08,东方网力,sz300367,64.68,60.8,62.97,61.2,61.2,61.2,49741,0.0,0.0,0.0,0.0633,-0.0281
2016-02-09,东方网力,sz300367,64.68,60.8,62.97,61.2,61.2,61.2,49741,0.0,0.0,0.0,0.0633,-0.0281
2016-02-10,东方网力,sz300367,64.68,60.8,62.97,61.2,61.2,61.2,49741,0.0,0.0,0.0,0.0633,-0.0281
2016-02-11,东方网力,sz300367,64.68,60.8,62.97,61.2,61.2,61.2,49741,0.0,0.0,0.0,0.0633,-0.0281
2016-02-12,东方网力,sz300367,64.68,60.8,62.97,61.2,61.2,61.2,49741,0.0,0.0,0.0,0.0633,-0.0281
2016-02-15,东方网力,sz300367,67.32,59.1,59.1,66.77,61.2,66.77,82166,0.0,0.0,0.0,0.1343,0.1297
2016-02-16,东方网力,sz300367,68.88,65.47,66.8,67.9,66.77,67.9,80115,0.0,0.0,0.0,0.051,0.0164
2016-02-17,东方网力,sz300367,68.5,65.3,67.7,67.85,67.9,67.85,64330,0.0,0.0,0.0,0.0471,0.0022
2016-02-18,东方网力,sz300367,71.91,67.26,68.0,69.21,67.85,69.21,74850,0.0,0.0,0.0,0.0685,0.0177
2016-02-19,东方网力,sz300367,68.8,66.62,68.0,67.11,69.21,67.11,52449,0.0,0.0,0.0,0.0314,-0.013
2016-02-22,东方网力,sz300367,68.38,65.96,68.35,68.09,67.11,68.09,52280,0.0,0.0,0.0,0.036,-0.0038
2016-02-23,东方网力,sz300367,69.7,66.76,67.5,68.5,68.09,68.5,77022,0.0,0.0,0.0,0.0431,0.0148
2016-02-24,东方网力,sz300367,68.3,62.0,68.3,64.03,68.5,64.03,65533,0.0,0.0,0.0,0.0919,-0.0625
2016-02-25,东方网力,sz300367,64.16,58.05,63.8,59.77,64.03,59.77,67096,0.0,0.0,0.0,0.0954,-0.0631
2016-02-26,东方网力,sz300367,61.9,57.76,60.8,57.76,59.77,57.76,60075,0.0,0.0,0.0,0.0692,-0.0499
2016-02-29,东方网力,sz300367,57.0,51.98,57.0,54.69,57.76,54.69,64265,0.0,0.0,0.0,0.0869,-0.0405
2016-03-01,东方网力,sz300367,60.16,52.95,55.5,60.16,54.69,60.16,85838,0.0,0.0,0.0,0.1318,0.0839
2016-03-02,东方网力,sz300367,66.18,58.42,59.8,66.18,60.16,66.18,104811,0.0,0.0,0.0,0.1289,0.1066
2016-03-03,东方网力,sz300367,72.8,64.97,65.5,68.07,66.18,68.07,102900,0.0,0.0,0.0,0.1183,0.0392
2016-03-04,东方网力,sz300367,67.9,61.26,67.88,61.26,68.07,61.26,89454,0.0,0.0,0.0,0.0975,-0.0975
2016-03-07,东方网力,sz300367,64.53,58.3,60.5,60.6,61.26,60.6,83696,0.0,0.0,0.0,0.1016,0.0016
2016-03-08,东方网力,sz300367,64.88,55.0,59.8,64.88,60.6,64.88,98304,0.0,0.0,0.0,0.163,0.0849
2016-03-09,东方网力,sz300367,66.5,62.05,62.99,65.1,64.88,65.1,79440,0.0,0.0,0.0,0.0685,0.0334
2016-03-10,东方网力,sz300367,68.5,64.01,66.95,65.6,65.1,65.6,100720,0.0,0.0,0.0,0.0689,-0.0201
2016-03-11,东方网力,sz300367,26.69,24.56,25.6,24.9,65.6,24.9,185668,0.0,0.0,0.0,0.0324,-0.0273
2016-03-14,东方网力,sz300367,27.39,25.2,25.5,27.39,24.9,27.39,241369,0.0,0.0,0.0,0.0879,0.0741
2016-03-15,东方网力,sz300367,28.55,26.34,27.5,26.5,27.39,26.5,247372,0.0,0.0,0.0,0.0806,-0.0363
2016-03-16,东方网力,sz300367,27.58,25.55,27.08,25.95,26.5,25.95,169955,0.0,0.0,0.0,0.0766,-0.0417
2016-03-17,东方网力,sz300367,28.55,25.65,26.15,28.55,25.95,28.55,332519,0.0,0.0,0.0,0.1117,0.0917
2016-03-18,东方网力,sz300367,31.2,28.27,28.55,30.1,28.55,30.1,374079,0.0,0.0,0.0,0.1026,0.0542
2016-03-21,东方网力,sz300367,31.74,29.61,30.29,30.52,30.1,30.52,303989,0.0,0.0,0.0,0.0707,0.0075
2016-03-22,东方网力,sz300367,32.55,29.6,30.0,31.43,30.52,31.43,323012,0.0,0.0,0.0,0.0966,0.0476
2016-03-23,东方网力,sz300367,33.5,30.41,31.8,33.5,31.43,33.5,337454,0.0,0.0,0.0,0.0983,0.0534
2016-03-24,东方网力,sz300367,33.2,31.3,32.5,31.3,33.5,31.3,319836,0.0,0.0,0.0,0.0567,-0.0369
2016-03-25,东方网力,sz300367,31.27,29.8,30.55,30.3,31.3,30.3,209980,0.0,0.0,0.0,0.0469,-0.0081
