2016-03-25
2014-08-01,天华超净,sz300390,13.42,13.42,13.42,13.42,12.2,13.42,12100,7.77E-4,0.0,0.0,0.0,0.0
2014-08-04,天华超净,sz300390,14.76,14.76,14.76,14.76,13.42,14.76,10700,6.87E-4,0.0,0.0,0.0,0.0
2014-08-05,天华超净,sz300390,16.24,16.24,16.24,16.24,14.76,16.24,22350,0.001435,0.0,0.0,0.0,0.0
2014-08-06,天华超净,sz300390,17.86,17.86,17.86,17.86,16.24,17.860006,34670,0.002225,0.0,0.0,0.0,0.0
2014-08-07,天华超净,sz300390,19.65,19.65,19.65,19.65,17.86,19.650007,57450,0.003687,0.0,0.0,0.0,0.0
2014-08-08,天华超净,sz300390,21.62,21.62,21.62,21.62,19.65,21.619999,79006,0.005071,0.0,0.0,0.0,0.0
2014-08-11,天华超净,sz300390,23.78,23.78,23.78,23.78,21.62,23.779987,84636,0.005432,0.0,0.0,0.0,0.0
2014-08-12,天华超净,sz300390,26.16,26.16,26.16,26.16,23.78,26.159985,781615,0.050168,0.0,0.0,0.0,0.0
2014-08-13,天华超净,sz300390,28.78,26.58,26.9,28.78,26.16,28.779985,10188765,0.653964,0.0,0.0,0.084,0.0698
2014-08-14,天华超净,sz300390,29.69,27.55,28.79,28.07,28.78,28.069983,10608409,0.680899,0.0,0.0,0.0743,-0.025
2014-08-15,天华超净,sz300390,27.5,25.87,27.17,26.63,28.07,26.629992,7287754,0.467763,0.0,0.0,0.058,-0.0198
2014-08-18,天华超净,sz300390,27.77,26.5,26.8,27.3,26.63,27.300003,5349404,0.343351,0.0,0.0,0.0476,0.0186
2014-08-19,天华超净,sz300390,29.69,27.31,27.32,28.99,27.3,28.99001,7395285,0.474665,0.0,0.0,0.0871,0.0611
2014-08-20,天华超净,sz300390,31.89,28.04,28.6,30.19,28.99,30.190022,7678128,0.49282,0.0,0.0,0.1328,0.0555
2014-08-21,天华超净,sz300390,29.9,28.59,29.51,28.96,30.19,28.96002,5002746,0.321101,0.0,0.0,0.0433,-0.0186
2014-08-22,天华超净,sz300390,29.27,28.65,28.75,29.08,28.96,29.08003,2511232,0.161183,0.0,0.0,0.0214,0.0114
2014-08-25,天华超净,sz300390,30.25,29.11,29.29,29.3,29.08,29.30002,2836519,0.182062,0.0,0.0,0.0392,3.0E-4
2014-08-26,天华超净,sz300390,29.0,27.86,29.0,28.45,29.3,28.450027,3306470,0.212225,0.0,0.0,0.0389,-0.0189
2014-08-27,天华超净,sz300390,29.08,28.19,28.58,29.07,28.45,29.07004,2263287,0.145269,0.0,0.0,0.0312,0.0171
2014-08-28,天华超净,sz300390,31.91,28.6,28.65,30.0,29.07,30.000048,4656878,0.298901,0.0,0.0,0.1138,0.0471
2014-08-29,天华超净,sz300390,32.5,29.6,29.6,32.12,30.0,32.12006,4982822,0.319822,0.0,0.0,0.0966,0.0851
2014-09-01,天华超净,sz300390,35.33,31.51,31.8,35.33,32.12,35.330074,7095788,0.455442,0.0,0.0,0.1189,0.111
2014-09-02,天华超净,sz300390,36.9,34.7,35.3,36.0,35.33,36.000076,6313436,0.405227,0.0,0.0,0.0622,0.0198
2014-09-03,天华超净,sz300390,35.86,34.45,35.6,35.77,36.0,35.77007,5650022,0.362646,0.0,0.0,0.0391,0.0047
2014-09-04,天华超净,sz300390,37.45,35.42,35.42,36.18,35.77,36.18007,4921102,0.31586,0.0,0.0,0.0567,0.0214
2014-09-05,天华超净,sz300390,37.0,35.5,36.01,36.76,36.18,36.76007,3509825,0.225278,0.0,0.0,0.0414,0.0208
2014-09-09,天华超净,sz300390,37.4,35.91,36.81,36.28,36.76,36.280056,2021932,0.129777,0.0,0.0,0.0405,-0.0143
2014-09-10,天华超净,sz300390,38.17,35.51,35.91,37.79,36.28,37.79007,3342482,0.214537,0.0,0.0,0.0733,0.0523
2014-09-11,天华超净,sz300390,38.38,36.8,38.3,37.25,37.79,37.250088,3417207,0.219333,0.0,0.0,0.0418,-0.0274
2014-09-12,天华超净,sz300390,37.09,36.26,36.98,36.55,37.25,36.550083,2123245,0.13628,0.0,0.0,0.0222,-0.0116
2014-09-15,天华超净,sz300390,37.1,36.1,36.55,36.8,36.55,36.800087,2259530,0.145028,0.0,0.0,0.0273,0.0068
2014-09-16,天华超净,sz300390,36.87,35.48,36.71,35.95,36.8,35.950077,1913708,0.122831,0.0,0.0,0.0377,-0.0207
2014-09-17,天华超净,sz300390,36.15,35.26,35.7,35.76,35.95,35.760082,712113,0.045707,0.0,0.0,0.0247,0.0016
2014-09-18,天华超净,sz300390,36.12,35.29,35.5,35.8,35.76,35.8001,711365,0.045659,0.0,0.0,0.0232,0.0084
2014-09-19,天华超净,sz300390,36.09,35.51,35.6,36.0,35.8,36.00011,554011,0.035559,0.0,0.0,0.0162,0.0112
2014-09-22,天华超净,sz300390,35.88,35.0,35.75,35.55,36.0,35.55011,953383,0.061193,0.0,0.0,0.0244,-0.0055
2014-09-23,天华超净,sz300390,36.2,35.31,35.4,36.0,35.55,36.000103,868854,0.055767,0.0,0.0,0.025,0.0169
2014-09-24,天华超净,sz300390,36.14,35.49,36.0,35.86,36.0,35.8601,1776984,0.114055,0.0,0.0,0.018,-0.0038
2014-09-25,天华超净,sz300390,35.95,34.8,35.95,34.98,35.86,34.98009,1582546,0.101575,0.0,0.0,0.032,-0.0269
2014-09-26,天华超净,sz300390,34.85,33.63,34.85,34.08,34.98,34.08009,1852929,0.11893,0.0,0.0,0.0348,-0.022
2014-09-29,天华超净,sz300390,34.64,34.08,34.08,34.34,34.08,34.340088,721631,0.046318,0.0,0.0,0.0164,0.0076
2014-09-30,天华超净,sz300390,34.62,33.99,34.36,34.38,34.34,34.380093,1342827,0.086189,0.0,0.0,0.0183,5.0E-4
2014-10-08,天华超净,sz300390,35.6,34.11,34.5,35.45,34.38,35.450104,1789275,0.114844,0.0,0.0,0.0433,0.0275
2014-10-09,天华超净,sz300390,35.73,34.88,35.41,35.33,35.45,35.330105,1282349,0.082307,0.0,0.0,0.0239,-0.0022
2014-10-10,天华超净,sz300390,35.29,34.78,35.29,34.81,35.33,34.810116,797262,0.051172,0.0,0.0,0.0144,-0.0136
2014-10-13,天华超净,sz300390,34.73,33.96,34.73,34.47,34.81,34.470127,838702,0.053832,0.0,0.0,0.0221,-0.0074
2014-10-14,天华超净,sz300390,35.18,34.51,34.68,34.87,34.47,34.870117,964639,0.061915,0.0,0.0,0.0194,0.0054
2014-10-15,天华超净,sz300390,38.36,34.52,35.0,38.36,34.87,38.36013,7020109,0.450585,0.0,0.0,0.1101,0.0959
2014-10-16,天华超净,sz300390,39.99,37.45,37.81,37.94,38.36,37.940125,5175407,0.332183,0.0,0.0,0.0662,0.0034
2014-10-17,天华超净,sz300390,38.3,35.76,37.49,37.7,37.94,37.700115,3673981,0.235814,0.0,0.0,0.0669,0.0056
2014-10-20,天华超净,sz300390,37.98,36.81,37.31,37.36,37.7,37.360096,2061396,0.13231,0.0,0.0,0.031,0.0013
2014-10-21,天华超净,sz300390,38.86,37.01,37.31,38.4,37.36,38.40009,2958266,0.189876,0.0,0.0,0.0495,0.0292
2014-10-22,天华超净,sz300390,38.98,37.3,37.9,37.85,38.4,37.850086,2660456,0.170761,0.0,0.0,0.0437,-0.0013
2014-10-23,天华超净,sz300390,39.5,37.52,37.99,38.59,37.85,38.59009,3049098,0.195706,0.0,0.0,0.0523,0.0157
2014-10-24,天华超净,sz300390,40.66,37.8,38.11,38.88,38.59,38.880096,3502828,0.224828,0.0,0.0,0.0741,0.0202
2014-10-27,天华超净,sz300390,38.88,37.0,38.88,37.55,38.88,37.550087,2473968,0.158791,0.0,0.0,0.0483,-0.0342
2014-10-28,天华超净,sz300390,39.49,37.25,37.25,39.3,37.55,39.30011,2492879,0.160005,0.0,0.0,0.0596,0.055
2014-10-29,天华超净,sz300390,40.59,38.72,39.0,39.68,39.3,39.680103,2503851,0.160709,0.0,0.0,0.0475,0.0174
2014-10-30,天华超净,sz300390,39.84,38.35,39.21,39.5,39.68,39.500114,2345035,0.150516,0.0,0.0,0.0375,0.0073
2014-10-31,天华超净,sz300390,42.18,39.14,39.47,41.1,39.5,41.100105,3689203,0.236791,0.0,0.0,0.0769,0.0412
2014-11-03,天华超净,sz300390,41.8,40.37,41.12,41.37,41.1,41.37009,2540848,0.163084,0.0,0.0,0.0347,0.006
2014-11-04,天华超净,sz300390,41.37,39.3,41.37,39.39,41.37,39.390076,2382128,0.152897,0.0,0.0,0.05,-0.0478
2014-11-05,天华超净,sz300390,39.98,39.03,39.4,39.55,39.39,39.55008,1075394,0.069024,0.0,0.0,0.0241,0.0038
2014-11-06,天华超净,sz300390,40.98,39.3,39.58,40.78,39.55,40.780087,1636979,0.105069,0.0,0.0,0.0424,0.0303
2014-11-07,天华超净,sz300390,41.83,40.07,40.48,40.55,40.78,40.550087,2336737,0.149983,0.0,0.0,0.0431,0.0017
2014-11-10,天华超净,sz300390,41.7,40.3,40.51,41.39,40.55,41.390083,1807474,0.116012,0.0,0.0,0.0345,0.0217
2014-11-11,天华超净,sz300390,44.34,40.85,41.9,44.3,41.39,44.300095,4507471,0.289311,0.0,0.0,0.0843,0.0572
2014-11-12,天华超净,sz300390,47.38,43.11,43.31,46.53,44.3,46.530117,4710674,0.302354,0.0,0.0,0.0963,0.0743
2014-11-13,天华超净,sz300390,45.86,43.99,45.2,44.25,46.53,44.250095,2934838,0.188372,0.0,0.0,0.0401,-0.021
2014-11-14,天华超净,sz300390,44.18,39.85,44.18,40.68,44.25,40.680084,3150066,0.202187,0.0,0.0,0.0978,-0.0792
2014-11-17,天华超净,sz300390,42.29,39.91,40.0,40.88,40.68,40.88007,1703697,0.109352,0.0,0.0,0.0585,0.022
2014-11-18,天华超净,sz300390,41.64,40.08,40.52,41.55,40.88,41.550053,1118182,0.07177,0.0,0.0,0.0381,0.0254
2014-11-19,天华超净,sz300390,41.85,40.3,41.38,41.16,41.55,41.160065,1166560,0.074875,0.0,0.0,0.0373,-0.0053
2014-11-20,天华超净,sz300390,41.15,40.32,40.5,41.06,41.16,41.060043,1070710,0.068723,0.0,0.0,0.0201,0.0138
2014-11-21,天华超净,sz300390,42.0,40.5,41.05,41.11,41.06,41.110058,1232194,0.079088,0.0,0.0,0.0365,0.0014
2014-11-24,天华超净,sz300390,42.3,41.12,41.7,41.84,41.11,41.840046,1420426,0.09117,0.0,0.0,0.0287,0.0033
2014-11-25,天华超净,sz300390,42.57,40.86,41.84,41.3,41.84,41.30006,1842050,0.118232,0.0,0.0,0.0408,-0.0129
2014-11-26,天华超净,sz300390,41.98,41.11,41.31,41.87,41.3,41.87004,990682,0.063587,0.0,0.0,0.021,0.0135
2014-11-27,天华超净,sz300390,43.59,42.25,42.25,43.18,41.87,43.18003,2015233,0.129347,0.0,0.0,0.032,0.022
2014-11-28,天华超净,sz300390,43.44,42.16,43.3,42.85,43.18,42.850048,1662237,0.10669,0.0,0.0,0.0296,-0.0103
2014-12-01,天华超净,sz300390,47.14,42.4,42.88,47.14,42.85,47.140068,4729415,0.303557,0.0,0.0,0.1106,0.0993
2014-12-02,天华超净,sz300390,49.47,46.33,46.7,46.99,47.14,46.990067,4398473,0.282315,0.0,0.0,0.0666,0.0062
2014-12-03,天华超净,sz300390,48.3,45.66,47.11,47.92,46.99,47.920048,3248033,0.208475,0.0,0.0,0.0561,0.0171
2014-12-04,天华超净,sz300390,48.47,47.04,48.23,47.48,47.92,47.480045,2258000,0.144929,0.0,0.0,0.0298,-0.0155
2014-12-05,天华超净,sz300390,47.69,45.0,47.0,47.0,47.48,47.000023,2379854,0.152751,0.0,0.0,0.0566,0.0
2014-12-08,天华超净,sz300390,47.1,42.9,46.2,43.0,47.0,43.00004,3417544,0.219355,0.0,0.0,0.0893,-0.0692
2014-12-09,天华超净,sz300390,42.8,39.65,42.8,39.73,43.0,39.730015,1661100,0.106617,0.0,0.0,0.0732,-0.0717
2014-12-10,天华超净,sz300390,41.58,38.9,39.82,40.8,39.73,40.800022,989848,0.063533,0.0,0.0,0.0674,0.0246
2014-12-11,天华超净,sz300390,41.5,40.17,40.52,41.0,40.8,41.000023,731225,0.046934,0.0,0.0,0.0325,0.0118
2014-12-12,天华超净,sz300390,41.88,40.75,41.0,41.68,41.0,41.68001,857885,0.055063,0.0,0.0,0.0275,0.0165
2014-12-15,天华超净,sz300390,43.01,41.38,41.95,42.65,41.68,42.65003,1231190,0.079024,0.0,0.0,0.0391,0.0166
2014-12-16,天华超净,sz300390,42.89,41.68,42.51,42.0,42.65,42.000042,1102361,0.070755,0.0,0.0,0.0283,-0.0119
2014-12-17,天华超净,sz300390,42.8,40.75,42.0,42.5,42.0,42.500053,1141618,0.073275,0.0,0.0,0.0488,0.0119
2014-12-18,天华超净,sz300390,43.0,40.23,42.61,40.25,42.5,40.250057,867904,0.055706,0.0,0.0,0.0651,-0.0553
2014-12-19,天华超净,sz300390,40.0,37.5,40.0,38.24,40.25,38.24005,1271289,0.081597,0.0,0.0,0.0621,-0.0439
2014-12-22,天华超净,sz300390,38.0,35.0,38.0,35.5,38.24,35.500034,864424,0.055483,0.0,0.0,0.0784,-0.0657
2014-12-23,天华超净,sz300390,37.02,35.1,35.1,36.0,35.5,36.000053,369574,0.023721,0.0,0.0,0.054,0.0256
2014-12-24,天华超净,sz300390,37.88,36.25,36.25,37.36,36.0,37.360065,539749,0.034644,0.0,0.0,0.0452,0.0306
2014-12-25,天华超净,sz300390,37.55,36.5,37.55,37.36,37.36,37.360065,424180,0.027226,0.0,0.0,0.0281,-0.005
2014-12-26,天华超净,sz300390,37.42,36.78,37.0,37.2,37.36,37.20005,239650,0.015382,0.0,0.0,0.0171,0.0054
2014-12-29,天华超净,sz300390,37.15,35.38,37.15,36.0,37.2,36.000053,515411,0.033082,0.0,0.0,0.0475,-0.0309
2014-12-30,天华超净,sz300390,36.2,34.85,36.09,36.18,36.0,36.18005,587371,0.0377,0.0,0.0,0.0375,0.0024
2014-12-31,天华超净,sz300390,37.0,35.0,35.77,36.89,36.18,36.89005,586630,0.037653,0.0,0.0,0.0552,0.0313
2015-01-01,天华超净,sz300390,36.88995,36.88995,36.88995,36.88995,36.89,24.39523,0,0.0,0.0,0.0,0.0,0.0
2015-01-02,天华超净,sz300390,36.88995,36.88995,36.88995,36.88995,36.88995,24.39523,0,0.0,0.0,0.0,0.0,0.0
2015-01-05,天华超净,sz300390,36.49995,34.99995,35.50995,36.24,36.88995,23.96542,8300,0.035517,0.0,0.0,0.0406,0.0205
2015-01-06,天华超净,sz300390,39.37995,35.65005,35.65995,38.20005,36.24,25.2616,12544,0.053676,0.0,0.0,0.1029,0.0712
2015-01-07,天华超净,sz300390,38.53995,37.24995,38.20005,38.25,38.20005,25.29463,11100,0.0475,0.0,0.0,0.0337,0.0013
2015-01-08,天华超净,sz300390,38.77005,37.60995,37.8,38.25,38.25,25.29463,6332,0.027095,0.0,0.0,0.0303,0.0119
2015-01-09,天华超净,sz300390,38.50005,37.8,38.16,38.25,38.25,25.29463,6726,0.028784,0.0,0.0,0.0183,0.0023
2015-01-12,天华超净,sz300390,38.26995,36.21,38.25,36.49995,38.25,24.13733,4605,0.019708,0.0,0.0,0.0538,-0.0457
2015-01-13,天华超净,sz300390,37.30005,36.01005,36.01005,36.9,36.49995,24.40188,4190,0.01793,0.0,0.0,0.0353,0.0247
2015-01-14,天华超净,sz300390,37.00005,35.80005,36.88995,36.52995,36.9,24.15717,6658,0.02849,0.0,0.0,0.0325,-0.0097
2015-01-15,天华超净,sz300390,37.66995,36.22995,36.3,36.61005,36.52995,24.21014,3489,0.014929,0.0,0.0,0.0394,0.0085
2015-01-16,天华超净,sz300390,37.36005,36.49995,36.61005,37.26,36.61005,24.63995,5276,0.022577,0.0,0.0,0.0234,0.0177
2015-01-19,天华超净,sz300390,38.85,36.19995,36.19995,37.54995,37.26,24.83169,16833,0.07203,0.0,0.0,0.0711,0.0372
2015-01-20,天华超净,sz300390,39.85995,37.54995,38.50005,39.49995,37.54995,26.12122,24625,0.105372,0.0,0.0,0.0615,0.0259
2015-01-21,天华超净,sz300390,39.88005,38.88,39.3,39.6,39.49995,26.18738,19497,0.08343,0.0,0.0,0.0253,0.0076
2015-01-22,天华超净,sz300390,40.54005,39.0,39.6,40.18995,39.6,26.57751,12351,0.052853,0.0,0.0,0.0388,0.0148
2015-01-23,天华超净,sz300390,40.09005,38.98005,40.09005,39.07995,40.18995,25.84347,13072,0.055937,0.0,0.0,0.0276,-0.0251
2015-01-26,天华超净,sz300390,39.36,38.77005,39.07995,39.22995,39.07995,25.94267,5120,0.021909,0.0,0.0,0.015,0.0038
2015-01-27,天华超净,sz300390,40.09995,39.07005,39.22995,39.70995,39.22995,26.26009,8511,0.036422,0.0,0.0,0.0262,0.0122
2015-01-28,天华超净,sz300390,40.30005,39.19995,39.61005,39.24,39.70995,25.94931,9929,0.042489,0.0,0.0,0.0277,-0.0093
2015-01-29,天华超净,sz300390,39.24,37.39995,39.01995,37.99995,39.24,25.12927,14332,0.06133,0.0,0.0,0.0468,-0.0261
2015-01-30,天华超净,sz300390,38.28,37.2,38.08005,37.24995,37.99995,24.6333,4260,0.01823,0.0,0.0,0.0284,-0.0217
2015-02-02,天华超净,sz300390,37.24995,37.24995,37.24995,37.24995,37.24995,24.6333,0,0.0,0.0,0.0,0.0,0.0
2015-02-03,天华超净,sz300390,37.24995,37.24995,37.24995,37.24995,37.24995,24.6333,0,0.0,0.0,0.0,0.0,0.0
2015-02-04,天华超净,sz300390,37.24995,37.24995,37.24995,37.24995,37.24995,24.6333,0,0.0,0.0,0.0,0.0,0.0
2015-02-05,天华超净,sz300390,37.24995,37.24995,37.24995,37.24995,37.24995,24.6333,0,0.0,0.0,0.0,0.0,0.0
2015-02-06,天华超净,sz300390,37.24995,37.24995,37.24995,37.24995,37.24995,24.6333,0,0.0,0.0,0.0,0.0,0.0
2015-02-09,天华超净,sz300390,37.24995,37.24995,37.24995,37.24995,37.24995,24.6333,0,0.0,0.0,0.0,0.0,0.0
2015-02-10,天华超净,sz300390,37.24995,37.24995,37.24995,37.24995,37.24995,24.6333,0,0.0,0.0,0.0,0.0,0.0
2015-02-11,天华超净,sz300390,37.24995,37.24995,37.24995,37.24995,37.24995,24.6333,0,0.0,0.0,0.0,0.0,0.0
2015-02-12,天华超净,sz300390,37.24995,37.24995,37.24995,37.24995,37.24995,24.6333,0,0.0,0.0,0.0,0.0,0.0
2015-02-13,天华超净,sz300390,37.24995,37.24995,37.24995,37.24995,37.24995,24.6333,0,0.0,0.0,0.0,0.0,0.0
2015-02-16,天华超净,sz300390,37.24995,37.24995,37.24995,37.24995,37.24995,24.6333,0,0.0,0.0,0.0,0.0,0.0
2015-02-17,天华超净,sz300390,37.24995,37.24995,37.24995,37.24995,37.24995,24.6333,0,0.0,0.0,0.0,0.0,0.0
2015-02-18,天华超净,sz300390,37.24995,37.24995,37.24995,37.24995,37.24995,24.6333,0,0.0,0.0,0.0,0.0,0.0
2015-02-19,天华超净,sz300390,37.24995,37.24995,37.24995,37.24995,37.24995,24.6333,0,0.0,0.0,0.0,0.0,0.0
2015-02-20,天华超净,sz300390,37.24995,37.24995,37.24995,37.24995,37.24995,24.6333,0,0.0,0.0,0.0,0.0,0.0
2015-02-23,天华超净,sz300390,37.24995,37.24995,37.24995,37.24995,37.24995,24.6333,0,0.0,0.0,0.0,0.0,0.0
2015-02-24,天华超净,sz300390,37.24995,37.24995,37.24995,37.24995,37.24995,24.6333,0,0.0,0.0,0.0,0.0,0.0
2015-02-25,天华超净,sz300390,37.24995,37.24995,37.24995,37.24995,37.24995,24.6333,0,0.0,0.0,0.0,0.0,0.0
2015-02-26,天华超净,sz300390,37.24995,37.24995,37.24995,37.24995,37.24995,24.6333,0,0.0,0.0,0.0,0.0,0.0
2015-02-27,天华超净,sz300390,37.24995,37.24995,37.24995,37.24995,37.24995,24.6333,0,0.0,0.0,0.0,0.0,0.0
2015-03-02,天华超净,sz300390,37.24995,37.24995,37.24995,37.24995,37.24995,24.6333,0,0.0,0.0,0.0,0.0,0.0
2015-03-03,天华超净,sz300390,37.24995,37.24995,37.24995,37.24995,37.24995,24.6333,0,0.0,0.0,0.0,0.0,0.0
2015-03-04,天华超净,sz300390,37.24995,37.24995,37.24995,37.24995,37.24995,24.6333,0,0.0,0.0,0.0,0.0,0.0
2015-03-05,天华超净,sz300390,37.24995,37.24995,37.24995,37.24995,37.24995,24.6333,0,0.0,0.0,0.0,0.0,0.0
2015-03-06,天华超净,sz300390,37.24995,37.24995,37.24995,37.24995,37.24995,24.6333,0,0.0,0.0,0.0,0.0,0.0
2015-03-09,天华超净,sz300390,37.24995,37.24995,37.24995,37.24995,37.24995,24.6333,0,0.0,0.0,0.0,0.0,0.0
2015-03-10,天华超净,sz300390,37.24995,37.24995,37.24995,37.24995,37.24995,24.6333,0,0.0,0.0,0.0,0.0,0.0
2015-03-11,天华超净,sz300390,37.24995,37.24995,37.24995,37.24995,37.24995,24.6333,0,0.0,0.0,0.0,0.0,0.0
2015-03-12,天华超净,sz300390,37.24995,37.24995,37.24995,37.24995,37.24995,24.6333,0,0.0,0.0,0.0,0.0,0.0
2015-03-13,天华超净,sz300390,37.24995,37.24995,37.24995,37.24995,37.24995,24.6333,0,0.0,0.0,0.0,0.0,0.0
2015-03-16,天华超净,sz300390,37.24995,37.24995,37.24995,37.24995,37.24995,24.6333,0,0.0,0.0,0.0,0.0,0.0
2015-03-17,天华超净,sz300390,37.24995,37.24995,37.24995,37.24995,37.24995,24.6333,0,0.0,0.0,0.0,0.0,0.0
2015-03-18,天华超净,sz300390,37.24995,37.24995,37.24995,37.24995,37.24995,24.6333,0,0.0,0.0,0.0,0.0,0.0
2015-03-19,天华超净,sz300390,37.24995,37.24995,37.24995,37.24995,37.24995,24.6333,0,0.0,0.0,0.0,0.0,0.0
2015-03-20,天华超净,sz300390,37.24995,37.24995,37.24995,37.24995,37.24995,24.6333,0,0.0,0.0,0.0,0.0,0.0
2015-03-23,天华超净,sz300390,37.24995,37.24995,37.24995,37.24995,37.24995,24.6333,0,0.0,0.0,0.0,0.0,0.0
2015-03-24,天华超净,sz300390,37.24995,37.24995,37.24995,37.24995,37.24995,24.6333,0,0.0,0.0,0.0,0.0,0.0
2015-03-25,天华超净,sz300390,37.24995,37.24995,37.24995,37.24995,37.24995,24.6333,0,0.0,0.0,0.0,0.0,0.0
2015-03-26,天华超净,sz300390,37.24995,37.24995,37.24995,37.24995,37.24995,24.6333,0,0.0,0.0,0.0,0.0,0.0
2015-03-27,天华超净,sz300390,37.24995,37.24995,37.24995,37.24995,37.24995,24.6333,0,0.0,0.0,0.0,0.0,0.0
2015-03-30,天华超净,sz300390,37.24995,37.24995,37.24995,37.24995,37.24995,24.6333,0,0.0,0.0,0.0,0.0,0.0
2015-03-31,天华超净,sz300390,37.24995,37.24995,37.24995,37.24995,37.24995,24.6333,0,0.0,0.0,0.0,0.0,0.0
2015-04-01,天华超净,sz300390,37.24995,37.24995,37.24995,37.24995,37.24995,24.6333,0,0.0,0.0,0.0,0.0,0.0
2015-04-02,天华超净,sz300390,37.24995,37.24995,37.24995,37.24995,37.24995,24.6333,0,0.0,0.0,0.0,0.0,0.0
2015-04-03,天华超净,sz300390,37.24995,37.24995,37.24995,37.24995,37.24995,24.6333,0,0.0,0.0,0.0,0.0,0.0
2015-04-06,天华超净,sz300390,37.24995,37.24995,37.24995,37.24995,37.24995,24.6333,0,0.0,0.0,0.0,0.0,0.0
2015-04-07,天华超净,sz300390,37.24995,37.24995,37.24995,37.24995,37.24995,24.6333,0,0.0,0.0,0.0,0.0,0.0
2015-04-08,天华超净,sz300390,37.24995,37.24995,37.24995,37.24995,37.24995,24.6333,0,0.0,0.0,0.0,0.0,0.0
2015-04-09,天华超净,sz300390,37.24995,37.24995,37.24995,37.24995,37.24995,24.6333,0,0.0,0.0,0.0,0.0,0.0
2015-04-10,天华超净,sz300390,37.24995,37.24995,37.24995,37.24995,37.24995,24.6333,0,0.0,0.0,0.0,0.0,0.0
2015-04-13,天华超净,sz300390,37.24995,37.24995,37.24995,37.24995,37.24995,24.6333,0,0.0,0.0,0.0,0.0,0.0
2015-04-14,天华超净,sz300390,24.8333,24.8333,24.8333,24.8333,37.24995,16.4222,0,0.0,0.0,0.0,0.0,0.0
2015-04-15,天华超净,sz300390,24.8333,24.8333,24.8333,24.8333,24.8333,16.4222,0,0.0,0.0,0.0,0.0,0.0
2015-04-16,天华超净,sz300390,24.833,24.833,24.833,24.833,24.8333,24.833,0,0.0,0.0,0.0,0.0,0.0
2015-04-17,天华超净,sz300390,24.833,24.833,24.833,24.833,24.833,24.833,0,0.0,0.0,0.0,0.0,0.0
2015-04-20,天华超净,sz300390,24.833,24.833,24.833,24.833,24.833,24.833,0,0.0,0.0,0.0,0.0,0.0
2015-04-21,天华超净,sz300390,24.833,24.833,24.833,24.833,24.833,24.833,0,0.0,0.0,0.0,0.0,0.0
2015-04-22,天华超净,sz300390,24.833,24.833,24.833,24.833,24.833,24.833,0,0.0,0.0,0.0,0.0,0.0
2015-04-23,天华超净,sz300390,24.833,24.833,24.833,24.833,24.833,24.833,0,0.0,0.0,0.0,0.0,0.0
2015-04-24,天华超净,sz300390,27.17,27.17,27.17,27.17,24.833,27.17,2724,0.011658,76.697334,9.663058,0.0,0.0
2015-04-27,天华超净,sz300390,29.89,29.89,29.89,29.89,27.17,29.89,160,6.86E-4,84.3755,10.630427,0.0,0.0
2015-04-28,天华超净,sz300390,32.88,32.88,32.88,32.88,29.89,32.88,1145,0.004899,92.81584,11.69382,0.0,0.0
2015-04-29,天华超净,sz300390,36.17,33.66,35.0,36.17,32.88,36.17,31044,0.13284,102.10309,12.863916,0.0763,0.0334
2015-04-30,天华超净,sz300390,39.79,35.6,38.0,35.6,36.17,35.6,54041,0.231243,100.49404,12.661193,0.1158,-0.0631
2015-05-01,天华超净,sz300390,35.6,35.6,35.6,35.6,35.6,35.6,0,0.0,0.0,0.0,0.0,0.0
2015-05-04,天华超净,sz300390,35.35,32.6,34.4,34.55,35.6,34.55,32459,0.138894,97.530075,12.287764,0.0772,0.0043
2015-05-05,天华超净,sz300390,34.9,32.85,34.9,32.91,34.55,32.91,20654,0.088379,92.90061,11.704501,0.0593,-0.057
2015-05-06,天华超净,sz300390,33.71,31.84,32.75,32.0,32.91,32.0,18831,0.080578,90.33182,11.380859,0.0568,-0.0229
2015-05-07,天华超净,sz300390,33.58,31.86,32.01,33.58,32.0,33.58,21400,0.091574,94.791954,11.942789,0.0537,0.049
2015-05-08,天华超净,sz300390,36.45,33.75,33.9,35.8,33.58,35.8,28392,0.121491,101.05874,12.732339,0.0804,0.056
2015-05-11,天华超净,sz300390,37.29,35.0,35.78,36.86,35.8,36.86,30450,0.130296,104.05099,13.109331,0.0639,0.0301
2015-05-12,天华超净,sz300390,37.55,36.0,36.98,37.0,36.86,37.0,28388,0.121473,104.446175,13.15912,0.042,5.0E-4
2015-05-13,天华超净,sz300390,36.8,35.25,36.49,36.61,37.0,36.61,27855,0.119192,103.34521,13.02041,0.0418,0.0032
2015-05-14,天华超净,sz300390,38.44,36.6,36.6,37.92,36.61,37.92,28617,0.122453,107.04321,13.486319,0.0502,0.036
2015-05-15,天华超净,sz300390,41.71,36.8,37.78,41.71,37.92,41.71,60405,0.258473,117.74186,14.834236,0.1294,0.104
2015-05-18,天华超净,sz300390,45.88,41.8,43.8,45.88,41.71,45.88,47084,0.201476,129.51321,16.317305,0.0978,0.0474
2015-05-19,天华超净,sz300390,49.94,44.5,49.94,44.92,45.88,44.92,61153,0.261674,126.80328,15.975881,0.1185,-0.1005
2015-05-20,天华超净,sz300390,47.68,44.2,45.7,45.3,44.92,45.3,40099,0.171586,127.875916,16.111021,0.0774,-0.0087
2015-05-21,天华超净,sz300390,49.83,44.45,44.45,49.83,45.3,49.83,26578,0.113681,140.6635,17.722122,0.1187,0.121
2015-05-22,天华超净,sz300390,54.81,47.0,53.6,49.0,49.83,49.0,39783,0.17025,138.32053,17.426931,0.1567,-0.0858
2015-05-25,天华超净,sz300390,50.3,46.2,47.0,49.05,49.0,49.05,34269,0.146675,138.46167,17.444715,0.0836,0.0436
2015-05-26,天华超净,sz300390,52.99,49.07,49.07,52.98,49.05,52.98,34916,0.149422,149.55554,18.842426,0.0799,0.0796
2015-05-27,天华超净,sz300390,57.52,50.38,54.0,55.97,52.98,55.97,33006,0.141234,157.99591,19.905825,0.1347,0.0364
2015-05-28,天华超净,sz300390,61.57,52.18,55.0,52.2,55.97,52.2,52883,0.22627,147.3537,18.565018,0.1677,-0.0509
2015-05-29,天华超净,sz300390,56.39,50.0,53.0,54.49,52.2,54.49,36737,0.157251,153.81807,19.37946,0.1224,0.0281
2015-06-01,天华超净,sz300390,57.5,54.21,54.21,56.7,54.49,56.7,31217,0.133585,160.05661,20.16545,0.0603,0.0459
2015-06-02,天华超净,sz300390,59.2,55.0,56.58,57.59,56.7,57.59,33907,0.145075,162.56895,20.48198,0.074,0.0178
2015-06-03,天华超净,sz300390,60.68,56.0,58.0,57.6,57.59,57.6,27762,0.118803,162.59718,20.485537,0.0812,-0.0068
2015-06-04,天华超净,sz300390,56.99,51.84,56.39,52.68,57.6,52.68,39727,0.17001,148.70868,18.73573,0.0894,-0.0657
2015-06-05,天华超净,sz300390,54.0,50.1,54.0,51.1,52.68,51.1,30563,0.130801,144.24855,18.1738,0.074,-0.0537
2015-06-08,天华超净,sz300390,51.2,47.94,51.1,49.98,51.1,49.98,27320,0.116905,141.08693,17.77547,0.0637,-0.0219
2015-06-09,天华超净,sz300390,50.56,48.01,49.64,48.82,49.98,48.82,17599,0.075301,137.81241,17.362915,0.051,-0.0165
2015-06-10,天华超净,sz300390,51.0,48.4,49.42,50.75,48.82,50.75,22498,0.096271,143.26054,18.049322,0.0532,0.0269
2015-06-11,天华超净,sz300390,53.15,51.62,51.68,52.5,50.75,52.5,27062,0.115791,148.20056,18.671713,0.0301,0.0158
2015-06-12,天华超净,sz300390,52.95,50.65,52.55,51.68,52.5,51.68,21818,0.093341,145.8858,18.380077,0.0438,-0.0165
2015-06-15,天华超净,sz300390,51.6,47.43,51.59,47.53,51.68,47.53,24661,0.105503,134.17091,16.904123,0.0806,-0.0786
2015-06-16,天华超净,sz300390,47.0,43.5,47.0,44.01,47.53,44.01,14595,0.062422,124.23441,15.65223,0.0736,-0.0636
2015-06-17,天华超净,sz300390,45.5,42.55,43.59,45.0,44.01,45.0,14578,0.062358,127.02905,16.004326,0.067,0.0323
2015-06-18,天华超净,sz300390,45.45,41.97,45.1,42.79,45.0,42.79,11063,0.047339,120.79051,15.218335,0.0773,-0.0512
2015-06-19,天华超净,sz300390,42.79,38.51,42.41,38.51,42.79,38.51,13084,0.055985,108.70864,13.696146,0.1,-0.0919
2015-06-22,天华超净,sz300390,38.51,38.51,38.51,38.51,38.51,38.51,0,0.0,0.0,0.0,0.0,0.0
2015-06-23,天华超净,sz300390,40.99,37.0,39.9,40.37,38.51,40.37,18321,0.078433,113.959175,14.357658,0.1036,0.0117
2015-06-24,天华超净,sz300390,41.98,39.37,40.9,40.5,40.37,40.5,15923,0.068169,114.32615,14.403893,0.0646,-0.0097
2015-06-25,天华超净,sz300390,41.55,39.5,41.0,39.9,40.5,39.9,26895,0.115141,112.63242,14.190502,0.0506,-0.0268
2015-06-26,天华超净,sz300390,39.89,35.91,39.05,35.91,39.9,35.91,23998,0.102714,101.36919,12.771452,0.0997,-0.0804
2015-06-29,天华超净,sz300390,37.67,32.32,37.6,32.32,35.91,32.32,21599,0.092461,91.23509,11.494662,0.1489,-0.1404
2015-06-30,天华超净,sz300390,33.99,29.09,31.59,33.5,32.32,33.5,31994,0.136884,94.56607,11.914331,0.1516,0.0604
2015-07-01,天华超净,sz300390,34.8,30.15,33.0,30.15,33.5,30.15,27763,0.118731,85.10947,10.722898,0.1388,-0.0863
2015-07-02,天华超净,sz300390,30.68,27.15,30.5,28.0,30.15,28.0,27611,0.118212,79.0403,9.958247,0.117,-0.0819
2015-07-03,天华超净,sz300390,28.68,25.2,27.84,25.35,28.0,25.35,29018,0.124258,71.5597,9.01577,0.1242,-0.0894
2015-07-06,天华超净,sz300390,27.89,22.82,27.89,23.5,25.35,23.5,30101,0.128848,66.337395,8.357814,0.2,-0.1574
2015-07-07,天华超净,sz300390,22.8,21.15,22.8,21.15,23.5,21.15,19259,0.082455,59.703655,7.522033,0.0702,-0.0723
2015-07-08,天华超净,sz300390,21.15,21.15,21.15,21.15,21.15,21.15,0,0.0,0.0,0.0,0.0,0.0
2015-07-09,天华超净,sz300390,21.15,21.15,21.15,21.15,21.15,21.15,0,0.0,0.0,0.0,0.0,0.0
2015-07-10,天华超净,sz300390,21.15,21.15,21.15,21.15,21.15,21.15,0,0.0,0.0,0.0,0.0,0.0
2015-07-13,天华超净,sz300390,21.15,21.15,21.15,21.15,21.15,21.15,0,0.0,0.0,0.0,0.0,0.0
2015-07-14,天华超净,sz300390,23.27,23.27,23.27,23.27,21.15,23.27,1401,0.005993,65.68813,8.276014,0.0,0.0
2015-07-15,天华超净,sz300390,25.6,25.0,25.6,25.6,23.27,25.6,68890,0.294914,72.26542,9.104683,0.0257,0.0
2015-07-16,天华超净,sz300390,27.97,23.76,25.6,27.17,25.6,27.17,57294,0.245146,76.69732,9.663056,0.1644,0.0613
2015-07-17,天华超净,sz300390,29.89,27.31,27.31,29.89,27.17,29.89,36285,0.155159,84.37552,10.630428,0.0949,0.0944
2015-07-20,天华超净,sz300390,31.49,28.8,30.14,30.68,29.89,30.68,53223,0.227738,86.60558,10.911393,0.0899,0.0179
2015-07-21,天华超净,sz300390,31.78,28.88,29.9,31.13,30.68,31.13,39455,0.168713,87.87588,11.071437,0.0945,0.0411
2015-07-22,天华超净,sz300390,32.68,30.15,30.64,32.38,31.13,32.38,37483,0.16033,91.404465,11.516001,0.0812,0.0567
2015-07-23,天华超净,sz300390,34.68,31.5,32.17,34.22,32.38,34.22,56014,0.2396,96.59853,12.1704,0.0982,0.0637
2015-07-24,天华超净,sz300390,34.8,32.01,34.08,32.5,34.22,32.5,50203,0.214684,91.7432,11.558679,0.0815,-0.0463
2015-07-27,天华超净,sz300390,32.89,29.25,31.0,29.25,32.5,29.25,38825,0.166028,82.568886,10.402811,0.112,-0.0564
2015-07-28,天华超净,sz300390,30.0,26.33,27.5,27.3,29.25,27.3,33847,0.144831,77.06429,9.709291,0.1254,-0.0072
2015-07-29,天华超净,sz300390,30.03,27.71,28.0,30.03,27.3,30.03,41709,0.178422,84.77072,10.68022,0.0849,0.0725
2015-07-30,天华超净,sz300390,32.28,30.2,30.2,31.0,30.03,31.0,51772,0.221676,87.5089,11.025202,0.0692,0.0264
2015-07-31,天华超净,sz300390,31.49,29.0,29.0,29.6,31.0,29.6,36223,0.07686,83.556885,10.527289,0.0803,0.0206
2015-08-03,天华超净,sz300390,29.08,26.64,28.28,26.8,29.6,26.8,39612,0.084054,75.652855,9.531465,0.0824,-0.0523
2015-08-04,天华超净,sz300390,28.89,26.5,26.72,28.66,26.8,28.66,34632,0.073468,80.90339,10.192977,0.0891,0.0726
2015-08-05,天华超净,sz300390,29.1,27.7,28.38,28.7,28.66,28.7,40897,0.086815,81.016304,10.207203,0.0488,0.0112
2015-08-06,天华超净,sz300390,29.9,27.66,27.69,29.4,28.7,29.4,38017,0.0807,82.99232,10.456159,0.078,0.0617
2015-08-07,天华超净,sz300390,30.56,28.9,29.6,30.47,29.4,30.47,48261,0.102403,86.01278,10.836706,0.0564,0.0293
2015-08-10,天华超净,sz300390,32.31,30.62,30.71,31.99,30.47,31.99,53198,0.112852,90.30354,11.377297,0.0554,0.0416
2015-08-11,天华超净,sz300390,34.2,31.51,31.6,32.81,31.99,32.81,56771,0.120482,92.61829,11.668931,0.084,0.0382
2015-08-12,天华超净,sz300390,33.33,31.77,32.0,32.05,32.81,32.05,48912,0.103817,90.472916,11.398636,0.0475,0.0015
2015-08-13,天华超净,sz300390,32.8,31.53,31.66,32.71,32.05,32.71,29770,0.063191,92.336006,11.633366,0.0396,0.0331
2015-08-14,天华超净,sz300390,34.07,32.68,33.04,32.77,32.71,32.77,41719,0.088545,92.50538,11.654705,0.0424,-0.0081
2015-08-17,天华超净,sz300390,33.0,30.99,32.8,32.15,32.77,32.15,46372,0.098407,90.7552,11.434201,0.0613,-0.0198
2015-08-18,天华超净,sz300390,32.59,28.94,31.92,28.98,32.15,28.98,47068,0.099856,81.80671,10.306785,0.1135,-0.0921
2015-08-19,天华超净,sz300390,29.8,26.83,27.8,29.23,28.98,29.23,23793,0.050506,82.51243,10.395698,0.1024,0.0514
2015-08-20,天华超净,sz300390,29.17,27.05,28.85,27.05,29.23,27.05,20965,0.044479,76.358574,9.620378,0.0725,-0.0623
2015-08-21,天华超净,sz300390,28.38,27.0,27.45,27.05,27.05,27.05,34694,0.073606,76.358574,9.620378,0.051,-0.0145
2015-08-24,天华超净,sz300390,26.0,24.35,26.0,24.35,27.05,24.35,15931,0.03382,68.73683,8.660118,0.0609,-0.0634
2015-08-25,天华超净,sz300390,22.98,21.92,21.92,21.92,24.35,21.92,23546,0.049964,61.877262,7.795885,0.0435,0.0
2015-08-26,天华超净,sz300390,23.1,20.32,21.9,21.07,21.92,21.07,32381,0.068708,59.477825,7.493581,0.1268,-0.0378
2015-08-27,天华超净,sz300390,22.0,20.64,21.5,21.8,21.07,21.8,27685,0.058767,61.53852,7.753206,0.0645,0.0139
2015-08-28,天华超净,sz300390,23.25,21.41,22.18,23.01,21.8,23.01,50610,0.10743,64.954185,8.183545,0.0844,0.0374
2015-08-31,天华超净,sz300390,23.0,20.71,22.62,20.71,23.01,20.71,33257,0.070569,58.461594,7.365546,0.0995,-0.0844
2015-09-01,天华超净,sz300390,20.3,18.64,20.11,18.64,20.71,18.64,34415,0.073063,52.618256,6.629347,0.0801,-0.073
2015-09-02,天华超净,sz300390,19.49,17.01,17.06,17.5,18.64,17.5,23191,0.049193,49.40019,6.223904,0.133,0.0257
2015-09-03,天华超净,sz300390,17.5,17.5,17.5,17.5,17.5,17.5,0,0.0,0.0,0.0,0.0,0.0
2015-09-04,天华超净,sz300390,17.5,17.5,17.5,17.5,17.5,17.5,0,0.0,0.0,0.0,0.0,0.0
2015-09-07,天华超净,sz300390,18.73,17.91,18.15,18.35,17.5,18.35,35114,0.07449,51.799625,6.526208,0.0468,0.011
2015-09-08,天华超净,sz300390,20.0,17.95,18.01,19.68,18.35,19.68,32600,0.069209,55.55404,6.999225,0.1117,0.0927
2015-09-09,天华超净,sz300390,21.1,19.5,19.89,20.8,19.68,20.8,53494,0.113538,58.715652,7.397555,0.0813,0.0457
2015-09-10,天华超净,sz300390,20.85,20.0,20.22,20.28,20.8,20.28,30647,0.065013,57.24776,7.212616,0.0408,0.0029
2015-09-11,天华超净,sz300390,20.8,20.26,20.26,20.66,20.28,20.66,25788,0.0547,58.32045,7.347764,0.0266,0.0197
2015-09-14,天华超净,sz300390,20.79,18.59,20.7,18.88,20.66,18.88,46872,0.099432,53.295746,6.714704,0.1064,-0.0879
2015-09-15,天华超净,sz300390,19.38,18.02,18.46,18.19,18.88,18.19,20062,0.042582,51.347965,6.469304,0.072,-0.0146
2015-09-16,天华超净,sz300390,20.01,18.26,18.8,20.01,18.19,20.01,27257,0.057838,56.485584,7.11659,0.0962,0.0643
2015-09-17,天华超净,sz300390,21.18,19.0,19.91,19.9,20.01,19.9,39566,0.083941,56.17507,7.077468,0.1089,-5.0E-4
2015-09-18,天华超净,sz300390,20.87,19.47,20.51,20.59,19.9,20.59,34667,0.073587,58.12285,7.322868,0.0703,0.0039
2015-09-21,天华超净,sz300390,21.75,20.0,20.25,21.6,20.59,21.6,45833,0.097249,60.973946,7.682076,0.0849,0.0666
2015-09-22,天华超净,sz300390,22.56,21.0,21.52,21.91,21.6,21.91,51985,0.110261,61.849033,7.792328,0.0722,0.0181
2015-09-23,天华超净,sz300390,22.4,21.22,21.23,21.89,21.91,21.89,35805,0.075947,61.792576,7.785215,0.0538,0.031
2015-09-24,天华超净,sz300390,22.78,21.8,21.92,22.5,21.89,22.5,41142,0.08733,63.514526,8.002163,0.0447,0.0264
2015-09-25,天华超净,sz300390,22.86,20.65,22.45,20.75,22.5,20.75,38629,0.081958,58.57451,7.379772,0.0982,-0.0757
2015-09-28,天华超净,sz300390,20.75,20.75,20.75,20.75,20.75,20.75,0,0.056149,61.53852,7.753206,0.0,0.0
2015-09-29,天华超净,sz300390,22.0,21.15,21.41,21.55,20.75,21.55,26260,0.055699,60.8328,7.664294,0.0409,0.0065
2015-09-30,天华超净,sz300390,21.92,21.3,21.55,21.9,21.55,21.9,29377,0.062341,61.820805,7.788772,0.0287,0.0162
2015-10-01,天华超净,sz300390,21.9,21.9,21.9,21.9,21.9,21.9,0,0.0,0.0,0.0,0.0,0.0
2015-10-02,天华超净,sz300390,21.9,21.9,21.9,21.9,21.9,21.9,0,0.0,0.0,0.0,0.0,0.0
2015-10-05,天华超净,sz300390,21.9,21.9,21.9,21.9,21.9,21.9,0,0.0,0.0,0.0,0.0,0.0
2015-10-06,天华超净,sz300390,21.9,21.9,21.9,21.9,21.9,21.9,0,0.0,0.0,0.0,0.0,0.0
2015-10-07,天华超净,sz300390,21.9,21.9,21.9,21.9,21.9,21.9,0,0.0,0.0,0.0,0.0,0.0
2015-10-08,天华超净,sz300390,23.24,22.44,22.9,23.15,21.9,23.15,34565,0.073344,65.34939,8.233336,0.0365,0.0109
2015-10-09,天华超净,sz300390,23.4,22.66,22.94,23.3,23.15,23.3,35817,0.076005,65.77282,8.286684,0.0319,0.0156
2015-10-12,天华超净,sz300390,24.76,23.4,23.47,24.45,23.3,24.45,37273,0.079108,69.01912,8.695683,0.0583,0.0417
2015-10-13,天华超净,sz300390,25.15,24.05,24.33,25.15,24.45,25.15,39946,0.08478,70.995125,8.94464,0.0449,0.0337
2015-10-14,天华超净,sz300390,25.28,24.53,25.0,25.0,25.15,25.0,40656,0.086282,70.57169,8.891292,0.0298,0.0
2015-10-15,天华超净,sz300390,25.0,25.0,25.0,25.0,25.0,25.0,0,0.0,0.0,0.0,0.0,0.0
2015-10-16,天华超净,sz300390,25.0,25.0,25.0,25.0,25.0,25.0,0,0.0,0.0,0.0,0.0,0.0
2015-10-19,天华超净,sz300390,25.0,25.0,25.0,25.0,25.0,25.0,0,0.0,0.0,0.0,0.0,0.0
2015-10-20,天华超净,sz300390,25.0,25.0,25.0,25.0,25.0,25.0,0,0.0,0.0,0.0,0.0,0.0
2015-10-21,天华超净,sz300390,25.0,25.0,25.0,25.0,25.0,25.0,0,0.0,0.0,0.0,0.0,0.0
2015-10-22,天华超净,sz300390,27.5,24.51,25.0,27.5,25.0,27.5,65572,0.139138,77.62887,9.780421,0.1195,0.1
2015-10-23,天华超净,sz300390,30.15,28.65,28.8,30.15,27.5,30.15,68979,0.146356,85.10947,10.722898,0.0545,0.0468
2015-10-26,天华超净,sz300390,29.88,28.4,29.86,28.97,30.15,28.97,55389,0.117555,81.77848,10.303229,0.049,-0.0298
2015-10-27,天华超净,sz300390,28.92,26.55,28.7,28.35,28.97,28.35,37079,0.078682,80.028305,10.082725,0.0818,-0.0121
2015-10-28,天华超净,sz300390,29.4,27.11,28.46,27.7,28.35,27.7,33634,0.071392,78.193436,9.851551,0.0807,-0.0267
2015-10-29,天华超净,sz300390,28.47,27.31,28.12,27.85,27.7,27.85,24535,0.052081,78.61687,9.904899,0.0418,-0.0096
2015-10-30,天华超净,sz300390,29.21,27.5,27.85,28.21,27.85,28.21,28636,0.060784,79.6331,10.032934,0.0614,0.0129
2015-11-02,天华超净,sz300390,29.16,27.05,27.7,27.8,28.21,27.8,31672,0.067212,78.47572,9.887116,0.0747,0.0036
2015-11-03,天华超净,sz300390,28.55,27.65,27.7,28.09,27.8,28.09,23185,0.0,0.0,0.0,0.0323,0.014
2015-11-04,天华超净,sz300390,30.03,28.28,28.28,29.99,28.09,29.99,49476,0.0,0.0,0.0,0.0622,0.0604
2015-11-05,天华超净,sz300390,30.5,28.78,30.1,29.3,29.99,29.3,55569,0.0,0.0,0.0,0.0573,-0.0265
2015-11-06,天华超净,sz300390,32.23,29.4,32.23,32.23,29.3,32.23,62321,0.0,0.0,0.0,0.0965,0.0
2015-11-09,天华超净,sz300390,35.45,32.33,33.5,34.39,32.23,34.39,97244,0.0,0.0,0.0,0.0968,0.0265
2015-11-10,天华超净,sz300390,34.2,32.9,33.98,33.75,34.39,33.75,42898,0.0,0.0,0.0,0.0378,-0.0067
2015-11-11,天华超净,sz300390,37.13,33.19,33.74,37.13,33.75,37.13,63654,0.0,0.0,0.0,0.1167,0.1004
2015-11-12,天华超净,sz300390,40.5,36.3,37.88,38.6,37.13,38.6,62421,0.0,0.0,0.0,0.1131,0.019
2015-11-13,天华超净,sz300390,38.0,34.89,37.69,35.21,38.6,35.21,48840,0.0,0.0,0.0,0.0805,-0.0657
2015-11-16,天华超净,sz300390,37.23,33.41,33.5,37.02,35.21,37.02,41360,0.0,0.0,0.0,0.1084,0.105
2015-11-17,天华超净,sz300390,40.72,37.88,37.88,38.19,37.02,38.19,72159,0.0,0.0,0.0,0.0767,0.0081
2015-11-18,天华超净,sz300390,40.01,37.61,38.99,39.09,38.19,39.09,45583,0.0,0.0,0.0,0.0628,0.0025
2015-11-19,天华超净,sz300390,43.0,38.86,39.08,43.0,39.09,43.0,53698,0.0,0.0,0.0,0.1059,0.1003
2015-11-20,天华超净,sz300390,46.44,41.0,44.56,42.5,43.0,42.5,71507,0.0,0.0,0.0,0.1265,-0.0462
2015-11-23,天华超净,sz300390,44.0,40.21,40.98,42.6,42.5,42.6,56308,0.0,0.0,0.0,0.0891,0.0395
2015-11-24,天华超净,sz300390,46.86,41.56,41.6,46.86,42.6,46.86,42453,0.0,0.0,0.0,0.1244,0.1264
2015-11-25,天华超净,sz300390,51.55,48.87,49.01,51.55,46.86,51.55,66065,0.0,0.0,0.0,0.0571,0.0518
2015-11-26,天华超净,sz300390,52.82,47.42,51.98,48.98,51.55,48.98,73428,0.0,0.0,0.0,0.1047,-0.0577
2015-11-27,天华超净,sz300390,50.28,45.0,48.98,46.89,48.98,46.89,47515,0.0,0.0,0.0,0.1077,-0.0426
2015-11-30,天华超净,sz300390,51.58,46.5,46.5,51.58,46.89,51.58,54479,0.0,0.0,0.0,0.1083,0.1092
2015-12-01,天华超净,sz300390,54.68,47.38,52.9,48.01,51.58,48.01,42174,0.0,0.0,0.0,0.1415,-0.0924
2015-12-02,天华超净,sz300390,49.31,43.23,49.0,45.2,48.01,45.2,41482,0.0,0.0,0.0,0.1266,-0.0775
2015-12-03,天华超净,sz300390,47.65,45.0,46.0,46.59,45.2,46.59,32944,0.0,0.0,0.0,0.0586,0.0128
2015-12-04,天华超净,sz300390,51.0,45.2,46.0,47.98,46.59,47.98,35003,0.0,0.0,0.0,0.1244,0.043
2015-12-07,天华超净,sz300390,48.46,45.01,47.87,46.2,47.98,46.2,28539,0.0,0.0,0.0,0.0719,-0.0348
2015-12-08,天华超净,sz300390,50.66,45.59,46.16,48.51,46.2,48.51,33665,0.0,0.0,0.0,0.1097,0.0509
2015-12-09,天华超净,sz300390,49.65,46.49,47.05,47.5,48.51,47.5,24942,0.0,0.0,0.0,0.0651,0.0095
2015-12-10,天华超净,sz300390,50.2,45.75,47.01,50.12,47.5,50.12,33528,0.0,0.0,0.0,0.0936,0.0661
2015-12-11,天华超净,sz300390,54.25,49.5,50.1,52.54,50.12,52.54,50746,0.0,0.0,0.0,0.0947,0.0487
2015-12-14,天华超净,sz300390,52.5,48.85,50.5,51.22,52.54,51.22,36176,0.0,0.0,0.0,0.0694,0.0142
2015-12-15,天华超净,sz300390,53.3,49.4,51.11,51.0,51.22,51.0,49962,0.0,0.0,0.0,0.0761,-0.0021
2015-12-16,天华超净,sz300390,51.98,49.31,50.2,49.68,51.0,49.68,24348,0.0,0.0,0.0,0.0523,-0.0103
2015-12-17,天华超净,sz300390,53.99,49.25,50.0,52.26,49.68,52.26,45680,0.0,0.0,0.0,0.0954,0.0451
2015-12-18,天华超净,sz300390,52.77,50.1,51.65,51.55,52.26,51.55,19938,0.0,0.0,0.0,0.051,-0.0019
2015-12-21,天华超净,sz300390,51.43,48.5,51.09,49.35,51.55,49.35,31685,0.0,0.0,0.0,0.0568,-0.034
2015-12-22,天华超净,sz300390,50.81,48.38,49.0,49.5,49.35,49.5,18095,0.0,0.0,0.0,0.0492,0.0102
2015-12-23,天华超净,sz300390,51.42,49.0,49.5,49.17,49.5,49.17,19902,0.0,0.0,0.0,0.0488,-0.0066
2015-12-24,天华超净,sz300390,49.49,45.5,48.5,47.28,49.17,47.28,27641,0.0,0.0,0.0,0.0811,-0.0251
2015-12-25,天华超净,sz300390,49.64,46.4,47.68,48.4,47.28,48.4,21831,0.0,0.0,0.0,0.0685,0.0151
2015-12-28,天华超净,sz300390,49.44,45.38,48.95,45.39,48.4,45.39,25530,0.0,0.0,0.0,0.0838,-0.0727
2015-12-29,天华超净,sz300390,49.49,46.2,48.0,46.6,45.39,46.6,71588,0.0,0.0,0.0,0.0724,-0.0291
2015-12-30,天华超净,sz300390,48.44,45.55,47.3,46.79,46.6,46.79,51722,0.0,0.0,0.0,0.062,-0.0107
2015-12-31,天华超净,sz300390,46.67,44.33,46.49,44.38,46.79,44.38,34371,0.0,0.0,0.0,0.05,-0.0453
2016-01-01,天华超净,sz300390,46.67,44.33,46.49,44.38,44.38,44.38,34371,0.0,0.0,0.0,0.0527,-0.0453
2016-01-04,天华超净,sz300390,44.83,39.94,44.38,39.94,44.38,39.94,23071,0.0,0.0,0.0,0.1101,-0.1
2016-01-05,天华超净,sz300390,41.2,36.6,37.32,40.08,39.94,40.08,47852,0.0,0.0,0.0,0.1151,0.0739
2016-01-06,天华超净,sz300390,42.98,39.92,39.99,41.99,40.08,41.99,39766,0.0,0.0,0.0,0.0763,0.05
2016-01-07,天华超净,sz300390,40.51,37.79,40.5,37.79,41.99,37.79,5880,0.0,0.0,0.0,0.0647,-0.0669
2016-01-08,天华超净,sz300390,39.4,35.0,38.99,37.3,37.79,37.3,36428,0.0,0.0,0.0,0.1164,-0.0433
2016-01-11,天华超净,sz300390,37.67,33.57,36.16,33.57,37.3,33.57,30873,0.0,0.0,0.0,0.1099,-0.0716
2016-01-12,天华超净,sz300390,33.99,32.0,33.0,32.81,33.57,32.81,28428,0.0,0.0,0.0,0.0592,-0.0057
2016-01-13,天华超净,sz300390,33.97,31.2,33.45,31.2,32.81,31.2,24239,0.0,0.0,0.0,0.0844,-0.0672
2016-01-14,天华超净,sz300390,34.32,29.43,30.0,34.32,31.2,34.32,46832,0.0,0.0,0.0,0.1567,0.144
2016-01-15,天华超净,sz300390,35.78,33.33,34.0,34.25,34.32,34.25,44458,0.0,0.0,0.0,0.0713,0.0073
2016-01-18,天华超净,sz300390,36.29,33.0,33.43,35.69,34.25,35.69,27446,0.0,0.0,0.0,0.096,0.0676
2016-01-19,天华超净,sz300390,37.0,34.74,35.6,36.62,35.69,36.62,27798,0.0,0.0,0.0,0.0633,0.0286
2016-01-20,天华超净,sz300390,38.77,36.08,36.26,36.88,36.62,36.88,28984,0.0,0.0,0.0,0.0734,0.017
2016-01-21,天华超净,sz300390,37.28,33.19,36.06,33.2,36.88,33.2,39642,0.0,0.0,0.0,0.1109,-0.0793
2016-01-22,天华超净,sz300390,35.3,32.67,33.77,34.91,33.2,34.91,22224,0.0,0.0,0.0,0.0792,0.0337
2016-01-25,天华超净,sz300390,36.94,35.29,35.33,36.22,34.91,36.22,24467,0.0,0.0,0.0,0.0472,0.0251
2016-01-26,天华超净,sz300390,35.96,32.69,35.49,33.07,36.22,33.07,22841,0.0,0.0,0.0,0.0902,-0.0681
2016-01-27,天华超净,sz300390,33.92,30.7,33.62,33.16,33.07,33.16,23885,0.0,0.0,0.0,0.0973,-0.0136
2016-01-28,天华超净,sz300390,32.67,30.2,32.17,30.2,33.16,30.2,15691,0.0,0.0,0.0,0.0744,-0.0612
2016-01-29,天华超净,sz300390,32.7,29.68,29.68,31.82,30.2,31.82,18428,0.0,0.0,0.0,0.1,0.0721
2016-02-01,天华超净,sz300390,32.18,30.0,31.46,31.29,31.82,31.29,15524,0.0,0.0,0.0,0.0685,-0.0054
2016-02-02,天华超净,sz300390,33.1,30.47,30.47,32.52,31.29,32.52,14757,0.0,0.0,0.0,0.084,0.0672
2016-02-03,天华超净,sz300390,32.8,31.13,32.0,32.35,32.52,32.35,13945,0.0,0.0,0.0,0.0513,0.0109
2016-02-04,天华超净,sz300390,33.6,32.53,32.53,33.15,32.35,33.15,19868,0.0,0.0,0.0,0.033,0.019
2016-02-05,天华超净,sz300390,33.5,32.14,33.4,32.3,33.15,32.3,14144,0.0,0.0,0.0,0.041,-0.0329
2016-02-08,天华超净,sz300390,33.5,32.14,33.4,32.3,32.3,32.3,14144,0.0,0.0,0.0,0.0421,-0.0329
2016-02-09,天华超净,sz300390,33.5,32.14,33.4,32.3,32.3,32.3,14144,0.0,0.0,0.0,0.0421,-0.0329
2016-02-10,天华超净,sz300390,33.5,32.14,33.4,32.3,32.3,32.3,14144,0.0,0.0,0.0,0.0421,-0.0329
2016-02-11,天华超净,sz300390,33.5,32.14,33.4,32.3,32.3,32.3,14144,0.0,0.0,0.0,0.0421,-0.0329
2016-02-12,天华超净,sz300390,33.5,32.14,33.4,32.3,32.3,32.3,14144,0.0,0.0,0.0,0.0421,-0.0329
2016-02-15,天华超净,sz300390,32.4,30.52,30.52,32.18,32.3,32.18,11059,0.0,0.0,0.0,0.0582,0.0543
2016-02-16,天华超净,sz300390,35.29,32.18,32.18,34.6,32.18,34.6,20332,0.0,0.0,0.0,0.0966,0.0752
2016-02-17,天华超净,sz300390,35.75,34.05,34.33,35.72,34.6,35.72,23728,0.0,0.0,0.0,0.0491,0.0404
2016-02-18,天华超净,sz300390,36.39,35.2,36.38,35.52,35.72,35.52,25259,0.0,0.0,0.0,0.0333,-0.0236
2016-02-19,天华超净,sz300390,36.36,35.21,35.21,35.7,35.52,35.7,19522,0.0,0.0,0.0,0.0323,0.0139
2016-02-22,天华超净,sz300390,36.35,35.61,36.2,36.18,35.7,36.18,22672,0.0,0.0,0.0,0.0207,-5.0E-4
2016-02-23,天华超净,sz300390,36.54,35.11,36.19,35.89,36.18,35.89,18097,0.0,0.0,0.0,0.0395,-0.0082
2016-02-24,天华超净,sz300390,35.7,33.7,35.6,35.02,35.89,35.02,20588,0.0,0.0,0.0,0.0557,-0.0162
2016-02-25,天华超净,sz300390,35.02,31.52,35.02,31.52,35.02,31.52,20047,0.0,0.0,0.0,0.0999,-0.0999
2016-02-26,天华超净,sz300390,31.9,29.15,31.54,30.0,31.52,30.0,21042,0.0,0.0,0.0,0.0872,-0.0488
2016-02-29,天华超净,sz300390,30.2,27.0,30.02,27.0,30.0,27.0,21487,0.0,0.0,0.0,0.1066,-0.1005
2016-03-01,天华超净,sz300390,28.0,25.7,27.06,27.65,27.0,27.65,32867,0.0,0.0,0.0,0.0851,0.0218
2016-03-02,天华超净,sz300390,29.44,27.03,27.2,29.24,27.65,29.24,22959,0.0,0.0,0.0,0.0871,0.0749
2016-03-03,天华超净,sz300390,29.99,28.98,29.08,29.0,29.24,29.0,20698,0.0,0.0,0.0,0.0345,-0.0027
2016-03-04,天华超净,sz300390,29.0,26.24,28.83,26.29,29.0,26.29,19406,0.0,0.0,0.0,0.0951,-0.0881
2016-03-07,天华超净,sz300390,27.75,26.66,26.7,27.0,26.29,27.0,15856,0.0,0.0,0.0,0.0414,0.0112
2016-03-08,天华超净,sz300390,27.67,25.5,27.0,27.52,27.0,27.52,19394,0.0,0.0,0.0,0.0803,0.0192
2016-03-09,天华超净,sz300390,27.81,26.5,27.06,27.0,27.52,27.0,12087,0.0,0.0,0.0,0.0476,-0.0022
2016-03-10,天华超净,sz300390,27.5,26.35,27.27,26.55,27.0,26.55,11851,0.0,0.0,0.0,0.0425,-0.0264
2016-03-11,天华超净,sz300390,26.95,26.0,26.1,26.88,26.55,26.88,10018,0.0,0.0,0.0,0.0357,0.0298
2016-03-14,天华超净,sz300390,29.0,27.36,27.36,27.99,26.88,27.99,22687,0.0,0.0,0.0,0.061,0.023
2016-03-15,天华超净,sz300390,28.54,27.62,27.75,27.75,27.99,27.75,19993,0.0,0.0,0.0,0.0328,0.0
2016-03-16,天华超净,sz300390,28.8,27.45,28.56,27.83,27.75,27.83,17096,0.0,0.0,0.0,0.0486,-0.0255
2016-03-17,天华超净,sz300390,29.35,27.89,28.1,29.33,27.83,29.33,24606,0.0,0.0,0.0,0.0524,0.0437
2016-03-18,天华超净,sz300390,31.37,29.41,30.14,30.94,29.33,30.94,28585,0.0,0.0,0.0,0.0668,0.0265
2016-03-21,天华超净,sz300390,31.88,31.02,31.88,31.68,30.94,31.68,30648,0.0,0.0,0.0,0.0277,-0.0062
2016-03-22,天华超净,sz300390,32.76,31.01,31.1,31.97,31.68,31.97,36338,0.0,0.0,0.0,0.0552,0.0279
2016-03-23,天华超净,sz300390,33.5,31.69,31.71,33.5,31.97,33.5,31951,0.0,0.0,0.0,0.0566,0.0564
2016-03-24,天华超净,sz300390,36.5,33.11,33.62,34.5,33.5,34.5,65475,0.0,0.0,0.0,0.1011,0.0261
2016-03-25,天华超净,sz300390,34.62,32.86,34.0,33.75,34.5,33.75,35624,0.0,0.0,0.0,0.051,-0.0073
