2016-03-25
2012-09-14,北信源,sz300352,48.8,46.896,47.6,47.776,47.376,7.206,18140900,0.0,0.0,0.0,0.0401,0.0036
2012-09-17,北信源,sz300352,46.704,45.136,46.704,45.408,47.776,6.8488,14429800,0.0,0.0,0.0,0.0328,-0.0277
2012-09-18,北信源,sz300352,46.08,44.976,45.12,45.92,45.408,6.926,10738800,0.0,0.0,0.0,0.0243,0.0177
2012-09-19,北信源,sz300352,46.544,45.088,45.92,45.168,45.92,6.8126,11866200,0.0,0.0,0.0,0.0317,-0.0163
2012-09-20,北信源,sz300352,47.248,44.24,44.24,46.752,45.168,7.0515,21023200,0.0,0.0,0.0,0.0665,0.0567
2012-09-21,北信源,sz300352,48.624,46.384,48.32,47.088,46.752,7.1022,20329200,0.0,0.0,0.0,0.0479,-0.0254
2012-09-24,北信源,sz300352,46.32,44.4,46.08,45.44,47.088,6.8536,11134200,0.0,0.0,0.0,0.0407,-0.0138
2012-09-25,北信源,sz300352,46.16,43.232,44.8,43.296,45.44,6.5303,12018400,0.0,0.0,0.0,0.0644,-0.0335
2012-09-26,北信源,sz300352,44.08,42.256,42.864,42.672,43.296,6.4361,10864900,0.0,0.0,0.0,0.0421,-0.0044
2012-09-27,北信源,sz300352,43.776,42.4,43.008,43.728,42.672,6.5954,10593600,0.0,0.0,0.0,0.0322,0.0167
2012-09-28,北信源,sz300352,44.64,43.008,43.28,43.744,43.728,6.5978,9728300,0.0,0.0,0.0,0.0373,0.0107
2012-10-01,北信源,sz300352,43.744,43.744,43.744,43.744,43.744,6.5978,0,0.0,0.0,0.0,0.0,0.0
2012-10-02,北信源,sz300352,43.744,43.744,43.744,43.744,43.744,6.5978,0,0.0,0.0,0.0,0.0,0.0
2012-10-03,北信源,sz300352,43.744,43.744,43.744,43.744,43.744,6.5978,0,0.0,0.0,0.0,0.0,0.0
2012-10-04,北信源,sz300352,43.744,43.744,43.744,43.744,43.744,6.5978,0,0.0,0.0,0.0,0.0,0.0
2012-10-05,北信源,sz300352,43.744,43.744,43.744,43.744,43.744,6.5978,0,0.0,0.0,0.0,0.0,0.0
2012-10-08,北信源,sz300352,44.56,43.216,43.52,44.016,43.744,6.6389,6176600,0.0,0.0,0.0,0.0307,0.0113
2012-10-09,北信源,sz300352,45.584,43.76,43.76,45.2,44.016,6.8174,7469700,0.0,0.0,0.0,0.0414,0.0329
2012-10-10,北信源,sz300352,44.96,44.176,44.96,44.8,45.2,6.7571,8078200,0.0,0.0,0.0,0.0173,-0.0035
2012-10-11,北信源,sz300352,45.312,43.056,44.784,43.392,44.8,6.5447,9244100,0.0,0.0,0.0,0.0503,-0.031
2012-10-12,北信源,sz300352,43.84,41.856,43.328,42.416,43.392,6.3975,6322100,0.0,0.0,0.0,0.0457,-0.021
2012-10-15,北信源,sz300352,42.08,40.88,42.0,41.632,42.416,6.2793,5438000,0.0,0.0,0.0,0.0282,-0.0087
2012-10-16,北信源,sz300352,42.688,41.28,41.552,42.048,41.632,6.342,4255900,0.0,0.0,0.0,0.0338,0.0119
2012-10-17,北信源,sz300352,42.752,41.328,42.16,42.32,42.048,6.3831,3373900,0.0,0.0,0.0,0.0338,0.0037
2012-10-18,北信源,sz300352,43.04,42.0,42.128,42.72,42.32,6.4434,3614200,0.0,0.0,0.0,0.0245,0.014
2012-10-19,北信源,sz300352,44.448,42.576,42.752,43.616,42.72,6.5785,5848500,0.0,0.0,0.0,0.0438,0.0202
2012-10-22,北信源,sz300352,43.936,42.896,43.648,42.992,43.616,6.4844,4393700,0.0,0.0,0.0,0.0238,-0.015
2012-10-23,北信源,sz300352,43.344,41.584,43.2,41.776,42.992,6.301,4002100,0.0,0.0,0.0,0.0409,-0.0329
2012-10-24,北信源,sz300352,42.72,41.296,41.36,42.32,41.776,6.3831,2796600,0.0,0.0,0.0,0.034,0.0232
2012-10-25,北信源,sz300352,43.808,41.68,42.144,43.44,42.32,6.552,5369600,0.0,0.0,0.0,0.0502,0.0307
2012-10-26,北信源,sz300352,43.776,42.176,43.2,42.8,43.44,6.4555,2566000,0.0,0.0,0.0,0.0368,-0.0092
2012-10-29,北信源,sz300352,44.608,42.432,42.88,44.32,42.8,6.6847,4155100,0.0,0.0,0.0,0.0508,0.0335
2012-10-30,北信源,sz300352,45.52,43.856,44.8,45.216,44.32,6.8199,6246300,0.0,0.0,0.0,0.0375,0.0092
2012-10-31,北信源,sz300352,45.36,44.256,44.784,45.216,45.216,6.8199,3876700,0.0,0.0,0.0,0.0244,0.0096
2012-11-01,北信源,sz300352,45.296,44.608,45.216,44.72,45.216,6.745,2612300,0.0,0.0,0.0,0.0152,-0.0109
2012-11-02,北信源,sz300352,45.088,44.08,44.768,44.608,44.72,6.7282,1964200,0.0,0.0,0.0,0.0225,-0.0035
2012-11-05,北信源,sz300352,44.688,43.648,44.624,43.936,44.608,6.6268,2045700,0.0,0.0,0.0,0.0233,-0.0154
2012-11-06,北信源,sz300352,43.936,43.056,43.936,43.456,43.936,6.5544,2323600,0.0,0.0,0.0,0.02,-0.0109
2012-11-07,北信源,sz300352,44.4,43.376,43.6,43.504,43.456,6.5616,2534500,0.0,0.0,0.0,0.0235,-0.0022
2012-11-08,北信源,sz300352,43.376,42.272,43.216,42.672,43.504,6.4361,2754400,0.0,0.0,0.0,0.0253,-0.0125
2012-11-09,北信源,sz300352,43.2,42.416,42.464,42.528,42.672,6.4144,1318200,0.0,0.0,0.0,0.0183,0.0015
2012-11-12,北信源,sz300352,43.168,42.528,42.72,42.704,42.528,6.441,1096700,0.0,0.0,0.0,0.015,-3.0E-4
2012-11-13,北信源,sz300352,42.72,41.408,42.72,42.112,42.704,6.3517,2172900,0.0,0.0,0.0,0.0307,-0.0142
2012-11-14,北信源,sz300352,43.104,41.648,42.08,42.816,42.112,6.4579,1994600,0.0,0.0,0.0,0.0345,0.0174
2012-11-15,北信源,sz300352,42.8,41.6,42.4,42.304,42.816,6.3806,1244500,0.0,0.0,0.0,0.028,-0.0022
2012-11-16,北信源,sz300352,42.64,41.248,42.24,42.64,42.304,6.4313,1051000,0.0,0.0,0.0,0.0329,0.0094
2012-11-19,北信源,sz300352,43.36,41.632,42.528,43.36,42.64,6.5399,1227000,0.0,0.0,0.0,0.0405,0.0195
2012-11-20,北信源,sz300352,43.952,42.576,43.44,42.88,43.36,6.4675,1232800,0.0,0.0,0.0,0.0317,-0.0128
2012-11-21,北信源,sz300352,43.552,42.16,42.848,43.392,42.88,6.5447,1271100,0.0,0.0,0.0,0.0324,0.0126
2012-11-22,北信源,sz300352,43.392,42.256,43.392,42.672,43.392,6.4361,1375500,0.0,0.0,0.0,0.0261,-0.0165
2012-11-23,北信源,sz300352,42.88,41.76,42.752,41.792,42.672,6.3034,1515200,0.0,0.0,0.0,0.0262,-0.0224
2012-11-26,北信源,sz300352,41.968,39.792,41.616,39.792,41.792,6.0018,3756800,0.0,0.0,0.0,0.052,-0.0438
2012-11-27,北信源,sz300352,39.968,38.544,39.792,38.8,39.792,5.8521,3024900,0.0,0.0,0.0,0.0357,-0.0249
2012-11-28,北信源,sz300352,39.2,38.432,38.848,38.912,38.8,5.869,1006100,0.0,0.0,0.0,0.0197,0.0016
2012-11-29,北信源,sz300352,39.024,36.64,38.88,36.672,38.912,5.5312,1489300,0.0,0.0,0.0,0.0612,-0.0567
2012-11-30,北信源,sz300352,37.84,36.528,36.64,37.44,36.672,5.647,1466000,0.0,0.0,0.0,0.0357,0.0218
2012-12-03,北信源,sz300352,37.84,36.848,36.848,37.12,37.44,5.5987,1009200,0.0,0.0,0.0,0.0264,0.0073
2012-12-04,北信源,sz300352,37.92,37.12,37.12,37.6,37.12,5.6711,817400,0.0,0.0,0.0,0.0215,0.0129
2012-12-05,北信源,sz300352,39.408,37.76,37.776,38.976,37.6,5.8787,1290300,0.0,0.0,0.0,0.0438,0.0317
2012-12-06,北信源,sz300352,39.36,38.4,38.4,39.04,38.976,5.8883,759100,0.0,0.0,0.0,0.0246,0.0166
2012-12-07,北信源,sz300352,39.776,38.88,39.04,39.68,39.04,5.9849,928100,0.0,0.0,0.0,0.0229,0.0163
2012-12-10,北信源,sz300352,40.848,39.472,39.472,40.816,39.68,6.1562,2742100,0.0,0.0,0.0,0.0346,0.034
2012-12-11,北信源,sz300352,41.408,40.368,40.368,40.576,40.816,6.12,1007500,0.0,0.0,0.0,0.0254,0.0051
2012-12-12,北信源,sz300352,42.384,40.0,40.0,41.36,40.576,6.2383,2623800,0.0,0.0,0.0,0.0587,0.0339
2012-12-13,北信源,sz300352,42.064,40.992,41.28,41.84,41.36,6.3107,3588300,0.0,0.0,0.0,0.0259,0.0135
2012-12-14,北信源,sz300352,43.28,41.68,41.68,43.152,41.84,6.5085,3051600,0.0,0.0,0.0,0.0382,0.0353
2012-12-17,北信源,sz300352,43.184,42.4,43.024,42.672,43.152,6.4361,2011400,0.0,0.0,0.0,0.0181,-0.0081
2012-12-18,北信源,sz300352,43.056,41.216,43.056,41.28,42.672,6.2262,4587400,0.0,0.0,0.0,0.0431,-0.0412
2012-12-19,北信源,sz300352,42.208,40.576,41.104,41.984,41.28,6.3324,1676000,0.0,0.0,0.0,0.0395,0.0214
2012-12-20,北信源,sz300352,46.176,41.632,41.632,44.48,41.984,6.7088,5700700,0.0,0.0,0.0,0.1082,0.0684
2012-12-21,北信源,sz300352,48.928,44.128,44.128,47.52,44.48,7.1674,7926800,0.0,0.0,0.0,0.1079,0.0768
2012-12-24,北信源,sz300352,48.928,46.208,46.208,48.496,47.52,7.3146,6580200,0.0,0.0,0.0,0.0572,0.0495
2012-12-25,北信源,sz300352,51.712,48.0,48.48,49.904,48.496,7.5269,8764900,0.0,0.0,0.0,0.0765,0.0293
2012-12-26,北信源,sz300352,51.808,49.12,49.456,50.224,49.904,7.5752,7733000,0.0,0.0,0.0,0.0538,0.0155
2012-12-27,北信源,sz300352,51.152,47.04,49.92,50.24,50.224,7.5776,10766000,0.0,0.0,0.0,0.0818,0.0064
2012-12-28,北信源,sz300352,53.12,48.88,50.24,52.352,50.24,7.8962,14721500,0.0,0.0,0.0,0.0843,0.042
2012-12-31,北信源,sz300352,52.608,49.04,52.608,49.088,52.352,7.4039,11299200,0.0,0.0,0.0,0.0681,-0.0669
2013-01-04,北信源,sz300352,32.68,30.51,30.8,31.8,49.088,31.799984,2760041,0.0,0.0,0.0,0.0442,0.0324
2013-01-07,北信源,sz300352,34.98,31.21,31.87,34.98,31.8,34.979984,2893435,0.0,0.0,0.0,0.1185,0.0975
2013-01-08,北信源,sz300352,35.37,34.0,34.52,34.26,34.98,34.25999,2486338,0.0,0.0,0.0,0.0391,-0.0075
2013-01-09,北信源,sz300352,35.5,33.15,33.15,34.3,34.26,34.300007,1660855,0.0,0.0,0.0,0.0685,0.0346
2013-01-10,北信源,sz300352,34.79,33.41,34.36,34.04,34.3,34.040012,955008,0.0,0.0,0.0,0.0402,-0.0093
2013-01-11,北信源,sz300352,35.88,34.25,35.05,35.35,34.04,35.350006,2399395,0.0,0.0,0.0,0.0478,0.0085
2013-01-14,北信源,sz300352,35.94,34.6,35.9,35.72,35.35,35.720016,1927861,0.0,0.0,0.0,0.0379,-0.005
2013-01-15,北信源,sz300352,35.7,34.0,35.65,34.8,35.72,34.80001,2323499,0.0,0.0,0.0,0.0475,-0.0238
2013-01-16,北信源,sz300352,34.46,32.85,34.46,33.55,34.8,33.549995,1950633,0.0,0.0,0.0,0.0462,-0.0264
2013-01-17,北信源,sz300352,33.66,32.61,33.58,32.94,33.55,32.93999,1267659,0.0,0.0,0.0,0.0312,-0.019
2013-01-18,北信源,sz300352,33.46,32.32,33.0,33.2,32.94,33.199986,1286954,0.0,0.0,0.0,0.0346,0.006
2013-01-21,北信源,sz300352,33.31,30.0,33.31,31.63,33.2,31.62999,4269910,0.0,0.0,0.0,0.0996,-0.0504
2013-01-22,北信源,sz300352,31.5,30.19,31.5,30.68,31.63,30.679983,2757282,0.0,0.0,0.0,0.0414,-0.026
2013-01-23,北信源,sz300352,31.8,30.3,30.6,31.8,30.68,31.799988,2896451,0.0,0.0,0.0,0.0488,0.0392
2013-01-24,北信源,sz300352,32.1,30.36,31.72,30.91,31.8,30.910002,2115832,0.0,0.0,0.0,0.0547,-0.0255
2013-01-25,北信源,sz300352,31.39,30.68,30.73,30.9,30.91,30.899986,864302,0.0,0.0,0.0,0.0229,0.0055
2013-01-28,北信源,sz300352,31.55,30.83,30.91,31.36,30.9,31.359995,1156461,0.0,0.0,0.0,0.0233,0.0145
2013-01-29,北信源,sz300352,32.17,31.25,31.36,31.55,31.36,31.550005,1447552,0.0,0.0,0.0,0.0293,0.006
2013-01-30,北信源,sz300352,31.75,30.12,31.56,30.25,31.55,30.250017,2148257,0.0,0.0,0.0,0.0516,-0.0415
2013-01-31,北信源,sz300352,30.53,29.97,30.5,30.11,30.25,30.110022,755598,0.0,0.0,0.0,0.0185,-0.0127
2013-02-01,北信源,sz300352,30.77,30.01,30.14,30.77,30.11,30.770033,960561,0.0,0.0,0.0,0.0252,0.0209
2013-02-04,北信源,sz300352,31.42,30.6,30.9,31.39,30.77,31.390018,2137264,0.0,0.0,0.0,0.0266,0.0158
2013-02-05,北信源,sz300352,32.5,31.48,31.7,31.82,31.39,31.82003,2974809,0.0,0.0,0.0,0.0324,0.0037
2013-02-06,北信源,sz300352,31.79,31.28,31.79,31.62,31.82,31.62004,1141457,0.0,0.0,0.0,0.016,-0.0053
2013-02-07,北信源,sz300352,32.08,31.33,31.58,32.08,31.62,32.080048,974481,0.0,0.0,0.0,0.0237,0.0158
2013-02-08,北信源,sz300352,33.26,32.03,32.16,32.89,32.08,32.890038,1425600,0.0,0.0,0.0,0.0383,0.0226
2013-02-18,北信源,sz300352,33.04,32.0,32.98,32.18,32.89,32.180042,1338378,0.0,0.0,0.0,0.0316,-0.0242
2013-02-19,北信源,sz300352,32.32,30.91,32.12,31.02,32.18,31.020048,1293368,0.0,0.0,0.0,0.0438,-0.0342
2013-02-20,北信源,sz300352,31.8,30.9,30.95,31.78,31.02,31.780039,960134,0.0,0.0,0.0,0.029,0.0268
2013-02-21,北信源,sz300352,32.8,31.52,31.55,32.2,31.78,32.200043,2158969,0.0,0.0,0.0,0.0402,0.0206
2013-02-22,北信源,sz300352,32.4,31.51,32.0,31.56,32.2,31.560036,1084184,0.0,0.0,0.0,0.0276,-0.0137
2013-02-25,北信源,sz300352,31.92,31.16,31.56,31.75,31.56,31.750027,643998,0.0,0.0,0.0,0.024,0.006
2013-02-26,北信源,sz300352,32.18,31.3,31.7,31.4,31.75,31.400015,1012304,0.0,0.0,0.0,0.0277,-0.0094
2013-02-27,北信源,sz300352,31.88,30.12,31.52,30.26,31.4,30.260006,1075960,0.0,0.0,0.0,0.056,-0.0399
2013-02-28,北信源,sz300352,30.95,30.21,30.44,30.9,30.26,30.900005,766847,0.0,0.0,0.0,0.0244,0.0151
2013-03-01,北信源,sz300352,32.06,30.8,31.05,32.04,30.9,32.039997,1334634,0.0,0.0,0.0,0.0407,0.0318
2013-03-04,北信源,sz300352,32.5,31.01,31.75,31.16,32.04,31.159988,1441033,0.0,0.0,0.0,0.0465,-0.0185
2013-03-05,北信源,sz300352,32.2,31.16,31.16,32.13,31.16,32.129997,777970,0.0,0.0,0.0,0.0333,0.0311
2013-03-06,北信源,sz300352,34.08,32.46,32.48,33.66,32.13,33.659996,2220686,0.0,0.0,0.0,0.0504,0.0363
2013-03-07,北信源,sz300352,34.0,32.25,33.89,32.8,33.66,32.799984,1701754,0.0,0.0,0.0,0.0519,-0.0321
2013-03-08,北信源,sz300352,33.4,32.31,32.8,32.37,32.8,32.369976,756509,0.0,0.0,0.0,0.0332,-0.0131
2013-03-11,北信源,sz300352,32.8,32.18,32.37,32.36,32.37,32.359974,375268,0.0,0.0,0.0,0.0191,-3.0E-4
2013-03-12,北信源,sz300352,32.68,30.52,32.38,31.01,32.36,31.009981,956033,0.0,0.0,0.0,0.0667,-0.0423
2013-03-13,北信源,sz300352,31.21,30.42,30.89,30.94,31.01,30.939991,414209,0.0,0.0,0.0,0.0254,0.0016
2013-03-14,北信源,sz300352,31.66,30.7,30.94,31.3,30.94,31.299978,503234,0.0,0.0,0.0,0.031,0.0116
2013-03-15,北信源,sz300352,32.49,30.7,31.35,32.0,31.3,31.99997,1013207,0.0,0.0,0.0,0.0571,0.0207
2013-03-18,北信源,sz300352,32.77,31.82,32.1,32.3,32.0,32.29997,761402,0.0,0.0,0.0,0.0296,0.0062
2013-03-19,北信源,sz300352,32.98,31.8,32.5,32.94,32.3,32.93996,1155992,0.0,0.0,0.0,0.0365,0.0135
2013-03-20,北信源,sz300352,33.28,32.42,32.6,33.11,32.94,33.109966,1456938,0.0,0.0,0.0,0.0261,0.0156
2013-03-21,北信源,sz300352,34.2,33.26,33.26,33.75,33.11,33.74998,1937483,0.0,0.0,0.0,0.0283,0.0147
2013-03-22,北信源,sz300352,34.51,33.62,33.88,33.75,33.75,33.74998,1257452,0.0,0.0,0.0,0.0263,-0.0038
2013-03-25,北信源,sz300352,33.97,32.81,33.7,33.23,33.75,33.229996,846026,0.0,0.0,0.0,0.0343,-0.0139
2013-03-26,北信源,sz300352,35.5,32.87,33.02,35.06,33.23,35.060005,1866309,0.0,0.0,0.0,0.0791,0.0617
2013-03-27,北信源,sz300352,35.94,34.8,35.0,35.05,35.06,35.05001,1300447,0.0,0.0,0.0,0.0325,0.0014
2013-03-28,北信源,sz300352,34.93,33.4,34.6,33.75,35.05,33.750008,1202984,0.0,0.0,0.0,0.0436,-0.0245
2013-03-29,北信源,sz300352,35.2,33.8,34.2,34.6,33.75,34.6,1250361,0.0,0.0,0.0,0.0414,0.0116
2013-04-01,北信源,sz300352,38.06,34.75,34.75,37.38,34.6,37.380005,3079675,0.0,0.0,0.0,0.0956,0.0756
2013-04-02,北信源,sz300352,38.75,36.28,37.4,37.0,37.38,37.0,3356241,0.0,0.0,0.0,0.066,-0.0106
2013-04-03,北信源,sz300352,38.48,36.65,36.65,37.46,37.0,37.459984,1774326,0.0,0.0,0.0,0.0494,0.0221
2013-04-08,北信源,sz300352,39.88,35.5,36.86,39.62,37.46,39.620003,2104745,0.0,0.0,0.0,0.1169,0.0748
2013-04-09,北信源,sz300352,40.18,38.62,39.6,39.26,39.62,39.260017,1376177,0.0,0.0,0.0,0.0393,-0.0085
2013-04-10,北信源,sz300352,39.23,37.18,38.85,37.6,39.26,37.600025,1612245,0.0,0.0,0.0,0.0522,-0.0321
2013-04-11,北信源,sz300352,38.68,36.88,37.8,36.88,37.6,36.88002,1247128,0.0,0.0,0.0,0.0478,-0.0243
2013-04-12,北信源,sz300352,37.33,36.11,36.83,36.8,36.88,36.80003,723407,0.0,0.0,0.0,0.033,-8.0E-4
2013-04-15,北信源,sz300352,37.28,35.53,36.45,36.09,36.8,36.090046,1134043,0.0,0.0,0.0,0.0475,-0.0098
2013-04-16,北信源,sz300352,37.35,35.51,35.82,37.25,36.09,37.25005,884646,0.0,0.0,0.0,0.0509,0.0399
2013-04-17,北信源,sz300352,38.16,36.52,37.14,37.84,37.25,37.840054,1159866,0.0,0.0,0.0,0.044,0.0188
2013-04-18,北信源,sz300352,38.4,37.3,37.55,37.8,37.84,37.800056,982079,0.0,0.0,0.0,0.029,0.0066
2013-04-19,北信源,sz300352,40.47,37.49,37.49,39.99,37.8,39.99008,1591245,0.0,0.0,0.0,0.0788,0.0666
2013-04-22,北信源,sz300352,42.0,38.65,39.29,41.5,39.99,41.500065,2408062,0.0,0.0,0.0,0.0837,0.0562
2013-04-23,北信源,sz300352,42.42,40.49,41.3,42.07,41.5,42.07007,1829043,0.0,0.0,0.0,0.0465,0.0186
2013-04-24,北信源,sz300352,45.08,41.65,41.99,41.96,42.07,41.960056,2071861,0.0,0.0,0.0,0.0815,-7.0E-4
2013-04-25,北信源,sz300352,44.8,39.93,41.55,40.7,41.96,40.70004,2673964,0.0,0.0,0.0,0.116,-0.0204
2013-04-26,北信源,sz300352,41.49,38.28,40.18,38.53,40.7,38.530033,1506104,0.0,0.0,0.0,0.0788,-0.041
2013-05-02,北信源,sz300352,42.38,38.88,38.98,42.38,38.53,42.38003,1680647,0.0,0.0,0.0,0.0908,0.0872
2013-05-03,北信源,sz300352,46.62,42.2,42.38,46.4,42.38,46.400032,2256240,0.0,0.0,0.0,0.1042,0.0948
2013-05-06,北信源,sz300352,50.5,46.1,46.1,47.59,46.4,47.590054,2427243,0.0,0.0,0.0,0.0948,0.0323
2013-05-07,北信源,sz300352,49.88,46.0,47.59,49.55,47.59,49.55005,1761945,0.0,0.0,0.0,0.0815,0.0411
2013-05-08,北信源,sz300352,54.51,48.54,48.98,54.5,49.55,54.50005,2616604,0.0,0.0,0.0,0.1204,0.1126
2013-05-09,北信源,sz300352,27.89,25.5,27.0,27.46,54.5,55.12004,6737933,0.0,0.0,0.0,0.0438,0.017
2013-05-10,北信源,sz300352,27.0,24.71,26.88,24.71,27.46,49.59999,6556432,0.0,0.0,0.0,0.0833,-0.0807
2013-05-13,北信源,sz300352,24.98,23.71,24.3,24.54,24.71,49.258743,4229595,0.0,0.0,0.0,0.0513,0.0098
2013-05-14,北信源,sz300352,24.45,23.15,24.28,23.44,24.54,47.05072,3633991,0.0,0.0,0.0,0.0529,-0.0345
2013-05-15,北信源,sz300352,24.23,23.35,23.35,24.01,23.44,48.19485,2614089,0.0,0.0,0.0,0.0375,0.0282
2013-05-16,北信源,sz300352,23.98,23.21,23.8,23.53,24.01,47.23134,4672986,0.0,0.0,0.0,0.032,-0.0113
2013-05-17,北信源,sz300352,24.15,22.96,23.54,23.68,23.53,47.53244,3850021,0.0,0.0,0.0,0.0505,0.0059
2013-05-20,北信源,sz300352,24.67,23.46,23.65,24.61,23.68,49.39923,5008166,0.0,0.0,0.0,0.051,0.0405
2013-05-21,北信源,sz300352,26.12,24.5,24.67,25.65,24.61,51.48679,5332630,0.0,0.0,0.0,0.0658,0.0397
2013-05-22,北信源,sz300352,25.66,23.11,25.65,23.15,25.65,46.46858,5074738,0.0,0.0,0.0,0.0994,-0.0974
2013-05-23,北信源,sz300352,23.49,22.21,23.13,23.14,23.15,46.448505,4359362,0.0,0.0,0.0,0.0552,4.0E-4
2013-05-24,北信源,sz300352,23.73,22.88,23.0,23.5,23.14,47.171104,2607971,0.0,0.0,0.0,0.0367,0.0217
2013-05-27,北信源,sz300352,23.58,22.89,23.45,23.2,23.5,46.56892,2263019,0.0,0.0,0.0,0.0293,-0.0106
2013-05-28,北信源,sz300352,23.2,21.58,23.2,21.79,23.2,43.738647,3607757,0.0,0.0,0.0,0.0698,-0.0607
2013-05-29,北信源,sz300352,22.29,21.8,22.05,22.28,21.79,44.7222,1794854,0.0,0.0,0.0,0.0224,0.0104
2013-05-30,北信源,sz300352,22.79,22.01,22.13,22.78,22.28,45.725853,2261045,0.0,0.0,0.0,0.035,0.0293
2013-05-31,北信源,sz300352,24.37,22.53,22.75,23.82,22.78,47.81342,5073775,0.0,0.0,0.0,0.0807,0.047
2013-06-03,北信源,sz300352,23.92,22.71,23.65,22.98,23.82,46.127327,2416741,0.0,0.0,0.0,0.0507,-0.0283
2013-06-04,北信源,sz300352,23.2,21.6,23.09,22.25,22.98,44.662003,2177648,0.0,0.0,0.0,0.0696,-0.0363
2013-06-05,北信源,sz300352,22.78,21.85,22.1,22.61,22.25,45.384632,1133169,0.0,0.0,0.0,0.0417,0.023
2013-06-06,北信源,sz300352,23.66,22.22,22.4,22.93,22.61,46.026962,2095823,0.0,0.0,0.0,0.0636,0.0236
2013-06-07,北信源,sz300352,23.12,21.95,22.9,22.58,22.93,45.324406,1329786,0.0,0.0,0.0,0.051,-0.0139
2013-06-13,北信源,sz300352,24.07,21.74,21.98,23.75,22.58,47.672935,4336036,0.0,0.0,0.0,0.1031,0.0805
2013-06-14,北信源,sz300352,24.94,23.6,23.77,24.71,23.75,49.599922,5337353,0.0,0.0,0.0,0.0564,0.0395
2013-06-17,北信源,sz300352,25.57,24.33,25.01,24.35,24.71,48.8773,5195703,0.0,0.0,0.0,0.0501,-0.0263
2013-06-18,北信源,sz300352,26.79,23.7,24.0,26.79,24.35,53.77505,8294184,0.0,0.0,0.0,0.1268,0.1162
2013-06-19,北信源,sz300352,27.1,25.81,26.4,26.25,26.79,52.69111,6212996,0.0,0.0,0.0,0.0481,-0.0056
2013-06-20,北信源,sz300352,25.79,23.63,25.75,23.63,26.25,47.432007,5276861,0.0,0.0,0.0,0.0822,-0.0823
2013-06-21,北信源,sz300352,24.25,21.6,22.2,23.35,23.63,46.869987,3879062,0.0,0.0,0.0,0.1121,0.0518
2013-06-24,北信源,sz300352,23.9,21.68,23.0,23.67,23.35,47.51229,3349782,0.0,0.0,0.0,0.095,0.0291
2013-06-25,北信源,sz300352,23.75,21.3,22.3,23.39,23.67,46.950268,3622884,0.0,0.0,0.0,0.1035,0.0488
2013-06-26,北信源,sz300352,25.28,22.87,23.51,25.06,23.39,50.302425,5246275,0.0,0.0,0.0,0.103,0.0659
2013-06-27,北信源,sz300352,25.06,23.58,24.8,24.0,25.06,48.174732,4395137,0.0,0.0,0.0,0.059,-0.0322
2013-06-28,北信源,sz300352,23.72,21.91,23.1,22.25,24.0,44.661976,3427793,0.0,0.0,0.0,0.0754,-0.0367
2013-07-01,北信源,sz300352,23.12,21.99,22.04,23.0,22.25,46.167442,2177068,0.0,0.0,0.0,0.0507,0.0435
2013-07-02,北信源,sz300352,23.75,22.85,23.01,23.37,23.0,46.910137,2377448,0.0,0.0,0.0,0.0391,0.0156
2013-07-03,北信源,sz300352,25.48,22.9,23.2,25.18,23.37,50.543327,5433323,0.0,0.0,0.0,0.1103,0.0853
2013-07-04,北信源,sz300352,25.5,24.13,24.7,24.28,25.18,48.73676,4051145,0.0,0.0,0.0,0.0544,-0.017
2013-07-05,北信源,sz300352,26.48,24.12,24.2,24.8,24.28,49.780552,5478891,0.0,0.0,0.0,0.0971,0.0247
2013-07-08,北信源,sz300352,24.47,22.32,24.32,22.96,24.8,46.087135,3685157,0.0,0.0,0.0,0.0866,-0.0559
2013-07-09,北信源,sz300352,23.79,22.46,22.46,23.71,22.96,47.592617,2213813,0.0,0.0,0.0,0.0579,0.0556
2013-07-10,北信源,sz300352,24.5,23.22,23.66,23.85,23.71,47.87365,2697183,0.0,0.0,0.0,0.0539,0.008
2013-07-11,北信源,sz300352,24.15,23.0,23.76,23.7,23.85,47.572575,2539027,0.0,0.0,0.0,0.0482,-0.0025
2013-07-12,北信源,sz300352,25.23,23.65,23.65,24.43,23.7,49.037903,3668557,0.0,0.0,0.0,0.0666,0.0329
2013-07-15,北信源,sz300352,26.62,24.21,24.35,26.11,24.43,52.41014,5514812,0.0,0.0,0.0,0.0986,0.0722
2013-07-16,北信源,sz300352,26.85,25.3,26.29,25.95,26.11,52.088974,3900821,0.0,0.0,0.0,0.0593,-0.0129
2013-07-17,北信源,sz300352,27.8,25.48,25.9,27.16,25.95,54.517776,6427634,0.0,0.0,0.0,0.0894,0.0486
2013-07-18,北信源,sz300352,29.66,26.7,26.72,29.35,27.16,58.91371,7021738,0.0,0.0,0.0,0.1089,0.0984
2013-07-19,北信源,sz300352,30.38,27.6,29.06,27.86,29.35,55.922836,5422764,0.0,0.0,0.0,0.0947,-0.0412
2013-07-22,北信源,sz300352,30.18,27.03,27.36,30.16,27.86,60.539604,4869836,0.0,0.0,0.0,0.113,0.1023
2013-07-23,北信源,sz300352,30.89,29.1,29.99,30.19,30.16,60.599842,4392895,0.0,0.0,0.0,0.0593,0.0066
2013-07-24,北信源,sz300352,30.99,29.25,30.5,30.3,30.19,60.820667,3947677,0.0,0.0,0.0,0.0576,-0.0065
2013-07-25,北信源,sz300352,30.29,27.27,30.28,27.36,30.3,54.919235,4326281,0.0,0.0,0.0,0.0996,-0.0964
2013-07-26,北信源,sz300352,27.9,25.66,27.5,26.87,27.36,53.935688,3206976,0.0,0.0,0.0,0.0818,-0.0229
2013-07-29,北信源,sz300352,27.31,25.9,26.86,26.75,26.87,53.694813,1832293,0.0,0.0,0.0,0.0524,-0.004
2013-07-30,北信源,sz300352,27.1,25.0,26.8,25.63,26.75,51.446663,2258402,0.0,0.0,0.0,0.0785,-0.0436
2013-07-31,北信源,sz300352,26.37,25.6,25.88,25.95,25.63,52.088974,1565914,0.0,0.0,0.0,0.03,0.0027
2013-08-01,北信源,sz300352,27.27,25.72,25.92,27.2,25.95,54.598103,2178602,0.0,0.0,0.0,0.0597,0.0493
2013-08-02,北信源,sz300352,28.8,27.27,27.27,27.53,27.2,55.260487,3223724,0.0,0.0,0.0,0.0562,0.0095
2013-08-05,北信源,sz300352,28.5,27.3,27.6,27.88,27.53,55.963013,2050625,0.0,0.0,0.0,0.0435,0.0101
2013-08-06,北信源,sz300352,28.25,27.48,27.88,27.74,27.88,55.681965,2003035,0.0,0.0,0.0,0.0276,-0.005
2013-08-07,北信源,sz300352,27.6,26.16,27.56,27.33,27.74,54.858986,2832574,0.0,0.0,0.0,0.0519,-0.0083
2013-08-08,北信源,sz300352,27.69,26.81,27.0,27.04,27.33,54.27688,1763087,0.0,0.0,0.0,0.0321,0.0014
2013-08-09,北信源,sz300352,27.68,26.0,27.0,26.23,27.04,52.65096,1872973,0.0,0.0,0.0,0.0621,-0.0285
2013-08-12,北信源,sz300352,26.3,25.1,26.25,25.5,26.23,51.18563,2050637,0.0,0.0,0.0,0.0457,-0.0285
2013-08-13,北信源,sz300352,26.19,25.43,25.58,25.98,25.5,52.149147,1200468,0.0,0.0,0.0,0.0298,0.0156
2013-08-14,北信源,sz300352,26.62,25.52,25.98,26.35,25.98,52.891857,1661558,0.0,0.0,0.0,0.0423,0.0142
2013-08-15,北信源,sz300352,27.18,26.21,26.35,26.55,26.35,53.293304,1849302,0.0,0.0,0.0,0.0368,0.0075
2013-08-16,北信源,sz300352,27.99,25.7,26.31,26.62,26.55,53.43384,3309358,0.0,0.0,0.0,0.0862,0.0117
2013-08-19,北信源,sz300352,28.05,26.24,26.26,28.05,26.62,56.304253,4326354,0.0,0.0,0.0,0.0679,0.0681
2013-08-20,北信源,sz300352,28.13,27.33,28.07,27.73,28.05,55.661934,2524622,0.0,0.0,0.0,0.0285,-0.0121
2013-08-21,北信源,sz300352,29.26,27.6,27.6,28.87,27.73,57.950253,4283308,0.0,0.0,0.0,0.0598,0.046
2013-08-22,北信源,sz300352,29.84,28.38,28.75,29.53,28.87,59.27505,3183327,0.0,0.0,0.0,0.0505,0.0271
2013-08-23,北信源,sz300352,31.79,28.49,30.1,28.97,29.53,58.15096,4043248,0.0,0.0,0.0,0.1117,-0.0375
2013-08-26,北信源,sz300352,30.99,29.2,29.25,30.55,28.97,61.322456,4347241,0.0,0.0,0.0,0.0617,0.0444
2013-08-27,北信源,sz300352,30.5,28.91,30.5,30.07,30.55,60.358955,4248967,0.0,0.0,0.0,0.052,-0.014
2013-08-28,北信源,sz300352,30.03,28.61,29.75,28.61,30.07,57.42835,3059554,0.0,0.0,0.0,0.0472,-0.0383
2013-08-29,北信源,sz300352,29.32,28.6,28.88,29.0,28.61,58.211212,1452356,0.0,0.0,0.0,0.0251,0.0041
2013-08-30,北信源,sz300352,29.2,26.4,29.06,26.67,29.0,53.534233,3012269,0.0,0.0,0.0,0.0965,-0.0822
2013-09-02,北信源,sz300352,27.86,26.67,26.81,26.9,26.67,53.99591,1828196,0.0,0.0,0.0,0.0446,0.0033
2013-09-03,北信源,sz300352,27.77,26.8,26.91,27.63,26.9,55.461254,1703885,0.0,0.0,0.0,0.036,0.0267
2013-09-04,北信源,sz300352,27.93,27.14,27.66,27.8,27.63,55.802505,1187895,0.0,0.0,0.0,0.0285,0.005
2013-09-05,北信源,sz300352,28.6,27.41,27.8,28.55,27.8,57.307945,2066603,0.0,0.0,0.0,0.0428,0.0269
2013-09-06,北信源,sz300352,28.85,28.08,28.3,28.5,28.55,57.2076,1266001,0.0,0.0,0.0,0.0269,0.007
2013-09-09,北信源,sz300352,28.73,27.6,28.5,27.8,28.5,55.802525,1801819,0.0,0.0,0.0,0.0396,-0.0245
2013-09-10,北信源,sz300352,27.78,27.07,27.65,27.37,27.8,54.93937,1368182,0.0,0.0,0.0,0.0255,-0.0101
2013-09-11,北信源,sz300352,27.37,26.8,26.98,27.27,27.37,54.73862,1307951,0.0,0.0,0.0,0.0208,0.0107
2013-09-12,北信源,sz300352,28.08,27.2,27.5,27.3,27.27,54.798836,1119174,0.0,0.0,0.0,0.0322,-0.0072
2013-09-13,北信源,sz300352,28.39,27.06,27.3,28.2,27.3,56.60539,2234214,0.0,0.0,0.0,0.0487,0.0329
2013-09-16,北信源,sz300352,28.66,27.66,28.05,28.09,28.2,56.38457,1657992,0.0,0.0,0.0,0.0354,0.0014
2013-09-17,北信源,sz300352,28.58,27.69,27.9,27.75,28.09,55.70209,1723580,0.0,0.0,0.0,0.0316,-0.0053
2013-09-18,北信源,sz300352,28.03,26.92,27.75,27.27,27.75,54.738613,1178829,0.0,0.0,0.0,0.0399,-0.0172
2013-09-23,北信源,sz300352,28.9,27.4,27.67,28.89,27.27,57.990414,2351117,0.0,0.0,0.0,0.055,0.044
2013-09-24,北信源,sz300352,29.25,28.5,28.74,28.9,28.89,58.01048,1597965,0.0,0.0,0.0,0.0259,0.0055
2013-09-25,北信源,sz300352,28.85,28.03,28.85,28.33,28.9,56.866337,1127057,0.0,0.0,0.0,0.0283,-0.018
2013-09-26,北信源,sz300352,28.75,27.35,28.11,27.5,28.33,55.200268,1842708,0.0,0.0,0.0,0.0494,-0.0217
2013-09-27,北信源,sz300352,28.3,27.08,28.3,27.38,27.5,54.959373,1191591,0.0,0.0,0.0,0.0443,-0.0325
2013-09-30,北信源,sz300352,28.5,27.15,27.68,28.07,27.38,56.344406,1210607,0.0,0.0,0.0,0.0493,0.014
2013-10-08,北信源,sz300352,29.08,28.0,28.07,28.79,28.07,57.78964,1757849,0.0,0.0,0.0,0.0384,0.0256
2013-10-09,北信源,sz300352,30.24,28.26,28.7,30.0,28.79,60.218422,2929824,0.0,0.0,0.0,0.0687,0.0452
2013-10-10,北信源,sz300352,30.24,28.8,29.68,29.05,30.0,58.311485,2234371,0.0,0.0,0.0,0.0479,-0.0212
2013-10-11,北信源,sz300352,29.5,28.4,29.05,28.71,29.05,57.629005,1655481,0.0,0.0,0.0,0.0378,-0.0117
2013-10-14,北信源,sz300352,30.39,28.75,28.75,30.25,28.71,60.720226,2812388,0.0,0.0,0.0,0.0571,0.0521
2013-10-15,北信源,sz300352,30.48,29.23,30.35,29.31,30.25,58.83341,2204051,0.0,0.0,0.0,0.0413,-0.0342
2013-10-16,北信源,sz300352,29.44,26.68,29.4,27.69,29.31,55.581627,3052384,0.0,0.0,0.0,0.0941,-0.0581
2013-10-17,北信源,sz300352,28.02,26.66,27.8,26.83,27.69,53.855373,1720745,0.0,0.0,0.0,0.0491,-0.0348
2013-10-18,北信源,sz300352,27.49,26.68,26.7,27.37,26.83,54.93932,695362,0.0,0.0,0.0,0.0301,0.025
2013-10-21,北信源,sz300352,28.47,27.41,27.41,28.38,27.37,56.96669,1151157,0.0,0.0,0.0,0.0387,0.0353
2013-10-22,北信源,sz300352,28.45,27.3,28.36,27.3,28.38,54.79882,1266979,0.0,0.0,0.0,0.0405,-0.0373
2013-10-23,北信源,sz300352,27.92,25.5,27.0,26.0,27.3,52.189358,3127914,0.0,0.0,0.0,0.0886,-0.037
2013-10-24,北信源,sz300352,26.38,25.73,25.73,25.97,26.0,52.12913,855634,0.0,0.0,0.0,0.0249,0.0093
2013-10-25,北信源,sz300352,26.98,24.18,26.3,24.8,25.97,49.78061,1618528,0.0,0.0,0.0,0.1078,-0.057
2013-10-28,北信源,sz300352,25.4,24.15,24.8,24.42,24.8,49.017822,982954,0.0,0.0,0.0,0.0504,-0.0153
2013-10-29,北信源,sz300352,24.91,21.99,24.56,22.4,24.42,44.963116,2207869,0.0,0.0,0.0,0.1195,-0.0879
2013-10-30,北信源,sz300352,23.31,22.4,22.5,23.29,22.4,46.749588,1132585,0.0,0.0,0.0,0.0406,0.0351
2013-10-31,北信源,sz300352,23.77,23.26,23.32,23.42,23.29,47.010548,1200700,0.0,0.0,0.0,0.0218,0.0042
2013-11-01,北信源,sz300352,23.69,22.65,23.31,23.02,23.42,46.207653,597423,0.0,0.0,0.0,0.0444,-0.0124
2013-11-04,北信源,sz300352,23.55,23.06,23.06,23.23,23.02,46.629204,584786,0.0,0.0,0.0,0.0212,0.0073
2013-11-05,北信源,sz300352,23.75,23.07,23.23,23.68,23.23,47.532505,647895,0.0,0.0,0.0,0.0292,0.0193
2013-11-06,北信源,sz300352,24.56,23.68,23.99,23.99,23.68,48.154755,892984,0.0,0.0,0.0,0.0371,0.0
2013-11-07,北信源,sz300352,23.95,23.16,23.95,23.55,23.99,47.27155,523258,0.0,0.0,0.0,0.0329,-0.0167
2013-11-08,北信源,sz300352,23.8,23.01,23.4,23.37,23.55,46.91025,427744,0.0,0.0,0.0,0.0335,-0.0012
2013-11-11,北信源,sz300352,23.6,22.88,23.05,23.41,23.37,46.990562,324484,0.0,0.0,0.0,0.0308,0.0156
2013-11-12,北信源,sz300352,23.66,22.92,23.24,23.24,23.41,46.649315,587871,0.0,0.0,0.0,0.0316,0.0
2013-11-13,北信源,sz300352,25.56,23.5,23.99,25.55,23.24,51.286167,4749453,0.0,0.0,0.0,0.0886,0.065
2013-11-14,北信源,sz300352,27.68,25.0,25.16,26.99,25.55,54.176655,5237933,0.0,0.0,0.0,0.1048,0.0727
2013-11-15,北信源,sz300352,28.46,27.28,27.28,27.32,26.99,54.839073,5204254,0.0,0.0,0.0,0.0437,0.0014
2013-11-18,北信源,sz300352,29.9,27.0,28.41,28.99,27.32,58.19122,5635810,0.0,0.0,0.0,0.1061,0.0204
2013-11-19,北信源,sz300352,28.99,27.57,28.99,27.8,28.99,55.80253,3904641,0.0,0.0,0.0,0.0489,-0.041
2013-11-20,北信源,sz300352,29.85,27.79,27.79,28.34,27.8,56.886436,4109479,0.0,0.0,0.0,0.0741,0.0197
2013-11-21,北信源,sz300352,27.99,26.7,27.5,27.78,28.34,55.76236,3900386,0.0,0.0,0.0,0.0455,0.0101
2013-11-22,北信源,sz300352,28.41,27.42,27.51,27.7,27.78,55.601765,2037416,0.0,0.0,0.0,0.0356,0.0069
2013-11-25,北信源,sz300352,28.17,27.12,27.6,27.89,27.7,55.98314,1730418,0.0,0.0,0.0,0.0379,0.0105
2013-11-26,北信源,sz300352,29.13,27.88,27.89,28.53,27.89,57.267784,3709108,0.0,0.0,0.0,0.0448,0.0229
2013-11-27,北信源,sz300352,29.1,27.52,28.42,29.1,28.53,58.411934,3363157,0.0,0.0,0.0,0.0553,0.0239
2013-11-28,北信源,sz300352,29.4,28.52,29.0,28.6,29.1,57.408302,3119845,0.0,0.0,0.0,0.0302,-0.0137
2013-11-29,北信源,sz300352,29.61,28.45,28.45,29.14,28.6,58.49223,2768707,0.0,0.0,0.0,0.0405,0.0242
2013-12-02,北信源,sz300352,27.9,26.23,26.31,26.23,29.14,52.65102,3633720,0.0,0.0,0.0,0.0573,-0.003
2013-12-03,北信源,sz300352,26.19,23.7,25.23,25.85,26.23,51.888264,2795843,0.0,0.0,0.0,0.0949,0.0245
2013-12-04,北信源,sz300352,26.48,25.5,25.88,25.61,25.85,51.406532,1476897,0.0,0.0,0.0,0.0379,-0.0104
2013-12-05,北信源,sz300352,26.46,25.23,25.61,25.68,25.61,51.547028,1031519,0.0,0.0,0.0,0.048,0.0027
2013-12-06,北信源,sz300352,25.93,25.2,25.9,25.74,25.68,51.66744,723879,0.0,0.0,0.0,0.0284,-0.0061
2013-12-09,北信源,sz300352,27.65,25.5,25.8,27.51,25.74,55.220352,2158803,0.0,0.0,0.0,0.0835,0.0662
2013-12-10,北信源,sz300352,27.98,26.83,27.61,27.68,27.51,55.561615,1560211,0.0,0.0,0.0,0.0418,0.0025
2013-12-11,北信源,sz300352,27.98,27.04,27.65,27.98,27.68,56.16379,1766277,0.0,0.0,0.0,0.0339,0.0119
2013-12-12,北信源,sz300352,28.25,27.59,28.11,27.67,27.98,55.541553,1699537,0.0,0.0,0.0,0.0235,-0.0156
2013-12-13,北信源,sz300352,27.75,26.95,27.43,26.98,27.67,54.156513,1269935,0.0,0.0,0.0,0.0289,-0.0164
2013-12-16,北信源,sz300352,27.44,26.5,26.99,26.82,26.98,53.835365,996516,0.0,0.0,0.0,0.0348,-0.0062
2013-12-17,北信源,sz300352,27.15,25.96,26.82,26.06,26.82,52.30983,863453,0.0,0.0,0.0,0.0443,-0.0283
2013-12-18,北信源,sz300352,26.32,25.83,26.32,26.11,26.06,52.410213,526107,0.0,0.0,0.0,0.0188,-0.0079
2013-12-19,北信源,sz300352,26.91,26.29,26.29,26.51,26.11,53.21314,685066,0.0,0.0,0.0,0.0237,0.0083
2013-12-20,北信源,sz300352,26.75,25.71,26.5,25.82,26.51,51.828106,441269,0.0,0.0,0.0,0.0392,-0.0256
2013-12-23,北信源,sz300352,25.95,25.13,25.82,25.53,25.82,51.24597,445259,0.0,0.0,0.0,0.0317,-0.0112
2013-12-24,北信源,sz300352,26.98,25.45,25.53,26.56,25.53,53.31349,903893,0.0,0.0,0.0,0.0599,0.0403
2013-12-25,北信源,sz300352,27.78,26.55,26.56,27.27,26.56,54.73867,1654975,0.0,0.0,0.0,0.0463,0.0267
2013-12-26,北信源,sz300352,27.66,26.8,27.3,26.8,27.27,53.795246,979631,0.0,0.0,0.0,0.0315,-0.0183
2013-12-27,北信源,sz300352,27.29,26.7,26.82,27.0,26.8,54.19672,1505491,0.0,0.0,0.0,0.022,0.0067
2013-12-30,北信源,sz300352,27.9,27.15,27.32,27.4,27.0,54.999645,1413189,0.0,0.0,0.0,0.0277,0.0029
2013-12-31,北信源,sz300352,27.77,26.71,27.03,27.06,27.4,54.317154,1043528,0.0,0.0,0.0,0.0386,0.0011
2014-01-02,北信源,sz300352,27.85,26.95,27.18,27.72,27.06,55.641953,1224328,0.0,0.0,0.0,0.0332,0.0198
2014-01-03,北信源,sz300352,28.5,27.69,27.98,28.42,27.72,57.047077,2241387,0.0,0.0,0.0,0.0292,0.0157
2014-01-06,北信源,sz300352,28.5,27.5,28.45,27.51,28.42,55.22043,1447802,0.0,0.0,0.0,0.0351,-0.033
2014-01-07,北信源,sz300352,28.2,27.35,27.62,27.96,27.51,56.123726,1037754,0.0,0.0,0.0,0.0308,0.0123
2014-01-08,北信源,sz300352,30.76,27.67,27.79,30.76,27.96,61.744125,3034949,0.0,0.0,0.0,0.1105,0.1068
2014-01-09,北信源,sz300352,33.84,32.08,33.84,32.23,30.76,64.69482,10366456,0.0,0.0,0.0,0.0572,-0.0475
2014-01-10,北信源,sz300352,32.6,29.51,32.59,29.7,32.23,59.6164,5967123,0.0,0.0,0.0,0.0958,-0.0886
2014-01-13,北信源,sz300352,30.47,28.6,29.56,29.44,29.7,59.094517,3701996,0.0,0.0,0.0,0.0629,-0.004
2014-01-14,北信源,sz300352,31.68,29.0,29.2,30.98,29.44,62.185753,3150249,0.0,0.0,0.0,0.091,0.0609
2014-01-15,北信源,sz300352,31.2,30.0,30.8,30.62,30.98,61.463154,2242939,0.0,0.0,0.0,0.0387,-0.0058
2014-01-16,北信源,sz300352,31.35,30.3,30.52,30.87,30.62,61.965,2198954,0.0,0.0,0.0,0.0342,0.0114
2014-01-17,北信源,sz300352,32.15,30.11,30.59,32.08,30.87,64.393845,2673490,0.0,0.0,0.0,0.066,0.0487
2014-01-20,北信源,sz300352,32.47,31.42,31.7,31.93,32.08,64.092735,1742055,0.0,0.0,0.0,0.0327,0.0072
2014-01-21,北信源,sz300352,32.36,31.28,31.8,31.6,31.93,63.43034,1943640,0.0,0.0,0.0,0.0338,-0.0062
2014-01-22,北信源,sz300352,33.35,31.62,32.26,31.98,31.6,64.193085,2876468,0.0,0.0,0.0,0.0547,-0.0086
2014-01-23,北信源,sz300352,33.3,31.03,31.46,32.28,31.98,64.79528,2800616,0.0,0.0,0.0,0.0709,0.026
2014-01-24,北信源,sz300352,33.0,31.5,31.99,32.32,32.28,64.875565,1520736,0.0,0.0,0.0,0.0464,0.0103
2014-01-27,北信源,sz300352,35.3,32.82,33.0,34.7,32.32,69.65294,3331422,0.0,0.0,0.0,0.0767,0.0515
2014-01-28,北信源,sz300352,34.41,33.13,34.0,33.81,34.7,67.86648,2171761,0.0,0.0,0.0,0.0368,-0.0055
2014-01-29,北信源,sz300352,35.59,33.65,33.98,34.91,33.81,70.07452,2138616,0.0,0.0,0.0,0.0573,0.0273
2014-01-30,北信源,sz300352,36.99,34.71,34.91,36.18,34.91,72.62376,2465072,0.0,0.0,0.0,0.0653,0.0363
2014-02-07,北信源,sz300352,38.48,35.42,35.88,38.18,36.18,76.63832,1859988,0.0,0.0,0.0,0.0845,0.0641
2014-02-10,北信源,sz300352,40.79,37.37,38.8,40.2,38.18,80.69302,3812565,0.0,0.0,0.0,0.0895,0.036
2014-02-11,北信源,sz300352,40.9,38.06,40.31,38.96,40.2,78.20397,2479273,0.0,0.0,0.0,0.0706,-0.0334
2014-02-12,北信源,sz300352,39.88,38.1,38.52,39.72,38.96,79.72949,1598248,0.0,0.0,0.0,0.0456,0.0311
2014-02-13,北信源,sz300352,39.99,37.06,39.72,37.49,39.72,75.25324,1497673,0.0,0.0,0.0,0.0737,-0.0561
2014-02-14,北信源,sz300352,38.75,37.25,37.25,38.42,37.49,77.12005,1279133,0.0,0.0,0.0,0.04,0.0314
2014-02-17,北信源,sz300352,42.26,38.01,38.2,42.26,38.42,84.82804,2231079,0.0,0.0,0.0,0.1106,0.1062
2014-02-18,北信源,sz300352,45.58,41.82,42.25,43.49,42.26,87.29705,3802617,0.0,0.0,0.0,0.0889,0.0293
2014-02-19,北信源,sz300352,47.49,42.8,44.0,45.7,43.49,91.73314,2949073,0.0,0.0,0.0,0.1078,0.0386
2014-02-20,北信源,sz300352,47.0,43.51,45.7,45.9,45.7,92.13456,2345294,0.0,0.0,0.0,0.0763,0.0043
2014-02-21,北信源,sz300352,48.8,45.9,45.9,47.28,45.9,94.90459,2139361,0.0,0.0,0.0,0.0631,0.03
2014-02-24,北信源,sz300352,47.88,45.0,47.1,47.29,47.28,94.924706,3006085,0.0,0.0,0.0,0.0609,0.004
2014-02-25,北信源,sz300352,50.79,44.0,48.0,44.98,47.29,90.28783,3371522,0.0,0.0,0.0,0.1435,-0.0629
2014-02-26,北信源,sz300352,46.3,43.63,44.25,46.3,44.98,92.93741,2674707,0.0,0.0,0.0,0.0593,0.0463
2014-02-27,北信源,sz300352,50.47,45.49,45.99,46.58,46.3,93.4995,3307151,0.0,0.0,0.0,0.1075,0.0128
2014-02-28,北信源,sz300352,50.9,42.28,50.9,44.2,46.58,88.72214,6144552,0.0,0.0,0.0,0.185,-0.1316
2014-03-03,北信源,sz300352,45.2,42.88,43.43,43.69,44.2,87.69846,2773865,0.0,0.0,0.0,0.0524,0.0059
2014-03-04,北信源,sz300352,43.58,42.0,43.15,42.46,43.69,85.229485,1926964,0.0,0.0,0.0,0.0361,-0.0159
2014-03-05,北信源,sz300352,43.56,42.46,42.46,42.77,42.46,85.851746,1190844,0.0,0.0,0.0,0.0259,0.0073
2014-03-06,北信源,sz300352,43.09,41.0,42.55,41.63,42.77,83.56345,1253476,0.0,0.0,0.0,0.0488,-0.0216
2014-03-07,北信源,sz300352,42.65,41.45,41.73,42.23,41.63,84.76785,982643,0.0,0.0,0.0,0.0288,0.0119
2014-03-10,北信源,sz300352,42.0,39.68,42.0,39.78,42.23,79.84996,2325272,0.0,0.0,0.0,0.0549,-0.0528
2014-03-11,北信源,sz300352,40.28,38.2,39.78,39.4,39.78,79.08716,1317152,0.0,0.0,0.0,0.0522,-0.0095
2014-03-12,北信源,sz300352,40.4,39.13,39.45,40.0,39.4,80.2915,1093286,0.0,0.0,0.0,0.0322,0.0139
2014-03-13,北信源,sz300352,42.87,40.02,40.39,42.64,40.0,85.59074,1290009,0.0,0.0,0.0,0.0712,0.0557
2014-03-14,北信源,sz300352,45.35,41.78,41.98,44.8,42.64,89.926506,2466235,0.0,0.0,0.0,0.0837,0.0671
2014-03-17,北信源,sz300352,45.84,43.81,45.0,44.32,44.8,88.963036,1923336,0.0,0.0,0.0,0.0453,-0.0151
2014-03-18,北信源,sz300352,45.12,43.87,44.49,44.06,44.32,88.44118,1335744,0.0,0.0,0.0,0.0282,-0.0096
2014-03-19,北信源,sz300352,44.35,42.36,43.94,42.36,44.06,85.02876,1057548,0.0,0.0,0.0,0.0451,-0.0359
2014-03-20,北信源,sz300352,43.59,40.89,42.36,40.89,42.36,82.07801,1605744,0.0,0.0,0.0,0.0637,-0.0347
2014-03-21,北信源,sz300352,42.06,38.01,40.2,41.0,40.89,82.2988,2283790,0.0,0.0,0.0,0.099,0.0199
2014-03-24,北信源,sz300352,41.8,39.01,41.01,39.85,41.0,79.9904,1338803,0.0,0.0,0.0,0.068,-0.0282
2014-03-25,北信源,sz300352,40.38,39.35,39.81,40.24,39.85,80.77326,886628,0.0,0.0,0.0,0.0258,0.0108
2014-03-26,北信源,sz300352,41.72,39.78,40.24,41.12,40.24,82.539696,911826,0.0,0.0,0.0,0.0482,0.0218
2014-03-27,北信源,sz300352,41.03,39.41,41.03,39.6,41.12,79.48862,907925,0.0,0.0,0.0,0.0393,-0.0348
2014-03-28,北信源,sz300352,39.85,36.32,39.09,37.0,39.6,74.26963,1851318,0.0,0.0,0.0,0.0891,-0.0534
2014-03-31,北信源,sz300352,37.5,35.6,37.48,36.33,37.0,72.92476,1031459,0.0,0.0,0.0,0.0513,-0.0306
2014-04-01,北信源,sz300352,39.87,36.3,36.33,38.7,36.33,77.68201,1403899,0.0,0.0,0.0,0.0982,0.0652
2014-04-02,北信源,sz300352,39.21,37.6,38.8,38.78,38.7,77.842575,709539,0.0,0.0,0.0,0.0416,-5.0E-4
2014-04-03,北信源,sz300352,40.0,38.1,38.42,38.74,38.78,77.762314,796357,0.0,0.0,0.0,0.0489,0.0083
2014-04-04,北信源,sz300352,39.5,38.18,38.61,39.03,38.74,78.344444,595840,0.0,0.0,0.0,0.034,0.0108
2014-04-08,北信源,sz300352,39.0,37.5,38.52,38.3,39.03,76.87909,944039,0.0,0.0,0.0,0.0384,-0.0057
2014-04-09,北信源,sz300352,40.89,38.07,38.07,40.1,38.3,80.49218,1466759,0.0,0.0,0.0,0.0736,0.0533
2014-04-10,北信源,sz300352,41.34,40.1,40.88,40.33,40.1,80.95388,1314795,0.0,0.0,0.0,0.0309,-0.0134
2014-04-11,北信源,sz300352,39.81,38.8,39.55,39.27,40.33,78.82617,960996,0.0,0.0,0.0,0.025,-0.007
2014-04-14,北信源,sz300352,39.4,37.84,38.91,39.4,39.27,79.08708,1257625,0.0,0.0,0.0,0.0397,0.0125
2014-04-15,北信源,sz300352,39.4,38.45,39.01,38.51,39.4,77.30058,851771,0.0,0.0,0.0,0.0241,-0.0128
2014-04-16,北信源,sz300352,38.99,37.56,38.55,37.56,38.51,75.39366,918044,0.0,0.0,0.0,0.0371,-0.0256
2014-04-17,北信源,sz300352,38.39,37.5,37.58,37.61,37.56,75.494,952947,0.0,0.0,0.0,0.0236,7.0E-4
2014-04-18,北信源,sz300352,38.2,37.69,38.0,37.98,37.61,76.23672,510635,0.0,0.0,0.0,0.0135,-5.0E-4
2014-04-21,北信源,sz300352,38.48,37.62,38.4,37.8,37.98,75.87543,435914,0.0,0.0,0.0,0.0226,-0.0156
2014-04-22,北信源,sz300352,38.09,35.92,37.71,36.41,37.8,73.08534,1305908,0.0,0.0,0.0,0.0574,-0.0344
2014-04-23,北信源,sz300352,36.63,35.7,36.39,35.88,36.41,72.02151,534296,0.0,0.0,0.0,0.0255,-0.014
2014-04-24,北信源,sz300352,36.9,35.88,35.88,36.6,35.88,73.46677,1061914,0.0,0.0,0.0,0.0284,0.02
2014-04-25,北信源,sz300352,36.94,36.0,36.94,36.12,36.6,72.50325,360588,0.0,0.0,0.0,0.0256,-0.0221
2014-04-28,北信源,sz300352,36.11,33.62,35.88,33.74,36.12,67.72594,746400,0.0,0.0,0.0,0.0689,-0.0596
2014-04-29,北信源,sz300352,34.18,32.88,33.74,34.0,33.74,68.24783,750293,0.0,0.0,0.0,0.0385,0.0077
2014-04-30,北信源,sz300352,34.99,33.6,34.0,34.19,34.0,68.6292,490092,0.0,0.0,0.0,0.0408,0.0055
2014-05-05,北信源,sz300352,35.26,34.0,34.3,35.26,34.19,70.77702,570164,0.0,0.0,0.0,0.0368,0.0279
2014-05-06,北信源,sz300352,36.12,34.91,35.27,36.09,35.26,72.44304,657306,0.0,0.0,0.0,0.0343,0.0232
2014-05-07,北信源,sz300352,36.09,34.1,35.99,34.75,36.09,69.7533,637781,0.0,0.0,0.0,0.0551,-0.0344
2014-05-08,北信源,sz300352,35.77,34.3,34.3,34.5,34.75,69.251495,461129,0.0,0.0,0.0,0.0423,0.0058
2014-05-09,北信源,sz300352,34.79,32.72,34.51,32.93,34.5,66.10007,818600,0.0,0.0,0.0,0.06,-0.0457
2014-05-12,北信源,sz300352,33.66,32.55,33.62,33.1,32.93,66.44128,1149200,0.0,0.0,0.0,0.0337,-0.0154
2014-05-13,北信源,sz300352,33.67,32.66,33.03,33.12,33.1,66.48141,640501,0.0,0.0,0.0,0.0305,0.0027
2014-05-14,北信源,sz300352,33.12,32.57,33.09,32.79,33.12,65.81899,425579,0.0,0.0,0.0,0.0166,-0.009
2014-05-15,北信源,sz300352,33.2,32.58,32.8,32.79,32.79,65.81899,506615,0.0,0.0,0.0,0.0189,-3.0E-4
2014-05-16,北信源,sz300352,32.79,30.92,32.79,31.51,32.79,63.24968,1572361,0.0,0.0,0.0,0.057,-0.039
2014-05-19,北信源,sz300352,31.48,30.51,31.4,30.85,31.51,61.92485,913537,0.0,0.0,0.0,0.0307,-0.0175
2014-05-20,北信源,sz300352,33.94,30.84,31.19,33.55,30.85,67.34451,5816123,0.0,0.0,0.0,0.1004,0.0756
2014-05-21,北信源,sz300352,35.48,32.72,33.0,34.95,33.55,70.15473,5272244,0.0,0.0,0.0,0.0822,0.059
2014-05-22,北信源,sz300352,35.78,34.32,35.0,35.09,34.95,70.435776,3600888,0.0,0.0,0.0,0.0417,0.0025
2014-05-23,北信源,sz300352,38.6,34.81,34.81,38.6,35.09,77.48132,4892589,0.0,0.0,0.0,0.108,0.1088
2014-05-26,北信源,sz300352,40.98,38.65,39.0,40.6,38.6,81.495865,7202227,0.0,0.0,0.0,0.0603,0.041
2014-05-27,北信源,sz300352,21.39,19.45,19.9,19.99,40.6,80.452065,13542169,0.0,0.0,0.0,0.0477,0.0045
2014-05-28,北信源,sz300352,21.37,19.7,19.8,20.8,19.99,83.71198,14514473,0.0,0.0,0.0,0.0835,0.0505
2014-05-29,北信源,sz300352,20.98,19.8,20.5,19.99,20.8,80.45207,11032924,0.0,0.0,0.0,0.0567,-0.0248
2014-05-30,北信源,sz300352,21.99,19.38,19.51,21.99,19.99,88.5013,13287438,0.0,0.0,0.0,0.1305,0.1271
2014-06-03,北信源,sz300352,22.7,20.92,22.7,21.14,21.99,85.08037,14951467,0.0,0.0,0.0,0.0809,-0.0687
2014-06-04,北信源,sz300352,22.35,21.08,21.08,21.45,21.14,86.32799,12068238,0.0,0.0,0.0,0.06,0.0175
2014-06-05,北信源,sz300352,21.85,20.52,21.18,21.8,21.45,87.7366,8642231,0.0,0.0,0.0,0.062,0.0292
2014-06-06,北信源,sz300352,22.25,21.26,21.75,21.29,21.8,85.68409,7882220,0.0,0.0,0.0,0.0454,-0.0211
2014-06-09,北信源,sz300352,21.0,20.3,20.8,20.55,21.29,82.70589,6314039,0.0,0.0,0.0,0.0328,-0.012
2014-06-10,北信源,sz300352,21.68,20.21,20.21,21.46,20.55,86.36826,9141237,0.0,0.0,0.0,0.0715,0.0618
2014-06-11,北信源,sz300352,21.63,20.81,21.31,21.02,21.46,84.59746,6868131,0.0,0.0,0.0,0.0382,-0.0136
2014-06-12,北信源,sz300352,22.3,20.56,21.0,21.64,21.02,87.09274,8434967,0.0,0.0,0.0,0.0827,0.0304
2014-06-13,北信源,sz300352,22.67,21.05,21.21,21.92,21.64,88.219635,10955523,0.0,0.0,0.0,0.0748,0.0334
2014-06-16,北信源,sz300352,22.47,21.61,21.7,21.88,21.92,88.05864,8652788,0.0,0.0,0.0,0.0392,0.0082
2014-06-17,北信源,sz300352,22.47,21.53,21.8,22.1,21.88,88.94407,8341394,0.0,0.0,0.0,0.0429,0.0137
2014-06-18,北信源,sz300352,22.81,21.56,22.29,22.02,22.1,88.622086,12010437,0.0,0.0,0.0,0.0565,-0.0121
2014-06-19,北信源,sz300352,21.64,19.82,21.59,19.82,22.02,79.767944,12630195,0.0,0.0,0.0,0.0826,-0.0819
2014-06-20,北信源,sz300352,20.35,19.5,19.74,20.03,19.82,80.61308,5047631,0.0,0.0,0.0,0.0428,0.0146
2014-06-23,北信源,sz300352,20.8,20.05,20.06,20.32,20.03,81.780205,4620099,0.0,0.0,0.0,0.0374,0.0129
2014-06-24,北信源,sz300352,20.76,20.23,20.39,20.43,20.32,82.22288,3415208,0.0,0.0,0.0,0.026,0.0019
2014-06-25,北信源,sz300352,20.45,19.84,20.41,20.14,20.43,81.055725,3481963,0.0,0.0,0.0,0.0298,-0.0132
2014-06-26,北信源,sz300352,20.85,20.02,20.02,20.69,20.14,83.26927,6076265,0.0,0.0,0.0,0.0412,0.0334
2014-06-27,北信源,sz300352,21.88,20.66,20.68,21.4,20.69,86.12675,8253778,0.0,0.0,0.0,0.0589,0.0348
2014-06-30,北信源,sz300352,21.48,20.9,21.32,21.4,21.4,86.12675,5363283,0.0,0.0,0.0,0.0271,0.0037
2014-07-01,北信源,sz300352,22.16,21.16,21.43,21.82,21.4,87.81707,7194561,0.0,0.0,0.0,0.0467,0.0181
2014-07-02,北信源,sz300352,22.0,21.08,21.75,21.39,21.82,86.08646,5860465,0.0,0.0,0.0,0.0421,-0.0165
2014-07-03,北信源,sz300352,21.39,21.01,21.32,21.08,21.39,84.838806,4184642,0.0,0.0,0.0,0.0177,-0.0112
2014-07-04,北信源,sz300352,22.31,21.28,21.3,21.88,21.08,88.058525,10847211,0.0,0.0,0.0,0.0488,0.0272
2014-07-07,北信源,sz300352,22.37,21.61,22.2,22.24,21.88,89.50735,7448037,0.0,0.0,0.0,0.0347,0.0018
2014-07-08,北信源,sz300352,22.56,21.68,22.11,22.42,22.24,90.23182,7051670,0.0,0.0,0.0,0.0395,0.014
2014-07-09,北信源,sz300352,22.3,21.36,22.29,21.38,22.42,86.04624,6650246,0.0,0.0,0.0,0.0419,-0.0408
2014-07-10,北信源,sz300352,21.82,20.8,21.38,20.86,21.38,83.95342,4221173,0.0,0.0,0.0,0.0477,-0.0243
2014-07-11,北信源,sz300352,21.25,20.14,20.91,20.44,20.86,82.26311,4870102,0.0,0.0,0.0,0.0532,-0.0224
2014-07-14,北信源,sz300352,20.71,20.08,20.37,20.7,20.44,83.30949,3718369,0.0,0.0,0.0,0.0308,0.0162
2014-07-15,北信源,sz300352,20.5,19.72,20.5,20.08,20.7,80.8142,4394726,0.0,0.0,0.0,0.0376,-0.0204
2014-07-16,北信源,sz300352,20.07,19.28,19.99,19.34,20.08,77.83596,4549415,0.0,0.0,0.0,0.0393,-0.0325
2014-07-17,北信源,sz300352,19.66,19.2,19.35,19.36,19.34,77.91644,2450240,0.0,0.0,0.0,0.0237,5.0E-4
2014-07-18,北信源,sz300352,19.45,18.6,19.39,18.66,19.36,75.09921,3450164,0.0,0.0,0.0,0.0439,-0.0376
2014-07-21,北信源,sz300352,18.71,17.68,18.6,18.49,18.66,74.41506,4528872,0.0,0.0,0.0,0.0551,-0.0059
2014-07-22,北信源,sz300352,18.66,18.18,18.27,18.61,18.49,74.89802,2156684,0.0,0.0,0.0,0.0259,0.0186
2014-07-23,北信源,sz300352,18.74,17.85,18.6,17.9,18.61,72.040504,3017270,0.0,0.0,0.0,0.0478,-0.0376
2014-07-24,北信源,sz300352,18.52,17.26,17.71,18.47,17.9,74.334564,4757142,0.0,0.0,0.0,0.0703,0.0429
2014-07-25,北信源,sz300352,18.74,17.85,18.1,18.7,18.47,75.260254,4875513,0.0,0.0,0.0,0.0481,0.0331
2014-07-28,北信源,sz300352,19.04,18.3,18.7,18.89,18.7,76.024895,4009977,0.0,0.0,0.0,0.0395,0.0101
2014-07-29,北信源,sz300352,20.26,19.33,19.8,19.41,18.89,78.117714,7294078,0.0,0.0,0.0,0.0492,-0.0196
2014-07-30,北信源,sz300352,20.18,19.06,19.11,20.1,19.41,80.894714,6648969,0.0,0.0,0.0,0.0577,0.0518
2014-07-31,北信源,sz300352,19.98,19.71,19.86,19.8,20.1,79.68736,3411403,0.0,0.0,0.0,0.0134,-0.003
2014-08-01,北信源,sz300352,19.85,19.08,19.7,19.18,19.8,77.192116,3198544,0.0,0.0,0.0,0.0388,-0.0263
2014-08-04,北信源,sz300352,19.99,19.26,19.68,19.48,19.18,78.399475,3116819,0.0,0.0,0.0,0.038,-0.0101
2014-08-05,北信源,sz300352,20.06,19.3,19.58,19.9,19.48,80.08984,4170538,0.0,0.0,0.0,0.039,0.0163
2014-08-06,北信源,sz300352,20.34,19.83,19.98,20.21,19.9,81.33749,5521025,0.0,0.0,0.0,0.0256,0.0115
2014-08-07,北信源,sz300352,20.64,19.72,20.6,19.77,20.21,79.56669,5207161,0.0,0.0,0.0,0.0455,-0.0402
2014-08-08,北信源,sz300352,19.97,19.51,19.51,19.8,19.77,79.68739,3158268,0.0,0.0,0.0,0.0232,0.0148
2014-08-11,北信源,sz300352,19.97,19.6,19.82,19.9,19.8,80.08989,2428784,0.0,0.0,0.0,0.0186,0.004
2014-08-12,北信源,sz300352,20.5,19.8,19.95,20.29,19.9,81.65949,4764468,0.0,0.0,0.0,0.0351,0.017
2014-08-13,北信源,sz300352,20.5,19.86,20.16,20.3,20.29,81.69975,4456838,0.0,0.0,0.0,0.0315,0.0069
2014-08-14,北信源,sz300352,20.58,20.07,20.29,20.11,20.3,80.93504,4259192,0.0,0.0,0.0,0.0251,-0.0088
2014-08-15,北信源,sz300352,20.78,19.99,20.0,20.67,20.11,83.18884,6913145,0.0,0.0,0.0,0.0392,0.0335
2014-08-18,北信源,sz300352,22.0,20.91,21.6,21.29,20.67,85.68409,8499742,0.0,0.0,0.0,0.0527,-0.0143
2014-08-19,北信源,sz300352,22.35,21.07,21.55,21.84,21.29,87.89765,9880358,0.0,0.0,0.0,0.0601,0.0134
2014-08-20,北信源,sz300352,21.7,20.93,21.5,21.0,21.84,84.51693,7421138,0.0,0.0,0.0,0.0352,-0.0232
2014-08-21,北信源,sz300352,21.17,20.56,20.99,21.0,21.0,84.51693,4347748,0.0,0.0,0.0,0.029,4.0E-4
2014-08-22,北信源,sz300352,21.78,20.85,21.0,21.51,21.0,86.56951,6867284,0.0,0.0,0.0,0.0442,0.0242
2014-08-25,北信源,sz300352,21.99,21.26,21.52,21.63,21.51,87.05248,6502888,0.0,0.0,0.0,0.0339,0.0051
2014-08-26,北信源,sz300352,21.55,20.6,21.5,20.78,21.63,83.63158,4861604,0.0,0.0,0.0,0.0439,-0.0334
2014-08-27,北信源,sz300352,21.8,20.78,20.8,21.75,20.78,87.535416,6174888,0.0,0.0,0.0,0.049,0.0456
2014-08-28,北信源,sz300352,21.95,21.25,21.76,21.9,21.75,88.13915,6796761,0.0,0.0,0.0,0.0321,0.0064
2014-08-29,北信源,sz300352,23.0,21.63,21.97,22.51,21.9,90.59418,12214951,0.0,0.0,0.0,0.0625,0.0245
2014-09-01,北信源,sz300352,24.45,21.99,22.31,24.29,22.51,97.758,12757348,0.0,0.0,0.0,0.1092,0.0887
2014-09-02,北信源,sz300352,24.59,23.74,24.59,24.29,24.29,97.758,11481406,0.0,0.0,0.0,0.0349,-0.0122
2014-09-03,北信源,sz300352,24.68,23.75,24.53,24.24,24.29,97.556816,9081751,0.0,0.0,0.0,0.0382,-0.0118
2014-09-04,北信源,sz300352,25.08,24.03,24.3,24.81,24.24,99.85087,9129621,0.0,0.0,0.0,0.0433,0.0209
2014-09-05,北信源,sz300352,25.1,23.91,25.0,23.97,24.81,96.470215,8325435,0.0,0.0,0.0,0.0479,-0.0412
2014-09-09,北信源,sz300352,24.0,23.35,23.87,23.76,23.97,95.62504,4072627,0.0,0.0,0.0,0.0271,-0.0046
2014-09-10,北信源,sz300352,24.7,23.49,23.58,24.32,23.76,97.87882,6548796,0.0,0.0,0.0,0.0509,0.0313
2014-09-11,北信源,sz300352,24.55,23.61,24.32,23.81,24.32,95.82631,5686857,0.0,0.0,0.0,0.0386,-0.0209
2014-09-12,北信源,sz300352,23.89,23.25,23.58,23.62,23.81,95.061615,4596684,0.0,0.0,0.0,0.0268,0.0016
2014-09-15,北信源,sz300352,24.36,23.6,23.62,24.35,23.62,97.99959,6123696,0.0,0.0,0.0,0.0321,0.0309
2014-09-16,北信源,sz300352,24.76,23.32,24.35,23.35,24.35,93.97494,6083018,0.0,0.0,0.0,0.0591,-0.041
2014-09-17,北信源,sz300352,24.97,23.14,23.65,24.8,23.35,99.81069,8639100,0.0,0.0,0.0,0.0783,0.0486
2014-09-18,北信源,sz300352,26.1,24.33,24.72,25.85,24.8,104.036575,13355900,0.0,0.0,0.0,0.0713,0.0457
2014-12-10,北信源,sz300352,28.23,23.27,23.27,26.1,25.85,105.04271,18409042,0.0,0.0,0.0,0.1918,0.1216
2014-12-11,北信源,sz300352,25.26,23.71,24.0,24.54,26.1,98.76431,10487864,0.0,0.0,0.0,0.0593,0.0224
2014-12-12,北信源,sz300352,26.87,23.89,24.45,26.79,24.54,107.81971,11674174,0.0,0.0,0.0,0.1214,0.0957
2014-12-15,北信源,sz300352,27.4,26.05,26.11,26.79,26.79,107.81971,12158999,0.0,0.0,0.0,0.0503,0.026
2014-12-16,北信源,sz300352,29.47,26.79,26.79,28.63,26.79,115.22498,25592514,0.0,0.0,0.0,0.1,0.0686
2014-12-17,北信源,sz300352,31.12,27.86,27.86,30.4,28.63,122.34854,20432026,0.0,0.0,0.0,0.1138,0.0911
2014-12-18,北信源,sz300352,30.53,29.0,30.02,29.33,30.4,118.04224,14970424,0.0,0.0,0.0,0.0503,-0.0229
2014-12-19,北信源,sz300352,29.33,27.4,29.0,28.1,29.33,113.0919,10071561,0.0,0.0,0.0,0.0658,-0.031
2014-12-22,北信源,sz300352,27.9,25.29,27.9,25.29,28.1,101.782715,9853655,0.0,0.0,0.0,0.0928,-0.0935
2014-12-23,北信源,sz300352,26.06,24.15,25.1,24.81,25.29,99.850876,6433126,0.0,0.0,0.0,0.0755,-0.0115
2014-12-24,北信源,sz300352,26.78,24.78,25.03,26.3,24.81,105.84752,6838840,0.0,0.0,0.0,0.0806,0.0507
2014-12-25,北信源,sz300352,27.07,25.7,26.6,26.76,26.3,107.69879,5776133,0.0,0.0,0.0,0.052,0.006
2014-12-26,北信源,sz300352,28.3,26.31,26.6,27.45,26.76,110.47581,6001269,0.0,0.0,0.0,0.0743,0.0319
2014-12-29,北信源,sz300352,27.5,24.72,27.18,25.1,27.45,101.017975,7248711,0.0,0.0,0.0,0.1012,-0.0765
2014-12-30,北信源,sz300352,25.2,22.59,25.2,23.6,25.1,94.98104,8195268,0.0,0.0,0.0,0.1039,-0.0634
2014-12-31,北信源,sz300352,24.32,23.03,23.57,23.87,23.6,96.06772,3611329,0.0,0.0,0.0,0.0546,0.0127
2015-01-01,北信源,sz300352,23.87,23.87,23.87,23.87,23.87,23.8517,0,0.0,0.0,0.0,0.0,0.0
2015-01-02,北信源,sz300352,23.87,23.87,23.87,23.87,23.87,23.8517,0,0.0,0.0,0.0,0.0,0.0
2015-01-05,北信源,sz300352,22.86,21.73,22.86,22.02,23.87,22.0032,61281,0.0,0.0,0.0,0.0473,-0.0367
2015-01-06,北信源,sz300352,23.6,21.73,22.0,23.17,22.02,23.1523,67240,0.0,0.0,0.0,0.0849,0.0531
2015-01-07,北信源,sz300352,23.05,22.3,23.0,22.67,23.17,22.6527,47779,0.0,0.0,0.0,0.0323,-0.0143
2015-01-08,北信源,sz300352,24.8,22.35,22.4,24.02,22.67,24.0016,78696,0.0,0.0,0.0,0.108,0.0723
2015-01-09,北信源,sz300352,25.15,23.62,23.62,24.17,24.02,24.1515,63935,0.0,0.0,0.0,0.0636,0.0232
2015-01-12,北信源,sz300352,25.38,23.5,23.87,24.4,24.17,24.3813,51323,0.0,0.0,0.0,0.0777,0.0222
2015-01-13,北信源,sz300352,26.4,24.18,24.58,26.24,24.4,26.2199,90152,0.0,0.0,0.0,0.0909,0.0675
2015-01-14,北信源,sz300352,26.88,25.18,26.19,25.35,26.24,25.3306,58165,0.0,0.0,0.0,0.0647,-0.032
2015-01-15,北信源,sz300352,26.2,24.21,25.0,24.48,25.35,24.4613,47928,0.0,0.0,0.0,0.0785,-0.0207
2015-01-16,北信源,sz300352,26.26,24.08,24.47,26.14,24.48,26.12,77768,0.0,0.0,0.0,0.089,0.0682
2015-01-19,北信源,sz300352,27.78,25.11,25.82,26.53,26.14,26.5097,136450,0.0,0.0,0.0,0.1021,0.0274
2015-01-20,北信源,sz300352,28.5,26.0,27.32,28.2,26.53,28.1784,121835,0.0,0.0,0.0,0.0942,0.0322
2015-01-21,北信源,sz300352,29.65,27.9,28.01,28.38,28.2,28.3583,141504,0.0,0.0,0.0,0.062,0.0132
2015-01-22,北信源,sz300352,29.29,27.63,28.3,28.11,28.38,28.0885,73846,0.0,0.0,0.0,0.0584,-0.0067
2015-01-23,北信源,sz300352,28.35,26.72,27.74,27.03,28.11,27.0093,71576,0.0,0.0,0.0,0.0579,-0.0255
2015-01-26,北信源,sz300352,29.73,27.82,27.82,29.73,27.03,29.7073,156303,0.0,0.0,0.0,0.0706,0.0686
2015-01-27,北信源,sz300352,31.0,29.2,29.82,30.66,29.73,30.6365,149363,0.0,0.0,0.0,0.0605,0.0281
2015-01-28,北信源,sz300352,32.99,30.16,30.66,31.28,30.66,31.2561,132503,0.0,0.0,0.0,0.0923,0.0202
2015-01-29,北信源,sz300352,32.12,30.01,30.8,31.3,31.28,31.2761,75118,0.0,0.0,0.0,0.0674,0.0162
2015-01-30,北信源,sz300352,31.58,28.45,30.91,28.53,31.3,28.5082,105294,0.0,0.0,0.0,0.0999,-0.0769
2015-02-02,北信源,sz300352,29.95,28.01,28.56,29.0,28.53,28.9778,51371,0.0,0.0,0.0,0.0679,0.0154
2015-02-03,北信源,sz300352,31.9,28.81,29.0,31.9,29.0,31.8756,118922,0.0,0.0,0.0,0.1065,0.0999
2015-02-04,北信源,sz300352,33.46,31.81,32.98,31.96,31.9,31.9355,157590,0.0,0.0,0.0,0.0517,-0.0309
2015-02-05,北信源,sz300352,34.0,30.93,31.63,33.21,31.96,33.1846,135689,0.0,0.0,0.0,0.096,0.0499
2015-02-06,北信源,sz300352,33.2,31.2,32.53,31.57,33.21,31.5458,77107,0.0,0.0,0.0,0.0602,-0.0295
2015-02-09,北信源,sz300352,32.6,29.69,31.56,30.46,31.57,30.4367,73854,0.0,0.0,0.0,0.0921,-0.0348
2015-02-10,北信源,sz300352,31.39,29.32,30.5,30.5,30.46,30.4767,60927,0.0,0.0,0.0,0.0679,0.0
2015-02-11,北信源,sz300352,32.25,30.68,30.76,32.25,30.5,32.2253,73477,0.0,0.0,0.0,0.0514,0.0484
2015-02-12,北信源,sz300352,32.85,31.18,32.5,31.27,32.25,31.2461,65337,0.0,0.0,0.0,0.0517,-0.0378
2015-02-13,北信源,sz300352,32.85,30.55,31.6,32.8,31.27,32.7749,79826,0.0,0.0,0.0,0.0735,0.0379
2015-02-16,北信源,sz300352,33.61,31.99,32.5,33.3,32.8,33.2745,75125,0.0,0.0,0.0,0.0493,0.0246
2015-02-17,北信源,sz300352,34.12,32.3,33.34,33.12,33.3,33.0947,69685,0.0,0.0,0.0,0.0546,-0.0065
2015-02-18,北信源,sz300352,33.12,33.12,33.12,33.12,33.12,33.0947,0,0.0,0.0,0.0,0.0,0.0
2015-02-19,北信源,sz300352,33.12,33.12,33.12,33.12,33.12,33.0947,0,0.0,0.0,0.0,0.0,0.0
2015-02-20,北信源,sz300352,33.12,33.12,33.12,33.12,33.12,33.0947,0,0.0,0.0,0.0,0.0,0.0
2015-02-23,北信源,sz300352,33.12,33.12,33.12,33.12,33.12,33.0947,0,0.0,0.0,0.0,0.0,0.0
2015-02-24,北信源,sz300352,33.12,33.12,33.12,33.12,33.12,33.0947,0,0.0,0.0,0.0,0.0,0.0
2015-02-25,北信源,sz300352,33.96,31.21,33.0,31.8,33.12,31.7757,78830,0.0,0.0,0.0,0.083,-0.0363
2015-02-26,北信源,sz300352,32.09,30.47,32.09,31.5,31.8,31.4759,54308,0.0,0.0,0.0,0.0509,-0.0183
2015-02-27,北信源,sz300352,32.21,30.86,31.57,32.12,31.5,32.0954,61467,0.0,0.0,0.0,0.0428,0.0174
2015-03-02,北信源,sz300352,35.33,31.71,32.14,35.2,32.12,35.1731,159932,0.0,0.0,0.0,0.1127,0.0952
2015-03-03,北信源,sz300352,35.2,33.47,34.7,33.91,35.2,33.8841,94338,0.0,0.0,0.0,0.0491,-0.0227
2015-03-04,北信源,sz300352,35.87,33.6,33.99,35.29,33.91,35.263,78325,0.0,0.0,0.0,0.0669,0.0382
2015-03-05,北信源,sz300352,35.14,33.91,35.0,34.47,35.29,34.4436,43291,0.0,0.0,0.0,0.0348,-0.0151
2015-03-06,北信源,sz300352,34.8,32.8,34.12,32.99,34.47,32.9648,41753,0.0,0.0,0.0,0.058,-0.0331
2015-03-09,北信源,sz300352,33.8,32.38,32.8,33.21,32.99,33.1846,35901,0.0,0.0,0.0,0.043,0.0125
2015-03-10,北信源,sz300352,33.77,32.65,33.1,32.84,33.21,32.8149,53041,0.0,0.0,0.0,0.0337,-0.0078
2015-03-11,北信源,sz300352,33.29,30.88,33.0,31.0,32.84,30.9763,102438,0.0,0.0,0.0,0.0733,-0.0606
2015-03-12,北信源,sz300352,33.63,30.82,31.31,31.86,31.0,31.8356,85466,0.0,0.0,0.0,0.0906,0.0175
2015-03-13,北信源,sz300352,33.4,31.0,31.95,33.26,31.86,33.2346,97337,0.0,0.0,0.0,0.0753,0.041
2015-03-16,北信源,sz300352,35.15,33.53,33.54,33.99,33.26,33.964,119848,0.0,0.0,0.0,0.0487,0.0134
2015-03-17,北信源,sz300352,34.55,32.7,34.1,33.45,33.99,33.4244,101303,0.0,0.0,0.0,0.0544,-0.019
2015-03-18,北信源,sz300352,34.3,32.41,33.45,33.93,33.45,33.904,127883,0.0,0.0,0.0,0.0565,0.0143
2015-03-19,北信源,sz300352,36.0,32.87,33.51,35.55,33.93,35.5228,184011,0.0,0.0,0.0,0.0922,0.0608
2015-03-20,北信源,sz300352,39.11,35.5,35.5,38.04,35.55,38.0109,209770,0.0,0.0,0.0,0.1015,0.0715
2015-03-23,北信源,sz300352,39.97,37.51,38.3,39.36,38.04,39.3299,172100,0.0,0.0,0.0,0.0646,0.0276
2015-03-24,北信源,sz300352,39.58,36.3,38.54,38.28,39.36,38.2507,183356,0.0,0.0,0.0,0.0833,-0.0067
2015-03-25,北信源,sz300352,40.02,37.03,38.0,39.34,38.28,39.3099,170728,0.0,0.0,0.0,0.0781,0.0352
2015-03-26,北信源,sz300352,38.52,35.5,38.0,36.02,39.34,35.9924,125534,0.0,0.0,0.0,0.0767,-0.0521
2015-03-27,北信源,sz300352,36.58,35.22,35.22,35.79,36.02,35.7626,75748,0.0,0.0,0.0,0.0377,0.0161
2015-03-30,北信源,sz300352,35.7,33.8,35.7,34.29,35.79,34.2638,101541,0.0,0.0,0.0,0.053,-0.0394
2015-03-31,北信源,sz300352,35.26,34.01,34.22,34.66,34.29,34.6335,75906,0.0,0.0,0.0,0.0364,0.0128
2015-04-01,北信源,sz300352,36.58,34.4,34.6,36.2,34.66,36.1723,114104,0.0,0.0,0.0,0.0628,0.0462
2015-04-02,北信源,sz300352,37.7,36.3,36.71,36.85,36.2,36.8218,131742,0.0,0.0,0.0,0.0386,0.0038
2015-04-03,北信源,sz300352,38.2,36.25,36.6,38.09,36.85,38.0609,106965,0.0,0.0,0.0,0.0529,0.0407
2015-04-06,北信源,sz300352,38.09,38.09,38.09,38.09,38.09,38.0609,0,0.0,0.0,0.0,0.0,0.0
2015-04-07,北信源,sz300352,39.49,37.4,37.99,38.88,38.09,38.8503,114925,0.0,0.0,0.0,0.0548,0.0234
2015-04-08,北信源,sz300352,39.25,35.44,38.86,36.38,38.88,36.3522,105763,0.0,0.0,0.0,0.0979,-0.0638
2015-04-09,北信源,sz300352,36.01,33.17,36.01,34.7,36.38,34.6735,101889,0.0,0.0,0.0,0.078,-0.0363
2015-04-10,北信源,sz300352,36.32,34.01,34.1,35.5,34.7,35.4728,92871,0.0,0.0,0.0,0.0665,0.041
2015-04-13,北信源,sz300352,38.42,34.76,35.5,38.42,35.5,38.3906,149978,0.0,0.0,0.0,0.103,0.0822
2015-04-14,北信源,sz300352,41.61,39.16,39.16,40.09,38.42,40.0593,198425,0.0,0.0,0.0,0.0637,0.0237
2015-04-15,北信源,sz300352,41.95,37.78,39.65,38.95,40.09,38.9202,128017,0.0,0.0,0.0,0.104,-0.0176
2015-04-16,北信源,sz300352,42.85,36.85,38.5,40.99,38.95,40.9586,171897,0.0,0.0,0.0,0.154,0.0646
2015-04-17,北信源,sz300352,41.5,38.02,41.0,39.87,40.99,39.8395,149200,0.0,0.0,0.0,0.0848,-0.0275
2015-04-20,北信源,sz300352,41.5,38.08,39.0,38.21,39.87,38.1808,116601,0.0,0.0,0.0,0.0857,-0.0202
2015-04-21,北信源,sz300352,42.03,38.3,38.31,42.03,38.21,41.9978,129339,0.0,0.0,0.0,0.0976,0.0971
2015-04-22,北信源,sz300352,46.23,46.23,46.23,46.23,42.03,46.1946,25998,0.0,0.0,0.0,0.0,0.0
2015-04-23,北信源,sz300352,50.85,44.3,46.3,50.0,46.23,49.9617,233049,0.0,0.0,0.0,0.1416,0.0799
2015-04-24,北信源,sz300352,54.99,47.0,49.7,54.68,50.0,54.6382,171254,0.0,0.0,0.0,0.1598,0.1002
2015-04-27,北信源,sz300352,57.0,51.0,54.16,51.8,54.68,51.7604,156120,0.0,0.0,0.0,0.1097,-0.0435
2015-04-28,北信源,sz300352,53.18,47.0,52.1,48.8,51.8,48.7627,139111,0.0,0.0,0.0,0.1193,-0.0633
2015-04-29,北信源,sz300352,53.68,48.87,48.87,53.68,48.8,53.6389,157272,0.0,0.0,0.0,0.0985,0.0984
2015-04-30,北信源,sz300352,57.44,50.7,55.21,51.5,53.68,51.4606,177788,0.0,0.0,0.0,0.1255,-0.0671
2015-05-01,北信源,sz300352,51.5,51.5,51.5,51.5,51.5,51.4606,0,0.0,0.0,0.0,0.0,0.0
2015-05-04,北信源,sz300352,53.38,48.88,52.12,52.5,51.5,52.4598,100566,0.0,0.0,0.0,0.0873,0.0072
2015-05-05,北信源,sz300352,53.8,49.91,52.0,53.7,52.5,53.6589,105411,0.0,0.0,0.0,0.074,0.0326
2015-05-06,北信源,sz300352,59.07,53.06,53.65,56.5,53.7,56.4568,176152,0.0,0.0,0.0,0.1119,0.0531
2015-05-07,北信源,sz300352,57.55,52.8,54.92,52.93,56.5,52.8895,108400,0.0,0.0,0.0,0.084,-0.0362
2015-05-08,北信源,sz300352,58.22,53.8,53.82,58.22,52.93,58.1755,86731,0.0,0.0,0.0,0.0835,0.0817
2015-05-11,北信源,sz300352,64.04,59.0,61.7,64.04,58.22,63.991,130333,0.0,0.0,0.0,0.0865,0.0379
2015-05-12,北信源,sz300352,69.05,64.01,65.9,68.96,64.04,68.9072,159716,0.0,0.0,0.0,0.0787,0.0464
2015-05-13,北信源,sz300352,69.7,62.17,66.5,66.25,68.96,66.1993,93755,0.0,0.0,0.0,0.1091,-0.0037
2015-05-14,北信源,sz300352,72.82,63.61,65.49,66.2,66.25,66.1493,96898,0.0,0.0,0.0,0.139,0.0108
2015-05-15,北信源,sz300352,70.28,62.03,65.54,67.5,66.2,67.4484,87854,0.0,0.0,0.0,0.1246,0.0299
2015-05-18,北信源,sz300352,72.18,68.03,68.03,72.11,67.5,72.0548,114447,0.0,0.0,0.0,0.0614,0.0599
2015-05-19,北信源,sz300352,72.82,68.3,71.05,69.61,72.11,69.5567,75771,0.0,0.0,0.0,0.0626,-0.0202
2015-05-20,北信源,sz300352,74.25,69.7,71.4,70.1,69.61,70.0464,85025,0.0,0.0,0.0,0.0653,-0.0182
2015-05-21,北信源,sz300352,72.9,68.5,69.42,71.85,70.1,71.795,85217,0.0,0.0,0.0,0.0627,0.035
2015-05-22,北信源,sz300352,73.0,64.67,72.03,64.67,71.85,64.6205,230928,0.0,0.0,0.0,0.1159,-0.1021
2015-05-25,北信源,sz300352,61.75,58.2,60.0,60.35,64.67,60.3038,147156,0.0,0.0,0.0,0.0548,0.0058
2015-05-26,北信源,sz300352,64.58,60.1,60.2,64.09,60.35,64.041,102419,0.0,0.0,0.0,0.0742,0.0646
2015-05-27,北信源,sz300352,67.0,62.1,65.7,65.89,64.09,65.8396,127699,0.0,0.0,0.0,0.0764,0.0028
2015-05-28,北信源,sz300352,66.98,59.3,66.96,59.3,65.89,59.2546,136308,0.0,0.0,0.0,0.1165,-0.1143
2015-05-29,北信源,sz300352,64.79,55.01,59.8,62.5,59.3,62.4522,153823,0.0,0.0,0.0,0.1649,0.0451
2015-06-01,北信源,sz300352,65.7,62.51,63.9,65.35,62.5,65.3,163331,0.0,0.0,0.0,0.051,0.0226
2015-06-02,北信源,sz300352,69.51,63.33,65.76,69.23,65.35,69.23,140674,0.0,0.0,0.0,0.0945,0.0527
2015-06-03,北信源,sz300352,73.58,67.92,68.0,71.7,69.23,71.7,127496,0.0,0.0,0.0,0.0817,0.0544
2015-06-04,北信源,sz300352,75.68,64.69,72.45,73.5,71.7,73.5,122782,0.0,0.0,0.0,0.1532,0.0144
2015-06-05,北信源,sz300352,73.5,73.5,73.5,73.5,73.5,73.5,0,0.0,0.0,0.0,0.0,0.0
2015-06-08,北信源,sz300352,73.5,73.5,73.5,73.5,73.5,73.5,0,0.0,0.0,0.0,0.0,0.0
2015-06-09,北信源,sz300352,73.5,73.5,73.5,73.5,73.5,73.5,0,0.0,0.0,0.0,0.0,0.0
2015-06-10,北信源,sz300352,73.5,73.5,73.5,73.5,73.5,73.5,0,0.0,0.0,0.0,0.0,0.0
2015-06-11,北信源,sz300352,73.5,73.5,73.5,73.5,73.5,73.5,0,0.0,0.0,0.0,0.0,0.0
2015-06-12,北信源,sz300352,80.5,66.88,73.78,70.18,73.5,70.18,113924,0.0,0.0,0.0,0.1853,-0.0487
2015-06-15,北信源,sz300352,75.7,70.36,73.7,71.5,70.18,71.5,114255,0.0,0.0,0.0,0.076,-0.0298
2015-06-16,北信源,sz300352,68.68,64.35,68.0,64.8,71.5,64.8,110460,0.0,0.0,0.0,0.0605,-0.047
2015-06-17,北信源,sz300352,67.49,58.32,64.0,67.0,64.8,67.0,108750,0.0,0.0,0.0,0.1415,0.0468
2015-06-18,北信源,sz300352,66.58,60.3,65.89,61.8,67.0,61.8,82965,0.0,0.0,0.0,0.0937,-0.062
2015-06-19,北信源,sz300352,62.49,55.88,59.8,60.97,61.8,60.97,91881,0.0,0.0,0.0,0.1069,0.0195
2015-06-22,北信源,sz300352,60.97,60.97,60.97,60.97,60.97,60.97,0,0.0,0.0,0.0,0.0,0.0
2015-06-23,北信源,sz300352,62.79,56.0,60.84,59.8,60.97,59.8,63631,0.0,0.0,0.0,0.1113,-0.017
2015-06-24,北信源,sz300352,61.86,56.93,60.5,58.6,59.8,58.6,77987,0.0,0.0,0.0,0.0824,-0.0314
2015-06-25,北信源,sz300352,60.0,52.74,59.86,52.74,58.6,52.74,78423,0.0,0.0,0.0,0.1238,-0.1189
2015-06-26,北信源,sz300352,50.98,47.47,50.0,47.47,52.74,47.47,77799,0.0,0.0,0.0,0.0665,-0.0506
2015-06-29,北信源,sz300352,48.4,42.72,47.61,42.72,47.47,42.72,55544,0.0,0.0,0.0,0.1196,-0.1027
2015-06-30,北信源,sz300352,45.77,38.45,38.52,43.4,42.72,43.4,93564,0.0,0.0,0.0,0.1713,0.1266
2015-07-01,北信源,sz300352,46.15,39.2,42.89,40.21,43.4,40.21,96782,0.0,0.0,0.0,0.1601,-0.0624
2015-07-02,北信源,sz300352,41.45,36.19,40.21,36.19,40.21,36.19,75440,0.0,0.0,0.0,0.1308,-0.0999
2015-07-03,北信源,sz300352,36.5,32.57,33.0,32.57,36.19,32.57,74194,0.0,0.0,0.0,0.1085,-0.013
2015-07-06,北信源,sz300352,35.5,29.31,35.5,29.31,32.57,29.31,131632,0.0,0.0,0.0,0.19,-0.1743
2015-07-07,北信源,sz300352,26.4,26.38,26.38,26.38,29.31,26.38,18509,0.0,0.0,0.0,6.0E-4,0.0
2015-07-08,北信源,sz300352,26.38,26.38,26.38,26.38,26.38,26.38,0,0.0,0.0,0.0,0.0,0.0
2015-07-09,北信源,sz300352,26.38,26.38,26.38,26.38,26.38,26.38,0,0.0,0.0,0.0,0.0,0.0
2015-07-10,北信源,sz300352,26.38,26.38,26.38,26.38,26.38,26.38,0,0.0,0.0,0.0,0.0,0.0
2015-07-13,北信源,sz300352,26.38,26.38,26.38,26.38,26.38,26.38,0,0.0,0.0,0.0,0.0,0.0
2015-07-14,北信源,sz300352,26.38,26.38,26.38,26.38,26.38,26.38,0,0.0,0.0,0.0,0.0,0.0
2015-07-15,北信源,sz300352,26.38,26.38,26.38,26.38,26.38,26.38,0,0.0,0.0,0.0,0.0,0.0
2015-07-16,北信源,sz300352,26.38,26.38,26.38,26.38,26.38,26.38,0,0.0,0.0,0.0,0.0,0.0
2015-07-17,北信源,sz300352,26.38,26.38,26.38,26.38,26.38,26.38,0,0.0,0.0,0.0,0.0,0.0
2015-07-20,北信源,sz300352,26.38,26.38,26.38,26.38,26.38,26.38,0,0.0,0.0,0.0,0.0,0.0
2015-07-21,北信源,sz300352,26.38,26.38,26.38,26.38,26.38,26.38,0,0.0,0.0,0.0,0.0,0.0
2015-07-22,北信源,sz300352,26.38,26.38,26.38,26.38,26.38,26.38,0,0.0,0.0,0.0,0.0,0.0
2015-07-23,北信源,sz300352,26.38,26.38,26.38,26.38,26.38,26.38,0,0.0,0.0,0.0,0.0,0.0
2015-07-24,北信源,sz300352,26.38,26.38,26.38,26.38,26.38,26.38,0,0.0,0.0,0.0,0.0,0.0
2015-07-27,北信源,sz300352,26.38,26.38,26.38,26.38,26.38,26.38,0,0.0,0.0,0.0,0.0,0.0
2015-07-28,北信源,sz300352,26.38,26.38,26.38,26.38,26.38,26.38,0,0.0,0.0,0.0,0.0,0.0
2015-07-29,北信源,sz300352,26.38,26.38,26.38,26.38,26.38,26.38,0,0.0,0.0,0.0,0.0,0.0
2015-07-30,北信源,sz300352,26.38,26.38,26.38,26.38,26.38,26.38,0,0.0,0.0,0.0,0.0,0.0
2015-07-31,北信源,sz300352,26.38,26.38,26.38,26.38,26.38,26.38,0,0.0,0.0,0.0,0.0,0.0
2015-08-03,北信源,sz300352,26.38,26.38,26.38,26.38,26.38,26.38,0,0.0,0.0,0.0,0.0,0.0
2015-08-04,北信源,sz300352,26.38,26.38,26.38,26.38,26.38,26.38,0,0.0,0.0,0.0,0.0,0.0
2015-08-05,北信源,sz300352,26.38,26.38,26.38,26.38,26.38,26.38,0,0.0,0.0,0.0,0.0,0.0
2015-08-06,北信源,sz300352,26.38,26.38,26.38,26.38,26.38,26.38,0,0.0,0.0,0.0,0.0,0.0
2015-08-07,北信源,sz300352,26.38,26.38,26.38,26.38,26.38,26.38,0,0.0,0.0,0.0,0.0,0.0
2015-08-10,北信源,sz300352,26.38,26.38,26.38,26.38,26.38,26.38,0,0.0,0.0,0.0,0.0,0.0
2015-08-11,北信源,sz300352,26.38,26.38,26.38,26.38,26.38,26.38,0,0.0,0.0,0.0,0.0,0.0
2015-08-12,北信源,sz300352,26.38,26.38,26.38,26.38,26.38,26.38,0,0.0,0.0,0.0,0.0,0.0
2015-08-13,北信源,sz300352,26.38,26.38,26.38,26.38,26.38,26.38,0,0.0,0.0,0.0,0.0,0.0
2015-08-14,北信源,sz300352,26.38,26.38,26.38,26.38,26.38,26.38,0,0.0,0.0,0.0,0.0,0.0
2015-08-17,北信源,sz300352,26.38,26.38,26.38,26.38,26.38,26.38,0,0.0,0.0,0.0,0.0,0.0
2015-08-18,北信源,sz300352,26.38,26.38,26.38,26.38,26.38,26.38,0,0.0,0.0,0.0,0.0,0.0
2015-08-19,北信源,sz300352,26.38,26.38,26.38,26.38,26.38,26.38,0,0.0,0.0,0.0,0.0,0.0
2015-08-20,北信源,sz300352,26.38,26.38,26.38,26.38,26.38,26.38,0,0.0,0.0,0.0,0.0,0.0
2015-08-21,北信源,sz300352,26.38,26.38,26.38,26.38,26.38,26.38,0,0.0,0.0,0.0,0.0,0.0
2015-08-24,北信源,sz300352,26.38,26.38,26.38,26.38,26.38,26.38,0,0.0,0.0,0.0,0.0,0.0
2015-08-25,北信源,sz300352,26.38,26.38,26.38,26.38,26.38,26.38,0,0.0,0.0,0.0,0.0,0.0
2015-08-26,北信源,sz300352,26.38,26.38,26.38,26.38,26.38,26.38,0,0.0,0.0,0.0,0.0,0.0
2015-08-27,北信源,sz300352,26.38,26.38,26.38,26.38,26.38,26.38,0,0.0,0.0,0.0,0.0,0.0
2015-08-28,北信源,sz300352,26.38,26.38,26.38,26.38,26.38,26.38,0,0.0,0.0,0.0,0.0,0.0
2015-08-31,北信源,sz300352,26.38,26.38,26.38,26.38,26.38,26.38,0,0.0,0.0,0.0,0.0,0.0
2015-09-01,北信源,sz300352,26.38,26.38,26.38,26.38,26.38,26.38,0,0.0,0.0,0.0,0.0,0.0
2015-09-02,北信源,sz300352,26.38,26.38,26.38,26.38,26.38,26.38,0,0.0,0.0,0.0,0.0,0.0
2015-09-03,北信源,sz300352,26.38,26.38,26.38,26.38,26.38,26.38,0,0.0,0.0,0.0,0.0,0.0
2015-09-04,北信源,sz300352,26.38,26.38,26.38,26.38,26.38,26.38,0,0.0,0.0,0.0,0.0,0.0
2015-09-07,北信源,sz300352,26.38,26.38,26.38,26.38,26.38,26.38,0,0.0,0.0,0.0,0.0,0.0
2015-09-08,北信源,sz300352,26.38,26.38,26.38,26.38,26.38,26.38,0,0.0,0.0,0.0,0.0,0.0
2015-09-09,北信源,sz300352,26.38,26.38,26.38,26.38,26.38,26.38,0,0.0,0.0,0.0,0.0,0.0
2015-09-10,北信源,sz300352,26.38,26.38,26.38,26.38,26.38,26.38,0,0.0,0.0,0.0,0.0,0.0
2015-09-11,北信源,sz300352,26.38,26.38,26.38,26.38,26.38,26.38,0,0.0,0.0,0.0,0.0,0.0
2015-09-14,北信源,sz300352,26.38,26.38,26.38,26.38,26.38,26.38,0,0.0,0.0,0.0,0.0,0.0
2015-09-15,北信源,sz300352,26.38,26.38,26.38,26.38,26.38,26.38,0,0.0,0.0,0.0,0.0,0.0
2015-09-16,北信源,sz300352,26.38,26.38,26.38,26.38,26.38,26.38,0,0.0,0.0,0.0,0.0,0.0
2015-09-17,北信源,sz300352,26.38,26.38,26.38,26.38,26.38,26.38,0,0.0,0.0,0.0,0.0,0.0
2015-09-18,北信源,sz300352,26.38,26.38,26.38,26.38,26.38,26.38,0,0.0,0.0,0.0,0.0,0.0
2015-09-21,北信源,sz300352,26.38,26.38,26.38,26.38,26.38,26.38,0,0.0,0.0,0.0,0.0,0.0
2015-09-22,北信源,sz300352,29.02,29.02,29.02,29.02,26.38,29.02,7987,0.0,0.0,0.0,0.0,0.0
2015-09-23,北信源,sz300352,31.92,31.92,31.92,31.92,29.02,31.92,8347,0.0,0.0,0.0,0.0,0.0
2015-09-24,北信源,sz300352,33.88,31.92,33.88,32.62,31.92,32.62,267790,0.0,0.0,0.0,0.0614,-0.0371
2015-09-25,北信源,sz300352,32.45,29.36,31.5,29.36,32.62,29.36,166769,0.0,0.0,0.0,0.0947,-0.0679
2015-09-28,北信源,sz300352,29.36,29.36,29.36,29.36,29.36,29.36,0,0.0,0.0,0.0,0.0,0.0
2015-09-29,北信源,sz300352,31.7,30.11,30.59,30.15,29.36,30.15,118230,0.0,0.0,0.0,0.0541,-0.0143
2015-09-30,北信源,sz300352,30.86,28.75,30.51,29.3,30.15,29.3,83717,0.0,0.0,0.0,0.0699,-0.0396
2015-10-01,北信源,sz300352,29.3,29.3,29.3,29.3,29.3,29.3,0,0.0,0.0,0.0,0.0,0.0
2015-10-02,北信源,sz300352,29.3,29.3,29.3,29.3,29.3,29.3,0,0.0,0.0,0.0,0.0,0.0
2015-10-05,北信源,sz300352,29.3,29.3,29.3,29.3,29.3,29.3,0,0.0,0.0,0.0,0.0,0.0
2015-10-06,北信源,sz300352,29.3,29.3,29.3,29.3,29.3,29.3,0,0.0,0.0,0.0,0.0,0.0
2015-10-07,北信源,sz300352,29.3,29.3,29.3,29.3,29.3,29.3,0,0.0,0.0,0.0,0.0,0.0
2015-10-08,北信源,sz300352,32.23,30.21,30.75,32.23,29.3,32.23,134564,0.0,0.0,0.0,0.0689,0.0481
2015-10-09,北信源,sz300352,33.52,32.32,32.89,33.3,32.23,33.3,158142,0.0,0.0,0.0,0.0372,0.0124
2015-10-12,北信源,sz300352,35.8,33.53,33.6,35.1,33.3,35.1,161753,0.0,0.0,0.0,0.0681,0.0446
2015-10-13,北信源,sz300352,37.0,34.4,34.42,35.87,35.1,35.87,126894,0.0,0.0,0.0,0.074,0.0421
2015-10-14,北信源,sz300352,35.85,34.5,35.5,34.98,35.87,34.98,112436,0.0,0.0,0.0,0.0376,-0.0146
2015-10-15,北信源,sz300352,37.9,34.71,34.85,37.69,34.98,37.69,132117,0.0,0.0,0.0,0.0911,0.0814
2015-10-16,北信源,sz300352,38.26,36.32,37.96,37.5,37.69,37.5,128272,0.0,0.0,0.0,0.0514,-0.0121
2015-10-19,北信源,sz300352,37.8,35.38,37.6,35.7,37.5,35.7,126021,0.0,0.0,0.0,0.0645,-0.0505
2015-10-20,北信源,sz300352,37.46,35.88,35.88,37.08,35.7,37.08,106644,0.0,0.0,0.0,0.0442,0.0334
2015-10-21,北信源,sz300352,38.95,34.2,37.0,34.5,37.08,34.5,214539,0.0,0.0,0.0,0.1281,-0.0675
2015-10-22,北信源,sz300352,37.95,34.5,34.5,37.95,34.5,37.95,290140,0.0,0.0,0.0,0.1,0.1
2015-10-23,北信源,sz300352,41.75,38.1,41.0,41.75,37.95,41.75,272710,0.0,0.0,0.0,0.0961,0.0182
2015-10-26,北信源,sz300352,45.93,42.0,44.0,44.21,41.75,44.21,222537,0.0,0.0,0.0,0.0941,0.0047
2015-10-27,北信源,sz300352,47.99,42.61,43.51,47.32,44.21,47.32,177187,0.0,0.0,0.0,0.1216,0.0875
2015-10-28,北信源,sz300352,47.99,44.6,46.6,46.5,47.32,46.5,143535,0.0,0.0,0.0,0.0716,-0.0021
2015-10-29,北信源,sz300352,49.77,45.9,46.7,48.75,46.5,48.75,129768,0.0,0.0,0.0,0.0832,0.0438
2015-10-30,北信源,sz300352,53.63,47.28,48.5,53.0,48.75,53.0,159233,0.0,0.0,0.0,0.1302,0.0927
2015-11-02,北信源,sz300352,51.55,47.7,49.51,47.7,53.0,47.7,151775,0.0,0.0,0.0,0.0726,-0.0365
2015-11-03,北信源,sz300352,48.6,44.9,48.0,45.5,47.7,45.5,162446,0.0,0.0,0.0,0.0775,-0.052
2015-11-04,北信源,sz300352,48.9,45.3,45.3,48.73,45.5,48.73,129349,0.0,0.0,0.0,0.0791,0.0757
2015-11-05,北信源,sz300352,50.05,45.6,48.73,47.05,48.73,47.05,142319,0.0,0.0,0.0,0.0913,-0.0344
2015-11-06,北信源,sz300352,51.76,47.7,47.7,51.76,47.05,51.76,172392,0.0,0.0,0.0,0.0862,0.0851
2015-11-09,北信源,sz300352,55.75,51.9,53.0,54.33,51.76,54.33,153865,0.0,0.0,0.0,0.0743,0.025
2015-11-10,北信源,sz300352,54.6,51.95,53.2,53.39,54.33,53.39,105791,0.0,0.0,0.0,0.0487,0.0035
2015-11-11,北信源,sz300352,58.73,53.51,53.51,58.73,53.39,58.73,133903,0.0,0.0,0.0,0.0977,0.0975
2015-11-12,北信源,sz300352,59.45,55.8,59.45,57.0,58.73,57.0,111647,0.0,0.0,0.0,0.0621,-0.0412
2015-11-13,北信源,sz300352,56.8,51.9,55.0,56.0,57.0,56.0,105559,0.0,0.0,0.0,0.0859,0.0181
2015-11-16,北信源,sz300352,58.9,53.01,53.7,57.1,56.0,57.1,132607,0.0,0.0,0.0,0.1051,0.0633
2015-11-17,北信源,sz300352,58.68,55.08,57.45,55.55,57.1,55.55,98404,0.0,0.0,0.0,0.063,-0.033
2015-11-18,北信源,sz300352,57.0,53.17,56.0,53.8,55.55,53.8,72050,0.0,0.0,0.0,0.0689,-0.0392
2015-11-19,北信源,sz300352,56.38,52.0,53.67,55.8,53.8,55.8,90508,0.0,0.0,0.0,0.0814,0.0396
2015-11-20,北信源,sz300352,60.26,55.18,55.18,58.24,55.8,58.24,118479,0.0,0.0,0.0,0.091,0.0554
2015-11-23,北信源,sz300352,58.2,54.0,57.88,54.4,58.24,54.4,104630,0.0,0.0,0.0,0.0721,-0.0601
2015-11-24,北信源,sz300352,54.99,51.81,54.05,53.68,54.4,53.68,87246,0.0,0.0,0.0,0.0584,-0.0068
2015-11-25,北信源,sz300352,55.88,53.7,54.55,55.85,53.68,55.85,93322,0.0,0.0,0.0,0.0406,0.0238
2015-11-26,北信源,sz300352,56.47,52.5,56.15,52.55,55.85,52.55,100070,0.0,0.0,0.0,0.071,-0.0641
2015-11-27,北信源,sz300352,52.5,47.3,52.5,48.19,52.55,48.19,108861,0.0,0.0,0.0,0.0989,-0.082
2015-11-30,北信源,sz300352,49.5,43.38,47.5,48.07,48.19,48.07,124344,0.0,0.0,0.0,0.1269,0.012
2015-12-01,北信源,sz300352,50.68,47.13,47.6,48.35,48.07,48.35,95510,0.0,0.0,0.0,0.0738,0.0157
2015-12-02,北信源,sz300352,48.5,43.85,48.0,46.5,48.35,46.5,66042,0.0,0.0,0.0,0.0961,-0.0312
2015-12-03,北信源,sz300352,48.8,46.66,46.66,48.76,46.5,48.76,68590,0.0,0.0,0.0,0.046,0.045
2015-12-04,北信源,sz300352,50.3,47.0,49.12,48.9,48.76,48.9,94564,0.0,0.0,0.0,0.0676,-0.0044
2015-12-07,北信源,sz300352,53.79,49.31,49.33,53.79,48.9,53.79,79286,0.0,0.0,0.0,0.0916,0.0904
2015-12-08,北信源,sz300352,59.17,54.9,55.12,56.61,53.79,56.61,252979,0.0,0.0,0.0,0.0793,0.027
2015-12-09,北信源,sz300352,61.5,57.51,57.89,59.6,56.61,59.6,184270,0.0,0.0,0.0,0.0704,0.0295
2015-12-10,北信源,sz300352,61.99,58.3,59.15,59.32,59.6,59.32,110366,0.0,0.0,0.0,0.0619,0.0028
2015-12-11,北信源,sz300352,60.6,56.63,58.55,60.0,59.32,60.0,94840,0.0,0.0,0.0,0.0669,0.0247
2015-12-14,北信源,sz300352,59.99,56.23,59.0,59.98,60.0,59.98,97550,0.0,0.0,0.0,0.0626,0.0166
2015-12-15,北信源,sz300352,63.5,59.38,59.78,62.0,59.98,62.0,73453,0.0,0.0,0.0,0.0686,0.0371
2015-12-16,北信源,sz300352,64.52,60.55,63.0,60.58,62.0,60.58,76492,0.0,0.0,0.0,0.064,-0.0384
2015-12-17,北信源,sz300352,63.66,59.0,60.0,62.8,60.58,62.8,82736,0.0,0.0,0.0,0.0769,0.0466
2015-12-18,北信源,sz300352,64.4,59.0,63.25,59.41,62.8,59.41,76523,0.0,0.0,0.0,0.0859,-0.0607
2015-12-21,北信源,sz300352,58.9,56.9,58.58,58.45,59.41,58.45,74387,0.0,0.0,0.0,0.0336,-0.0022
2015-12-22,北信源,sz300352,60.45,56.38,58.98,59.2,58.45,59.2,74653,0.0,0.0,0.0,0.0696,0.0037
2015-12-23,北信源,sz300352,59.59,55.25,59.19,55.81,59.2,55.81,71139,0.0,0.0,0.0,0.0733,-0.0571
2015-12-24,北信源,sz300352,61.39,54.64,55.95,61.39,55.81,61.39,105301,0.0,0.0,0.0,0.1209,0.0972
2015-12-25,北信源,sz300352,63.24,60.09,63.0,61.7,61.39,61.7,89089,0.0,0.0,0.0,0.0513,-0.0206
2015-12-28,北信源,sz300352,64.97,58.29,62.66,59.3,61.7,59.3,90725,0.0,0.0,0.0,0.1082,-0.0536
2015-12-29,北信源,sz300352,60.98,58.31,58.4,59.9,59.3,59.9,45737,0.0,0.0,0.0,0.045,0.0256
2015-12-30,北信源,sz300352,64.9,60.6,60.8,64.6,59.9,64.6,90767,0.0,0.0,0.0,0.0717,0.0624
2015-12-31,北信源,sz300352,64.3,61.0,64.3,62.4,64.6,62.4,68639,0.0,0.0,0.0,0.051,-0.0295
2016-01-01,北信源,sz300352,64.3,61.0,64.3,62.4,62.4,62.4,68639,0.0,0.0,0.0,0.0528,-0.0295
2016-01-04,北信源,sz300352,62.6,56.16,61.05,56.16,62.4,56.16,59155,0.0,0.0,0.0,0.1032,-0.08
2016-01-05,北信源,sz300352,54.89,50.54,50.54,50.54,56.16,50.54,85300,0.0,0.0,0.0,0.0774,0.0
2016-01-06,北信源,sz300352,52.3,46.57,51.1,50.98,50.54,50.98,115060,0.0,0.0,0.0,0.1133,-0.0023
2016-01-07,北信源,sz300352,49.0,45.88,49.0,45.88,50.98,45.88,20752,0.0,0.0,0.0,0.0612,-0.0636
2016-01-08,北信源,sz300352,47.0,41.39,44.5,44.01,45.88,44.01,110853,0.0,0.0,0.0,0.1222,-0.011
2016-01-11,北信源,sz300352,42.5,39.61,42.5,39.61,44.01,39.61,93655,0.0,0.0,0.0,0.0656,-0.068
2016-01-12,北信源,sz300352,40.47,36.25,38.95,38.7,39.61,38.7,115994,0.0,0.0,0.0,0.1065,-0.0064
2016-01-13,北信源,sz300352,39.99,37.4,39.08,37.53,38.7,37.53,99235,0.0,0.0,0.0,0.0669,-0.0396
2016-01-14,北信源,sz300352,40.95,35.06,35.6,39.8,37.53,39.8,111291,0.0,0.0,0.0,0.1569,0.1179
2016-01-15,北信源,sz300352,39.79,36.0,39.2,36.7,39.8,36.7,95182,0.0,0.0,0.0,0.0952,-0.0637
2016-01-18,北信源,sz300352,38.9,34.5,35.0,37.63,36.7,37.63,87095,0.0,0.0,0.0,0.1198,0.0751
2016-01-19,北信源,sz300352,39.98,37.01,37.8,39.96,37.63,39.96,98239,0.0,0.0,0.0,0.0789,0.0571
2016-01-20,北信源,sz300352,41.3,39.2,39.31,39.9,39.96,39.9,93817,0.0,0.0,0.0,0.0525,0.015
2016-01-21,北信源,sz300352,41.33,38.22,38.95,38.22,39.9,38.22,100623,0.0,0.0,0.0,0.0779,-0.0187
2016-01-22,北信源,sz300352,38.89,35.5,38.3,38.16,38.22,38.16,132913,0.0,0.0,0.0,0.0886,-0.0036
2016-01-25,北信源,sz300352,38.79,36.81,38.4,37.48,38.16,37.48,76265,0.0,0.0,0.0,0.0518,-0.0239
2016-01-26,北信源,sz300352,37.48,33.73,37.48,33.73,37.48,33.73,69443,0.0,0.0,0.0,0.1,-0.1
2016-01-27,北信源,sz300352,33.7,30.36,33.4,31.57,33.73,31.57,126495,0.0,0.0,0.0,0.099,-0.0547
2016-01-28,北信源,sz300352,31.8,28.72,31.55,28.91,31.57,28.91,88671,0.0,0.0,0.0,0.0975,-0.0836
2016-01-29,北信源,sz300352,31.8,28.92,29.01,31.8,28.91,31.8,98196,0.0,0.0,0.0,0.0996,0.0961
2016-02-01,北信源,sz300352,32.0,29.6,32.0,30.52,31.8,30.52,89133,0.0,0.0,0.0,0.0754,-0.0462
2016-02-02,北信源,sz300352,33.56,30.58,30.8,31.84,30.52,31.84,121864,0.0,0.0,0.0,0.0976,0.0337
2016-02-03,北信源,sz300352,32.93,30.6,31.03,32.47,31.84,32.47,105417,0.0,0.0,0.0,0.0731,0.0464
2016-02-04,北信源,sz300352,35.5,32.49,32.49,34.06,32.47,34.06,129465,0.0,0.0,0.0,0.0927,0.0483
2016-02-05,北信源,sz300352,34.7,33.56,33.8,33.61,34.06,33.61,72395,0.0,0.0,0.0,0.0334,-0.0056
2016-02-08,北信源,sz300352,34.7,33.56,33.8,33.61,33.61,33.61,72395,0.0,0.0,0.0,0.0339,-0.0056
2016-02-09,北信源,sz300352,34.7,33.56,33.8,33.61,33.61,33.61,72395,0.0,0.0,0.0,0.0339,-0.0056
2016-02-10,北信源,sz300352,34.7,33.56,33.8,33.61,33.61,33.61,72395,0.0,0.0,0.0,0.0339,-0.0056
2016-02-11,北信源,sz300352,34.7,33.56,33.8,33.61,33.61,33.61,72395,0.0,0.0,0.0,0.0339,-0.0056
2016-02-12,北信源,sz300352,34.7,33.56,33.8,33.61,33.61,33.61,72395,0.0,0.0,0.0,0.0339,-0.0056
2016-02-15,北信源,sz300352,34.0,31.06,31.8,33.3,33.61,33.3,75862,0.0,0.0,0.0,0.0874,0.0471
2016-02-16,北信源,sz300352,36.33,33.25,33.25,35.72,33.3,35.72,87394,0.0,0.0,0.0,0.0924,0.0742
2016-02-17,北信源,sz300352,36.8,34.95,35.48,36.43,35.72,36.43,95518,0.0,0.0,0.0,0.0517,0.0267
2016-02-18,北信源,sz300352,37.33,35.25,37.01,35.95,36.43,35.95,106008,0.0,0.0,0.0,0.057,-0.0286
2016-02-19,北信源,sz300352,37.76,35.26,35.45,36.55,35.95,36.55,108414,0.0,0.0,0.0,0.0695,0.031
2016-02-22,北信源,sz300352,37.2,35.87,36.98,36.56,36.55,36.56,110604,0.0,0.0,0.0,0.0363,-0.0113
2016-02-23,北信源,sz300352,37.18,35.25,36.71,35.92,36.56,35.92,99870,0.0,0.0,0.0,0.0527,-0.0215
2016-02-24,北信源,sz300352,36.38,32.8,35.7,34.44,35.92,34.44,115825,0.0,0.0,0.0,0.0996,-0.0352
2016-02-25,北信源,sz300352,34.4,31.0,34.39,31.0,34.44,31.0,120939,0.0,0.0,0.0,0.0987,-0.0985
2016-02-26,北信源,sz300352,31.37,28.8,31.12,29.63,31.0,29.63,110481,0.0,0.0,0.0,0.0829,-0.0478
2016-02-29,北信源,sz300352,29.4,26.67,29.4,26.67,29.63,26.67,93344,0.0,0.0,0.0,0.0921,-0.0928
2016-03-01,北信源,sz300352,28.4,25.08,26.6,27.64,26.67,27.64,111738,0.0,0.0,0.0,0.1244,0.039
2016-03-02,北信源,sz300352,29.66,26.91,27.38,29.14,27.64,29.14,120299,0.0,0.0,0.0,0.0994,0.0642
2016-03-03,北信源,sz300352,32.05,28.96,29.2,30.3,29.14,30.3,172060,0.0,0.0,0.0,0.106,0.0376
2016-03-04,北信源,sz300352,30.15,27.27,29.8,27.5,30.3,27.5,143281,0.0,0.0,0.0,0.095,-0.0771
2016-03-07,北信源,sz300352,29.7,27.8,28.0,28.78,27.5,28.78,108575,0.0,0.0,0.0,0.069,0.0278
2016-03-08,北信源,sz300352,29.69,26.4,28.35,29.66,28.78,29.66,138484,0.0,0.0,0.0,0.1143,0.0462
2016-03-09,北信源,sz300352,29.92,28.08,28.8,28.51,29.66,28.51,93924,0.0,0.0,0.0,0.062,-0.01
2016-03-10,北信源,sz300352,29.25,27.6,28.61,27.65,28.51,27.65,85732,0.0,0.0,0.0,0.0578,-0.0335
2016-03-11,北信源,sz300352,28.13,26.53,27.02,27.4,27.65,27.4,85284,0.0,0.0,0.0,0.0578,0.014
2016-03-14,北信源,sz300352,30.14,27.75,28.0,29.7,27.4,29.7,169700,0.0,0.0,0.0,0.0872,0.0607
2016-03-15,北信源,sz300352,29.88,28.56,29.32,28.7,29.7,28.7,121097,0.0,0.0,0.0,0.0444,-0.0211
2016-03-16,北信源,sz300352,29.89,27.95,29.78,28.34,28.7,28.34,100819,0.0,0.0,0.0,0.0675,-0.0483
2016-03-17,北信源,sz300352,30.55,28.35,28.44,30.33,28.34,30.33,167062,0.0,0.0,0.0,0.0776,0.0664
2016-03-18,北信源,sz300352,33.36,31.5,31.61,33.36,30.33,33.36,160013,0.0,0.0,0.0,0.0613,0.0553
2016-03-21,北信源,sz300352,36.7,34.52,35.0,36.7,33.36,36.7,267256,0.0,0.0,0.0,0.0653,0.0485
2016-03-22,北信源,sz300352,37.88,36.03,36.7,37.01,36.7,37.01,212273,0.0,0.0,0.0,0.0504,0.0084
2016-03-23,北信源,sz300352,37.48,35.76,36.39,37.48,37.01,37.48,206814,0.0,0.0,0.0,0.0464,0.0299
2016-03-24,北信源,sz300352,38.82,36.02,36.7,36.8,37.48,36.8,216310,0.0,0.0,0.0,0.0747,0.0027
2016-03-25,北信源,sz300352,38.85,35.56,36.15,36.99,36.8,36.99,216582,0.0,0.0,0.0,0.0894,0.0232
