2016-03-25
2012-04-12,中际装备,sz300308,21.43999,20.09999,21.26,20.71002,21.03,6.05516,17558300,0.0,0.0,0.0,0.0637,-0.0258
2012-04-13,中际装备,sz300308,21.49001,20.5,20.62001,21.04001,20.71002,6.15164,16609500,0.0,0.0,0.0,0.0478,0.0203
2012-04-16,中际装备,sz300308,20.59001,19.81001,20.5,20.19,21.04001,5.90312,12240900,0.0,0.0,0.0,0.037,-0.0151
2012-04-17,中际装备,sz300308,20.31998,19.72,20.09001,19.97,20.19,5.83879,7474200,0.0,0.0,0.0,0.0297,-0.0059
2012-04-18,中际装备,sz300308,20.39,19.84999,20.09001,20.34001,19.97,5.94698,9957700,0.0,0.0,0.0,0.027,0.0124
2012-04-19,中际装备,sz300308,20.95,20.20001,20.20999,20.37001,20.34001,5.95575,7776300,0.0,0.0,0.0,0.0368,0.0079
2012-04-20,中际装备,sz300308,20.64,20.17,20.28,20.53,20.37001,6.00253,6529600,0.0,0.0,0.0,0.023,0.0123
2012-04-23,中际装备,sz300308,20.33,18.95002,20.29999,18.97998,20.53,5.54934,11108400,0.0,0.0,0.0,0.0672,-0.065
2012-04-24,中际装备,sz300308,19.19,18.28002,18.95999,18.67999,18.97998,5.46162,5356900,0.0,0.0,0.0,0.0479,-0.0147
2012-04-25,中际装备,sz300308,19.34001,18.81001,19.00001,19.17999,18.67999,5.60781,4304900,0.0,0.0,0.0,0.0283,0.0094
2012-04-26,中际装备,sz300308,19.48001,19.03999,19.11998,19.17999,19.17999,5.60781,3674400,0.0,0.0,0.0,0.0229,0.0031
2012-04-27,中际装备,sz300308,19.61,19.13,19.13,19.34999,19.17999,5.65752,3769600,0.0,0.0,0.0,0.025,0.0114
2012-04-30,中际装备,sz300308,19.34999,19.34999,19.34999,19.34999,19.34999,5.65752,0,0.0,0.0,0.0,0.0,0.0
2012-05-01,中际装备,sz300308,19.34999,19.34999,19.34999,19.34999,19.34999,5.65752,0,0.0,0.0,0.0,0.0,0.0
2012-05-02,中际装备,sz300308,19.95001,19.42999,19.76999,19.62001,19.34999,5.73647,3857900,0.0,0.0,0.0,0.0268,-0.0075
2012-05-03,中际装备,sz300308,19.86,19.5,19.53001,19.67999,19.62001,5.754,2752500,0.0,0.0,0.0,0.0183,0.0076
2012-05-04,中际装备,sz300308,20.01001,19.62001,19.67999,20.0,19.67999,5.84757,4579500,0.0,0.0,0.0,0.0198,0.0162
2012-05-07,中际装备,sz300308,20.12999,19.76002,20.12999,20.0,20.0,5.84757,3704300,0.0,0.0,0.0,0.0184,-0.0064
2012-05-08,中际装备,sz300308,20.45,19.94,20.01999,20.15001,20.0,5.89143,5045000,0.0,0.0,0.0,0.0254,0.0064
2012-05-09,中际装备,sz300308,20.09999,19.62001,20.03,19.64998,20.15001,5.74523,3156200,0.0,0.0,0.0,0.0238,-0.0189
2012-05-10,中际装备,sz300308,19.89,19.64,19.67999,19.8,19.64998,5.78909,1868100,0.0,0.0,0.0,0.0127,0.006
2012-05-11,中际装备,sz300308,19.84001,19.33,19.73999,19.34999,19.8,5.65752,2636200,0.0,0.0,0.0,0.0257,-0.0197
2012-05-14,中际装备,sz300308,19.56001,19.14999,19.48001,19.16,19.34999,5.60197,1731900,0.0,0.0,0.0,0.0211,-0.0164
2012-05-15,中际装备,sz300308,19.33,18.89999,18.92001,19.3,19.16,5.6429,1269400,0.0,0.0,0.0,0.0224,0.02
2012-05-16,中际装备,sz300308,19.44,19.14001,19.25999,19.17999,19.3,5.60781,1250100,0.0,0.0,0.0,0.0155,-0.0041
2012-05-17,中际装备,sz300308,19.56001,19.28999,19.28999,19.48001,19.17999,5.69553,2449200,0.0,0.0,0.0,0.014,0.0098
2012-05-18,中际装备,sz300308,19.75,19.24,19.3,19.45001,19.48001,5.68676,2712100,0.0,0.0,0.0,0.0261,0.0077
2012-05-21,中际装备,sz300308,19.75,19.39999,19.45001,19.59999,19.45001,5.73061,1857800,0.0,0.0,0.0,0.0179,0.0077
2012-05-22,中际装备,sz300308,19.84999,19.50998,19.58,19.72,19.59999,5.7657,2227900,0.0,0.0,0.0,0.0173,0.0071
2012-05-23,中际装备,sz300308,19.73001,19.14999,19.67999,19.28001,19.72,5.63706,2592400,0.0,0.0,0.0,0.0294,-0.0203
2012-05-24,中际装备,sz300308,19.45999,19.16,19.17999,19.17999,19.28001,5.60781,1484400,0.0,0.0,0.0,0.0155,0.0
2012-05-25,中际装备,sz300308,19.34999,18.77,19.23002,18.8,19.17999,5.49671,1552000,0.0,0.0,0.0,0.0302,-0.0223
2012-05-28,中际装备,sz300308,18.8,18.19999,18.69998,18.78999,18.8,5.49379,1756500,0.0,0.0,0.0,0.0319,0.0048
2012-05-29,中际装备,sz300308,19.11998,18.69998,18.71,19.05,18.78999,5.56981,1704500,0.0,0.0,0.0,0.0223,0.0181
2012-05-30,中际装备,sz300308,19.22,18.92999,19.14001,19.00001,19.05,5.55519,1678900,0.0,0.0,0.0,0.0152,-0.0073
2012-05-31,中际装备,sz300308,19.22,18.89999,18.95002,19.11001,19.00001,5.58735,1796900,0.0,0.0,0.0,0.0168,0.0084
2012-06-01,中际装备,sz300308,19.20999,18.91,19.17999,19.11998,19.11001,5.59027,1121900,0.0,0.0,0.0,0.0156,-0.0031
2012-06-04,中际装备,sz300308,18.92999,18.41,18.78001,18.42002,19.11998,5.38561,1746300,0.0,0.0,0.0,0.0271,-0.0191
2012-06-05,中际装备,sz300308,18.58999,18.30998,18.50001,18.42002,18.42002,5.38561,1113300,0.0,0.0,0.0,0.0152,-0.0043
2012-06-06,中际装备,sz300308,18.69998,18.36001,18.49,18.50999,18.42002,5.41192,924600,0.0,0.0,0.0,0.0184,0.001
2012-06-07,中际装备,sz300308,18.8,18.39001,18.78001,18.41,18.50999,5.38269,855800,0.0,0.0,0.0,0.0221,-0.0197
2012-06-08,中际装备,sz300308,18.75999,18.41,18.55,18.52,18.41,5.41485,970800,0.0,0.0,0.0,0.019,-0.0016
2012-06-11,中际装备,sz300308,18.86001,18.50001,18.50001,18.81001,18.52,5.49964,1176000,0.0,0.0,0.0,0.0194,0.0167
2012-06-12,中际装备,sz300308,18.85,18.6,18.66,18.63,18.81001,5.44701,874100,0.0,0.0,0.0,0.0132,-0.0016
2012-06-13,中际装备,sz300308,19.08,18.64001,18.64001,19.03001,18.63,5.56396,1674500,0.0,0.0,0.0,0.0236,0.0209
2012-06-14,中际装备,sz300308,19.39999,18.8,18.89999,19.05,19.03001,5.56981,2929800,0.0,0.0,0.0,0.0315,0.0079
2012-06-15,中际装备,sz300308,19.55,19.16,19.16,19.38,19.05,5.66629,3311900,0.0,0.0,0.0,0.0204,0.0114
2012-06-18,中际装备,sz300308,19.64998,19.3,19.45001,19.55,19.38,5.71599,2704300,0.0,0.0,0.0,0.018,0.0051
2012-06-19,中际装备,sz300308,19.62001,19.33,19.48999,19.34999,19.55,5.65752,1435000,0.0,0.0,0.0,0.0148,-0.0071
2012-06-20,中际装备,sz300308,19.58,19.25999,19.39999,19.45001,19.34999,5.68676,1536800,0.0,0.0,0.0,0.0165,0.0025
2012-06-21,中际装备,sz300308,19.45001,19.08,19.34999,19.24,19.45001,5.62536,1612800,0.0,0.0,0.0,0.019,-0.0056
2012-06-22,中际装备,sz300308,19.24,19.24,19.24,19.24,19.24,5.62536,0,0.0,0.0,0.0,0.0,0.0
2012-06-25,中际装备,sz300308,19.25001,18.72999,19.13,18.78001,19.24,5.49087,1141100,0.0,0.0,0.0,0.027,-0.0182
2012-06-26,中际装备,sz300308,19.11998,18.57,18.85,19.06001,18.78001,5.57273,1256100,0.0,0.0,0.0,0.0292,0.0111
2012-06-27,中际装备,sz300308,20.59001,18.94,18.95002,19.98001,19.06001,5.84172,7119200,0.0,0.0,0.0,0.0865,0.0543
2012-06-28,中际装备,sz300308,20.34999,19.52,19.84999,19.53001,19.98001,5.71015,4967500,0.0,0.0,0.0,0.0415,-0.0161
2012-06-29,中际装备,sz300308,20.09001,19.38,19.42001,19.97,19.53001,5.83879,3755700,0.0,0.0,0.0,0.0363,0.0283
2012-07-02,中际装备,sz300308,20.33,19.84999,20.06001,20.09999,19.97,5.8768,3961300,0.0,0.0,0.0,0.024,0.0019
2012-07-03,中际装备,sz300308,20.7,20.01001,20.09999,20.7,20.09999,6.05223,7051500,0.0,0.0,0.0,0.0343,0.0298
2012-07-04,中际装备,sz300308,20.81,20.15999,20.7,20.20001,20.7,5.90604,4729100,0.0,0.0,0.0,0.0314,-0.0241
2012-07-05,中际装备,sz300308,20.59998,20.01999,20.20001,20.20999,20.20001,5.90896,4181100,0.0,0.0,0.0,0.0287,4.0E-4
2012-07-06,中际装备,sz300308,20.20001,19.17999,20.08,19.87999,20.20999,6.00502,4810600,0.0,0.0,0.0,0.0504,-0.0099
2012-07-09,中际装备,sz300308,19.92001,19.00999,19.64998,19.14001,19.87999,5.7815,2902500,0.0,0.0,0.0,0.0457,-0.0259
2012-07-10,中际装备,sz300308,19.28001,18.8,19.02,19.00001,19.14001,5.73921,2907000,0.0,0.0,0.0,0.025,-0.001
2012-07-11,中际装备,sz300308,19.08,18.66,19.08,18.8,19.00001,5.67879,3077400,0.0,0.0,0.0,0.0221,-0.0146
2012-07-12,中际装备,sz300308,18.99,18.19999,18.78999,18.91,18.8,5.71202,3900600,0.0,0.0,0.0,0.042,0.0063
2012-07-13,中际装备,sz300308,18.53001,17.13001,18.44999,17.35998,18.91,5.24382,7077800,0.0,0.0,0.0,0.074,-0.059
2012-07-16,中际装备,sz300308,17.4,16.48,17.37,16.52999,17.35998,4.99311,3484200,0.0,0.0,0.0,0.0529,-0.0483
2012-07-17,中际装备,sz300308,16.65,16.26,16.52002,16.62,16.52999,5.0203,2113500,0.0,0.0,0.0,0.0235,0.006
2012-07-18,中际装备,sz300308,16.81,16.0,16.45,16.49001,16.62,4.98103,2438800,0.0,0.0,0.0,0.0487,0.0024
2012-07-19,中际装备,sz300308,17.15,16.35001,16.4,16.82001,16.49001,5.08071,3435500,0.0,0.0,0.0,0.0485,0.0256
2012-07-20,中际装备,sz300308,16.91001,16.54998,16.77999,16.59,16.82001,5.01123,2023500,0.0,0.0,0.0,0.0214,-0.0113
2012-07-23,中际装备,sz300308,16.48,16.10999,16.48,16.35999,16.59,4.94176,1104900,0.0,0.0,0.0,0.0223,-0.0072
2012-07-24,中际装备,sz300308,16.65,16.26998,16.29999,16.49001,16.35999,4.98103,1630300,0.0,0.0,0.0,0.0232,0.0116
2012-07-25,中际装备,sz300308,16.95,16.35999,16.35999,16.57001,16.49001,5.00519,2340900,0.0,0.0,0.0,0.0357,0.0128
2012-07-26,中际装备,sz300308,16.74001,16.45,16.57001,16.46001,16.57001,4.97197,1312400,0.0,0.0,0.0,0.0175,-0.0066
2012-07-27,中际装备,sz300308,16.63999,16.43001,16.54998,16.49999,16.46001,4.98404,810500,0.0,0.0,0.0,0.0127,-0.003
2012-07-30,中际装备,sz300308,16.68001,16.18001,16.54001,16.18999,16.49999,4.8904,969500,0.0,0.0,0.0,0.0303,-0.0211
2012-07-31,中际装备,sz300308,16.18001,15.64,16.12,15.65999,16.18999,4.73031,1465500,0.0,0.0,0.0,0.0333,-0.0285
2012-08-01,中际装备,sz300308,16.01999,15.64,15.65999,15.90001,15.65999,4.80281,1031100,0.0,0.0,0.0,0.0242,0.0153
2012-08-02,中际装备,sz300308,16.07999,15.73001,15.73001,15.81,15.90001,4.77562,640900,0.0,0.0,0.0,0.022,0.005
2012-08-03,中际装备,sz300308,16.26998,15.75,15.85999,16.26998,15.81,4.91457,1639300,0.0,0.0,0.0,0.0328,0.0258
2012-08-06,中际装备,sz300308,17.83001,16.06,16.12,17.21,16.26998,5.19851,3592600,0.0,0.0,0.0,0.1087,0.0676
2012-08-07,中际装备,sz300308,17.82,16.99999,17.19001,17.33002,17.21,5.23476,3470700,0.0,0.0,0.0,0.0476,0.0081
2012-08-08,中际装备,sz300308,17.44999,16.85001,17.44999,17.12,17.33002,5.17133,2276800,0.0,0.0,0.0,0.0346,-0.0189
2012-08-09,中际装备,sz300308,18.05001,17.10001,17.30001,17.94999,17.12,5.42204,5840100,0.0,0.0,0.0,0.0554,0.0375
2012-08-10,中际装备,sz300308,17.94999,17.52001,17.82,17.65,17.94999,5.33142,2749900,0.0,0.0,0.0,0.0239,-0.0095
2012-08-13,中际装备,sz300308,17.6,17.01,17.6,17.02999,17.65,5.14414,1664100,0.0,0.0,0.0,0.0334,-0.0323
2012-08-14,中际装备,sz300308,17.75002,16.96001,16.96999,17.69001,17.02999,5.34351,1855100,0.0,0.0,0.0,0.0463,0.0424
2012-08-15,中际装备,sz300308,17.6,17.07998,17.58999,17.15,17.69001,5.18039,1322100,0.0,0.0,0.0,0.0293,-0.025
2012-08-16,中际装备,sz300308,17.27999,16.99999,17.02999,17.10001,17.15,5.16529,493200,0.0,0.0,0.0,0.0163,0.0041
2012-08-17,中际装备,sz300308,17.15,16.81,17.10001,16.99999,17.10001,5.13508,1071100,0.0,0.0,0.0,0.0198,-0.0058
2012-08-20,中际装备,sz300308,16.65,15.76999,16.65,16.21999,16.99999,4.89947,4160200,0.0,0.0,0.0,0.0517,-0.0258
2012-08-21,中际装备,sz300308,16.66002,16.04001,16.10001,16.62,16.21999,5.0203,2407900,0.0,0.0,0.0,0.0382,0.0322
2012-08-22,中际装备,sz300308,16.62,16.29999,16.62,16.37,16.62,4.94478,1841100,0.0,0.0,0.0,0.0192,-0.015
2012-08-23,中际装备,sz300308,16.81,16.35001,16.46999,16.77999,16.37,5.06862,1671100,0.0,0.0,0.0,0.028,0.0188
2012-08-24,中际装备,sz300308,16.88001,16.10999,16.62,16.15999,16.77999,4.88134,1956600,0.0,0.0,0.0,0.0458,-0.0276
2012-08-27,中际装备,sz300308,16.15001,15.31,16.04999,15.65001,16.15999,4.7273,1616000,0.0,0.0,0.0,0.0519,-0.0249
2012-08-28,中际装备,sz300308,16.18001,15.53,15.53,15.95,15.65001,4.81791,1422700,0.0,0.0,0.0,0.0415,0.027
2012-08-29,中际装备,sz300308,16.14,15.76001,15.92,15.95,15.95,4.81791,1592100,0.0,0.0,0.0,0.0238,0.0018
2012-08-30,中际装备,sz300308,16.12,15.59998,15.82001,16.0,15.95,4.83301,1700000,0.0,0.0,0.0,0.0326,0.0113
2012-08-31,中际装备,sz300308,16.48,15.90001,15.90001,16.37,16.0,4.94478,2371100,0.0,0.0,0.0,0.0362,0.0295
2012-09-03,中际装备,sz300308,16.52999,16.15999,16.29999,16.43001,16.37,4.96291,2400500,0.0,0.0,0.0,0.0226,0.0079
2012-09-04,中际装备,sz300308,16.57999,16.28,16.35999,16.28,16.43001,4.91759,1424300,0.0,0.0,0.0,0.0182,-0.0048
2012-09-05,中际装备,sz300308,16.52002,16.01001,16.28,16.48,16.28,4.97801,2014500,0.0,0.0,0.0,0.0313,0.0122
2012-09-06,中际装备,sz300308,16.68001,16.42,16.54998,16.66999,16.48,5.0354,1888200,0.0,0.0,0.0,0.0157,0.0072
2012-09-07,中际装备,sz300308,17.21998,16.7,16.80002,17.10001,16.66999,5.16529,4150600,0.0,0.0,0.0,0.0311,0.0178
2012-09-10,中际装备,sz300308,17.27999,16.98,16.99999,17.15,17.10001,5.18039,2229800,0.0,0.0,0.0,0.0175,0.0088
2012-09-11,中际装备,sz300308,17.07998,16.73,17.05001,16.85001,17.15,5.08977,1833000,0.0,0.0,0.0,0.0204,-0.0117
2012-09-12,中际装备,sz300308,17.13999,16.60999,16.85001,16.85001,16.85001,5.08977,1626300,0.0,0.0,0.0,0.0314,0.0
2012-09-13,中际装备,sz300308,16.91999,16.65,16.85001,16.65,16.85001,5.02936,1084800,0.0,0.0,0.0,0.016,-0.0118
2012-09-14,中际装备,sz300308,16.85999,16.48,16.79,16.56,16.65,5.00217,1251900,0.0,0.0,0.0,0.0228,-0.0136
2012-09-17,中际装备,sz300308,16.56,15.71002,16.52002,15.78,16.56,4.76656,1806800,0.0,0.0,0.0,0.0513,-0.0447
2012-09-18,中际装备,sz300308,15.92,15.7,15.85999,15.87998,15.78,4.79676,946000,0.0,0.0,0.0,0.0139,0.0012
2012-09-19,中际装备,sz300308,15.95,15.75,15.82999,15.93001,15.87998,4.81187,622400,0.0,0.0,0.0,0.0125,0.0063
2012-09-20,中际装备,sz300308,15.90001,15.29999,15.90001,15.34001,15.93001,4.63366,1410200,0.0,0.0,0.0,0.0376,-0.0352
2012-09-21,中际装备,sz300308,15.5,15.23001,15.36,15.34001,15.34001,4.63366,764100,0.0,0.0,0.0,0.0176,-0.0013
2012-09-24,中际装备,sz300308,15.43001,15.01999,15.12999,15.34999,15.34001,4.63667,484600,0.0,0.0,0.0,0.0267,0.0145
2012-09-25,中际装备,sz300308,15.40001,15.09001,15.20999,15.09999,15.34999,4.56115,507300,0.0,0.0,0.0,0.0201,-0.0072
2012-09-26,中际装备,sz300308,15.18002,14.72,15.18002,14.72,15.09999,4.44637,616800,0.0,0.0,0.0,0.0304,-0.0303
2012-09-27,中际装备,sz300308,15.26001,14.75,15.12001,15.12999,14.72,4.57022,702600,0.0,0.0,0.0,0.0346,6.0E-4
2012-09-28,中际装备,sz300308,15.37001,15.06001,15.09999,15.36,15.12999,4.63969,604100,0.0,0.0,0.0,0.0204,0.0172
2012-10-01,中际装备,sz300308,15.36,15.36,15.36,15.36,15.36,4.63969,0,0.0,0.0,0.0,0.0,0.0
2012-10-02,中际装备,sz300308,15.36,15.36,15.36,15.36,15.36,4.63969,0,0.0,0.0,0.0,0.0,0.0
2012-10-03,中际装备,sz300308,15.36,15.36,15.36,15.36,15.36,4.63969,0,0.0,0.0,0.0,0.0,0.0
2012-10-04,中际装备,sz300308,15.36,15.36,15.36,15.36,15.36,4.63969,0,0.0,0.0,0.0,0.0,0.0
2012-10-05,中际装备,sz300308,15.36,15.36,15.36,15.36,15.36,4.63969,0,0.0,0.0,0.0,0.0,0.0
2012-10-08,中际装备,sz300308,15.43999,15.20001,15.34999,15.36,15.36,4.63969,383700,0.0,0.0,0.0,0.0156,6.0E-4
2012-10-09,中际装备,sz300308,16.04001,15.36,15.42,16.0,15.36,4.83301,1853900,0.0,0.0,0.0,0.0442,0.0376
2012-10-10,中际装备,sz300308,17.6,15.82001,15.90001,16.48,16.0,4.97801,3057000,0.0,0.0,0.0,0.1112,0.0364
2012-10-11,中际装备,sz300308,16.46001,15.87001,16.46001,15.90999,16.48,4.80583,1458100,0.0,0.0,0.0,0.0358,-0.0334
2012-10-12,中际装备,sz300308,16.17,15.67,16.0,15.81,15.90999,4.77562,874500,0.0,0.0,0.0,0.0314,-0.0118
2012-10-15,中际装备,sz300308,15.59998,14.8,15.59998,14.98001,15.81,4.52491,1859000,0.0,0.0,0.0,0.0505,-0.0397
2012-10-16,中际装备,sz300308,15.34999,14.97,14.97,15.06001,14.98001,4.54908,978000,0.0,0.0,0.0,0.0253,0.006
2012-10-17,中际装备,sz300308,15.23999,14.95999,15.12999,15.12001,15.06001,4.5672,557200,0.0,0.0,0.0,0.0185,-6.0E-4
2012-10-18,中际装备,sz300308,15.37001,15.15001,15.36,15.29999,15.12001,4.62157,899000,0.0,0.0,0.0,0.0145,-0.0039
2012-10-19,中际装备,sz300308,15.37001,15.25,15.28,15.34999,15.29999,4.63667,712300,0.0,0.0,0.0,0.0078,0.0045
2012-10-22,中际装备,sz300308,15.40001,15.20001,15.34001,15.39,15.34999,4.64876,537500,0.0,0.0,0.0,0.013,0.0032
2012-10-23,中际装备,sz300308,15.48999,15.23001,15.40001,15.29001,15.39,4.61855,658700,0.0,0.0,0.0,0.0168,-0.0071
2012-10-24,中际装备,sz300308,15.23999,15.06001,15.09999,15.09999,15.29001,4.56115,761400,0.0,0.0,0.0,0.0117,0.0
2012-10-25,中际装备,sz300308,15.23001,15.0,15.09999,15.01001,15.09999,4.53398,714300,0.0,0.0,0.0,0.0152,-0.0059
2012-10-26,中际装备,sz300308,15.04999,14.75,14.86,14.76999,15.01001,4.46148,644700,0.0,0.0,0.0,0.0199,-0.006
2012-10-29,中际装备,sz300308,14.92998,14.70001,14.78,14.8,14.76999,4.47054,276300,0.0,0.0,0.0,0.0155,0.0013
2012-10-30,中际装备,sz300308,14.92001,14.8,14.90002,14.90002,14.8,4.50075,231800,0.0,0.0,0.0,0.0081,0.0
2012-10-31,中际装备,sz300308,15.06998,14.84001,15.0,14.92001,14.90002,4.50679,378700,0.0,0.0,0.0,0.0154,-0.0053
2012-11-01,中际装备,sz300308,15.23001,14.92998,15.09999,15.15999,14.92001,4.57928,671800,0.0,0.0,0.0,0.0201,0.0039
2012-11-02,中际装备,sz300308,15.20001,15.0,15.09001,15.11,15.15999,4.56418,559100,0.0,0.0,0.0,0.0131,0.0013
2012-11-05,中际装备,sz300308,15.18002,15.03,15.11,15.11,15.11,4.56418,448500,0.0,0.0,0.0,0.0099,0.0
2012-11-06,中际装备,sz300308,15.45,14.87999,15.11,15.43999,15.11,4.66386,1871000,0.0,0.0,0.0,0.0377,0.0218
2012-11-07,中际装备,sz300308,15.34999,15.06998,15.26999,15.22,15.43999,4.5974,907000,0.0,0.0,0.0,0.0181,-0.0032
2012-11-08,中际装备,sz300308,15.12999,14.67999,15.12999,14.69,15.22,4.43731,1423400,0.0,0.0,0.0,0.0295,-0.029
2012-11-09,中际装备,sz300308,14.84001,14.64,14.69,14.67999,14.69,4.43429,469400,0.0,0.0,0.0,0.0136,-6.0E-4
2012-11-12,中际装备,sz300308,14.84999,14.72,14.76999,14.8,14.67999,4.47054,332800,0.0,0.0,0.0,0.0088,0.002
2012-11-13,中际装备,sz300308,14.84999,14.64998,14.84001,14.64998,14.8,4.42522,420800,0.0,0.0,0.0,0.0135,-0.0128
2012-11-14,中际装备,sz300308,14.8,14.59999,14.64998,14.70999,14.64998,4.44335,402700,0.0,0.0,0.0,0.0136,0.004
2012-11-15,中际装备,sz300308,14.84999,14.59999,14.72,14.75,14.70999,4.45544,768600,0.0,0.0,0.0,0.0169,0.002
2012-11-16,中际装备,sz300308,14.75,14.44,14.75,14.62999,14.75,4.41919,420500,0.0,0.0,0.0,0.021,-0.0081
2012-11-19,中际装备,sz300308,14.69,14.39999,14.41,14.69,14.62999,4.43731,385600,0.0,0.0,0.0,0.0198,0.0194
2012-11-20,中际装备,sz300308,14.98999,14.55,14.67999,14.8,14.69,4.47054,1004000,0.0,0.0,0.0,0.0299,0.0081
2012-11-21,中际装备,sz300308,15.12999,14.39001,14.66,15.08,14.8,4.55512,1444100,0.0,0.0,0.0,0.0499,0.0286
2012-11-22,中际装备,sz300308,15.0,14.72,14.84999,14.97,15.08,4.52189,780800,0.0,0.0,0.0,0.0185,0.008
2012-11-23,中际装备,sz300308,15.04999,14.81999,14.98999,14.83,14.97,4.4796,423900,0.0,0.0,0.0,0.0153,-0.0106
2012-11-26,中际装备,sz300308,14.83,14.56999,14.62999,14.56999,14.83,4.40106,348600,0.0,0.0,0.0,0.0175,-0.0041
2012-11-27,中际装备,sz300308,14.64998,13.78999,14.53001,13.78999,14.56999,4.16545,1241200,0.0,0.0,0.0,0.059,-0.0509
2012-11-28,中际装备,sz300308,13.78999,13.22001,13.78999,13.32,13.78999,4.02348,684800,0.0,0.0,0.0,0.0413,-0.034
2012-11-29,中际装备,sz300308,13.36999,12.72001,13.22001,12.85,13.32,3.88152,734600,0.0,0.0,0.0,0.0487,-0.0279
2012-11-30,中际装备,sz300308,13.1,12.80001,12.89999,12.86999,12.85,3.88755,419900,0.0,0.0,0.0,0.0233,-0.0023
2012-12-03,中际装备,sz300308,13.08001,12.41001,12.97999,12.41001,12.86999,3.74861,471100,0.0,0.0,0.0,0.052,-0.0439
2012-12-04,中际装备,sz300308,12.44001,11.9,12.41001,12.30001,12.41001,3.71538,1586500,0.0,0.0,0.0,0.0435,-0.0088
2012-12-05,中际装备,sz300308,12.88,12.24999,12.24999,12.68,12.30001,3.83016,1707800,0.0,0.0,0.0,0.0512,0.0351
2012-12-06,中际装备,sz300308,12.80999,12.61002,12.69001,12.80999,12.68,3.86943,818200,0.0,0.0,0.0,0.0157,0.0094
2012-12-07,中际装备,sz300308,13.08001,12.61999,12.77999,13.08001,12.80999,3.95099,1270700,0.0,0.0,0.0,0.0359,0.0234
2012-12-10,中际装备,sz300308,13.36001,13.00999,13.14999,13.32,13.08001,4.02348,1381000,0.0,0.0,0.0,0.0267,0.0129
2012-12-11,中际装备,sz300308,13.27,13.08999,13.19999,13.11001,13.32,3.96006,933000,0.0,0.0,0.0,0.0135,-0.0068
2012-12-12,中际装备,sz300308,13.27,12.89002,13.07,13.19001,13.11001,3.98422,1024700,0.0,0.0,0.0,0.0289,0.0091
2012-12-13,中际装备,sz300308,13.25999,12.91001,13.19001,12.91001,13.19001,3.89964,659200,0.0,0.0,0.0,0.0265,-0.0212
2012-12-14,中际装备,sz300308,13.50001,12.80001,12.80999,13.41,12.91001,4.05067,1603500,0.0,0.0,0.0,0.0542,0.0468
2012-12-17,中际装备,sz300308,13.64001,13.32,13.41,13.47001,13.41,4.0688,1205600,0.0,0.0,0.0,0.0238,0.0044
2012-12-18,中际装备,sz300308,13.67001,13.36001,13.50001,13.39001,13.47001,4.04463,908000,0.0,0.0,0.0,0.023,-0.0081
2012-12-19,中际装备,sz300308,13.64001,13.39001,13.39999,13.58999,13.39001,4.10504,1150300,0.0,0.0,0.0,0.0186,0.0141
2012-12-20,中际装备,sz300308,14.95001,14.02,14.02,14.95001,13.58999,4.51585,4133500,0.0,0.0,0.0,0.0684,0.0663
2012-12-21,中际装备,sz300308,16.45,15.29999,15.7,16.0,14.95001,4.83301,15182400,0.0,0.0,0.0,0.0769,0.0191
2012-12-24,中际装备,sz300308,16.91001,15.65001,15.78,16.73,16.0,5.05352,12283600,0.0,0.0,0.0,0.0787,0.0602
2012-12-25,中际装备,sz300308,17.16999,16.31,16.42,16.77001,16.73,5.06561,11023500,0.0,0.0,0.0,0.0514,0.0213
2012-12-26,中际装备,sz300308,17.83001,16.65,16.66999,17.63999,16.77001,5.3284,10216700,0.0,0.0,0.0,0.0703,0.0581
2012-12-27,中际装备,sz300308,17.63001,16.81,17.62,16.85999,17.63999,5.09279,8121300,0.0,0.0,0.0,0.0464,-0.0431
2012-12-28,中际装备,sz300308,17.16999,16.43001,16.60999,16.74999,16.85999,5.05956,6973500,0.0,0.0,0.0,0.0438,0.0084
2012-12-31,中际装备,sz300308,16.82001,16.0,16.73,16.42,16.74999,4.95988,4059800,0.0,0.0,0.0,0.0489,-0.0185
2013-01-04,中际装备,sz300308,17.29,16.31,16.46,17.0,16.42,17.171064,2090922,0.0,0.0,0.0,0.0596,0.0328
2013-01-07,中际装备,sz300308,17.25,16.71,16.9,17.08,17.0,17.251873,1451855,0.0,0.0,0.0,0.0317,0.0106
2013-01-08,中际装备,sz300308,17.55,16.88,17.08,17.15,17.08,17.32257,1667568,0.0,0.0,0.0,0.0392,0.004
2013-01-09,中际装备,sz300308,17.01,16.26,17.0,16.5,17.15,16.666027,1325062,0.0,0.0,0.0,0.0437,-0.0294
2013-01-10,中际装备,sz300308,16.85,16.33,16.35,16.53,16.5,16.696327,951991,0.0,0.0,0.0,0.0315,0.011
2013-01-11,中际装备,sz300308,17.52,16.65,16.65,16.95,16.53,17.120546,3246408,0.0,0.0,0.0,0.0526,0.018
2013-01-14,中际装备,sz300308,18.59,16.75,16.78,18.2,16.95,18.383118,3137384,0.0,0.0,0.0,0.1085,0.0846
2013-01-15,中际装备,sz300308,18.25,17.81,18.0,18.05,18.2,18.231606,1859547,0.0,0.0,0.0,0.0241,0.0027
2013-01-16,中际装备,sz300308,18.08,17.15,18.0,17.43,18.05,17.605368,1800682,0.0,0.0,0.0,0.0515,-0.0316
2013-01-17,中际装备,sz300308,17.67,17.22,17.45,17.57,17.43,17.746773,1144423,0.0,0.0,0.0,0.0258,0.0068
2013-01-18,中际装备,sz300308,17.67,16.91,17.42,17.29,17.57,17.46396,1318999,0.0,0.0,0.0,0.0432,-0.0074
2013-01-21,中际装备,sz300308,17.58,17.18,17.35,17.54,17.29,17.716473,754948,0.0,0.0,0.0,0.0231,0.0109
2013-01-22,中际装备,sz300308,17.58,16.45,17.55,16.55,17.54,16.71652,1371808,0.0,0.0,0.0,0.0644,-0.0569
2013-01-23,中际装备,sz300308,16.67,16.29,16.36,16.6,16.55,16.76702,758908,0.0,0.0,0.0,0.0229,0.0146
2013-01-24,中际装备,sz300308,16.91,15.9,16.6,16.12,16.6,16.282185,831158,0.0,0.0,0.0,0.0608,-0.0289
2013-01-25,中际装备,sz300308,16.3,15.91,16.2,16.1,16.12,16.261978,383293,0.0,0.0,0.0,0.0241,-0.0061
2013-01-28,中际装备,sz300308,16.65,16.0,16.2,16.61,16.1,16.77711,686244,0.0,0.0,0.0,0.0403,0.0253
2013-01-29,中际装备,sz300308,16.75,16.48,16.61,16.56,16.61,16.72661,763930,0.0,0.0,0.0,0.0162,-0.003
2013-01-30,中际装备,sz300308,16.54,15.99,16.46,16.2,16.56,16.362991,912377,0.0,0.0,0.0,0.0332,-0.0157
2013-01-31,中际装备,sz300308,15.88,15.26,15.8,15.49,16.2,15.645849,2242182,0.0,0.0,0.0,0.0382,-0.0196
2013-02-01,中际装备,sz300308,15.9,15.32,15.59,15.69,15.49,15.847869,620673,0.0,0.0,0.0,0.0374,0.0064
2013-02-04,中际装备,sz300308,15.98,15.52,15.85,15.85,15.69,16.009485,626697,0.0,0.0,0.0,0.0293,0.0
2013-02-05,中际装备,sz300308,16.4,15.8,15.83,16.26,15.85,16.423618,639065,0.0,0.0,0.0,0.0378,0.0271
2013-02-06,中际装备,sz300308,16.36,15.92,16.27,16.17,16.26,16.332714,445095,0.0,0.0,0.0,0.027,-0.0061
2013-02-07,中际装备,sz300308,16.58,16.05,16.05,16.45,16.17,16.615532,351200,0.0,0.0,0.0,0.0327,0.0249
2013-02-08,中际装备,sz300308,16.57,16.28,16.44,16.5,16.45,16.666042,472831,0.0,0.0,0.0,0.0176,0.0036
2013-02-18,中际装备,sz300308,16.7,16.37,16.46,16.6,16.5,16.767056,539978,0.0,0.0,0.0,0.0199,0.0085
2013-02-19,中际装备,sz300308,17.2,16.49,16.68,16.9,16.6,17.07007,1408843,0.0,0.0,0.0,0.0427,0.0131
2013-02-20,中际装备,sz300308,17.97,16.8,16.96,17.81,16.9,17.989225,1665574,0.0,0.0,0.0,0.0692,0.0501
2013-02-21,中际装备,sz300308,17.95,17.15,17.48,17.32,17.81,17.494287,1041432,0.0,0.0,0.0,0.0449,-0.0091
2013-02-22,中际装备,sz300308,17.46,16.61,17.46,16.65,17.32,16.817537,1099223,0.0,0.0,0.0,0.049,-0.0463
2013-02-25,中际装备,sz300308,16.9,16.53,16.6,16.88,16.65,17.049856,452511,0.0,0.0,0.0,0.0222,0.0168
2013-02-26,中际装备,sz300308,17.69,16.61,17.69,16.97,16.88,17.140766,1361857,0.0,0.0,0.0,0.0639,-0.0407
2013-02-27,中际装备,sz300308,17.15,16.33,17.0,16.52,16.97,16.686243,732781,0.0,0.0,0.0,0.0483,-0.0282
2013-02-28,中际装备,sz300308,16.68,16.16,16.32,16.58,16.52,16.74685,664465,0.0,0.0,0.0,0.0314,0.0159
2013-03-01,中际装备,sz300308,17.25,16.53,16.6,17.06,16.58,17.231686,1010072,0.0,0.0,0.0,0.0434,0.0277
2013-03-04,中际装备,sz300308,17.0,16.24,17.0,16.35,17.06,16.514538,588572,0.0,0.0,0.0,0.0445,-0.0382
2013-03-05,中际装备,sz300308,16.6,16.21,16.23,16.55,16.35,16.716543,578942,0.0,0.0,0.0,0.0238,0.0197
2013-03-06,中际装备,sz300308,17.1,16.5,16.55,17.03,16.55,17.201374,875595,0.0,0.0,0.0,0.0362,0.029
2013-03-07,中际装备,sz300308,17.08,16.62,16.97,16.78,17.03,16.948858,758943,0.0,0.0,0.0,0.027,-0.0111
2013-03-08,中际装备,sz300308,16.92,16.6,16.92,16.62,16.78,16.78725,371900,0.0,0.0,0.0,0.019,-0.0177
2013-03-11,中际装备,sz300308,16.85,16.52,16.63,16.84,16.62,17.009462,320106,0.0,0.0,0.0,0.0198,0.0126
2013-03-12,中际装备,sz300308,16.94,15.83,16.62,15.97,16.84,16.130703,553770,0.0,0.0,0.0,0.0659,-0.0391
2013-03-13,中际装备,sz300308,16.09,15.46,15.91,15.85,15.97,16.009497,337300,0.0,0.0,0.0,0.0394,-0.0037
2013-03-14,中际装备,sz300308,16.18,15.76,15.84,15.8,15.85,15.958987,183444,0.0,0.0,0.0,0.0264,-0.0025
2013-03-15,中际装备,sz300308,16.23,15.6,15.82,15.99,15.8,16.150894,343301,0.0,0.0,0.0,0.0398,0.0107
2013-03-18,中际装备,sz300308,16.2,15.81,16.18,16.17,15.99,16.332705,404732,0.0,0.0,0.0,0.0243,-6.0E-4
2013-03-19,中际装备,sz300308,16.89,15.86,16.89,16.11,16.17,16.272093,937595,0.0,0.0,0.0,0.0636,-0.0461
2013-03-20,中际装备,sz300308,16.5,16.02,16.5,16.38,16.11,16.544813,818717,0.0,0.0,0.0,0.0297,-0.0072
2013-03-21,中际装备,sz300308,16.45,16.15,16.36,16.3,16.38,16.464008,765690,0.0,0.0,0.0,0.0183,-0.0036
2013-03-22,中际装备,sz300308,16.35,16.17,16.35,16.23,16.3,16.393312,465309,0.0,0.0,0.0,0.011,-0.0073
2013-03-25,中际装备,sz300308,16.26,15.81,16.19,16.0,16.23,16.161003,440424,0.0,0.0,0.0,0.0277,-0.0117
2013-03-26,中际装备,sz300308,16.16,15.7,16.08,16.04,16.0,16.201406,433112,0.0,0.0,0.0,0.0287,-0.0024
2013-03-27,中际装备,sz300308,16.12,15.92,16.1,16.05,16.04,16.211498,296101,0.0,0.0,0.0,0.0124,-0.0031
2013-03-28,中际装备,sz300308,15.97,15.44,15.97,15.44,16.05,15.595365,310602,0.0,0.0,0.0,0.033,-0.0331
2013-03-29,中际装备,sz300308,15.67,15.22,15.42,15.36,15.44,15.514565,171758,0.0,0.0,0.0,0.0291,-0.0038
2013-04-01,中际装备,sz300308,15.56,15.31,15.46,15.32,15.36,15.474165,132331,0.0,0.0,0.0,0.0162,-0.009
2013-04-02,中际装备,sz300308,15.65,15.28,15.59,15.28,15.32,15.433763,143078,0.0,0.0,0.0,0.0241,-0.0198
2013-04-03,中际装备,sz300308,15.31,14.79,15.31,14.8,15.28,14.948926,215283,0.0,0.0,0.0,0.034,-0.0333
2013-04-08,中际装备,sz300308,14.74,14.4,14.74,14.68,14.8,14.827721,190565,0.0,0.0,0.0,0.0229,-0.004
2013-04-09,中际装备,sz300308,14.97,14.62,14.8,14.91,14.68,15.06004,146113,0.0,0.0,0.0,0.0238,0.0074
2013-04-10,中际装备,sz300308,15.03,14.7,14.99,14.82,14.91,14.969138,190110,0.0,0.0,0.0,0.0221,-0.0113
2013-04-11,中际装备,sz300308,14.95,14.51,14.86,14.65,14.82,14.797427,218500,0.0,0.0,0.0,0.0296,-0.0141
2013-04-12,中际装备,sz300308,14.79,14.42,14.64,14.62,14.65,14.767122,154300,0.0,0.0,0.0,0.0252,-0.0013
2013-04-15,中际装备,sz300308,14.67,14.42,14.61,14.57,14.62,14.716619,98649,0.0,0.0,0.0,0.017,-0.0027
2013-04-16,中际装备,sz300308,14.85,14.14,14.48,14.76,14.57,14.908524,170899,0.0,0.0,0.0,0.0487,0.0193
2013-04-17,中际装备,sz300308,14.89,14.66,14.68,14.89,14.76,15.039838,168238,0.0,0.0,0.0,0.0155,0.0143
2013-04-18,中际装备,sz300308,14.95,14.7,14.8,14.91,14.89,15.060037,184228,0.0,0.0,0.0,0.0167,0.0074
2013-04-19,中际装备,sz300308,15.73,15.05,15.05,15.65,14.91,15.807481,808583,0.0,0.0,0.0,0.0456,0.0398
2013-04-22,中际装备,sz300308,16.82,15.51,15.52,16.58,15.65,16.746841,1883264,0.0,0.0,0.0,0.0837,0.0682
2013-04-23,中际装备,sz300308,16.98,16.21,16.5,16.6,16.58,16.767036,2083066,0.0,0.0,0.0,0.0464,0.006
2013-04-24,中际装备,sz300308,17.75,16.44,16.44,17.54,16.6,17.716505,2150324,0.0,0.0,0.0,0.0789,0.0669
2013-04-25,中际装备,sz300308,17.63,16.82,17.59,17.12,17.54,17.292282,1796072,0.0,0.0,0.0,0.0461,-0.0267
2013-04-26,中际装备,sz300308,17.25,16.38,17.2,16.42,17.12,16.585236,1132118,0.0,0.0,0.0,0.0508,-0.0453
2013-05-02,中际装备,sz300308,16.99,16.29,16.37,16.94,16.42,17.110474,937673,0.0,0.0,0.0,0.0426,0.0348
2013-05-03,中际装备,sz300308,17.36,16.88,16.95,17.09,16.94,17.261988,1199419,0.0,0.0,0.0,0.0283,0.0082
2013-05-06,中际装备,sz300308,17.46,16.97,17.27,17.4,17.09,17.575102,1249364,0.0,0.0,0.0,0.0286,0.0075
2013-05-07,中际装备,sz300308,17.46,17.03,17.21,17.37,17.4,17.544802,895761,0.0,0.0,0.0,0.0247,0.0092
2013-05-08,中际装备,sz300308,18.19,17.27,17.45,18.01,17.37,18.19124,2244986,0.0,0.0,0.0,0.0529,0.032
2013-05-09,中际装备,sz300308,18.45,17.17,18.45,17.44,18.01,17.615505,2680057,0.0,0.0,0.0,0.071,-0.0547
2013-05-10,中际装备,sz300308,19.18,17.2,17.3,19.18,17.44,19.373022,3860217,0.0,0.0,0.0,0.1135,0.1086
2013-05-13,中际装备,sz300308,19.26,18.6,19.0,19.23,19.18,19.423529,2286276,0.0,0.0,0.0,0.0344,0.0121
2013-05-14,中际装备,sz300308,19.16,18.42,18.96,18.42,19.23,18.60537,1722809,0.0,0.0,0.0,0.0384,-0.0284
2013-05-15,中际装备,sz300308,19.19,18.11,18.33,18.78,18.42,18.968994,2161772,0.0,0.0,0.0,0.0586,0.0245
2013-05-16,中际装备,sz300308,18.97,18.21,18.8,18.33,18.78,18.51446,2742614,0.0,0.0,0.0,0.0404,-0.025
2013-05-17,中际装备,sz300308,10.3,9.88,10.1,10.1,18.33,18.463951,3358187,0.0,0.0,0.0,0.0229,0.0
2013-05-20,中际装备,sz300308,10.55,10.04,10.13,10.29,10.1,18.811295,4686637,0.0,0.0,0.0,0.0504,0.0157
2013-05-21,中际装备,sz300308,10.84,10.1,10.3,10.72,10.29,19.597382,5542362,0.0,0.0,0.0,0.0719,0.0407
2013-05-22,中际装备,sz300308,10.78,10.25,10.64,10.31,10.72,18.84786,3880227,0.0,0.0,0.0,0.0494,-0.031
2013-05-23,中际装备,sz300308,10.54,10.07,10.16,10.24,10.31,18.719883,2518875,0.0,0.0,0.0,0.0455,0.0078
2013-05-24,中际装备,sz300308,10.56,10.24,10.27,10.5,10.24,19.1952,2933779,0.0,0.0,0.0,0.0312,0.0223
2013-05-27,中际装备,sz300308,10.66,10.36,10.56,10.5,10.5,19.1952,2864942,0.0,0.0,0.0,0.0285,-0.0056
2013-05-28,中际装备,sz300308,10.5,9.98,10.5,10.0,10.5,18.281143,4369031,0.0,0.0,0.0,0.0495,-0.0476
2013-05-29,中际装备,sz300308,10.1,9.82,9.99,10.1,10.0,18.463955,3006340,0.0,0.0,0.0,0.0279,0.011
2013-05-30,中际装备,sz300308,10.17,9.95,10.0,10.11,10.1,18.482235,1786399,0.0,0.0,0.0,0.0217,0.0109
2013-05-31,中际装备,sz300308,10.17,9.98,10.11,10.02,10.11,18.317705,1867480,0.0,0.0,0.0,0.0187,-0.0089
2013-06-03,中际装备,sz300308,10.11,9.87,10.02,9.9,10.02,18.098333,1364303,0.0,0.0,0.0,0.0239,-0.0119
2013-06-04,中际装备,sz300308,9.91,9.29,9.9,9.5,9.9,17.367088,2181402,0.0,0.0,0.0,0.0626,-0.0404
2013-06-05,中际装备,sz300308,9.59,9.32,9.35,9.42,9.5,17.220839,978673,0.0,0.0,0.0,0.0284,0.0074
2013-06-06,中际装备,sz300308,9.45,9.07,9.36,9.13,9.42,16.690678,1103142,0.0,0.0,0.0,0.0403,-0.0245
2013-06-07,中际装备,sz300308,9.3,9.04,9.18,9.18,9.13,16.782076,789879,0.0,0.0,0.0,0.0284,0.0
2013-06-13,中际装备,sz300308,9.13,8.72,9.13,8.87,9.18,16.215363,904322,0.0,0.0,0.0,0.0446,-0.0284
2013-06-14,中际装备,sz300308,9.46,8.82,8.89,9.35,8.87,17.092857,1602243,0.0,0.0,0.0,0.0721,0.0517
2013-06-17,中际装备,sz300308,9.79,9.15,9.33,9.58,9.35,17.513325,2700092,0.0,0.0,0.0,0.0684,0.0267
2013-06-18,中际装备,sz300308,9.6,9.32,9.5,9.48,9.58,17.33052,1241475,0.0,0.0,0.0,0.0292,-0.0021
2013-06-19,中际装备,sz300308,9.47,9.1,9.47,9.32,9.48,17.038015,947374,0.0,0.0,0.0,0.039,-0.0158
2013-06-20,中际装备,sz300308,9.3,8.9,9.3,8.91,9.32,16.288496,885649,0.0,0.0,0.0,0.0429,-0.0419
2013-06-21,中际装备,sz300308,8.88,8.53,8.77,8.76,8.91,16.01428,1000543,0.0,0.0,0.0,0.0392,-0.0011
2013-06-24,中际装备,sz300308,8.76,7.9,8.76,7.93,8.76,14.4969425,1284694,0.0,0.0,0.0,0.0981,-0.0947
2013-06-25,中际装备,sz300308,8.11,7.23,7.98,7.95,7.93,14.533504,1721172,0.0,0.0,0.0,0.1109,-0.0037
2013-06-26,中际装备,sz300308,8.36,7.82,7.89,8.36,7.95,15.283026,2163777,0.0,0.0,0.0,0.0679,0.0595
2013-06-27,中际装备,sz300308,8.46,7.95,8.36,8.0,8.36,14.624908,1731119,0.0,0.0,0.0,0.061,-0.043
2013-06-28,中际装备,sz300308,8.5,7.8,8.0,8.5,8.0,15.538964,1903508,0.0,0.0,0.0,0.0875,0.0625
2013-07-01,中际装备,sz300308,9.2,8.51,8.55,9.13,8.5,16.690681,3890687,0.0,0.0,0.0,0.0811,0.0678
2013-07-02,中际装备,sz300308,9.37,8.96,9.07,9.18,9.13,16.78208,2521055,0.0,0.0,0.0,0.0449,0.0121
2013-07-03,中际装备,sz300308,9.32,8.72,9.01,9.25,9.18,16.910044,2070391,0.0,0.0,0.0,0.0653,0.0266
2013-07-04,中际装备,sz300308,9.4,9.05,9.19,9.08,9.25,16.59927,1959587,0.0,0.0,0.0,0.0378,-0.0119
2013-07-05,中际装备,sz300308,9.15,8.7,9.02,8.76,9.08,16.014278,1496539,0.0,0.0,0.0,0.0495,-0.0288
2013-07-08,中际装备,sz300308,8.7,8.18,8.7,8.23,8.76,15.045383,1301807,0.0,0.0,0.0,0.0593,-0.054
2013-07-09,中际装备,sz300308,8.35,8.01,8.11,8.26,8.23,15.100224,771654,0.0,0.0,0.0,0.0413,0.0184
2013-07-10,中际装备,sz300308,8.53,8.21,8.27,8.53,8.26,15.59382,1057948,0.0,0.0,0.0,0.0387,0.0314
2013-07-11,中际装备,sz300308,8.92,8.46,8.55,8.68,8.53,15.868037,1407570,0.0,0.0,0.0,0.0539,0.0152
2013-07-12,中际装备,sz300308,8.99,8.62,8.72,8.63,8.68,15.776637,1573843,0.0,0.0,0.0,0.0426,-0.0103
2013-07-15,中际装备,sz300308,8.73,8.48,8.51,8.67,8.63,15.849762,1509057,0.0,0.0,0.0,0.0289,0.0188
2013-07-16,中际装备,sz300308,9.01,8.58,8.62,9.01,8.67,16.471327,2166428,0.0,0.0,0.0,0.0495,0.0452
2013-07-17,中际装备,sz300308,9.12,8.7,8.98,8.72,9.01,15.94118,1822181,0.0,0.0,0.0,0.0466,-0.0289
2013-07-18,中际装备,sz300308,8.95,8.59,8.61,8.85,8.72,16.178831,1478364,0.0,0.0,0.0,0.0412,0.0278
2013-07-19,中际装备,sz300308,9.28,8.85,8.89,8.85,8.85,16.178831,3291758,0.0,0.0,0.0,0.0485,-0.0044
2013-07-22,中际装备,sz300308,9.15,8.5,8.74,9.15,8.85,16.72726,1773695,0.0,0.0,0.0,0.0734,0.0469
2013-07-23,中际装备,sz300308,9.35,9.04,9.15,9.34,9.15,17.074602,3300695,0.0,0.0,0.0,0.0338,0.0207
2013-07-24,中际装备,sz300308,9.46,9.11,9.3,9.38,9.34,17.147734,2350566,0.0,0.0,0.0,0.0374,0.0086
2013-07-25,中际装备,sz300308,9.47,8.93,9.32,8.96,9.38,16.379927,2057738,0.0,0.0,0.0,0.0575,-0.0386
2013-07-26,中际装备,sz300308,8.98,8.36,8.87,8.77,8.96,16.032589,1578927,0.0,0.0,0.0,0.0691,-0.0112
2013-07-29,中际装备,sz300308,8.81,8.48,8.7,8.5,8.77,15.538995,893900,0.0,0.0,0.0,0.0376,-0.0229
2013-07-30,中际装备,sz300308,8.62,8.19,8.62,8.38,8.5,15.319615,827834,0.0,0.0,0.0,0.0505,-0.0278
2013-07-31,中际装备,sz300308,8.52,8.35,8.47,8.48,8.38,15.502424,684394,0.0,0.0,0.0,0.0202,0.0011
2013-08-01,中际装备,sz300308,9.09,8.5,8.6,9.01,8.48,16.471325,1620006,0.0,0.0,0.0,0.0695,0.0476
2013-08-02,中际装备,sz300308,9.79,8.91,9.0,9.49,9.01,17.34882,3730586,0.0,0.0,0.0,0.0976,0.0544
2013-08-05,中际装备,sz300308,9.55,9.3,9.4,9.52,9.49,17.403658,2301064,0.0,0.0,0.0,0.0263,0.0127
2013-08-06,中际装备,sz300308,9.59,9.36,9.49,9.49,9.52,17.34882,1842648,0.0,0.0,0.0,0.0241,0.0
2013-08-07,中际装备,sz300308,9.55,9.05,9.44,9.08,9.49,16.599298,1865918,0.0,0.0,0.0,0.0526,-0.0381
2013-08-08,中际装备,sz300308,9.28,9.02,9.08,9.18,9.08,16.782106,1180849,0.0,0.0,0.0,0.0286,0.011
2013-08-09,中际装备,sz300308,9.26,9.02,9.19,9.21,9.18,16.83695,1308518,0.0,0.0,0.0,0.0261,0.0021
2013-08-12,中际装备,sz300308,9.57,9.2,9.2,9.54,9.21,17.440235,2798598,0.0,0.0,0.0,0.0401,0.0369
2013-08-13,中际装备,sz300308,9.56,9.38,9.52,9.56,9.54,17.47679,1990600,0.0,0.0,0.0,0.0188,0.0042
2013-08-14,中际装备,sz300308,10.01,9.41,9.56,9.81,9.56,17.933826,4221377,0.0,0.0,0.0,0.0627,0.0261
2013-08-15,中际装备,sz300308,9.78,9.57,9.76,9.58,9.81,17.513367,2157013,0.0,0.0,0.0,0.0214,-0.0184
2013-08-16,中际装备,sz300308,9.69,9.1,9.45,9.11,9.58,16.654144,2045342,0.0,0.0,0.0,0.0615,-0.0359
2013-08-19,中际装备,sz300308,9.63,9.08,9.08,9.62,9.11,17.586475,1815354,0.0,0.0,0.0,0.0603,0.0594
2013-08-20,中际装备,sz300308,9.97,9.31,9.54,9.82,9.62,17.952099,4180713,0.0,0.0,0.0,0.0686,0.0293
2013-08-21,中际装备,sz300308,10.04,9.65,9.79,10.01,9.82,18.299437,3676328,0.0,0.0,0.0,0.0397,0.0224
2013-08-22,中际装备,sz300308,10.16,9.72,9.97,9.79,10.01,17.897251,3232796,0.0,0.0,0.0,0.0439,-0.018
2013-08-23,中际装备,sz300308,9.93,9.38,9.72,9.7,9.79,17.732721,2446732,0.0,0.0,0.0,0.0561,-0.002
2013-08-26,中际装备,sz300308,9.95,9.6,9.72,9.9,9.7,18.098352,1878411,0.0,0.0,0.0,0.036,0.0185
2013-08-27,中际装备,sz300308,9.98,9.57,9.91,9.79,9.9,17.897263,2244946,0.0,0.0,0.0,0.0414,-0.0121
2013-08-28,中际装备,sz300308,9.7,9.44,9.67,9.49,9.79,17.348818,2069335,0.0,0.0,0.0,0.0265,-0.0186
2013-08-29,中际装备,sz300308,9.7,9.38,9.51,9.47,9.49,17.312263,1111397,0.0,0.0,0.0,0.0337,-0.0042
2013-08-30,中际装备,sz300308,9.54,9.1,9.47,9.15,9.47,16.727266,1663132,0.0,0.0,0.0,0.0464,-0.0337
2013-09-02,中际装备,sz300308,9.39,9.11,9.15,9.38,9.15,17.14774,712360,0.0,0.0,0.0,0.0306,0.0251
2013-09-03,中际装备,sz300308,9.53,9.35,9.39,9.46,9.38,17.293991,762398,0.0,0.0,0.0,0.0191,0.0074
2013-09-04,中际装备,sz300308,9.49,9.38,9.49,9.4,9.46,17.184313,796903,0.0,0.0,0.0,0.0116,-0.0094
2013-09-05,中际装备,sz300308,9.64,9.37,9.46,9.6,9.4,17.549944,1205661,0.0,0.0,0.0,0.0287,0.0147
2013-09-06,中际装备,sz300308,9.68,9.47,9.54,9.66,9.6,17.659632,1156326,0.0,0.0,0.0,0.0218,0.0125
2013-09-09,中际装备,sz300308,9.74,9.54,9.66,9.71,9.66,17.751038,1421169,0.0,0.0,0.0,0.0207,0.0051
2013-09-10,中际装备,sz300308,9.72,9.49,9.7,9.59,9.71,17.53167,1269258,0.0,0.0,0.0,0.0236,-0.0113
2013-09-11,中际装备,sz300308,9.57,9.31,9.57,9.34,9.59,17.074636,1057794,0.0,0.0,0.0,0.0271,-0.024
2013-09-12,中际装备,sz300308,9.49,9.3,9.33,9.34,9.34,17.074636,680535,0.0,0.0,0.0,0.0203,0.001
2013-09-13,中际装备,sz300308,9.45,9.25,9.34,9.4,9.34,17.184324,619340,0.0,0.0,0.0,0.0214,0.0064
2013-09-16,中际装备,sz300308,9.45,9.35,9.45,9.35,9.4,17.09292,484830,0.0,0.0,0.0,0.0106,-0.0105
2013-09-17,中际装备,sz300308,9.4,9.26,9.28,9.26,9.35,16.928385,586979,0.0,0.0,0.0,0.0149,-0.0021
2013-09-18,中际装备,sz300308,9.43,9.25,9.26,9.43,9.26,17.239172,446835,0.0,0.0,0.0,0.0194,0.0183
2013-09-23,中际装备,sz300308,9.68,9.43,9.44,9.67,9.43,17.677927,1478162,0.0,0.0,0.0,0.0265,0.0243
2013-09-24,中际装备,sz300308,9.74,9.54,9.63,9.74,9.67,17.805897,1405406,0.0,0.0,0.0,0.0206,0.0114
2013-09-25,中际装备,sz300308,9.89,9.61,9.74,9.64,9.74,17.623085,1225990,0.0,0.0,0.0,0.0287,-0.0102
2013-09-26,中际装备,sz300308,9.72,9.53,9.66,9.67,9.64,17.677927,763787,0.0,0.0,0.0,0.0197,0.001
2013-09-27,中际装备,sz300308,9.72,9.55,9.67,9.71,9.67,17.75106,719711,0.0,0.0,0.0,0.0175,0.0041
2013-09-30,中际装备,sz300308,9.83,9.59,9.66,9.76,9.71,17.84246,887837,0.0,0.0,0.0,0.0247,0.0103
2013-10-08,中际装备,sz300308,9.92,9.72,9.75,9.91,9.76,18.116682,1143888,0.0,0.0,0.0,0.0204,0.0164
2013-10-09,中际装备,sz300308,10.4,9.86,9.92,10.22,9.91,18.683409,3241207,0.0,0.0,0.0,0.0544,0.0302
2013-10-10,中际装备,sz300308,10.38,9.98,10.38,10.16,10.22,18.573717,2055004,0.0,0.0,0.0,0.0391,-0.0211
2013-10-11,中际装备,sz300308,10.23,10.05,10.15,10.14,10.16,18.537146,1263031,0.0,0.0,0.0,0.0177,-9.0E-4
2013-10-14,中际装备,sz300308,10.25,10.05,10.15,10.15,10.14,18.555424,1514351,0.0,0.0,0.0,0.0197,0.0
2013-10-15,中际装备,sz300308,10.08,9.74,10.08,9.9,10.15,18.098385,2239705,0.0,0.0,0.0,0.0334,-0.0178
2013-10-16,中际装备,sz300308,9.89,9.44,9.89,9.6,9.9,17.54995,1503259,0.0,0.0,0.0,0.0454,-0.0293
2013-10-17,中际装备,sz300308,9.92,9.59,9.62,9.8,9.6,17.915567,1398276,0.0,0.0,0.0,0.0343,0.0187
2013-10-18,中际装备,sz300308,9.89,9.7,9.78,9.78,9.8,17.879002,682368,0.0,0.0,0.0,0.0193,0.0
2013-10-21,中际装备,sz300308,9.98,9.69,9.73,9.94,9.78,18.171503,1453848,0.0,0.0,0.0,0.0296,0.0215
2013-10-22,中际装备,sz300308,10.8,9.96,9.96,10.22,9.94,18.683376,4115880,0.0,0.0,0.0,0.0845,0.0261
2013-10-23,中际装备,sz300308,10.32,9.85,10.18,10.2,10.22,18.646812,1923329,0.0,0.0,0.0,0.0459,0.0019
2013-10-24,中际装备,sz300308,10.4,10.05,10.39,10.05,10.2,18.372593,1186138,0.0,0.0,0.0,0.0343,-0.0327
2013-10-25,中际装备,sz300308,10.16,9.5,10.0,9.74,10.05,17.805872,1431156,0.0,0.0,0.0,0.0656,-0.0259
2013-10-28,中际装备,sz300308,9.79,9.4,9.79,9.5,9.74,17.367117,749573,0.0,0.0,0.0,0.04,-0.0296
2013-10-29,中际装备,sz300308,9.75,8.86,9.75,9.49,9.5,17.34883,1599284,0.0,0.0,0.0,0.0936,-0.0266
2013-10-30,中际装备,sz300308,9.59,9.31,9.46,9.56,9.49,17.476793,608599,0.0,0.0,0.0,0.0295,0.0105
2013-10-31,中际装备,sz300308,9.56,9.12,9.56,9.33,9.56,17.05632,445709,0.0,0.0,0.0,0.046,-0.024
2013-11-01,中际装备,sz300308,9.34,9.03,9.25,9.2,9.33,16.818657,447288,0.0,0.0,0.0,0.0332,-0.0054
2013-11-04,中际装备,sz300308,9.32,9.2,9.3,9.27,9.2,16.94663,190337,0.0,0.0,0.0,0.013,-0.0032
2013-11-05,中际装备,sz300308,9.35,9.11,9.25,9.35,9.27,17.09288,386525,0.0,0.0,0.0,0.0258,0.0108
2013-11-06,中际装备,sz300308,9.55,9.28,9.46,9.42,9.35,17.220854,587368,0.0,0.0,0.0,0.0288,-0.0042
2013-11-07,中际装备,sz300308,10.36,9.26,9.42,10.13,9.42,18.518824,4423116,0.0,0.0,0.0,0.1167,0.0753
2013-11-08,中际装备,sz300308,10.3,9.92,10.2,10.09,10.13,18.445694,2706737,0.0,0.0,0.0,0.0375,-0.0107
2013-11-11,中际装备,sz300308,10.52,9.77,10.02,10.49,10.09,19.176935,4070261,0.0,0.0,0.0,0.0743,0.0469
2013-11-12,中际装备,sz300308,11.54,10.33,10.47,11.17,10.49,20.420061,8556926,0.0,0.0,0.0,0.1153,0.0668
2013-11-13,中际装备,sz300308,11.49,10.81,10.9,11.28,11.17,20.621159,5695399,0.0,0.0,0.0,0.0608,0.0348
2013-11-14,中际装备,sz300308,12.22,10.9,11.09,11.91,11.28,21.772871,8714995,0.0,0.0,0.0,0.117,0.0739
2013-11-15,中际装备,sz300308,12.86,11.67,11.88,12.63,11.91,23.089106,9660636,0.0,0.0,0.0,0.0999,0.0631
2013-11-18,中际装备,sz300308,13.68,12.45,12.63,13.41,12.63,24.515043,11564579,0.0,0.0,0.0,0.0973,0.0617
2013-11-19,中际装备,sz300308,13.4,12.55,13.0,12.68,13.41,23.180517,8356664,0.0,0.0,0.0,0.0633,-0.0246
2013-11-20,中际装备,sz300308,12.87,12.23,12.7,12.5,12.68,22.851448,8531971,0.0,0.0,0.0,0.0504,-0.0157
2013-11-21,中际装备,sz300308,12.7,11.9,12.65,12.1,12.5,22.120201,8200375,0.0,0.0,0.0,0.0639,-0.0434
2013-11-22,中际装备,sz300308,12.31,11.84,12.15,12.09,12.1,22.10193,5622977,0.0,0.0,0.0,0.0388,-0.0049
2013-11-25,中际装备,sz300308,12.19,11.72,12.02,11.99,12.09,21.919125,3973529,0.0,0.0,0.0,0.0388,-0.0024
2013-11-26,中际装备,sz300308,12.47,11.9,11.91,12.31,11.99,22.504124,7354727,0.0,0.0,0.0,0.0475,0.0335
2013-11-27,中际装备,sz300308,12.3,11.96,12.22,12.08,12.31,22.083656,4012857,0.0,0.0,0.0,0.0276,-0.0114
2013-11-28,中际装备,sz300308,12.43,11.9,12.17,12.36,12.08,22.595533,5740423,0.0,0.0,0.0,0.0438,0.0156
2013-11-29,中际装备,sz300308,12.58,12.2,12.39,12.43,12.36,22.723494,6102353,0.0,0.0,0.0,0.0307,0.0032
2013-12-02,中际装备,sz300308,11.59,11.19,11.44,11.19,12.43,20.45662,3131757,0.0,0.0,0.0,0.0321,-0.0218
2013-12-03,中际装备,sz300308,10.75,10.07,10.36,10.48,11.19,19.158648,6292272,0.0,0.0,0.0,0.0607,0.0115
2013-12-04,中际装备,sz300308,10.66,10.31,10.41,10.31,10.48,18.847876,4305391,0.0,0.0,0.0,0.0333,-0.0096
2013-12-05,中际装备,sz300308,10.56,10.12,10.18,10.41,10.31,19.03068,2906143,0.0,0.0,0.0,0.0426,0.0225
2013-12-06,中际装备,sz300308,10.52,10.22,10.34,10.4,10.41,19.012392,2122153,0.0,0.0,0.0,0.0288,0.0058
2013-12-09,中际装备,sz300308,10.75,10.5,10.5,10.75,10.4,19.652235,2841341,0.0,0.0,0.0,0.024,0.0238
2013-12-10,中际装备,sz300308,10.8,10.53,10.7,10.71,10.75,19.57911,3348143,0.0,0.0,0.0,0.0251,9.0E-4
2013-12-11,中际装备,sz300308,11.0,10.59,10.71,10.77,10.71,19.688791,2388424,0.0,0.0,0.0,0.0382,0.0056
2013-12-12,中际装备,sz300308,10.9,10.71,10.88,10.81,10.77,19.761915,1527333,0.0,0.0,0.0,0.0176,-0.0064
2013-12-13,中际装备,sz300308,10.98,10.72,10.75,10.9,10.81,19.926453,2473483,0.0,0.0,0.0,0.024,0.0139
2013-12-16,中际装备,sz300308,10.99,10.77,10.8,10.79,10.9,19.725355,2094399,0.0,0.0,0.0,0.0201,-9.0E-4
2013-12-17,中际装备,sz300308,10.84,10.65,10.71,10.73,10.79,19.615662,1631778,0.0,0.0,0.0,0.0176,0.0018
2013-12-18,中际装备,sz300308,10.91,10.7,10.7,10.88,10.73,19.88987,1475101,0.0,0.0,0.0,0.0195,0.0168
2013-12-19,中际装备,sz300308,10.97,10.71,10.97,10.71,10.88,19.57909,1087759,0.0,0.0,0.0,0.0238,-0.0237
2013-12-20,中际装备,sz300308,10.82,10.61,10.62,10.72,10.71,19.597378,966979,0.0,0.0,0.0,0.0196,0.0094
2013-12-23,中际装备,sz300308,11.15,10.7,10.73,10.92,10.72,19.963005,2788504,0.0,0.0,0.0,0.0419,0.0177
2013-12-24,中际装备,sz300308,11.37,10.85,10.9,11.36,10.92,20.767376,2728369,0.0,0.0,0.0,0.0476,0.0422
2013-12-25,中际装备,sz300308,11.62,11.24,11.31,11.59,11.36,21.187832,2947008,0.0,0.0,0.0,0.0334,0.0247
2013-12-26,中际装备,sz300308,11.62,11.26,11.57,11.3,11.59,20.65767,1942596,0.0,0.0,0.0,0.031,-0.0233
2013-12-27,中际装备,sz300308,12.0,11.19,11.34,11.91,11.3,21.772812,3074504,0.0,0.0,0.0,0.0716,0.0502
2013-12-30,中际装备,sz300308,12.1,11.83,11.94,11.92,11.91,21.791101,1887765,0.0,0.0,0.0,0.0226,-0.0016
2013-12-31,中际装备,sz300308,12.18,11.82,11.9,12.1,11.92,22.120169,2704105,0.0,0.0,0.0,0.0302,0.0168
2014-01-02,中际装备,sz300308,12.68,12.1,12.1,12.57,12.1,22.979382,3540533,0.0,0.0,0.0,0.0479,0.0388
2014-01-03,中际装备,sz300308,12.7,12.25,12.51,12.52,12.57,22.88797,2434066,0.0,0.0,0.0,0.0357,7.0E-4
2014-01-06,中际装备,sz300308,12.8,12.12,12.6,12.33,12.52,22.540623,2344882,0.0,0.0,0.0,0.0543,-0.0214
2014-01-07,中际装备,sz300308,12.56,11.81,12.38,12.4,12.33,22.668585,1694968,0.0,0.0,0.0,0.0608,0.0016
2014-01-08,中际装备,sz300308,12.58,12.23,12.4,12.36,12.4,22.595457,1421297,0.0,0.0,0.0,0.0282,-0.0032
2014-01-09,中际装备,sz300308,12.78,12.24,12.47,12.38,12.36,22.632015,2054325,0.0,0.0,0.0,0.0436,-0.0072
2014-01-10,中际装备,sz300308,12.6,11.81,12.47,12.0,12.38,21.937326,1738727,0.0,0.0,0.0,0.0638,-0.0376
2014-01-13,中际装备,sz300308,12.36,11.65,12.09,11.68,12.0,21.352324,1066765,0.0,0.0,0.0,0.0591,-0.0339
2014-01-14,中际装备,sz300308,12.07,11.77,11.86,12.05,11.68,22.028723,1798702,0.0,0.0,0.0,0.0256,0.016
2014-01-15,中际装备,sz300308,12.46,11.9,12.04,12.46,12.05,22.77825,2402715,0.0,0.0,0.0,0.0464,0.0348
2014-01-16,中际装备,sz300308,12.56,12.03,12.48,12.03,12.46,21.992172,1724797,0.0,0.0,0.0,0.0425,-0.036
2014-01-17,中际装备,sz300308,12.08,11.8,11.9,11.93,12.03,21.809351,1148790,0.0,0.0,0.0,0.0232,0.0025
2014-01-20,中际装备,sz300308,12.09,11.81,11.9,11.96,11.93,21.864202,741250,0.0,0.0,0.0,0.0234,0.005
2014-01-21,中际装备,sz300308,12.35,11.96,12.06,12.16,11.96,22.229815,1278568,0.0,0.0,0.0,0.0326,0.0082
2014-01-22,中际装备,sz300308,12.94,12.16,12.27,12.76,12.16,23.32668,4084613,0.0,0.0,0.0,0.0641,0.0399
2014-01-23,中际装备,sz300308,13.1,12.57,12.57,12.77,12.76,23.344967,3696454,0.0,0.0,0.0,0.0415,0.0159
2014-01-24,中际装备,sz300308,12.84,12.59,12.78,12.75,12.77,23.308409,2387331,0.0,0.0,0.0,0.0195,-0.0023
2014-01-27,中际装备,sz300308,13.45,12.75,12.75,13.18,12.75,24.094484,3487841,0.0,0.0,0.0,0.0549,0.0337
2014-01-28,中际装备,sz300308,13.6,13.0,13.34,13.39,13.18,24.478382,2154921,0.0,0.0,0.0,0.0455,0.0037
2014-01-29,中际装备,sz300308,13.5,12.9,13.39,13.19,13.39,24.11275,1629651,0.0,0.0,0.0,0.0448,-0.0149
2014-01-30,中际装备,sz300308,13.65,13.15,13.25,13.3,13.19,24.313848,1689689,0.0,0.0,0.0,0.0379,0.0037
2014-02-07,中际装备,sz300308,13.64,13.05,13.19,13.22,13.3,24.1676,1206618,0.0,0.0,0.0,0.0443,0.0022
2014-02-10,中际装备,sz300308,14.48,13.23,13.29,14.18,13.22,25.922579,3445151,0.0,0.0,0.0,0.0945,0.0669
2014-02-11,中际装备,sz300308,15.31,14.18,14.22,14.95,14.18,27.330227,4060713,0.0,0.0,0.0,0.0796,0.0513
2014-02-12,中际装备,sz300308,15.4,14.62,15.11,14.84,14.95,27.129131,1892905,0.0,0.0,0.0,0.0521,-0.0178
2014-02-13,中际装备,sz300308,15.36,14.8,15.09,14.81,14.84,27.074276,2834737,0.0,0.0,0.0,0.0377,-0.0185
2014-02-14,中际装备,sz300308,15.36,14.5,14.99,15.3,14.81,27.970057,3270563,0.0,0.0,0.0,0.058,0.0206
2014-02-17,中际装备,sz300308,16.36,15.36,15.5,16.02,15.3,29.286299,2705793,0.0,0.0,0.0,0.0653,0.0335
2014-02-18,中际装备,sz300308,16.3,15.41,16.29,15.48,16.02,28.299116,3580684,0.0,0.0,0.0,0.0555,-0.0497
2014-02-19,中际装备,sz300308,15.66,14.81,15.5,14.98,15.48,27.385056,1892423,0.0,0.0,0.0,0.0549,-0.0335
2014-02-20,中际装备,sz300308,15.6,14.9,15.08,15.46,14.98,28.262554,2344922,0.0,0.0,0.0,0.0467,0.0251
2014-02-21,中际装备,sz300308,15.65,15.19,15.45,15.23,15.46,27.842093,1189545,0.0,0.0,0.0,0.0297,-0.0142
2014-02-24,中际装备,sz300308,16.03,15.0,15.5,15.99,15.23,29.231468,2430756,0.0,0.0,0.0,0.0676,0.0316
2014-02-25,中际装备,sz300308,17.24,15.28,16.42,15.42,15.99,28.189455,4020012,0.0,0.0,0.0,0.1225,-0.0609
2014-02-26,中际装备,sz300308,16.18,14.23,15.8,14.85,15.42,27.14743,3852623,0.0,0.0,0.0,0.1264,-0.0601
2014-02-27,中际装备,sz300308,15.55,14.28,14.8,14.35,14.85,26.233377,2297810,0.0,0.0,0.0,0.0855,-0.0304
2014-02-28,中际装备,sz300308,15.0,13.8,14.65,14.86,14.35,27.16571,1543931,0.0,0.0,0.0,0.0836,0.0143
2014-03-03,中际装备,sz300308,15.44,14.71,14.97,15.34,14.86,28.043192,2593695,0.0,0.0,0.0,0.0491,0.0247
2014-03-04,中际装备,sz300308,15.35,14.95,15.12,15.1,15.34,27.604456,1524149,0.0,0.0,0.0,0.026,-0.0013
2014-03-05,中际装备,sz300308,15.52,14.98,15.34,15.25,15.1,27.878677,1107148,0.0,0.0,0.0,0.0357,-0.0058
2014-03-06,中际装备,sz300308,15.49,14.55,15.38,14.7,15.25,26.873205,1109808,0.0,0.0,0.0,0.0616,-0.0442
2014-03-07,中际装备,sz300308,16.0,14.58,14.88,15.58,14.7,28.481943,2662833,0.0,0.0,0.0,0.0965,0.047
2014-03-10,中际装备,sz300308,15.49,14.86,15.4,14.98,15.58,27.385075,1121744,0.0,0.0,0.0,0.0404,-0.0272
2014-03-11,中际装备,sz300308,15.15,14.32,15.0,14.5,14.98,26.507576,1096170,0.0,0.0,0.0,0.0554,-0.0333
2014-03-12,中际装备,sz300308,15.19,14.1,14.65,14.28,14.5,26.105402,1334191,0.0,0.0,0.0,0.0751,-0.0252
2014-03-13,中际装备,sz300308,14.47,14.11,14.3,14.46,14.28,26.434462,481782,0.0,0.0,0.0,0.0252,0.0111
2014-03-14,中际装备,sz300308,14.68,14.28,14.35,14.65,14.46,26.781809,763128,0.0,0.0,0.0,0.0276,0.0209
2014-03-17,中际装备,sz300308,14.78,14.4,14.6,14.64,14.65,26.763517,921131,0.0,0.0,0.0,0.0259,0.0027
2014-03-18,中际装备,sz300308,15.03,14.61,14.64,15.03,14.64,27.47647,1230686,0.0,0.0,0.0,0.0286,0.0266
2014-03-19,中际装备,sz300308,15.48,14.95,15.0,15.33,15.03,28.0249,2337645,0.0,0.0,0.0,0.0352,0.022
2014-03-20,中际装备,sz300308,15.39,14.86,15.35,14.95,15.33,27.33022,1326966,0.0,0.0,0.0,0.0345,-0.026
2014-03-21,中际装备,sz300308,15.74,14.51,14.85,15.3,14.95,27.970047,1365148,0.0,0.0,0.0,0.0822,0.0303
2014-03-24,中际装备,sz300308,15.68,14.91,15.52,14.98,15.3,27.385054,1337083,0.0,0.0,0.0,0.0503,-0.0347
2014-03-25,中际装备,sz300308,15.55,14.6,14.99,15.03,14.98,27.476465,1647419,0.0,0.0,0.0,0.0634,0.0026
2014-03-26,中际装备,sz300308,15.28,15.0,15.28,15.09,15.03,27.586151,559857,0.0,0.0,0.0,0.0186,-0.0124
2014-03-27,中际装备,sz300308,15.35,14.76,15.24,14.9,15.09,27.238815,942771,0.0,0.0,0.0,0.039,-0.0223
2014-03-28,中际装备,sz300308,15.08,14.69,14.98,14.89,14.9,27.220537,1072089,0.0,0.0,0.0,0.0261,-0.006
2014-03-31,中际装备,sz300308,15.9,14.99,14.99,15.15,14.89,27.695835,1584166,0.0,0.0,0.0,0.0611,0.0106
2014-04-01,中际装备,sz300308,15.4,15.09,15.29,15.2,15.15,27.787231,923347,0.0,0.0,0.0,0.0204,-0.0058
2014-04-02,中际装备,sz300308,15.45,14.85,15.29,15.11,15.2,27.622704,917121,0.0,0.0,0.0,0.0394,-0.0117
2014-04-03,中际装备,sz300308,15.2,14.8,15.2,15.08,15.11,27.567871,675600,0.0,0.0,0.0,0.0264,-0.0078
2014-04-04,中际装备,sz300308,15.38,14.95,15.02,15.15,15.08,27.695843,828715,0.0,0.0,0.0,0.0285,0.0086
2014-04-08,中际装备,sz300308,15.24,14.97,15.13,15.05,15.15,27.513021,648551,0.0,0.0,0.0,0.0178,-0.0052
2014-04-09,中际装备,sz300308,16.0,15.01,15.18,15.74,15.05,28.774412,5547687,0.0,0.0,0.0,0.0657,0.0368
2014-04-10,中际装备,sz300308,15.8,15.02,15.7,15.2,15.74,27.787247,4494521,0.0,0.0,0.0,0.0495,-0.0318
2014-04-11,中际装备,sz300308,15.57,13.8,15.0,13.93,15.2,25.46554,5221541,0.0,0.0,0.0,0.1164,-0.0713
2014-04-14,中际装备,sz300308,13.9,13.45,13.78,13.7,13.93,25.045078,2973424,0.0,0.0,0.0,0.0323,-0.0058
2014-04-15,中际装备,sz300308,13.88,13.61,13.67,13.78,13.7,25.191317,938965,0.0,0.0,0.0,0.0197,0.008
2014-04-16,中际装备,sz300308,14.39,13.65,13.78,14.24,13.78,26.032253,2561481,0.0,0.0,0.0,0.0537,0.0333
2014-04-17,中际装备,sz300308,14.38,13.8,14.2,14.15,14.24,25.86773,1128625,0.0,0.0,0.0,0.0407,-0.0035
2014-04-18,中际装备,sz300308,14.3,14.0,14.15,14.2,14.15,25.959146,765262,0.0,0.0,0.0,0.0212,0.0035
2014-04-21,中际装备,sz300308,14.48,13.85,14.18,14.19,14.2,25.94087,1646415,0.0,0.0,0.0,0.0443,7.0E-4
2014-04-22,中际装备,sz300308,14.47,13.93,14.35,14.08,14.19,25.739777,1189005,0.0,0.0,0.0,0.038,-0.0188
2014-04-23,中际装备,sz300308,14.29,13.91,13.91,14.29,14.08,26.123686,1070652,0.0,0.0,0.0,0.0269,0.0273
2014-04-24,中际装备,sz300308,15.2,14.3,14.4,14.86,14.29,27.165707,4168199,0.0,0.0,0.0,0.0629,0.0319
2014-04-25,中际装备,sz300308,15.35,14.85,14.95,15.07,14.86,27.549612,3608531,0.0,0.0,0.0,0.0336,0.008
2014-04-28,中际装备,sz300308,15.65,14.5,15.33,15.2,15.07,27.787256,3281948,0.0,0.0,0.0,0.0763,-0.0084
2014-04-29,中际装备,sz300308,15.75,13.8,15.6,14.26,15.2,26.068836,4710095,0.0,0.0,0.0,0.1282,-0.0858
2014-04-30,中际装备,sz300308,14.4,13.85,14.1,14.24,14.26,26.03226,1599823,0.0,0.0,0.0,0.0385,0.0099
2014-05-05,中际装备,sz300308,14.44,14.12,14.27,14.27,14.24,26.087112,585680,0.0,0.0,0.0,0.0224,0.0
2014-05-06,中际装备,sz300308,14.55,14.3,14.39,14.4,14.27,26.324766,880393,0.0,0.0,0.0,0.0175,6.0E-4
2014-05-07,中际装备,sz300308,14.6,14.02,14.43,14.31,14.4,26.160236,1061466,0.0,0.0,0.0,0.0402,-0.0083
2014-05-08,中际装备,sz300308,14.34,14.0,14.34,14.01,14.31,25.611813,531288,0.0,0.0,0.0,0.0237,-0.023
2014-05-09,中际装备,sz300308,14.29,13.86,14.19,13.89,14.01,25.392447,525375,0.0,0.0,0.0,0.0306,-0.0211
2014-05-12,中际装备,sz300308,14.07,13.78,14.07,14.0,13.89,25.59353,693892,0.0,0.0,0.0,0.0208,-0.0049
2014-05-13,中际装备,sz300308,14.1,13.91,14.08,13.99,14.0,25.575256,371466,0.0,0.0,0.0,0.0135,-0.0063
2014-05-14,中际装备,sz300308,14.19,13.92,14.08,14.17,13.99,25.904308,344964,0.0,0.0,0.0,0.0192,0.0063
2014-05-15,中际装备,sz300308,14.28,14.0,14.19,14.18,14.17,25.922596,415803,0.0,0.0,0.0,0.0197,-7.0E-4
2014-05-16,中际装备,sz300308,14.25,13.86,14.25,13.96,14.18,25.520407,433323,0.0,0.0,0.0,0.0275,-0.0203
2014-05-19,中际装备,sz300308,14.18,13.9,14.03,14.0,13.96,25.593523,208659,0.0,0.0,0.0,0.02,-0.0021
2014-05-20,中际装备,sz300308,14.2,14.02,14.19,14.03,14.0,25.648369,298559,0.0,0.0,0.0,0.0128,-0.0112
2014-05-21,中际装备,sz300308,14.18,13.9,14.18,13.97,14.03,25.538671,219915,0.0,0.0,0.0,0.0199,-0.0148
2014-05-22,中际装备,sz300308,14.09,13.9,14.01,13.94,13.97,25.48384,302695,0.0,0.0,0.0,0.0136,-0.0049
2014-05-23,中际装备,sz300308,14.01,13.87,14.01,13.96,13.94,25.520409,210862,0.0,0.0,0.0,0.01,-0.0035
2014-05-26,中际装备,sz300308,14.5,13.95,14.09,14.39,13.96,26.30649,1028771,0.0,0.0,0.0,0.0393,0.0212
2014-05-27,中际装备,sz300308,14.43,14.25,14.43,14.25,14.39,26.050552,311947,0.0,0.0,0.0,0.0125,-0.0124
2014-05-28,中际装备,sz300308,14.49,14.23,14.28,14.45,14.25,26.416172,644758,0.0,0.0,0.0,0.0182,0.0119
2014-05-29,中际装备,sz300308,14.5,14.23,14.45,14.3,14.45,26.141947,400820,0.0,0.0,0.0,0.0186,-0.0103
2014-05-30,中际装备,sz300308,14.47,14.11,14.11,14.45,14.3,26.416176,269774,0.0,0.0,0.0,0.0251,0.024
2014-06-03,中际装备,sz300308,14.8,13.6,14.45,14.19,14.45,25.940868,1987924,0.0,0.0,0.0,0.083,-0.0179
2014-06-04,中际装备,sz300308,13.98,13.63,13.98,13.79,14.19,25.209621,746664,0.0,0.0,0.0,0.0246,-0.0135
2014-06-05,中际装备,sz300308,13.9,13.39,13.79,13.78,13.79,25.191345,763385,0.0,0.0,0.0,0.0369,-7.0E-4
2014-06-06,中际装备,sz300308,13.89,13.62,13.8,13.79,13.78,25.209635,534440,0.0,0.0,0.0,0.0195,-7.0E-4
2014-06-09,中际装备,sz300308,13.83,13.63,13.83,13.64,13.79,24.935429,287339,0.0,0.0,0.0,0.0145,-0.0137
2014-06-10,中际装备,sz300308,13.79,13.6,13.74,13.68,13.64,25.008564,452945,0.0,0.0,0.0,0.0139,-0.0043
2014-06-11,中际装备,sz300308,13.73,13.39,13.67,13.61,13.68,24.880596,1024548,0.0,0.0,0.0,0.0248,-0.0043
2014-06-12,中际装备,sz300308,13.7,13.28,13.58,13.43,13.61,24.551525,1038178,0.0,0.0,0.0,0.0308,-0.011
2014-06-13,中际装备,sz300308,13.69,13.37,13.42,13.58,13.43,24.82574,682689,0.0,0.0,0.0,0.0238,0.0119
2014-06-16,中际装备,sz300308,13.68,13.5,13.64,13.65,13.58,24.953718,562501,0.0,0.0,0.0,0.0132,7.0E-4
2014-06-17,中际装备,sz300308,13.7,13.5,13.69,13.57,13.65,24.807465,434671,0.0,0.0,0.0,0.0146,-0.0087
2014-06-18,中际装备,sz300308,13.67,13.21,13.67,13.25,13.57,24.222479,438813,0.0,0.0,0.0,0.0338,-0.0307
2014-06-19,中际装备,sz300308,13.25,12.24,13.2,12.88,13.25,23.546066,1052558,0.0,0.0,0.0,0.0762,-0.0242
2014-06-20,中际装备,sz300308,12.98,12.6,12.89,12.87,12.88,23.567987,850080,0.0,0.0,0.0,0.0295,-0.0015
2014-06-23,中际装备,sz300308,13.49,12.85,12.87,13.23,12.87,24.227232,1190524,0.0,0.0,0.0,0.0497,0.0279
2014-06-24,中际装备,sz300308,13.84,13.18,13.38,13.72,13.23,25.124535,2316809,0.0,0.0,0.0,0.0498,0.0254
2014-06-25,中际装备,sz300308,13.9,13.45,13.9,13.75,13.72,25.179483,1577488,0.0,0.0,0.0,0.0327,-0.0107
2014-06-26,中际装备,sz300308,14.3,13.75,13.75,14.15,13.75,25.91198,2654795,0.0,0.0,0.0,0.04,0.029
2014-06-27,中际装备,sz300308,14.38,14.0,14.15,14.17,14.15,25.948593,1555257,0.0,0.0,0.0,0.0268,0.0014
2014-06-30,中际装备,sz300308,14.46,13.99,14.3,14.39,14.17,26.35147,1965512,0.0,0.0,0.0,0.0331,0.0062
2014-07-01,中际装备,sz300308,14.62,14.13,14.44,14.29,14.39,26.168354,1371001,0.0,0.0,0.0,0.034,-0.0103
2014-07-02,中际装备,sz300308,15.72,14.3,14.7,15.72,14.29,28.787022,10971822,0.0,0.0,0.0,0.0993,0.0693
2014-07-03,中际装备,sz300308,15.44,15.09,15.3,15.23,15.72,27.88973,5383538,0.0,0.0,0.0,0.0222,-0.0045
2014-07-04,中际装备,sz300308,15.45,14.95,15.24,15.1,15.23,27.651663,2851795,0.0,0.0,0.0,0.0328,-0.0091
2014-07-07,中际装备,sz300308,15.48,15.1,15.17,15.2,15.1,27.8348,2941066,0.0,0.0,0.0,0.0251,0.0019
2014-07-08,中际装备,sz300308,15.66,15.13,15.25,15.53,15.2,28.439121,4434942,0.0,0.0,0.0,0.0348,0.0183
2014-07-09,中际装备,sz300308,15.9,14.87,15.63,14.9,15.53,27.28543,4235657,0.0,0.0,0.0,0.0663,-0.0467
2014-07-10,中际装备,sz300308,14.9,14.48,14.89,14.66,14.9,26.845945,2973450,0.0,0.0,0.0,0.0281,-0.0154
2014-07-11,中际装备,sz300308,14.74,14.38,14.63,14.58,14.66,26.699448,2264248,0.0,0.0,0.0,0.0245,-0.0034
2014-07-14,中际装备,sz300308,14.82,14.54,14.6,14.79,14.58,27.084,1422981,0.0,0.0,0.0,0.0192,0.013
2014-07-15,中际装备,sz300308,14.63,13.92,14.49,14.09,14.79,25.802141,3558215,0.0,0.0,0.0,0.048,-0.0276
2014-07-16,中际装备,sz300308,14.14,13.87,14.0,14.03,14.09,25.692274,1265175,0.0,0.0,0.0,0.0191,0.0021
2014-07-17,中际装备,sz300308,14.18,13.99,14.0,14.1,14.03,25.820454,800868,0.0,0.0,0.0,0.0135,0.0071
2014-07-18,中际装备,sz300308,14.23,14.01,14.16,14.09,14.1,25.802147,833207,0.0,0.0,0.0,0.0156,-0.0049
2014-07-21,中际装备,sz300308,14.18,13.86,14.09,13.91,14.09,25.472525,849716,0.0,0.0,0.0,0.0227,-0.0127
2014-07-22,中际装备,sz300308,14.06,13.84,13.9,13.97,13.91,25.582388,799329,0.0,0.0,0.0,0.0158,0.005
2014-07-23,中际装备,sz300308,14.03,13.6,14.03,13.78,13.97,25.234442,923349,0.0,0.0,0.0,0.0307,-0.0178
2014-07-24,中际装备,sz300308,13.87,13.58,13.8,13.73,13.78,25.14289,653456,0.0,0.0,0.0,0.021,-0.005
2014-07-25,中际装备,sz300308,13.87,13.61,13.79,13.8,13.73,25.271069,614089,0.0,0.0,0.0,0.0189,7.0E-4
2014-07-28,中际装备,sz300308,14.12,13.8,13.8,14.05,13.8,25.72888,994336,0.0,0.0,0.0,0.0231,0.0181
2014-07-29,中际装备,sz300308,14.79,14.07,14.11,14.34,14.05,26.25995,2405090,0.0,0.0,0.0,0.0512,0.0163
2014-07-30,中际装备,sz300308,14.36,14.11,14.24,14.23,14.34,26.05851,1223213,0.0,0.0,0.0,0.0174,-7.0E-4
2014-07-31,中际装备,sz300308,14.32,14.14,14.15,14.27,14.23,26.13176,845393,0.0,0.0,0.0,0.0126,0.0084
2014-08-01,中际装备,sz300308,14.4,14.2,14.27,14.32,14.27,26.223326,1504355,0.0,0.0,0.0,0.014,0.0035
2014-08-04,中际装备,sz300308,14.37,14.18,14.35,14.34,14.32,26.25996,1215563,0.0,0.0,0.0,0.0132,-6.0E-4
2014-08-05,中际装备,sz300308,14.5,14.1,14.3,14.49,14.34,26.53464,1839446,0.0,0.0,0.0,0.0278,0.0132
2014-08-06,中际装备,sz300308,14.47,14.33,14.47,14.42,14.49,26.40645,1061807,0.0,0.0,0.0,0.0096,-0.0034
2014-08-07,中际装备,sz300308,14.46,14.13,14.39,14.16,14.42,25.930315,1278162,0.0,0.0,0.0,0.0228,-0.0159
2014-08-08,中际装备,sz300308,14.31,14.16,14.16,14.29,14.16,26.168383,601763,0.0,0.0,0.0,0.0105,0.0091
2014-08-11,中际装备,sz300308,14.38,14.24,14.3,14.36,14.29,26.296581,1272911,0.0,0.0,0.0,0.0097,0.0041
2014-08-12,中际装备,sz300308,14.66,14.34,14.37,14.63,14.36,26.79101,2620784,0.0,0.0,0.0,0.0222,0.018
2014-08-13,中际装备,sz300308,14.94,14.53,14.65,14.94,14.63,27.358685,2751407,0.0,0.0,0.0,0.028,0.0197
2014-08-14,中际装备,sz300308,14.88,14.6,14.87,14.68,14.94,26.88256,1838263,0.0,0.0,0.0,0.0187,-0.0127
2014-08-15,中际装备,sz300308,14.8,14.6,14.62,14.74,14.68,26.99243,1195147,0.0,0.0,0.0,0.0136,0.0082
2014-08-18,中际装备,sz300308,15.13,14.72,14.72,15.0,14.74,27.46855,1736887,0.0,0.0,0.0,0.0278,0.019
2014-08-19,中际装备,sz300308,15.08,14.83,15.0,14.96,15.0,27.39529,1226185,0.0,0.0,0.0,0.0166,-0.0026
2014-08-20,中际装备,sz300308,15.06,14.76,14.85,14.88,14.96,27.248781,1409048,0.0,0.0,0.0,0.02,0.002
2014-08-21,中际装备,sz300308,15.07,14.68,14.87,14.81,14.88,27.120602,2323448,0.0,0.0,0.0,0.0262,-0.004
2014-08-22,中际装备,sz300308,15.13,14.8,14.8,15.1,14.81,27.651651,3355074,0.0,0.0,0.0,0.0222,0.0202
2014-08-25,中际装备,sz300308,15.26,14.98,15.1,14.98,15.1,27.431904,2971074,0.0,0.0,0.0,0.0185,-0.0079
2014-08-26,中际装备,sz300308,14.92,14.24,14.88,14.32,14.98,26.22328,2742264,0.0,0.0,0.0,0.0453,-0.0376
2014-08-27,中际装备,sz300308,14.47,14.27,14.27,14.36,14.32,26.296522,1093353,0.0,0.0,0.0,0.0139,0.0063
2014-08-28,中际装备,sz300308,14.46,14.1,14.32,14.17,14.36,25.948593,1175057,0.0,0.0,0.0,0.025,-0.0104
2014-08-29,中际装备,sz300308,14.55,14.05,14.24,14.44,14.17,26.443018,912742,0.0,0.0,0.0,0.0352,0.014
2014-09-01,中际装备,sz300308,14.73,14.41,14.44,14.69,14.44,26.900826,1099962,0.0,0.0,0.0,0.0221,0.0173
2014-09-02,中际装备,sz300308,14.93,14.67,14.71,14.83,14.69,27.15719,2986977,0.0,0.0,0.0,0.0176,0.0081
2014-09-03,中际装备,sz300308,15.18,14.82,14.84,15.12,14.83,27.68825,4133653,0.0,0.0,0.0,0.0242,0.0188
2014-09-04,中际装备,sz300308,15.37,15.08,15.2,15.35,15.12,28.109444,3059911,0.0,0.0,0.0,0.0191,0.0098
2014-09-05,中际装备,sz300308,15.88,15.33,15.37,15.63,15.35,28.622187,4630882,0.0,0.0,0.0,0.0358,0.0169
2014-09-09,中际装备,sz300308,16.22,15.54,15.7,16.18,15.63,29.629374,3816322,0.0,0.0,0.0,0.0435,0.0305
2014-09-10,中际装备,sz300308,16.1,15.82,16.1,15.96,16.18,29.226503,3043195,0.0,0.0,0.0,0.0173,-0.0086
2014-09-11,中际装备,sz300308,16.1,15.32,15.96,15.64,15.96,28.64051,4986727,0.0,0.0,0.0,0.0488,-0.02
2014-09-12,中际装备,sz300308,16.08,15.52,15.58,15.98,15.64,29.263128,3024729,0.0,0.0,0.0,0.0358,0.0256
2014-09-15,中际装备,sz300308,16.91,16.02,16.08,16.8,15.98,30.764736,6084191,0.0,0.0,0.0,0.0556,0.0447
2014-09-16,中际装备,sz300308,16.9,16.12,16.74,16.28,16.8,29.812506,4395549,0.0,0.0,0.0,0.0464,-0.0274
2014-09-17,中际装备,sz300308,16.58,16.15,16.28,16.46,16.28,30.142143,2536216,0.0,0.0,0.0,0.0264,0.011
2014-09-18,中际装备,sz300308,16.45,16.08,16.38,16.29,16.46,29.830833,2032908,0.0,0.0,0.0,0.0224,-0.0054
2014-09-19,中际装备,sz300308,16.2,15.78,16.13,16.07,16.29,29.427969,3057037,0.0,0.0,0.0,0.0257,-0.0037
2014-09-22,中际装备,sz300308,15.94,15.64,15.91,15.73,16.07,28.80536,1715293,0.0,0.0,0.0,0.0186,-0.0113
2014-09-23,中际装备,sz300308,16.17,15.69,15.79,16.05,15.73,29.39135,1701867,0.0,0.0,0.0,0.0305,0.0164
2014-09-24,中际装备,sz300308,16.89,16.01,16.01,16.89,16.05,30.929575,3791204,0.0,0.0,0.0,0.0548,0.0549
2014-09-25,中际装备,sz300308,17.18,16.62,17.15,16.64,16.89,30.471754,3356052,0.0,0.0,0.0,0.0331,-0.0297
2014-09-26,中际装备,sz300308,16.96,16.51,16.7,16.7,16.64,30.581636,2278531,0.0,0.0,0.0,0.027,0.0
2014-09-29,中际装备,sz300308,17.29,16.71,16.8,17.21,16.7,31.515568,3948234,0.0,0.0,0.0,0.0347,0.0244
2014-09-30,中际装备,sz300308,17.33,16.91,17.23,17.18,17.21,31.460636,2997621,0.0,0.0,0.0,0.0244,-0.0029
2014-10-08,中际装备,sz300308,10.49,9.46,9.58,10.49,17.18,34.57738,10827318,0.0,0.0,0.0,0.0599,0.0949
2014-10-09,中际装备,sz300308,11.0,10.25,10.8,10.45,10.49,34.445538,16877385,0.0,0.0,0.0,0.0714,-0.0324
2014-10-10,中际装备,sz300308,10.38,10.06,10.38,10.23,10.45,33.720352,7820842,0.0,0.0,0.0,0.0306,-0.0144
2014-10-13,中际装备,sz300308,10.64,10.1,10.25,10.56,10.23,34.808105,11675694,0.0,0.0,0.0,0.0527,0.0302
2014-10-14,中际装备,sz300308,10.5,10.12,10.35,10.22,10.56,33.68739,6310120,0.0,0.0,0.0,0.0359,-0.0125
2014-10-15,中际装备,sz300308,10.28,9.7,10.23,10.06,10.22,33.159977,5964765,0.0,0.0,0.0,0.0567,-0.0166
2014-10-16,中际装备,sz300308,10.17,9.86,10.0,10.0,10.06,32.96221,3873316,0.0,0.0,0.0,0.0308,0.0
2014-10-17,中际装备,sz300308,10.03,9.58,9.91,9.86,10.0,32.50074,4083833,0.0,0.0,0.0,0.0449,-0.005
2014-10-20,中际装备,sz300308,10.09,9.71,9.84,10.01,9.86,32.995174,2947115,0.0,0.0,0.0,0.0385,0.0172
2014-10-21,中际装备,sz300308,10.05,9.73,10.0,9.79,10.01,32.270008,2704199,0.0,0.0,0.0,0.0319,-0.021
2014-10-22,中际装备,sz300308,9.89,9.5,9.8,9.56,9.79,31.511889,2872840,0.0,0.0,0.0,0.0398,-0.0244
2014-10-23,中际装备,sz300308,9.65,9.13,9.54,9.2,9.56,30.325245,3952635,0.0,0.0,0.0,0.0543,-0.0356
2014-10-24,中际装备,sz300308,9.36,9.13,9.22,9.21,9.2,30.358208,2004483,0.0,0.0,0.0,0.0249,-0.001
2014-10-27,中际装备,sz300308,9.33,9.15,9.21,9.22,9.21,30.391178,1903391,0.0,0.0,0.0,0.0195,0.001
2014-10-28,中际装备,sz300308,9.58,9.29,9.29,9.53,9.22,31.413021,3929792,0.0,0.0,0.0,0.0314,0.0258
2014-10-29,中际装备,sz300308,9.79,9.55,9.55,9.62,9.53,31.709684,4193060,0.0,0.0,0.0,0.0251,0.0073
2014-10-30,中际装备,sz300308,9.74,9.54,9.59,9.69,9.62,31.940435,4065610,0.0,0.0,0.0,0.0207,0.0104
2014-10-31,中际装备,sz300308,9.73,9.4,9.7,9.48,9.69,31.248222,3943318,0.0,0.0,0.0,0.034,-0.0226
2014-11-03,中际装备,sz300308,9.74,9.44,9.45,9.74,9.48,32.105236,4590280,0.0,0.0,0.0,0.0316,0.0306
2014-11-04,中际装备,sz300308,9.74,9.54,9.74,9.54,9.74,31.445988,3892560,0.0,0.0,0.0,0.0205,-0.0205
2014-11-05,中际装备,sz300308,9.58,9.32,9.56,9.48,9.54,31.248224,3740094,0.0,0.0,0.0,0.0272,-0.0083
2014-11-06,中际装备,sz300308,9.67,9.43,9.48,9.59,9.48,31.610798,5082487,0.0,0.0,0.0,0.0253,0.0116
2014-11-07,中际装备,sz300308,9.75,9.54,9.65,9.59,9.59,31.610798,5504982,0.0,0.0,0.0,0.0218,-0.0062
2014-11-17,中际装备,sz300308,9.88,9.02,9.19,9.53,9.59,31.413008,6638266,0.0,0.0,0.0,0.0896,0.0369
2014-11-18,中际装备,sz300308,9.75,9.45,9.45,9.55,9.53,31.478945,3080966,0.0,0.0,0.0,0.0314,0.0105
2014-11-19,中际装备,sz300308,9.71,9.48,9.64,9.65,9.55,31.80856,3379580,0.0,0.0,0.0,0.024,0.001
2014-11-20,中际装备,sz300308,9.74,9.56,9.7,9.63,9.65,31.74262,2516916,0.0,0.0,0.0,0.0186,-0.0072
2014-11-21,中际装备,sz300308,9.69,9.56,9.61,9.66,9.63,31.8415,2700928,0.0,0.0,0.0,0.0134,0.0052
2014-11-24,中际装备,sz300308,9.78,9.56,9.7,9.59,9.66,31.610777,3977834,0.0,0.0,0.0,0.0227,-0.0113
2014-11-25,中际装备,sz300308,10.55,9.56,9.56,10.55,9.59,34.775143,10557878,0.0,0.0,0.0,0.1032,0.1035
2014-11-26,中际装备,sz300308,11.61,11.05,11.05,11.4,10.55,37.57694,26961937,0.0,0.0,0.0,0.053,0.0316
2014-11-27,中际装备,sz300308,12.34,11.21,11.7,12.27,11.4,40.44466,30205546,0.0,0.0,0.0,0.0991,0.0487
2014-11-28,中际装备,sz300308,12.16,11.45,11.8,11.66,12.27,38.433956,19727947,0.0,0.0,0.0,0.0578,-0.0118
2014-12-01,中际装备,sz300308,11.65,11.0,11.65,11.18,11.66,36.851784,12699837,0.0,0.0,0.0,0.0557,-0.0403
2014-12-02,中际装备,sz300308,11.47,11.06,11.2,11.25,11.18,37.08251,9905788,0.0,0.0,0.0,0.0366,0.0044
2014-12-03,中际装备,sz300308,11.38,10.85,11.15,11.33,11.25,37.346207,11001529,0.0,0.0,0.0,0.0471,0.0161
2014-12-04,中际装备,sz300308,12.33,11.34,11.34,11.83,11.33,38.99433,19326220,0.0,0.0,0.0,0.0873,0.0432
2014-12-05,中际装备,sz300308,11.69,10.81,11.54,11.16,11.83,36.785847,10617140,0.0,0.0,0.0,0.0743,-0.0329
2014-12-08,中际装备,sz300308,11.71,10.82,10.97,11.21,11.16,36.95065,9202415,0.0,0.0,0.0,0.0797,0.0218
2014-12-09,中际装备,sz300308,11.13,10.21,11.0,10.24,11.21,33.753307,9029700,0.0,0.0,0.0,0.082,-0.069
2014-12-10,中际装备,sz300308,10.84,10.0,10.0,10.64,10.24,35.071815,6619320,0.0,0.0,0.0,0.082,0.064
2014-12-11,中际装备,sz300308,10.98,10.51,10.64,10.88,10.64,35.862896,6591120,0.0,0.0,0.0,0.0441,0.0225
2014-12-12,中际装备,sz300308,11.18,10.71,10.95,11.15,10.88,36.75287,5492455,0.0,0.0,0.0,0.0431,0.0182
2014-12-15,中际装备,sz300308,11.59,10.9,11.08,11.44,11.15,37.708775,8370324,0.0,0.0,0.0,0.0618,0.0324
2014-12-16,中际装备,sz300308,11.66,11.22,11.36,11.44,11.44,37.708775,6668062,0.0,0.0,0.0,0.0384,0.007
2014-12-17,中际装备,sz300308,11.77,11.02,11.42,11.47,11.44,37.807644,8346322,0.0,0.0,0.0,0.0655,0.0043
2014-12-18,中际装备,sz300308,11.66,11.0,11.3,11.07,11.47,36.489143,6695392,0.0,0.0,0.0,0.0575,-0.0203
2014-12-19,中际装备,sz300308,11.03,10.3,11.03,10.39,11.07,34.247723,6154339,0.0,0.0,0.0,0.0659,-0.058
2014-12-22,中际装备,sz300308,10.27,9.35,10.26,9.37,10.39,30.88559,5793954,0.0,0.0,0.0,0.0885,-0.0867
2014-12-23,中际装备,sz300308,9.75,9.28,9.37,9.49,9.37,31.281141,2828986,0.0,0.0,0.0,0.0501,0.0128
2014-12-24,中际装备,sz300308,9.82,9.58,9.67,9.79,9.49,32.27,2470477,0.0,0.0,0.0,0.0252,0.0124
2014-12-25,中际装备,sz300308,10.11,9.7,9.79,9.9,9.79,32.632587,2918460,0.0,0.0,0.0,0.0418,0.0112
2014-12-26,中际装备,sz300308,9.9,9.59,9.9,9.71,9.9,32.0063,3292029,0.0,0.0,0.0,0.0313,-0.0191
2014-12-29,中际装备,sz300308,9.73,9.12,9.72,9.26,9.71,30.523003,3838852,0.0,0.0,0.0,0.0628,-0.0473
2014-12-30,中际装备,sz300308,9.26,9.11,9.2,9.22,9.26,30.391142,1979967,0.0,0.0,0.0,0.0161,0.0021
2014-12-31,中际装备,sz300308,9.44,9.1,9.27,9.25,9.22,30.490036,2174108,0.0,0.0,0.0,0.0368,-0.0021
2015-01-01,中际装备,sz300308,9.25,9.25,9.25,9.25,9.25,9.24416,0,0.0,0.0,0.0,0.0,0.0
2015-01-02,中际装备,sz300308,9.25,9.25,9.25,9.25,9.25,9.24416,0,0.0,0.0,0.0,0.0,0.0
2015-01-05,中际装备,sz300308,9.11,8.4,9.07,8.99,9.25,8.98432,34842,0.0,0.0,0.0,0.0767,-0.0088
2015-01-06,中际装备,sz300308,9.41,8.8,8.98,9.37,8.99,9.36408,34043,0.0,0.0,0.0,0.0678,0.0434
2015-01-07,中际装备,sz300308,9.88,9.35,9.49,9.58,9.37,9.57395,52102,0.0,0.0,0.0,0.0565,0.0094
2015-01-08,中际装备,sz300308,9.92,9.36,9.5,9.65,9.58,9.64391,43642,0.0,0.0,0.0,0.0584,0.0157
2015-01-09,中际装备,sz300308,9.86,9.35,9.59,9.45,9.65,9.44403,33620,0.0,0.0,0.0,0.0528,-0.0145
2015-01-12,中际装备,sz300308,9.36,8.88,9.35,8.92,9.45,8.91437,26438,0.0,0.0,0.0,0.0507,-0.0459
2015-01-13,中际装备,sz300308,9.47,8.9,8.96,9.39,8.92,9.38407,31747,0.0,0.0,0.0,0.0639,0.0479
2015-01-14,中际装备,sz300308,9.58,9.13,9.48,9.56,9.39,9.55396,36442,0.0,0.0,0.0,0.0479,0.0084
2015-01-15,中际装备,sz300308,9.85,9.46,9.5,9.61,9.56,9.60393,40035,0.0,0.0,0.0,0.0407,0.0115
2015-01-16,中际装备,sz300308,9.72,9.0,9.51,9.71,9.61,9.70387,34676,0.0,0.0,0.0,0.0749,0.021
2015-01-19,中际装备,sz300308,10.11,9.21,9.4,9.74,9.71,9.73385,72037,0.0,0.0,0.0,0.0926,0.0361
2015-01-20,中际装备,sz300308,10.56,9.7,9.74,10.4,9.74,10.39343,79332,0.0,0.0,0.0,0.0882,0.0677
2015-01-21,中际装备,sz300308,10.5,10.17,10.34,10.45,10.4,10.4434,75545,0.0,0.0,0.0,0.0317,0.0106
2015-01-22,中际装备,sz300308,10.98,10.26,10.32,10.71,10.45,10.70324,70530,0.0,0.0,0.0,0.0688,0.0377
2015-01-23,中际装备,sz300308,10.71,10.71,10.71,10.71,10.71,10.70324,0,0.0,0.0,0.0,0.0,0.0
2015-01-26,中际装备,sz300308,10.9,10.51,10.9,10.69,10.71,10.68325,36976,0.0,0.0,0.0,0.0364,-0.0192
2015-01-27,中际装备,sz300308,10.74,10.08,10.6,10.46,10.69,10.4534,47012,0.0,0.0,0.0,0.0617,-0.0132
2015-01-28,中际装备,sz300308,10.68,10.31,10.4,10.36,10.46,10.35346,37445,0.0,0.0,0.0,0.0353,-0.0038
2015-01-29,中际装备,sz300308,10.59,10.26,10.36,10.34,10.36,10.33347,26549,0.0,0.0,0.0,0.0318,-0.0019
2015-01-30,中际装备,sz300308,10.58,10.15,10.58,10.2,10.34,10.19356,18859,0.0,0.0,0.0,0.0415,-0.0359
2015-02-02,中际装备,sz300308,10.2,9.89,10.01,10.1,10.2,10.09362,18394,0.0,0.0,0.0,0.0303,0.0089
2015-02-03,中际装备,sz300308,10.33,10.06,10.13,10.26,10.1,10.25352,21278,0.0,0.0,0.0,0.0267,0.0128
2015-02-04,中际装备,sz300308,10.56,10.15,10.28,10.34,10.26,10.33347,27730,0.0,0.0,0.0,0.0399,0.0058
2015-02-05,中际装备,sz300308,10.49,10.16,10.3,10.19,10.34,10.18357,28472,0.0,0.0,0.0,0.0319,-0.0106
2015-02-06,中际装备,sz300308,10.21,9.51,10.2,9.56,10.19,9.55396,29225,0.0,0.0,0.0,0.0686,-0.0627
2015-02-09,中际装备,sz300308,9.68,9.18,9.5,9.24,9.56,9.23417,20138,0.0,0.0,0.0,0.0523,-0.0273
2015-02-10,中际装备,sz300308,9.9,9.24,9.24,9.61,9.24,9.60393,19970,0.0,0.0,0.0,0.0714,0.04
2015-02-11,中际装备,sz300308,9.9,9.56,9.69,9.7,9.61,9.69388,12795,0.0,0.0,0.0,0.0353,0.001
2015-02-12,中际装备,sz300308,9.85,9.62,9.7,9.75,9.7,9.74384,16086,0.0,0.0,0.0,0.0237,0.0051
2015-02-13,中际装备,sz300308,10.18,9.83,9.86,10.0,9.75,9.99369,21720,0.0,0.0,0.0,0.0358,0.0141
2015-02-16,中际装备,sz300308,10.9,10.01,10.11,10.72,10.0,10.71323,57311,0.0,0.0,0.0,0.089,0.0603
2015-02-17,中际装备,sz300308,11.13,10.43,10.7,10.7,10.72,10.69324,56182,0.0,0.0,0.0,0.0652,0.0
2015-02-18,中际装备,sz300308,10.7,10.7,10.7,10.7,10.7,10.69324,0,0.0,0.0,0.0,0.0,0.0
2015-02-19,中际装备,sz300308,10.7,10.7,10.7,10.7,10.7,10.69324,0,0.0,0.0,0.0,0.0,0.0
2015-02-20,中际装备,sz300308,10.7,10.7,10.7,10.7,10.7,10.69324,0,0.0,0.0,0.0,0.0,0.0
2015-02-23,中际装备,sz300308,10.7,10.7,10.7,10.7,10.7,10.69324,0,0.0,0.0,0.0,0.0,0.0
2015-02-24,中际装备,sz300308,10.7,10.7,10.7,10.7,10.7,10.69324,0,0.0,0.0,0.0,0.0,0.0
2015-02-25,中际装备,sz300308,10.97,10.53,10.61,10.7,10.7,10.69324,37749,0.0,0.0,0.0,0.0411,0.0084
2015-02-26,中际装备,sz300308,10.75,10.3,10.69,10.68,10.7,10.67326,27486,0.0,0.0,0.0,0.042,-9.0E-4
2015-02-27,中际装备,sz300308,10.95,10.62,10.69,10.8,10.68,10.79318,46971,0.0,0.0,0.0,0.0308,0.0102
2015-03-02,中际装备,sz300308,10.96,10.76,10.78,10.93,10.8,10.9231,67005,0.0,0.0,0.0,0.0185,0.0139
2015-03-03,中际装备,sz300308,11.28,10.78,10.9,10.85,10.93,10.84315,66370,0.0,0.0,0.0,0.0457,-0.0045
2015-03-04,中际装备,sz300308,11.09,10.82,10.87,11.05,10.85,11.04302,54534,0.0,0.0,0.0,0.0248,0.0165
2015-03-05,中际装备,sz300308,11.72,11.12,11.21,11.47,11.05,11.46276,88799,0.0,0.0,0.0,0.0542,0.0231
2015-03-06,中际装备,sz300308,11.63,11.3,11.37,11.54,11.47,11.53271,93742,0.0,0.0,0.0,0.0287,0.0149
2015-03-09,中际装备,sz300308,12.3,11.4,11.58,11.91,11.54,11.90248,129948,0.0,0.0,0.0,0.0779,0.0284
2015-03-10,中际装备,sz300308,12.05,11.77,11.93,11.89,11.91,11.88249,71271,0.0,0.0,0.0,0.0235,-0.0033
2015-03-11,中际装备,sz300308,12.52,11.6,11.88,12.49,11.89,12.48211,118101,0.0,0.0,0.0,0.0773,0.0513
2015-03-12,中际装备,sz300308,12.44,11.89,12.35,12.02,12.49,12.01241,67674,0.0,0.0,0.0,0.044,-0.0267
2015-03-13,中际装备,sz300308,12.18,11.72,12.02,11.99,12.02,11.98243,45291,0.0,0.0,0.0,0.0382,-0.0024
2015-03-16,中际装备,sz300308,12.45,11.72,11.99,12.34,11.99,12.33221,90995,0.0,0.0,0.0,0.0608,0.0291
2015-03-17,中际装备,sz300308,13.04,12.21,12.25,12.76,12.34,12.75194,113124,0.0,0.0,0.0,0.0672,0.0416
2015-03-18,中际装备,sz300308,13.2,12.75,12.79,12.88,12.76,12.87187,70491,0.0,0.0,0.0,0.0352,0.007
2015-03-19,中际装备,sz300308,13.5,12.68,12.88,13.17,12.88,13.16169,92037,0.0,0.0,0.0,0.0636,0.0225
2015-03-20,中际装备,sz300308,13.3,12.86,13.25,13.28,13.17,13.27162,71323,0.0,0.0,0.0,0.0334,0.0022
2015-03-23,中际装备,sz300308,13.28,13.28,13.28,13.28,13.28,13.27162,0,0.0,0.0,0.0,0.0,0.0
2015-03-24,中际装备,sz300308,13.28,13.28,13.28,13.28,13.28,13.27162,0,0.0,0.0,0.0,0.0,0.0
2015-03-25,中际装备,sz300308,13.28,13.28,13.28,13.28,13.28,13.27162,0,0.0,0.0,0.0,0.0,0.0
2015-03-26,中际装备,sz300308,13.28,13.28,13.28,13.28,13.28,13.27162,0,0.0,0.0,0.0,0.0,0.0
2015-03-27,中际装备,sz300308,13.28,13.28,13.28,13.28,13.28,13.27162,0,0.0,0.0,0.0,0.0,0.0
2015-03-30,中际装备,sz300308,13.28,13.28,13.28,13.28,13.28,13.27162,0,0.0,0.0,0.0,0.0,0.0
2015-03-31,中际装备,sz300308,13.28,13.28,13.28,13.28,13.28,13.27162,0,0.0,0.0,0.0,0.0,0.0
2015-04-01,中际装备,sz300308,13.28,13.28,13.28,13.28,13.28,13.27162,0,0.0,0.0,0.0,0.0,0.0
2015-04-02,中际装备,sz300308,13.28,13.28,13.28,13.28,13.28,13.27162,0,0.0,0.0,0.0,0.0,0.0
2015-04-03,中际装备,sz300308,13.28,13.28,13.28,13.28,13.28,13.27162,0,0.0,0.0,0.0,0.0,0.0
2015-04-06,中际装备,sz300308,13.28,13.28,13.28,13.28,13.28,13.27162,0,0.0,0.0,0.0,0.0,0.0
2015-04-07,中际装备,sz300308,13.28,13.28,13.28,13.28,13.28,13.27162,0,0.0,0.0,0.0,0.0,0.0
2015-04-08,中际装备,sz300308,13.28,13.28,13.28,13.28,13.28,13.27162,0,0.0,0.0,0.0,0.0,0.0
2015-04-09,中际装备,sz300308,13.28,13.28,13.28,13.28,13.28,13.27162,0,0.0,0.0,0.0,0.0,0.0
2015-04-10,中际装备,sz300308,13.28,13.28,13.28,13.28,13.28,13.27162,0,0.0,0.0,0.0,0.0,0.0
2015-04-13,中际装备,sz300308,13.28,13.28,13.28,13.28,13.28,13.27162,0,0.0,0.0,0.0,0.0,0.0
2015-04-14,中际装备,sz300308,13.28,13.28,13.28,13.28,13.28,13.27162,0,0.0,0.0,0.0,0.0,0.0
2015-04-15,中际装备,sz300308,13.28,13.28,13.28,13.28,13.28,13.27162,0,0.0,0.0,0.0,0.0,0.0
2015-04-16,中际装备,sz300308,13.28,13.28,13.28,13.28,13.28,13.27162,0,0.0,0.0,0.0,0.0,0.0
2015-04-17,中际装备,sz300308,13.28,13.28,13.28,13.28,13.28,13.27162,0,0.0,0.0,0.0,0.0,0.0
2015-04-20,中际装备,sz300308,14.61,13.0,13.79,13.62,13.28,13.6114,216997,0.0,0.0,0.0,0.1212,-0.0123
2015-04-21,中际装备,sz300308,13.9,12.76,13.45,13.73,13.62,13.72133,117137,0.0,0.0,0.0,0.0837,0.0208
2015-04-22,中际装备,sz300308,14.15,13.57,13.57,14.11,13.73,14.10109,122553,0.0,0.0,0.0,0.0422,0.0397
2015-04-23,中际装备,sz300308,15.52,13.89,14.05,14.93,14.11,14.92057,128393,0.0,0.0,0.0,0.1155,0.0626
2015-04-24,中际装备,sz300308,15.2,14.3,14.7,14.86,14.93,14.85062,103927,0.0,0.0,0.0,0.0602,0.0108
2015-04-27,中际装备,sz300308,16.35,14.81,14.86,15.84,14.86,15.83,122004,0.0,0.0,0.0,0.1036,0.0659
2015-04-28,中际装备,sz300308,17.28,15.5,15.88,16.18,15.84,16.16979,133463,0.0,0.0,0.0,0.1123,0.0188
2015-04-29,中际装备,sz300308,17.8,15.98,15.98,17.8,16.18,17.78876,80426,0.0,0.0,0.0,0.1124,0.1138
2015-04-30,中际装备,sz300308,19.54,17.9,19.18,18.42,17.8,18.40837,158619,0.0,0.0,0.0,0.0921,-0.0396
2015-05-01,中际装备,sz300308,18.42,18.42,18.42,18.42,18.42,18.40837,0,0.0,0.0,0.0,0.0,0.0
2015-05-04,中际装备,sz300308,19.19,17.3,18.44,17.77,18.42,17.75878,78336,0.0,0.0,0.0,0.1026,-0.0363
2015-05-05,中际装备,sz300308,17.88,16.46,17.51,16.75,17.77,16.73943,90298,0.0,0.0,0.0,0.0799,-0.0434
2015-05-06,中际装备,sz300308,17.3,15.95,16.74,16.09,16.75,16.07984,63120,0.0,0.0,0.0,0.0805,-0.0388
2015-05-07,中际装备,sz300308,16.3,15.04,16.1,15.8,16.09,15.79003,59523,0.0,0.0,0.0,0.0783,-0.0186
2015-05-08,中际装备,sz300308,17.09,15.73,15.92,17.08,15.8,17.06922,73550,0.0,0.0,0.0,0.086,0.0728
2015-05-11,中际装备,sz300308,18.48,17.08,17.15,17.81,17.08,17.79876,85322,0.0,0.0,0.0,0.0819,0.0384
2015-05-12,中际装备,sz300308,18.34,17.4,17.85,17.7,17.81,17.68883,71125,0.0,0.0,0.0,0.0527,-0.0084
2015-05-13,中际装备,sz300308,17.76,16.97,17.4,17.22,17.7,17.20913,69166,0.0,0.0,0.0,0.0446,-0.0103
2015-05-14,中际装备,sz300308,17.6,16.75,17.22,16.75,17.22,16.73943,57732,0.0,0.0,0.0,0.0493,-0.0272
2015-05-15,中际装备,sz300308,17.85,16.36,16.58,17.49,16.75,17.47896,62438,0.0,0.0,0.0,0.0889,0.0548
2015-05-18,中际装备,sz300308,19.24,17.46,17.46,19.24,17.49,19.22785,108905,0.0,0.0,0.0,0.1017,0.1019
2015-05-19,中际装备,sz300308,20.99,18.8,20.2,19.6,19.24,19.58763,123352,0.0,0.0,0.0,0.1138,-0.0297
2015-05-20,中际装备,sz300308,21.36,19.67,19.94,20.66,19.6,20.64696,80023,0.0,0.0,0.0,0.0862,0.0361
2015-05-21,中际装备,sz300308,22.49,20.06,20.65,22.25,20.66,22.23595,76308,0.0,0.0,0.0,0.1176,0.0774
2015-05-22,中际装备,sz300308,24.36,20.96,22.52,24.15,22.25,24.13475,118836,0.0,0.0,0.0,0.1528,0.0723
2015-05-25,中际装备,sz300308,25.58,22.26,23.5,24.4,24.15,24.3846,82853,0.0,0.0,0.0,0.1374,0.0382
2015-05-26,中际装备,sz300308,24.99,23.75,24.46,24.25,24.4,24.23469,67362,0.0,0.0,0.0,0.0508,-0.0085
2015-05-27,中际装备,sz300308,24.28,22.95,24.26,23.4,24.25,23.38523,70401,0.0,0.0,0.0,0.0548,-0.0354
2015-05-28,中际装备,sz300308,23.85,21.06,23.54,21.06,23.4,21.0467,74211,0.0,0.0,0.0,0.1192,-0.1053
2015-05-29,中际装备,sz300308,22.28,19.4,21.18,22.0,21.06,21.98611,81114,0.0,0.0,0.0,0.1367,0.0387
2015-06-01,中际装备,sz300308,23.88,22.15,22.88,23.35,22.0,23.33526,72316,0.0,0.0,0.0,0.0786,0.0205
2015-06-02,中际装备,sz300308,25.69,23.38,23.38,25.69,23.35,25.67378,79864,0.0,0.0,0.0,0.0989,0.0988
2015-06-03,中际装备,sz300308,27.15,24.58,26.5,25.21,25.69,25.19408,76549,0.0,0.0,0.0,0.1,-0.0486
2015-06-04,中际装备,sz300308,27.73,24.61,25.6,27.73,25.21,27.71249,108649,0.0,0.0,0.0,0.1237,0.0832
2015-06-05,中际装备,sz300308,30.5,28.27,28.27,30.0,27.73,29.98106,109804,0.0,0.0,0.0,0.0804,0.0611
2015-06-08,中际装备,sz300308,29.29,27.08,29.15,27.39,30.0,27.37271,81875,0.0,0.0,0.0,0.0736,-0.0603
2015-06-09,中际装备,sz300308,29.48,25.78,27.0,29.0,27.39,28.98169,60642,0.0,0.0,0.0,0.135,0.074
2015-06-10,中际装备,sz300308,30.99,28.0,28.6,29.8,29.0,29.78119,60271,0.0,0.0,0.0,0.1031,0.0419
2015-06-11,中际装备,sz300308,30.48,28.76,28.9,29.21,29.8,29.19156,44679,0.0,0.0,0.0,0.0577,0.0107
2015-06-12,中际装备,sz300308,29.7,28.4,29.12,29.1,29.21,29.08163,43879,0.0,0.0,0.0,0.0445,-6.0E-4
2015-06-15,中际装备,sz300308,31.25,28.55,29.1,29.42,29.1,29.40143,69749,0.0,0.0,0.0,0.0927,0.0109
2015-06-16,中际装备,sz300308,30.89,28.42,29.0,30.14,29.42,30.12097,64625,0.0,0.0,0.0,0.0839,0.0393
2015-06-17,中际装备,sz300308,32.99,29.5,29.75,32.46,30.14,32.43951,80946,0.0,0.0,0.0,0.1157,0.091
2015-06-18,中际装备,sz300308,32.58,29.21,31.6,29.88,32.46,29.86113,60497,0.0,0.0,0.0,0.1038,-0.0544
2015-06-19,中际装备,sz300308,28.8,26.89,28.51,26.89,29.88,26.87302,41732,0.0,0.0,0.0,0.0639,-0.0568
2015-06-22,中际装备,sz300308,26.89,26.89,26.89,26.89,26.89,26.87302,0,0.0,0.0,0.0,0.0,0.0
2015-06-23,中际装备,sz300308,27.31,24.2,26.01,26.41,26.89,26.39333,51695,0.0,0.0,0.0,0.1156,0.0153
2015-06-24,中际装备,sz300308,29.05,26.5,27.0,28.88,26.41,28.86177,87433,0.0,0.0,0.0,0.0965,0.0696
2015-06-25,中际装备,sz300308,28.8,25.99,28.05,26.05,28.88,26.03355,53421,0.0,0.0,0.0,0.0972,-0.0713
2015-06-26,中际装备,sz300308,26.05,23.45,25.6,23.45,26.05,23.4352,33260,0.0,0.0,0.0,0.0998,-0.0839
2015-06-29,中际装备,sz300308,24.9,21.11,24.9,21.11,23.45,21.09667,42693,0.0,0.0,0.0,0.1616,-0.1522
2015-06-30,中际装备,sz300308,22.82,19.0,19.0,21.77,21.11,21.75626,62771,0.0,0.0,0.0,0.1809,0.1457
2015-07-01,中际装备,sz300308,22.95,19.59,21.8,19.59,21.77,19.57763,48083,0.0,0.0,0.0,0.1543,-0.1013
2015-07-02,中际装备,sz300308,20.45,17.63,19.82,17.63,19.59,17.61887,80281,0.0,0.0,0.0,0.1439,-0.1104
2015-07-03,中际装备,sz300308,17.5,15.87,16.01,15.87,17.63,15.85998,65673,0.0,0.0,0.0,0.0924,-0.0087
2015-07-06,中际装备,sz300308,17.39,14.28,17.39,14.28,15.87,14.27098,56672,0.0,0.0,0.0,0.1959,-0.1788
2015-07-07,中际装备,sz300308,12.86,12.85,12.86,12.85,14.28,12.84189,6040,0.0,0.0,0.0,7.0E-4,-7.0E-4
2015-07-08,中际装备,sz300308,12.15,11.57,11.57,11.9,12.85,11.89249,210519,0.0,0.0,0.0,0.0451,0.0285
2015-07-09,中际装备,sz300308,13.09,11.2,11.2,13.09,11.9,13.08174,45998,0.0,0.0,0.0,0.1588,0.1687
2015-07-10,中际装备,sz300308,14.4,14.0,14.0,14.4,13.09,14.39091,9961,0.0,0.0,0.0,0.0305,0.0285
2015-07-13,中际装备,sz300308,15.84,15.65,15.84,15.84,14.4,15.83,37113,0.0,0.0,0.0,0.0131,0.0
2015-07-14,中际装备,sz300308,17.41,16.0,16.61,17.41,15.84,17.41,162509,0.0,0.0,0.0,0.089,0.0481
2015-07-15,中际装备,sz300308,16.9,15.67,16.86,15.67,17.41,15.67,61914,0.0,0.0,0.0,0.0706,-0.0705
2015-07-16,中际装备,sz300308,16.5,14.1,14.15,15.2,15.67,15.2,66021,0.0,0.0,0.0,0.1531,0.0742
2015-07-17,中际装备,sz300308,16.67,15.03,15.5,16.28,15.2,16.28,55637,0.0,0.0,0.0,0.1078,0.0503
2015-07-20,中际装备,sz300308,17.17,15.0,16.3,16.18,16.28,16.18,59013,0.0,0.0,0.0,0.1332,-0.0073
2015-07-21,中际装备,sz300308,17.1,15.5,16.0,16.91,16.18,16.91,58461,0.0,0.0,0.0,0.0988,0.0568
2015-07-22,中际装备,sz300308,18.6,16.39,16.61,18.6,16.91,18.6,123308,0.0,0.0,0.0,0.1306,0.1198
2015-07-23,中际装备,sz300308,19.6,18.04,18.04,18.82,18.6,18.82,110064,0.0,0.0,0.0,0.0838,0.0432
2015-07-24,中际装备,sz300308,18.95,17.28,18.6,17.6,18.82,17.6,79662,0.0,0.0,0.0,0.0887,-0.0537
2015-07-27,中际装备,sz300308,19.36,17.01,17.2,17.88,17.6,17.88,169898,0.0,0.0,0.0,0.1335,0.0395
2015-07-28,中际装备,sz300308,17.88,16.09,16.61,16.09,17.88,16.09,122642,0.0,0.0,0.0,0.1001,-0.0313
2015-07-29,中际装备,sz300308,17.4,14.48,16.59,17.07,16.09,17.07,107168,0.0,0.0,0.0,0.1814,0.0289
2015-07-30,中际装备,sz300308,17.0,15.59,16.66,15.6,17.07,15.6,68986,0.0,0.0,0.0,0.0826,-0.0636
2015-07-31,中际装备,sz300308,15.79,14.3,15.0,14.64,15.6,14.64,49798,0.0,0.0,0.0,0.0955,-0.0239
2015-08-03,中际装备,sz300308,14.51,13.18,14.3,13.38,14.64,13.38,56999,0.0,0.0,0.0,0.0908,-0.0643
2015-08-04,中际装备,sz300308,14.72,13.43,13.43,14.69,13.38,14.69,49805,0.0,0.0,0.0,0.0964,0.0938
2015-08-05,中际装备,sz300308,15.49,14.43,15.0,14.64,14.69,14.64,67782,0.0,0.0,0.0,0.0721,-0.0239
2015-08-06,中际装备,sz300308,14.64,13.74,14.64,14.12,14.64,14.12,49109,0.0,0.0,0.0,0.0614,-0.0355
2015-08-07,中际装备,sz300308,15.52,14.31,14.35,14.98,14.12,14.98,49336,0.0,0.0,0.0,0.0856,0.0439
2015-08-10,中际装备,sz300308,16.48,15.08,15.16,16.48,14.98,16.48,61673,0.0,0.0,0.0,0.0934,0.087
2015-08-11,中际装备,sz300308,17.3,16.25,16.48,16.7,16.48,16.7,70630,0.0,0.0,0.0,0.0637,0.0133
2015-08-12,中际装备,sz300308,17.0,16.17,16.38,16.53,16.7,16.53,57964,0.0,0.0,0.0,0.0497,0.0091
2015-08-13,中际装备,sz300308,17.07,16.2,16.39,17.07,16.53,17.07,58669,0.0,0.0,0.0,0.0526,0.0414
2015-08-14,中际装备,sz300308,17.8,16.61,17.1,16.86,17.07,16.86,60233,0.0,0.0,0.0,0.0697,-0.014
2015-08-17,中际装备,sz300308,17.0,16.4,16.86,17.0,16.86,17.0,43352,0.0,0.0,0.0,0.0355,0.0083
2015-08-18,中际装备,sz300308,17.77,15.3,17.05,15.61,17.0,15.61,74564,0.0,0.0,0.0,0.1452,-0.0844
2015-08-19,中际装备,sz300308,16.35,14.08,15.0,15.9,15.61,15.9,64200,0.0,0.0,0.0,0.1454,0.06
2015-08-20,中际装备,sz300308,15.94,14.98,15.48,14.98,15.9,14.98,38641,0.0,0.0,0.0,0.0603,-0.0322
2015-08-21,中际装备,sz300308,15.0,13.52,14.5,13.52,14.98,13.52,36863,0.0,0.0,0.0,0.0987,-0.0675
2015-08-24,中际装备,sz300308,13.0,12.17,13.0,12.17,13.52,12.17,26646,0.0,0.0,0.0,0.0613,-0.0638
2015-08-25,中际装备,sz300308,10.95,10.95,10.95,10.95,12.17,10.95,20486,0.0,0.0,0.0,0.0,0.0
2015-08-26,中际装备,sz300308,11.46,9.86,10.2,9.86,10.95,9.86,51440,0.0,0.0,0.0,0.1461,-0.0333
2015-08-27,中际装备,sz300308,10.5,9.49,10.38,10.25,9.86,10.25,45970,0.0,0.0,0.0,0.1024,-0.0125
2015-08-28,中际装备,sz300308,11.28,10.32,10.4,11.28,10.25,11.28,45326,0.0,0.0,0.0,0.0936,0.0846
2015-08-31,中际装备,sz300308,11.38,10.62,11.38,10.66,11.28,10.66,39434,0.0,0.0,0.0,0.0673,-0.0632
2015-09-01,中际装备,sz300308,10.66,9.59,10.66,9.59,10.66,9.59,35025,0.0,0.0,0.0,0.1003,-0.1003
2015-09-02,中际装备,sz300308,10.25,8.78,9.1,9.2,9.59,9.2,29388,0.0,0.0,0.0,0.1532,0.0109
2015-09-03,中际装备,sz300308,9.2,9.2,9.2,9.2,9.2,9.2,0,0.0,0.0,0.0,0.0,0.0
2015-09-04,中际装备,sz300308,9.2,9.2,9.2,9.2,9.2,9.2,0,0.0,0.0,0.0,0.0,0.0
2015-09-07,中际装备,sz300308,9.9,9.36,9.46,9.54,9.2,9.54,35237,0.0,0.0,0.0,0.0586,0.0084
2015-09-08,中际装备,sz300308,10.45,9.21,9.55,10.4,9.54,10.4,31659,0.0,0.0,0.0,0.1299,0.089
2015-09-09,中际装备,sz300308,11.17,10.43,10.44,11.09,10.4,11.09,52054,0.0,0.0,0.0,0.0711,0.0622
2015-09-10,中际装备,sz300308,11.15,10.81,10.88,10.93,11.09,10.93,35309,0.0,0.0,0.0,0.0306,0.0045
2015-09-11,中际装备,sz300308,11.37,10.85,11.0,11.06,10.93,11.06,26647,0.0,0.0,0.0,0.0475,0.0054
2015-09-14,中际装备,sz300308,11.19,9.95,11.19,9.95,11.06,9.95,33515,0.0,0.0,0.0,0.1121,-0.1108
2015-09-15,中际装备,sz300308,9.8,9.15,9.69,9.19,9.95,9.19,21491,0.0,0.0,0.0,0.0653,-0.0515
2015-09-16,中际装备,sz300308,10.11,9.21,9.35,10.11,9.19,10.11,22473,0.0,0.0,0.0,0.0979,0.0812
2015-09-17,中际装备,sz300308,10.89,10.0,10.28,10.51,10.11,10.51,43201,0.0,0.0,0.0,0.088,0.0223
2015-09-18,中际装备,sz300308,10.84,10.11,10.64,10.71,10.51,10.71,42534,0.0,0.0,0.0,0.0694,0.0065
2015-09-21,中际装备,sz300308,11.78,10.5,10.66,11.78,10.71,11.78,53277,0.0,0.0,0.0,0.1195,0.105
2015-09-22,中际装备,sz300308,11.98,11.52,11.71,11.66,11.78,11.66,42027,0.0,0.0,0.0,0.039,-0.0042
2015-09-23,中际装备,sz300308,11.82,11.21,11.3,11.4,11.66,11.4,37043,0.0,0.0,0.0,0.0523,0.0088
2015-09-24,中际装备,sz300308,11.72,11.33,11.48,11.55,11.4,11.55,36107,0.0,0.0,0.0,0.0342,0.006
2015-09-25,中际装备,sz300308,11.65,10.51,11.4,10.69,11.55,10.69,30324,0.0,0.0,0.0,0.0987,-0.0622
2015-09-28,中际装备,sz300308,10.69,10.69,10.69,10.69,10.69,10.69,0,0.0,0.0,0.0,0.0,0.0
2015-09-29,中际装备,sz300308,11.39,10.86,11.15,11.1,10.69,11.1,19229,0.0,0.0,0.0,0.0495,-0.0044
2015-09-30,中际装备,sz300308,11.35,10.74,11.19,11.18,11.1,11.18,20279,0.0,0.0,0.0,0.0549,-8.0E-4
2015-10-01,中际装备,sz300308,11.18,11.18,11.18,11.18,11.18,11.18,0,0.0,0.0,0.0,0.0,0.0
2015-10-02,中际装备,sz300308,11.18,11.18,11.18,11.18,11.18,11.18,0,0.0,0.0,0.0,0.0,0.0
2015-10-05,中际装备,sz300308,11.18,11.18,11.18,11.18,11.18,11.18,0,0.0,0.0,0.0,0.0,0.0
2015-10-06,中际装备,sz300308,11.18,11.18,11.18,11.18,11.18,11.18,0,0.0,0.0,0.0,0.0,0.0
2015-10-07,中际装备,sz300308,11.18,11.18,11.18,11.18,11.18,11.18,0,0.0,0.0,0.0,0.0,0.0
2015-10-08,中际装备,sz300308,12.3,11.45,11.65,12.3,11.18,12.3,31611,0.0,0.0,0.0,0.076,0.0557
2015-10-09,中际装备,sz300308,13.29,12.18,12.33,12.75,12.3,12.75,67056,0.0,0.0,0.0,0.0902,0.034
2015-10-12,中际装备,sz300308,13.58,12.62,12.88,13.31,12.75,13.31,58408,0.0,0.0,0.0,0.0752,0.0333
2015-10-13,中际装备,sz300308,14.3,13.1,13.35,13.9,13.31,13.9,54509,0.0,0.0,0.0,0.0901,0.0411
2015-10-14,中际装备,sz300308,13.96,13.31,13.62,13.38,13.9,13.38,41488,0.0,0.0,0.0,0.0467,-0.0176
2015-10-15,中际装备,sz300308,13.85,12.98,13.2,13.7,13.38,13.7,44156,0.0,0.0,0.0,0.065,0.0378
2015-10-16,中际装备,sz300308,15.06,13.72,13.74,14.52,13.7,14.52,55680,0.0,0.0,0.0,0.0978,0.0567
2015-10-19,中际装备,sz300308,15.06,14.13,14.52,14.31,14.52,14.31,44177,0.0,0.0,0.0,0.064,-0.0144
2015-10-20,中际装备,sz300308,15.46,14.15,14.21,15.24,14.31,15.24,49069,0.0,0.0,0.0,0.0915,0.0724
2015-10-21,中际装备,sz300308,15.5,13.72,15.24,13.73,15.24,13.73,59584,0.0,0.0,0.0,0.1167,-0.099
2015-10-22,中际装备,sz300308,14.74,13.59,13.65,14.7,13.73,14.7,44446,0.0,0.0,0.0,0.0837,0.0769
2015-10-23,中际装备,sz300308,15.36,14.32,14.5,15.26,14.7,15.26,64217,0.0,0.0,0.0,0.0707,0.0524
2015-10-26,中际装备,sz300308,16.11,15.0,15.4,16.11,15.26,16.11,70219,0.0,0.0,0.0,0.0727,0.0461
2015-10-27,中际装备,sz300308,16.08,15.03,15.69,15.83,16.11,15.83,47219,0.0,0.0,0.0,0.0651,0.0089
2015-10-28,中际装备,sz300308,16.55,15.26,15.85,16.02,15.83,16.02,69415,0.0,0.0,0.0,0.0814,0.0107
2015-10-29,中际装备,sz300308,16.25,15.52,16.18,16.01,16.02,16.01,37615,0.0,0.0,0.0,0.0455,-0.0105
2015-10-30,中际装备,sz300308,16.12,15.32,15.86,15.64,16.01,15.64,28552,0.0,0.0,0.0,0.0499,-0.0138
2015-11-02,中际装备,sz300308,15.98,15.32,15.32,15.38,15.64,15.38,32353,0.0,0.0,0.0,0.0421,0.0039
2015-11-03,中际装备,sz300308,15.65,14.9,15.55,14.98,15.38,14.98,18918,0.0,0.0,0.0,0.0487,-0.0366
2015-11-04,中际装备,sz300308,15.94,14.98,15.24,15.83,14.98,15.83,32735,0.0,0.0,0.0,0.064,0.0387
2015-11-05,中际装备,sz300308,16.42,15.5,16.02,16.08,15.83,16.08,52416,0.0,0.0,0.0,0.0581,0.0037
2015-11-06,中际装备,sz300308,16.6,16.0,16.0,16.52,16.08,16.52,44933,0.0,0.0,0.0,0.0373,0.0324
2015-11-09,中际装备,sz300308,16.52,16.01,16.52,16.4,16.52,16.4,37918,0.0,0.0,0.0,0.0308,-0.0072
2015-11-10,中际装备,sz300308,16.6,15.9,16.6,15.9,16.4,15.9,47413,0.0,0.0,0.0,0.0426,-0.0421
2015-11-11,中际装备,sz300308,16.59,15.51,16.02,16.58,15.9,16.58,67675,0.0,0.0,0.0,0.0679,0.0349
2015-11-12,中际装备,sz300308,16.51,15.84,16.5,16.31,16.58,16.31,56843,0.0,0.0,0.0,0.0404,-0.0115
2015-11-13,中际装备,sz300308,16.97,15.76,16.15,16.48,16.31,16.48,79544,0.0,0.0,0.0,0.0741,0.0204
2015-11-16,中际装备,sz300308,18.1,15.78,15.96,18.0,16.48,18.0,90781,0.0,0.0,0.0,0.1407,0.1278
2015-11-17,中际装备,sz300308,18.45,16.85,18.45,17.06,18.0,17.06,92835,0.0,0.0,0.0,0.0888,-0.0753
2015-11-18,中际装备,sz300308,17.34,16.16,17.24,16.26,17.06,16.26,43394,0.0,0.0,0.0,0.0691,-0.0568
2015-11-19,中际装备,sz300308,17.3,16.12,16.29,17.26,16.26,17.26,48785,0.0,0.0,0.0,0.0725,0.0595
2015-11-20,中际装备,sz300308,17.41,16.8,17.15,17.15,17.26,17.15,48517,0.0,0.0,0.0,0.0353,0.0
2015-11-23,中际装备,sz300308,17.58,16.91,17.19,17.03,17.15,17.03,54816,0.0,0.0,0.0,0.039,-0.0093
2015-11-24,中际装备,sz300308,17.47,16.88,17.0,17.44,17.03,17.44,33715,0.0,0.0,0.0,0.0346,0.0258
2015-11-25,中际装备,sz300308,18.98,17.3,17.63,18.8,17.44,18.8,72201,0.0,0.0,0.0,0.0963,0.0663
2015-11-26,中际装备,sz300308,18.78,18.11,18.78,18.5,18.8,18.5,43160,0.0,0.0,0.0,0.0356,-0.0149
2015-11-27,中际装备,sz300308,18.52,16.65,18.39,16.65,18.5,16.65,53708,0.0,0.0,0.0,0.101,-0.0946
2015-11-30,中际装备,sz300308,17.15,15.03,16.7,16.45,16.65,16.45,47578,0.0,0.0,0.0,0.1273,-0.0149
2015-12-01,中际装备,sz300308,17.14,15.72,16.33,16.45,16.45,16.45,48021,0.0,0.0,0.0,0.0863,0.0073
2015-12-02,中际装备,sz300308,16.66,15.38,16.38,15.92,16.45,15.92,27757,0.0,0.0,0.0,0.0778,-0.028
2015-12-03,中际装备,sz300308,16.54,15.87,16.08,16.44,15.92,16.44,31580,0.0,0.0,0.0,0.042,0.0223
2015-12-04,中际装备,sz300308,16.97,16.16,16.5,16.49,16.44,16.49,38872,0.0,0.0,0.0,0.0492,-6.0E-4
2015-12-07,中际装备,sz300308,17.88,16.65,16.66,17.66,16.49,17.66,60560,0.0,0.0,0.0,0.0745,0.06
2015-12-08,中际装备,sz300308,19.29,17.42,17.45,18.47,17.66,18.47,104986,0.0,0.0,0.0,0.1058,0.0584
2015-12-09,中际装备,sz300308,18.88,18.11,18.6,18.39,18.47,18.39,45673,0.0,0.0,0.0,0.0416,-0.0112
2015-12-10,中际装备,sz300308,18.89,17.9,18.33,18.2,18.39,18.2,37436,0.0,0.0,0.0,0.0538,-0.007
2015-12-11,中际装备,sz300308,18.2,17.28,18.0,17.8,18.2,17.8,31269,0.0,0.0,0.0,0.0505,-0.0111
2015-12-14,中际装备,sz300308,19.58,17.68,17.82,19.58,17.8,19.58,65621,0.0,0.0,0.0,0.1067,0.0987
2015-12-15,中际装备,sz300308,21.5,19.77,19.8,20.51,19.58,20.51,83613,0.0,0.0,0.0,0.0883,0.0358
2015-12-16,中际装备,sz300308,21.81,20.23,20.81,20.26,20.51,20.26,76618,0.0,0.0,0.0,0.077,-0.0264
2015-12-17,中际装备,sz300308,21.38,19.8,20.5,21.3,20.26,21.3,59508,0.0,0.0,0.0,0.0779,0.039
2015-12-18,中际装备,sz300308,22.92,20.62,21.0,21.88,21.3,21.88,86929,0.0,0.0,0.0,0.1079,0.0419
2015-12-21,中际装备,sz300308,22.6,21.0,21.91,22.34,21.88,22.34,69342,0.0,0.0,0.0,0.0731,0.0196
2015-12-22,中际装备,sz300308,22.49,21.53,22.03,21.75,22.34,21.75,32233,0.0,0.0,0.0,0.0429,-0.0127
2015-12-23,中际装备,sz300308,21.98,20.81,21.66,21.25,21.75,21.25,30779,0.0,0.0,0.0,0.0537,-0.0189
2015-12-24,中际装备,sz300308,22.27,21.1,21.17,22.0,21.25,22.0,45042,0.0,0.0,0.0,0.055,0.0392
2015-12-25,中际装备,sz300308,22.75,21.5,22.12,22.0,22.0,22.0,38797,0.0,0.0,0.0,0.0568,-0.0054
2015-12-28,中际装备,sz300308,22.99,21.67,21.95,22.5,22.0,22.5,48412,0.0,0.0,0.0,0.0599,0.025
2015-12-29,中际装备,sz300308,24.15,22.4,22.6,23.66,22.5,23.66,42501,0.0,0.0,0.0,0.0777,0.0469
2015-12-30,中际装备,sz300308,24.08,23.2,23.6,23.7,23.66,23.7,33311,0.0,0.0,0.0,0.0371,0.0042
2015-12-31,中际装备,sz300308,23.8,22.51,23.65,22.66,23.7,22.66,30169,0.0,0.0,0.0,0.0544,-0.0418
2016-01-01,中际装备,sz300308,23.8,22.51,23.65,22.66,22.66,22.66,30169,0.0,0.0,0.0,0.0569,-0.0418
2016-01-04,中际装备,sz300308,22.72,20.39,22.65,20.39,22.66,20.39,37215,0.0,0.0,0.0,0.1028,-0.0997
2016-01-05,中际装备,sz300308,20.39,18.35,18.37,18.91,20.39,18.91,47547,0.0,0.0,0.0,0.1,0.0293
2016-01-06,中际装备,sz300308,19.8,19.0,19.8,19.25,18.91,19.25,36819,0.0,0.0,0.0,0.0423,-0.0277
2016-01-07,中际装备,sz300308,19.23,17.33,19.2,17.33,19.25,17.33,7890,0.0,0.0,0.0,0.0987,-0.0973
2016-01-08,中际装备,sz300308,18.18,15.8,17.33,16.5,17.33,16.5,43690,0.0,0.0,0.0,0.1373,-0.0478
2016-01-11,中际装备,sz300308,16.87,14.85,16.6,14.85,16.5,14.85,33192,0.0,0.0,0.0,0.1224,-0.1054
2016-01-12,中际装备,sz300308,15.49,14.04,14.65,14.5,14.85,14.5,32650,0.0,0.0,0.0,0.0976,-0.0102
2016-01-13,中际装备,sz300308,14.87,13.2,14.51,13.22,14.5,13.22,29147,0.0,0.0,0.0,0.1151,-0.0889
2016-01-14,中际装备,sz300308,14.25,12.0,12.7,14.1,13.22,14.1,71504,0.0,0.0,0.0,0.1701,0.1102
2016-01-15,中际装备,sz300308,14.05,12.7,13.8,12.78,14.1,12.78,50425,0.0,0.0,0.0,0.0957,-0.0739
2016-01-18,中际装备,sz300308,13.93,12.43,12.75,13.55,12.78,13.55,49840,0.0,0.0,0.0,0.1173,0.0627
2016-01-19,中际装备,sz300308,14.91,13.31,13.57,14.91,13.55,14.91,50961,0.0,0.0,0.0,0.118,0.0987
2016-01-20,中际装备,sz300308,15.6,14.7,14.7,15.25,14.91,15.25,67523,0.0,0.0,0.0,0.0603,0.0374
2016-01-21,中际装备,sz300308,15.34,14.04,14.52,14.04,15.25,14.04,41871,0.0,0.0,0.0,0.0852,-0.033
2016-01-22,中际装备,sz300308,14.7,13.67,14.5,14.55,14.04,14.55,33321,0.0,0.0,0.0,0.0733,0.0034
2016-01-25,中际装备,sz300308,15.28,14.6,14.85,14.84,14.55,14.84,38444,0.0,0.0,0.0,0.0467,-6.0E-4
2016-01-26,中际装备,sz300308,14.8,13.36,14.5,13.38,14.84,13.38,34308,0.0,0.0,0.0,0.097,-0.0772
2016-01-27,中际装备,sz300308,13.66,12.28,13.38,13.55,13.38,13.55,29445,0.0,0.0,0.0,0.1031,0.0127
2016-01-28,中际装备,sz300308,13.54,12.29,13.18,12.56,13.55,12.56,21024,0.0,0.0,0.0,0.0922,-0.047
2016-01-29,中际装备,sz300308,13.82,12.6,12.6,13.82,12.56,13.82,29850,0.0,0.0,0.0,0.0971,0.0968
2016-02-01,中际装备,sz300308,14.58,13.2,14.01,14.38,13.82,14.38,44926,0.0,0.0,0.0,0.0998,0.0264
2016-02-02,中际装备,sz300308,15.72,14.19,14.38,15.55,14.38,15.55,45981,0.0,0.0,0.0,0.1063,0.0813
2016-02-03,中际装备,sz300308,15.78,14.7,15.21,15.6,15.55,15.6,32954,0.0,0.0,0.0,0.0694,0.0256
2016-02-04,中际装备,sz300308,16.27,15.25,15.59,15.29,15.6,15.29,44632,0.0,0.0,0.0,0.0653,-0.0192
2016-02-05,中际装备,sz300308,15.75,14.9,15.4,15.01,15.29,15.01,30923,0.0,0.0,0.0,0.0555,-0.0253
2016-02-08,中际装备,sz300308,15.75,14.9,15.4,15.01,15.01,15.01,30923,0.0,0.0,0.0,0.0566,-0.0253
2016-02-09,中际装备,sz300308,15.75,14.9,15.4,15.01,15.01,15.01,30923,0.0,0.0,0.0,0.0566,-0.0253
2016-02-10,中际装备,sz300308,15.75,14.9,15.4,15.01,15.01,15.01,30923,0.0,0.0,0.0,0.0566,-0.0253
2016-02-11,中际装备,sz300308,15.75,14.9,15.4,15.01,15.01,15.01,30923,0.0,0.0,0.0,0.0566,-0.0253
2016-02-12,中际装备,sz300308,15.75,14.9,15.4,15.01,15.01,15.01,30923,0.0,0.0,0.0,0.0566,-0.0253
2016-02-15,中际装备,sz300308,15.23,14.28,14.49,14.93,15.01,14.93,27399,0.0,0.0,0.0,0.0632,0.0303
2016-02-16,中际装备,sz300308,15.73,15.0,15.0,15.7,14.93,15.7,37156,0.0,0.0,0.0,0.0488,0.0466
2016-02-17,中际装备,sz300308,15.76,15.11,15.65,15.55,15.7,15.55,46297,0.0,0.0,0.0,0.0414,-0.0063
2016-02-18,中际装备,sz300308,15.83,15.32,15.62,15.71,15.55,15.71,50378,0.0,0.0,0.0,0.0327,0.0057
2016-02-19,中际装备,sz300308,16.1,15.39,15.71,15.91,15.71,15.91,44047,0.0,0.0,0.0,0.0451,0.0127
2016-02-22,中际装备,sz300308,16.75,15.72,16.2,16.42,15.91,16.42,80930,0.0,0.0,0.0,0.0647,0.0135
2016-02-23,中际装备,sz300308,16.4,15.72,16.4,16.06,16.42,16.06,42567,0.0,0.0,0.0,0.0414,-0.0207
2016-02-24,中际装备,sz300308,16.25,15.62,16.02,16.06,16.06,16.06,30107,0.0,0.0,0.0,0.0392,0.0024
2016-02-25,中际装备,sz300308,16.02,14.45,15.95,14.89,16.06,14.89,54928,0.0,0.0,0.0,0.0977,-0.0664
2016-02-26,中际装备,sz300308,15.06,13.65,14.92,14.43,14.89,14.43,41935,0.0,0.0,0.0,0.0946,-0.0328
2016-02-29,中际装备,sz300308,14.39,12.99,14.39,12.99,14.43,12.99,33368,0.0,0.0,0.0,0.097,-0.0972
2016-03-01,中际装备,sz300308,13.27,12.11,12.88,12.98,12.99,12.98,34043,0.0,0.0,0.0,0.0892,0.0077
2016-03-02,中际装备,sz300308,13.7,12.8,12.9,13.52,12.98,13.52,38114,0.0,0.0,0.0,0.0693,0.048
2016-03-03,中际装备,sz300308,13.69,13.21,13.4,13.21,13.52,13.21,37257,0.0,0.0,0.0,0.0355,-0.0141
2016-03-04,中际装备,sz300308,13.48,12.01,13.23,12.33,13.21,12.33,34708,0.0,0.0,0.0,0.1112,-0.068
2016-03-07,中际装备,sz300308,12.96,12.4,12.4,12.75,12.33,12.75,27255,0.0,0.0,0.0,0.0454,0.0282
2016-03-08,中际装备,sz300308,13.07,12.01,12.85,13.01,12.75,13.01,34247,0.0,0.0,0.0,0.0831,0.0124
2016-03-09,中际装备,sz300308,12.92,12.32,12.66,12.63,13.01,12.63,19969,0.0,0.0,0.0,0.0461,-0.0023
2016-03-10,中际装备,sz300308,12.85,12.32,12.58,12.36,12.63,12.36,22653,0.0,0.0,0.0,0.0419,-0.0174
2016-03-11,中际装备,sz300308,0.0,0.0,0.0,0.0,12.36,0.0,0,0.0,0.0,0.0,0.0,0.0
2016-03-14,中际装备,sz300308,0.0,0.0,0.0,0.0,0.0,0.0,0,0.0,0.0,0.0,0.0,0.0
2016-03-15,中际装备,sz300308,0.0,0.0,0.0,0.0,0.0,0.0,0,0.0,0.0,0.0,0.0,0.0
2016-03-16,中际装备,sz300308,0.0,0.0,0.0,0.0,0.0,0.0,0,0.0,0.0,0.0,0.0,0.0
2016-03-17,中际装备,sz300308,0.0,0.0,0.0,0.0,0.0,0.0,0,0.0,0.0,0.0,0.0,0.0
2016-03-18,中际装备,sz300308,0.0,0.0,0.0,0.0,0.0,0.0,0,0.0,0.0,0.0,0.0,0.0
2016-03-21,中际装备,sz300308,0.0,0.0,0.0,0.0,0.0,0.0,0,0.0,0.0,0.0,0.0,0.0
2016-03-22,中际装备,sz300308,0.0,0.0,0.0,0.0,0.0,0.0,0,0.0,0.0,0.0,0.0,0.0
2016-03-23,中际装备,sz300308,0.0,0.0,0.0,0.0,0.0,0.0,0,0.0,0.0,0.0,0.0,0.0
2016-03-24,中际装备,sz300308,0.0,0.0,0.0,0.0,0.0,0.0,0,0.0,0.0,0.0,0.0,0.0
2016-03-25,中际装备,sz300308,0.0,0.0,0.0,0.0,0.0,0.0,0,0.0,0.0,0.0,0.0,0.0
