2016-03-25
2012-05-14,掌趣科技,sz300315,26.39997,23.51003,23.51003,25.62,23.99999,1.93185,282280800,0.715871,0.0,0.0,0.1204,0.0897
2012-05-15,掌趣科技,sz300315,26.69997,25.20997,25.38995,25.48999,25.62,1.92204,180827900,0.458584,0.0,0.0,0.0581,0.0039
2012-05-16,掌趣科技,sz300315,27.29996,24.88,25.13004,26.80001,25.48999,2.02082,171198700,0.434164,0.0,0.0,0.0949,0.0664
2012-05-17,掌趣科技,sz300315,27.44996,26.07999,26.65001,26.96,26.80001,2.03289,136439100,0.346013,0.0,0.0,0.0511,0.0116
2012-05-18,掌趣科技,sz300315,27.25999,25.30002,26.66999,25.49998,26.96,1.9228,123442600,0.313054,0.0,0.0,0.0726,-0.0438
2012-05-21,掌趣科技,sz300315,25.33,22.95,25.02001,22.95,25.49998,1.73052,123235600,0.312529,0.0,0.0,0.0933,-0.0827
2012-05-22,掌趣科技,sz300315,23.39001,22.10997,22.39997,22.84997,22.95,1.72298,79826900,0.202443,0.0,0.0,0.0557,0.02
2012-05-23,掌趣科技,sz300315,22.81999,21.76001,22.60005,22.07,22.84997,1.66416,72911600,0.184906,0.0,0.0,0.0463,-0.0234
2012-05-24,掌趣科技,sz300315,22.90005,21.92999,22.07999,22.49002,22.07,1.69583,63623600,0.161351,0.0,0.0,0.0439,0.0185
2012-05-25,掌趣科技,sz300315,22.39997,20.35994,22.25996,20.64995,22.49002,1.55709,79897200,0.202621,0.0,0.0,0.0907,-0.0723
2012-05-28,掌趣科技,sz300315,20.47997,19.65004,20.29999,20.29999,20.64995,1.5307,40780000,0.103419,0.0,0.0,0.0401,0.0
2012-05-29,掌趣科技,sz300315,21.49998,20.04996,20.17997,21.06997,20.29999,1.58876,45250700,0.114757,0.0,0.0,0.0714,0.0441
2012-05-30,掌趣科技,sz300315,21.75002,20.71002,20.76997,20.94995,21.06997,1.57971,45702300,0.115902,0.0,0.0,0.0493,0.0086
2012-05-31,掌趣科技,sz300315,21.98994,20.70003,20.70003,21.60002,20.94995,1.62873,60078500,0.152361,0.0,0.0,0.0615,0.0434
2012-06-01,掌趣科技,sz300315,21.75002,21.00003,21.49998,21.20998,21.60002,1.59931,33039500,0.083789,0.0,0.0,0.0347,-0.0134
2012-06-04,掌趣科技,sz300315,21.94998,20.22006,20.48996,21.57004,21.20998,1.62646,50469000,0.127991,0.0,0.0,0.0815,0.0527
2012-06-05,掌趣科技,sz300315,22.48003,21.41005,21.41005,22.09997,21.57004,1.66642,56818600,0.144093,0.0,0.0,0.0496,0.0322
2012-06-06,掌趣科技,sz300315,22.30005,21.64998,22.05001,21.87004,22.09997,1.64909,30138600,0.076432,0.0,0.0,0.0294,-0.0081
2012-06-07,掌趣科技,sz300315,22.15005,20.79995,22.09997,20.79995,21.87004,1.5684,35069000,0.088936,0.0,0.0,0.0617,-0.0588
2012-06-08,掌趣科技,sz300315,22.65001,20.70003,21.00003,22.07999,20.79995,1.66492,67062100,0.170071,0.0,0.0,0.0937,0.0514
2012-06-11,掌趣科技,sz300315,22.41995,21.48999,21.83994,22.21001,22.07999,1.67472,53433800,0.13551,0.0,0.0,0.0421,0.0169
2012-06-12,掌趣科技,sz300315,22.57994,21.70006,21.91001,22.00005,22.21001,1.65889,46513200,0.117959,0.0,0.0,0.0396,0.0041
2012-06-13,掌趣科技,sz300315,22.81999,21.85006,21.97995,22.37999,22.00005,1.68754,50746500,0.128694,0.0,0.0,0.044,0.0182
2012-06-14,掌趣科技,sz300315,22.96999,22.11996,22.25996,22.27995,22.37999,1.67999,46828900,0.11876,0.0,0.0,0.0379,8.0E-4
2012-06-15,掌趣科技,sz300315,22.44006,21.77999,22.27995,22.07999,22.27995,1.66492,33790800,0.085694,0.0,0.0,0.0296,-0.0089
2012-06-18,掌趣科技,sz300315,22.94001,22.08998,22.09997,22.56995,22.07999,1.70186,36189000,0.091776,0.0,0.0,0.0384,0.0212
2012-06-19,掌趣科技,sz300315,22.87994,22.09997,22.39997,22.23998,22.56995,1.67698,32300100,0.081914,0.0,0.0,0.0345,-0.0071
2012-06-20,掌趣科技,sz300315,23.46994,22.21001,22.45005,23.04005,22.23998,1.73731,72236400,0.183194,0.0,0.0,0.0566,0.0262
2012-06-21,掌趣科技,sz300315,22.97998,22.22,22.81,22.53998,23.04005,1.6996,40276000,0.102141,0.0,0.0,0.0329,-0.0118
2012-06-22,掌趣科技,sz300315,22.53998,22.53998,22.53998,22.53998,22.53998,1.6996,0,0.0,0.0,0.0,0.0,0.0
2012-06-25,掌趣科技,sz300315,22.30005,21.33,22.24997,21.58004,22.53998,1.62722,37225900,0.094406,0.0,0.0,0.043,-0.0301
2012-06-26,掌趣科技,sz300315,21.45002,20.72001,21.19998,21.14003,21.58004,1.59404,23187800,0.058805,0.0,0.0,0.0338,-0.0028
2012-06-27,掌趣科技,sz300315,21.78998,21.02001,21.16002,21.28004,21.14003,1.6046,26344200,0.06681,0.0,0.0,0.0364,0.0056
2012-06-28,掌趣科技,sz300315,21.37996,20.40003,21.18999,20.54004,21.28004,1.5488,27100300,0.068727,0.0,0.0,0.046,-0.0306
2012-06-29,掌趣科技,sz300315,20.94995,20.05995,20.05995,20.86002,20.54004,1.57293,17304400,0.043884,0.0,0.0,0.0433,0.0398
2012-07-02,掌趣科技,sz300315,21.18,20.59999,21.07996,20.72001,20.86002,1.56237,20689600,0.05247,0.0,0.0,0.0278,-0.017
2012-07-03,掌趣科技,sz300315,21.75002,20.70003,20.79995,21.51996,20.72001,1.62269,38957000,0.098796,0.0,0.0,0.0506,0.0346
2012-07-04,掌趣科技,sz300315,21.89002,21.09994,21.47,21.18999,21.51996,1.59781,24644300,0.062499,0.0,0.0,0.0367,-0.013
2012-07-05,掌趣科技,sz300315,21.19998,20.22006,21.15002,20.34995,21.18999,1.53447,20941300,0.053108,0.0,0.0,0.0462,-0.0378
2012-07-06,掌趣科技,sz300315,20.55003,18.50001,20.49995,19.55999,20.34995,1.4749,61323100,0.155517,0.0,0.0,0.1007,-0.0458
2012-07-09,掌趣科技,sz300315,19.29996,18.69997,19.01995,18.74006,19.55999,1.41307,26269000,0.066619,0.0,0.0,0.0306,-0.0147
2012-07-10,掌趣科技,sz300315,18.99997,18.30005,18.74006,18.66999,18.74006,1.40779,17855000,0.045281,0.0,0.0,0.0373,-0.0037
2012-07-11,掌趣科技,sz300315,19.20004,18.50001,18.67998,19.11999,18.66999,1.44172,16823100,0.042664,0.0,0.0,0.0374,0.0235
2012-07-12,掌趣科技,sz300315,19.98001,19.30995,19.80004,19.75995,19.11999,1.48998,38366200,0.097298,0.0,0.0,0.035,-0.002
2012-07-13,掌趣科技,sz300315,19.80004,19.19005,19.50004,19.25999,19.75995,1.45228,19884200,0.050427,0.0,0.0,0.0308,-0.0123
2012-07-16,掌趣科技,sz300315,19.25,17.88003,19.05005,17.94998,19.25999,1.3535,28805600,0.073052,0.0,0.0,0.0711,-0.0577
2012-07-17,掌趣科技,sz300315,18.32004,17.79998,17.82995,18.17004,17.94998,1.37009,13271200,0.033656,0.0,0.0,0.0289,0.019
2012-07-18,掌趣科技,sz300315,18.23998,17.75002,18.05002,18.19002,18.17004,1.3716,13435800,0.034074,0.0,0.0,0.0269,0.0077
2012-07-19,掌趣科技,sz300315,19.43997,18.09997,18.15006,18.80001,18.19002,1.41759,37720900,0.095661,0.0,0.0,0.0736,0.0358
2012-07-20,掌趣科技,sz300315,19.38002,18.57995,18.57995,18.89005,18.80001,1.42438,21802700,0.055292,0.0,0.0,0.0425,0.0166
2012-07-23,掌趣科技,sz300315,19.59996,18.80001,18.90005,19.17994,18.89005,1.44624,16877800,0.042803,0.0,0.0,0.0423,0.0148
2012-07-24,掌趣科技,sz300315,19.38002,18.61004,18.91004,19.06004,19.17994,1.4372,14394400,0.036505,0.0,0.0,0.0401,0.0079
2012-07-25,掌趣科技,sz300315,20.28001,18.90005,18.99997,19.7,19.06004,1.48546,42041000,0.106617,0.0,0.0,0.0724,0.0368
2012-07-26,掌趣科技,sz300315,19.87997,19.33006,19.50004,19.43997,19.7,1.46585,20421800,0.05179,0.0,0.0,0.0279,-0.003
2012-07-27,掌趣科技,sz300315,20.00999,19.21003,19.41999,19.96003,19.43997,1.50506,28200000,0.071516,0.0,0.0,0.0411,0.0278
2012-07-30,掌趣科技,sz300315,20.49995,19.37003,19.98001,19.80004,19.96003,1.493,32999100,0.083687,0.0,0.0,0.0566,-0.009
2012-07-31,掌趣科技,sz300315,19.73997,18.69997,19.56998,18.91004,19.80004,1.42589,19016700,0.048227,0.0,0.0,0.0525,-0.0337
2012-08-01,掌趣科技,sz300315,20.79995,18.99997,18.99997,20.79995,18.91004,1.5684,34719000,0.088049,0.0,0.0,0.0951,0.0947
2012-08-02,掌趣科技,sz300315,22.16005,21.09994,21.19998,21.58004,20.79995,1.62722,96847400,0.245608,0.0,0.0,0.0509,0.0179
2012-08-03,掌趣科技,sz300315,22.65001,21.60002,21.61001,22.19002,21.58004,1.67321,80238900,0.203488,0.0,0.0,0.0486,0.0268
2012-08-06,掌趣科技,sz300315,24.41002,21.88003,22.00005,24.41002,22.19002,1.84061,80847900,0.205032,0.0,0.0,0.114,0.1095
2012-08-07,掌趣科技,sz300315,25.60002,24.01998,25.28004,24.10003,24.41002,1.81724,145674100,0.369433,0.0,0.0,0.0647,-0.0466
2012-08-08,掌趣科技,sz300315,24.88,23.51003,23.76994,24.22006,24.10003,1.82629,114748500,0.291005,0.0,0.0,0.0568,0.0189
2012-08-09,掌趣科技,sz300315,23.99999,23.01995,23.50004,23.83001,24.22006,1.79688,89307100,0.226485,0.0,0.0,0.0404,0.014
2012-08-10,掌趣科技,sz300315,24.78996,23.41998,23.51003,24.59,23.83001,1.85418,109956900,0.278854,0.0,0.0,0.0574,0.0459
2012-08-13,掌趣科技,sz300315,25.34998,23.55,24.55003,23.99999,24.59,1.80969,111677900,0.226734,0.0,0.0,0.0731,-0.0224
2012-08-14,掌趣科技,sz300315,24.64995,22.39997,23.99,23.16995,23.99999,1.7471,87744100,0.178142,0.0,0.0,0.0937,-0.0341
2012-08-15,掌趣科技,sz300315,23.74996,22.47003,22.80001,23.20004,23.16995,1.74937,66780800,0.135581,0.0,0.0,0.0552,0.0175
2012-08-16,掌趣科技,sz300315,23.37003,21.90002,22.91004,22.18003,23.20004,1.67246,52860200,0.107319,0.0,0.0,0.0633,-0.0318
2012-08-17,掌趣科技,sz300315,23.14996,21.91001,22.21001,22.99996,22.18003,1.73429,51714800,0.104994,0.0,0.0,0.0559,0.0355
2012-08-20,掌趣科技,sz300315,23.98001,22.63002,22.78002,23.30995,22.99996,1.75766,52988100,0.107579,0.0,0.0,0.0586,0.0232
2012-08-21,掌趣科技,sz300315,25.63998,23.20004,23.20004,25.63998,23.30995,1.93335,108994400,0.221286,0.0,0.0,0.1046,0.1051
2012-08-22,掌趣科技,sz300315,26.24997,24.81006,25.91001,25.81996,25.63998,1.94693,116089800,0.235691,0.0,0.0,0.0561,-0.0034
2012-08-23,掌趣科技,sz300315,27.25,25.49998,25.63998,25.79998,25.81996,1.94542,84843300,0.172253,0.0,0.0,0.0677,0.0062
2012-08-24,掌趣科技,sz300315,26.77003,23.99999,25.31001,25.34998,25.79998,1.91149,77222500,0.156781,0.0,0.0,0.1073,0.0015
2012-08-27,掌趣科技,sz300315,26.23998,24.45998,25.11005,25.35997,25.34998,1.91224,65469500,0.132919,0.0,0.0,0.0702,0.0099
2012-08-28,掌趣科技,sz300315,27.85999,24.81006,25.19998,27.4,25.35997,2.06607,109803300,0.222928,0.0,0.0,0.1202,0.0873
2012-08-29,掌趣科技,sz300315,28.70003,26.60005,27.81003,26.81999,27.4,2.02233,98115900,0.1992,0.0,0.0,0.0766,-0.0356
2012-08-30,掌趣科技,sz300315,27.18006,24.55003,26.20001,26.06001,26.81999,1.96503,89307500,0.181316,0.0,0.0,0.098,-0.0053
2012-08-31,掌趣科技,sz300315,26.54997,25.34998,25.82995,26.07999,26.06001,1.96653,49445300,0.100386,0.0,0.0,0.046,0.0096
2012-09-03,掌趣科技,sz300315,27.09001,25.70006,25.85006,26.96999,26.07999,2.03364,44714900,0.090782,0.0,0.0,0.0532,0.0433
2012-09-04,掌趣科技,sz300315,28.38005,26.39997,26.90004,26.39997,26.96999,1.99066,74597900,0.151452,0.0,0.0,0.0734,-0.0185
2012-09-05,掌趣科技,sz300315,26.98997,25.77,26.12995,26.15005,26.39997,1.97182,46143400,0.093683,0.0,0.0,0.0462,7.0E-4
2012-09-06,掌趣科技,sz300315,26.32004,25.72004,25.90001,26.07,26.15005,1.96578,32007100,0.064982,0.0,0.0,0.0229,0.0065
2012-09-07,掌趣科技,sz300315,27.50004,26.12995,26.21,26.90004,26.07,2.02837,68731200,0.139541,0.0,0.0,0.0525,0.0263
2012-09-10,掌趣科技,sz300315,27.80003,25.91001,26.69997,27.74996,26.90004,2.09245,66554800,0.135123,0.0,0.0,0.0702,0.0393
2012-09-11,掌趣科技,sz300315,27.72997,26.50001,27.38002,26.60005,27.74996,2.00575,43565700,0.088449,0.0,0.0,0.0443,-0.0284
2012-09-12,掌趣科技,sz300315,27.59996,26.46004,26.69997,27.11999,26.60005,2.04495,34513400,0.070071,0.0,0.0,0.0428,0.0157
2012-09-13,掌趣科技,sz300315,27.30995,25.70006,27.20004,25.70006,27.11999,1.93788,43553000,0.088423,0.0,0.0,0.0593,-0.0551
2012-09-14,掌趣科技,sz300315,25.90001,24.62996,25.90001,25.17001,25.70006,1.89792,37014900,0.07515,0.0,0.0,0.0494,-0.0281
2012-09-17,掌趣科技,sz300315,25.13004,24.01998,25.04998,24.01998,25.17001,1.8112,21480900,0.043612,0.0,0.0,0.0441,-0.0411
2012-09-18,掌趣科技,sz300315,25.26005,24.04995,24.11002,24.86002,24.01998,1.87454,29957100,0.06082,0.0,0.0,0.0503,0.0311
2012-09-19,掌趣科技,sz300315,25.55006,24.65994,24.72001,24.85003,24.86002,1.87379,23501100,0.047713,0.0,0.0,0.0358,0.0052
2012-09-20,掌趣科技,sz300315,24.98004,23.87997,24.59,24.40003,24.85003,1.83986,18740600,0.038048,0.0,0.0,0.0442,-0.0077
2012-09-21,掌趣科技,sz300315,25.09994,24.02997,24.15999,24.59999,24.40003,1.85493,18597300,0.037757,0.0,0.0,0.0438,0.0182
2012-09-24,掌趣科技,sz300315,25.49998,24.26002,24.49995,25.44003,24.59999,1.91828,20423300,0.041464,0.0,0.0,0.0504,0.0383
2012-09-25,掌趣科技,sz300315,25.44003,23.99,25.41005,24.18996,25.44003,1.82402,28965200,0.058807,0.0,0.0,0.0569,-0.048
2012-09-26,掌趣科技,sz300315,24.47996,23.25,24.02997,24.38005,24.18996,1.83835,27423300,0.055676,0.0,0.0,0.0508,0.0145
2012-09-27,掌趣科技,sz300315,25.08995,24.02997,24.29999,24.67005,24.38005,1.86022,14559600,0.02956,0.0,0.0,0.0434,0.0152
2012-09-28,掌趣科技,sz300315,25.01001,24.42002,24.45998,24.81006,24.67005,1.87077,11999700,0.024362,0.0,0.0,0.0239,0.0143
2012-10-01,掌趣科技,sz300315,24.81006,24.81006,24.81006,24.81006,24.81006,1.87077,0,0.0,0.0,0.0,0.0,0.0
2012-10-02,掌趣科技,sz300315,24.81006,24.81006,24.81006,24.81006,24.81006,1.87077,0,0.0,0.0,0.0,0.0,0.0
2012-10-03,掌趣科技,sz300315,24.81006,24.81006,24.81006,24.81006,24.81006,1.87077,0,0.0,0.0,0.0,0.0,0.0
2012-10-04,掌趣科技,sz300315,24.81006,24.81006,24.81006,24.81006,24.81006,1.87077,0,0.0,0.0,0.0,0.0,0.0
2012-10-05,掌趣科技,sz300315,24.81006,24.81006,24.81006,24.81006,24.81006,1.87077,0,0.0,0.0,0.0,0.0,0.0
2012-10-08,掌趣科技,sz300315,25.70006,24.58,24.81006,25.23995,24.81006,1.90319,13358200,0.02712,0.0,0.0,0.0451,0.0173
2012-10-09,掌趣科技,sz300315,27.02994,25.26005,25.26005,26.55996,25.23995,2.00272,24771700,0.050293,0.0,0.0,0.0701,0.0514
2012-10-10,掌趣科技,sz300315,27.20004,26.30005,26.75005,26.70996,26.55996,2.01403,23005000,0.046706,0.0,0.0,0.0338,-0.0014
2012-10-11,掌趣科技,sz300315,27.64005,26.40996,26.57994,26.90004,26.70996,2.02837,24913300,0.05058,0.0,0.0,0.046,0.012
2012-10-12,掌趣科技,sz300315,27.49005,26.51,26.90004,26.99996,26.90004,2.0359,15836100,0.032151,0.0,0.0,0.0364,0.0037
2012-10-15,掌趣科技,sz300315,26.99996,25.34998,26.93002,25.82995,26.99996,1.94768,19320300,0.039225,0.0,0.0,0.0611,-0.0408
2012-10-16,掌趣科技,sz300315,26.45005,25.65997,25.94998,26.25996,25.82995,1.9801,11498100,0.023344,0.0,0.0,0.0305,0.0119
2012-10-17,掌趣科技,sz300315,26.38998,25.72004,26.38998,25.88003,26.25996,1.95145,6002100,0.012186,0.0,0.0,0.0255,-0.0193
2012-10-18,掌趣科技,sz300315,26.38998,25.75002,25.90001,25.97995,25.88003,1.95899,10513500,0.021345,0.0,0.0,0.0247,0.003
2012-10-19,掌趣科技,sz300315,26.00005,25.36996,25.94998,25.48,25.97995,1.92129,14151200,0.028731,0.0,0.0,0.0242,-0.0181
2012-10-22,掌趣科技,sz300315,25.88003,25.05998,25.18,25.72004,25.48,2.08732,14497300,0.029433,0.0,0.0,0.0321,0.0214
2012-10-23,掌趣科技,sz300315,25.79998,25.34998,25.72004,25.47,25.72004,2.06703,8025200,0.016293,0.0,0.0,0.0174,-0.0097
2012-10-24,掌趣科技,sz300315,26.25996,25.28004,25.28004,25.96996,25.47,2.1076,15867100,0.032214,0.0,0.0,0.0384,0.0272
2012-10-25,掌趣科技,sz300315,27.30995,25.75002,25.75002,26.29006,25.96996,2.13358,37225600,0.075577,0.0,0.0,0.06,0.0209
2012-10-26,掌趣科技,sz300315,26.85996,23.88996,26.12995,24.49995,26.29006,1.9883,49929500,0.101369,0.0,0.0,0.1129,-0.0623
2012-10-29,掌趣科技,sz300315,24.70003,23.41998,24.11002,24.40003,24.49995,1.98019,18976900,0.038528,0.0,0.0,0.0522,0.012
2012-10-30,掌趣科技,sz300315,24.78996,24.14999,24.14999,24.58,24.40003,1.9948,11693800,0.023741,0.0,0.0,0.0262,0.0178
2012-10-31,掌趣科技,sz300315,24.70003,24.22006,24.49995,24.60998,24.58,1.99723,11876300,0.024112,0.0,0.0,0.0195,0.0044
2012-11-01,掌趣科技,sz300315,25.13004,24.57001,24.57001,24.97005,24.60998,2.02645,8331700,0.016915,0.0,0.0,0.0227,0.0162
2012-11-02,掌趣科技,sz300315,25.12005,24.32997,24.94994,24.73,24.97005,2.00697,13250900,0.026903,0.0,0.0,0.0316,-0.0088
2012-11-05,掌趣科技,sz300315,25.09994,24.08005,24.73,24.49995,24.73,1.9883,15583700,0.031639,0.0,0.0,0.0412,-0.0093
2012-11-06,掌趣科技,sz300315,24.59999,23.89995,24.29999,24.53005,24.49995,1.99074,8522300,0.017303,0.0,0.0,0.0285,0.0094
2012-11-07,掌趣科技,sz300315,24.89999,24.28001,24.28001,24.70003,24.53005,2.00454,6592700,0.013385,0.0,0.0,0.0252,0.0172
2012-11-08,掌趣科技,sz300315,24.77996,24.40003,24.41002,24.49995,24.70003,1.9883,10125400,0.020557,0.0,0.0,0.0153,0.0036
2012-11-09,掌趣科技,sz300315,24.82005,24.09004,24.44999,24.59999,24.49995,1.99642,5368200,0.010899,0.0,0.0,0.0297,0.0061
2012-11-12,掌趣科技,sz300315,24.67005,22.90005,24.65994,22.90005,24.59999,1.85846,20038000,0.040682,0.0,0.0,0.0719,-0.0713
2012-11-13,掌趣科技,sz300315,23.19005,22.20001,22.67998,22.48003,22.90005,1.82437,16108700,0.032705,0.0,0.0,0.0432,-0.0088
2012-11-14,掌趣科技,sz300315,22.95,22.35001,22.64002,22.95,22.48003,1.86252,6133500,0.012453,0.0,0.0,0.0266,0.0136
2012-11-15,掌趣科技,sz300315,22.87994,21.79998,22.69997,22.15005,22.95,1.7976,11831300,0.024021,0.0,0.0,0.047,-0.0242
2012-11-16,掌趣科技,sz300315,22.07,21.51996,22.02004,21.98994,22.15005,1.7846,8715900,0.017696,0.0,0.0,0.0248,-0.0013
2012-11-19,掌趣科技,sz300315,22.39997,21.62,21.72004,22.33003,21.98994,1.8122,5821600,0.011819,0.0,0.0,0.0354,0.028
2012-11-20,掌趣科技,sz300315,22.40996,21.92,22.39997,22.30005,22.33003,1.80977,4361200,0.008854,0.0,0.0,0.0219,-0.0044
2012-11-21,掌趣科技,sz300315,22.57994,22.12995,22.30005,22.47003,22.30005,1.82356,4980900,0.010113,0.0,0.0,0.0201,0.0076
2012-11-22,掌趣科技,sz300315,23.95004,22.28994,22.31004,23.20004,22.47003,1.88281,15442600,0.031352,0.0,0.0,0.0738,0.0398
2012-11-23,掌趣科技,sz300315,24.17997,23.00996,23.00996,23.87997,23.20004,1.93799,9680100,0.019653,0.0,0.0,0.0504,0.0378
2012-11-26,掌趣科技,sz300315,24.13001,23.40999,23.86998,23.45995,23.87997,1.9039,8195200,0.016638,0.0,0.0,0.0301,-0.0171
2012-11-27,掌趣科技,sz300315,23.58997,22.38998,23.21003,22.39997,23.45995,1.81788,8025200,0.016293,0.0,0.0,0.0511,-0.0349
2012-11-28,掌趣科技,sz300315,22.99996,21.79998,22.00005,22.66,22.39997,1.83898,6496700,0.01319,0.0,0.0,0.0535,0.0299
2012-11-29,掌趣科技,sz300315,23.15996,22.20001,22.66,22.98997,22.66,1.86576,3811800,0.007739,0.0,0.0,0.0423,0.0145
2012-11-30,掌趣科技,sz300315,23.67002,22.24997,22.39997,23.67002,22.98997,1.92095,6990600,0.014193,0.0,0.0,0.0617,0.0566
2012-12-03,掌趣科技,sz300315,24.59999,22.80001,23.7,22.85996,23.67002,1.85521,17205900,0.034932,0.0,0.0,0.076,-0.0354
2012-12-04,掌趣科技,sz300315,22.85996,22.85996,22.85996,22.85996,22.85996,1.85521,0,0.0,0.0,0.0,0.0,0.0
2012-12-05,掌趣科技,sz300315,22.85996,22.85996,22.85996,22.85996,22.85996,1.85521,0,0.0,0.0,0.0,0.0,0.0
2012-12-06,掌趣科技,sz300315,22.85996,22.85996,22.85996,22.85996,22.85996,1.85521,0,0.0,0.0,0.0,0.0,0.0
2012-12-07,掌趣科技,sz300315,22.85996,22.85996,22.85996,22.85996,22.85996,1.85521,0,0.0,0.0,0.0,0.0,0.0
2012-12-10,掌趣科技,sz300315,22.85996,22.85996,22.85996,22.85996,22.85996,1.85521,0,0.0,0.0,0.0,0.0,0.0
2012-12-11,掌趣科技,sz300315,22.85996,22.85996,22.85996,22.85996,22.85996,1.85521,0,0.0,0.0,0.0,0.0,0.0
2012-12-12,掌趣科技,sz300315,22.85996,22.85996,22.85996,22.85996,22.85996,1.85521,0,0.0,0.0,0.0,0.0,0.0
2012-12-13,掌趣科技,sz300315,22.85996,22.85996,22.85996,22.85996,22.85996,1.85521,0,0.0,0.0,0.0,0.0,0.0
2012-12-14,掌趣科技,sz300315,22.85996,22.85996,22.85996,22.85996,22.85996,1.85521,0,0.0,0.0,0.0,0.0,0.0
2012-12-17,掌趣科技,sz300315,22.85996,22.85996,22.85996,22.85996,22.85996,1.85521,0,0.0,0.0,0.0,0.0,0.0
2012-12-18,掌趣科技,sz300315,22.85996,22.85996,22.85996,22.85996,22.85996,1.85521,0,0.0,0.0,0.0,0.0,0.0
2012-12-19,掌趣科技,sz300315,22.85996,22.85996,22.85996,22.85996,22.85996,1.85521,0,0.0,0.0,0.0,0.0,0.0
2012-12-20,掌趣科技,sz300315,22.85996,22.85996,22.85996,22.85996,22.85996,1.85521,0,0.0,0.0,0.0,0.0,0.0
2012-12-21,掌趣科技,sz300315,22.85996,22.85996,22.85996,22.85996,22.85996,1.85521,0,0.0,0.0,0.0,0.0,0.0
2012-12-24,掌趣科技,sz300315,22.85996,22.85996,22.85996,22.85996,22.85996,1.85521,0,0.0,0.0,0.0,0.0,0.0
2012-12-25,掌趣科技,sz300315,22.85996,22.85996,22.85996,22.85996,22.85996,1.85521,0,0.0,0.0,0.0,0.0,0.0
2012-12-26,掌趣科技,sz300315,22.85996,22.85996,22.85996,22.85996,22.85996,1.85521,0,0.0,0.0,0.0,0.0,0.0
2012-12-27,掌趣科技,sz300315,22.85996,22.85996,22.85996,22.85996,22.85996,1.85521,0,0.0,0.0,0.0,0.0,0.0
2012-12-28,掌趣科技,sz300315,22.85996,22.85996,22.85996,22.85996,22.85996,1.85521,0,0.0,0.0,0.0,0.0,0.0
2012-12-31,掌趣科技,sz300315,22.85996,22.85996,22.85996,22.85996,22.85996,1.85521,0,0.0,0.0,0.0,0.0,0.0
2013-02-05,掌趣科技,sz300315,25.15,25.15,25.15,25.15,22.85996,25.296644,28855,7.05E-4,0.0,0.0,0.0,0.0
2013-02-06,掌趣科技,sz300315,27.67,27.67,27.67,27.67,25.15,27.831343,8765,2.14E-4,0.0,0.0,0.0,0.0
2013-02-07,掌趣科技,sz300315,30.44,30.44,30.44,30.44,27.67,30.617481,232237,0.005676,0.0,0.0,0.0,0.0
2013-02-08,掌趣科技,sz300315,33.48,32.36,33.0,33.48,30.44,33.67522,6297000,0.153904,0.0,0.0,0.0367,0.0145
2013-02-18,掌趣科技,sz300315,33.9,32.6,33.38,33.2,33.48,33.393593,3466392,0.084722,0.0,0.0,0.0388,-0.0053
2013-02-19,掌趣科技,sz300315,33.65,31.9,33.0,33.58,33.2,33.775818,2787747,0.068135,0.0,0.0,0.0527,0.0175
2013-02-20,掌趣科技,sz300315,36.25,32.85,33.6,35.08,33.58,35.28455,4864665,0.118897,0.0,0.0,0.1012,0.044
2013-02-21,掌趣科技,sz300315,34.9,33.35,34.9,33.5,35.08,33.69533,2406956,0.058828,0.0,0.0,0.0441,-0.0401
2013-02-22,掌趣科技,sz300315,33.88,32.2,33.33,33.35,33.5,33.544445,2035098,0.04974,0.0,0.0,0.0501,6.0E-4
2013-02-25,掌趣科技,sz300315,35.31,33.03,33.03,34.64,33.35,34.841976,2485365,0.060745,0.0,0.0,0.0683,0.0487
2013-02-26,掌趣科技,sz300315,35.23,33.66,34.05,33.76,34.64,33.956852,1518467,0.037113,0.0,0.0,0.0453,-0.0085
2013-02-27,掌趣科技,sz300315,35.75,33.9,35.0,34.38,33.76,34.58047,1679716,0.041054,0.0,0.0,0.0547,-0.0177
2013-02-28,掌趣科技,sz300315,35.96,34.05,34.05,35.16,34.38,35.365032,1860247,0.045466,0.0,0.0,0.0555,0.0325
2013-03-01,掌趣科技,sz300315,36.75,34.8,35.01,36.59,35.16,36.803364,2540518,0.062093,0.0,0.0,0.0554,0.0451
2013-03-04,掌趣科技,sz300315,36.65,33.76,35.96,34.5,36.59,34.70119,2210085,0.054016,0.0,0.0,0.0789,-0.0406
2013-03-05,掌趣科技,sz300315,35.72,34.17,34.68,35.71,34.5,35.918232,1481926,0.03622,0.0,0.0,0.0449,0.0297
2013-03-06,掌趣科技,sz300315,36.69,35.4,36.0,36.6,35.71,36.813423,2367155,0.057855,0.0,0.0,0.0361,0.0166
2013-03-07,掌趣科技,sz300315,36.55,33.33,36.55,34.2,36.6,34.399418,2636488,0.064438,0.0,0.0,0.0879,-0.0642
2013-03-08,掌趣科技,sz300315,35.43,33.9,34.22,34.01,34.2,34.208294,1253974,0.030648,0.0,0.0,0.0447,-0.0061
2013-03-11,掌趣科技,sz300315,34.58,33.5,33.6,33.65,34.01,33.8462,1505118,0.036786,0.0,0.0,0.0317,0.0014
2013-03-12,掌趣科技,sz300315,34.19,31.22,33.82,31.95,33.65,32.13629,2166183,0.052943,0.0,0.0,0.0882,-0.0552
2013-03-13,掌趣科技,sz300315,32.85,31.6,31.61,32.59,31.95,32.780014,904111,0.022097,0.0,0.0,0.0391,0.031
2013-03-14,掌趣科技,sz300315,33.19,32.31,32.65,32.45,32.59,32.63919,880252,0.021514,0.0,0.0,0.027,-0.0061
2013-03-15,掌趣科技,sz300315,33.23,31.52,33.0,32.65,32.45,32.840343,1146783,0.028028,0.0,0.0,0.0526,-0.0106
2013-03-18,掌趣科技,sz300315,33.95,32.1,32.48,33.6,32.65,33.795868,1586918,0.038786,0.0,0.0,0.0566,0.0344
2013-03-19,掌趣科技,sz300315,33.79,32.98,33.55,33.5,33.6,33.69529,680500,0.016632,0.0,0.0,0.0241,-0.0014
2013-03-20,掌趣科技,sz300315,34.2,33.29,33.6,34.06,33.5,34.25854,902027,0.022046,0.0,0.0,0.0271,0.0136
2013-03-21,掌趣科技,sz300315,35.9,34.22,34.25,35.1,34.06,35.304592,1189078,0.029062,0.0,0.0,0.0493,0.0248
2013-03-22,掌趣科技,sz300315,36.45,34.81,35.25,36.03,35.1,36.24002,1349745,0.032989,0.0,0.0,0.0467,0.0221
2013-03-25,掌趣科技,sz300315,36.26,35.33,36.08,35.79,36.03,35.998627,884596,0.02162,0.0,0.0,0.0258,-0.008
2013-03-26,掌趣科技,sz300315,37.12,34.41,35.53,37.0,35.79,37.215668,2076108,0.050742,0.0,0.0,0.0757,0.0413
2013-03-27,掌趣科技,sz300315,38.64,36.59,36.95,38.32,37.0,38.543373,2253746,0.055084,0.0,0.0,0.0554,0.037
2013-03-28,掌趣科技,sz300315,38.8,36.85,38.8,36.85,38.32,37.06481,1760538,0.043029,0.0,0.0,0.0508,-0.0502
2013-03-29,掌趣科技,sz300315,38.29,36.15,36.7,36.63,36.85,36.843536,1184544,0.028951,0.0,0.0,0.058,-0.0019
2013-04-01,掌趣科技,sz300315,38.2,35.85,36.12,38.09,36.63,38.312046,1647836,0.040275,0.0,0.0,0.0641,0.0545
2013-04-02,掌趣科技,sz300315,40.02,37.4,38.11,37.8,38.09,38.020336,1800494,0.044006,0.0,0.0,0.0687,-0.0081
2013-04-03,掌趣科技,sz300315,38.88,36.7,37.35,38.1,37.8,38.322105,972399,0.023766,0.0,0.0,0.0576,0.02
2013-04-08,掌趣科技,sz300315,37.8,36.88,37.0,37.8,38.1,38.020355,2259930,0.055235,0.0,0.0,0.0241,0.0216
2013-04-09,掌趣科技,sz300315,39.5,37.71,37.71,39.0,37.8,39.227352,2235302,0.054633,0.0,0.0,0.0473,0.0342
2013-04-10,掌趣科技,sz300315,38.98,37.2,38.98,38.26,39.0,38.48305,1178543,0.028805,0.0,0.0,0.0456,-0.0184
2013-04-11,掌趣科技,sz300315,38.39,37.3,38.2,37.65,38.26,37.869476,663867,0.016226,0.0,0.0,0.0284,-0.0143
2013-04-12,掌趣科技,sz300315,39.99,37.22,37.22,39.4,37.65,39.62969,2425981,0.059293,0.0,0.0,0.0735,0.0585
2013-04-15,掌趣科技,sz300315,39.69,38.21,39.08,39.1,39.4,39.32795,1343743,0.032842,0.0,0.0,0.0375,5.0E-4
2013-04-16,掌趣科技,sz300315,39.21,37.8,38.6,39.0,39.1,39.22735,2126568,0.051975,0.0,0.0,0.036,0.0103
2013-04-17,掌趣科技,sz300315,41.79,38.5,38.99,41.19,39.0,41.43012,4498961,0.109959,0.0,0.0,0.0843,0.0564
2013-04-18,掌趣科技,sz300315,45.31,40.97,41.08,44.69,41.19,44.95052,5447850,0.13315,0.0,0.0,0.1053,0.0878
2013-04-19,掌趣科技,sz300315,49.16,45.1,45.97,49.16,44.69,49.44656,5471512,0.133729,97.75848,9.12295,0.0908,0.0693
2013-04-22,掌趣科技,sz300315,51.6,49.01,49.31,50.23,49.16,50.522816,4907470,0.119943,99.886284,9.32152,0.0526,0.0186
2013-04-23,掌趣科技,sz300315,50.22,48.1,49.85,49.5,50.23,49.788567,3842968,0.093926,98.43464,9.18605,0.0422,-0.007
2013-04-24,掌趣科技,sz300315,54.45,49.31,49.31,54.45,49.5,54.76742,3664078,0.089553,108.27811,10.104655,0.1038,0.1042
2013-04-25,掌趣科技,sz300315,59.9,55.6,57.73,56.88,54.45,57.211582,7720080,0.188686,113.11034,10.555606,0.0789,-0.0147
2013-04-26,掌趣科技,sz300315,58.82,53.0,57.11,55.13,56.88,55.451355,5989488,0.146389,109.63027,10.230841,0.1023,-0.0346
2013-05-02,掌趣科技,sz300315,58.3,52.36,53.61,55.8,55.13,56.125256,4052054,0.099036,110.96261,10.355177,0.1077,0.0408
2013-05-03,掌趣科技,sz300315,61.38,53.8,55.55,61.38,55.8,61.73778,5414111,0.132326,122.05887,11.390695,0.1358,0.1049
2013-05-06,掌趣科技,sz300315,66.45,59.01,62.22,60.04,61.38,60.389984,7428237,0.181553,119.3942,11.142024,0.1212,-0.035
2013-05-07,掌趣科技,sz300315,61.25,58.0,59.0,59.36,60.04,59.706005,3843078,0.093928,118.04195,11.01583,0.0541,0.0061
2013-05-08,掌趣科技,sz300315,62.3,58.11,62.0,61.3,59.36,61.65732,4651739,0.113693,121.89979,11.375849,0.0705,-0.0112
2013-05-09,掌趣科技,sz300315,65.3,59.5,60.0,62.09,61.3,62.451897,4729244,0.115587,123.47071,11.52245,0.0946,0.0348
2013-05-10,掌趣科技,sz300315,62.4,59.2,60.5,61.09,62.09,61.446045,3692530,0.090249,121.48209,11.336869,0.0515,0.0097
2013-05-13,掌趣科技,sz300315,67.1,60.0,61.97,65.16,61.09,65.539764,5214052,0.064147,129.57559,12.092165,0.1162,0.0514
2013-05-14,掌趣科技,sz300315,62.83,58.64,62.0,58.64,65.16,58.981792,6140510,0.075545,116.61013,10.882211,0.0643,-0.0541
2013-05-15,掌趣科技,sz300315,61.6,58.33,59.9,61.2,58.64,61.5567,5761574,0.070883,121.70087,11.357285,0.0557,0.0217
2013-05-16,掌趣科技,sz300315,63.48,59.2,59.6,61.75,61.2,62.10991,6323030,0.071081,122.794586,11.459353,0.0699,0.036
2013-05-17,掌趣科技,sz300315,65.76,62.0,63.95,63.73,61.75,64.10146,5722200,0.064327,126.731995,11.826797,0.0608,-0.0034
2013-05-20,掌趣科技,sz300315,70.1,64.1,64.2,70.1,63.73,70.5086,6418687,0.072156,139.39925,13.008921,0.0941,0.0919
2013-05-21,掌趣科技,sz300315,77.11,70.0,70.3,77.11,70.1,77.559456,7691672,0.086467,153.33917,14.309813,0.1014,0.0968
2013-06-03,掌趣科技,sz300315,33.88,31.5,33.0,31.5,77.11,69.80444,18835307,0.096245,138.0071,12.879003,0.0308,-0.0454
2013-06-04,掌趣科技,sz300315,31.92,29.01,30.6,29.81,31.5,66.059364,14574895,0.074475,130.60287,12.188032,0.0923,-0.0258
2013-06-05,掌趣科技,sz300315,30.77,29.65,29.97,29.85,29.81,66.14802,12937424,0.066108,130.77814,12.204388,0.0375,-0.004
2013-06-06,掌趣科技,sz300315,30.7,28.59,28.88,30.2,29.85,66.9236,12507339,0.06391,132.31151,12.347485,0.0706,0.0457
2013-06-07,掌趣科技,sz300315,30.72,29.0,30.0,29.99,30.2,66.45821,9439153,0.048232,131.39142,12.26162,0.0569,-3.0E-4
2013-06-13,掌趣科技,sz300315,31.2,28.01,29.0,29.97,29.99,66.41389,12460587,0.063671,131.30379,12.253442,0.1063,0.0334
2013-06-14,掌趣科技,sz300315,32.97,29.78,30.25,32.97,29.97,73.06192,13048641,0.066676,144.4473,13.480011,0.1064,0.0899
2013-06-17,掌趣科技,sz300315,36.27,34.0,34.55,34.48,32.97,76.40808,26338154,0.134583,151.06284,14.097382,0.0688,-0.002
2013-06-18,掌趣科技,sz300315,34.97,32.2,34.0,33.88,34.48,75.07851,18832337,0.09623,148.43419,13.852074,0.0803,-0.0035
2013-06-19,掌趣科技,sz300315,34.5,31.5,33.2,32.6,33.88,72.242035,16301675,0.083299,142.82634,13.328743,0.0885,-0.018
2013-06-20,掌趣科技,sz300315,32.32,29.74,31.27,29.98,32.6,66.43609,19036581,0.097274,131.34767,12.257538,0.0791,-0.0412
2013-06-21,掌趣科技,sz300315,29.95,26.99,28.88,29.17,29.98,64.64112,14990118,0.076597,127.79893,11.926364,0.0987,0.01
2013-06-24,掌趣科技,sz300315,29.46,27.61,29.14,27.81,29.17,61.627357,11502225,0.058774,121.84055,11.370321,0.0634,-0.0456
2013-06-25,掌趣科技,sz300315,30.39,26.12,27.58,29.9,27.81,66.258835,20367104,0.104072,130.99724,12.224835,0.1535,0.0841
2013-06-26,掌趣科技,sz300315,32.5,29.61,30.12,32.49,29.9,71.99831,22959823,0.117321,142.34448,13.283775,0.0966,0.0786
2013-06-27,掌趣科技,sz300315,33.85,31.38,33.0,31.77,32.49,70.402756,20456325,0.104528,139.18999,12.989393,0.076,-0.0372
2013-06-28,掌趣科技,sz300315,34.68,30.7,31.0,32.98,31.77,73.084114,21588664,0.110314,144.49118,13.484107,0.1252,0.0638
2013-07-01,掌趣科技,sz300315,36.28,32.0,32.8,36.28,32.98,80.39698,19250714,0.098368,158.94911,14.83334,0.1297,0.106
2013-07-02,掌趣科技,sz300315,39.84,37.3,37.6,37.85,36.28,83.87617,24338443,0.124365,165.82762,15.475253,0.07,0.0066
2013-07-03,掌趣科技,sz300315,41.64,38.31,38.5,41.64,37.85,92.27485,19249164,0.09836,182.43228,17.02482,0.0879,0.0815
2013-07-04,掌趣科技,sz300315,43.21,39.88,42.04,41.17,41.64,91.233345,21185419,0.108254,180.37317,16.832663,0.0799,-0.0206
2013-07-05,掌趣科技,sz300315,41.56,37.05,40.38,37.05,41.17,82.10335,20609998,0.105313,162.32268,15.148167,0.1095,-0.0824
2013-07-08,掌趣科技,sz300315,38.29,33.73,35.65,35.96,37.05,79.687874,18517284,0.09462,157.54715,14.702508,0.123,0.0086
2013-07-09,掌趣科技,sz300315,38.36,35.8,36.03,37.8,35.96,83.76534,18557689,0.094827,165.60852,15.454806,0.0711,0.0491
2013-07-10,掌趣科技,sz300315,40.36,36.92,37.1,37.94,37.8,84.07561,20516743,0.104837,166.22194,15.51205,0.091,0.0226
2013-07-11,掌趣科技,sz300315,37.75,35.81,37.05,37.42,37.94,82.92326,16405920,0.083831,163.9437,15.299442,0.0511,0.0099
2013-07-12,掌趣科技,sz300315,39.73,37.05,37.4,38.6,37.42,85.53817,17165692,0.087714,169.1135,15.781895,0.0716,0.032
2013-07-15,掌趣科技,sz300315,41.7,38.62,39.21,41.08,38.6,91.03391,16094566,0.08224,179.97887,16.795866,0.0797,0.0476
2013-07-16,掌趣科技,sz300315,43.19,40.0,42.05,40.96,41.08,90.768,14904867,0.08335,179.45316,16.746805,0.0776,-0.0259
2013-10-16,掌趣科技,sz300315,25.04,25.04,25.04,25.04,40.96,99.880196,589828,0.001832,170.11887,17.822666,0.0,0.0
2013-10-17,掌趣科技,sz300315,27.54,27.54,27.54,27.54,25.04,109.85224,135066,4.2E-4,187.10355,19.602081,0.0,0.0
2013-10-18,掌趣科技,sz300315,30.29,30.29,30.29,30.29,27.54,120.82153,534943,0.001662,205.78676,21.559448,0.0,0.0
2013-10-21,掌趣科技,sz300315,33.32,32.8,33.32,33.32,30.29,132.90767,18850325,0.058563,226.37224,23.716105,0.0171,0.0
2013-10-22,掌趣科技,sz300315,35.6,29.99,35.09,31.0,33.32,123.65358,74412649,0.23118,210.61038,22.064798,0.1683,-0.1165
2013-10-23,掌趣科技,sz300315,31.35,28.3,29.85,30.22,31.0,120.54233,35011135,0.10877,205.31122,21.509626,0.0983,0.0123
2013-10-24,掌趣科技,sz300315,30.48,27.58,29.81,28.6,30.22,114.08042,28409247,0.08826,194.3051,20.35656,0.0959,-0.0405
2013-10-25,掌趣科技,sz300315,29.35,25.8,29.0,27.58,28.6,110.011856,33690651,0.104668,158.54675,13.313722,0.1241,-0.0489
2013-10-28,掌趣科技,sz300315,29.47,26.66,26.93,28.96,27.58,115.51641,26375067,0.08194,166.4798,13.979887,0.1018,0.0753
2013-10-29,掌趣科技,sz300315,31.68,27.06,28.78,31.58,28.96,125.96718,36355909,0.112948,181.54123,15.244647,0.1595,0.0972
2013-10-30,掌趣科技,sz300315,34.2,31.1,31.5,32.15,31.58,128.24075,41071932,0.1276,184.81786,15.519798,0.0981,0.0206
2013-10-31,掌趣科技,sz300315,33.57,29.14,31.0,32.22,32.15,128.51994,36029784,0.111935,185.22021,15.553585,0.1377,0.0393
2013-11-01,掌趣科技,sz300315,31.82,29.0,30.8,29.0,32.22,115.67591,27813066,0.086408,166.70967,13.99919,0.0875,-0.0584
2013-11-04,掌趣科技,sz300315,28.49,26.23,27.41,26.27,29.0,104.786415,26492572,0.082305,151.01596,12.681335,0.0779,-0.0415
2013-11-05,掌趣科技,sz300315,28.9,25.67,26.07,28.9,26.27,115.277,26615030,0.082686,166.13477,13.950914,0.1229,0.1085
2013-11-06,掌趣科技,sz300315,30.8,28.5,29.24,29.0,28.9,115.67586,30984846,0.096262,166.7096,13.999184,0.0795,-0.0082
2013-11-07,掌趣科技,sz300315,30.83,28.13,28.5,30.02,29.0,119.74441,24740635,0.076863,172.5731,14.491563,0.0931,0.0533
2013-11-08,掌趣科技,sz300315,33.02,29.14,29.92,32.18,30.02,128.36026,40119314,0.12464,184.99008,15.53426,0.1292,0.0755
2013-11-11,掌趣科技,sz300315,32.95,30.48,31.93,31.1,32.18,124.05236,26005810,0.080793,178.78163,15.012915,0.0767,-0.0259
2013-11-12,掌趣科技,sz300315,31.6,28.8,30.95,29.99,31.1,119.62481,30163378,0.09371,172.40074,14.477089,0.09,-0.031
2013-11-13,掌趣科技,sz300315,32.2,29.57,30.0,30.35,29.99,121.06078,28095118,0.087284,174.47023,14.650872,0.0876,0.0116
2013-11-14,掌趣科技,sz300315,31.72,29.0,29.4,30.8,30.35,122.85575,23504766,0.073023,177.0571,14.8681,0.0896,0.0476
2013-11-15,掌趣科技,sz300315,32.22,30.3,30.5,30.64,30.8,122.217514,28402643,0.088239,176.1373,14.790861,0.0623,0.0045
2013-11-18,掌趣科技,sz300315,31.65,30.4,30.9,31.1,30.64,124.05237,20070947,0.062355,178.78165,15.012916,0.0407,0.0064
2013-11-19,掌趣科技,sz300315,33.86,31.05,31.3,33.74,31.1,134.58281,34126324,0.106021,193.95789,16.287317,0.0903,0.0779
2013-11-20,掌趣科技,sz300315,33.89,32.62,33.5,33.52,33.74,133.70532,21900921,0.06804,192.69327,16.181124,0.0376,5.0E-4
2013-11-21,掌趣科技,sz300315,36.35,32.81,33.33,35.6,33.52,142.00214,30462327,0.094638,204.65047,17.185211,0.1056,0.0681
2013-11-22,掌趣科技,sz300315,39.16,34.9,35.6,38.8,35.6,154.76643,33965203,0.105521,223.0461,18.729956,0.1196,0.0898
2013-11-25,掌趣科技,sz300315,40.75,37.78,38.18,39.55,38.8,157.75806,31000108,0.096309,227.35757,19.092005,0.0765,0.0358
2013-11-26,掌趣科技,sz300315,40.25,37.28,39.15,37.38,39.55,149.10236,28564682,0.088743,214.88315,18.044483,0.075,-0.0452
2013-11-27,掌趣科技,sz300315,40.7,36.2,37.06,38.45,37.38,153.3704,34923257,0.108497,221.03418,18.561008,0.1203,0.0375
2013-11-28,掌趣科技,sz300315,38.38,37.06,38.05,37.45,38.45,149.38155,19349396,0.060113,215.28552,18.078274,0.0343,-0.0157
2013-11-29,掌趣科技,sz300315,39.36,37.38,37.51,37.52,37.45,149.66074,22048177,0.068498,215.68788,18.11206,0.0528,2.0E-4
2013-12-02,掌趣科技,sz300315,35.19,33.77,34.5,33.77,37.52,134.7026,28622448,0.088922,194.13052,16.301815,0.0378,-0.0211
2013-12-03,掌趣科技,sz300315,32.47,30.39,31.5,31.6,33.77,126.04688,33810902,0.105041,181.6561,15.254293,0.0615,0.0031
2013-12-04,掌趣科技,sz300315,33.3,29.9,31.49,30.4,31.6,121.26025,27571271,0.085657,174.7577,14.675011,0.1075,-0.0346
2013-12-05,掌趣科技,sz300315,30.33,28.31,29.46,28.98,30.4,115.59606,24759405,0.076921,166.59459,13.989527,0.0664,-0.0162
2013-12-06,掌趣科技,sz300315,30.0,28.56,28.6,29.49,28.98,117.630325,17495596,0.054354,169.52632,14.235715,0.0496,0.0311
2013-12-09,掌趣科技,sz300315,30.97,28.72,29.5,30.83,29.49,122.97533,21759576,0.067601,177.22943,14.882571,0.0762,0.045
2013-12-10,掌趣科技,sz300315,31.37,29.5,30.83,29.94,30.83,119.42528,14971194,0.046512,172.11317,14.452941,0.0606,-0.0288
2013-12-11,掌趣科技,sz300315,31.88,29.3,29.88,31.2,29.94,124.451164,22613406,0.070254,179.35638,15.061179,0.0861,0.0441
2013-12-12,掌趣科技,sz300315,34.3,30.7,30.81,33.73,31.2,134.54291,31469124,0.097766,193.90039,16.28249,0.1153,0.0947
2013-12-13,掌趣科技,sz300315,33.65,32.51,33.2,32.93,33.73,131.35182,18049796,0.056076,189.30147,15.896302,0.0337,-0.0081
2013-12-16,掌趣科技,sz300315,34.19,32.11,32.29,33.55,32.93,133.82492,22580629,0.070152,192.86563,16.195597,0.0631,0.039
2013-12-17,掌趣科技,sz300315,33.76,30.38,33.6,30.95,33.55,123.45402,23355828,0.07256,177.91931,14.940503,0.1007,-0.0788
2013-12-18,掌趣科技,sz300315,31.95,28.26,30.93,31.73,30.95,126.56531,19205852,0.059667,182.40324,15.317034,0.1192,0.0258
2013-12-19,掌趣科技,sz300315,33.3,30.66,31.01,30.79,31.73,122.81581,17806102,0.055319,176.99954,14.863267,0.0832,-0.007
2013-12-20,掌趣科技,sz300315,31.38,29.65,30.3,29.91,30.79,119.30561,12672628,0.03937,171.94072,14.43846,0.0561,-0.0128
2013-12-23,掌趣科技,sz300315,30.6,28.31,30.02,30.06,29.91,119.90393,13434509,0.041737,172.803,14.510868,0.0765,0.0013
2013-12-24,掌趣科技,sz300315,30.48,29.45,29.81,30.05,30.06,119.864,10117607,0.031433,172.74545,14.506036,0.0342,0.008
2013-12-25,掌趣科技,sz300315,31.65,29.41,29.81,31.48,30.05,125.56797,14602010,0.045365,180.9659,15.196335,0.0745,0.056
2013-12-26,掌趣科技,sz300315,32.22,30.0,31.3,30.0,31.48,119.66452,14598534,0.045354,172.45796,14.481895,0.0705,-0.0415
2013-12-27,掌趣科技,sz300315,30.6,29.2,29.59,29.89,30.0,119.22571,17831279,0.055397,171.82556,14.42879,0.0466,0.0101
2013-12-30,掌趣科技,sz300315,30.28,29.3,29.7,29.7,29.89,118.46779,12106518,0.037566,170.73326,14.337066,0.0327,0.0
2013-12-31,掌趣科技,sz300315,29.6,28.39,29.33,28.68,29.7,114.399254,13244646,0.039841,164.86978,13.844688,0.0407,-0.0221
2014-01-02,掌趣科技,sz300315,30.18,28.98,28.98,29.72,28.68,118.5476,12678931,0.03814,170.84828,14.346724,0.0418,0.0255
2014-01-03,掌趣科技,sz300315,32.49,29.59,29.61,31.68,29.72,126.36569,24675019,0.074225,182.11555,15.292876,0.0975,0.0699
2014-01-06,掌趣科技,sz300315,32.7,31.02,31.2,31.66,31.68,126.28596,20868429,0.062775,182.00064,15.283226,0.053,0.0147
2014-01-07,掌趣科技,sz300315,34.4,31.2,31.5,33.96,31.66,135.46025,28229205,0.084917,195.22244,16.393507,0.101,0.078
2014-01-08,掌趣科技,sz300315,36.58,33.98,34.5,35.91,33.96,143.23837,39263138,0.118108,206.43211,17.334822,0.0765,0.0408
2014-01-09,掌趣科技,sz300315,39.41,36.21,36.21,36.64,35.91,146.15027,37750629,0.113558,210.62868,17.687222,0.0891,0.0118
2014-01-10,掌趣科技,sz300315,37.75,35.01,36.8,36.01,36.64,143.63736,24079340,0.072433,207.00713,17.383106,0.0747,-0.0214
2014-01-13,掌趣科技,sz300315,37.66,35.61,36.77,37.1,36.01,147.98512,22548022,0.067827,213.27303,17.909277,0.0569,0.0089
2014-01-14,掌趣科技,sz300315,37.3,35.83,37.1,37.14,37.1,148.14465,15570854,0.046839,213.50293,17.928583,0.0396,0.001
2014-01-15,掌趣科技,sz300315,39.15,36.62,36.87,37.97,37.14,151.45538,19746694,0.0594,218.27429,18.32925,0.0681,0.0298
2014-01-16,掌趣科技,sz300315,38.29,35.54,38.1,36.11,37.97,144.0362,20544500,0.0618,207.58191,17.431374,0.0724,-0.0522
2014-01-17,掌趣科技,sz300315,37.35,35.76,36.3,36.23,36.11,144.51483,14422562,0.043385,208.2717,17.4893,0.044,-0.0019
2014-01-20,掌趣科技,sz300315,35.88,34.15,35.6,34.26,36.23,136.65683,15271634,0.045939,196.94693,16.538319,0.0477,-0.0376
2014-01-21,掌趣科技,sz300315,36.35,34.51,34.77,36.32,34.26,144.87373,19098536,0.05745,208.78896,17.532734,0.0537,0.0445
2014-01-22,掌趣科技,sz300315,36.78,34.6,35.49,35.75,36.32,142.60008,24688756,0.074266,205.51222,17.257574,0.06,0.0073
2014-01-23,掌趣科技,sz300315,38.5,35.61,35.9,37.84,35.75,150.93677,29597680,0.089033,217.52687,18.266487,0.0808,0.054
2014-01-24,掌趣科技,sz300315,37.88,36.6,37.51,37.24,37.84,148.54352,19446444,0.058497,214.07777,17.976854,0.0338,-0.0071
2014-01-27,掌趣科技,sz300315,38.97,36.6,36.8,36.9,37.24,147.18732,22339944,0.067201,212.12325,17.812725,0.0636,0.0027
2014-01-28,掌趣科技,sz300315,37.38,35.66,36.5,35.95,36.9,143.39798,17359373,0.052219,206.66212,17.354137,0.0466,-0.015
2014-01-29,掌趣科技,sz300315,38.2,36.05,36.05,37.67,35.95,150.25871,19227691,0.057839,216.54967,18.184427,0.0598,0.0449
2014-01-30,掌趣科技,sz300315,41.44,37.39,37.39,41.44,37.67,165.2966,35595372,0.107075,238.22195,20.004326,0.1075,0.1083
2014-02-07,掌趣科技,sz300315,42.04,40.06,41.2,41.6,41.44,165.93481,24841690,0.074727,239.14174,20.081564,0.0477,0.0097
2014-02-10,掌趣科技,sz300315,42.0,39.61,41.68,41.2,41.6,164.33936,24405246,0.073414,236.84239,19.888477,0.0574,-0.0115
2014-02-11,掌趣科技,sz300315,41.8,37.58,40.96,38.7,41.2,154.36723,27574739,0.082948,222.4708,18.681644,0.1024,-0.0551
2014-02-12,掌趣科技,sz300315,39.2,37.95,38.06,38.36,38.7,153.01097,17650908,0.053096,220.51616,18.517508,0.0322,0.0078
2014-02-13,掌趣科技,sz300315,38.96,35.8,38.73,36.02,38.36,143.67714,27377967,0.082356,207.06445,17.387922,0.0823,-0.0699
2014-02-14,掌趣科技,sz300315,36.6,35.33,35.87,36.37,36.02,145.07326,16085623,0.048387,209.0765,17.55688,0.0352,0.0139
2014-02-17,掌趣科技,sz300315,37.96,36.4,36.4,37.96,36.37,151.41542,19692178,0.059236,218.2167,18.324415,0.0428,0.0428
2014-02-18,掌趣科技,sz300315,38.18,36.85,37.78,37.18,37.96,148.30414,16020362,0.048191,213.73279,17.947884,0.035,-0.0158
2014-02-19,掌趣科技,sz300315,37.02,35.6,37.02,36.36,37.18,145.0333,15658214,0.047102,209.0189,17.552044,0.0381,-0.0178
2014-02-27,掌趣科技,sz300315,37.5,32.72,36.3,32.72,36.36,130.514,25832977,0.077708,188.09402,15.794909,0.1314,-0.0986
2014-02-28,掌趣科技,sz300315,33.3,30.15,31.1,32.65,32.72,130.23485,18084811,0.054401,187.6917,15.761123,0.0962,0.0498
2014-03-03,掌趣科技,sz300315,33.76,32.2,32.44,32.9,32.65,131.23206,11702776,0.035203,189.12885,15.881806,0.0477,0.0141
2014-03-04,掌趣科技,sz300315,33.7,31.89,32.88,32.38,32.9,129.15793,9955962,0.029949,186.13966,15.630794,0.055,-0.0152
2014-03-05,掌趣科技,sz300315,33.66,32.59,32.9,33.41,32.38,133.26643,10116585,0.030432,192.06076,16.12801,0.033,0.0155
2014-03-06,掌趣科技,sz300315,33.3,31.6,33.3,32.57,33.41,129.91585,10883786,0.03274,187.23198,15.72252,0.0508,-0.0219
2014-03-07,掌趣科技,sz300315,33.3,31.88,32.8,32.0,32.57,127.6422,8490060,0.025539,183.95523,15.44736,0.0435,-0.0243
2014-03-10,掌趣科技,sz300315,31.36,29.22,31.29,29.3,32.0,116.87239,12470037,0.037511,168.434,14.143989,0.0668,-0.0635
2014-03-11,掌趣科技,sz300315,30.78,29.11,29.2,30.13,29.3,120.18315,9707266,0.029201,173.2054,14.54466,0.0569,0.0318
2014-03-12,掌趣科技,sz300315,32.5,29.87,30.08,31.71,30.13,126.485435,16242972,0.048861,182.28812,15.307367,0.0872,0.0541
2014-03-13,掌趣科技,sz300315,32.44,31.3,31.5,32.25,31.71,128.63936,11141998,0.033516,185.3923,15.568036,0.0359,0.0238
2014-03-14,掌趣科技,sz300315,33.6,31.88,32.03,32.57,32.25,129.91571,13520060,0.04067,187.23177,15.722502,0.0533,0.0168
2014-03-17,掌趣科技,sz300315,33.7,32.2,32.58,33.42,32.57,133.30626,8485229,0.025525,192.11815,16.132828,0.046,0.0257
2014-03-18,掌趣科技,sz300315,34.26,32.75,33.32,33.78,33.42,134.74223,11628840,0.034981,194.18764,16.30661,0.0451,0.0138
2014-03-19,掌趣科技,sz300315,33.76,32.15,33.76,32.17,33.78,128.32028,8817694,0.026525,184.93246,15.529422,0.0476,-0.047
2014-03-20,掌趣科技,sz300315,32.87,30.45,32.25,30.47,32.17,121.53932,9438826,0.028393,175.1599,14.708785,0.0752,-0.0551
2014-03-21,掌趣科技,sz300315,31.5,29.29,30.05,31.42,30.47,125.328674,12525263,0.037677,180.62103,15.167375,0.0725,0.0455
2014-03-24,掌趣科技,sz300315,33.2,31.0,31.2,32.72,31.42,130.51414,17105880,0.051456,188.09422,15.794926,0.07,0.0487
2014-03-25,掌趣科技,sz300315,34.55,32.8,33.48,33.48,32.72,133.5456,16610541,0.049966,192.46309,16.161795,0.0534,0.0
2014-03-26,掌趣科技,sz300315,36.17,33.06,33.94,36.05,33.48,143.79683,24672942,0.074219,207.23694,17.402407,0.0928,0.0621
2014-03-27,掌趣科技,sz300315,35.98,34.0,35.55,34.07,36.05,135.89893,14453892,0.043479,195.85466,16.446596,0.0549,-0.0416
2014-03-28,掌趣科技,sz300315,34.3,30.66,34.07,32.2,34.07,128.43985,13930995,0.041906,185.10478,15.543892,0.1068,-0.0548
2014-03-31,掌趣科技,sz300315,33.1,31.21,32.3,32.18,32.2,128.36009,9230055,0.027765,184.98984,15.534239,0.0586,-0.0037
2014-04-01,掌趣科技,sz300315,33.45,31.7,31.9,33.39,32.18,133.18655,8700924,0.026173,191.94563,16.118341,0.0543,0.0467
2014-04-02,掌趣科技,sz300315,33.67,31.6,33.38,32.09,33.39,128.00107,9265080,0.02787,184.47243,15.49079,0.0619,-0.0386
2014-04-03,掌趣科技,sz300315,32.55,31.01,31.9,31.65,32.09,126.24605,7239832,0.021778,181.94313,15.278396,0.0479,-0.0078
2014-04-04,掌趣科技,sz300315,32.85,31.21,31.8,32.8,31.65,130.83319,10495371,0.031571,188.55403,15.833537,0.0518,0.0314
2014-04-08,掌趣科技,sz300315,32.75,31.3,32.36,32.28,32.8,128.75897,8234476,0.02477,185.5647,15.582512,0.0442,-0.0024
2014-04-09,掌趣科技,sz300315,33.68,32.76,33.1,32.9,32.28,131.23204,12596558,0.037892,189.12883,15.881805,0.0285,-0.006
2014-04-10,掌趣科技,sz300315,33.99,32.56,33.03,33.06,32.9,131.87022,11328989,0.034079,190.04857,15.959038,0.0434,9.0E-4
2014-04-11,掌趣科技,sz300315,32.6,31.35,32.48,31.82,33.06,126.924034,12503636,0.037612,182.92023,15.360447,0.0378,-0.0203
2014-04-14,掌趣科技,sz300315,32.53,31.68,32.35,31.81,31.82,126.88418,9157624,0.027547,182.8628,15.355624,0.0267,-0.0166
2014-04-15,掌趣科技,sz300315,31.99,31.0,31.84,31.14,31.81,124.21162,9550200,0.028474,179.01115,15.032188,0.0311,-0.0219
2014-04-16,掌趣科技,sz300315,31.47,30.69,31.1,31.12,31.14,124.131874,6180009,0.018426,178.89622,15.022537,0.025,6.0E-4
2014-04-17,掌趣科技,sz300315,31.96,30.91,31.1,31.33,31.12,124.96951,7990006,0.023822,180.10341,15.12391,0.0337,0.0073
2014-04-18,掌趣科技,sz300315,31.71,31.15,31.59,31.33,31.33,124.96951,5433373,0.016199,180.10341,15.12391,0.0178,-0.0082
2014-04-21,掌趣科技,sz300315,31.54,29.66,31.02,29.8,31.33,118.86663,14862815,0.044313,171.30806,14.385333,0.06,-0.0393
2014-04-22,掌趣科技,sz300315,30.14,26.82,29.82,27.68,29.8,110.41034,21018769,0.062667,159.12103,13.361946,0.1114,-0.0717
2014-04-23,掌趣科技,sz300315,27.95,26.1,27.8,27.58,27.68,110.01143,16838808,0.050204,158.54613,13.31367,0.0668,-0.0079
2014-04-24,掌趣科技,sz300315,28.5,26.88,27.11,28.0,27.58,111.686676,13608475,0.040573,160.96048,13.51641,0.0587,0.0328
2014-04-25,掌趣科技,sz300315,27.95,26.36,27.95,26.41,28.0,105.34444,11480542,0.034229,121.2124,12.215711,0.0567,-0.055
2014-04-28,掌趣科技,sz300315,26.5,25.05,25.87,25.98,26.41,103.62922,11824951,0.035256,103.722786,11.881903,0.0549,0.0042
2014-04-29,掌趣科技,sz300315,26.59,25.44,25.9,26.0,25.98,103.709015,8603199,0.02565,103.80266,11.891052,0.0442,0.0038
2014-04-30,掌趣科技,sz300315,26.98,26.03,26.1,26.47,26.0,105.58376,9352073,0.027883,105.67909,12.106006,0.0365,0.0141
2014-05-05,掌趣科技,sz300315,27.55,26.3,26.48,27.47,26.47,109.57261,10618154,0.031658,109.67155,12.563359,0.0472,0.0373
2014-05-06,掌趣科技,sz300315,28.77,27.5,27.58,28.21,27.47,112.52428,14724959,0.043902,112.62588,12.901791,0.0462,0.0228
2014-05-07,掌趣科技,sz300315,28.33,26.88,27.6,26.92,28.21,107.37877,9977453,0.029748,107.47572,12.311818,0.0514,-0.0246
2014-05-08,掌趣科技,sz300315,27.54,26.52,26.53,26.7,26.92,106.50127,8152670,0.024307,106.59743,12.211206,0.0378,0.0064
2014-05-09,掌趣科技,sz300315,26.9,25.5,26.68,25.88,26.7,103.2304,9055180,0.026998,103.32361,11.836175,0.0524,-0.0299
2014-05-12,掌趣科技,sz300315,26.75,25.56,26.08,26.49,25.88,105.66354,8937906,0.026648,105.75895,12.115154,0.0459,0.0157
2014-05-13,掌趣科技,sz300315,27.4,26.38,26.49,26.5,26.49,105.70348,9051814,0.026988,105.79893,12.119733,0.0385,3.0E-4
2014-05-14,掌趣科技,sz300315,27.53,26.52,26.52,27.4,26.5,109.29339,10933626,0.032598,109.39207,12.531344,0.0381,0.0331
2014-05-15,掌趣科技,sz300315,28.45,26.85,27.48,26.9,27.4,107.299,14376637,0.042864,107.39588,12.302672,0.0583,-0.0211
2014-05-16,掌趣科技,sz300315,27.15,25.7,26.85,26.17,26.9,104.38712,9438286,0.02814,104.48137,11.968802,0.0539,-0.0253
2014-05-19,掌趣科技,sz300315,26.89,25.72,26.0,26.8,26.17,106.90003,7661182,0.022842,106.99655,12.256927,0.0447,0.0307
2014-05-20,掌趣科技,sz300315,27.72,26.9,27.16,27.09,26.8,108.05679,9243112,0.027558,108.15436,12.389559,0.0305,-0.0025
2014-05-21,掌趣科技,sz300315,27.3,26.4,27.0,27.26,27.09,108.734856,8133660,0.02425,108.83303,12.467303,0.0332,0.0096
2014-05-22,掌趣科技,sz300315,28.16,27.35,27.55,27.39,27.26,109.25341,14606419,0.043549,109.35205,12.52676,0.0297,-0.0058
2014-05-23,掌趣科技,sz300315,18.19,16.75,17.0,18.17,27.39,116.18587,25698510,0.047887,116.29077,13.32162,0.0525,0.0688
2014-05-26,掌趣科技,sz300315,18.84,17.8,18.12,18.37,18.17,117.46472,30168222,0.056216,117.570786,13.468251,0.0572,0.0137
2014-05-27,掌趣科技,sz300315,18.35,17.72,18.35,17.76,18.37,113.56419,16854419,0.031407,113.666725,13.021025,0.0342,-0.0321
2014-05-28,掌趣科技,sz300315,18.53,17.85,17.99,18.22,17.76,116.505615,23447670,0.043693,116.61081,13.358282,0.0382,0.0127
2014-05-29,掌趣科技,sz300315,18.2,17.5,18.16,17.5,18.22,111.901665,18645200,0.034744,112.0027,12.830403,0.0384,-0.0363
2014-05-30,掌趣科技,sz300315,17.8,17.18,17.43,17.5,17.5,111.901665,14054217,0.026189,112.0027,12.830403,0.0354,0.004
2014-06-03,掌趣科技,sz300315,18.13,17.5,17.53,17.72,17.5,113.30838,15373053,0.028646,113.41068,12.991694,0.0359,0.0108
2014-06-04,掌趣科技,sz300315,17.95,17.35,17.66,17.91,17.72,114.52327,18578298,0.034619,114.62668,13.130991,0.0338,0.0141
2014-06-05,掌趣科技,sz300315,19.5,17.72,17.8,19.4,17.91,124.05092,48883175,0.09109,124.162926,14.223411,0.0993,0.0898
2014-06-06,掌趣科技,sz300315,19.37,18.43,19.18,18.82,19.4,120.34217,32365891,0.060311,120.45083,13.798173,0.0484,-0.0187
2014-06-09,掌趣科技,sz300315,19.08,18.46,18.63,18.56,18.82,118.67964,20521665,0.03824,118.7868,13.607552,0.0329,-0.0037
2014-06-10,掌趣科技,sz300315,19.26,18.12,18.5,18.89,18.56,120.789764,30326309,0.056511,120.89883,13.849494,0.0614,0.021
2014-06-11,掌趣科技,sz300315,19.16,18.61,18.72,18.98,18.89,121.36521,20031533,0.037327,121.47479,13.915473,0.0291,0.0138
2014-06-12,掌趣科技,sz300315,19.09,18.43,18.98,18.5,18.98,118.29588,25500233,0.047518,118.402695,13.563551,0.0347,-0.0252
2014-06-13,掌趣科技,sz300315,18.68,18.17,18.35,18.37,18.5,117.46462,18386695,0.034262,117.57068,13.468239,0.0275,0.001
2014-06-16,掌趣科技,sz300315,18.97,18.2,18.42,18.95,18.37,121.17333,23416635,0.043635,121.28274,13.893472,0.0419,0.0287
2014-06-17,掌趣科技,sz300315,18.83,18.41,18.78,18.48,18.95,118.16799,15906968,0.029641,118.27468,13.548886,0.0221,-0.0159
2014-06-18,掌趣科技,sz300315,18.9,18.39,18.49,18.42,18.48,117.784294,13777579,0.025673,117.89064,13.504893,0.0275,-0.0037
2014-06-19,掌趣科技,sz300315,18.49,16.79,18.3,17.01,18.42,108.768265,24529354,0.045709,108.86647,12.471134,0.0922,-0.0704
2014-06-20,掌趣科技,sz300315,17.17,16.68,17.02,17.08,17.01,109.21584,12740860,0.023742,109.31445,12.522453,0.0288,0.0035
2014-06-23,掌趣科技,sz300315,17.55,17.2,17.21,17.33,17.08,110.81444,12709905,0.023684,110.91449,12.705744,0.0204,0.0069
2014-06-24,掌趣科技,sz300315,17.45,17.09,17.25,17.18,17.33,109.855225,11378434,0.021203,109.954414,12.595763,0.0207,-0.004
2014-06-25,掌趣科技,sz300315,17.25,16.7,17.18,16.99,17.18,108.640335,11952294,0.022272,108.73843,12.456466,0.032,-0.011
2014-06-26,掌趣科技,sz300315,17.41,16.86,16.93,17.1,16.99,109.34367,15807678,0.029456,109.4424,12.53711,0.0323,0.01
2014-06-27,掌趣科技,sz300315,17.35,16.84,17.25,17.11,17.1,109.40764,17702178,0.032987,109.506424,12.544444,0.0298,-0.0081
2014-06-30,掌趣科技,sz300315,17.88,16.82,17.11,17.86,17.11,114.203415,29973183,0.054991,114.30653,13.094317,0.0619,0.0438
2014-07-01,掌趣科技,sz300315,18.0,17.55,17.8,17.76,17.86,113.56399,16698493,0.030636,113.66653,13.021002,0.0251,-0.0022
2014-07-02,掌趣科技,sz300315,17.91,17.37,17.78,17.61,17.76,112.60483,12571691,0.023065,112.7065,12.911026,0.0304,-0.0095
2014-07-03,掌趣科技,sz300315,17.76,17.1,17.56,17.29,17.61,110.558685,16794313,0.030812,110.65851,12.67642,0.0374,-0.0153
2014-07-04,掌趣科技,sz300315,17.55,17.1,17.55,17.3,17.29,110.62259,13034919,0.023915,110.72247,12.683747,0.026,-0.0142
2014-07-07,掌趣科技,sz300315,17.35,16.85,17.34,17.16,17.3,109.72743,12612427,0.02314,109.82651,12.58111,0.0289,-0.0103
2014-07-08,掌趣科技,sz300315,17.39,16.8,17.1,17.24,17.16,110.23898,13581015,0.024917,110.33852,12.639763,0.0343,0.0081
2014-07-09,掌趣科技,sz300315,17.45,17.0,17.28,17.0,17.24,108.704346,14284481,0.026207,108.80249,12.463805,0.0261,-0.0162
2014-07-10,掌趣科技,sz300315,17.13,15.85,17.12,16.1,17.0,102.949425,34133482,0.062624,103.04238,11.803959,0.0752,-0.0595
2014-07-11,掌趣科技,sz300315,16.22,15.52,16.1,15.83,16.1,101.22297,28055013,0.051472,101.31436,11.606007,0.0434,-0.0167
2015-01-01,掌趣科技,sz300315,15.83,15.83,15.83,15.83,15.83,8.3206,0,0.0,0.0,0.0,0.0,0.0
2015-01-02,掌趣科技,sz300315,15.83,15.83,15.83,15.83,15.83,8.3206,0,0.0,0.0,0.0,0.0,0.0
2015-01-05,掌趣科技,sz300315,15.83,15.83,15.83,15.83,15.83,8.3206,0,0.0,0.0,0.0,0.0,0.0
2015-01-06,掌趣科技,sz300315,15.83,15.83,15.83,15.83,15.83,8.3206,0,0.0,0.0,0.0,0.0,0.0
2015-01-07,掌趣科技,sz300315,15.83,15.83,15.83,15.83,15.83,8.3206,0,0.0,0.0,0.0,0.0,0.0
2015-01-08,掌趣科技,sz300315,15.83,15.83,15.83,15.83,15.83,8.3206,0,0.0,0.0,0.0,0.0,0.0
2015-01-09,掌趣科技,sz300315,15.83,15.83,15.83,15.83,15.83,8.3206,0,0.0,0.0,0.0,0.0,0.0
2015-01-12,掌趣科技,sz300315,15.83,15.83,15.83,15.83,15.83,8.3206,0,0.0,0.0,0.0,0.0,0.0
2015-01-13,掌趣科技,sz300315,15.83,15.83,15.83,15.83,15.83,8.3206,0,0.0,0.0,0.0,0.0,0.0
2015-01-14,掌趣科技,sz300315,15.83,15.83,15.83,15.83,15.83,8.3206,0,0.0,0.0,0.0,0.0,0.0
2015-01-15,掌趣科技,sz300315,15.83,15.83,15.83,15.83,15.83,8.3206,0,0.0,0.0,0.0,0.0,0.0
2015-01-16,掌趣科技,sz300315,15.83,15.83,15.83,15.83,15.83,8.3206,0,0.0,0.0,0.0,0.0,0.0
2015-01-19,掌趣科技,sz300315,15.83,15.83,15.83,15.83,15.83,8.3206,0,0.0,0.0,0.0,0.0,0.0
2015-01-20,掌趣科技,sz300315,15.83,15.83,15.83,15.83,15.83,8.3206,0,0.0,0.0,0.0,0.0,0.0
2015-01-21,掌趣科技,sz300315,15.83,15.83,15.83,15.83,15.83,8.3206,0,0.0,0.0,0.0,0.0,0.0
2015-01-22,掌趣科技,sz300315,15.83,15.83,15.83,15.83,15.83,8.3206,0,0.0,0.0,0.0,0.0,0.0
2015-01-23,掌趣科技,sz300315,15.83,15.83,15.83,15.83,15.83,8.3206,0,0.0,0.0,0.0,0.0,0.0
2015-01-26,掌趣科技,sz300315,15.83,15.83,15.83,15.83,15.83,8.3206,0,0.0,0.0,0.0,0.0,0.0
2015-01-27,掌趣科技,sz300315,15.83,15.83,15.83,15.83,15.83,8.3206,0,0.0,0.0,0.0,0.0,0.0
2015-01-28,掌趣科技,sz300315,15.83,15.83,15.83,15.83,15.83,8.3206,0,0.0,0.0,0.0,0.0,0.0
2015-01-29,掌趣科技,sz300315,15.83,15.83,15.83,15.83,15.83,8.3206,0,0.0,0.0,0.0,0.0,0.0
2015-01-30,掌趣科技,sz300315,15.83,15.83,15.83,15.83,15.83,8.3206,0,0.0,0.0,0.0,0.0,0.0
2015-02-02,掌趣科技,sz300315,15.83,15.83,15.83,15.83,15.83,8.3206,0,0.0,0.0,0.0,0.0,0.0
2015-02-03,掌趣科技,sz300315,15.83,15.83,15.83,15.83,15.83,8.3206,0,0.0,0.0,0.0,0.0,0.0
2015-02-04,掌趣科技,sz300315,15.83,15.83,15.83,15.83,15.83,8.3206,0,0.0,0.0,0.0,0.0,0.0
2015-02-05,掌趣科技,sz300315,15.83,15.83,15.83,15.83,15.83,8.3206,0,0.0,0.0,0.0,0.0,0.0
2015-02-06,掌趣科技,sz300315,15.83,15.83,15.83,15.83,15.83,8.3206,0,0.0,0.0,0.0,0.0,0.0
2015-02-09,掌趣科技,sz300315,15.83,15.83,15.83,15.83,15.83,8.3206,0,0.0,0.0,0.0,0.0,0.0
2015-02-10,掌趣科技,sz300315,15.83,15.83,15.83,15.83,15.83,8.3206,0,0.0,0.0,0.0,0.0,0.0
2015-02-11,掌趣科技,sz300315,15.83,15.83,15.83,15.83,15.83,8.3206,0,0.0,0.0,0.0,0.0,0.0
2015-02-12,掌趣科技,sz300315,15.83,15.83,15.83,15.83,15.83,8.3206,0,0.0,0.0,0.0,0.0,0.0
2015-02-13,掌趣科技,sz300315,15.83,15.83,15.83,15.83,15.83,8.3206,0,0.0,0.0,0.0,0.0,0.0
2015-02-16,掌趣科技,sz300315,17.41,17.41,17.41,17.41,15.83,9.15108,302160,0.029177,85.13735,5.869696,0.0,0.0
2015-02-17,掌趣科技,sz300315,19.14991,19.14991,19.14991,19.14991,17.41,10.06562,23463,0.002266,93.64623,6.45633,0.0,0.0
2015-02-18,掌趣科技,sz300315,19.14991,19.14991,19.14991,19.14991,19.14991,10.06562,0,0.0,0.0,0.0,0.0,0.0
2015-02-19,掌趣科技,sz300315,19.14991,19.14991,19.14991,19.14991,19.14991,10.06562,0,0.0,0.0,0.0,0.0,0.0
2015-02-20,掌趣科技,sz300315,19.14991,19.14991,19.14991,19.14991,19.14991,10.06562,0,0.0,0.0,0.0,0.0,0.0
2015-02-23,掌趣科技,sz300315,19.14991,19.14991,19.14991,19.14991,19.14991,10.06562,0,0.0,0.0,0.0,0.0,0.0
2015-02-24,掌趣科技,sz300315,19.14991,19.14991,19.14991,19.14991,19.14991,10.06562,0,0.0,0.0,0.0,0.0,0.0
2015-02-25,掌趣科技,sz300315,21.07005,19.88008,21.07005,21.07005,19.14991,11.07489,2691276,0.259873,103.0353,7.103649,0.0621,0.0
2015-02-26,掌趣科技,sz300315,23.18,20.01004,20.39992,23.18,21.07005,12.18392,2438658,0.217752,113.35346,7.815022,0.1504,0.1362
2015-02-27,掌趣科技,sz300315,25.50009,23.19007,23.19007,25.50009,23.18,13.40341,1687436,0.150674,124.698555,8.597197,0.0996,0.0996
2015-03-02,掌趣科技,sz300315,28.05008,25.99998,26.09992,28.05008,25.50009,14.74374,2570191,0.229497,137.16841,9.456916,0.0803,0.0747
2015-03-03,掌趣科技,sz300315,29.2201,26.82002,28.05008,27.59997,28.05008,14.50716,2789903,0.249116,134.96782,9.305199,0.0855,-0.016
2015-03-04,掌趣科技,sz300315,28.88,27.01002,27.21997,27.80004,27.59997,14.61232,1995005,0.178138,135.94579,9.372624,0.0677,0.0213
2015-03-05,掌趣科技,sz300315,28.15002,27.10008,27.56007,27.59009,27.80004,14.50196,1653390,0.147634,134.91885,9.301824,0.0377,0.001
2015-03-06,掌趣科技,sz300315,28.65998,27.2099,27.56995,27.99992,27.59009,14.71738,1981868,0.176965,136.92375,9.440049,0.0525,0.0155
2015-03-09,掌趣科技,sz300315,27.88003,26.23995,27.29996,27.70998,27.99992,14.56498,1484301,0.132536,135.50563,9.342278,0.0585,0.015
2015-03-10,掌趣科技,sz300315,30.47999,27.80992,27.80992,30.47999,27.70998,16.02096,1503357,0.134238,149.05132,10.27617,0.0963,0.096
2015-03-11,掌趣科技,sz300315,33.53006,29.79998,32.50007,29.89992,30.47999,15.71606,2903629,0.25927,146.21503,10.080624,0.1223,-0.08
2015-03-12,掌趣科技,sz300315,30.59,27.10008,29.70992,28.40006,29.89992,14.9277,2402186,0.214496,138.87985,9.57491,0.1167,-0.044
2015-03-13,掌趣科技,sz300315,28.94992,27.50003,28.07003,28.48993,28.40006,14.97494,1476242,0.131816,139.31996,9.605253,0.051,0.0149
2015-03-16,掌趣科技,sz300315,30.70001,28.02006,28.56004,29.49997,28.48993,15.50584,1738441,0.155229,144.25899,9.945768,0.094,0.0329
2015-03-17,掌趣科技,sz300315,29.95996,28.5,29.54994,28.78006,29.49997,15.12744,1616723,0.14436,140.73807,9.703022,0.0494,-0.026
2015-03-18,掌趣科技,sz300315,29.32004,28.10005,28.40006,28.92997,28.78006,15.20623,1332336,0.118967,141.47159,9.753594,0.0423,0.0186
2015-03-19,掌趣科技,sz300315,29.24993,28.32995,29.24993,28.46998,28.92997,14.96445,1053685,0.094085,139.2222,9.598512,0.0318,-0.0266
2015-03-20,掌趣科技,sz300315,29.56001,28.13007,28.29993,28.94992,28.46998,15.21672,1326324,0.11843,141.56947,9.760343,0.0502,0.0229
2015-03-23,掌趣科技,sz300315,31.00002,28.40006,28.86993,30.59,28.94992,16.07878,2014681,0.179895,149.58925,10.313257,0.0898,0.0595
2015-03-24,掌趣科技,sz300315,32.20006,29.30009,30.28999,31.90005,30.59,16.76737,2370343,0.211652,155.99525,10.754911,0.0948,0.0531
2015-03-25,掌趣科技,sz300315,32.66005,31.1201,31.99999,31.3101,31.90005,16.45728,1626664,0.145248,153.11012,10.555999,0.0482,-0.0215
2015-03-26,掌趣科技,sz300315,30.52008,28.27998,30.49994,28.56992,31.3101,15.01698,1657324,0.147986,139.71115,9.632223,0.0715,-0.0632
2015-03-27,掌趣科技,sz300315,29.08007,27.70998,28.1599,28.76999,28.56992,15.12214,784025,0.070007,140.68913,9.699648,0.0479,0.0216
2015-03-30,掌趣科技,sz300315,28.88,27.29008,28.31,27.91005,28.76999,14.67014,998658,0.089172,136.48366,9.409706,0.0552,-0.0141
2015-03-31,掌趣科技,sz300315,28.65998,27.59997,27.80004,28.02994,27.91005,14.73316,842107,0.075193,137.07053,9.450168,0.0379,0.0082
2015-04-01,掌趣科技,sz300315,28.56992,27.81999,27.99992,28.29005,28.02994,14.86988,840628,0.075061,138.342,9.537828,0.0267,0.0103
2015-04-02,掌趣科技,sz300315,29.00008,28.29993,28.5,29.00008,28.29005,15.24308,1129427,0.100849,141.81396,9.777199,0.0247,0.0175
2015-04-03,掌趣科技,sz300315,29.19996,28.10005,29.00996,28.5,29.00008,14.98023,938094,0.083764,139.36896,9.60863,0.0379,-0.0175
2015-04-06,掌趣科技,sz300315,28.5,28.5,28.5,28.5,28.5,14.98023,0,0.0,0.0,0.0,0.0,0.0
2015-04-07,掌趣科技,sz300315,30.49006,28.24008,28.62996,29.97991,28.5,15.75811,1507283,0.134588,146.60638,10.107606,0.0789,0.0471
2015-04-08,掌趣科技,sz300315,30.28999,28.07991,30.00993,28.70995,29.97991,15.09059,1156102,0.103231,140.39584,9.679428,0.0737,-0.0433
2015-04-09,掌趣科技,sz300315,28.54997,26.01005,28.5,27.66001,28.70995,14.53871,1089324,0.097268,135.26114,9.325422,0.0884,-0.0294
2015-04-10,掌趣科技,sz300315,28.40006,27.80004,27.99992,28.1599,27.66001,14.80147,722938,0.064553,137.70627,9.493998,0.0216,0.0057
2015-04-13,掌趣科技,sz300315,28.18004,27.50003,28.18004,27.70998,28.1599,14.56498,807912,0.07214,135.50572,9.342284,0.0241,-0.0166
2015-04-14,掌趣科技,sz300315,27.50003,26.63002,27.50003,26.77005,27.70998,14.07093,820366,0.073252,130.90895,9.025365,0.0313,-0.0265
2015-04-15,掌趣科技,sz300315,29.08995,25.99998,26.74991,27.67996,26.77005,14.5492,1301714,0.116233,135.35895,9.332165,0.1154,0.0347
2015-04-16,掌趣科技,sz300315,28.78006,26.66004,26.98,27.69991,27.67996,14.55969,869485,0.077638,135.4568,9.338912,0.0765,0.0266
2015-04-17,掌趣科技,sz300315,28.24008,27.20002,27.78997,27.56995,27.69991,14.49138,769047,0.06867,134.8211,9.295084,0.0375,-0.0079
2015-04-20,掌趣科技,sz300315,30.33008,28.10005,28.10005,30.33008,27.56995,15.94216,2004303,0.178968,108.215256,8.96173,0.0808,0.0793
2015-04-21,掌趣科技,sz300315,33.36001,31.61999,31.61999,33.36001,30.33008,17.53476,1219609,0.108901,119.02606,9.857016,0.0573,0.055
2015-04-22,掌趣科技,sz300315,36.70002,33.40998,36.70002,33.50992,33.36001,17.61356,2983465,0.266399,119.5612,9.901333,0.0986,-0.0869
2015-04-23,掌趣科技,sz300315,35.97992,32.69995,32.99008,33.58991,33.50992,17.6556,2335098,0.208505,119.846596,9.924967,0.0978,0.0181
2015-04-24,掌趣科技,sz300315,33.12992,31.01997,32.71002,32.1499,33.58991,16.8987,1605526,0.14336,114.70878,9.499484,0.0628,-0.0171
2015-04-27,掌趣科技,sz300315,32.96994,31.90005,32.01994,32.04996,32.1499,16.84617,1119438,0.099244,113.99456,10.234512,0.0332,9.0E-4
2015-04-28,掌趣科技,sz300315,31.99999,29.59991,31.74995,29.97991,32.04996,15.75811,1158687,0.102724,106.631996,9.573496,0.0748,-0.0557
2015-04-29,掌趣科技,sz300315,32.98001,29.7901,29.95008,32.98001,29.97991,17.33503,1407506,0.124783,117.30234,10.531487,0.1064,0.1011
2015-04-30,掌趣科技,sz300315,34.64992,31.99999,33.50004,32.11,32.98001,16.87773,1751379,0.155269,114.2079,10.253666,0.0803,-0.0414
2015-05-01,掌趣科技,sz300315,32.11,32.11,32.11,32.11,32.11,16.87773,0,0.0,0.0,0.0,0.0,0.0
2015-05-04,掌趣科技,sz300315,31.66008,30.19993,31.5001,30.92003,32.11,16.25225,876247,0.077684,109.97536,9.873665,0.0454,-0.0184
2015-05-05,掌趣科技,sz300315,30.85999,29.59991,30.49994,29.6799,30.92003,15.60041,821011,0.072787,105.56502,9.477701,0.0407,-0.0268
2015-05-06,掌趣科技,sz300315,31.30003,29.65007,29.92994,29.81005,29.6799,15.66882,934956,0.079731,106.02739,9.519214,0.0555,-0.004
2015-05-07,掌趣科技,sz300315,29.83,27.89998,29.56001,27.94995,29.81005,14.69111,796520,0.067925,99.41181,8.925262,0.0647,-0.0544
2015-05-08,掌趣科技,sz300315,30.74998,28.31,28.51995,30.30006,27.94995,15.92638,1202486,0.102545,107.770256,9.67569,0.0872,0.0624
2015-05-11,掌趣科技,sz300315,32.37999,29.95008,30.30006,31.69998,30.30006,16.66221,1530498,0.102816,112.74978,10.122755,0.0801,0.0462
2015-05-12,掌趣科技,sz300315,32.66993,31.01009,32.17992,32.18999,31.69998,16.91977,1610614,0.108198,114.49255,10.279222,0.0523,3.0E-4
2015-05-13,掌趣科技,sz300315,34.50001,30.87006,32.3,33.12992,32.18999,17.41382,1710144,0.114884,117.83597,10.579396,0.1127,0.0256
2015-05-14,掌趣科技,sz300315,36.43991,33.45995,34.01,36.43991,33.12992,19.15362,2439727,0.163896,129.60884,11.636373,0.0899,0.0714
2015-05-15,掌趣科技,sz300315,36.22008,33.48997,36.19994,34.26992,36.43991,18.01303,1932548,0.129825,121.89063,10.943427,0.0749,-0.0533
2015-05-18,掌趣科技,sz300315,18.6842,17.7526,17.7526,17.921,34.26992,9.41967,1462587,0.098254,121.10809,10.87317,0.0271,0.0094
2015-05-19,掌趣科技,sz300315,18.6158,17.4474,17.9737,18.5684,17.921,9.75996,1373463,0.092267,125.48289,11.265942,0.0651,0.033
2015-05-20,掌趣科技,sz300315,20.421,18.3526,18.6316,20.0053,18.5684,10.51523,1761566,0.118339,135.19287,12.137712,0.1113,0.0737
2015-05-21,掌趣科技,sz300315,22.0053,20.1474,20.2316,22.0053,20.0053,11.56647,2027518,0.136203,148.7086,13.351163,0.0928,0.0876
2015-05-22,掌趣科技,sz300315,23.55,20.16,23.01,20.88,22.0053,20.88,2698497,0.181277,141.20216,12.67723,0.154,-0.0925
2015-05-25,掌趣科技,sz300315,20.83,19.2,19.9,20.58,20.88,20.58,1588523,0.106714,139.1734,12.495086,0.078,0.0341
2015-05-26,掌趣科技,sz300315,21.82,20.68,20.68,21.46,20.58,21.46,1618932,0.108757,145.12445,13.029375,0.0553,0.0377
2015-05-27,掌趣科技,sz300315,21.3,20.5,21.29,20.92,21.46,20.92,1365979,0.091764,141.47267,12.701516,0.0372,-0.0173
2015-05-28,掌趣科技,sz300315,21.47,18.97,20.92,19.09,20.92,19.09,1549620,0.104101,129.0972,11.590437,0.1195,-0.0874
2015-05-29,掌趣科技,sz300315,20.0,17.8,19.02,19.51,19.09,19.51,1233540,0.082867,131.93747,11.845439,0.1152,0.0257
2015-06-01,掌趣科技,sz300315,20.99,19.56,19.56,20.6,19.51,20.6,1097128,0.073702,139.30865,12.507229,0.0732,0.0531
2015-06-02,掌趣科技,sz300315,21.45,20.3,20.7,21.21,20.6,21.21,1396483,0.093812,143.4338,12.877589,0.0558,0.0246
2015-06-03,掌趣科技,sz300315,21.48,19.96,21.21,20.9,21.21,20.9,1131739,0.076029,141.33742,12.689373,0.0716,-0.0146
2015-06-04,掌趣科技,sz300315,21.23,18.92,20.9,20.4,20.9,20.4,962983,0.064691,137.95615,12.3858,0.1105,-0.0239
2015-06-05,掌趣科技,sz300315,21.45,20.05,20.63,20.98,20.4,20.98,1555671,0.104508,141.87842,12.737945,0.0686,0.0169
2015-06-08,掌趣科技,sz300315,20.95,19.72,20.95,20.15,20.98,20.15,1156589,0.077697,136.2655,12.234013,0.0586,-0.0381
2015-06-09,掌趣科技,sz300315,20.48,19.64,20.0,19.8,20.15,19.8,763825,0.051312,133.8986,12.021511,0.0416,-0.0099
2015-06-10,掌趣科技,sz300315,20.68,19.4,19.5,20.41,19.8,20.41,1052013,0.070672,138.02377,12.391871,0.0646,0.0466
2015-06-11,掌趣科技,sz300315,22.12,20.26,20.42,21.21,20.41,21.21,1805363,0.12128,143.4338,12.877589,0.0911,0.0386
2015-06-12,掌趣科技,sz300315,21.44,20.63,21.18,20.86,21.21,20.86,1121276,0.075325,141.06691,12.665087,0.0381,-0.0151
2015-06-15,掌趣科技,sz300315,21.1,19.55,21.1,19.89,20.86,19.89,949400,0.063779,134.50723,12.076155,0.0743,-0.0573
2015-06-16,掌趣科技,sz300315,19.6,18.53,19.1,18.9,19.89,18.9,784394,0.052694,127.81231,11.475079,0.0537,-0.0104
2015-06-17,掌趣科技,sz300315,19.99,18.51,18.9,19.81,18.9,19.81,713515,0.047932,133.96623,12.027583,0.0783,0.0481
2015-06-18,掌趣科技,sz300315,20.13,18.05,19.84,18.2,19.81,18.2,701816,0.047147,123.07852,11.050076,0.1049,-0.0826
2015-06-19,掌趣科技,sz300315,18.19,16.38,17.71,16.38,18.2,16.38,827761,0.055607,110.77067,9.945068,0.0994,-0.075
2015-06-22,掌趣科技,sz300315,16.38,16.38,16.38,16.38,16.38,16.38,0,0.0,0.0,0.0,0.0,0.0
2015-06-23,掌趣科技,sz300315,16.98,15.15,16.45,16.83,16.38,16.83,666266,0.044758,113.81382,10.218285,0.1117,0.0231
2015-06-24,掌趣科技,sz300315,17.38,16.49,17.14,16.93,16.83,16.93,693173,0.046565,114.490074,10.278999,0.0528,-0.0122
2015-06-25,掌趣科技,sz300315,17.07,15.5,16.99,15.7,16.93,15.7,640216,0.043008,106.17213,9.532209,0.0927,-0.0759
2015-06-26,掌趣科技,sz300315,15.25,14.13,15.2,14.13,15.7,14.13,641738,0.04311,95.55492,8.578988,0.0713,-0.0703
2015-06-29,掌趣科技,sz300315,14.58,12.72,14.47,12.72,14.13,12.72,827975,0.055621,86.019714,7.72291,0.1316,-0.1209
2015-06-30,掌趣科技,sz300315,13.75,11.45,12.0,13.55,12.72,13.55,1220577,0.081997,91.63263,8.226842,0.1808,0.1291
2015-07-01,掌趣科技,sz300315,14.07,12.2,13.21,12.2,13.55,12.2,1166613,0.078369,82.50318,7.407194,0.138,-0.0764
2015-07-02,掌趣科技,sz300315,12.68,11.15,12.18,11.37,12.2,11.37,996150,0.061858,76.89026,6.903262,0.1254,-0.0665
2015-07-03,掌趣科技,sz300315,12.0,10.23,11.01,10.5,11.37,10.5,1178000,0.07315,71.006836,6.375044,0.1556,-0.0463
2015-07-06,掌趣科技,sz300315,11.55,9.45,11.55,9.9,10.5,9.9,1246824,0.077423,66.9493,6.010756,0.2,-0.1428
2015-07-07,掌趣科技,sz300315,9.5,8.91,9.42,8.91,9.9,8.91,554440,0.034428,60.254375,5.40968,0.0595,-0.0541
2015-07-08,掌趣科技,sz300315,9.8,8.02,8.02,9.7,8.91,9.7,3219000,0.199887,65.596794,5.889326,0.1997,0.2094
2015-07-09,掌趣科技,sz300315,10.67,9.1,9.19,10.67,9.7,10.67,1538272,0.095521,72.15647,6.478259,0.1618,0.161
2015-07-10,掌趣科技,sz300315,11.74,11.2,11.68,11.74,10.67,11.74,547308,0.033986,79.39241,7.127906,0.0506,0.0051
2015-07-13,掌趣科技,sz300315,12.91,12.8,12.91,12.91,11.74,12.91,383091,0.023789,87.304596,7.838268,0.0093,0.0
2015-07-14,掌趣科技,sz300315,14.2,13.52,14.0,14.2,12.91,14.2,2034611,0.12634,96.0283,8.621488,0.0526,0.0142
2015-07-15,掌趣科技,sz300315,14.01,12.78,13.99,12.78,14.2,12.78,2545003,0.158035,86.42547,7.759339,0.0866,-0.0864
2015-07-16,掌趣科技,sz300315,14.06,11.78,12.26,14.06,12.78,14.06,2821895,0.175231,95.081535,8.536487,0.1784,0.1468
2015-07-17,掌趣科技,sz300315,15.47,14.11,14.5,15.47,14.06,15.47,2815449,0.174828,104.61674,9.392565,0.0967,0.0668
2015-07-20,掌趣科技,sz300315,16.5,15.08,15.8,15.92,15.47,15.92,2829185,0.175679,107.65989,9.665781,0.0917,0.0075
2015-07-21,掌趣科技,sz300315,16.19,15.27,15.35,15.54,15.92,15.54,1657741,0.102938,105.09012,9.435065,0.0577,0.0123
2015-07-22,掌趣科技,sz300315,16.2,15.35,15.47,15.93,15.54,15.93,1642232,0.101975,107.727516,9.671852,0.0546,0.0297
2015-07-23,掌趣科技,sz300315,17.51,15.4,15.86,17.15,15.93,17.15,2107104,0.13084,115.97784,10.412572,0.1324,0.0813
2015-07-24,掌趣科技,sz300315,17.42,15.8,16.75,16.1,17.15,16.1,2026679,0.125847,108.87715,9.775067,0.0944,-0.0388
2015-07-27,掌趣科技,sz300315,16.68,14.51,15.45,14.52,16.1,14.52,1762097,0.10942,98.192314,8.815775,0.1347,-0.0601
2015-07-28,掌趣科技,sz300315,15.97,13.85,13.85,15.97,14.52,15.97,2811011,0.174554,107.99802,9.696138,0.146,0.153
2015-07-29,掌趣科技,sz300315,16.96,14.61,16.1,16.89,15.97,16.89,2810528,0.174521,114.21957,10.254713,0.1471,0.049
2015-07-30,掌趣科技,sz300315,17.2,15.62,16.3,15.96,16.89,15.96,2038905,0.126609,107.93039,9.690067,0.0935,-0.0208
2015-07-31,掌趣科技,sz300315,16.79,15.31,15.65,15.83,15.96,15.83,1477941,0.091773,107.05126,9.611138,0.0927,0.0115
2015-08-03,掌趣科技,sz300315,15.5,14.25,15.2,14.25,15.83,14.25,1300435,0.080753,96.366425,8.651845,0.0789,-0.0624
2015-08-04,掌趣科技,sz300315,15.68,14.35,14.35,15.6,14.25,15.6,1319618,0.081944,105.49587,9.471494,0.0933,0.0871
2015-08-05,掌趣科技,sz300315,15.7,14.6,15.3,14.9,15.6,14.9,1265988,0.078613,100.762085,9.046491,0.0705,-0.0261
2015-08-06,掌趣科技,sz300315,14.88,14.21,14.42,14.26,14.9,14.26,744654,0.046241,96.43405,8.657917,0.0449,-0.011
2015-08-07,掌趣科技,sz300315,14.26,14.26,14.26,14.26,14.26,14.26,0,0.0,0.0,0.0,0.0,0.0
2015-08-10,掌趣科技,sz300315,14.26,14.26,14.26,14.26,14.26,14.26,0,0.0,0.0,0.0,0.0,0.0
2015-08-11,掌趣科技,sz300315,14.26,14.26,14.26,14.26,14.26,14.26,0,0.0,0.0,0.0,0.0,0.0
2015-08-12,掌趣科技,sz300315,14.26,14.26,14.26,14.26,14.26,14.26,0,0.0,0.0,0.0,0.0,0.0
2015-08-13,掌趣科技,sz300315,14.26,14.26,14.26,14.26,14.26,14.26,0,0.0,0.0,0.0,0.0,0.0
2015-08-14,掌趣科技,sz300315,14.26,14.26,14.26,14.26,14.26,14.26,0,0.0,0.0,0.0,0.0,0.0
2015-08-17,掌趣科技,sz300315,14.26,14.26,14.26,14.26,14.26,14.26,0,0.0,0.0,0.0,0.0,0.0
2015-08-18,掌趣科技,sz300315,14.26,14.26,14.26,14.26,14.26,14.26,0,0.0,0.0,0.0,0.0,0.0
2015-08-19,掌趣科技,sz300315,14.26,14.26,14.26,14.26,14.26,14.26,0,0.0,0.0,0.0,0.0,0.0
2015-08-20,掌趣科技,sz300315,14.26,14.26,14.26,14.26,14.26,14.26,0,0.0,0.0,0.0,0.0,0.0
2015-08-21,掌趣科技,sz300315,14.26,14.26,14.26,14.26,14.26,14.26,0,0.0,0.0,0.0,0.0,0.0
2015-08-24,掌趣科技,sz300315,14.26,14.26,14.26,14.26,14.26,14.26,0,0.0,0.0,0.0,0.0,0.0
2015-08-25,掌趣科技,sz300315,14.26,14.26,14.26,14.26,14.26,14.26,0,0.0,0.0,0.0,0.0,0.0
2015-08-26,掌趣科技,sz300315,12.83,12.83,12.83,12.83,14.26,12.83,122721,0.00762,81.4598,7.606641,0.0,0.0
2015-08-27,掌趣科技,sz300315,12.85,11.55,11.55,11.67,12.83,11.67,1567355,0.097329,74.094765,6.918901,0.1013,0.0103
2015-08-28,掌趣科技,sz300315,12.75,11.52,11.8,12.47,11.67,12.47,1247509,0.077465,79.1741,7.393205,0.1053,0.0567
2015-08-31,掌趣科技,sz300315,12.2,11.22,12.0,11.22,12.47,11.22,831595,0.051638,71.23764,6.652106,0.0785,-0.0649
2015-09-01,掌趣科技,sz300315,10.95,10.1,10.71,10.1,11.22,10.1,697333,0.043302,64.12658,5.988081,0.0757,-0.0569
2015-09-02,掌趣科技,sz300315,10.91,9.18,9.38,9.41,10.1,9.41,1013461,0.062932,59.74565,5.578994,0.1712,0.0031
2015-09-03,掌趣科技,sz300315,9.41,9.41,9.41,9.41,9.41,9.41,0,0.0,0.0,0.0,0.0,0.0
2015-09-04,掌趣科技,sz300315,9.41,9.41,9.41,9.41,9.41,9.41,0,0.0,0.0,0.0,0.0,0.0
2015-09-07,掌趣科技,sz300315,10.35,9.58,9.71,10.35,9.41,10.35,1982563,0.123107,65.71387,6.136301,0.0818,0.0659
2015-09-08,掌趣科技,sz300315,10.8,9.46,9.98,10.59,10.35,10.59,1748194,0.108557,67.23767,6.278592,0.1294,0.0611
2015-09-09,掌趣科技,sz300315,11.32,10.51,10.7,10.95,10.59,10.95,1787284,0.110983,69.52337,6.492028,0.0764,0.0233
2015-09-10,掌趣科技,sz300315,11.8,10.48,10.54,11.37,10.95,11.37,1511330,0.093849,72.19002,6.741037,0.1205,0.0787
2015-09-11,掌趣科技,sz300315,11.57,11.12,11.13,11.26,11.37,11.26,1126435,0.069948,71.49161,6.675821,0.0395,0.0116
2015-09-14,掌趣科技,sz300315,11.48,10.13,11.37,10.13,11.26,10.13,968241,0.060126,64.317055,6.005867,0.1198,-0.109
2015-09-15,掌趣科技,sz300315,9.99,9.12,9.6,9.12,10.13,9.12,886977,0.055077,57.904392,5.407059,0.0858,-0.05
2015-09-16,掌趣科技,sz300315,10.03,9.13,9.28,10.03,9.12,10.03,1060300,0.065842,63.682137,5.946579,0.0986,0.0808
2015-09-17,掌趣科技,sz300315,10.88,10.01,10.19,10.09,10.03,10.09,1618342,0.100493,64.06309,5.982152,0.0867,-0.0098
2015-09-18,掌趣科技,sz300315,10.65,9.92,10.23,10.52,10.09,10.52,1366228,0.084835,66.79323,6.23709,0.0723,0.0283
2015-09-21,掌趣科技,sz300315,11.18,10.15,10.2,11.0,10.52,11.0,1368060,0.084949,69.84083,6.521672,0.0979,0.0784
2015-09-22,掌趣科技,sz300315,11.46,10.67,10.9,11.1,11.0,11.1,1506276,0.093531,70.475746,6.58096,0.0718,0.0183
2015-09-23,掌趣科技,sz300315,11.1,10.65,10.78,10.81,11.1,10.81,976137,0.060613,68.63448,6.409025,0.0405,0.0027
2015-09-24,掌趣科技,sz300315,11.87,10.92,11.05,11.38,10.81,11.38,1647227,0.102289,72.25351,6.746966,0.0878,0.0298
2015-09-25,掌趣科技,sz300315,11.45,10.35,11.19,10.6,11.38,10.6,1184714,0.073567,67.30116,6.28452,0.0966,-0.0527
2015-09-28,掌趣科技,sz300315,10.6,10.6,10.6,10.6,10.6,10.6,0,0.096705,73.58684,6.871471,0.0,0.0
2015-09-29,掌趣科技,sz300315,11.4,10.87,11.25,11.08,10.6,11.08,1368204,0.084962,70.34876,6.569102,0.05,-0.0151
2015-09-30,掌趣科技,sz300315,11.28,10.7,11.24,10.98,11.08,10.98,722217,0.044848,69.713844,6.509815,0.0523,-0.0231
2015-10-01,掌趣科技,sz300315,10.98,10.98,10.98,10.98,10.98,10.98,0,0.0,0.0,0.0,0.0,0.0
2015-10-02,掌趣科技,sz300315,10.98,10.98,10.98,10.98,10.98,10.98,0,0.0,0.0,0.0,0.0,0.0
2015-10-05,掌趣科技,sz300315,10.98,10.98,10.98,10.98,10.98,10.98,0,0.0,0.0,0.0,0.0,0.0
2015-10-06,掌趣科技,sz300315,10.98,10.98,10.98,10.98,10.98,10.98,0,0.0,0.0,0.0,0.0,0.0
2015-10-07,掌趣科技,sz300315,10.98,10.98,10.98,10.98,10.98,10.98,0,0.0,0.0,0.0,0.0,0.0
2015-10-08,掌趣科技,sz300315,11.87,11.18,11.45,11.51,10.98,11.51,1264281,0.078506,73.0789,6.824041,0.0628,0.0052
2015-10-09,掌趣科技,sz300315,12.31,11.37,11.49,11.95,11.51,11.95,1338598,0.083123,75.872536,7.084907,0.0816,0.04
2015-10-12,掌趣科技,sz300315,12.68,11.87,11.98,12.4,11.95,12.4,1472331,0.091426,78.72966,7.351703,0.0677,0.035
2015-10-13,掌趣科技,sz300315,12.99,12.16,12.2,12.88,12.4,12.88,1326805,0.08239,81.77726,7.636285,0.0669,0.0557
2015-10-14,掌趣科技,sz300315,12.87,12.34,12.7,12.44,12.88,12.44,1063223,0.066024,78.98363,7.375418,0.0411,-0.0204
2015-10-15,掌趣科技,sz300315,13.36,12.35,12.35,13.1,12.44,13.1,1332780,0.082762,83.17407,7.766719,0.0811,0.0607
2015-10-16,掌趣科技,sz300315,13.43,12.9,13.29,13.23,13.1,13.23,1658885,0.103009,83.999466,7.843793,0.0404,-0.0045
2015-10-19,掌趣科技,sz300315,13.3,12.52,13.28,12.8,13.23,12.8,1224769,0.076054,81.269325,7.588855,0.0589,-0.0361
2015-10-20,掌趣科技,sz300315,13.55,12.79,12.79,13.45,12.8,13.45,1475204,0.091604,85.396286,7.974226,0.0593,0.0516
2015-10-21,掌趣科技,sz300315,13.39,12.11,13.3,12.11,13.45,12.11,1529075,0.09495,76.8884,7.179768,0.0951,-0.0894
2015-10-22,掌趣科技,sz300315,12.78,12.11,12.14,12.63,12.11,12.63,1060531,0.065856,80.189964,7.488065,0.0553,0.0403
2015-10-23,掌趣科技,sz300315,13.89,12.38,12.68,13.89,12.63,13.89,1693889,0.105182,88.18992,8.235093,0.1195,0.0954
2015-10-26,掌趣科技,sz300315,14.27,13.42,14.25,13.77,13.89,13.77,1519485,0.094355,87.42802,8.163948,0.0611,-0.0336
2015-10-27,掌趣科技,sz300315,13.77,13.77,13.77,13.77,13.77,13.77,0,0.0,0.0,0.0,0.0,0.0
2015-10-28,掌趣科技,sz300315,13.77,13.77,13.77,13.77,13.77,13.77,0,0.0,0.0,0.0,0.0,0.0
2015-10-29,掌趣科技,sz300315,13.77,13.77,13.77,13.77,13.77,13.77,0,0.0,0.0,0.0,0.0,0.0
2015-10-30,掌趣科技,sz300315,13.77,13.77,13.77,13.77,13.77,13.77,0,0.0,0.0,0.0,0.0,0.0
2015-11-02,掌趣科技,sz300315,13.77,13.77,13.77,13.77,13.77,13.77,0,0.0,0.0,0.0,0.0,0.0
2015-11-03,掌趣科技,sz300315,0.0,0.0,0.0,0.0,13.77,0.0,0,0.0,0.0,0.0,0.0,0.0
2015-11-04,掌趣科技,sz300315,14.67,13.11,13.37,14.39,0.0,14.39,1732456,0.0,0.0,0.0,0.0,0.0762
2015-11-05,掌趣科技,sz300315,14.5,13.86,14.1,14.03,14.39,14.03,1322564,0.0,0.0,0.0,0.0444,-0.0049
2015-11-06,掌趣科技,sz300315,14.55,14.08,14.15,14.24,14.03,14.24,1054561,0.0,0.0,0.0,0.0334,0.0063
2015-11-09,掌趣科技,sz300315,14.33,13.55,14.03,14.13,14.24,14.13,1121578,0.0,0.0,0.0,0.0547,0.0071
2015-11-10,掌趣科技,sz300315,14.77,14.08,14.2,14.2,14.13,14.2,1176984,0.0,0.0,0.0,0.0488,0.0
2015-11-11,掌趣科技,sz300315,15.62,14.36,14.5,15.62,14.2,15.62,1734499,0.0,0.0,0.0,0.0887,0.0772
2015-11-12,掌趣科技,sz300315,16.32,15.13,16.03,15.29,15.62,15.29,2141065,0.0,0.0,0.0,0.0761,-0.0461
2015-11-13,掌趣科技,sz300315,15.1,14.08,15.05,14.28,15.29,14.28,1305397,0.0,0.0,0.0,0.0667,-0.0511
2015-11-16,掌趣科技,sz300315,14.72,13.8,13.83,14.69,14.28,14.69,795848,0.0,0.0,0.0,0.0644,0.0621
2015-11-17,掌趣科技,sz300315,15.19,14.22,15.1,14.35,14.69,14.35,1093494,0.0,0.0,0.0,0.066,-0.0496
2015-11-18,掌趣科技,sz300315,14.55,13.98,14.3,14.02,14.35,14.02,636617,0.0,0.0,0.0,0.0397,-0.0195
2015-11-19,掌趣科技,sz300315,14.76,14.02,14.02,14.65,14.02,14.65,783956,0.0,0.0,0.0,0.0527,0.0449
2015-11-20,掌趣科技,sz300315,15.16,14.55,14.84,14.8,14.65,14.8,1109535,0.0,0.0,0.0,0.0416,-0.0026
2015-11-23,掌趣科技,sz300315,15.48,14.61,14.73,14.96,14.8,14.96,1051556,0.0,0.0,0.0,0.0587,0.0156
2015-11-24,掌趣科技,sz300315,15.54,14.63,15.0,15.42,14.96,15.42,1130036,0.0,0.0,0.0,0.0608,0.0279
2015-11-25,掌趣科技,sz300315,15.64,15.06,15.25,15.42,15.42,15.42,1171417,0.0,0.0,0.0,0.0376,0.0111
2015-11-26,掌趣科技,sz300315,15.51,14.9,15.42,14.98,15.42,14.98,1000369,0.0,0.0,0.0,0.0395,-0.0285
2015-11-27,掌趣科技,sz300315,14.99,13.48,14.87,13.51,14.98,13.51,1019353,0.0,0.0,0.0,0.1008,-0.0914
2015-11-30,掌趣科技,sz300315,13.77,12.6,13.46,13.58,13.51,13.58,790646,0.0,0.0,0.0,0.0866,0.0089
2015-12-01,掌趣科技,sz300315,14.08,13.47,13.6,13.89,13.58,13.89,643143,0.0,0.0,0.0,0.0449,0.0213
2015-12-02,掌趣科技,sz300315,13.96,13.14,13.89,13.74,13.89,13.74,539053,0.0,0.0,0.0,0.059,-0.0107
2015-12-03,掌趣科技,sz300315,14.3,13.64,13.77,14.07,13.74,14.07,678741,0.0,0.0,0.0,0.048,0.0217
2015-12-04,掌趣科技,sz300315,14.19,13.62,13.9,13.77,14.07,13.77,588324,0.0,0.0,0.0,0.0405,-0.0093
2015-12-07,掌趣科技,sz300315,14.35,13.76,13.9,14.04,13.77,14.04,670194,0.0,0.0,0.0,0.0428,0.01
2015-12-08,掌趣科技,sz300315,15.15,13.8,14.0,14.6,14.04,14.6,1534912,0.0,0.0,0.0,0.0961,0.0428
2015-12-09,掌趣科技,sz300315,14.27,13.71,14.17,13.9,14.6,13.9,926779,0.0,0.0,0.0,0.0383,-0.019
2015-12-10,掌趣科技,sz300315,14.29,13.71,13.87,13.92,13.9,13.92,604744,0.0,0.0,0.0,0.0417,0.0036
2015-12-11,掌趣科技,sz300315,14.22,13.74,13.79,13.93,13.92,13.93,540860,0.0,0.0,0.0,0.0344,0.0101
2015-12-14,掌趣科技,sz300315,14.35,13.75,13.81,14.34,13.93,14.34,584633,0.0,0.0,0.0,0.043,0.0383
2015-12-15,掌趣科技,sz300315,14.85,14.25,14.32,14.41,14.34,14.41,647217,0.0,0.0,0.0,0.0418,0.0062
2015-12-16,掌趣科技,sz300315,14.8,14.28,14.6,14.29,14.41,14.29,611933,0.0,0.0,0.0,0.036,-0.0212
2015-12-17,掌趣科技,sz300315,15.3,14.36,14.39,15.01,14.29,15.01,1194445,0.0,0.0,0.0,0.0657,0.043
2015-12-18,掌趣科技,sz300315,14.99,14.55,14.9,14.64,15.01,14.64,750040,0.0,0.0,0.0,0.0293,-0.0174
2015-12-21,掌趣科技,sz300315,14.82,14.37,14.65,14.72,14.64,14.72,553633,0.0,0.0,0.0,0.0307,0.0047
2015-12-22,掌趣科技,sz300315,14.82,14.43,14.8,14.58,14.72,14.58,520426,0.0,0.0,0.0,0.0264,-0.0148
2015-12-23,掌趣科技,sz300315,14.74,14.01,14.6,14.05,14.58,14.05,697072,0.0,0.0,0.0,0.05,-0.0376
2015-12-24,掌趣科技,sz300315,14.35,13.92,14.0,14.22,14.05,14.22,405668,0.0,0.0,0.0,0.0306,0.0157
2015-12-25,掌趣科技,sz300315,0.0,0.0,0.0,0.0,14.22,0.0,0,0.0,0.0,0.0,0.0,0.0
2015-12-28,掌趣科技,sz300315,0.0,0.0,0.0,0.0,0.0,0.0,0,0.0,0.0,0.0,0.0,0.0
2015-12-29,掌趣科技,sz300315,0.0,0.0,0.0,0.0,0.0,0.0,0,0.0,0.0,0.0,0.0,0.0
2015-12-30,掌趣科技,sz300315,0.0,0.0,0.0,0.0,0.0,0.0,0,0.0,0.0,0.0,0.0,0.0
2015-12-31,掌趣科技,sz300315,14.68,14.0,14.21,14.0,0.0,14.0,491405,0.0,0.0,0.0,0.0,-0.0147
2016-01-01,掌趣科技,sz300315,14.68,14.0,14.21,14.0,14.0,14.0,491405,0.0,0.0,0.0,0.0485,-0.0147
2016-01-04,掌趣科技,sz300315,13.99,12.6,13.82,12.6,14.0,12.6,451818,0.0,0.0,0.0,0.0992,-0.0882
2016-01-05,掌趣科技,sz300315,12.47,11.34,11.96,11.75,12.6,11.75,632723,0.0,0.0,0.0,0.0896,-0.0175
2016-01-06,掌趣科技,sz300315,12.15,11.76,11.95,12.08,11.75,12.08,399868,0.0,0.0,0.0,0.0331,0.0108
2016-01-07,掌趣科技,sz300315,11.8,10.87,11.8,10.87,12.08,10.87,129454,0.0,0.0,0.0,0.0769,-0.0788
2016-01-08,掌趣科技,sz300315,11.35,9.86,11.15,10.77,10.87,10.77,569515,0.0,0.0,0.0,0.137,-0.034
2016-01-11,掌趣科技,sz300315,10.66,9.69,10.35,9.69,10.77,9.69,533262,0.0,0.0,0.0,0.09,-0.0637
2016-01-12,掌趣科技,sz300315,10.27,9.5,9.73,10.03,9.69,10.03,489929,0.0,0.0,0.0,0.0794,0.0308
2016-01-13,掌趣科技,sz300315,10.34,9.68,10.12,9.8,10.03,9.8,457776,0.0,0.0,0.0,0.0658,-0.0316
2016-01-14,掌趣科技,sz300315,10.78,9.3,9.38,10.78,9.8,10.78,686140,0.0,0.0,0.0,0.151,0.1492
2016-01-15,掌趣科技,sz300315,11.86,11.35,11.4,11.52,10.78,11.52,1990612,0.0,0.0,0.0,0.0473,0.0105
2016-01-18,掌趣科技,sz300315,12.54,11.42,11.42,11.92,11.52,11.92,1731871,0.0,0.0,0.0,0.0972,0.0437
2016-01-19,掌趣科技,sz300315,12.19,11.36,11.62,12.05,11.92,12.05,1476440,0.0,0.0,0.0,0.0696,0.037
2016-01-20,掌趣科技,sz300315,12.28,11.65,11.9,11.71,12.05,11.71,991380,0.0,0.0,0.0,0.0522,-0.0159
2016-01-21,掌趣科技,sz300315,12.15,11.24,11.62,11.29,11.71,11.29,958052,0.0,0.0,0.0,0.0777,-0.0283
2016-01-22,掌趣科技,sz300315,12.42,11.19,11.46,12.12,11.29,12.12,1595533,0.0,0.0,0.0,0.1089,0.0575
2016-01-25,掌趣科技,sz300315,12.09,11.59,12.0,11.98,12.12,11.98,1184390,0.0,0.0,0.0,0.0412,-0.0016
2016-01-26,掌趣科技,sz300315,11.87,10.78,11.8,10.78,11.98,10.78,905747,0.0,0.0,0.0,0.0909,-0.0864
2016-01-27,掌趣科技,sz300315,11.85,10.48,10.71,11.66,10.78,11.66,1317695,0.0,0.0,0.0,0.127,0.0887
2016-01-28,掌趣科技,sz300315,11.42,10.6,11.21,10.76,11.66,10.76,914129,0.0,0.0,0.0,0.0703,-0.0401
2016-01-29,掌趣科技,sz300315,11.5,10.76,10.79,11.19,10.76,11.19,767539,0.0,0.0,0.0,0.0687,0.037
2016-02-01,掌趣科技,sz300315,11.2,10.71,11.1,11.03,11.19,11.03,594207,0.0,0.0,0.0,0.0437,-0.0063
2016-02-02,掌趣科技,sz300315,11.85,11.01,11.04,11.44,11.03,11.44,806146,0.0,0.0,0.0,0.0761,0.0362
2016-02-03,掌趣科技,sz300315,11.59,11.11,11.2,11.46,11.44,11.46,626491,0.0,0.0,0.0,0.0419,0.0232
2016-02-04,掌趣科技,sz300315,11.84,11.4,11.46,11.66,11.46,11.66,813505,0.0,0.0,0.0,0.0383,0.0174
2016-02-05,掌趣科技,sz300315,11.7,11.19,11.7,11.2,11.66,11.2,556747,0.0,0.0,0.0,0.0437,-0.0427
2016-02-08,掌趣科技,sz300315,11.7,11.19,11.7,11.2,11.2,11.2,556747,0.0,0.0,0.0,0.0455,-0.0427
2016-02-09,掌趣科技,sz300315,11.7,11.19,11.7,11.2,11.2,11.2,556747,0.0,0.0,0.0,0.0455,-0.0427
2016-02-10,掌趣科技,sz300315,11.7,11.19,11.7,11.2,11.2,11.2,556747,0.0,0.0,0.0,0.0455,-0.0427
2016-02-11,掌趣科技,sz300315,11.7,11.19,11.7,11.2,11.2,11.2,556747,0.0,0.0,0.0,0.0455,-0.0427
2016-02-12,掌趣科技,sz300315,11.7,11.19,11.7,11.2,11.2,11.2,556747,0.0,0.0,0.0,0.0455,-0.0427
2016-02-15,掌趣科技,sz300315,11.44,10.7,10.7,11.23,11.2,11.23,463273,0.0,0.0,0.0,0.066,0.0495
2016-02-16,掌趣科技,sz300315,11.82,11.2,11.3,11.68,11.23,11.68,719646,0.0,0.0,0.0,0.0552,0.0336
2016-02-17,掌趣科技,sz300315,12.18,11.51,11.65,12.03,11.68,12.03,1000027,0.0,0.0,0.0,0.0573,0.0326
2016-02-18,掌趣科技,sz300315,12.14,11.7,12.0,11.8,12.03,11.8,727459,0.0,0.0,0.0,0.0365,-0.0166
2016-02-19,掌趣科技,sz300315,12.3,11.7,11.73,11.98,11.8,11.98,736246,0.0,0.0,0.0,0.0508,0.0213
2016-02-22,掌趣科技,sz300315,12.31,11.9,12.16,12.23,11.98,12.23,774486,0.0,0.0,0.0,0.0342,0.0057
2016-02-23,掌趣科技,sz300315,12.22,11.75,12.15,11.9,12.23,11.9,558357,0.0,0.0,0.0,0.0384,-0.0205
2016-02-24,掌趣科技,sz300315,11.98,11.5,11.82,11.82,11.9,11.82,464853,0.0,0.0,0.0,0.0403,0.0
2016-02-25,掌趣科技,sz300315,11.85,10.64,11.84,10.64,11.82,10.64,672598,0.0,0.0,0.0,0.1023,-0.1013
2016-02-26,掌趣科技,sz300315,10.88,10.24,10.75,10.48,10.64,10.48,419874,0.0,0.0,0.0,0.0601,-0.0251
2016-02-29,掌趣科技,sz300315,10.64,9.47,10.49,9.68,10.48,9.68,544341,0.0,0.0,0.0,0.1116,-0.0772
2016-03-01,掌趣科技,sz300315,10.65,9.5,9.79,10.65,9.68,10.65,556600,0.0,0.0,0.0,0.1188,0.0878
2016-03-02,掌趣科技,sz300315,11.53,10.82,10.92,11.35,10.65,11.35,1208781,0.0,0.0,0.0,0.0666,0.0393
2016-03-03,掌趣科技,sz300315,11.75,11.12,11.13,11.38,11.35,11.38,1142700,0.0,0.0,0.0,0.0555,0.0224
2016-03-04,掌趣科技,sz300315,11.25,10.55,11.14,10.65,11.38,10.65,836391,0.0,0.0,0.0,0.0615,-0.0439
2016-03-07,掌趣科技,sz300315,11.48,10.79,10.85,11.07,10.65,11.07,648541,0.0,0.0,0.0,0.0647,0.0202
2016-03-08,掌趣科技,sz300315,11.71,10.12,10.85,11.43,11.07,11.43,992068,0.0,0.0,0.0,0.1436,0.0534
2016-03-09,掌趣科技,sz300315,11.96,11.0,11.1,11.35,11.43,11.35,1104863,0.0,0.0,0.0,0.0839,0.0225
2016-03-10,掌趣科技,sz300315,11.4,10.8,11.17,10.87,11.35,10.87,679638,0.0,0.0,0.0,0.0528,-0.0268
2016-03-11,掌趣科技,sz300315,11.08,10.58,10.7,10.82,10.87,10.82,433932,0.0,0.0,0.0,0.0459,0.0112
2016-03-14,掌趣科技,sz300315,11.87,10.83,10.95,11.45,10.82,11.45,1082899,0.0,0.0,0.0,0.0961,0.0456
2016-03-15,掌趣科技,sz300315,11.48,10.98,11.3,11.03,11.45,11.03,847360,0.0,0.0,0.0,0.0436,-0.0238
2016-03-16,掌趣科技,sz300315,11.33,10.72,11.23,10.91,11.03,10.91,710333,0.0,0.0,0.0,0.0553,-0.0284
2016-03-17,掌趣科技,sz300315,11.67,10.89,10.95,11.42,10.91,11.42,1348971,0.0,0.0,0.0,0.0714,0.0429
2016-03-18,掌趣科技,sz300315,12.14,11.3,11.4,11.88,11.42,11.88,1786044,0.0,0.0,0.0,0.0735,0.0421
2016-03-21,掌趣科技,sz300315,12.26,11.73,12.01,12.13,11.88,12.13,1719501,0.0,0.0,0.0,0.0446,0.0099
2016-03-22,掌趣科技,sz300315,13.13,11.82,11.95,12.53,12.13,12.53,2127380,0.0,0.0,0.0,0.1079,0.0485
2016-03-23,掌趣科技,sz300315,12.59,12.08,12.4,12.5,12.53,12.5,1410043,0.0,0.0,0.0,0.0407,0.008
2016-03-24,掌趣科技,sz300315,12.34,11.84,12.3,11.87,12.5,11.87,1349507,0.0,0.0,0.0,0.04,-0.0349
2016-03-25,掌趣科技,sz300315,12.4,11.86,11.88,12.23,11.87,12.23,1174621,0.0,0.0,0.0,0.0454,0.0294
