2016-03-25
2011-10-21,隆华节能,sz300263,27.76,26.81,27.26,27.12,27.5,6.6101,2408300,0.0,0.0,0.0,0.0345,-0.0051
2011-10-24,隆华节能,sz300263,28.69,26.42,27.27,28.5,27.12,6.9464,4623400,0.0,0.0,0.0,0.0837,0.0451
2011-10-25,隆华节能,sz300263,30.85,28.41,28.74,30.29,28.5,7.3827,10497100,0.0,0.0,0.0,0.0856,0.0539
2011-10-26,隆华节能,sz300263,31.78,29.99,30.0,30.36,30.29,7.3998,10380700,0.0,0.0,0.0,0.059,0.0119
2011-10-27,隆华节能,sz300263,31.75,30.15,30.3,30.89,30.36,7.5289,8145500,0.0,0.0,0.0,0.0527,0.0194
2011-10-28,隆华节能,sz300263,32.45,30.3,31.25,32.31,30.89,7.875,9602500,0.0,0.0,0.0,0.0696,0.0339
2011-10-31,隆华节能,sz300263,32.3,31.55,31.88,32.05,32.31,7.8117,4941500,0.0,0.0,0.0,0.0232,0.0053
2011-11-01,隆华节能,sz300263,32.27,30.82,31.65,30.99,32.05,7.5533,7202700,0.0,0.0,0.0,0.0452,-0.0208
2011-11-02,隆华节能,sz300263,33.1,30.4,30.4,32.82,30.99,7.9994,7890400,0.0,0.0,0.0,0.0871,0.0796
2011-11-03,隆华节能,sz300263,33.18,31.61,32.8,31.74,32.82,7.7361,8231700,0.0,0.0,0.0,0.0478,-0.0323
2011-11-04,隆华节能,sz300263,32.35,31.18,31.89,31.42,31.74,7.6581,4805300,0.0,0.0,0.0,0.0368,-0.0147
2011-11-07,隆华节能,sz300263,31.55,30.7,31.29,31.07,31.42,7.5728,4762800,0.0,0.0,0.0,0.027,-0.007
2011-11-08,隆华节能,sz300263,31.52,30.3,31.03,30.5,31.07,7.4339,4438400,0.0,0.0,0.0,0.0392,-0.017
2011-11-09,隆华节能,sz300263,31.64,30.51,30.8,31.56,30.5,7.6922,4926400,0.0,0.0,0.0,0.037,0.0246
2011-11-10,隆华节能,sz300263,31.85,30.85,31.0,30.9,31.56,7.5314,5391800,0.0,0.0,0.0,0.0316,-0.0032
2011-11-11,隆华节能,sz300263,30.98,29.86,30.81,29.99,30.9,7.3096,5022000,0.0,0.0,0.0,0.0362,-0.0266
2011-11-14,隆华节能,sz300263,32.54,30.2,30.42,32.1,29.99,7.8239,6066100,0.0,0.0,0.0,0.078,0.0552
2011-11-15,隆华节能,sz300263,32.42,31.5,31.9,32.42,32.1,7.9019,4769800,0.0,0.0,0.0,0.0286,0.0163
2011-11-16,隆华节能,sz300263,32.73,31.25,32.6,31.6,32.42,7.702,4964000,0.0,0.0,0.0,0.0456,-0.0306
2011-11-17,隆华节能,sz300263,34.76,31.7,31.81,33.76,31.6,8.2285,15199700,0.0,0.0,0.0,0.0968,0.0613
2011-11-18,隆华节能,sz300263,34.42,33.12,33.33,33.9,33.76,8.2626,11086600,0.0,0.0,0.0,0.0385,0.0171
2011-11-21,隆华节能,sz300263,33.85,32.68,33.5,33.84,33.9,8.248,5597600,0.0,0.0,0.0,0.0345,0.0101
2011-11-22,隆华节能,sz300263,33.84,32.32,33.5,33.15,33.84,8.0798,5186500,0.0,0.0,0.0,0.0449,-0.0104
2011-11-23,隆华节能,sz300263,34.23,32.71,32.9,33.45,33.15,8.1529,6421600,0.0,0.0,0.0,0.0458,0.0167
2011-11-24,隆华节能,sz300263,34.95,32.38,33.01,34.86,33.45,8.4966,9205100,0.0,0.0,0.0,0.0768,0.056
2011-11-25,隆华节能,sz300263,34.8,33.37,34.41,33.75,34.86,8.226,7218200,0.0,0.0,0.0,0.041,-0.0191
2011-11-28,隆华节能,sz300263,33.95,32.51,33.82,32.9,33.75,8.0189,4465000,0.0,0.0,0.0,0.0426,-0.0272
2011-11-29,隆华节能,sz300263,33.35,31.72,33.1,32.6,32.9,7.9457,6272300,0.0,0.0,0.0,0.0495,-0.0151
2011-11-30,隆华节能,sz300263,33.01,29.61,32.45,30.1,32.6,7.3364,7003800,0.0,0.0,0.0,0.1042,-0.0724
2011-12-01,隆华节能,sz300263,31.66,30.1,31.25,30.25,30.1,7.373,5924700,0.0,0.0,0.0,0.0518,-0.032
2011-12-02,隆华节能,sz300263,30.25,29.01,29.81,29.58,30.25,7.2097,3326600,0.0,0.0,0.0,0.0409,-0.0077
2011-12-05,隆华节能,sz300263,29.56,28.35,29.29,28.41,29.58,6.9245,2285300,0.0,0.0,0.0,0.0409,-0.03
2011-12-06,隆华节能,sz300263,29.61,28.4,28.59,29.3,28.41,7.1414,2786300,0.0,0.0,0.0,0.0425,0.0248
2011-12-07,隆华节能,sz300263,29.57,28.9,29.29,29.26,29.3,7.1317,2347400,0.0,0.0,0.0,0.0228,-0.001
2011-12-08,隆华节能,sz300263,30.47,28.6,29.21,29.66,29.26,7.2292,3879600,0.0,0.0,0.0,0.0639,0.0154
2011-12-09,隆华节能,sz300263,29.86,29.02,29.21,29.65,29.66,7.2267,2138300,0.0,0.0,0.0,0.0283,0.015
2011-12-12,隆华节能,sz300263,29.64,28.95,29.6,28.95,29.65,7.0561,1902600,0.0,0.0,0.0,0.0232,-0.0219
2011-12-13,隆华节能,sz300263,28.9,27.6,28.9,27.85,28.95,6.788,2436300,0.0,0.0,0.0,0.0449,-0.0363
2011-12-14,隆华节能,sz300263,28.4,27.4,27.85,27.55,27.85,6.7149,1504600,0.0,0.0,0.0,0.0359,-0.0107
2011-12-15,隆华节能,sz300263,28.17,27.12,27.21,27.29,27.55,6.6515,1913700,0.0,0.0,0.0,0.0381,0.0029
2011-12-16,隆华节能,sz300263,28.38,26.6,27.3,28.3,27.29,6.8977,5096800,0.0,0.0,0.0,0.0652,0.0366
2011-12-19,隆华节能,sz300263,28.76,27.1,27.7,28.62,28.3,6.9757,3904400,0.0,0.0,0.0,0.0586,0.0332
2011-12-20,隆华节能,sz300263,28.95,27.2,28.35,27.2,28.62,6.6296,5399800,0.0,0.0,0.0,0.0611,-0.0405
2011-12-21,隆华节能,sz300263,27.67,26.01,27.47,26.08,27.2,6.3566,4638800,0.0,0.0,0.0,0.061,-0.0506
2011-12-22,隆华节能,sz300263,25.92,24.55,25.79,25.31,26.08,6.1689,6112900,0.0,0.0,0.0,0.0525,-0.0186
2011-12-23,隆华节能,sz300263,25.9,24.8,25.2,25.3,25.31,6.1665,3096300,0.0,0.0,0.0,0.0434,0.0039
2011-12-26,隆华节能,sz300263,26.53,25.35,26.37,25.51,25.3,6.2177,7318200,0.0,0.0,0.0,0.0466,-0.0326
2011-12-27,隆华节能,sz300263,25.35,23.61,25.1,23.7,25.51,5.7765,6339800,0.0,0.0,0.0,0.0682,-0.0557
2011-12-28,隆华节能,sz300263,23.5,22.71,23.5,23.3,23.7,5.679,6445400,0.0,0.0,0.0,0.0333,-0.0085
2011-12-29,隆华节能,sz300263,23.71,22.91,22.95,23.27,23.3,5.6717,3883400,0.0,0.0,0.0,0.0343,0.0139
2011-12-30,隆华节能,sz300263,24.15,23.33,23.5,23.95,23.27,5.8374,5332200,0.0,0.0,0.0,0.0352,0.0191
2012-01-02,隆华节能,sz300263,24.15,23.33,23.5,23.95,23.95,5.8374,5332200,0.0,0.0,0.0,0.0342,0.0191
2012-01-03,隆华节能,sz300263,24.15,23.33,23.5,23.95,23.95,5.8374,5332200,0.0,0.0,0.0,0.0342,0.0191
2012-01-04,隆华节能,sz300263,25.95,24.0,24.38,24.05,23.95,5.8618,11622600,0.0,0.0,0.0,0.0814,-0.0135
2012-01-05,隆华节能,sz300263,25.8,23.54,23.65,24.98,24.05,6.0885,12871600,0.0,0.0,0.0,0.0939,0.0562
2012-01-06,隆华节能,sz300263,25.6,23.85,24.55,25.48,24.98,6.2103,9946900,0.0,0.0,0.0,0.07,0.0378
2012-01-09,隆华节能,sz300263,26.66,25.05,25.2,26.28,25.48,6.4053,9370600,0.0,0.0,0.0,0.0631,0.0428
2012-01-10,隆华节能,sz300263,27.15,26.02,26.02,26.67,26.28,6.5004,10195700,0.0,0.0,0.0,0.0429,0.0249
2012-01-11,隆华节能,sz300263,27.24,26.4,26.52,26.8,26.67,6.5321,5822300,0.0,0.0,0.0,0.0314,0.0105
2012-01-12,隆华节能,sz300263,26.93,25.86,26.58,26.3,26.8,6.4102,5112600,0.0,0.0,0.0,0.0399,-0.0105
2012-01-13,隆华节能,sz300263,26.5,24.41,26.3,24.82,26.3,6.0495,7345200,0.0,0.0,0.0,0.0794,-0.0562
2012-01-16,隆华节能,sz300263,26.02,24.1,24.44,24.8,24.82,6.0446,4949200,0.0,0.0,0.0,0.0773,0.0147
2012-01-17,隆华节能,sz300263,27.28,24.18,24.98,27.06,24.8,6.5954,6924500,0.0,0.0,0.0,0.125,0.0832
2012-01-18,隆华节能,sz300263,27.39,24.35,26.94,24.43,27.06,5.9544,6570200,0.0,0.0,0.0,0.1123,-0.0931
2012-01-19,隆华节能,sz300263,26.3,23.6,24.03,26.0,24.43,6.3371,6656000,0.0,0.0,0.0,0.1105,0.0819
2012-01-20,隆华节能,sz300263,26.3,25.67,25.78,26.29,26.0,6.4078,3675000,0.0,0.0,0.0,0.0242,0.0197
2012-01-23,隆华节能,sz300263,26.29,26.29,26.29,26.29,26.29,6.4078,0,0.0,0.0,0.0,0.0,0.0
2012-01-24,隆华节能,sz300263,26.29,26.29,26.29,26.29,26.29,6.4078,0,0.0,0.0,0.0,0.0,0.0
2012-01-25,隆华节能,sz300263,26.29,26.29,26.29,26.29,26.29,6.4078,0,0.0,0.0,0.0,0.0,0.0
2012-01-26,隆华节能,sz300263,26.29,26.29,26.29,26.29,26.29,6.4078,0,0.0,0.0,0.0,0.0,0.0
2012-01-27,隆华节能,sz300263,26.29,26.29,26.29,26.29,26.29,6.4078,0,0.0,0.0,0.0,0.0,0.0
2012-01-30,隆华节能,sz300263,28.08,26.12,26.35,27.1,26.29,6.6052,5869000,0.0,0.0,0.0,0.0745,0.0284
2012-01-31,隆华节能,sz300263,27.44,26.15,27.01,26.8,27.1,6.5321,4234800,0.0,0.0,0.0,0.0476,-0.0077
2012-02-01,隆华节能,sz300263,27.99,26.6,26.87,27.38,26.8,6.6734,5307800,0.0,0.0,0.0,0.0518,0.0189
2012-02-02,隆华节能,sz300263,27.7,26.68,27.2,27.66,27.38,6.7417,3917900,0.0,0.0,0.0,0.0372,0.0169
2012-02-03,隆华节能,sz300263,28.15,27.31,27.6,27.87,27.66,6.7929,4683400,0.0,0.0,0.0,0.0303,0.0097
2012-02-06,隆华节能,sz300263,28.18,27.58,28.0,27.84,27.87,6.7856,4381900,0.0,0.0,0.0,0.0215,-0.0057
2012-02-07,隆华节能,sz300263,27.6,26.86,27.6,27.1,27.84,6.6052,4165900,0.0,0.0,0.0,0.0265,-0.0181
2012-02-08,隆华节能,sz300263,27.89,27.01,27.05,27.83,27.1,6.7831,3963800,0.0,0.0,0.0,0.0324,0.0288
2012-02-09,隆华节能,sz300263,28.5,27.67,27.67,27.81,27.83,6.7782,4345000,0.0,0.0,0.0,0.0298,0.005
2012-02-10,隆华节能,sz300263,28.9,27.64,27.81,28.9,27.81,7.0439,7029700,0.0,0.0,0.0,0.0453,0.0391
2012-02-13,隆华节能,sz300263,29.75,28.55,28.78,29.31,28.9,7.1438,7183000,0.0,0.0,0.0,0.0415,0.0184
2012-02-14,隆华节能,sz300263,29.37,28.56,29.1,29.37,29.31,7.1585,4230100,0.0,0.0,0.0,0.0276,0.0092
2012-02-15,隆华节能,sz300263,29.51,28.8,29.3,29.41,29.37,7.1682,4550300,0.0,0.0,0.0,0.0241,0.0037
2012-02-16,隆华节能,sz300263,29.35,28.61,29.2,28.98,29.41,7.0634,3600700,0.0,0.0,0.0,0.0251,-0.0075
2012-02-17,隆华节能,sz300263,30.4,28.42,28.9,29.9,28.98,7.2876,6911300,0.0,0.0,0.0,0.0683,0.0346
2012-02-20,隆华节能,sz300263,30.5,29.69,30.4,29.72,29.9,7.2438,4889600,0.0,0.0,0.0,0.027,-0.0223
2012-02-21,隆华节能,sz300263,30.97,29.61,29.99,30.91,29.72,7.5338,7521000,0.0,0.0,0.0,0.0457,0.0306
2012-02-22,隆华节能,sz300263,31.44,30.55,30.78,31.35,30.91,7.6411,6668100,0.0,0.0,0.0,0.0287,0.0185
2012-02-23,隆华节能,sz300263,32.6,31.0,31.44,32.39,31.35,7.8945,6691800,0.0,0.0,0.0,0.051,0.0302
2012-02-24,隆华节能,sz300263,32.95,31.88,32.25,32.69,32.39,7.9677,6517200,0.0,0.0,0.0,0.033,0.0136
2012-02-27,隆华节能,sz300263,34.95,32.62,32.85,34.8,32.69,8.4819,11720600,0.0,0.0,0.0,0.0712,0.0593
2012-02-28,隆华节能,sz300263,33.48,31.32,33.48,31.32,34.8,7.6338,20204700,0.0,0.0,0.0,0.062,-0.0645
2012-02-29,隆华节能,sz300263,30.66,29.54,30.39,29.6,31.32,7.2145,12120900,0.0,0.0,0.0,0.0357,-0.0259
2012-03-01,隆华节能,sz300263,30.13,29.55,29.65,29.7,29.6,7.2389,6531200,0.0,0.0,0.0,0.0195,0.0016
2012-03-02,隆华节能,sz300263,30.2,29.7,29.7,30.0,29.7,7.312,5955300,0.0,0.0,0.0,0.0168,0.0101
2012-03-05,隆华节能,sz300263,30.91,30.02,30.16,30.33,30.0,7.3925,7662800,0.0,0.0,0.0,0.0296,0.0056
2012-03-06,隆华节能,sz300263,30.29,29.23,30.29,29.4,30.33,7.1658,5831400,0.0,0.0,0.0,0.0349,-0.0293
2012-03-07,隆华节能,sz300263,30.16,29.01,29.19,29.5,29.4,7.1902,5754300,0.0,0.0,0.0,0.0391,0.0106
2012-03-08,隆华节能,sz300263,30.1,29.56,29.6,29.8,29.5,7.2633,4313000,0.0,0.0,0.0,0.0183,0.0067
2012-03-09,隆华节能,sz300263,30.37,29.85,30.0,30.35,29.8,7.3973,6365500,0.0,0.0,0.0,0.0174,0.0116
2012-03-12,隆华节能,sz300263,31.3,30.6,30.62,30.92,30.35,7.5363,7631400,0.0,0.0,0.0,0.023,0.0097
2012-03-13,隆华节能,sz300263,31.28,30.52,30.82,31.1,30.92,7.5801,5819200,0.0,0.0,0.0,0.0245,0.009
2012-03-14,隆华节能,sz300263,31.8,28.9,31.26,29.09,31.1,7.0902,9812200,0.0,0.0,0.0,0.0932,-0.0694
2012-03-15,隆华节能,sz300263,29.8,28.38,29.29,28.82,29.09,7.0244,4327200,0.0,0.0,0.0,0.0488,-0.016
2012-03-16,隆华节能,sz300263,29.8,28.82,28.82,29.79,28.82,7.2608,4457100,0.0,0.0,0.0,0.034,0.0336
2012-03-19,隆华节能,sz300263,29.79,29.79,29.79,29.79,29.79,7.2608,0,0.0,0.0,0.0,0.0,0.0
2012-03-20,隆华节能,sz300263,30.36,28.88,30.21,28.9,29.79,7.0439,4910400,0.0,0.0,0.0,0.0496,-0.0433
2012-03-21,隆华节能,sz300263,29.48,28.18,29.06,28.67,28.9,6.9879,3067600,0.0,0.0,0.0,0.0449,-0.0134
2012-03-22,隆华节能,sz300263,29.48,28.46,28.55,29.26,28.67,7.1317,2959800,0.0,0.0,0.0,0.0355,0.0248
2012-03-23,隆华节能,sz300263,29.03,28.5,28.99,28.8,29.26,7.0195,2108100,0.0,0.0,0.0,0.0181,-0.0065
2012-03-26,隆华节能,sz300263,29.0,28.45,28.78,29.0,28.8,7.0683,1512800,0.0,0.0,0.0,0.019,0.0076
2012-03-27,隆华节能,sz300263,29.36,28.8,29.35,29.08,29.0,7.0878,2894200,0.0,0.0,0.0,0.0193,-0.0091
2012-03-28,隆华节能,sz300263,29.07,26.76,29.07,27.15,29.08,6.6174,4145100,0.0,0.0,0.0,0.0794,-0.066
2012-03-29,隆华节能,sz300263,26.99,26.2,26.35,26.3,27.15,6.4102,1832800,0.0,0.0,0.0,0.029,-0.0018
2012-03-30,隆华节能,sz300263,26.65,25.0,26.36,25.84,26.3,6.2981,2485000,0.0,0.0,0.0,0.0627,-0.0197
2012-04-02,隆华节能,sz300263,25.84,25.84,25.84,25.84,25.84,6.2981,0,0.0,0.0,0.0,0.0,0.0
2012-04-03,隆华节能,sz300263,25.84,25.84,25.84,25.84,25.84,6.2981,0,0.0,0.0,0.0,0.0,0.0
2012-04-04,隆华节能,sz300263,25.84,25.84,25.84,25.84,25.84,6.2981,0,0.0,0.0,0.0,0.0,0.0
2012-04-05,隆华节能,sz300263,26.48,25.6,25.86,26.48,25.84,6.4541,1615800,0.0,0.0,0.0,0.034,0.0239
2012-04-06,隆华节能,sz300263,26.63,26.11,26.63,26.35,26.48,6.4224,1586800,0.0,0.0,0.0,0.0196,-0.0105
2012-04-09,隆华节能,sz300263,26.28,25.51,26.28,25.7,26.35,6.264,1250700,0.0,0.0,0.0,0.0292,-0.022
2012-04-10,隆华节能,sz300263,25.95,24.67,25.7,25.5,25.7,6.2152,2373000,0.0,0.0,0.0,0.0498,-0.0077
2012-04-11,隆华节能,sz300263,25.51,25.01,25.04,25.46,25.5,6.2055,1392600,0.0,0.0,0.0,0.0196,0.0167
2012-04-12,隆华节能,sz300263,26.21,25.3,25.47,26.18,25.46,6.381,2342200,0.0,0.0,0.0,0.0357,0.0278
2012-04-13,隆华节能,sz300263,26.98,26.18,26.25,26.98,26.18,6.5759,2736200,0.0,0.0,0.0,0.0305,0.0278
2012-04-16,隆华节能,sz300263,27.08,26.5,26.93,26.74,26.98,6.5174,2195100,0.0,0.0,0.0,0.0214,-0.007
2012-04-17,隆华节能,sz300263,26.9,26.17,26.9,26.2,26.74,6.3858,2118100,0.0,0.0,0.0,0.0272,-0.026
2012-04-18,隆华节能,sz300263,26.85,26.18,26.18,26.82,26.2,6.5369,1621500,0.0,0.0,0.0,0.0255,0.0244
2012-04-19,隆华节能,sz300263,26.95,26.54,26.88,26.93,26.82,6.5638,2257900,0.0,0.0,0.0,0.0152,0.0018
2012-04-20,隆华节能,sz300263,27.82,26.7,26.88,27.31,26.93,6.6564,2285000,0.0,0.0,0.0,0.0415,0.0159
2012-04-23,隆华节能,sz300263,27.08,25.51,27.08,25.63,27.31,6.2469,4185800,0.0,0.0,0.0,0.0574,-0.0535
2012-04-24,隆华节能,sz300263,25.83,23.85,25.63,24.88,25.63,6.0641,2197400,0.0,0.0,0.0,0.0772,-0.0292
2012-04-25,隆华节能,sz300263,25.4,24.83,24.83,25.09,24.88,6.1153,972000,0.0,0.0,0.0,0.0229,0.0104
2012-04-26,隆华节能,sz300263,25.48,25.1,25.48,25.25,25.09,6.1543,1699900,0.0,0.0,0.0,0.0151,-0.009
2012-04-27,隆华节能,sz300263,12.58,12.17,12.48,12.49,25.25,6.0885,1318400,0.0,0.0,0.0,0.0162,8.0E-4
2012-04-30,隆华节能,sz300263,12.49,12.49,12.49,12.49,12.49,6.0885,0,0.0,0.0,0.0,0.0,0.0
2012-05-01,隆华节能,sz300263,12.49,12.49,12.49,12.49,12.49,6.0885,0,0.0,0.0,0.0,0.0,0.0
2012-05-02,隆华节能,sz300263,12.88,12.49,12.49,12.53,12.49,6.108,2137500,0.0,0.0,0.0,0.0312,0.0032
2012-05-03,隆华节能,sz300263,12.66,12.13,12.66,12.43,12.53,6.0592,1916200,0.0,0.0,0.0,0.0422,-0.0181
2012-05-04,隆华节能,sz300263,12.8,12.4,12.43,12.75,12.43,6.2152,2223500,0.0,0.0,0.0,0.0321,0.0257
2012-05-07,隆华节能,sz300263,13.09,12.62,12.77,13.04,12.75,6.3566,2155700,0.0,0.0,0.0,0.0368,0.0211
2012-05-08,隆华节能,sz300263,13.33,12.93,13.06,13.01,13.04,6.342,2802000,0.0,0.0,0.0,0.0306,-0.0038
2012-05-09,隆华节能,sz300263,13.24,12.7,12.95,12.89,13.01,6.2835,2208300,0.0,0.0,0.0,0.0415,-0.0046
2012-05-10,隆华节能,sz300263,13.15,12.8,12.98,13.02,12.89,6.3468,1594700,0.0,0.0,0.0,0.0271,0.003
2012-05-11,隆华节能,sz300263,13.19,12.62,13.0,12.65,13.02,6.1665,1802100,0.0,0.0,0.0,0.0437,-0.0269
2012-05-14,隆华节能,sz300263,12.78,12.29,12.78,12.39,12.65,6.0397,1966600,0.0,0.0,0.0,0.0387,-0.0305
2012-05-15,隆华节能,sz300263,12.48,12.12,12.43,12.28,12.39,5.9861,1301500,0.0,0.0,0.0,0.029,-0.012
2012-05-16,隆华节能,sz300263,12.33,12.06,12.22,12.13,12.28,5.913,723300,0.0,0.0,0.0,0.0219,-0.0073
2012-05-17,隆华节能,sz300263,12.32,12.09,12.28,12.28,12.13,5.9861,1101900,0.0,0.0,0.0,0.0189,0.0
2012-05-18,隆华节能,sz300263,12.32,11.99,12.12,12.03,12.28,5.8642,1242900,0.0,0.0,0.0,0.0268,-0.0074
2012-05-21,隆华节能,sz300263,12.14,11.91,12.03,12.09,12.03,5.8935,786300,0.0,0.0,0.0,0.0191,0.0049
2012-05-22,隆华节能,sz300263,12.25,12.09,12.25,12.18,12.09,5.9374,1332400,0.0,0.0,0.0,0.0132,-0.0057
2012-05-23,隆华节能,sz300263,12.23,11.21,12.23,11.54,12.18,5.6254,3356100,0.0,0.0,0.0,0.0837,-0.0564
2012-05-24,隆华节能,sz300263,11.55,11.2,11.33,11.26,11.54,5.4889,2432800,0.0,0.0,0.0,0.0303,-0.0061
2012-05-25,隆华节能,sz300263,11.4,10.86,11.28,10.88,11.26,5.3037,2666100,0.0,0.0,0.0,0.0479,-0.0354
2012-05-28,隆华节能,sz300263,11.05,10.66,10.73,11.02,10.88,5.3719,1442800,0.0,0.0,0.0,0.0358,0.027
2012-05-29,隆华节能,sz300263,11.24,11.0,11.02,11.16,11.02,5.4401,1293400,0.0,0.0,0.0,0.0217,0.0127
2012-05-30,隆华节能,sz300263,11.54,11.05,11.16,11.38,11.16,5.5474,1701700,0.0,0.0,0.0,0.0439,0.0197
2012-05-31,隆华节能,sz300263,11.65,11.22,11.23,11.41,11.38,5.562,1780400,0.0,0.0,0.0,0.0377,0.016
2012-06-01,隆华节能,sz300263,12.55,11.45,11.45,11.95,11.41,5.8252,5065700,0.0,0.0,0.0,0.0964,0.0436
2012-06-04,隆华节能,sz300263,11.73,11.3,11.6,11.38,11.95,5.5474,2323900,0.0,0.0,0.0,0.0359,-0.0189
2012-06-05,隆华节能,sz300263,11.5,10.98,11.44,11.0,11.38,5.3621,1737100,0.0,0.0,0.0,0.0456,-0.0384
2012-06-06,隆华节能,sz300263,11.14,10.93,11.14,11.03,11.0,5.3768,729300,0.0,0.0,0.0,0.019,-0.0098
2012-06-07,隆华节能,sz300263,11.3,10.81,11.27,11.04,11.03,5.3816,750900,0.0,0.0,0.0,0.0444,-0.0204
2012-06-08,隆华节能,sz300263,11.16,10.98,11.08,11.11,11.04,5.4158,1033500,0.0,0.0,0.0,0.0163,0.0027
2012-06-11,隆华节能,sz300263,12.2,11.0,11.08,11.99,11.11,5.8447,4807700,0.0,0.0,0.0,0.108,0.0821
2012-06-12,隆华节能,sz300263,11.88,11.54,11.71,11.56,11.99,5.6351,2410400,0.0,0.0,0.0,0.0283,-0.0128
2012-06-13,隆华节能,sz300263,12.65,11.6,11.67,12.3,11.56,5.9959,5518000,0.0,0.0,0.0,0.0908,0.0539
2012-06-14,隆华节能,sz300263,12.78,12.14,12.2,12.27,12.3,5.9812,5631000,0.0,0.0,0.0,0.052,0.0057
2012-06-15,隆华节能,sz300263,12.65,12.06,12.35,12.4,12.27,6.0446,2823600,0.0,0.0,0.0,0.048,0.004
2012-06-18,隆华节能,sz300263,12.6,12.0,12.5,12.54,12.4,6.1128,3066700,0.0,0.0,0.0,0.0483,0.0031
2012-06-19,隆华节能,sz300263,12.45,12.11,12.45,12.35,12.54,6.0202,2008200,0.0,0.0,0.0,0.0271,-0.008
2012-06-20,隆华节能,sz300263,12.66,12.12,12.31,12.31,12.35,6.0007,2144400,0.0,0.0,0.0,0.0437,0.0
2012-06-21,隆华节能,sz300263,12.52,12.03,12.2,12.51,12.31,6.0982,2814000,0.0,0.0,0.0,0.0398,0.0254
2012-06-22,隆华节能,sz300263,12.51,12.51,12.51,12.51,12.51,6.0982,0,0.0,0.0,0.0,0.0,0.0
2012-06-25,隆华节能,sz300263,12.8,12.2,12.47,12.2,12.51,5.9471,3184000,0.0,0.0,0.0,0.0479,-0.0216
2012-06-26,隆华节能,sz300263,11.98,11.21,11.76,11.55,12.2,5.6303,2424800,0.0,0.0,0.0,0.0631,-0.0178
2012-06-27,隆华节能,sz300263,11.77,11.31,11.65,11.43,11.55,5.5718,1429600,0.0,0.0,0.0,0.0398,-0.0188
2012-06-28,隆华节能,sz300263,11.71,11.3,11.54,11.37,11.43,5.5425,958200,0.0,0.0,0.0,0.0358,-0.0147
2012-06-29,隆华节能,sz300263,12.51,11.17,11.34,12.51,11.37,6.0982,6451500,0.0,0.0,0.0,0.1178,0.1031
2012-07-02,隆华节能,sz300263,13.08,12.51,13.02,12.64,12.51,6.1616,8416100,0.0,0.0,0.0,0.0455,-0.0291
2012-07-03,隆华节能,sz300263,13.3,12.34,12.37,13.08,12.64,6.3761,9040300,0.0,0.0,0.0,0.0759,0.0573
2012-07-04,隆华节能,sz300263,13.23,12.46,13.0,12.58,13.08,6.1323,6553500,0.0,0.0,0.0,0.0588,-0.0323
2012-07-05,隆华节能,sz300263,12.63,11.83,12.58,11.99,12.58,5.8447,5259700,0.0,0.0,0.0,0.0635,-0.0468
2012-07-06,隆华节能,sz300263,12.32,11.5,12.01,12.24,11.99,5.9666,4559800,0.0,0.0,0.0,0.0683,0.0191
2012-07-09,隆华节能,sz300263,12.26,11.68,12.05,11.75,12.24,5.7278,3042200,0.0,0.0,0.0,0.0473,-0.0248
2012-07-10,隆华节能,sz300263,11.97,11.3,11.78,11.46,11.75,5.5864,2063400,0.0,0.0,0.0,0.057,-0.0271
2012-07-11,隆华节能,sz300263,11.75,11.41,11.46,11.71,11.46,5.7083,2114200,0.0,0.0,0.0,0.0296,0.0218
2012-07-12,隆华节能,sz300263,11.7,11.11,11.7,11.54,11.71,5.6254,3805900,0.0,0.0,0.0,0.0503,-0.0136
2012-07-13,隆华节能,sz300263,11.18,10.43,11.17,10.45,11.54,5.094,8115800,0.0,0.0,0.0,0.0649,-0.0644
2012-07-16,隆华节能,sz300263,10.41,9.99,10.41,9.99,10.45,4.8698,2963500,0.0,0.0,0.0,0.0401,-0.0403
2012-07-17,隆华节能,sz300263,10.15,9.9,9.98,10.1,9.99,4.9234,1079100,0.0,0.0,0.0,0.025,0.012
2012-07-18,隆华节能,sz300263,10.1,9.77,10.1,10.09,10.1,4.9186,1326300,0.0,0.0,0.0,0.0326,-9.0E-4
2012-07-19,隆华节能,sz300263,10.33,10.07,10.08,10.22,10.09,4.9819,1495500,0.0,0.0,0.0,0.0257,0.0138
2012-07-20,隆华节能,sz300263,10.47,10.11,10.11,10.18,10.22,4.9624,1988200,0.0,0.0,0.0,0.0352,0.0069
2012-07-23,隆华节能,sz300263,10.25,10.0,10.12,10.18,10.18,4.9624,639200,0.0,0.0,0.0,0.0245,0.0059
2012-07-24,隆华节能,sz300263,10.33,9.88,9.88,10.16,10.18,4.9527,821100,0.0,0.0,0.0,0.0442,0.0283
2012-07-25,隆华节能,sz300263,10.39,10.01,10.23,10.3,10.16,5.0209,1758100,0.0,0.0,0.0,0.0374,0.0068
2012-07-26,隆华节能,sz300263,10.57,10.24,10.3,10.31,10.3,5.0258,1697100,0.0,0.0,0.0,0.032,9.0E-4
2012-07-27,隆华节能,sz300263,10.9,10.22,10.35,10.55,10.31,5.1428,2985800,0.0,0.0,0.0,0.0659,0.0193
2012-07-30,隆华节能,sz300263,10.59,10.1,10.39,10.18,10.55,4.9624,1580000,0.0,0.0,0.0,0.0464,-0.0202
2012-07-31,隆华节能,sz300263,10.25,9.61,10.12,9.65,10.18,4.7041,1440200,0.0,0.0,0.0,0.0628,-0.0464
2012-08-01,隆华节能,sz300263,9.98,9.63,9.63,9.83,9.65,4.7918,1087100,0.0,0.0,0.0,0.0362,0.0207
2012-08-02,隆华节能,sz300263,9.89,9.61,9.89,9.74,9.83,4.7479,746100,0.0,0.0,0.0,0.0284,-0.0151
2012-08-03,隆华节能,sz300263,9.96,9.65,9.86,9.96,9.74,4.8552,887300,0.0,0.0,0.0,0.0318,0.0101
2012-08-06,隆华节能,sz300263,10.33,9.82,9.9,10.28,9.96,5.0112,1568900,0.0,0.0,0.0,0.0512,0.0383
2012-08-07,隆华节能,sz300263,10.66,10.24,10.24,10.59,10.28,5.1623,2038500,0.0,0.0,0.0,0.0408,0.0341
2012-08-08,隆华节能,sz300263,10.59,10.32,10.59,10.37,10.59,5.055,1140300,0.0,0.0,0.0,0.0254,-0.0207
2012-08-09,隆华节能,sz300263,10.7,10.32,10.4,10.7,10.37,5.2159,1757100,0.0,0.0,0.0,0.0366,0.0288
2012-08-10,隆华节能,sz300263,10.77,10.51,10.65,10.58,10.7,5.1574,977800,0.0,0.0,0.0,0.0242,-0.0065
2012-08-13,隆华节能,sz300263,11.64,10.51,10.57,10.92,10.58,5.3232,5238300,0.0,0.0,0.0,0.1068,0.0331
2012-08-14,隆华节能,sz300263,11.16,10.66,10.77,11.14,10.92,5.4304,3075900,0.0,0.0,0.0,0.0457,0.0343
2012-08-15,隆华节能,sz300263,11.18,10.89,11.05,10.97,11.14,5.3475,1526800,0.0,0.0,0.0,0.026,-0.0072
2012-08-16,隆华节能,sz300263,11.1,10.68,10.91,10.89,10.97,5.3085,1414300,0.0,0.0,0.0,0.0382,-0.0018
2012-08-17,隆华节能,sz300263,10.99,10.77,10.77,10.97,10.89,5.3475,637100,0.0,0.0,0.0,0.0202,0.0185
2012-08-20,隆华节能,sz300263,11.0,10.75,10.81,10.83,10.97,5.2793,745400,0.0,0.0,0.0,0.0227,0.0018
2012-08-21,隆华节能,sz300263,11.25,10.81,10.88,10.9,10.83,5.3134,1986100,0.0,0.0,0.0,0.0406,0.0018
2012-08-22,隆华节能,sz300263,11.39,10.86,10.86,11.17,10.9,5.445,3039400,0.0,0.0,0.0,0.0486,0.0285
2012-08-23,隆华节能,sz300263,11.96,11.02,11.22,11.59,11.17,5.6498,4513700,0.0,0.0,0.0,0.0841,0.0329
2012-08-24,隆华节能,sz300263,11.94,11.38,11.44,11.45,11.59,5.5815,3721000,0.0,0.0,0.0,0.0483,8.0E-4
2012-08-27,隆华节能,sz300263,11.58,10.95,11.5,11.06,11.45,5.3914,1567400,0.0,0.0,0.0,0.055,-0.0382
2012-08-28,隆华节能,sz300263,11.35,11.0,11.35,11.2,11.06,5.4596,1262000,0.0,0.0,0.0,0.0316,-0.0132
2012-08-29,隆华节能,sz300263,11.59,11.06,11.2,11.53,11.2,5.6205,1586200,0.0,0.0,0.0,0.0473,0.0294
2012-08-30,隆华节能,sz300263,11.67,11.03,11.51,11.2,11.53,5.4596,1780500,0.0,0.0,0.0,0.0555,-0.0269
2012-08-31,隆华节能,sz300263,11.58,11.21,11.25,11.46,11.2,5.5864,2264100,0.0,0.0,0.0,0.033,0.0186
2012-09-03,隆华节能,sz300263,11.68,11.28,11.47,11.59,11.46,5.6498,1494800,0.0,0.0,0.0,0.0349,0.0104
2012-09-04,隆华节能,sz300263,11.62,11.21,11.58,11.23,11.59,5.4743,1484300,0.0,0.0,0.0,0.0353,-0.0302
2012-09-05,隆华节能,sz300263,11.35,11.06,11.35,11.1,11.23,5.4109,1833600,0.0,0.0,0.0,0.0258,-0.022
2012-09-06,隆华节能,sz300263,11.25,11.03,11.17,11.25,11.1,5.484,973000,0.0,0.0,0.0,0.0198,0.0071
2012-09-07,隆华节能,sz300263,11.66,11.3,11.38,11.46,11.25,5.5864,2626000,0.0,0.0,0.0,0.0319,0.007
2012-09-10,隆华节能,sz300263,11.89,11.38,11.47,11.87,11.46,5.7862,3200400,0.0,0.0,0.0,0.0445,0.0348
2012-09-11,隆华节能,sz300263,11.88,11.5,11.87,11.6,11.87,5.6546,2542700,0.0,0.0,0.0,0.032,-0.0227
2012-09-12,隆华节能,sz300263,12.7,11.5,11.69,12.01,11.6,5.8545,4723300,0.0,0.0,0.0,0.1034,0.0273
2012-09-13,隆华节能,sz300263,12.66,11.75,12.02,12.4,12.01,6.0446,7382000,0.0,0.0,0.0,0.0757,0.0316
2012-09-14,隆华节能,sz300263,12.3,11.6,12.03,11.7,12.4,5.7034,5468200,0.0,0.0,0.0,0.0564,-0.0274
2012-09-17,隆华节能,sz300263,11.96,11.4,11.51,11.67,11.7,5.6888,3044100,0.0,0.0,0.0,0.0478,0.0139
2012-09-18,隆华节能,sz300263,11.74,11.53,11.53,11.7,11.67,5.7034,1081700,0.0,0.0,0.0,0.0179,0.0147
2012-09-19,隆华节能,sz300263,11.77,11.51,11.75,11.62,11.7,5.6644,980400,0.0,0.0,0.0,0.0222,-0.011
2012-09-20,隆华节能,sz300263,11.53,10.5,11.53,10.73,11.62,5.2305,3115400,0.0,0.0,0.0,0.0886,-0.0693
2012-09-21,隆华节能,sz300263,10.85,10.24,10.75,10.26,10.73,5.0014,1211000,0.0,0.0,0.0,0.0568,-0.0455
2012-09-24,隆华节能,sz300263,10.44,10.06,10.3,10.28,10.26,5.0112,587800,0.0,0.0,0.0,0.037,-0.0019
2012-09-25,隆华节能,sz300263,10.45,10.18,10.37,10.18,10.28,4.9624,616600,0.0,0.0,0.0,0.0262,-0.0183
2012-09-26,隆华节能,sz300263,10.35,9.91,10.35,10.1,10.18,4.9234,818200,0.0,0.0,0.0,0.0432,-0.0241
2012-09-27,隆华节能,sz300263,10.43,10.03,10.1,10.37,10.1,5.055,901400,0.0,0.0,0.0,0.0396,0.0267
2012-09-28,隆华节能,sz300263,10.85,10.31,10.43,10.75,10.37,5.2403,1726700,0.0,0.0,0.0,0.052,0.0306
2012-10-01,隆华节能,sz300263,10.75,10.75,10.75,10.75,10.75,5.2403,0,0.0,0.0,0.0,0.0,0.0
2012-10-02,隆华节能,sz300263,10.75,10.75,10.75,10.75,10.75,5.2403,0,0.0,0.0,0.0,0.0,0.0
2012-10-03,隆华节能,sz300263,10.75,10.75,10.75,10.75,10.75,5.2403,0,0.0,0.0,0.0,0.0,0.0
2012-10-04,隆华节能,sz300263,10.75,10.75,10.75,10.75,10.75,5.2403,0,0.0,0.0,0.0,0.0,0.0
2012-10-05,隆华节能,sz300263,10.75,10.75,10.75,10.75,10.75,5.2403,0,0.0,0.0,0.0,0.0,0.0
2012-10-08,隆华节能,sz300263,10.8,10.61,10.75,10.65,10.75,5.1915,361000,0.0,0.0,0.0,0.0176,-0.0093
2012-10-09,隆华节能,sz300263,11.72,10.77,10.77,11.72,10.65,5.7131,4703900,0.0,0.0,0.0,0.0892,0.0882
2012-10-10,隆华节能,sz300263,12.89,12.4,12.58,12.89,11.72,6.2835,9410300,0.0,0.0,0.0,0.0418,0.0246
2012-10-11,隆华节能,sz300263,13.58,11.88,13.58,12.01,12.89,5.8545,18108500,0.0,0.0,0.0,0.1318,-0.1156
2012-10-12,隆华节能,sz300263,11.87,11.36,11.6,11.66,12.01,5.6839,8739000,0.0,0.0,0.0,0.0424,0.0051
2012-10-15,隆华节能,sz300263,11.73,11.15,11.6,11.33,11.66,5.523,4818700,0.0,0.0,0.0,0.0497,-0.0232
2012-10-16,隆华节能,sz300263,11.5,11.16,11.29,11.24,11.33,5.4791,3459100,0.0,0.0,0.0,0.03,-0.0044
2012-10-17,隆华节能,sz300263,11.42,11.08,11.24,11.24,11.24,5.4791,3128500,0.0,0.0,0.0,0.0302,0.0
2012-10-18,隆华节能,sz300263,12.1,11.24,11.32,11.76,11.24,5.7326,7841200,0.0,0.0,0.0,0.0765,0.0388
2012-10-19,隆华节能,sz300263,11.78,11.41,11.77,11.48,11.76,5.5961,4118600,0.0,0.0,0.0,0.0314,-0.0246
2012-10-22,隆华节能,sz300263,11.54,11.2,11.45,11.51,11.48,5.6108,1895700,0.0,0.0,0.0,0.0296,0.0052
2012-10-23,隆华节能,sz300263,11.93,11.43,11.51,11.5,11.51,5.6059,5643100,0.0,0.0,0.0,0.0434,-8.0E-4
2012-10-24,隆华节能,sz300263,11.33,11.02,11.2,11.03,11.5,5.3768,4196100,0.0,0.0,0.0,0.0269,-0.0151
2012-10-25,隆华节能,sz300263,11.17,10.85,11.02,10.85,11.03,5.289,1715900,0.0,0.0,0.0,0.029,-0.0154
2012-10-26,隆华节能,sz300263,10.99,10.5,10.88,10.53,10.85,5.133,1869800,0.0,0.0,0.0,0.0451,-0.0321
2012-10-29,隆华节能,sz300263,10.66,10.46,10.51,10.6,10.53,5.1672,903200,0.0,0.0,0.0,0.0189,0.0085
2012-10-30,隆华节能,sz300263,10.75,10.56,10.59,10.66,10.6,5.1964,1146800,0.0,0.0,0.0,0.0179,0.0066
2012-10-31,隆华节能,sz300263,10.92,10.51,10.65,10.79,10.66,5.2598,1749000,0.0,0.0,0.0,0.0384,0.0131
2012-11-01,隆华节能,sz300263,10.99,10.75,10.8,10.8,10.79,5.2647,1969700,0.0,0.0,0.0,0.0222,0.0
2012-11-02,隆华节能,sz300263,10.92,10.73,10.92,10.85,10.8,5.289,1222200,0.0,0.0,0.0,0.0175,-0.0064
2012-11-05,隆华节能,sz300263,11.1,10.76,10.88,10.95,10.85,5.3378,1915700,0.0,0.0,0.0,0.0313,0.0064
2012-11-06,隆华节能,sz300263,10.96,10.34,10.94,10.48,10.95,5.1087,2211000,0.0,0.0,0.0,0.0566,-0.042
2012-11-07,隆华节能,sz300263,10.56,10.3,10.5,10.42,10.48,5.0794,1019600,0.0,0.0,0.0,0.0248,-0.0076
2012-11-08,隆华节能,sz300263,10.57,10.21,10.39,10.4,10.42,5.0697,1661800,0.0,0.0,0.0,0.0345,9.0E-4
2012-11-09,隆华节能,sz300263,10.45,10.22,10.45,10.33,10.4,5.0355,647300,0.0,0.0,0.0,0.0221,-0.0114
2012-11-12,隆华节能,sz300263,10.65,10.35,10.36,10.48,10.33,5.1087,852800,0.0,0.0,0.0,0.029,0.0115
2012-11-13,隆华节能,sz300263,10.66,10.31,10.52,10.5,10.48,5.1184,1414600,0.0,0.0,0.0,0.0333,-0.0019
2012-11-14,隆华节能,sz300263,10.92,10.45,10.49,10.81,10.5,5.2695,1646500,0.0,0.0,0.0,0.0447,0.0305
2012-11-15,隆华节能,sz300263,10.94,10.55,10.8,10.63,10.81,5.1818,1163300,0.0,0.0,0.0,0.036,-0.0157
2012-11-16,隆华节能,sz300263,11.05,10.6,10.69,10.92,10.63,5.3232,1496000,0.0,0.0,0.0,0.0423,0.0215
2012-11-19,隆华节能,sz300263,11.04,10.5,10.88,11.04,10.92,5.3816,1705700,0.0,0.0,0.0,0.0494,0.0147
2012-11-20,隆华节能,sz300263,11.16,10.8,11.04,10.86,11.04,5.2939,1588500,0.0,0.0,0.0,0.0326,-0.0163
2012-11-21,隆华节能,sz300263,10.89,10.41,10.87,10.84,10.86,5.2842,869600,0.0,0.0,0.0,0.0441,-0.0027
2012-11-22,隆华节能,sz300263,10.83,10.56,10.77,10.61,10.84,5.172,634300,0.0,0.0,0.0,0.0249,-0.0148
2012-11-23,隆华节能,sz300263,10.76,10.6,10.76,10.63,10.61,5.1818,428200,0.0,0.0,0.0,0.015,-0.012
2012-11-26,隆华节能,sz300263,10.74,10.56,10.64,10.67,10.63,5.2013,473900,0.0,0.0,0.0,0.0169,0.0028
2012-11-27,隆华节能,sz300263,11.3,10.4,10.9,10.4,10.67,5.0697,2216100,0.0,0.0,0.0,0.0843,-0.0458
2012-11-28,隆华节能,sz300263,10.24,9.63,10.02,9.65,10.4,4.7041,1779700,0.0,0.0,0.0,0.0586,-0.0369
2012-11-29,隆华节能,sz300263,9.8,9.51,9.8,9.68,9.65,4.7187,703500,0.0,0.0,0.0,0.03,-0.0122
2012-11-30,隆华节能,sz300263,9.74,9.52,9.74,9.68,9.68,4.7187,853600,0.0,0.0,0.0,0.0227,-0.0061
2012-12-03,隆华节能,sz300263,9.71,9.2,9.68,9.48,9.68,4.6212,1375200,0.0,0.0,0.0,0.0526,-0.0206
2012-12-04,隆华节能,sz300263,9.51,9.02,9.35,9.4,9.48,4.5822,1376300,0.0,0.0,0.0,0.0516,0.0053
2012-12-05,隆华节能,sz300263,9.85,9.21,9.45,9.72,9.4,4.7382,3286700,0.0,0.0,0.0,0.068,0.0285
2012-12-06,隆华节能,sz300263,9.73,9.52,9.67,9.63,9.72,4.6943,1245500,0.0,0.0,0.0,0.0216,-0.0041
2012-12-07,隆华节能,sz300263,9.86,9.53,9.67,9.85,9.63,4.8016,1596000,0.0,0.0,0.0,0.0342,0.0186
2012-12-10,隆华节能,sz300263,10.13,9.79,9.79,10.12,9.85,4.9332,2436000,0.0,0.0,0.0,0.0345,0.0337
2012-12-11,隆华节能,sz300263,10.32,9.94,10.16,10.06,10.12,4.9039,1348900,0.0,0.0,0.0,0.0375,-0.0098
2012-12-12,隆华节能,sz300263,10.06,9.75,10.01,9.94,10.06,4.8454,1357400,0.0,0.0,0.0,0.0308,-0.0069
2012-12-13,隆华节能,sz300263,10.19,9.81,9.81,9.9,9.94,4.8259,1319100,0.0,0.0,0.0,0.0382,0.0091
2012-12-14,隆华节能,sz300263,10.29,9.8,9.95,10.25,9.9,4.9965,2305300,0.0,0.0,0.0,0.0494,0.0301
2012-12-17,隆华节能,sz300263,10.3,10.01,10.29,10.14,10.25,4.9429,2001200,0.0,0.0,0.0,0.0282,-0.0145
2012-12-18,隆华节能,sz300263,10.2,9.96,10.12,10.05,10.14,4.8991,1403000,0.0,0.0,0.0,0.0236,-0.0069
2012-12-19,隆华节能,sz300263,10.18,10.03,10.14,10.15,10.05,4.9478,2191500,0.0,0.0,0.0,0.0149,9.0E-4
2012-12-20,隆华节能,sz300263,10.22,9.9,10.14,9.95,10.15,4.8503,3427700,0.0,0.0,0.0,0.0315,-0.0187
2012-12-21,隆华节能,sz300263,10.2,9.86,9.95,10.12,9.95,4.9332,3136500,0.0,0.0,0.0,0.0341,0.017
2012-12-24,隆华节能,sz300263,10.27,10.09,10.15,10.25,10.12,4.9965,2156500,0.0,0.0,0.0,0.0177,0.0098
2012-12-25,隆华节能,sz300263,10.66,10.24,10.35,10.51,10.25,5.1233,2950500,0.0,0.0,0.0,0.0409,0.0154
2012-12-26,隆华节能,sz300263,10.9,10.45,10.52,10.85,10.51,5.289,3289200,0.0,0.0,0.0,0.0428,0.0313
2012-12-27,隆华节能,sz300263,11.37,10.61,11.15,10.66,10.85,5.1964,4583500,0.0,0.0,0.0,0.07,-0.0439
2012-12-28,隆华节能,sz300263,10.87,10.56,10.57,10.78,10.66,5.2549,2565400,0.0,0.0,0.0,0.029,0.0198
2012-12-31,隆华节能,sz300263,10.84,10.55,10.84,10.65,10.78,5.1915,2546100,0.0,0.0,0.0,0.0269,-0.0175
2013-01-04,隆华节能,sz300263,10.8,10.36,10.7,10.49,10.65,21.231884,1903488,0.0,0.0,0.0,0.0413,-0.0196
2013-01-07,隆华节能,sz300263,10.99,10.34,10.48,10.94,10.49,22.14269,2189105,0.0,0.0,0.0,0.0619,0.0438
2013-01-08,隆华节能,sz300263,11.19,10.72,10.81,11.07,10.94,22.405811,2491459,0.0,0.0,0.0,0.0429,0.024
2013-01-09,隆华节能,sz300263,11.6,11.04,11.06,11.09,11.07,22.446299,3089072,0.0,0.0,0.0,0.0505,0.0027
2013-01-10,隆华节能,sz300263,11.21,10.9,11.05,10.97,11.09,22.203407,2044192,0.0,0.0,0.0,0.0279,-0.0072
2013-01-11,隆华节能,sz300263,11.3,10.84,10.96,10.94,10.97,22.142681,2627304,0.0,0.0,0.0,0.0419,-0.0018
2013-01-14,隆华节能,sz300263,11.38,10.83,10.83,11.34,10.94,22.952284,2582180,0.0,0.0,0.0,0.0502,0.047
2013-01-15,隆华节能,sz300263,11.89,11.28,11.34,11.66,11.34,23.599974,3423603,0.0,0.0,0.0,0.0537,0.0282
2013-01-16,隆华节能,sz300263,12.16,11.44,11.6,11.5,11.66,23.276136,3964104,0.0,0.0,0.0,0.0617,-0.0086
2013-01-17,隆华节能,sz300263,11.58,11.2,11.4,11.29,11.5,22.85109,1860133,0.0,0.0,0.0,0.033,-0.0096
2013-01-18,隆华节能,sz300263,11.53,11.27,11.37,11.47,11.29,23.215405,1228156,0.0,0.0,0.0,0.023,0.0087
2013-01-21,隆华节能,sz300263,11.55,11.31,11.5,11.4,11.47,23.07372,1092818,0.0,0.0,0.0,0.0209,-0.0086
2013-01-22,隆华节能,sz300263,11.43,10.92,11.38,11.02,11.4,22.304605,1449159,0.0,0.0,0.0,0.0447,-0.0316
2013-01-23,隆华节能,sz300263,11.12,10.66,11.03,10.88,11.02,22.021248,1331664,0.0,0.0,0.0,0.0417,-0.0135
2013-01-24,隆华节能,sz300263,11.04,10.48,10.81,10.54,10.88,21.333084,1209599,0.0,0.0,0.0,0.0514,-0.0249
2013-01-25,隆华节能,sz300263,10.63,10.49,10.63,10.56,10.54,21.373573,793625,0.0,0.0,0.0,0.0132,-0.0065
2013-01-28,隆华节能,sz300263,10.92,10.53,10.62,10.9,10.56,22.061739,1417210,0.0,0.0,0.0,0.0369,0.0263
2013-01-29,隆华节能,sz300263,11.33,10.78,10.9,11.31,10.9,22.89159,2488338,0.0,0.0,0.0,0.0504,0.0376
2013-01-30,隆华节能,sz300263,11.52,11.01,11.18,11.37,11.31,23.013031,2755530,0.0,0.0,0.0,0.045,0.0169
2013-01-31,隆华节能,sz300263,11.43,11.21,11.34,11.38,11.37,23.033281,869866,0.0,0.0,0.0,0.0193,0.0035
2013-02-01,隆华节能,sz300263,11.44,11.22,11.23,11.28,11.38,22.830889,753711,0.0,0.0,0.0,0.0193,0.0044
2013-02-04,隆华节能,sz300263,11.79,11.11,11.28,11.38,11.28,23.033285,1825278,0.0,0.0,0.0,0.0602,0.0088
2013-02-05,隆华节能,sz300263,11.65,11.17,11.21,11.61,11.38,23.49881,1123664,0.0,0.0,0.0,0.0421,0.0356
2013-02-06,隆华节能,sz300263,11.6,11.4,11.6,11.45,11.61,23.174973,693852,0.0,0.0,0.0,0.0172,-0.0129
2013-02-07,隆华节能,sz300263,12.04,11.44,11.49,11.9,11.45,24.085773,2013314,0.0,0.0,0.0,0.0524,0.0356
2013-02-08,隆华节能,sz300263,12.28,11.9,11.9,12.02,11.9,24.328653,1714694,0.0,0.0,0.0,0.0319,0.01
2013-02-18,隆华节能,sz300263,12.15,11.86,12.02,12.03,12.02,24.348896,1023936,0.0,0.0,0.0,0.0241,8.0E-4
2013-02-19,隆华节能,sz300263,12.04,11.47,11.97,11.61,12.03,23.498802,1159238,0.0,0.0,0.0,0.0473,-0.03
2013-02-20,隆华节能,sz300263,12.1,11.55,11.65,12.05,11.61,24.38936,1314624,0.0,0.0,0.0,0.0473,0.0343
2013-02-21,隆华节能,sz300263,12.03,11.4,12.03,11.52,12.05,23.316643,1222186,0.0,0.0,0.0,0.0522,-0.0423
2013-02-22,隆华节能,sz300263,11.7,11.43,11.43,11.48,11.52,23.235687,749300,0.0,0.0,0.0,0.0234,0.0043
2013-02-25,隆华节能,sz300263,12.63,11.49,11.55,12.63,11.48,25.5633,2681462,0.0,0.0,0.0,0.0993,0.0935
2013-02-26,隆华节能,sz300263,12.87,12.11,12.85,12.14,12.63,24.57152,3689715,0.0,0.0,0.0,0.0601,-0.0552
2013-02-27,隆华节能,sz300263,12.48,11.94,12.14,12.32,12.14,24.935843,1707590,0.0,0.0,0.0,0.0444,0.0148
2013-02-28,隆华节能,sz300263,12.78,12.18,12.2,12.54,12.32,25.38112,2036104,0.0,0.0,0.0,0.0487,0.0278
2013-03-01,隆华节能,sz300263,12.9,12.43,12.58,12.82,12.54,25.947857,1606856,0.0,0.0,0.0,0.0374,0.019
2013-03-04,隆华节能,sz300263,12.83,12.33,12.78,12.43,12.82,25.158497,1699426,0.0,0.0,0.0,0.039,-0.0273
2013-03-05,隆华节能,sz300263,12.78,12.44,12.56,12.7,12.43,25.704988,1570473,0.0,0.0,0.0,0.0273,0.0111
2013-03-06,隆华节能,sz300263,13.25,12.7,12.76,13.06,12.7,26.433622,2317262,0.0,0.0,0.0,0.0433,0.0235
2013-03-07,隆华节能,sz300263,13.52,12.85,12.95,13.06,13.06,26.433622,2409321,0.0,0.0,0.0,0.0513,0.0084
2013-03-08,隆华节能,sz300263,13.41,12.58,12.79,12.6,13.06,25.502577,1574441,0.0,0.0,0.0,0.0635,-0.0148
2013-03-11,隆华节能,sz300263,12.84,12.4,12.6,12.5,12.6,25.300163,662348,0.0,0.0,0.0,0.0349,-0.0079
2013-03-12,隆华节能,sz300263,12.81,11.9,12.57,12.23,12.5,24.75368,2024345,0.0,0.0,0.0,0.0728,-0.027
2013-03-13,隆华节能,sz300263,12.63,12.0,12.41,12.3,12.23,24.89537,1498221,0.0,0.0,0.0,0.0515,-0.0088
2013-03-14,隆华节能,sz300263,12.75,12.13,12.3,12.55,12.3,25.40137,1821250,0.0,0.0,0.0,0.0504,0.0203
2013-03-15,隆华节能,sz300263,12.99,12.43,12.59,12.7,12.55,25.704966,1489356,0.0,0.0,0.0,0.0446,0.0087
2013-03-18,隆华节能,sz300263,12.98,12.22,12.7,12.49,12.7,25.279934,1458818,0.0,0.0,0.0,0.0598,-0.0165
2013-03-19,隆华节能,sz300263,12.5,11.91,12.5,12.46,12.49,25.219212,1110627,0.0,0.0,0.0,0.0472,-0.0031
2013-03-20,隆华节能,sz300263,12.85,12.2,12.29,12.77,12.46,25.846666,889874,0.0,0.0,0.0,0.0521,0.039
2013-03-21,隆华节能,sz300263,13.51,12.8,12.8,13.45,12.77,27.223001,2847796,0.0,0.0,0.0,0.0555,0.0507
2013-03-22,隆华节能,sz300263,13.6,13.24,13.6,13.42,13.45,27.162292,1543791,0.0,0.0,0.0,0.0267,-0.0132
2013-03-25,隆华节能,sz300263,13.62,13.23,13.44,13.5,13.42,27.324207,1134062,0.0,0.0,0.0,0.029,0.0044
2013-03-26,隆华节能,sz300263,13.52,13.05,13.46,13.45,13.5,27.223,767356,0.0,0.0,0.0,0.0348,-7.0E-4
2013-03-27,隆华节能,sz300263,13.82,13.44,13.45,13.66,13.45,27.648031,643147,0.0,0.0,0.0,0.0282,0.0156
2013-03-28,隆华节能,sz300263,13.55,13.1,13.25,13.27,13.66,26.858652,841505,0.0,0.0,0.0,0.0329,0.0015
2013-03-29,隆华节能,sz300263,13.4,12.92,13.4,13.31,13.27,26.939604,890268,0.0,0.0,0.0,0.0361,-0.0067
2013-04-01,隆华节能,sz300263,13.65,13.16,13.25,13.55,13.31,27.425379,780157,0.0,0.0,0.0,0.0368,0.0226
2013-04-02,隆华节能,sz300263,14.17,13.48,13.48,13.68,13.55,27.6885,1459121,0.0,0.0,0.0,0.0509,0.0148
2013-04-03,隆华节能,sz300263,13.73,13.12,13.42,13.53,13.68,27.384893,686763,0.0,0.0,0.0,0.0445,0.0081
2013-04-08,隆华节能,sz300263,13.84,13.07,13.41,13.72,13.53,27.76946,938493,0.0,0.0,0.0,0.0569,0.0231
2013-04-09,隆华节能,sz300263,14.24,13.65,13.72,14.21,13.72,28.761219,2426683,0.0,0.0,0.0,0.043,0.0357
2013-04-10,隆华节能,sz300263,14.14,13.55,14.14,13.86,14.21,28.052801,1589737,0.0,0.0,0.0,0.0415,-0.0198
2013-04-11,隆华节能,sz300263,14.02,13.64,13.85,13.89,13.86,28.113535,799997,0.0,0.0,0.0,0.0274,0.0028
2013-04-12,隆华节能,sz300263,14.25,13.75,13.92,14.24,13.89,28.821941,1401611,0.0,0.0,0.0,0.0359,0.0229
2013-04-15,隆华节能,sz300263,14.48,13.9,14.11,14.31,14.24,28.963629,2084146,0.0,0.0,0.0,0.0407,0.0141
2013-04-16,隆华节能,sz300263,14.33,13.82,14.29,14.28,14.31,28.902922,889418,0.0,0.0,0.0,0.0356,-6.0E-4
2013-04-17,隆华节能,sz300263,14.58,14.16,14.29,14.56,14.28,29.46965,1546815,0.0,0.0,0.0,0.0294,0.0188
2013-04-18,隆华节能,sz300263,15.1,14.41,14.49,14.99,14.56,30.339977,3135262,0.0,0.0,0.0,0.0473,0.0345
2013-04-19,隆华节能,sz300263,15.34,14.85,14.97,14.87,14.99,30.097105,2666779,0.0,0.0,0.0,0.0326,-0.0066
2013-04-22,隆华节能,sz300263,15.75,14.7,14.7,15.68,14.87,31.736555,3043525,0.0,0.0,0.0,0.0706,0.0666
2013-04-23,隆华节能,sz300263,15.8,15.21,15.58,15.46,15.68,31.29126,2272549,0.0,0.0,0.0,0.0376,-0.0077
2013-04-24,隆华节能,sz300263,16.38,15.35,15.41,16.28,15.46,32.950947,3584935,0.0,0.0,0.0,0.0666,0.0564
2013-04-25,隆华节能,sz300263,16.63,15.0,16.47,15.09,16.28,30.542366,3895629,0.0,0.0,0.0,0.1001,-0.0837
2013-04-26,隆华节能,sz300263,16.09,14.83,15.16,15.04,15.09,30.44118,4068546,0.0,0.0,0.0,0.0834,-0.0079
2013-06-28,隆华节能,sz300263,16.43,16.43,16.43,16.43,15.04,33.456955,449495,0.0,0.0,0.0,0.0,0.0
2013-07-01,隆华节能,sz300263,18.03,16.68,17.4,17.9,16.43,36.450348,8224062,0.0,0.0,0.0,0.0821,0.0287
2013-07-02,隆华节能,sz300263,19.28,17.58,17.58,18.19,17.9,37.040882,6499694,0.0,0.0,0.0,0.0949,0.0346
2013-07-03,隆华节能,sz300263,18.94,17.88,18.1,18.75,18.19,38.18122,5249396,0.0,0.0,0.0,0.0582,0.0359
2013-07-04,隆华节能,sz300263,18.78,18.09,18.6,18.22,18.75,37.101955,3134210,0.0,0.0,0.0,0.0368,-0.0204
2013-07-05,隆华节能,sz300263,18.98,17.52,18.65,17.53,18.22,35.696903,4302049,0.0,0.0,0.0,0.0801,-0.06
2013-07-08,隆华节能,sz300263,18.05,17.03,17.42,17.59,17.53,35.81909,2359011,0.0,0.0,0.0,0.0581,0.0097
2013-07-09,隆华节能,sz300263,17.75,16.45,17.6,17.0,17.59,34.61765,2427545,0.0,0.0,0.0,0.0739,-0.034
2013-07-10,隆华节能,sz300263,17.59,16.72,17.05,17.28,17.0,35.187836,1880217,0.0,0.0,0.0,0.0511,0.0134
2013-07-11,隆华节能,sz300263,17.66,16.9,17.12,17.05,17.28,34.719486,2082079,0.0,0.0,0.0,0.0439,-0.004
2013-07-12,隆华节能,sz300263,18.51,16.98,16.99,17.99,17.05,36.63364,3404303,0.0,0.0,0.0,0.0897,0.0588
2013-07-15,隆华节能,sz300263,18.66,17.82,18.25,18.5,17.99,37.67217,2826943,0.0,0.0,0.0,0.0466,0.0136
2013-07-16,隆华节能,sz300263,18.5,17.8,18.5,18.15,18.5,36.95945,2663584,0.0,0.0,0.0,0.0378,-0.0189
2013-07-17,隆华节能,sz300263,18.28,17.28,18.06,17.46,18.15,35.55436,1945730,0.0,0.0,0.0,0.055,-0.0332
2013-07-18,隆华节能,sz300263,18.18,17.23,17.39,18.15,17.46,36.959435,2363060,0.0,0.0,0.0,0.0544,0.0437
2013-07-19,隆华节能,sz300263,18.68,17.83,18.03,17.92,18.15,36.491085,2289888,0.0,0.0,0.0,0.0468,-0.0061
2013-07-22,隆华节能,sz300263,19.28,17.71,17.71,19.22,17.92,39.13833,4281387,0.0,0.0,0.0,0.0876,0.0852
2013-07-23,隆华节能,sz300263,21.14,18.9,18.9,21.09,19.22,42.946255,8442314,0.0,0.0,0.0,0.1165,0.1158
2013-07-24,隆华节能,sz300263,21.69,20.52,20.74,21.31,21.09,43.394226,4320818,0.0,0.0,0.0,0.0554,0.0274
2013-07-25,隆华节能,sz300263,21.4,19.8,21.38,19.8,21.31,40.319355,3231243,0.0,0.0,0.0,0.075,-0.0739
2013-07-26,隆华节能,sz300263,20.36,18.9,19.8,19.91,19.8,40.54337,2742612,0.0,0.0,0.0,0.0737,0.0055
2013-07-29,隆华节能,sz300263,20.1,19.4,19.56,19.56,19.91,39.830658,1676694,0.0,0.0,0.0,0.0351,0.0
2013-07-30,隆华节能,sz300263,19.87,18.8,19.57,19.59,19.56,39.891758,1815832,0.0,0.0,0.0,0.0547,0.001
2013-07-31,隆华节能,sz300263,20.58,19.57,19.76,19.88,19.59,40.482277,2114755,0.0,0.0,0.0,0.0515,0.006
2013-08-01,隆华节能,sz300263,20.68,19.51,20.12,20.59,19.88,41.92806,3582640,0.0,0.0,0.0,0.0588,0.0233
2013-08-02,隆华节能,sz300263,20.98,20.25,20.65,20.65,20.59,42.05024,2149558,0.0,0.0,0.0,0.0354,0.0
2013-08-05,隆华节能,sz300263,20.9,20.31,20.69,20.56,20.65,41.86698,1538294,0.0,0.0,0.0,0.0285,-0.0062
2013-08-06,隆华节能,sz300263,20.67,19.73,20.38,20.41,20.56,41.56152,2369570,0.0,0.0,0.0,0.0457,0.0014
2013-08-07,隆华节能,sz300263,20.26,18.91,20.26,19.02,20.41,38.731014,2752055,0.0,0.0,0.0,0.0661,-0.0612
2013-08-08,隆华节能,sz300263,19.27,18.51,19.02,18.66,19.02,37.997955,1611404,0.0,0.0,0.0,0.0399,-0.0189
2013-08-09,隆华节能,sz300263,19.1,18.2,18.86,18.32,18.66,37.30559,2057650,0.0,0.0,0.0,0.0482,-0.0286
2013-08-12,隆华节能,sz300263,19.9,18.74,18.74,19.68,18.32,40.075012,3539011,0.0,0.0,0.0,0.0633,0.0501
2013-08-13,隆华节能,sz300263,20.21,19.01,19.49,20.0,19.68,40.72663,2098790,0.0,0.0,0.0,0.0609,0.0261
2013-08-14,隆华节能,sz300263,20.97,19.9,19.9,20.52,20.0,41.785522,2781627,0.0,0.0,0.0,0.0535,0.0311
2013-08-15,隆华节能,sz300263,21.4,20.3,20.38,20.38,20.52,41.50042,2898278,0.0,0.0,0.0,0.0536,0.0
2013-08-16,隆华节能,sz300263,20.98,19.64,20.29,19.77,20.38,40.25827,1964618,0.0,0.0,0.0,0.0657,-0.0256
2013-08-19,隆华节能,sz300263,20.88,19.57,19.95,20.51,19.77,41.765137,1445584,0.0,0.0,0.0,0.0662,0.028
2013-08-20,隆华节能,sz300263,20.76,19.82,20.3,20.24,20.51,41.215343,1516328,0.0,0.0,0.0,0.0458,-0.0029
2013-08-21,隆华节能,sz300263,21.88,20.03,20.3,21.56,20.24,43.903282,3003875,0.0,0.0,0.0,0.0914,0.062
2013-08-30,隆华节能,sz300263,22.3,20.12,21.89,20.97,21.56,42.70187,2789668,0.0,0.0,0.0,0.1011,-0.042
2013-09-02,隆华节能,sz300263,23.07,21.32,21.5,23.07,20.97,46.978165,2843635,0.0,0.0,0.0,0.0834,0.073
2013-09-03,隆华节能,sz300263,23.75,22.8,22.84,23.0,23.07,46.835632,2789383,0.0,0.0,0.0,0.0411,0.007
2013-09-04,隆华节能,sz300263,24.15,22.85,22.85,23.4,23.0,47.65015,1826573,0.0,0.0,0.0,0.0565,0.024
2013-09-05,隆华节能,sz300263,25.09,23.05,23.35,24.3,23.4,49.48287,2893276,0.0,0.0,0.0,0.0871,0.0406
2013-09-06,隆华节能,sz300263,24.88,23.7,24.13,24.37,24.3,49.62543,1643108,0.0,0.0,0.0,0.0485,0.0099
2013-09-09,隆华节能,sz300263,24.51,23.04,24.51,23.63,24.37,48.118553,1867740,0.0,0.0,0.0,0.0603,-0.0359
2013-09-10,隆华节能,sz300263,24.84,23.5,23.5,23.87,23.63,48.607292,1367551,0.0,0.0,0.0,0.0567,0.0157
2013-09-11,隆华节能,sz300263,24.37,23.03,24.06,23.22,23.87,47.28367,1710931,0.0,0.0,0.0,0.0561,-0.0349
2013-09-12,隆华节能,sz300263,23.75,21.99,23.36,22.99,23.22,46.815323,4276838,0.0,0.0,0.0,0.0757,-0.0158
2013-09-13,隆华节能,sz300263,23.12,22.19,22.6,22.82,22.99,46.469124,2095266,0.0,0.0,0.0,0.0404,0.0097
2013-09-16,隆华节能,sz300263,23.4,22.6,22.65,23.01,22.82,46.856026,1778961,0.0,0.0,0.0,0.035,0.0158
2013-09-17,隆华节能,sz300263,23.37,22.48,23.28,22.53,23.01,45.87861,1362906,0.0,0.0,0.0,0.0386,-0.0322
2013-09-18,隆华节能,sz300263,23.4,22.55,22.58,23.39,22.53,47.62984,1621125,0.0,0.0,0.0,0.0377,0.0358
2013-09-23,隆华节能,sz300263,24.86,23.61,24.0,24.85,23.39,50.602898,2515789,0.0,0.0,0.0,0.0534,0.0354
2013-09-24,隆华节能,sz300263,25.49,24.6,24.85,25.13,24.85,51.17309,3656236,0.0,0.0,0.0,0.0358,0.0112
2013-09-25,隆华节能,sz300263,25.2,24.18,24.61,24.99,25.13,50.888004,2696797,0.0,0.0,0.0,0.0405,0.0154
2013-09-26,隆华节能,sz300263,25.25,24.6,25.0,24.8,24.99,50.501102,1573680,0.0,0.0,0.0,0.026,-0.0079
2013-09-27,隆华节能,sz300263,25.0,24.1,24.96,24.29,24.8,49.462547,1598225,0.0,0.0,0.0,0.0362,-0.0268
2013-09-30,隆华节能,sz300263,24.77,23.88,24.49,24.35,24.29,49.58472,1645961,0.0,0.0,0.0,0.0366,-0.0057
2013-10-08,隆华节能,sz300263,25.13,24.18,24.18,24.5,24.35,49.890163,1803957,0.0,0.0,0.0,0.039,0.0132
2013-10-09,隆华节能,sz300263,25.46,24.32,24.32,25.03,24.5,50.969437,2275416,0.0,0.0,0.0,0.0465,0.0291
2013-10-10,隆华节能,sz300263,25.48,24.5,25.03,24.71,25.03,50.31779,1832771,0.0,0.0,0.0,0.0391,-0.0127
2013-10-11,隆华节能,sz300263,24.99,24.0,24.98,24.5,24.71,49.89014,2217997,0.0,0.0,0.0,0.04,-0.0192
2013-10-14,隆华节能,sz300263,25.01,24.12,24.12,25.01,24.5,50.928654,1498502,0.0,0.0,0.0,0.0363,0.0368
2013-10-15,隆华节能,sz300263,25.33,23.51,25.33,24.3,25.01,49.48284,3190433,0.0,0.0,0.0,0.0727,-0.0406
2013-10-16,隆华节能,sz300263,24.37,22.98,24.3,23.6,24.3,48.05739,2658843,0.0,0.0,0.0,0.0572,-0.0288
2013-10-17,隆华节能,sz300263,24.8,23.5,23.7,24.2,23.6,49.2792,3018612,0.0,0.0,0.0,0.055,0.021
2013-10-18,隆华节能,sz300263,24.29,23.1,24.12,23.14,24.2,47.120674,2082967,0.0,0.0,0.0,0.0491,-0.0406
2013-10-21,隆华节能,sz300263,24.36,23.0,23.38,24.09,23.14,49.055164,2200532,0.0,0.0,0.0,0.0587,0.0303
2013-10-22,隆华节能,sz300263,25.5,24.0,24.0,24.68,24.09,50.256573,4196888,0.0,0.0,0.0,0.0622,0.0283
2013-10-23,隆华节能,sz300263,25.16,23.22,24.9,23.38,24.68,47.60936,2087224,0.0,0.0,0.0,0.0786,-0.061
2013-10-24,隆华节能,sz300263,25.72,23.5,24.0,24.75,23.38,50.399124,3615729,0.0,0.0,0.0,0.0949,0.0312
2013-10-25,隆华节能,sz300263,27.15,24.5,24.74,26.76,24.75,54.492138,5367361,0.0,0.0,0.0,0.107,0.0816
2013-10-28,隆华节能,sz300263,26.58,25.3,26.33,25.65,26.76,52.231804,3991490,0.0,0.0,0.0,0.0478,-0.0258
2013-10-29,隆华节能,sz300263,27.05,24.05,25.55,25.49,25.65,51.905983,4867479,0.0,0.0,0.0,0.1169,-0.0023
2013-10-30,隆华节能,sz300263,26.65,25.1,25.3,26.42,25.49,53.799774,3253153,0.0,0.0,0.0,0.0608,0.0442
2013-10-31,隆华节能,sz300263,28.29,26.18,26.65,26.95,26.42,54.87905,5784973,0.0,0.0,0.0,0.0798,0.0112
2013-11-01,隆华节能,sz300263,26.7,24.28,26.7,25.15,26.95,51.21368,4501615,0.0,0.0,0.0,0.0897,-0.058
2013-11-04,隆华节能,sz300263,26.78,25.36,25.36,25.81,25.15,52.55768,4084624,0.0,0.0,0.0,0.0564,0.0177
2013-11-05,隆华节能,sz300263,26.44,24.7,26.0,26.35,25.81,53.65729,3506795,0.0,0.0,0.0,0.0674,0.0134
2013-11-06,隆华节能,sz300263,27.19,26.03,26.2,26.23,26.35,53.412937,3637664,0.0,0.0,0.0,0.044,0.0011
2013-11-07,隆华节能,sz300263,26.61,25.27,26.03,25.67,26.23,52.272568,2613629,0.0,0.0,0.0,0.051,-0.0138
2013-11-08,隆华节能,sz300263,26.49,25.22,25.5,25.9,25.67,52.740932,3022926,0.0,0.0,0.0,0.0494,0.0156
2013-11-11,隆华节能,sz300263,27.5,25.78,25.9,26.84,25.9,54.65506,5162290,0.0,0.0,0.0,0.0664,0.0362
2013-11-12,隆华节能,sz300263,27.0,26.06,26.83,26.8,26.84,54.573624,3291622,0.0,0.0,0.0,0.035,-0.0011
2013-11-13,隆华节能,sz300263,27.82,26.36,26.6,27.08,26.8,55.143806,4393597,0.0,0.0,0.0,0.0544,0.018
2013-11-14,隆华节能,sz300263,27.61,26.6,26.9,27.29,27.08,55.57145,2996185,0.0,0.0,0.0,0.0372,0.0144
2013-11-15,隆华节能,sz300263,28.8,27.14,27.29,28.09,27.29,57.200523,5612081,0.0,0.0,0.0,0.0608,0.0293
2013-11-18,隆华节能,sz300263,28.2,27.57,28.0,28.14,28.09,57.30234,4709536,0.0,0.0,0.0,0.0224,0.005
2013-11-19,隆华节能,sz300263,28.75,27.8,27.9,27.96,28.14,56.93578,2916987,0.0,0.0,0.0,0.0337,0.0021
2013-11-20,隆华节能,sz300263,28.19,26.88,28.19,27.19,27.96,55.367825,3656537,0.0,0.0,0.0,0.0468,-0.0354
2013-11-21,隆华节能,sz300263,27.56,26.9,27.0,27.17,27.19,55.327072,2500555,0.0,0.0,0.0,0.0242,0.0062
2013-11-22,隆华节能,sz300263,27.4,26.58,27.16,26.58,27.17,54.125645,2140283,0.0,0.0,0.0,0.0301,-0.0213
2013-11-25,隆华节能,sz300263,27.14,26.36,26.6,26.72,26.58,54.410725,1713121,0.0,0.0,0.0,0.0293,0.0045
2013-11-26,隆华节能,sz300263,27.87,26.7,26.78,27.83,26.72,56.671055,2052969,0.0,0.0,0.0,0.0437,0.0392
2013-11-27,隆华节能,sz300263,28.16,27.43,28.0,27.9,27.83,56.813583,2046136,0.0,0.0,0.0,0.0262,-0.0035
2013-11-28,隆华节能,sz300263,28.48,27.64,28.05,28.24,27.9,57.505913,1771162,0.0,0.0,0.0,0.0301,0.0067
2013-11-29,隆华节能,sz300263,28.46,27.75,28.25,27.85,28.24,56.711758,2037597,0.0,0.0,0.0,0.0251,-0.0141
2013-12-02,隆华节能,sz300263,26.63,25.07,26.6,25.58,27.85,52.089294,4483334,0.0,0.0,0.0,0.056,-0.0383
2013-12-03,隆华节能,sz300263,25.9,24.2,25.03,25.5,25.58,51.92641,2166387,0.0,0.0,0.0,0.0664,0.0187
2013-12-04,隆华节能,sz300263,26.17,25.0,25.35,25.0,25.5,50.908237,2059350,0.0,0.0,0.0,0.0458,-0.0138
2013-12-05,隆华节能,sz300263,24.8,23.26,24.8,23.3,25.0,47.44648,4127187,0.0,0.0,0.0,0.0615,-0.0604
2013-12-06,隆华节能,sz300263,24.02,23.4,23.4,23.87,23.3,48.60721,1379296,0.0,0.0,0.0,0.0266,0.02
2013-12-09,隆华节能,sz300263,24.35,23.83,23.95,24.05,23.87,48.973755,1825715,0.0,0.0,0.0,0.0217,0.0041
2013-12-10,隆华节能,sz300263,24.25,23.37,24.07,23.75,24.05,48.362858,1200158,0.0,0.0,0.0,0.0365,-0.0132
2013-12-11,隆华节能,sz300263,24.5,23.55,23.71,24.41,23.75,49.706814,1373824,0.0,0.0,0.0,0.0399,0.0295
2013-12-12,隆华节能,sz300263,25.22,24.28,24.29,24.9,24.41,50.704628,1413728,0.0,0.0,0.0,0.0385,0.0251
2013-12-13,隆华节能,sz300263,25.36,24.79,24.79,25.0,24.9,50.908257,1059447,0.0,0.0,0.0,0.0228,0.0084
2013-12-16,隆华节能,sz300263,25.44,24.82,24.82,25.09,25.0,51.091526,1017733,0.0,0.0,0.0,0.0248,0.0108
2013-12-17,隆华节能,sz300263,25.6,24.61,25.29,25.35,25.09,51.62099,1176966,0.0,0.0,0.0,0.0394,0.0023
2013-12-18,隆华节能,sz300263,25.4,24.55,25.34,24.9,25.35,50.704666,736221,0.0,0.0,0.0,0.0335,-0.0173
2013-12-19,隆华节能,sz300263,25.8,24.58,24.65,25.37,24.9,51.661766,843780,0.0,0.0,0.0,0.0489,0.0292
2013-12-20,隆华节能,sz300263,25.6,24.86,25.25,25.29,25.37,51.498875,542500,0.0,0.0,0.0,0.0291,0.0015
2013-12-23,隆华节能,sz300263,25.31,24.71,25.01,25.11,25.29,51.13236,557439,0.0,0.0,0.0,0.0237,0.0039
2013-12-24,隆华节能,sz300263,26.92,25.15,25.52,26.59,25.11,54.146152,1388681,0.0,0.0,0.0,0.0704,0.0419
2013-12-25,隆华节能,sz300263,29.25,26.32,26.8,29.25,26.59,59.562824,4366550,0.0,0.0,0.0,0.1101,0.0914
2013-12-26,隆华节能,sz300263,29.77,28.31,29.02,28.5,29.25,58.035572,2797319,0.0,0.0,0.0,0.0499,-0.0179
2013-12-27,隆华节能,sz300263,28.95,28.0,28.5,28.88,28.5,58.80936,1877963,0.0,0.0,0.0,0.0333,0.0133
2013-12-30,隆华节能,sz300263,29.51,28.4,28.8,28.88,28.88,58.80936,1407340,0.0,0.0,0.0,0.0384,0.0027
2013-12-31,隆华节能,sz300263,29.43,27.4,28.69,28.5,28.88,58.03555,2649773,0.0,0.0,0.0,0.0702,-0.0066
2014-01-02,隆华节能,sz300263,29.97,28.49,28.89,29.39,28.5,59.84788,2204644,0.0,0.0,0.0,0.0519,0.0173
2014-01-03,隆华节能,sz300263,29.68,28.95,29.5,29.41,29.39,59.888638,1237777,0.0,0.0,0.0,0.0248,-0.003
2014-01-06,隆华节能,sz300263,29.5,27.21,29.49,28.0,29.41,57.0174,1584295,0.0,0.0,0.0,0.0778,-0.0505
2014-01-07,隆华节能,sz300263,28.45,27.8,28.18,28.28,28.0,57.58757,903573,0.0,0.0,0.0,0.0232,0.0035
2014-01-08,隆华节能,sz300263,30.68,28.5,28.59,30.31,28.28,61.72132,2486962,0.0,0.0,0.0,0.077,0.0601
2014-01-09,隆华节能,sz300263,30.31,29.15,30.31,29.55,30.31,60.17372,1349286,0.0,0.0,0.0,0.0382,-0.025
2014-01-10,隆华节能,sz300263,29.55,28.42,29.54,28.59,29.55,58.21886,1003552,0.0,0.0,0.0,0.0382,-0.0321
2014-01-13,隆华节能,sz300263,29.07,28.14,28.66,28.86,28.59,58.768677,877989,0.0,0.0,0.0,0.0325,0.0069
2014-01-14,隆华节能,sz300263,30.3,28.7,28.7,30.2,28.86,61.497368,1154780,0.0,0.0,0.0,0.0554,0.0522
2014-01-15,隆华节能,sz300263,30.59,29.52,30.17,30.37,30.2,61.843536,1462033,0.0,0.0,0.0,0.0354,0.0066
2014-01-16,隆华节能,sz300263,30.4,29.28,30.28,29.6,30.37,60.275555,1139412,0.0,0.0,0.0,0.0368,-0.0224
2014-01-17,隆华节能,sz300263,29.89,29.2,29.41,29.36,29.6,59.78684,735898,0.0,0.0,0.0,0.0233,-0.0017
2014-01-20,隆华节能,sz300263,30.28,28.89,29.13,29.29,29.36,59.644306,1016873,0.0,0.0,0.0,0.0473,0.0054
2014-01-21,隆华节能,sz300263,29.85,28.25,29.25,29.51,29.29,60.092297,1252674,0.0,0.0,0.0,0.0546,0.0088
2014-01-22,隆华节能,sz300263,30.98,28.66,29.0,30.7,29.51,62.51552,2555444,0.0,0.0,0.0,0.0786,0.0586
2014-01-23,隆华节能,sz300263,31.69,30.53,30.53,31.0,30.7,63.12642,1296395,0.0,0.0,0.0,0.0377,0.0153
2014-01-24,隆华节能,sz300263,32.47,30.59,30.82,32.09,31.0,65.34601,1333932,0.0,0.0,0.0,0.0606,0.0412
2014-01-27,隆华节能,sz300263,33.28,31.5,32.3,32.1,32.09,65.366394,1263176,0.0,0.0,0.0,0.0554,-0.0061
2014-01-28,隆华节能,sz300263,33.02,31.66,32.08,32.83,32.1,66.85289,1103683,0.0,0.0,0.0,0.0423,0.0233
2014-01-29,隆华节能,sz300263,33.53,32.6,32.6,32.84,32.83,66.87328,888139,0.0,0.0,0.0,0.0283,0.0073
2014-01-30,隆华节能,sz300263,33.12,29.56,33.0,32.42,32.84,66.01804,1307812,0.0,0.0,0.0,0.1084,-0.0175
2014-02-07,隆华节能,sz300263,32.59,31.0,31.95,32.59,32.42,66.36424,1434127,0.0,0.0,0.0,0.049,0.02
2014-02-10,隆华节能,sz300263,34.29,32.15,32.55,33.83,32.59,68.88927,2478444,0.0,0.0,0.0,0.0656,0.0393
2014-02-11,隆华节能,sz300263,37.21,35.27,35.93,37.21,33.83,75.772064,6729058,0.0,0.0,0.0,0.0573,0.0356
2014-02-12,隆华节能,sz300263,40.25,35.8,37.0,38.17,37.21,77.72698,5715809,0.0,0.0,0.0,0.1195,0.0316
2014-02-13,隆华节能,sz300263,40.35,37.38,38.98,37.5,38.17,76.36264,4886857,0.0,0.0,0.0,0.0778,-0.0379
2014-02-14,隆华节能,sz300263,41.25,37.35,37.78,41.25,37.5,83.9989,5122795,0.0,0.0,0.0,0.1039,0.0918
2014-02-17,隆华节能,sz300263,44.0,41.81,42.53,43.2,41.25,87.96978,6444596,0.0,0.0,0.0,0.053,0.0157
2014-02-18,隆华节能,sz300263,43.4,42.32,43.0,42.88,43.2,87.31819,3611240,0.0,0.0,0.0,0.0249,-0.0027
2014-02-19,隆华节能,sz300263,43.66,40.2,43.6,40.35,42.88,82.166245,4252117,0.0,0.0,0.0,0.0806,-0.0745
2014-02-20,隆华节能,sz300263,41.27,38.78,40.48,40.55,40.35,82.57354,4611220,0.0,0.0,0.0,0.0617,0.0017
2014-02-21,隆华节能,sz300263,41.4,39.61,40.7,40.07,40.55,81.596115,3526544,0.0,0.0,0.0,0.0441,-0.0154
2014-02-24,隆华节能,sz300263,41.59,39.02,40.0,40.69,40.07,82.85866,2812885,0.0,0.0,0.0,0.0641,0.0172
2014-02-25,隆华节能,sz300263,42.5,36.88,40.8,37.51,40.69,76.38309,5954554,0.0,0.0,0.0,0.1381,-0.0806
2014-02-26,隆华节能,sz300263,39.3,36.5,36.96,38.89,37.51,79.19322,3694447,0.0,0.0,0.0,0.0746,0.0522
2014-02-27,隆华节能,sz300263,39.0,35.4,38.61,35.6,38.89,72.49363,3819266,0.0,0.0,0.0,0.0925,-0.0779
2014-02-28,隆华节能,sz300263,37.02,35.5,35.6,36.66,35.6,74.65213,2063970,0.0,0.0,0.0,0.0426,0.0297
2014-03-03,隆华节能,sz300263,38.5,36.32,36.5,38.5,36.66,78.398994,2211821,0.0,0.0,0.0,0.0594,0.0547
2014-03-04,隆华节能,sz300263,38.5,37.07,38.46,38.19,38.5,77.76772,2027572,0.0,0.0,0.0,0.0371,-0.007
2014-03-05,隆华节能,sz300263,41.2,37.81,38.5,40.15,38.19,81.75892,3165398,0.0,0.0,0.0,0.0887,0.0428
2014-03-06,隆华节能,sz300263,40.75,39.22,39.62,40.6,40.15,82.67528,2772866,0.0,0.0,0.0,0.0381,0.0247
2014-03-07,隆华节能,sz300263,40.79,38.58,40.79,38.68,40.6,78.76548,2356463,0.0,0.0,0.0,0.0544,-0.0517
2014-03-10,隆华节能,sz300263,38.11,36.0,38.11,36.5,38.68,74.326256,2249728,0.0,0.0,0.0,0.0545,-0.0422
2014-03-11,隆华节能,sz300263,36.86,34.0,36.39,35.41,36.5,72.10665,2722397,0.0,0.0,0.0,0.0783,-0.0269
2014-03-12,隆华节能,sz300263,35.4,32.86,34.99,34.34,35.41,69.9278,2708252,0.0,0.0,0.0,0.0717,-0.0185
2014-03-13,隆华节能,sz300263,35.2,33.73,34.0,35.09,34.34,71.455025,1444656,0.0,0.0,0.0,0.0428,0.032
2014-03-14,隆华节能,sz300263,36.17,34.4,34.78,35.9,35.09,73.10442,1866835,0.0,0.0,0.0,0.0504,0.0322
2014-03-17,隆华节能,sz300263,37.49,35.41,35.9,37.36,35.9,76.07751,2020745,0.0,0.0,0.0,0.0579,0.0406
2014-03-18,隆华节能,sz300263,38.0,36.67,37.12,37.0,37.36,75.34442,1830054,0.0,0.0,0.0,0.0355,-0.0032
2014-03-19,隆华节能,sz300263,37.18,35.06,36.99,35.5,37.0,72.28989,1628093,0.0,0.0,0.0,0.0572,-0.0402
2014-03-20,隆华节能,sz300263,36.15,32.99,35.28,33.55,35.5,68.319,2355252,0.0,0.0,0.0,0.089,-0.049
2014-03-21,隆华节能,sz300263,33.32,31.75,32.97,33.29,33.55,67.78953,2955376,0.0,0.0,0.0,0.0467,0.0097
2014-03-24,隆华节能,sz300263,32.97,31.78,32.8,31.8,33.29,64.75541,1754450,0.0,0.0,0.0,0.0357,-0.0304
2014-03-25,隆华节能,sz300263,32.58,31.13,31.8,31.9,31.8,64.95906,1837183,0.0,0.0,0.0,0.0455,0.0031
2014-03-26,隆华节能,sz300263,32.56,31.77,31.91,32.38,31.9,65.9365,2339750,0.0,0.0,0.0,0.0247,0.0147
2014-03-27,隆华节能,sz300263,33.69,31.3,33.0,31.3,32.38,63.737255,2200525,0.0,0.0,0.0,0.0738,-0.0515
2014-03-28,隆华节能,sz300263,31.19,29.62,30.52,29.65,31.3,60.37728,2522679,0.0,0.0,0.0,0.0501,-0.0285
2014-03-31,隆华节能,sz300263,30.14,28.6,29.81,29.2,29.65,59.460938,2702200,0.0,0.0,0.0,0.0519,-0.0204
2014-04-01,隆华节能,sz300263,30.15,29.0,29.21,30.14,29.2,61.375103,2150812,0.0,0.0,0.0,0.0393,0.0318
2014-04-02,隆华节能,sz300263,30.31,29.11,30.25,29.64,30.14,60.356953,2286729,0.0,0.0,0.0,0.0398,-0.0201
2014-04-03,隆华节能,sz300263,15.39,14.45,14.73,14.5,29.64,59.37947,4062811,0.0,0.0,0.0,0.0317,-0.0156
2014-04-04,隆华节能,sz300263,15.14,14.11,14.3,15.09,14.5,61.79562,3569895,0.0,0.0,0.0,0.071,0.0552
2014-04-08,隆华节能,sz300263,15.35,14.58,14.88,15.29,15.09,62.61466,3109890,0.0,0.0,0.0,0.051,0.0275
2014-04-09,隆华节能,sz300263,15.54,14.99,15.2,15.22,15.29,62.32801,3705071,0.0,0.0,0.0,0.0359,0.0013
2014-04-10,隆华节能,sz300263,15.56,15.2,15.25,15.34,15.22,62.819405,3473124,0.0,0.0,0.0,0.0236,0.0059
2014-04-11,隆华节能,sz300263,15.2,14.35,15.2,14.59,15.34,59.74804,6900408,0.0,0.0,0.0,0.0554,-0.0401
2014-04-14,隆华节能,sz300263,16.05,14.5,14.5,16.05,14.59,65.72697,13206486,0.0,0.0,0.0,0.1062,0.1068
2014-04-15,隆华节能,sz300263,16.2,15.67,16.1,15.79,16.05,64.662254,8242629,0.0,0.0,0.0,0.033,-0.0192
2014-04-16,隆华节能,sz300263,15.75,14.88,15.75,15.16,15.79,62.082294,8411741,0.0,0.0,0.0,0.055,-0.0374
2014-04-17,隆华节能,sz300263,15.17,14.78,15.1,14.88,15.16,60.935635,5034019,0.0,0.0,0.0,0.0257,-0.0145
2014-04-18,隆华节能,sz300263,15.2,14.8,14.9,15.2,14.88,62.246056,3038061,0.0,0.0,0.0,0.0268,0.0201
2014-04-21,隆华节能,sz300263,15.48,14.91,15.01,15.1,15.2,61.836536,4007567,0.0,0.0,0.0,0.0375,0.0059
2014-04-22,隆华节能,sz300263,15.24,14.55,15.1,14.76,15.1,60.444164,3774247,0.0,0.0,0.0,0.0456,-0.0225
2014-04-23,隆华节能,sz300263,14.96,14.58,14.74,14.59,14.76,59.747967,1649916,0.0,0.0,0.0,0.0257,-0.0101
2014-04-24,隆华节能,sz300263,14.82,14.3,14.59,14.65,14.59,59.993652,2172239,0.0,0.0,0.0,0.0356,0.0041
2014-04-25,隆华节能,sz300263,14.67,13.19,14.5,13.19,14.65,54.014744,6432003,0.0,0.0,0.0,0.101,-0.0903
2014-04-28,隆华节能,sz300263,13.43,12.13,12.75,13.36,13.19,54.71094,5902574,0.0,0.0,0.0,0.0985,0.0478
2014-04-29,隆华节能,sz300263,13.33,12.88,12.93,12.98,13.36,53.154797,3062174,0.0,0.0,0.0,0.0336,0.0038
2014-04-30,隆华节能,sz300263,13.69,12.87,12.88,13.36,12.98,54.710957,2849678,0.0,0.0,0.0,0.0631,0.0372
2014-05-05,隆华节能,sz300263,13.81,13.36,13.36,13.62,13.36,55.77569,2586832,0.0,0.0,0.0,0.0336,0.0194
2014-05-06,隆华节能,sz300263,14.08,13.62,13.7,13.8,13.62,56.512817,2909995,0.0,0.0,0.0,0.0337,0.0072
2014-05-07,隆华节能,sz300263,13.76,13.1,13.57,13.12,13.8,53.72815,2296256,0.0,0.0,0.0,0.0478,-0.0331
2014-05-08,隆华节能,sz300263,13.37,13.03,13.03,13.14,13.12,53.81003,1349599,0.0,0.0,0.0,0.0259,0.0084
2014-05-09,隆华节能,sz300263,13.28,12.75,13.16,12.98,13.14,53.154785,3022415,0.0,0.0,0.0,0.0403,-0.0136
2014-05-12,隆华节能,sz300263,13.33,12.9,12.98,13.27,12.98,54.34237,1626464,0.0,0.0,0.0,0.0331,0.0223
2014-05-13,隆华节能,sz300263,13.49,13.06,13.27,13.23,13.27,54.17858,1404569,0.0,0.0,0.0,0.0324,-0.003
2014-05-14,隆华节能,sz300263,13.35,12.89,13.28,12.91,13.23,52.868164,1793865,0.0,0.0,0.0,0.0347,-0.0278
2014-05-15,隆华节能,sz300263,12.95,12.26,12.93,12.3,12.91,50.370144,2081419,0.0,0.0,0.0,0.0534,-0.0487
2014-05-16,隆华节能,sz300263,12.41,12.0,12.27,12.2,12.3,49.960636,1368872,0.0,0.0,0.0,0.0333,-0.0057
2014-05-19,隆华节能,sz300263,12.39,12.08,12.2,12.37,12.2,50.656788,1305671,0.0,0.0,0.0,0.0254,0.0139
2014-05-20,隆华节能,sz300263,13.38,12.55,12.55,13.24,12.37,54.21953,5381990,0.0,0.0,0.0,0.067,0.0549
2014-05-21,隆华节能,sz300263,13.34,12.88,13.01,13.28,13.24,54.383327,2923239,0.0,0.0,0.0,0.0347,0.0207
2014-05-22,隆华节能,sz300263,14.16,13.14,13.19,13.65,13.28,55.898502,4658457,0.0,0.0,0.0,0.0768,0.0348
2014-05-23,隆华节能,sz300263,13.95,13.41,13.51,13.9,13.65,56.922283,2409684,0.0,0.0,0.0,0.0395,0.0288
2014-05-26,隆华节能,sz300263,14.36,13.9,13.9,14.34,13.9,58.724155,2730705,0.0,0.0,0.0,0.033,0.0316
2014-05-27,隆华节能,sz300263,14.39,14.17,14.24,14.28,14.34,58.478455,1865725,0.0,0.0,0.0,0.0153,0.0028
2014-05-28,隆华节能,sz300263,14.62,14.23,14.23,14.49,14.28,59.33844,1914124,0.0,0.0,0.0,0.0273,0.0182
2014-05-29,隆华节能,sz300263,14.6,13.83,14.3,13.83,14.49,56.63563,3096145,0.0,0.0,0.0,0.0531,-0.0328
2014-05-30,隆华节能,sz300263,13.92,13.37,13.83,13.69,13.83,56.06231,2961645,0.0,0.0,0.0,0.0397,-0.0101
2014-06-03,隆华节能,sz300263,14.26,13.7,13.75,13.94,13.69,57.08612,2194910,0.0,0.0,0.0,0.0409,0.0138
2014-06-04,隆华节能,sz300263,13.94,12.57,13.92,13.7,13.94,56.103268,2332784,0.0,0.0,0.0,0.0982,-0.0158
2014-06-05,隆华节能,sz300263,13.9,13.4,13.76,13.83,13.7,56.63563,2157860,0.0,0.0,0.0,0.0364,0.005
2014-06-06,隆华节能,sz300263,13.82,13.55,13.8,13.71,13.83,56.144203,1629191,0.0,0.0,0.0,0.0195,-0.0065
2014-06-09,隆华节能,sz300263,14.08,13.5,13.73,13.53,13.71,55.407085,2087643,0.0,0.0,0.0,0.0423,-0.0145
2014-06-10,隆华节能,sz300263,13.69,13.12,13.69,13.52,13.53,55.366142,2576412,0.0,0.0,0.0,0.0421,-0.0124
2014-06-11,隆华节能,sz300263,14.87,13.46,13.52,14.47,13.52,59.2565,9152157,0.0,0.0,0.0,0.1042,0.0702
2014-06-12,隆华节能,sz300263,15.37,14.18,14.35,15.16,14.47,62.082146,8436830,0.0,0.0,0.0,0.0822,0.0564
2014-06-13,隆华节能,sz300263,15.33,14.76,15.16,15.09,15.16,61.795513,4612789,0.0,0.0,0.0,0.0375,-0.0046
2014-06-16,隆华节能,sz300263,15.22,14.83,15.02,15.22,15.09,62.32788,3671234,0.0,0.0,0.0,0.0258,0.0133
2014-06-17,隆华节能,sz300263,15.39,14.92,15.2,15.06,15.22,61.672688,2654241,0.0,0.0,0.0,0.0308,-0.0092
2014-06-18,隆华节能,sz300263,15.06,14.47,15.06,14.61,15.06,59.82991,2913364,0.0,0.0,0.0,0.0391,-0.0298
2014-06-19,隆华节能,sz300263,14.78,13.79,14.55,14.2,14.61,58.1509,3179551,0.0,0.0,0.0,0.0677,-0.024
2014-06-20,隆华节能,sz300263,14.3,13.81,14.15,14.28,14.2,58.478523,2133142,0.0,0.0,0.0,0.0345,0.0091
2014-06-23,隆华节能,sz300263,15.1,14.26,14.37,14.78,14.28,60.526093,2389388,0.0,0.0,0.0,0.0588,0.0285
2014-06-24,隆华节能,sz300263,15.08,14.52,14.77,14.92,14.78,61.099396,1660861,0.0,0.0,0.0,0.0378,0.0101
2014-06-25,隆华节能,sz300263,14.95,14.52,14.93,14.7,14.92,60.198483,2019630,0.0,0.0,0.0,0.0288,-0.0154
2014-06-26,隆华节能,sz300263,15.42,14.63,14.7,14.99,14.7,61.38608,3844127,0.0,0.0,0.0,0.0537,0.0197
2014-06-27,隆华节能,sz300263,15.37,14.83,14.9,15.13,14.99,61.959427,2586060,0.0,0.0,0.0,0.036,0.0154
2014-06-30,隆华节能,sz300263,15.38,15.04,15.28,15.25,15.13,62.450825,1980971,0.0,0.0,0.0,0.0224,-0.0019
2014-07-01,隆华节能,sz300263,15.2,14.66,15.2,14.79,15.25,60.56706,4841518,0.0,0.0,0.0,0.0354,-0.0269
2014-07-02,隆华节能,sz300263,14.9,14.56,14.74,14.7,14.79,60.19851,3356814,0.0,0.0,0.0,0.0229,-0.0027
2014-07-03,隆华节能,sz300263,14.81,14.43,14.68,14.57,14.7,59.666115,4047952,0.0,0.0,0.0,0.0258,-0.0074
2014-07-04,隆华节能,sz300263,14.67,14.27,14.67,14.31,14.57,58.60137,3547327,0.0,0.0,0.0,0.0274,-0.0245
2014-07-07,隆华节能,sz300263,14.65,14.28,14.32,14.5,14.31,59.37942,3040488,0.0,0.0,0.0,0.0258,0.0125
2014-07-08,隆华节能,sz300263,14.62,14.28,14.45,14.59,14.5,59.74799,2475264,0.0,0.0,0.0,0.0234,0.0096
2014-07-09,隆华节能,sz300263,14.64,13.79,14.5,13.84,14.59,56.676643,5408557,0.0,0.0,0.0,0.0582,-0.0455
2014-07-10,隆华节能,sz300263,13.88,13.4,13.82,13.44,13.84,55.038574,3228103,0.0,0.0,0.0,0.0346,-0.0274
2014-07-11,隆华节能,sz300263,13.65,13.21,13.45,13.33,13.44,54.588085,2350243,0.0,0.0,0.0,0.0327,-0.0089
2014-07-14,隆华节能,sz300263,13.6,13.23,13.34,13.6,13.33,55.693768,2836002,0.0,0.0,0.0,0.0277,0.0194
2014-07-15,隆华节能,sz300263,13.61,13.33,13.58,13.48,13.6,55.202324,2656683,0.0,0.0,0.0,0.0205,-0.0073
2014-07-16,隆华节能,sz300263,13.55,13.3,13.5,13.37,13.48,54.751873,1713766,0.0,0.0,0.0,0.0185,-0.0096
2014-07-17,隆华节能,sz300263,14.13,13.47,13.47,13.89,13.37,56.88134,4369546,0.0,0.0,0.0,0.0493,0.0311
2014-07-18,隆华节能,sz300263,13.88,13.38,13.88,13.39,13.89,54.833782,2958004,0.0,0.0,0.0,0.0359,-0.0353
2014-07-21,隆华节能,sz300263,13.52,12.42,13.43,12.85,13.39,52.62239,3781724,0.0,0.0,0.0,0.0821,-0.0431
2014-07-22,隆华节能,sz300263,13.23,12.63,12.79,13.06,12.85,53.482346,2515911,0.0,0.0,0.0,0.0466,0.0211
2014-07-23,隆华节能,sz300263,13.1,12.35,13.1,12.4,13.06,50.77956,4490914,0.0,0.0,0.0,0.0574,-0.0534
2014-07-24,隆华节能,sz300263,12.39,11.8,12.31,11.88,12.4,48.65012,7005918,0.0,0.0,0.0,0.0475,-0.0349
2014-07-25,隆华节能,sz300263,12.67,11.88,11.88,12.48,11.88,51.107193,4890113,0.0,0.0,0.0,0.0664,0.0505
2014-07-28,隆华节能,sz300263,12.72,12.29,12.45,12.7,12.48,52.008114,4325256,0.0,0.0,0.0,0.0344,0.02
2014-07-29,隆华节能,sz300263,12.89,12.54,12.7,12.81,12.7,52.458553,3156671,0.0,0.0,0.0,0.0275,0.0086
2014-07-30,隆华节能,sz300263,13.18,12.75,12.83,13.06,12.81,53.482334,3087183,0.0,0.0,0.0,0.0335,0.0179
2014-07-31,隆华节能,sz300263,13.28,12.92,13.04,13.22,13.06,54.137547,2125059,0.0,0.0,0.0,0.0275,0.0138
2014-08-01,隆华节能,sz300263,13.25,12.93,13.1,12.94,13.22,52.990913,2265769,0.0,0.0,0.0,0.0242,-0.0122
2014-08-04,隆华节能,sz300263,12.97,12.82,12.9,12.9,12.94,52.827118,2196809,0.0,0.0,0.0,0.0115,0.0
2014-08-05,隆华节能,sz300263,13.36,12.9,12.95,13.32,12.9,54.547066,4393043,0.0,0.0,0.0,0.0356,0.0285
2014-08-06,隆华节能,sz300263,13.29,13.0,13.29,13.18,13.32,53.97372,2664379,0.0,0.0,0.0,0.0217,-0.0082
2014-08-07,隆华节能,sz300263,13.33,13.03,13.22,13.07,13.18,53.523254,1999330,0.0,0.0,0.0,0.0227,-0.0113
2014-08-08,隆华节能,sz300263,13.21,13.0,13.06,13.15,13.07,53.850872,2479709,0.0,0.0,0.0,0.016,0.0068
2014-08-11,隆华节能,sz300263,13.66,13.18,13.18,13.6,13.15,55.693703,4344636,0.0,0.0,0.0,0.0365,0.0318
2014-08-12,隆华节能,sz300263,13.59,13.34,13.56,13.39,13.6,54.833736,3398361,0.0,0.0,0.0,0.0183,-0.0125
2014-08-13,隆华节能,sz300263,13.44,13.08,13.4,13.29,13.39,54.424236,2969431,0.0,0.0,0.0,0.0268,-0.0082
2014-08-14,隆华节能,sz300263,13.54,13.25,13.25,13.33,13.29,54.588055,2843778,0.0,0.0,0.0,0.0218,0.006
2014-08-15,隆华节能,sz300263,13.68,13.34,13.44,13.59,13.33,55.652794,3831535,0.0,0.0,0.0,0.0255,0.0111
2014-08-18,隆华节能,sz300263,14.12,13.57,13.72,14.11,13.59,57.782238,7151913,0.0,0.0,0.0,0.0404,0.0284
2014-08-19,隆华节能,sz300263,14.29,13.97,14.21,14.11,14.11,57.782238,5961053,0.0,0.0,0.0,0.0226,-0.007
2014-08-20,隆华节能,sz300263,14.61,14.12,14.12,14.6,14.11,59.78884,9252017,0.0,0.0,0.0,0.0347,0.0339
2014-08-21,隆华节能,sz300263,14.58,14.16,14.5,14.56,14.6,59.62502,6690263,0.0,0.0,0.0,0.0287,0.0041
2014-08-22,隆华节能,sz300263,14.57,14.21,14.57,14.44,14.56,59.13359,6406204,0.0,0.0,0.0,0.0247,-0.0089
2014-09-03,隆华节能,sz300263,15.88,15.88,15.88,15.88,14.44,65.03057,1586324,0.0,0.0,0.0,0.0,0.0
2014-09-04,隆华节能,sz300263,17.09,15.87,16.37,16.09,15.88,65.89053,29451832,0.0,0.0,0.0,0.0768,-0.0171
2014-09-05,隆华节能,sz300263,16.8,15.57,15.78,16.43,16.09,67.28287,13239052,0.0,0.0,0.0,0.0764,0.0411
2014-09-09,隆华节能,sz300263,16.49,16.02,16.21,16.12,16.43,66.013374,7277639,0.0,0.0,0.0,0.0286,-0.0055
2014-09-10,隆华节能,sz300263,17.64,15.8,16.04,17.22,16.12,70.518,13920117,0.0,0.0,0.0,0.1141,0.0735
2014-09-11,隆华节能,sz300263,17.7,16.9,17.17,17.15,17.22,70.23134,8662876,0.0,0.0,0.0,0.0464,-0.0011
2014-09-12,隆华节能,sz300263,17.6,16.75,16.95,17.05,17.15,69.82182,7878552,0.0,0.0,0.0,0.0495,0.0058
2014-09-15,隆华节能,sz300263,17.3,16.55,17.18,17.2,17.05,70.43611,6969822,0.0,0.0,0.0,0.0439,0.0011
2014-09-16,隆华节能,sz300263,17.24,16.12,17.21,16.18,17.2,66.25911,5575333,0.0,0.0,0.0,0.0651,-0.0598
2014-09-17,隆华节能,sz300263,16.43,15.68,16.18,15.93,16.18,65.23534,4133381,0.0,0.0,0.0,0.0463,-0.0154
2014-09-18,隆华节能,sz300263,16.92,15.93,16.03,16.67,15.93,68.26572,4827209,0.0,0.0,0.0,0.0621,0.0399
2014-09-19,隆华节能,sz300263,17.19,16.59,16.8,16.86,16.67,69.04381,3618049,0.0,0.0,0.0,0.0359,0.0035
2014-09-22,隆华节能,sz300263,16.8,16.08,16.65,16.15,16.86,66.13624,4137361,0.0,0.0,0.0,0.0427,-0.03
2014-09-23,隆华节能,sz300263,16.39,15.83,16.2,16.28,16.15,66.66863,3673568,0.0,0.0,0.0,0.0346,0.0049
2014-09-24,隆华节能,sz300263,16.59,16.07,16.07,16.47,16.28,67.446724,3612627,0.0,0.0,0.0,0.0319,0.0248
2014-09-25,隆华节能,sz300263,17.07,16.35,16.41,16.58,16.47,67.8972,3415106,0.0,0.0,0.0,0.0437,0.0103
2014-09-26,隆华节能,sz300263,17.29,16.45,16.58,17.23,16.58,70.559044,5142903,0.0,0.0,0.0,0.0506,0.0392
2014-09-29,隆华节能,sz300263,17.49,16.9,17.24,17.05,17.23,69.821915,2791799,0.0,0.0,0.0,0.0342,-0.011
2014-09-30,隆华节能,sz300263,17.23,16.8,17.02,16.85,17.05,69.0029,2689985,0.0,0.0,0.0,0.0252,-0.0099
2014-10-08,隆华节能,sz300263,17.68,16.86,16.86,17.52,16.85,71.746666,4217442,0.0,0.0,0.0,0.0486,0.0391
2014-10-09,隆华节能,sz300263,17.66,17.04,17.52,17.36,17.52,71.09147,3103386,0.0,0.0,0.0,0.0353,-0.0091
2014-10-10,隆华节能,sz300263,17.33,16.68,17.33,16.68,17.36,68.30675,4607183,0.0,0.0,0.0,0.0374,-0.0375
2014-10-13,隆华节能,sz300263,16.68,16.07,16.54,16.6,16.68,67.97915,3062964,0.0,0.0,0.0,0.0365,0.0036
2014-10-14,隆华节能,sz300263,16.78,16.3,16.72,16.33,16.6,66.87347,2725614,0.0,0.0,0.0,0.0289,-0.0233
2014-10-15,隆华节能,sz300263,16.5,15.98,16.46,16.27,16.33,66.62778,3062117,0.0,0.0,0.0,0.0318,-0.0115
2014-10-16,隆华节能,sz300263,16.6,16.05,16.18,16.21,16.27,66.38205,2592795,0.0,0.0,0.0,0.0338,0.0018
2014-10-17,隆华节能,sz300263,16.3,15.9,16.17,16.2,16.21,66.341095,3142941,0.0,0.0,0.0,0.0246,0.0018
2014-10-20,隆华节能,sz300263,16.5,16.01,16.5,16.39,16.2,67.11914,1262275,0.0,0.0,0.0,0.0302,-0.0066
2014-10-21,隆华节能,sz300263,16.4,15.82,16.28,15.83,16.39,64.82588,2598056,0.0,0.0,0.0,0.0353,-0.0276
2014-10-22,隆华节能,sz300263,15.92,15.25,15.73,15.44,15.83,63.228767,2691796,0.0,0.0,0.0,0.0423,-0.0184
2014-10-23,隆华节能,sz300263,15.52,15.02,15.2,15.1,15.44,61.836407,2090499,0.0,0.0,0.0,0.0323,-0.0065
2014-10-24,隆华节能,sz300263,15.35,14.95,15.18,15.26,15.1,62.491627,1573008,0.0,0.0,0.0,0.0264,0.0052
2014-10-27,隆华节能,sz300263,15.7,15.13,15.15,15.62,15.26,63.965866,1472844,0.0,0.0,0.0,0.0373,0.031
2014-10-28,隆华节能,sz300263,16.33,15.62,15.62,16.24,15.62,66.50486,2980465,0.0,0.0,0.0,0.0454,0.0396
2014-10-29,隆华节能,sz300263,16.29,15.92,16.25,15.94,16.24,65.27632,3473118,0.0,0.0,0.0,0.0227,-0.019
2014-10-30,隆华节能,sz300263,16.07,15.77,15.95,16.01,15.94,65.56294,1908891,0.0,0.0,0.0,0.0188,0.0037
2014-10-31,隆华节能,sz300263,16.03,15.28,16.01,15.38,16.01,62.983044,3686844,0.0,0.0,0.0,0.0468,-0.0393
2014-11-03,隆华节能,sz300263,15.49,15.31,15.45,15.4,15.38,63.064922,2681732,0.0,0.0,0.0,0.0117,-0.0032
2014-11-04,隆华节能,sz300263,15.62,15.35,15.35,15.4,15.4,63.064922,2188790,0.0,0.0,0.0,0.0175,0.0032
2014-11-05,隆华节能,sz300263,15.56,14.95,15.52,15.11,15.4,61.877346,2139958,0.0,0.0,0.0,0.0396,-0.0264
2014-11-06,隆华节能,sz300263,15.52,15.0,15.06,15.51,15.11,63.515427,2236339,0.0,0.0,0.0,0.0344,0.0298
2014-11-07,隆华节能,sz300263,15.62,15.15,15.51,15.2,15.51,62.24594,2383998,0.0,0.0,0.0,0.0303,-0.0199
2014-11-10,隆华节能,sz300263,15.35,14.88,15.25,15.08,15.2,61.754513,2316707,0.0,0.0,0.0,0.0309,-0.0111
2014-11-11,隆华节能,sz300263,15.18,14.22,15.13,14.53,15.08,59.5022,4277450,0.0,0.0,0.0,0.0636,-0.0396
2014-11-12,隆华节能,sz300263,14.7,14.27,14.27,14.56,14.53,59.625072,1744001,0.0,0.0,0.0,0.0295,0.0203
2014-11-13,隆华节能,sz300263,14.64,14.0,14.64,14.21,14.56,58.191807,1998199,0.0,0.0,0.0,0.0439,-0.0293
2014-11-14,隆华节能,sz300263,14.52,14.05,14.26,14.52,14.21,59.46132,1761940,0.0,0.0,0.0,0.033,0.0182
2014-11-17,隆华节能,sz300263,14.89,14.39,14.5,14.72,14.52,60.28034,1383481,0.0,0.0,0.0,0.0344,0.0151
2014-11-18,隆华节能,sz300263,14.85,14.48,14.72,14.5,14.72,59.379387,1082600,0.0,0.0,0.0,0.0251,-0.0149
2014-11-19,隆华节能,sz300263,15.25,14.51,14.51,15.12,14.5,61.918392,2973133,0.0,0.0,0.0,0.051,0.042
2014-11-20,隆华节能,sz300263,15.33,15.05,15.05,15.11,15.12,61.877464,2670127,0.0,0.0,0.0,0.0185,0.0039
2014-11-21,隆华节能,sz300263,15.67,15.02,15.1,15.67,15.11,64.17077,3379026,0.0,0.0,0.0,0.043,0.0377
2014-11-24,隆华节能,sz300263,17.24,16.31,16.31,16.93,15.67,69.33061,9649121,0.0,0.0,0.0,0.0593,0.038
2014-11-25,隆华节能,sz300263,17.45,16.8,16.8,17.17,16.93,70.31344,6839061,0.0,0.0,0.0,0.0383,0.022
2014-11-26,隆华节能,sz300263,17.5,17.01,17.17,17.08,17.17,69.944855,4948068,0.0,0.0,0.0,0.0285,-0.0052
2014-11-27,隆华节能,sz300263,17.4,16.83,17.08,17.33,17.08,70.968636,4307962,0.0,0.0,0.0,0.0333,0.0146
2014-11-28,隆华节能,sz300263,19.06,17.16,17.2,19.06,17.33,78.05322,10320444,0.0,0.0,0.0,0.1096,0.1081
2014-12-01,隆华节能,sz300263,20.0,18.3,20.0,18.64,19.06,76.333244,11138728,0.0,0.0,0.0,0.0891,-0.0679
2014-12-02,隆华节能,sz300263,19.1,18.27,18.66,18.9,18.64,77.39794,6515148,0.0,0.0,0.0,0.0445,0.0128
2014-12-03,隆华节能,sz300263,20.79,17.63,18.9,20.79,18.9,85.13773,12639867,0.0,0.0,0.0,0.1671,0.1
2014-12-04,隆华节能,sz300263,21.98,20.42,20.6,20.99,20.79,85.95676,9942718,0.0,0.0,0.0,0.075,0.0189
2014-12-05,隆华节能,sz300263,21.0,18.89,20.95,20.7,20.99,84.76918,11409855,0.0,0.0,0.0,0.1005,-0.0119
2014-12-08,隆华节能,sz300263,20.6,19.0,20.0,19.8,20.7,81.08359,5337187,0.0,0.0,0.0,0.0772,-0.0099
2014-12-09,隆华节能,sz300263,19.99,17.9,19.83,18.34,19.8,75.10473,6943473,0.0,0.0,0.0,0.1055,-0.0751
2014-12-10,隆华节能,sz300263,19.71,18.01,18.3,19.37,18.34,79.322685,7390590,0.0,0.0,0.0,0.0926,0.0584
2014-12-11,隆华节能,sz300263,21.1,19.1,19.43,19.7,19.37,80.6741,4051087,0.0,0.0,0.0,0.1032,0.0138
2014-12-12,隆华节能,sz300263,20.15,19.23,19.88,19.78,19.7,81.001724,2471631,0.0,0.0,0.0,0.0467,-0.005
2014-12-15,隆华节能,sz300263,20.79,19.84,19.84,20.7,19.78,84.76927,4201104,0.0,0.0,0.0,0.048,0.0433
2014-12-16,隆华节能,sz300263,20.9,20.15,20.7,20.34,20.7,83.29505,2342803,0.0,0.0,0.0,0.0362,-0.0173
2014-12-17,隆华节能,sz300263,21.28,19.71,20.3,21.15,20.34,86.61211,5661963,0.0,0.0,0.0,0.0771,0.0418
2014-12-29,隆华节能,sz300263,20.3,19.04,20.3,19.4,21.15,79.44565,11706396,0.0,0.0,0.0,0.0595,-0.0443
2014-12-30,隆华节能,sz300263,19.45,17.46,19.45,17.46,19.4,71.50108,7367447,0.0,0.0,0.0,0.1025,-0.1023
2014-12-31,隆华节能,sz300263,17.83,16.6,16.63,17.83,17.46,73.016266,5170337,0.0,0.0,0.0,0.0704,0.0721
2015-01-01,隆华节能,sz300263,17.83,17.83,17.83,17.83,17.83,17.8097,0,0.0,0.0,0.0,0.0,0.0
2015-01-02,隆华节能,sz300263,17.83,17.83,17.83,17.83,17.83,17.8097,0,0.0,0.0,0.0,0.0,0.0
2015-01-05,隆华节能,sz300263,17.95,17.12,17.47,17.8,17.83,17.7797,41504,0.0,0.0,0.0,0.0465,0.0188
2015-01-06,隆华节能,sz300263,17.8,16.98,17.8,17.63,17.8,17.6099,44818,0.0,0.0,0.0,0.046,-0.0095
2015-01-07,隆华节能,sz300263,17.77,17.0,17.75,17.2,17.63,17.1804,32213,0.0,0.0,0.0,0.0436,-0.0309
2015-01-08,隆华节能,sz300263,17.48,17.21,17.37,17.34,17.2,17.3202,21581,0.0,0.0,0.0,0.0156,-0.0017
2015-01-09,隆华节能,sz300263,17.52,17.1,17.45,17.15,17.34,17.1304,31299,0.0,0.0,0.0,0.0242,-0.0171
2015-01-12,隆华节能,sz300263,17.22,16.0,17.2,16.23,17.15,16.2115,37683,0.0,0.0,0.0,0.0711,-0.0563
2015-01-13,隆华节能,sz300263,17.33,16.0,16.39,17.1,16.23,17.0805,48787,0.0,0.0,0.0,0.0819,0.0433
2015-01-14,隆华节能,sz300263,17.4,16.52,17.1,17.21,17.1,17.1904,28740,0.0,0.0,0.0,0.0514,0.0064
2015-01-15,隆华节能,sz300263,17.36,16.81,17.2,17.01,17.21,16.9906,16370,0.0,0.0,0.0,0.0319,-0.011
2015-01-16,隆华节能,sz300263,17.03,16.57,17.02,16.86,17.01,16.8408,44724,0.0,0.0,0.0,0.027,-0.0094
2015-01-19,隆华节能,sz300263,17.68,16.18,16.65,17.31,16.86,17.2903,55539,0.0,0.0,0.0,0.0889,0.0396
2015-01-20,隆华节能,sz300263,18.5,17.36,17.48,18.19,17.31,18.1693,60087,0.0,0.0,0.0,0.0658,0.0406
2015-01-21,隆华节能,sz300263,18.47,17.86,18.01,18.23,18.19,18.2092,37386,0.0,0.0,0.0,0.0335,0.0122
2015-01-22,隆华节能,sz300263,18.5,18.02,18.25,18.41,18.23,18.389,31288,0.0,0.0,0.0,0.0263,0.0087
2015-01-23,隆华节能,sz300263,18.49,17.76,18.41,17.8,18.41,17.7797,30689,0.0,0.0,0.0,0.0396,-0.0331
2015-01-26,隆华节能,sz300263,18.05,17.6,17.8,17.98,17.8,17.9595,16758,0.0,0.0,0.0,0.0252,0.0101
2015-01-27,隆华节能,sz300263,18.15,17.6,17.96,18.04,17.98,18.0194,20169,0.0,0.0,0.0,0.0305,0.0044
2015-01-28,隆华节能,sz300263,18.38,17.8,18.19,17.97,18.04,17.9495,27388,0.0,0.0,0.0,0.0321,-0.012
2015-01-29,隆华节能,sz300263,18.09,17.28,18.09,17.31,17.97,17.2903,31830,0.0,0.0,0.0,0.045,-0.0431
2015-01-30,隆华节能,sz300263,17.49,16.91,17.32,16.92,17.31,16.9007,15369,0.0,0.0,0.0,0.0335,-0.023
2015-02-02,隆华节能,sz300263,17.12,16.61,16.7,17.07,16.92,17.0505,13564,0.0,0.0,0.0,0.0301,0.0221
2015-02-03,隆华节能,sz300263,17.38,17.03,17.1,17.34,17.07,17.3202,15772,0.0,0.0,0.0,0.0205,0.014
2015-02-04,隆华节能,sz300263,17.34,16.2,17.34,16.67,17.34,16.651,62535,0.0,0.0,0.0,0.0657,-0.0386
2015-02-05,隆华节能,sz300263,16.8,16.31,16.61,16.41,16.67,16.3913,45099,0.0,0.0,0.0,0.0293,-0.012
2015-02-06,隆华节能,sz300263,16.55,15.85,16.42,16.4,16.41,16.3813,33857,0.0,0.0,0.0,0.0426,-0.0012
2015-02-09,隆华节能,sz300263,16.69,16.16,16.69,16.17,16.4,16.1516,21656,0.0,0.0,0.0,0.0323,-0.0311
2015-02-10,隆华节能,sz300263,16.45,15.89,16.01,16.35,16.17,16.3314,9887,0.0,0.0,0.0,0.0346,0.0212
2015-02-11,隆华节能,sz300263,16.77,16.16,16.35,16.64,16.35,16.621,13974,0.0,0.0,0.0,0.0373,0.0177
2015-02-12,隆华节能,sz300263,16.7,16.42,16.69,16.69,16.64,16.671,14100,0.0,0.0,0.0,0.0168,0.0
2015-02-13,隆华节能,sz300263,17.69,16.69,16.8,17.69,16.69,17.6698,47876,0.0,0.0,0.0,0.0599,0.0529
2015-02-16,隆华节能,sz300263,17.99,17.42,17.8,17.85,17.69,17.8296,37759,0.0,0.0,0.0,0.0322,0.0028
2015-02-17,隆华节能,sz300263,17.99,17.49,17.76,17.58,17.85,17.5599,24227,0.0,0.0,0.0,0.028,-0.0101
2015-02-18,隆华节能,sz300263,17.58,17.58,17.58,17.58,17.58,17.5599,0,0.0,0.0,0.0,0.0,0.0
2015-02-19,隆华节能,sz300263,17.58,17.58,17.58,17.58,17.58,17.5599,0,0.0,0.0,0.0,0.0,0.0
2015-02-20,隆华节能,sz300263,17.58,17.58,17.58,17.58,17.58,17.5599,0,0.0,0.0,0.0,0.0,0.0
2015-02-23,隆华节能,sz300263,17.58,17.58,17.58,17.58,17.58,17.5599,0,0.0,0.0,0.0,0.0,0.0
2015-02-24,隆华节能,sz300263,17.58,17.58,17.58,17.58,17.58,17.5599,0,0.0,0.0,0.0,0.0,0.0
2015-02-25,隆华节能,sz300263,18.15,17.41,17.7,18.15,17.58,18.1293,64096,0.0,0.0,0.0,0.042,0.0254
2015-02-26,隆华节能,sz300263,19.92,17.91,18.1,19.52,18.15,19.4977,94979,0.0,0.0,0.0,0.1107,0.0784
2015-02-27,隆华节能,sz300263,19.57,18.8,19.48,19.38,19.52,19.3579,53232,0.0,0.0,0.0,0.0394,-0.0051
2015-03-02,隆华节能,sz300263,20.58,19.5,19.99,20.12,19.38,20.0971,74176,0.0,0.0,0.0,0.0557,0.0065
2015-03-03,隆华节能,sz300263,20.33,19.4,20.06,19.65,20.12,19.6276,63359,0.0,0.0,0.0,0.0462,-0.0204
2015-03-04,隆华节能,sz300263,20.17,19.0,19.66,20.16,19.65,20.137,61510,0.0,0.0,0.0,0.0595,0.0254
2015-03-05,隆华节能,sz300263,20.99,19.55,20.1,20.2,20.16,20.177,55106,0.0,0.0,0.0,0.0714,0.0049
2015-03-06,隆华节能,sz300263,20.1,18.59,20.1,19.22,20.2,19.1981,60209,0.0,0.0,0.0,0.0747,-0.0437
2015-03-09,隆华节能,sz300263,19.5,18.7,18.99,19.5,19.22,19.4778,36887,0.0,0.0,0.0,0.0416,0.0268
2015-03-10,隆华节能,sz300263,20.12,19.12,19.58,20.1,19.5,20.0771,39488,0.0,0.0,0.0,0.0512,0.0265
2015-03-11,隆华节能,sz300263,20.83,19.63,20.0,20.7,20.1,20.6764,69283,0.0,0.0,0.0,0.0597,0.0349
2015-03-12,隆华节能,sz300263,21.11,19.7,20.86,20.75,20.7,20.7263,71048,0.0,0.0,0.0,0.0681,-0.0052
2015-03-13,隆华节能,sz300263,21.73,20.53,20.53,21.57,20.75,21.5454,67340,0.0,0.0,0.0,0.0578,0.0506
2015-03-16,隆华节能,sz300263,22.0,21.05,22.0,21.77,21.57,21.7452,50571,0.0,0.0,0.0,0.044,-0.0104
2015-03-17,隆华节能,sz300263,22.19,21.24,21.6,22.18,21.77,22.1547,47893,0.0,0.0,0.0,0.0436,0.0268
2015-03-18,隆华节能,sz300263,22.5,21.55,22.2,22.45,22.18,22.4244,30518,0.0,0.0,0.0,0.0428,0.0112
2015-03-19,隆华节能,sz300263,22.5,21.51,22.39,22.4,22.45,22.3745,51637,0.0,0.0,0.0,0.044,4.0E-4
2015-03-20,隆华节能,sz300263,22.12,21.46,22.12,21.77,22.4,21.7452,43048,0.0,0.0,0.0,0.0294,-0.0158
2015-03-23,隆华节能,sz300263,22.1,21.4,21.67,21.77,21.77,21.7452,48787,0.0,0.0,0.0,0.0321,0.0046
2015-03-24,隆华节能,sz300263,21.75,20.58,21.75,21.3,21.77,21.2757,52171,0.0,0.0,0.0,0.0537,-0.0206
2015-03-25,隆华节能,sz300263,21.3,20.51,21.13,20.8,21.3,20.7763,80887,0.0,0.0,0.0,0.037,-0.0156
2015-03-26,隆华节能,sz300263,20.61,20.04,20.6,20.43,20.8,20.4067,54856,0.0,0.0,0.0,0.0274,-0.0082
2015-03-27,隆华节能,sz300263,20.91,20.24,20.37,20.75,20.43,20.7263,40343,0.0,0.0,0.0,0.0327,0.0186
2015-03-30,隆华节能,sz300263,20.74,20.28,20.74,20.45,20.75,20.4267,50881,0.0,0.0,0.0,0.0221,-0.0139
2015-03-31,隆华节能,sz300263,21.6,20.4,20.53,21.39,20.45,21.3656,83987,0.0,0.0,0.0,0.0586,0.0418
2015-04-01,隆华节能,sz300263,23.53,21.18,21.36,22.9,21.39,22.8739,98900,0.0,0.0,0.0,0.1098,0.072
2015-04-02,隆华节能,sz300263,25.19,23.0,23.0,25.19,22.9,25.1613,100479,0.0,0.0,0.0,0.0956,0.0952
2015-04-03,隆华节能,sz300263,25.7,24.15,25.5,24.84,25.19,24.8117,128520,0.0,0.0,0.0,0.0615,-0.0258
2015-04-06,隆华节能,sz300263,24.84,24.84,24.84,24.84,24.84,24.8117,0,0.0,0.0,0.0,0.0,0.0
2015-04-07,隆华节能,sz300263,25.34,24.28,24.7,25.1,24.84,25.0714,100011,0.0,0.0,0.0,0.0426,0.0161
2015-04-08,隆华节能,sz300263,25.27,23.82,24.9,24.98,25.1,24.9515,72694,0.0,0.0,0.0,0.0577,0.0032
2015-04-09,隆华节能,sz300263,25.15,22.56,24.98,24.7,24.98,24.6718,95372,0.0,0.0,0.0,0.1036,-0.0112
2015-04-10,隆华节能,sz300263,25.87,24.03,24.03,25.38,24.7,25.3511,89347,0.0,0.0,0.0,0.0744,0.0561
2015-04-13,隆华节能,sz300263,27.78,25.15,25.45,27.01,25.38,26.9792,77803,0.0,0.0,0.0,0.1036,0.0612
2015-04-14,隆华节能,sz300263,27.76,25.72,27.08,26.55,27.01,26.5197,66246,0.0,0.0,0.0,0.0755,-0.0195
2015-04-15,隆华节能,sz300263,27.19,24.89,26.52,24.9,26.55,24.8716,47840,0.0,0.0,0.0,0.0866,-0.061
2015-04-16,隆华节能,sz300263,26.99,24.93,24.98,26.38,24.9,26.3499,66882,0.0,0.0,0.0,0.0827,0.056
2015-04-17,隆华节能,sz300263,27.78,25.72,26.5,26.89,26.38,26.8593,73558,0.0,0.0,0.0,0.078,0.0147
2015-04-20,隆华节能,sz300263,27.39,26.02,26.5,26.8,26.89,26.7694,58174,0.0,0.0,0.0,0.0509,0.0113
2015-04-21,隆华节能,sz300263,28.89,26.5,26.7,28.68,26.8,28.6473,61685,0.0,0.0,0.0,0.0891,0.0741
2015-04-22,隆华节能,sz300263,30.55,28.03,28.58,29.53,28.68,29.4963,74705,0.0,0.0,0.0,0.0878,0.0332
2015-04-23,隆华节能,sz300263,29.88,28.35,29.39,28.59,29.53,28.5574,49178,0.0,0.0,0.0,0.0518,-0.0272
2015-04-24,隆华节能,sz300263,29.7,27.45,28.21,29.27,28.59,29.2366,55172,0.0,0.0,0.0,0.0786,0.0375
2015-04-27,隆华节能,sz300263,31.65,29.19,29.31,30.94,29.27,30.9047,65836,0.0,0.0,0.0,0.084,0.0556
2015-04-28,隆华节能,sz300263,31.5,29.0,30.8,30.78,30.94,30.7449,47872,0.0,0.0,0.0,0.0808,-6.0E-4
2015-04-29,隆华节能,sz300263,32.0,30.13,30.23,31.71,30.78,31.6738,62733,0.0,0.0,0.0,0.0607,0.0489
2015-04-30,隆华节能,sz300263,32.34,30.77,31.73,31.81,31.71,31.7737,59295,0.0,0.0,0.0,0.0495,0.0025
2015-05-01,隆华节能,sz300263,31.81,31.81,31.81,31.81,31.81,31.7737,0,0.0,0.0,0.0,0.0,0.0
2015-05-04,隆华节能,sz300263,31.85,30.5,31.44,31.5,31.81,31.4641,35885,0.0,0.0,0.0,0.0424,0.0019
2015-05-05,隆华节能,sz300263,31.18,29.0,31.18,29.1,31.5,29.0668,37985,0.0,0.0,0.0,0.0692,-0.0667
2015-05-06,隆华节能,sz300263,29.78,27.6,29.37,27.73,29.1,27.6984,31691,0.0,0.0,0.0,0.0749,-0.0558
2015-05-07,隆华节能,sz300263,28.2,26.44,27.8,26.97,27.73,26.9392,42336,0.0,0.0,0.0,0.0634,-0.0298
2015-05-08,隆华节能,sz300263,29.18,26.9,27.08,29.18,26.97,29.1467,53256,0.0,0.0,0.0,0.0845,0.0775
2015-05-11,隆华节能,sz300263,29.6,28.48,28.97,29.3,29.18,29.2666,76278,0.0,0.0,0.0,0.0383,0.0113
2015-05-12,隆华节能,sz300263,30.56,28.5,29.18,30.18,29.3,30.1456,68826,0.0,0.0,0.0,0.0703,0.0342
2015-05-13,隆华节能,sz300263,30.49,28.68,29.79,30.44,30.18,30.4053,56669,0.0,0.0,0.0,0.0599,0.0218
2015-05-14,隆华节能,sz300263,30.63,29.61,30.05,29.9,30.44,29.8659,41527,0.0,0.0,0.0,0.0335,-0.0049
2015-05-15,隆华节能,sz300263,32.0,28.2,29.79,30.53,29.9,30.4952,88928,0.0,0.0,0.0,0.127,0.0248
2015-05-18,隆华节能,sz300263,31.22,29.7,30.25,30.0,30.53,29.9658,67763,0.0,0.0,0.0,0.0497,-0.0082
2015-05-19,隆华节能,sz300263,33.0,29.7,29.78,33.0,30.0,32.9624,89419,0.0,0.0,0.0,0.11,0.1081
2015-05-20,隆华节能,sz300263,36.3,33.28,33.51,34.8,33.0,34.7603,93399,0.0,0.0,0.0,0.0915,0.0384
2015-05-21,隆华节能,sz300263,36.2,34.22,34.85,35.33,34.8,35.2897,78812,0.0,0.0,0.0,0.0568,0.0137
2015-05-22,隆华节能,sz300263,36.0,34.25,35.99,35.08,35.33,35.04,87422,0.0,0.0,0.0,0.0495,-0.0252
2015-05-25,隆华节能,sz300263,36.22,34.22,34.28,35.63,35.08,35.63,93513,0.0,0.0,0.0,0.057,0.0393
2015-05-26,隆华节能,sz300263,38.8,35.59,35.65,37.65,35.63,37.65,60043,0.0,0.0,0.0,0.09,0.0561
2015-05-27,隆华节能,sz300263,38.4,36.31,37.65,37.6,37.65,37.6,53993,0.0,0.0,0.0,0.0555,-0.0013
2015-05-28,隆华节能,sz300263,38.5,33.84,38.29,34.81,37.6,34.81,83598,0.0,0.0,0.0,0.1239,-0.0908
2015-05-29,隆华节能,sz300263,36.55,32.95,35.4,34.5,34.81,34.5,71459,0.0,0.0,0.0,0.1034,-0.0254
2015-06-01,隆华节能,sz300263,36.5,34.6,34.9,36.3,34.5,36.3,82369,0.0,0.0,0.0,0.055,0.0401
2015-06-02,隆华节能,sz300263,39.93,35.54,36.3,39.65,36.3,39.65,76328,0.0,0.0,0.0,0.1209,0.0922
2015-06-03,隆华节能,sz300263,39.97,37.0,39.89,38.22,39.65,38.22,58763,0.0,0.0,0.0,0.0749,-0.0418
2015-06-04,隆华节能,sz300263,39.0,35.5,38.22,38.85,38.22,38.85,76535,0.0,0.0,0.0,0.0915,0.0164
2015-06-05,隆华节能,sz300263,40.65,38.0,38.8,39.4,38.85,39.4,90551,0.0,0.0,0.0,0.0682,0.0154
2015-06-08,隆华节能,sz300263,38.98,36.2,38.51,36.21,39.4,36.21,64043,0.0,0.0,0.0,0.0705,-0.0597
2015-06-09,隆华节能,sz300263,36.1,34.01,36.0,35.34,36.21,35.34,76030,0.0,0.0,0.0,0.0577,-0.0183
2015-06-10,隆华节能,sz300263,36.2,34.39,34.84,35.53,35.34,35.53,50970,0.0,0.0,0.0,0.0512,0.0198
2015-06-11,隆华节能,sz300263,35.8,34.95,35.63,35.55,35.53,35.55,64657,0.0,0.0,0.0,0.0239,-0.0022
2015-06-12,隆华节能,sz300263,36.85,34.91,36.15,36.72,35.55,36.72,74442,0.0,0.0,0.0,0.0545,0.0157
2015-06-15,隆华节能,sz300263,36.97,33.92,36.8,33.93,36.72,33.93,68371,0.0,0.0,0.0,0.083,-0.0779
2015-06-16,隆华节能,sz300263,33.56,30.67,33.05,31.07,33.93,31.07,74730,0.0,0.0,0.0,0.0851,-0.0599
2015-06-17,隆华节能,sz300263,32.25,29.31,31.3,31.7,31.07,31.7,63866,0.0,0.0,0.0,0.0946,0.0127
2015-06-18,隆华节能,sz300263,32.68,30.7,31.3,30.72,31.7,30.72,66089,0.0,0.0,0.0,0.0624,-0.0185
2015-06-19,隆华节能,sz300263,30.0,27.8,28.54,28.5,30.72,28.5,50688,0.0,0.0,0.0,0.0716,-0.0014
2015-06-22,隆华节能,sz300263,28.5,28.5,28.5,28.5,28.5,28.5,0,0.0,0.0,0.0,0.0,0.0
2015-06-23,隆华节能,sz300263,29.88,26.39,28.47,29.85,28.5,29.85,43574,0.0,0.0,0.0,0.1224,0.0484
2015-06-24,隆华节能,sz300263,30.2,28.65,30.1,30.0,29.85,30.0,50065,0.0,0.0,0.0,0.0519,-0.0033
2015-06-25,隆华节能,sz300263,30.37,27.11,30.0,27.66,30.0,27.66,46565,0.0,0.0,0.0,0.1086,-0.078
2015-06-26,隆华节能,sz300263,26.62,24.89,26.62,24.89,27.66,24.89,42792,0.0,0.0,0.0,0.0625,-0.0649
2015-06-29,隆华节能,sz300263,26.0,22.4,26.0,22.4,24.89,22.4,34737,0.0,0.0,0.0,0.1446,-0.1384
2015-06-30,隆华节能,sz300263,23.2,20.16,20.16,22.3,22.4,22.3,107014,0.0,0.0,0.0,0.1357,0.1061
2015-07-01,隆华节能,sz300263,23.2,20.07,21.85,20.07,22.3,20.07,112910,0.0,0.0,0.0,0.1403,-0.0814
2015-07-02,隆华节能,sz300263,20.49,18.06,19.2,18.06,20.07,18.06,91523,0.0,0.0,0.0,0.121,-0.0593
2015-07-03,隆华节能,sz300263,18.45,16.25,16.98,16.25,18.06,16.25,133729,0.0,0.0,0.0,0.1218,-0.0429
2015-07-06,隆华节能,sz300263,16.25,16.25,16.25,16.25,16.25,16.25,0,0.0,0.0,0.0,0.0,0.0
2015-07-07,隆华节能,sz300263,16.25,16.25,16.25,16.25,16.25,16.25,0,0.0,0.0,0.0,0.0,0.0
2015-07-08,隆华节能,sz300263,16.25,16.25,16.25,16.25,16.25,16.25,0,0.0,0.0,0.0,0.0,0.0
2015-07-09,隆华节能,sz300263,16.25,16.25,16.25,16.25,16.25,16.25,0,0.0,0.0,0.0,0.0,0.0
2015-07-10,隆华节能,sz300263,16.25,16.25,16.25,16.25,16.25,16.25,0,0.0,0.0,0.0,0.0,0.0
2015-07-13,隆华节能,sz300263,16.25,16.25,16.25,16.25,16.25,16.25,0,0.0,0.0,0.0,0.0,0.0
2015-07-14,隆华节能,sz300263,16.25,16.25,16.25,16.25,16.25,16.25,0,0.0,0.0,0.0,0.0,0.0
2015-07-15,隆华节能,sz300263,16.25,16.25,16.25,16.25,16.25,16.25,0,0.0,0.0,0.0,0.0,0.0
2015-07-16,隆华节能,sz300263,16.25,16.25,16.25,16.25,16.25,16.25,0,0.0,0.0,0.0,0.0,0.0
2015-07-17,隆华节能,sz300263,16.25,16.25,16.25,16.25,16.25,16.25,0,0.0,0.0,0.0,0.0,0.0
2015-07-20,隆华节能,sz300263,16.25,16.25,16.25,16.25,16.25,16.25,0,0.0,0.0,0.0,0.0,0.0
2015-07-21,隆华节能,sz300263,16.25,16.25,16.25,16.25,16.25,16.25,0,0.0,0.0,0.0,0.0,0.0
2015-07-22,隆华节能,sz300263,16.25,16.25,16.25,16.25,16.25,16.25,0,0.0,0.0,0.0,0.0,0.0
2015-07-23,隆华节能,sz300263,16.25,16.25,16.25,16.25,16.25,16.25,0,0.0,0.0,0.0,0.0,0.0
2015-07-24,隆华节能,sz300263,16.25,16.25,16.25,16.25,16.25,16.25,0,0.0,0.0,0.0,0.0,0.0
2015-07-27,隆华节能,sz300263,16.25,16.25,16.25,16.25,16.25,16.25,0,0.0,0.0,0.0,0.0,0.0
2015-07-28,隆华节能,sz300263,16.25,16.25,16.25,16.25,16.25,16.25,0,0.0,0.0,0.0,0.0,0.0
2015-07-29,隆华节能,sz300263,16.25,16.25,16.25,16.25,16.25,16.25,0,0.0,0.0,0.0,0.0,0.0
2015-07-30,隆华节能,sz300263,16.25,16.25,16.25,16.25,16.25,16.25,0,0.0,0.0,0.0,0.0,0.0
2015-07-31,隆华节能,sz300263,16.25,16.25,16.25,16.25,16.25,16.25,0,0.0,0.0,0.0,0.0,0.0
2015-08-03,隆华节能,sz300263,16.25,16.25,16.25,16.25,16.25,16.25,0,0.0,0.0,0.0,0.0,0.0
2015-08-04,隆华节能,sz300263,16.25,16.25,16.25,16.25,16.25,16.25,0,0.0,0.0,0.0,0.0,0.0
2015-08-05,隆华节能,sz300263,16.25,16.25,16.25,16.25,16.25,16.25,0,0.0,0.0,0.0,0.0,0.0
2015-08-06,隆华节能,sz300263,16.25,16.25,16.25,16.25,16.25,16.25,0,0.0,0.0,0.0,0.0,0.0
2015-08-07,隆华节能,sz300263,16.25,16.25,16.25,16.25,16.25,16.25,0,0.0,0.0,0.0,0.0,0.0
2015-08-10,隆华节能,sz300263,16.25,16.25,16.25,16.25,16.25,16.25,0,0.0,0.0,0.0,0.0,0.0
2015-08-11,隆华节能,sz300263,16.25,16.25,16.25,16.25,16.25,16.25,0,0.0,0.0,0.0,0.0,0.0
2015-08-12,隆华节能,sz300263,16.25,16.25,16.25,16.25,16.25,16.25,0,0.0,0.0,0.0,0.0,0.0
2015-08-13,隆华节能,sz300263,16.25,16.25,16.25,16.25,16.25,16.25,0,0.0,0.0,0.0,0.0,0.0
2015-08-14,隆华节能,sz300263,16.25,16.25,16.25,16.25,16.25,16.25,0,0.0,0.0,0.0,0.0,0.0
2015-08-17,隆华节能,sz300263,16.25,16.25,16.25,16.25,16.25,16.25,0,0.0,0.0,0.0,0.0,0.0
2015-08-18,隆华节能,sz300263,16.25,16.25,16.25,16.25,16.25,16.25,0,0.0,0.0,0.0,0.0,0.0
2015-08-19,隆华节能,sz300263,16.25,16.25,16.25,16.25,16.25,16.25,0,0.0,0.0,0.0,0.0,0.0
2015-08-20,隆华节能,sz300263,16.25,16.25,16.25,16.25,16.25,16.25,0,0.0,0.0,0.0,0.0,0.0
2015-08-21,隆华节能,sz300263,16.25,16.25,16.25,16.25,16.25,16.25,0,0.0,0.0,0.0,0.0,0.0
2015-08-24,隆华节能,sz300263,16.25,16.25,16.25,16.25,16.25,16.25,0,0.0,0.0,0.0,0.0,0.0
2015-08-25,隆华节能,sz300263,16.25,16.25,16.25,16.25,16.25,16.25,0,0.0,0.0,0.0,0.0,0.0
2015-08-26,隆华节能,sz300263,16.25,16.25,16.25,16.25,16.25,16.25,0,0.0,0.0,0.0,0.0,0.0
2015-08-27,隆华节能,sz300263,16.25,16.25,16.25,16.25,16.25,16.25,0,0.0,0.0,0.0,0.0,0.0
2015-08-28,隆华节能,sz300263,16.25,16.25,16.25,16.25,16.25,16.25,0,0.0,0.0,0.0,0.0,0.0
2015-08-31,隆华节能,sz300263,16.25,16.25,16.25,16.25,16.25,16.25,0,0.0,0.0,0.0,0.0,0.0
2015-09-01,隆华节能,sz300263,16.25,16.25,16.25,16.25,16.25,16.25,0,0.0,0.0,0.0,0.0,0.0
2015-09-02,隆华节能,sz300263,16.25,16.25,16.25,16.25,16.25,16.25,0,0.0,0.0,0.0,0.0,0.0
2015-09-03,隆华节能,sz300263,16.25,16.25,16.25,16.25,16.25,16.25,0,0.0,0.0,0.0,0.0,0.0
2015-09-04,隆华节能,sz300263,16.25,16.25,16.25,16.25,16.25,16.25,0,0.0,0.0,0.0,0.0,0.0
2015-09-07,隆华节能,sz300263,16.25,16.25,16.25,16.25,16.25,16.25,0,0.0,0.0,0.0,0.0,0.0
2015-09-08,隆华节能,sz300263,16.25,16.25,16.25,16.25,16.25,16.25,0,0.0,0.0,0.0,0.0,0.0
2015-09-09,隆华节能,sz300263,16.25,16.25,16.25,16.25,16.25,16.25,0,0.0,0.0,0.0,0.0,0.0
2015-09-10,隆华节能,sz300263,16.25,16.25,16.25,16.25,16.25,16.25,0,0.0,0.0,0.0,0.0,0.0
2015-09-11,隆华节能,sz300263,16.25,16.25,16.25,16.25,16.25,16.25,0,0.0,0.0,0.0,0.0,0.0
2015-09-14,隆华节能,sz300263,16.25,16.25,16.25,16.25,16.25,16.25,0,0.0,0.0,0.0,0.0,0.0
2015-09-15,隆华节能,sz300263,16.25,16.25,16.25,16.25,16.25,16.25,0,0.0,0.0,0.0,0.0,0.0
2015-09-16,隆华节能,sz300263,16.25,16.25,16.25,16.25,16.25,16.25,0,0.0,0.0,0.0,0.0,0.0
2015-09-17,隆华节能,sz300263,16.25,16.25,16.25,16.25,16.25,16.25,0,0.0,0.0,0.0,0.0,0.0
2015-09-18,隆华节能,sz300263,16.25,16.25,16.25,16.25,16.25,16.25,0,0.0,0.0,0.0,0.0,0.0
2015-09-21,隆华节能,sz300263,16.25,16.25,16.25,16.25,16.25,16.25,0,0.0,0.0,0.0,0.0,0.0
2015-09-22,隆华节能,sz300263,16.25,16.25,16.25,16.25,16.25,16.25,0,0.0,0.0,0.0,0.0,0.0
2015-09-23,隆华节能,sz300263,16.25,16.25,16.25,16.25,16.25,16.25,0,0.0,0.0,0.0,0.0,0.0
2015-09-24,隆华节能,sz300263,16.25,16.25,16.25,16.25,16.25,16.25,0,0.0,0.0,0.0,0.0,0.0
2015-09-25,隆华节能,sz300263,16.25,16.25,16.25,16.25,16.25,16.25,0,0.0,0.0,0.0,0.0,0.0
2015-09-28,隆华节能,sz300263,16.25,16.25,16.25,16.25,16.25,16.25,0,0.0,0.0,0.0,0.0,0.0
2015-09-29,隆华节能,sz300263,16.25,16.25,16.25,16.25,16.25,16.25,0,0.0,0.0,0.0,0.0,0.0
2015-09-30,隆华节能,sz300263,16.25,16.25,16.25,16.25,16.25,16.25,0,0.0,0.0,0.0,0.0,0.0
2015-10-01,隆华节能,sz300263,16.25,16.25,16.25,16.25,16.25,16.25,0,0.0,0.0,0.0,0.0,0.0
2015-10-02,隆华节能,sz300263,16.25,16.25,16.25,16.25,16.25,16.25,0,0.0,0.0,0.0,0.0,0.0
2015-10-05,隆华节能,sz300263,16.25,16.25,16.25,16.25,16.25,16.25,0,0.0,0.0,0.0,0.0,0.0
2015-10-06,隆华节能,sz300263,16.25,16.25,16.25,16.25,16.25,16.25,0,0.0,0.0,0.0,0.0,0.0
2015-10-07,隆华节能,sz300263,16.25,16.25,16.25,16.25,16.25,16.25,0,0.0,0.0,0.0,0.0,0.0
2015-10-08,隆华节能,sz300263,16.25,16.25,16.25,16.25,16.25,16.25,0,0.0,0.0,0.0,0.0,0.0
2015-10-09,隆华节能,sz300263,16.25,16.25,16.25,16.25,16.25,16.25,0,0.0,0.0,0.0,0.0,0.0
2015-10-12,隆华节能,sz300263,16.25,16.25,16.25,16.25,16.25,16.25,0,0.0,0.0,0.0,0.0,0.0
2015-10-13,隆华节能,sz300263,16.25,16.25,16.25,16.25,16.25,16.25,0,0.0,0.0,0.0,0.0,0.0
2015-10-14,隆华节能,sz300263,16.25,16.25,16.25,16.25,16.25,16.25,0,0.0,0.0,0.0,0.0,0.0
2015-10-15,隆华节能,sz300263,16.25,16.25,16.25,16.25,16.25,16.25,0,0.0,0.0,0.0,0.0,0.0
2015-10-16,隆华节能,sz300263,16.25,16.25,16.25,16.25,16.25,16.25,0,0.0,0.0,0.0,0.0,0.0
2015-10-19,隆华节能,sz300263,16.25,16.25,16.25,16.25,16.25,16.25,0,0.0,0.0,0.0,0.0,0.0
2015-10-20,隆华节能,sz300263,16.25,16.25,16.25,16.25,16.25,16.25,0,0.0,0.0,0.0,0.0,0.0
2015-10-21,隆华节能,sz300263,16.25,16.25,16.25,16.25,16.25,16.25,0,0.0,0.0,0.0,0.0,0.0
2015-10-22,隆华节能,sz300263,16.25,16.25,16.25,16.25,16.25,16.25,0,0.0,0.0,0.0,0.0,0.0
2015-10-23,隆华节能,sz300263,16.25,16.25,16.25,16.25,16.25,16.25,0,0.0,0.0,0.0,0.0,0.0
2015-10-26,隆华节能,sz300263,16.25,16.25,16.25,16.25,16.25,16.25,0,0.0,0.0,0.0,0.0,0.0
2015-10-27,隆华节能,sz300263,17.88,17.88,17.88,17.88,16.25,17.88,12144,0.0,0.0,0.0,0.0,0.0
2015-10-28,隆华节能,sz300263,19.67,19.67,19.67,19.67,17.88,19.67,13789,0.0,0.0,0.0,0.0,0.0
2015-10-29,隆华节能,sz300263,21.64,20.11,20.8,21.64,19.67,21.64,485135,0.0,0.0,0.0,0.0777,0.0403
2015-10-30,隆华节能,sz300263,21.39,20.01,21.0,20.59,21.64,20.59,276250,0.0,0.0,0.0,0.0637,-0.0195
2015-11-02,隆华节能,sz300263,20.54,18.63,19.55,19.06,20.59,19.06,210747,0.0,0.0,0.0,0.0927,-0.025
2015-11-03,隆华节能,sz300263,19.49,18.18,19.32,18.51,19.06,18.51,136728,0.0,0.0,0.0,0.0687,-0.0419
2015-11-04,隆华节能,sz300263,20.36,18.61,18.61,20.36,18.51,20.36,159449,0.0,0.0,0.0,0.0945,0.094
2015-11-05,隆华节能,sz300263,21.0,19.91,20.99,20.06,20.36,20.06,225233,0.0,0.0,0.0,0.0535,-0.0443
2015-11-06,隆华节能,sz300263,20.94,19.72,19.8,20.94,20.06,20.94,195741,0.0,0.0,0.0,0.0608,0.0575
2015-11-09,隆华节能,sz300263,22.31,20.22,20.6,21.75,20.94,21.75,252508,0.0,0.0,0.0,0.0998,0.0558
2015-11-10,隆华节能,sz300263,22.6,21.08,21.48,21.52,21.75,21.52,216344,0.0,0.0,0.0,0.0698,0.0018
2015-11-11,隆华节能,sz300263,22.85,21.22,21.5,22.84,21.52,22.84,203979,0.0,0.0,0.0,0.0757,0.0623
2015-11-12,隆华节能,sz300263,22.8,21.91,22.68,22.17,22.84,22.17,198982,0.0,0.0,0.0,0.0389,-0.0224
2015-11-13,隆华节能,sz300263,21.8,20.8,21.8,20.98,22.17,20.98,153786,0.0,0.0,0.0,0.0451,-0.0376
2015-11-16,隆华节能,sz300263,21.64,20.3,20.31,21.55,20.98,21.55,114261,0.0,0.0,0.0,0.0638,0.061
2015-11-17,隆华节能,sz300263,22.77,21.47,21.8,22.4,21.55,22.4,226685,0.0,0.0,0.0,0.0603,0.0275
2015-11-18,隆华节能,sz300263,22.44,21.2,22.35,21.48,22.4,21.48,128830,0.0,0.0,0.0,0.0553,-0.0389
2015-11-19,隆华节能,sz300263,22.09,21.09,21.49,21.9,21.48,21.9,102342,0.0,0.0,0.0,0.0465,0.019
2015-11-20,隆华节能,sz300263,23.5,21.79,21.95,23.28,21.9,23.28,209650,0.0,0.0,0.0,0.078,0.0605
2015-11-23,隆华节能,sz300263,24.18,22.7,23.3,23.0,23.28,23.0,222694,0.0,0.0,0.0,0.0635,-0.0128
2015-11-24,隆华节能,sz300263,23.15,22.34,22.72,23.08,23.0,23.08,127051,0.0,0.0,0.0,0.0352,0.0158
2015-11-25,隆华节能,sz300263,23.65,22.98,23.1,23.38,23.08,23.38,136777,0.0,0.0,0.0,0.029,0.0121
2015-11-26,隆华节能,sz300263,23.68,22.52,23.6,22.6,23.38,22.6,149894,0.0,0.0,0.0,0.0496,-0.0423
2015-11-27,隆华节能,sz300263,22.68,20.34,22.4,20.34,22.6,20.34,140278,0.0,0.0,0.0,0.1035,-0.0919
2015-11-30,隆华节能,sz300263,20.59,18.6,20.35,20.3,20.34,20.3,129290,0.0,0.0,0.0,0.0978,-0.0024
2015-12-01,隆华节能,sz300263,20.48,19.5,20.13,19.9,20.3,19.9,79579,0.0,0.0,0.0,0.0482,-0.0114
2015-12-02,隆华节能,sz300263,20.36,18.9,20.05,19.86,19.9,19.86,79464,0.0,0.0,0.0,0.0733,-0.0094
2015-12-03,隆华节能,sz300263,21.28,19.92,20.0,21.03,19.86,21.03,116225,0.0,0.0,0.0,0.0684,0.0515
2015-12-04,隆华节能,sz300263,21.24,20.51,20.89,20.7,21.03,20.7,94599,0.0,0.0,0.0,0.0347,-0.009
2015-12-07,隆华节能,sz300263,21.5,20.8,21.0,21.25,20.7,21.25,96975,0.0,0.0,0.0,0.0338,0.0119
2015-12-08,隆华节能,sz300263,21.18,19.94,21.06,20.16,21.25,20.16,107381,0.0,0.0,0.0,0.0583,-0.0427
2015-12-09,隆华节能,sz300263,20.1,19.4,20.1,19.61,20.16,19.61,77698,0.0,0.0,0.0,0.0347,-0.0243
2015-12-10,隆华节能,sz300263,19.94,19.52,19.66,19.6,19.61,19.6,54953,0.0,0.0,0.0,0.0214,-0.003
2015-12-11,隆华节能,sz300263,19.84,19.22,19.68,19.24,19.6,19.24,52507,0.0,0.0,0.0,0.0316,-0.0223
2015-12-14,隆华节能,sz300263,20.18,19.0,19.35,20.17,19.24,20.17,70130,0.0,0.0,0.0,0.0613,0.0423
2015-12-15,隆华节能,sz300263,20.59,19.95,20.07,20.12,20.17,20.12,75483,0.0,0.0,0.0,0.0317,0.0024
2015-12-16,隆华节能,sz300263,22.13,20.15,20.2,22.13,20.12,22.13,109682,0.0,0.0,0.0,0.0984,0.0955
2015-12-17,隆华节能,sz300263,23.2,22.15,22.9,22.95,22.13,22.95,269542,0.0,0.0,0.0,0.0474,0.0021
2015-12-18,隆华节能,sz300263,23.88,22.33,22.97,23.61,22.95,23.61,256575,0.0,0.0,0.0,0.0675,0.0278
2015-12-21,隆华节能,sz300263,25.32,23.0,23.69,24.95,23.61,24.95,253382,0.0,0.0,0.0,0.0982,0.0531
2015-12-22,隆华节能,sz300263,25.99,24.35,24.92,24.43,24.95,24.43,179620,0.0,0.0,0.0,0.0657,-0.0196
2015-12-23,隆华节能,sz300263,25.49,24.06,24.6,24.25,24.43,24.25,150515,0.0,0.0,0.0,0.0585,-0.0142
2015-12-24,隆华节能,sz300263,25.2,23.04,24.26,25.11,24.25,25.11,159939,0.0,0.0,0.0,0.089,0.035
2015-12-25,隆华节能,sz300263,27.62,24.55,24.98,27.21,25.11,27.21,268576,0.0,0.0,0.0,0.1222,0.0892
2015-12-28,隆华节能,sz300263,29.5,26.76,27.0,28.2,27.21,28.2,260208,0.0,0.0,0.0,0.1006,0.0444
2015-12-29,隆华节能,sz300263,28.82,27.48,28.54,28.5,28.2,28.5,131003,0.0,0.0,0.0,0.0475,-0.0014
2015-12-30,隆华节能,sz300263,28.89,27.45,28.89,28.35,28.5,28.35,122841,0.0,0.0,0.0,0.0505,-0.0186
2015-12-31,隆华节能,sz300263,29.98,27.6,28.36,28.9,28.35,28.9,131978,0.0,0.0,0.0,0.0839,0.019
2016-01-01,隆华节能,sz300263,29.98,27.6,28.36,28.9,28.9,28.9,131978,0.0,0.0,0.0,0.0823,0.019
2016-01-04,隆华节能,sz300263,28.78,26.01,28.4,26.01,28.9,26.01,75069,0.0,0.0,0.0,0.0958,-0.0841
2016-01-05,隆华节能,sz300263,27.6,24.31,24.31,25.94,26.01,25.94,129599,0.0,0.0,0.0,0.1264,0.067
2016-01-06,隆华节能,sz300263,26.5,24.66,26.0,25.88,25.94,25.88,103916,0.0,0.0,0.0,0.0709,-0.0046
2016-01-07,隆华节能,sz300263,25.5,23.29,25.16,23.29,25.88,23.29,21521,0.0,0.0,0.0,0.0853,-0.0743
2016-01-08,隆华节能,sz300263,25.18,21.09,23.9,24.55,23.29,24.55,130299,0.0,0.0,0.0,0.1756,0.0271
2016-01-11,隆华节能,sz300263,24.12,22.1,23.66,22.1,24.55,22.1,68570,0.0,0.0,0.0,0.0822,-0.0659
2016-01-12,隆华节能,sz300263,23.6,20.36,21.48,22.61,22.1,22.61,103941,0.0,0.0,0.0,0.1466,0.0526
2016-01-13,隆华节能,sz300263,22.77,21.2,22.12,21.52,22.61,21.52,105688,0.0,0.0,0.0,0.0694,-0.0271
2016-01-14,隆华节能,sz300263,22.29,19.72,19.72,21.81,21.52,21.81,92255,0.0,0.0,0.0,0.1194,0.1059
2016-01-15,隆华节能,sz300263,21.5,19.63,21.04,19.63,21.81,19.63,65196,0.0,0.0,0.0,0.0857,-0.067
2016-01-18,隆华节能,sz300263,20.66,18.06,18.78,19.53,19.63,19.53,92156,0.0,0.0,0.0,0.1324,0.0399
2016-01-19,隆华节能,sz300263,20.67,18.86,19.5,20.57,19.53,20.57,91294,0.0,0.0,0.0,0.0926,0.0548
2016-01-20,隆华节能,sz300263,21.21,19.9,20.3,20.02,20.57,20.02,68592,0.0,0.0,0.0,0.0636,-0.0137
2016-01-21,隆华节能,sz300263,21.5,19.42,19.5,20.27,20.02,20.27,104526,0.0,0.0,0.0,0.1038,0.0394
2016-01-22,隆华节能,sz300263,21.0,19.97,20.6,20.96,20.27,20.96,66964,0.0,0.0,0.0,0.0508,0.0174
2016-01-25,隆华节能,sz300263,21.68,20.51,21.2,20.69,20.96,20.69,61908,0.0,0.0,0.0,0.0558,-0.024
2016-01-26,隆华节能,sz300263,20.34,18.62,20.05,18.62,20.69,18.62,70869,0.0,0.0,0.0,0.0831,-0.0713
2016-01-27,隆华节能,sz300263,18.4,16.76,18.26,17.11,18.62,17.11,91542,0.0,0.0,0.0,0.088,-0.0629
2016-01-28,隆华节能,sz300263,17.17,15.4,16.76,15.4,17.11,15.4,64065,0.0,0.0,0.0,0.1034,-0.0811
2016-01-29,隆华节能,sz300263,16.49,15.1,15.2,16.16,15.4,16.16,62721,0.0,0.0,0.0,0.0902,0.0631
2016-02-01,隆华节能,sz300263,16.49,15.21,16.0,15.6,16.16,15.6,35475,0.0,0.0,0.0,0.0792,-0.025
2016-02-02,隆华节能,sz300263,16.56,15.66,15.72,16.5,15.6,16.5,53792,0.0,0.0,0.0,0.0576,0.0496
2016-02-03,隆华节能,sz300263,16.51,15.72,16.22,16.38,16.5,16.38,53333,0.0,0.0,0.0,0.0478,0.0098
2016-02-04,隆华节能,sz300263,18.0,16.35,16.48,17.97,16.38,17.97,114627,0.0,0.0,0.0,0.1007,0.0904
2016-02-05,隆华节能,sz300263,17.95,17.41,17.86,17.46,17.97,17.46,39462,0.0,0.0,0.0,0.03,-0.0223
2016-02-08,隆华节能,sz300263,17.95,17.41,17.86,17.46,17.46,17.46,39462,0.0,0.0,0.0,0.0309,-0.0223
2016-02-09,隆华节能,sz300263,17.95,17.41,17.86,17.46,17.46,17.46,39462,0.0,0.0,0.0,0.0309,-0.0223
2016-02-10,隆华节能,sz300263,17.95,17.41,17.86,17.46,17.46,17.46,39462,0.0,0.0,0.0,0.0309,-0.0223
2016-02-11,隆华节能,sz300263,17.95,17.41,17.86,17.46,17.46,17.46,39462,0.0,0.0,0.0,0.0309,-0.0223
2016-02-12,隆华节能,sz300263,17.95,17.41,17.86,17.46,17.46,17.46,39462,0.0,0.0,0.0,0.0309,-0.0223
2016-02-15,隆华节能,sz300263,17.41,16.58,16.72,17.19,17.46,17.19,36630,0.0,0.0,0.0,0.0475,0.0281
2016-02-16,隆华节能,sz300263,18.53,17.19,17.27,18.25,17.19,18.25,53832,0.0,0.0,0.0,0.0779,0.0567
2016-02-17,隆华节能,sz300263,18.55,17.56,18.05,18.0,18.25,18.0,71723,0.0,0.0,0.0,0.0542,-0.0027
2016-02-18,隆华节能,sz300263,19.09,18.18,18.32,18.26,18.0,18.26,85282,0.0,0.0,0.0,0.0505,-0.0032
2016-02-19,隆华节能,sz300263,19.14,18.0,18.24,18.86,18.26,18.86,69062,0.0,0.0,0.0,0.0624,0.0339
2016-02-22,隆华节能,sz300263,19.58,18.87,19.18,19.2,18.86,19.2,75537,0.0,0.0,0.0,0.0376,0.001
2016-02-23,隆华节能,sz300263,19.25,17.9,19.25,18.46,19.2,18.46,92489,0.0,0.0,0.0,0.0703,-0.041
2016-02-24,隆华节能,sz300263,18.5,17.2,18.18,17.95,18.46,17.95,68308,0.0,0.0,0.0,0.0704,-0.0126
2016-02-25,隆华节能,sz300263,17.89,16.16,17.89,16.16,17.95,16.16,69579,0.0,0.0,0.0,0.0963,-0.0967
2016-02-26,隆华节能,sz300263,16.46,14.9,16.2,15.55,16.16,15.55,86846,0.0,0.0,0.0,0.0965,-0.0401
2016-02-29,隆华节能,sz300263,15.63,14.0,15.61,14.0,15.55,14.0,101249,0.0,0.0,0.0,0.1048,-0.1031
2016-03-01,隆华节能,sz300263,14.5,13.3,13.99,14.19,14.0,14.19,94311,0.0,0.0,0.0,0.0857,0.0142
2016-03-02,隆华节能,sz300263,14.88,13.9,14.06,14.83,14.19,14.83,134580,0.0,0.0,0.0,0.069,0.0547
2016-03-03,隆华节能,sz300263,15.31,14.76,14.8,14.79,14.83,14.79,118347,0.0,0.0,0.0,0.037,-6.0E-4
2016-03-04,隆华节能,sz300263,14.9,13.57,14.78,13.82,14.79,13.82,89053,0.0,0.0,0.0,0.0899,-0.0649
2016-03-07,隆华节能,sz300263,14.79,14.06,14.1,14.48,13.82,14.48,75829,0.0,0.0,0.0,0.0528,0.0269
2016-03-08,隆华节能,sz300263,14.75,13.52,14.47,14.64,14.48,14.64,97779,0.0,0.0,0.0,0.0849,0.0117
2016-03-09,隆华节能,sz300263,14.57,13.87,14.01,14.16,14.64,14.16,58766,0.0,0.0,0.0,0.0478,0.0107
2016-03-10,隆华节能,sz300263,14.55,14.01,14.2,14.13,14.16,14.13,71819,0.0,0.0,0.0,0.0381,-0.0049
2016-03-11,隆华节能,sz300263,14.2,13.8,13.81,14.09,14.13,14.09,39803,0.0,0.0,0.0,0.0283,0.0202
2016-03-14,隆华节能,sz300263,15.09,14.22,14.36,14.74,14.09,14.74,82627,0.0,0.0,0.0,0.0617,0.0264
2016-03-15,隆华节能,sz300263,14.93,14.5,14.62,14.59,14.74,14.59,51254,0.0,0.0,0.0,0.0291,-0.002
2016-03-16,隆华节能,sz300263,14.88,14.21,14.88,14.5,14.59,14.5,51759,0.0,0.0,0.0,0.0459,-0.0255
2016-03-17,隆华节能,sz300263,15.23,14.39,14.5,15.03,14.5,15.03,133760,0.0,0.0,0.0,0.0579,0.0365
2016-03-18,隆华节能,sz300263,16.17,15.0,15.06,15.96,15.03,15.96,139371,0.0,0.0,0.0,0.0778,0.0597
2016-03-21,隆华节能,sz300263,16.63,15.8,16.28,16.52,15.96,16.52,121522,0.0,0.0,0.0,0.052,0.0147
2016-03-22,隆华节能,sz300263,16.51,16.07,16.28,16.23,16.52,16.23,111920,0.0,0.0,0.0,0.0266,-0.003
2016-03-23,隆华节能,sz300263,16.51,16.0,16.17,16.46,16.23,16.46,94530,0.0,0.0,0.0,0.0314,0.0179
2016-03-24,隆华节能,sz300263,16.39,15.81,16.39,15.83,16.46,15.83,84614,0.0,0.0,0.0,0.0352,-0.0341
2016-03-25,隆华节能,sz300263,16.09,15.63,15.67,16.08,15.83,16.08,54962,0.0,0.0,0.0,0.029,0.0261
