2016-03-25
2014-10-31,九强生物,sz300406,22.68,22.68,22.68,22.68,20.62,22.68,4301,1.76E-4,0.0,0.0,0.0,0.0
2014-11-03,九强生物,sz300406,24.95,24.95,24.95,24.95,22.68,24.949995,6337,2.59E-4,0.0,0.0,0.0,0.0
2014-11-04,九强生物,sz300406,27.45,27.45,27.45,27.45,24.95,27.449986,6800,2.78E-4,0.0,0.0,0.0,0.0
2014-11-05,九强生物,sz300406,30.2,30.2,30.2,30.2,27.45,30.19998,10100,4.13E-4,0.0,0.0,0.0,0.0
2014-11-06,九强生物,sz300406,33.22,33.22,33.22,33.22,30.2,33.21998,7900,3.23E-4,0.0,0.0,0.0,0.0
2014-11-07,九强生物,sz300406,36.54,36.54,36.54,36.54,33.22,36.53998,18200,7.45E-4,0.0,0.0,0.0,0.0
2014-11-10,九强生物,sz300406,40.19,40.19,40.19,40.19,36.54,40.19,19400,7.94E-4,0.0,0.0,0.0,0.0
2014-11-11,九强生物,sz300406,44.21,44.21,44.21,44.21,40.19,44.210003,28542,0.001168,0.0,0.0,0.0,0.0
2014-11-12,九强生物,sz300406,48.63,48.63,48.63,48.63,44.21,48.629986,48600,0.001989,0.0,0.0,0.0,0.0
2014-11-13,九强生物,sz300406,53.49,53.49,53.49,53.49,48.63,53.489967,44109,0.001806,0.0,0.0,0.0,0.0
2014-11-14,九强生物,sz300406,58.84,58.84,58.84,58.84,53.49,58.83998,135689,0.005554,0.0,0.0,0.0,0.0
2014-11-17,九强生物,sz300406,64.72,64.72,64.72,64.72,58.84,64.71998,346480,0.014183,0.0,0.0,0.0,0.0
2014-11-18,九强生物,sz300406,71.19,71.19,71.19,71.19,64.72,71.18997,444664,0.018202,0.0,0.0,0.0,0.0
2014-11-19,九强生物,sz300406,78.31,78.31,78.31,78.31,71.19,78.30997,389190,0.015931,0.0,0.0,0.0,0.0
2014-11-20,九强生物,sz300406,86.14,86.14,86.14,86.14,78.31,86.139946,1657642,0.067853,0.0,0.0,0.0,0.0
2014-11-21,九强生物,sz300406,94.75,94.75,94.75,94.75,86.14,94.74998,5532964,0.226482,0.0,0.0,0.0,0.0
2014-11-24,九强生物,sz300406,104.23,98.1,99.97,104.23,94.75,104.229996,9386728,0.38423,0.0,0.0,0.0646,0.0426
2014-11-25,九强生物,sz300406,109.9,98.88,106.99,99.66,104.23,99.66003,12017346,0.491909,0.0,0.0,0.1057,-0.0685
2014-11-26,九强生物,sz300406,109.63,102.5,105.0,103.9,99.66,103.90006,9954373,0.407465,0.0,0.0,0.0715,-0.0104
2014-11-27,九强生物,sz300406,105.96,98.7,101.97,101.41,103.9,101.4101,7265799,0.297413,0.0,0.0,0.0698,-0.0054
2014-11-28,九强生物,sz300406,100.15,95.35,98.1,96.04,101.41,96.04013,7072121,0.289485,0.0,0.0,0.0473,-0.0209
2014-12-01,九强生物,sz300406,99.7,94.7,94.75,97.49,96.04,97.49014,4556708,0.186521,0.0,0.0,0.052,0.0289
2014-12-02,九强生物,sz300406,103.88,95.76,96.0,98.8,97.49,98.80012,5745615,0.235187,0.0,0.0,0.0832,0.0291
2014-12-03,九强生物,sz300406,97.83,93.9,97.0,95.17,98.8,95.170105,5313184,0.217486,0.0,0.0,0.0397,-0.0188
2014-12-04,九强生物,sz300406,96.5,94.2,95.17,95.18,95.17,95.1801,2836279,0.116098,0.0,0.0,0.0241,1.0E-4
2014-12-05,九强生物,sz300406,95.0,88.52,95.0,89.7,95.18,89.7001,4874019,0.19951,0.0,0.0,0.068,-0.0557
2014-12-08,九强生物,sz300406,90.3,86.5,88.93,87.29,89.7,87.29013,3673201,0.150356,0.0,0.0,0.0423,-0.0184
2014-12-09,九强生物,sz300406,89.51,84.8,86.28,84.8,87.29,84.800095,3322709,0.136009,0.0,0.0,0.0539,-0.0171
2014-12-10,九强生物,sz300406,87.59,84.87,84.87,86.3,84.8,86.300125,1983979,0.081211,0.0,0.0,0.032,0.0168
2014-12-11,九强生物,sz300406,89.49,84.5,85.5,88.01,86.3,88.01016,2822312,0.115526,0.0,0.0,0.0578,0.0293
2014-12-12,九强生物,sz300406,88.0,85.75,88.0,86.04,88.01,86.04014,2001464,0.081926,0.0,0.0,0.0255,-0.0222
2014-12-15,九强生物,sz300406,89.43,85.01,85.37,88.12,86.04,88.12016,2318906,0.09492,0.0,0.0,0.0513,0.0322
2014-12-16,九强生物,sz300406,88.1,85.49,87.6,85.98,88.12,85.98016,1955632,0.08005,0.0,0.0,0.0296,-0.0184
2014-12-17,九强生物,sz300406,85.85,83.11,85.34,83.49,85.98,83.49017,2181303,0.089288,0.0,0.0,0.0318,-0.0216
2014-12-18,九强生物,sz300406,84.15,81.01,82.99,81.06,83.49,81.060196,1881285,0.077007,0.0,0.0,0.0376,-0.0232
2014-12-19,九强生物,sz300406,81.4,76.01,81.09,76.3,81.06,76.30018,2320839,0.095,0.0,0.0,0.0664,-0.059
2014-12-22,九强生物,sz300406,78.5,68.71,75.01,76.5,76.3,76.50016,3213665,0.131546,0.0,0.0,0.1283,0.0198
2014-12-23,九强生物,sz300406,83.5,74.15,75.0,78.57,76.5,78.570175,3110965,0.127342,0.0,0.0,0.1222,0.0475
2014-12-24,九强生物,sz300406,82.5,77.51,79.5,81.52,78.57,81.52017,2889601,0.118281,0.0,0.0,0.0635,0.0254
2014-12-25,九强生物,sz300406,81.5,78.74,80.9,79.38,81.52,79.38019,1732691,0.070925,0.0,0.0,0.0338,-0.0187
2014-12-26,九强生物,sz300406,80.97,78.01,79.0,78.6,79.38,78.6002,1231140,0.050395,0.0,0.0,0.0372,-0.005
2014-12-29,九强生物,sz300406,77.6,73.8,77.6,74.08,78.6,74.080215,1956122,0.08007,0.0,0.0,0.0483,-0.0453
2014-12-30,九强生物,sz300406,75.6,73.44,74.58,74.42,74.08,74.42024,1148670,0.047019,0.0,0.0,0.0291,-0.0021
2014-12-31,九强生物,sz300406,78.0,73.3,74.0,76.95,74.42,76.95023,2473212,0.101237,0.0,0.0,0.0631,0.0398
2015-01-01,九强生物,sz300406,76.95,76.95,76.95,76.95,76.95,38.116,0,0.0,0.0,0.0,0.0,0.0
2015-01-02,九强生物,sz300406,76.95,76.95,76.95,76.95,76.95,38.116,0,0.0,0.0,0.0,0.0,0.0
2015-01-05,九强生物,sz300406,74.99,72.89,74.78,73.62,76.95,36.466,43746,0.089534,0.0,0.0,0.0272,-0.0155
2015-01-06,九强生物,sz300406,75.49,72.51,73.0,75.0,73.62,37.15,36063,0.073811,0.0,0.0,0.0404,0.0273
2015-01-07,九强生物,sz300406,74.75,72.57,74.25,72.73,75.0,36.025,26270,0.053766,0.0,0.0,0.029,-0.0204
2015-01-08,九强生物,sz300406,73.99,72.6,72.6,73.31,72.73,36.313,24235,0.049602,0.0,0.0,0.0191,0.0097
2015-01-09,九强生物,sz300406,74.3,72.71,73.09,72.8,73.31,36.06,21414,0.043828,0.0,0.0,0.0216,-0.0039
2015-01-12,九强生物,sz300406,71.68,69.46,71.68,69.92,72.8,34.634,26864,0.054982,0.0,0.0,0.0304,-0.0245
2015-01-13,九强生物,sz300406,72.95,69.58,69.8,72.75,69.92,36.035,30197,0.061804,0.0,0.0,0.0481,0.0422
2015-01-14,九强生物,sz300406,72.35,69.86,72.35,70.1,72.75,34.723,24442,0.050025,0.0,0.0,0.0342,-0.031
2015-01-15,九强生物,sz300406,71.4,70.0,70.01,70.4,70.1,34.871,15164,0.031036,0.0,0.0,0.0199,0.0055
2015-01-16,九强生物,sz300406,74.0,70.12,70.41,73.32,70.4,36.318,35566,0.072792,0.0,0.0,0.0551,0.0413
2015-01-19,九强生物,sz300406,77.0,72.15,72.15,74.85,73.32,37.076,68838,0.140889,0.0,0.0,0.0661,0.0374
2015-01-20,九强生物,sz300406,79.34,74.1,75.49,78.68,74.85,38.973,68372,0.139935,0.0,0.0,0.07,0.0422
2015-01-21,九强生物,sz300406,80.25,78.0,79.0,79.49,78.68,39.374,52462,0.107372,0.0,0.0,0.0285,0.0062
2015-01-22,九强生物,sz300406,81.32,78.62,79.28,80.81,79.49,40.028,38635,0.079074,0.0,0.0,0.0339,0.0192
2015-01-23,九强生物,sz300406,82.49,78.01,81.47,78.71,80.81,38.988,45627,0.093384,0.0,0.0,0.0554,-0.0338
2015-01-26,九强生物,sz300406,79.84,78.05,78.06,79.84,78.71,39.547,21274,0.043542,0.0,0.0,0.0227,0.0228
2015-01-27,九强生物,sz300406,83.96,80.38,83.01,80.73,79.84,39.988,53014,0.108503,0.0,0.0,0.0448,-0.0274
2015-01-28,九强生物,sz300406,80.2,78.51,80.08,78.73,80.73,38.997,26248,0.053723,0.0,0.0,0.0209,-0.0168
2015-01-29,九强生物,sz300406,79.38,78.53,78.81,78.99,78.73,39.126,12672,0.025937,0.0,0.0,0.0107,0.0022
2015-01-30,九强生物,sz300406,79.39,75.8,79.06,75.86,78.99,37.576,22475,0.046001,0.0,0.0,0.0454,-0.0404
2015-02-02,九强生物,sz300406,76.69,75.68,75.89,75.83,75.86,37.561,13926,0.028503,0.0,0.0,0.0133,-7.0E-4
2015-02-03,九强生物,sz300406,78.12,75.78,75.78,77.0,75.83,38.141,20542,0.042043,0.0,0.0,0.0308,0.016
2015-02-04,九强生物,sz300406,78.15,76.8,77.35,77.25,77.0,38.264,18362,0.037582,0.0,0.0,0.0175,-0.0012
2015-02-05,九强生物,sz300406,78.96,76.66,76.66,77.47,77.25,38.373,20141,0.041223,0.0,0.0,0.0297,0.0105
2015-02-06,九强生物,sz300406,77.8,72.9,77.77,72.94,77.47,36.129,33553,0.068673,0.0,0.0,0.0632,-0.0621
2015-02-09,九强生物,sz300406,72.44,71.53,71.53,71.8,72.94,35.565,12998,0.026604,0.0,0.0,0.0124,0.0037
2015-02-10,九强生物,sz300406,72.46,71.1,71.81,72.35,71.8,35.837,9483,0.01941,0.0,0.0,0.0189,0.0075
2015-02-11,九强生物,sz300406,74.44,72.1,72.6,73.8,72.35,36.555,11822,0.024197,0.0,0.0,0.0323,0.0165
2015-02-12,九强生物,sz300406,74.88,74.08,74.08,74.51,73.8,36.907,10544,0.02158,0.0,0.0,0.0108,0.0058
2015-02-13,九强生物,sz300406,77.38,75.01,75.01,76.86,74.51,38.071,24204,0.049538,0.0,0.0,0.0318,0.0246
2015-02-16,九强生物,sz300406,78.18,76.71,77.1,77.98,76.86,38.626,19829,0.040584,0.0,0.0,0.0191,0.0114
2015-02-17,九强生物,sz300406,78.48,76.8,78.1,77.83,77.98,38.552,16445,0.033659,0.0,0.0,0.0215,-0.0034
2015-02-18,九强生物,sz300406,77.83,77.83,77.83,77.83,77.83,38.552,0,0.0,0.0,0.0,0.0,0.0
2015-02-19,九强生物,sz300406,77.83,77.83,77.83,77.83,77.83,38.552,0,0.0,0.0,0.0,0.0,0.0
2015-02-20,九强生物,sz300406,77.83,77.83,77.83,77.83,77.83,38.552,0,0.0,0.0,0.0,0.0,0.0
2015-02-23,九强生物,sz300406,77.83,77.83,77.83,77.83,77.83,38.552,0,0.0,0.0,0.0,0.0,0.0
2015-02-24,九强生物,sz300406,77.83,77.83,77.83,77.83,77.83,38.552,0,0.0,0.0,0.0,0.0,0.0
2015-02-25,九强生物,sz300406,77.78,75.85,77.78,75.94,77.83,37.615,13879,0.028407,0.0,0.0,0.0247,-0.0236
2015-02-26,九强生物,sz300406,76.76,75.5,76.0,76.75,75.94,38.017,8920,0.018256,0.0,0.0,0.0165,0.0098
2015-02-27,九强生物,sz300406,80.68,77.4,77.47,79.66,76.75,39.458,34298,0.070197,0.0,0.0,0.0427,0.0282
2015-03-02,九强生物,sz300406,80.13,78.7,79.98,79.68,79.66,39.468,20908,0.042792,0.0,0.0,0.0179,-0.0037
2015-03-03,九强生物,sz300406,79.31,77.6,79.21,77.69,79.68,38.482,20298,0.041544,0.0,0.0,0.0214,-0.0191
2015-03-04,九强生物,sz300406,82.59,77.15,77.15,81.78,77.69,40.508,44542,0.091163,0.0,0.0,0.07,0.06
2015-03-05,九强生物,sz300406,82.18,79.5,82.07,79.94,81.78,39.597,30447,0.062315,0.0,0.0,0.0327,-0.0259
2015-03-06,九强生物,sz300406,80.1,78.51,79.94,79.0,79.94,39.131,18058,0.03696,0.0,0.0,0.0198,-0.0117
2015-03-09,九强生物,sz300406,80.96,78.15,78.79,80.52,79.0,39.884,21754,0.044524,0.0,0.0,0.0355,0.0219
2015-03-10,九强生物,sz300406,83.86,80.38,80.52,82.88,80.52,41.053,29721,0.060831,0.0,0.0,0.0432,0.0293
2015-03-11,九强生物,sz300406,83.05,81.03,82.5,81.56,82.88,40.399,21608,0.044226,0.0,0.0,0.0243,-0.0113
2015-03-12,九强生物,sz300406,82.79,79.02,82.0,79.4,81.56,39.329,28762,0.058867,46.903236,10.009597,0.0462,-0.0317
2015-03-13,九强生物,sz300406,80.97,79.63,80.01,80.56,79.4,39.904,17509,0.035836,47.58849,10.155838,0.0168,0.0068
2015-03-16,九强生物,sz300406,82.87,81.05,81.99,82.45,80.56,40.84,34009,0.069605,48.704964,10.394104,0.0225,0.0056
2015-03-17,九强生物,sz300406,87.47,83.01,83.01,86.41,82.45,42.802,74236,0.151937,51.044216,10.893322,0.054,0.0409
2015-03-18,九强生物,sz300406,92.59,85.41,86.0,90.95,86.41,45.05,65671,0.134407,53.726078,11.465657,0.083,0.0575
2015-03-19,九强生物,sz300406,91.96,88.73,90.0,90.21,90.95,44.684,47491,0.0972,53.288963,11.372373,0.0355,0.0023
2015-03-20,九强生物,sz300406,91.07,88.8,89.61,90.78,90.21,44.966,38305,0.078399,53.625694,11.444235,0.0251,0.013
2015-03-23,九强生物,sz300406,96.23,90.03,91.0,95.0,90.78,47.056,51787,0.105992,56.11854,11.976231,0.0682,0.0439
2015-03-24,九强生物,sz300406,95.86,90.0,95.0,93.8,95.0,46.462,57355,0.117388,55.409653,11.824948,0.0616,-0.0126
2015-03-25,九强生物,sz300406,99.49,93.08,93.08,98.8,93.8,48.939,68317,0.139824,58.363262,12.455276,0.0683,0.0614
2015-03-26,九强生物,sz300406,97.57,92.72,96.76,93.66,98.8,46.393,52378,0.107202,55.326973,11.807303,0.049,-0.032
2015-03-27,九强生物,sz300406,94.95,92.3,92.3,93.31,93.66,46.219,24914,0.050992,55.120216,11.763179,0.0282,0.0109
2015-03-30,九强生物,sz300406,93.9,89.42,92.9,89.5,93.31,44.332,40583,0.083061,52.869545,11.282865,0.048,-0.0365
2015-03-31,九强生物,sz300406,91.46,88.6,88.6,91.0,89.5,45.075,27862,0.057026,53.75564,11.471966,0.0319,0.027
2015-04-01,九强生物,sz300406,95.4,90.89,90.9,94.3,91.0,46.71,37525,0.076802,55.705032,11.887985,0.0495,0.0374
2015-04-02,九强生物,sz300406,97.99,93.65,94.41,97.19,94.3,48.141,46292,0.094744,57.412228,12.252316,0.046,0.0294
2015-04-03,九强生物,sz300406,99.5,96.03,96.05,99.0,97.19,49.038,49444,0.101196,58.481415,12.480491,0.0357,0.0307
2015-04-06,九强生物,sz300406,99.0,99.0,99.0,99.0,99.0,49.038,0,0.0,0.0,0.0,0.0,0.0
2015-04-07,九强生物,sz300406,108.9,101.08,101.08,108.9,99.0,53.942,64520,0.132051,64.32956,13.72854,0.0789,0.0773
2015-04-08,九强生物,sz300406,112.77,104.0,110.88,112.0,108.9,55.477,65488,0.134032,66.16076,14.119337,0.0805,0.0101
2015-04-09,九强生物,sz300406,111.0,100.89,110.78,108.99,112.0,53.986,59580,0.121942,64.38269,13.73988,0.0902,-0.0161
2015-04-10,九强生物,sz300406,118.01,105.99,106.78,115.8,108.99,57.359,62000,0.126894,68.40552,14.598389,0.1102,0.0844
2015-04-13,九强生物,sz300406,127.38,122.75,124.88,127.38,115.8,63.095,52143,0.10672,75.24606,16.058228,0.0399,0.02
2015-04-14,九强生物,sz300406,140.12,126.78,129.99,126.78,127.38,62.798,108175,0.221399,74.891655,15.982593,0.1047,-0.0246
2015-04-15,九强生物,sz300406,61.505,57.05,61.25,57.05,126.78,28.259,81775,0.167366,67.40129,14.384078,0.0351,-0.0685
2015-04-16,九强生物,sz300406,58.845,53.255,54.1,55.65,57.05,27.565,55624,0.113844,65.74727,14.031093,0.0979,0.0286
2015-04-17,九强生物,sz300406,57.5,53.4,57.1,53.55,55.65,26.525,53987,0.110494,63.266228,13.501616,0.0736,-0.0621
2015-04-20,九强生物,sz300406,53.15,48.95,52.99,49.0,53.55,49.0,53773,0.110056,58.186012,12.417449,0.0784,-0.0752
2015-04-21,九强生物,sz300406,51.77,49.0,49.0,51.7,49.0,51.7,40904,0.083717,61.392178,13.101676,0.0565,0.0551
2015-04-22,九强生物,sz300406,55.69,51.72,51.72,53.97,51.7,53.97,49285,0.100872,64.08772,13.676931,0.0767,0.0435
2015-04-23,九强生物,sz300406,55.49,52.97,54.02,54.0,53.97,54.0,50703,0.103773,64.12336,13.684535,0.0466,-3.0E-4
2015-04-24,九强生物,sz300406,53.3,51.36,52.0,53.23,54.0,53.23,44404,0.090882,63.209023,13.489408,0.0359,0.0236
2015-04-27,九强生物,sz300406,53.85,51.5,53.0,51.87,53.23,51.87,45071,0.092246,61.594032,13.144753,0.0441,-0.0213
2015-04-28,九强生物,sz300406,51.87,48.56,51.86,48.76,51.87,48.76,41288,0.084504,57.900974,12.35662,0.0638,-0.0597
2015-04-29,九强生物,sz300406,50.39,48.62,48.98,50.2,48.76,50.2,26383,0.053999,59.61091,12.721536,0.0363,0.0249
2015-04-30,九强生物,sz300406,51.3,49.67,50.6,49.67,50.2,49.67,30382,0.062182,58.981537,12.587222,0.0324,-0.0183
2015-05-01,九强生物,sz300406,49.67,49.67,49.67,49.67,49.67,49.67,0,0.0,0.0,0.0,0.0,0.0
2015-05-04,九强生物,sz300406,49.4,46.6,49.4,48.71,49.67,48.71,26036,0.053287,57.84154,12.343936,0.0563,-0.0139
2015-05-05,九强生物,sz300406,51.0,48.52,48.7,50.06,48.71,50.06,32067,0.065631,59.44462,12.686048,0.0509,0.0279
2015-05-06,九强生物,sz300406,50.5,48.3,50.5,48.5,50.06,48.5,33273,0.068099,57.592148,12.290713,0.0439,-0.0396
2015-05-07,九强生物,sz300406,48.97,46.51,48.1,46.9,48.5,46.9,24638,0.050426,55.69218,11.885242,0.0507,-0.0249
2015-05-08,九强生物,sz300406,51.3,47.51,47.85,50.92,46.9,50.92,42942,0.087889,60.465782,12.903974,0.0808,0.0641
2015-05-11,九强生物,sz300406,55.96,50.42,51.77,54.98,50.92,54.98,73317,0.150056,65.286896,13.932847,0.1087,0.062
2015-05-12,九强生物,sz300406,56.49,53.3,54.95,55.71,54.98,55.71,72000,0.147361,66.15378,14.117847,0.058,0.0138
2015-05-13,九强生物,sz300406,56.25,53.0,54.76,54.85,55.71,54.85,48983,0.100252,65.13256,13.89991,0.0583,0.0016
2015-05-14,九强生物,sz300406,59.9,54.88,54.88,58.83,54.85,58.83,65896,0.134868,69.85871,14.908515,0.0915,0.0719
2015-05-15,九强生物,sz300406,63.2,55.77,59.0,61.99,58.83,61.99,78974,0.161635,73.6111,15.709311,0.1262,0.0506
2015-05-18,九强生物,sz300406,68.19,61.99,62.7,68.19,61.99,68.19,90124,0.184454,80.97339,17.280493,0.1,0.0875
2015-05-19,九强生物,sz300406,72.39,64.0,70.3,67.73,68.19,67.73,77474,0.158563,80.42715,17.16392,0.123,-0.0365
2015-05-20,九强生物,sz300406,70.6,66.31,67.54,67.18,67.73,67.18,59403,0.121579,79.77408,17.024548,0.0633,-0.0053
2015-05-21,九强生物,sz300406,70.5,65.3,65.99,68.8,67.18,68.8,56700,0.116031,81.69778,17.435083,0.0774,0.0425
2015-05-22,九强生物,sz300406,71.0,65.72,70.01,66.2,68.8,66.2,55873,0.114337,78.61036,16.7762,0.0767,-0.0544
2015-05-25,九强生物,sz300406,66.38,63.36,63.8,65.35,66.2,65.35,41779,0.085508,77.601006,16.560795,0.0456,0.0242
2015-05-26,九强生物,sz300406,71.89,65.67,65.67,71.89,65.35,71.89,64971,0.132957,85.36705,18.218142,0.0951,0.0947
2015-05-27,九强生物,sz300406,78.61,69.2,73.4,77.0,71.89,77.0,76504,0.156587,91.435005,19.513102,0.1308,0.049
2015-05-28,九强生物,sz300406,83.88,75.01,75.93,77.65,77.0,77.65,100464,0.205615,92.20686,19.677822,0.1151,0.0226
2015-05-29,九强生物,sz300406,80.81,69.89,77.65,75.26,77.65,75.26,61180,0.125222,89.36881,19.072157,0.1406,-0.0307
2015-06-01,九强生物,sz300406,78.2,73.88,75.68,77.61,75.26,77.61,44240,0.090545,92.15936,19.667686,0.0574,0.0255
2015-06-02,九强生物,sz300406,83.73,77.07,78.95,81.95,77.61,81.95,55126,0.112827,97.31297,20.767515,0.0858,0.0379
2015-06-03,九强生物,sz300406,83.0,75.0,83.0,78.01,81.95,78.01,45189,0.092476,92.63435,19.769053,0.0976,-0.0601
2015-06-04,九强生物,sz300406,77.5,70.21,77.5,71.4,78.01,71.4,47381,0.096962,84.78519,18.093967,0.0934,-0.0787
2015-06-05,九强生物,sz300406,74.5,68.18,73.39,69.85,71.4,69.85,38457,0.078706,82.94461,17.701172,0.0885,-0.0482
2015-06-08,九强生物,sz300406,69.82,63.78,69.8,65.4,69.85,65.4,47232,0.096681,77.660385,16.573465,0.0864,-0.063
2015-06-09,九强生物,sz300406,67.99,64.19,65.0,66.89,65.4,66.89,30413,0.06225,79.42971,16.951057,0.0581,0.029
2015-06-10,九强生物,sz300406,70.57,66.9,67.8,69.3,66.89,69.3,35868,0.07341,82.291504,17.561792,0.0548,0.0221
2015-06-11,九强生物,sz300406,69.88,67.2,69.32,69.49,69.3,69.49,32320,0.066154,82.51713,17.609941,0.0386,0.0024
2015-06-12,九强生物,sz300406,69.98,67.88,69.49,68.03,69.49,68.03,26139,0.053497,80.783424,17.239952,0.0302,-0.021
2015-06-15,九强生物,sz300406,68.1,62.12,68.1,62.27,68.03,62.27,33993,0.069561,73.94361,15.780271,0.0879,-0.0856
2015-06-16,九强生物,sz300406,63.43,57.07,61.0,60.9,62.27,60.9,37723,0.077195,72.31678,15.43309,0.1021,-0.0016
2015-06-17,九强生物,sz300406,63.49,59.6,61.35,63.48,60.9,63.48,26745,0.054732,75.38045,16.086906,0.0638,0.0347
2015-06-18,九强生物,sz300406,63.3,58.8,63.3,59.03,63.48,59.03,25860,0.052931,70.096214,14.9592,0.0708,-0.0674
2015-06-19,九强生物,sz300406,58.0,53.13,58.0,53.37,59.03,53.37,26290,0.0538,63.37515,13.524861,0.0825,-0.0798
2015-06-22,九强生物,sz300406,53.37,53.37,53.37,53.37,53.37,53.37,0,0.0,0.0,0.0,0.0,0.0
2015-06-23,九强生物,sz300406,55.39,50.8,53.96,55.39,53.37,55.39,27248,0.055775,65.773834,14.036763,0.086,0.0265
2015-06-24,九强生物,sz300406,57.59,54.01,56.0,56.6,55.39,56.6,22966,0.047012,67.21067,14.343397,0.0646,0.0107
2015-06-25,九强生物,sz300406,56.97,52.38,56.7,53.2,56.6,53.2,17444,0.035707,63.17328,13.48178,0.081,-0.0617
2015-06-26,九强生物,sz300406,52.0,47.88,51.49,47.88,53.2,47.88,31056,0.063573,56.85595,12.133602,0.0774,-0.0701
2015-06-29,九强生物,sz300406,49.5,43.09,48.31,43.09,47.88,43.09,31491,0.064463,51.16798,10.919735,0.1338,-0.108
2015-06-30,九强生物,sz300406,46.99,38.78,42.2,46.82,43.09,46.82,41997,0.08594,55.597233,11.86498,0.1905,0.1094
2015-07-01,九强生物,sz300406,48.8,44.0,45.5,45.26,46.82,45.26,37325,0.076406,53.744785,11.469649,0.1025,-0.0052
2015-07-02,九强生物,sz300406,47.2,42.0,45.26,42.88,45.26,42.88,32319,0.06615,50.918613,10.866517,0.1148,-0.0525
2015-07-03,九强生物,sz300406,45.3,38.59,42.13,39.9,42.88,39.9,44157,0.090352,47.37996,10.111335,0.1564,-0.0529
2015-07-06,九强生物,sz300406,43.89,35.91,43.89,37.0,39.9,37.0,50287,0.10291,43.936302,9.376426,0.2,-0.1569
2015-07-07,九强生物,sz300406,36.3,33.3,36.2,33.3,37.0,33.3,22702,0.046464,39.54267,8.438783,0.081,-0.0801
2015-07-08,九强生物,sz300406,31.75,29.97,29.97,30.78,33.3,30.78,77268,0.158132,36.550255,7.800173,0.0534,0.027
2015-07-09,九强生物,sz300406,33.86,30.52,30.62,33.86,30.78,33.86,45716,0.093588,40.207653,8.580697,0.1085,0.1058
2015-07-10,九强生物,sz300406,37.25,35.22,37.0,37.25,33.86,37.25,11561,0.023662,44.23317,9.43978,0.0599,0.0067
2015-07-13,九强生物,sz300406,40.98,38.51,40.98,40.98,37.25,40.98,40527,0.082957,48.662422,10.385025,0.0663,0.0
2015-07-14,九强生物,sz300406,45.08,42.0,43.0,44.51,40.98,44.51,92595,0.18949,52.854183,11.279587,0.0751,0.0351
2015-07-15,九强生物,sz300406,43.49,40.06,42.02,40.5,44.51,40.5,59875,0.122533,48.092438,10.263385,0.077,-0.0361
2015-07-16,九强生物,sz300406,43.88,38.5,40.5,41.85,40.5,41.85,46330,0.094812,49.69552,10.605498,0.1328,0.0333
2015-07-17,九强生物,sz300406,46.04,42.37,43.0,45.46,41.85,45.46,49599,0.101521,53.982277,11.520333,0.0876,0.0572
2015-07-20,九强生物,sz300406,46.59,44.02,44.55,44.99,45.46,44.99,53221,0.108936,53.424168,11.401227,0.0565,0.0098
2015-07-21,九强生物,sz300406,46.09,43.05,44.0,45.37,44.99,45.37,34498,0.070599,53.875404,11.497525,0.0675,0.0311
2015-07-22,九强生物,sz300406,46.5,44.52,45.3,45.88,45.37,45.88,33653,0.068867,54.481014,11.626768,0.0436,0.0128
2015-07-23,九强生物,sz300406,49.98,45.6,46.2,48.96,45.88,48.96,45290,0.092701,58.138416,12.407292,0.0954,0.0597
2015-07-24,九强生物,sz300406,50.88,46.08,48.96,47.05,48.96,47.05,53704,0.109907,55.870354,11.923266,0.098,-0.039
2015-07-27,九强生物,sz300406,48.0,42.35,45.08,42.35,47.05,42.35,47448,0.09712,50.289253,10.732206,0.12,-0.0605
2015-07-28,九强生物,sz300406,42.99,38.12,39.97,40.09,42.35,40.09,44862,0.091808,47.605576,10.159484,0.1149,0.003
2015-07-29,九强生物,sz300406,43.0,38.0,40.99,42.85,40.09,42.85,35674,0.073001,50.882988,10.858915,0.1247,0.0453
2015-07-30,九强生物,sz300406,43.47,40.29,42.0,40.29,42.85,40.29,33913,0.069393,47.84307,10.210167,0.0742,-0.0407
2015-07-31,九强生物,sz300406,40.6,38.2,39.2,38.8,40.29,38.8,25404,0.051987,46.073746,9.832576,0.0595,-0.0102
2015-08-03,九强生物,sz300406,38.5,35.8,38.3,35.94,38.8,35.94,23960,0.049039,42.677586,9.107804,0.0695,-0.0616
2015-08-04,九强生物,sz300406,39.42,36.19,36.19,39.41,35.94,39.41,26072,0.053349,46.7981,9.98716,0.0898,0.0889
2015-08-05,九强生物,sz300406,40.41,38.51,39.38,39.39,39.41,39.39,28699,0.058725,46.77435,9.982092,0.0482,2.0E-4
2015-08-06,九强生物,sz300406,39.95,37.83,38.48,38.99,39.39,38.99,16942,0.034676,46.299362,9.880725,0.0538,0.0132
2015-08-07,九强生物,sz300406,41.5,39.21,39.21,41.32,38.99,41.32,28573,0.058476,49.066162,10.471187,0.0587,0.0538
2015-08-10,九强生物,sz300406,45.35,41.33,41.99,45.1,41.32,45.1,34895,0.071405,53.55479,11.429103,0.0972,0.074
2015-08-11,九强生物,sz300406,46.5,44.4,45.2,45.25,45.1,45.25,41829,0.085607,53.73291,11.467115,0.0465,0.0011
2015-08-12,九强生物,sz300406,45.44,43.21,44.51,43.22,45.25,43.22,28076,0.057455,51.32235,10.952679,0.0492,-0.0289
2015-08-13,九强生物,sz300406,44.97,42.65,42.85,44.7,43.22,44.7,27078,0.055421,53.079803,11.327736,0.0536,0.0431
2015-08-14,九强生物,sz300406,45.38,43.58,45.18,43.8,44.7,43.8,23897,0.048911,52.01108,11.099661,0.0402,-0.0305
2015-08-17,九强生物,sz300406,43.76,41.8,43.76,42.83,43.8,42.83,22000,0.04502,50.859238,10.853846,0.0447,-0.0212
2015-08-18,九强生物,sz300406,43.94,38.55,42.67,38.69,42.83,38.69,35563,0.072801,45.943123,9.8047,0.1258,-0.0932
2015-08-19,九强生物,sz300406,40.0,36.0,38.28,39.75,38.69,39.75,28237,0.057797,47.20184,10.073322,0.1033,0.0384
2015-08-20,九强生物,sz300406,40.43,38.6,39.55,39.08,39.75,39.08,16697,0.034181,46.406235,9.903533,0.046,-0.0118
2015-08-21,九强生物,sz300406,38.98,36.6,38.05,37.07,39.08,37.07,15484,0.031695,44.019424,9.394165,0.0609,-0.0257
2015-08-24,九强生物,sz300406,35.21,33.36,35.0,33.36,37.07,33.36,23474,0.048042,39.61392,8.453988,0.0499,-0.0468
2015-08-25,九强生物,sz300406,32.0,30.02,30.05,30.02,33.36,30.02,24360,0.049849,35.647778,7.607576,0.0593,-9.0E-4
2015-08-26,九强生物,sz300406,32.16,28.51,30.49,30.05,30.02,30.05,30760,0.062966,35.683403,7.615178,0.1215,-0.0144
2015-08-27,九强生物,sz300406,31.56,29.8,30.98,31.5,30.05,31.5,21259,0.043513,37.40523,7.982633,0.0585,0.0167
2015-08-28,九强生物,sz300406,33.78,31.38,32.4,33.78,31.5,33.78,25210,0.051612,40.112656,8.560423,0.0761,0.0425
2015-08-31,九强生物,sz300406,33.48,30.99,33.01,31.02,33.78,31.02,22465,0.045967,36.835247,7.860993,0.0737,-0.0602
2015-09-01,九强生物,sz300406,30.6,28.5,30.6,28.6,31.02,28.6,22777,0.04663,33.961575,7.247724,0.0676,-0.0653
2015-09-02,九强生物,sz300406,30.18,26.9,27.0,27.74,28.6,27.74,20268,0.041493,32.940353,7.029785,0.1146,0.0274
2015-09-03,九强生物,sz300406,27.74,27.74,27.74,27.74,27.74,27.74,0,0.0,0.0,0.0,0.0,0.0
2015-09-04,九强生物,sz300406,27.74,27.74,27.74,27.74,27.74,27.74,0,0.0,0.0,0.0,0.0,0.0
2015-09-07,九强生物,sz300406,29.8,28.52,28.78,28.8,27.74,28.8,17104,0.03501,34.199066,7.298407,0.0461,6.0E-4
2015-09-08,九强生物,sz300406,31.01,28.31,28.75,30.96,28.8,30.96,22198,0.045423,36.763996,7.845788,0.0937,0.0768
2015-09-09,九强生物,sz300406,32.55,31.0,31.0,32.29,30.96,32.29,29552,0.060471,38.34333,8.182832,0.05,0.0416
2015-09-10,九强生物,sz300406,32.28,31.22,32.26,31.39,32.29,31.39,18883,0.03864,37.27461,7.954757,0.0328,-0.0269
2015-09-11,九强生物,sz300406,32.0,30.88,31.49,31.68,31.39,31.68,15593,0.031911,37.618973,8.028248,0.0356,0.006
2015-09-14,九强生物,sz300406,31.95,28.51,31.74,28.51,31.68,28.51,20533,0.042024,33.854702,7.224916,0.1085,-0.1017
2015-09-15,九强生物,sz300406,28.57,26.92,27.8,27.16,28.51,27.16,13731,0.028104,32.25162,6.882803,0.0578,-0.023
2015-09-16,九强生物,sz300406,29.88,27.48,27.48,29.88,27.16,29.88,23501,0.048097,35.481533,7.572097,0.0883,0.0873
2015-09-17,九强生物,sz300406,31.7,29.25,29.88,29.83,29.88,29.83,32323,0.066177,35.422157,7.559426,0.0819,-0.0016
2015-09-18,九强生物,sz300406,30.75,29.5,29.95,30.57,29.83,30.57,17534,0.035878,36.300884,7.746955,0.0419,0.0207
2015-09-21,九强生物,sz300406,33.5,30.0,30.47,33.42,30.57,33.42,31260,0.063975,39.68517,8.469193,0.1144,0.0968
2015-09-22,九强生物,sz300406,34.3,32.46,33.45,32.8,33.42,32.8,30957,0.063343,38.948936,8.312075,0.055,-0.0194
2015-09-23,九强生物,sz300406,33.3,32.0,32.26,32.43,32.8,32.43,18305,0.037453,38.509575,8.21831,0.0396,0.0052
2015-09-24,九强生物,sz300406,33.49,32.41,32.58,32.85,32.43,32.85,15550,0.031827,39.008312,8.324746,0.0333,0.0082
2015-09-25,九强生物,sz300406,32.93,30.8,32.8,31.2,32.85,31.2,15453,0.031636,37.04899,7.906608,0.0648,-0.0487
2015-09-28,九强生物,sz300406,31.2,31.2,31.2,31.2,31.2,31.2,0,0.028491,38.687695,8.256323,0.0,0.0
2015-09-29,九强生物,sz300406,32.54,31.28,31.97,31.7,31.2,31.7,11783,0.024114,37.642723,8.033316,0.0403,-0.0084
2015-09-30,九强生物,sz300406,32.35,31.33,31.72,31.44,31.7,31.44,13650,0.02794,37.33398,7.967428,0.0321,-0.0088
2015-10-01,九强生物,sz300406,31.44,31.44,31.44,31.44,31.44,31.44,0,0.0,0.0,0.0,0.0,0.0
2015-10-02,九强生物,sz300406,31.44,31.44,31.44,31.44,31.44,31.44,0,0.0,0.0,0.0,0.0,0.0
2015-10-05,九强生物,sz300406,31.44,31.44,31.44,31.44,31.44,31.44,0,0.0,0.0,0.0,0.0,0.0
2015-10-06,九强生物,sz300406,31.44,31.44,31.44,31.44,31.44,31.44,0,0.0,0.0,0.0,0.0,0.0
2015-10-07,九强生物,sz300406,31.44,31.44,31.44,31.44,31.44,31.44,0,0.0,0.0,0.0,0.0,0.0
2015-10-08,九强生物,sz300406,33.47,32.48,32.88,33.14,31.44,33.14,25418,0.052029,39.352676,8.398236,0.0314,0.0079
2015-10-09,九强生物,sz300406,33.45,32.7,32.95,33.36,33.14,33.36,19359,0.039621,39.61392,8.453988,0.0226,0.0124
2015-10-12,九强生物,sz300406,36.19,33.59,33.7,35.68,33.36,35.68,37310,0.076375,42.368847,9.041915,0.0779,0.0587
2015-10-13,九强生物,sz300406,37.45,35.14,35.5,36.8,35.68,36.8,36903,0.07553,43.69881,9.325742,0.0647,0.0366
2015-10-14,九强生物,sz300406,36.99,35.6,36.36,35.6,36.8,35.6,28683,0.058719,42.27385,9.021642,0.0377,-0.0209
2015-10-15,九强生物,sz300406,37.98,35.5,35.5,37.9,35.6,37.9,29648,0.060673,45.005024,9.604501,0.0696,0.0676
2015-10-16,九强生物,sz300406,39.59,38.0,38.5,39.25,37.9,39.25,39838,0.081525,46.608105,9.946614,0.0419,0.0194
2015-10-19,九强生物,sz300406,39.27,37.4,38.88,37.87,39.25,37.87,29308,0.059994,44.9694,9.596898,0.0476,-0.0259
2015-10-20,九强生物,sz300406,38.79,37.5,38.0,38.65,37.87,38.65,29767,0.060937,45.895622,9.794564,0.034,0.0171
2015-10-21,九强生物,sz300406,41.18,36.2,38.8,36.23,38.65,36.23,51734,0.105894,43.021954,9.181295,0.1288,-0.0662
2015-10-22,九强生物,sz300406,39.49,36.3,36.3,39.2,36.23,39.2,38054,0.077896,46.548733,9.933943,0.088,0.0798
2015-10-23,九强生物,sz300406,42.16,39.8,40.4,41.47,39.2,41.47,56331,0.115303,49.24428,10.509199,0.0602,0.0264
2015-10-26,九强生物,sz300406,41.8,39.5,41.79,40.49,41.47,40.49,42341,0.086673,48.080563,10.260851,0.0554,-0.0311
2015-10-27,九强生物,sz300406,41.32,38.24,40.21,40.79,40.49,40.79,32740,0.067008,48.436806,10.336876,0.076,0.0144
2015-10-28,九强生物,sz300406,40.79,38.5,40.5,38.68,40.79,38.68,24481,0.050102,45.931248,9.802166,0.0561,-0.0449
2015-10-29,九强生物,sz300406,39.48,37.84,39.29,38.5,38.68,38.5,23215,0.047516,45.717503,9.756551,0.0423,-0.0201
2015-10-30,九强生物,sz300406,40.49,38.31,38.52,39.1,38.5,39.1,27439,0.056171,46.429985,9.908601,0.0566,0.015
2015-11-02,九强生物,sz300406,40.46,37.42,37.59,38.4,39.1,38.4,28178,0.057678,45.59876,9.731209,0.0777,0.0215
2015-11-03,九强生物,sz300406,38.98,36.0,38.45,37.0,38.4,37.0,83940,0.0,0.0,0.0,0.0776,-0.0377
2015-11-04,九强生物,sz300406,40.0,37.11,37.27,39.92,37.0,39.92,63992,0.0,0.0,0.0,0.0781,0.0711
2015-11-05,九强生物,sz300406,41.01,39.31,40.4,40.5,39.92,40.5,59213,0.0,0.0,0.0,0.0425,0.0024
2015-11-06,九强生物,sz300406,43.5,40.25,40.5,43.06,40.5,43.06,57915,0.0,0.0,0.0,0.0802,0.0632
2015-11-09,九强生物,sz300406,45.0,41.6,42.7,44.02,43.06,44.02,74232,0.0,0.0,0.0,0.0789,0.0309
2015-11-10,九强生物,sz300406,45.38,43.31,43.54,45.38,44.02,45.38,67173,0.0,0.0,0.0,0.047,0.0422
2015-11-11,九强生物,sz300406,49.0,44.55,45.3,47.92,45.38,47.92,61156,0.0,0.0,0.0,0.098,0.0578
2015-11-12,九强生物,sz300406,50.85,46.61,48.18,49.66,47.92,49.66,76501,0.0,0.0,0.0,0.0884,0.0307
2015-11-13,九强生物,sz300406,48.65,45.4,48.23,46.48,49.66,46.48,69098,0.0,0.0,0.0,0.0654,-0.0362
2015-11-16,九强生物,sz300406,47.4,44.59,44.65,47.06,46.48,47.06,41945,0.0,0.0,0.0,0.0604,0.0539
2015-11-17,九强生物,sz300406,47.7,45.01,47.52,45.24,47.06,45.24,50247,0.0,0.0,0.0,0.0571,-0.0479
2015-11-18,九强生物,sz300406,45.43,43.0,45.1,43.03,45.24,43.03,30916,0.0,0.0,0.0,0.0537,-0.0458
2015-11-19,九强生物,sz300406,44.85,43.4,43.4,44.8,43.03,44.8,30181,0.0,0.0,0.0,0.0336,0.0322
2015-11-20,九强生物,sz300406,46.2,44.88,44.88,45.38,44.8,45.38,35950,0.0,0.0,0.0,0.0294,0.0111
2015-11-23,九强生物,sz300406,45.9,44.0,45.03,44.3,45.38,44.3,31731,0.0,0.0,0.0,0.0418,-0.0162
2015-11-24,九强生物,sz300406,46.63,44.0,44.5,46.55,44.3,46.55,37179,0.0,0.0,0.0,0.0593,0.046
2015-11-25,九强生物,sz300406,48.27,46.2,46.26,48.0,46.55,48.0,47384,0.0,0.0,0.0,0.0444,0.0376
2015-11-26,九强生物,sz300406,48.86,46.9,48.18,46.98,48.0,46.98,43776,0.0,0.0,0.0,0.0408,-0.0249
2015-11-27,九强生物,sz300406,47.58,42.58,46.35,43.31,46.98,43.31,43572,0.0,0.0,0.0,0.1064,-0.0655
2015-11-30,九强生物,sz300406,44.85,41.8,43.51,44.67,43.31,44.67,38512,0.0,0.0,0.0,0.0704,0.0266
2015-12-01,九强生物,sz300406,45.79,44.25,44.68,44.95,44.67,44.95,28523,0.0,0.0,0.0,0.0344,0.006
2015-12-02,九强生物,sz300406,44.86,41.18,44.86,42.86,44.95,42.86,29778,0.0,0.0,0.0,0.0818,-0.0445
2015-12-03,九强生物,sz300406,44.19,42.8,43.0,44.12,42.86,44.12,20453,0.0,0.0,0.0,0.0324,0.026
2015-12-04,九强生物,sz300406,44.75,43.6,44.05,43.95,44.12,43.95,27494,0.0,0.0,0.0,0.026,-0.0022
2015-12-07,九强生物,sz300406,44.44,43.65,43.81,43.99,43.95,43.99,18908,0.0,0.0,0.0,0.0179,0.0041
2015-12-08,九强生物,sz300406,43.88,42.7,43.88,42.74,43.99,42.74,20546,0.0,0.0,0.0,0.0268,-0.0259
2015-12-09,九强生物,sz300406,42.73,41.8,42.51,41.95,42.74,41.95,17685,0.0,0.0,0.0,0.0217,-0.0131
2015-12-10,九强生物,sz300406,42.53,41.89,42.04,42.08,41.95,42.08,16803,0.0,0.0,0.0,0.0152,9.0E-4
2015-12-11,九强生物,sz300406,41.98,41.44,41.5,41.64,42.08,41.64,16445,0.0,0.0,0.0,0.0128,0.0033
2015-12-14,九强生物,sz300406,43.17,41.2,41.4,43.14,41.64,43.14,17530,0.0,0.0,0.0,0.0473,0.042
2015-12-15,九强生物,sz300406,44.2,43.31,43.31,43.71,43.14,43.71,20040,0.0,0.0,0.0,0.0206,0.0092
2015-12-16,九强生物,sz300406,44.73,43.62,43.79,44.55,43.71,44.55,24962,0.0,0.0,0.0,0.0253,0.0173
2015-12-17,九强生物,sz300406,47.89,44.72,44.72,46.88,44.55,46.88,45448,0.0,0.0,0.0,0.0711,0.0483
2015-12-18,九强生物,sz300406,48.0,46.0,46.98,46.96,46.88,46.96,29153,0.0,0.0,0.0,0.0426,-4.0E-4
2015-12-21,九强生物,sz300406,47.63,46.37,47.38,46.93,46.96,46.93,22319,0.0,0.0,0.0,0.0268,-0.0094
2015-12-22,九强生物,sz300406,47.45,45.6,46.95,46.72,46.93,46.72,21483,0.0,0.0,0.0,0.0394,-0.0048
2015-12-23,九强生物,sz300406,47.59,46.4,46.72,47.01,46.72,47.01,25727,0.0,0.0,0.0,0.0254,0.0062
2015-12-24,九强生物,sz300406,48.0,45.78,46.5,47.7,47.01,47.7,39933,0.0,0.0,0.0,0.0472,0.0258
2015-12-25,九强生物,sz300406,49.5,47.71,47.71,48.95,47.7,48.95,49321,0.0,0.0,0.0,0.0375,0.0259
2015-12-28,九强生物,sz300406,49.98,46.72,49.0,46.72,48.95,46.72,37367,0.0,0.0,0.0,0.0665,-0.0465
2015-12-29,九强生物,sz300406,47.18,45.0,46.73,46.15,46.72,46.15,28072,0.0,0.0,0.0,0.0466,-0.0124
2015-12-30,九强生物,sz300406,47.0,45.76,46.2,46.87,46.15,46.87,22520,0.0,0.0,0.0,0.0268,0.0145
2015-12-31,九强生物,sz300406,47.85,46.5,47.13,46.88,46.87,46.88,28827,0.0,0.0,0.0,0.0288,-0.0053
2016-01-01,九强生物,sz300406,47.85,46.5,47.13,46.88,46.88,46.88,28827,0.0,0.0,0.0,0.0287,-0.0053
2016-01-04,九强生物,sz300406,46.73,42.19,46.36,42.19,46.88,42.19,25215,0.0,0.0,0.0,0.0968,-0.0899
2016-01-05,九强生物,sz300406,42.14,39.18,40.01,40.45,42.19,40.45,35997,0.0,0.0,0.0,0.0701,0.0109
2016-01-06,九强生物,sz300406,41.68,40.05,40.63,41.16,40.45,41.16,19378,0.0,0.0,0.0,0.0402,0.013
2016-01-07,九强生物,sz300406,40.35,37.04,40.29,37.04,41.16,37.04,6709,0.0,0.0,0.0,0.0804,-0.0806
2016-01-08,九强生物,sz300406,38.25,34.81,38.2,36.96,37.04,36.96,23972,0.0,0.0,0.0,0.0928,-0.0324
2016-01-11,九强生物,sz300406,36.9,33.26,35.6,33.26,36.96,33.26,23571,0.0,0.0,0.0,0.0984,-0.0657
2016-01-12,九强生物,sz300406,34.8,33.3,33.3,34.15,33.26,34.15,20434,0.0,0.0,0.0,0.045,0.0255
2016-01-13,九强生物,sz300406,34.76,33.31,34.57,33.31,34.15,33.31,13571,0.0,0.0,0.0,0.0424,-0.0364
2016-01-14,九强生物,sz300406,35.49,31.65,32.0,35.41,33.31,35.41,20076,0.0,0.0,0.0,0.1152,0.1065
2016-01-15,九强生物,sz300406,35.49,33.5,35.49,34.14,35.41,34.14,17074,0.0,0.0,0.0,0.0561,-0.038
2016-01-18,九强生物,sz300406,35.93,33.5,34.0,35.4,34.14,35.4,16298,0.0,0.0,0.0,0.0711,0.0411
2016-01-19,九强生物,sz300406,37.82,35.55,35.55,37.52,35.4,37.52,22612,0.0,0.0,0.0,0.0641,0.0554
2016-01-20,九强生物,sz300406,38.5,37.03,37.03,37.43,37.52,37.43,22525,0.0,0.0,0.0,0.0391,0.0108
2016-01-21,九强生物,sz300406,38.0,36.07,37.0,36.4,37.43,36.4,19480,0.0,0.0,0.0,0.0515,-0.0162
2016-01-22,九强生物,sz300406,39.0,37.27,38.97,38.8,36.4,38.8,45982,0.0,0.0,0.0,0.0475,-0.0043
2016-01-25,九强生物,sz300406,39.5,38.0,38.31,38.5,38.8,38.5,28975,0.0,0.0,0.0,0.0386,0.0049
2016-01-26,九强生物,sz300406,38.36,34.73,38.36,35.0,38.5,35.0,23894,0.0,0.0,0.0,0.0942,-0.0875
2016-01-27,九强生物,sz300406,36.0,32.81,34.8,35.78,35.0,35.78,24373,0.0,0.0,0.0,0.0911,0.0281
2016-01-28,九强生物,sz300406,36.65,34.5,35.0,34.51,35.78,34.51,15311,0.0,0.0,0.0,0.06,-0.014
2016-01-29,九强生物,sz300406,36.69,34.2,34.2,36.2,34.51,36.2,15568,0.0,0.0,0.0,0.0721,0.0584
2016-02-01,九强生物,sz300406,37.87,35.91,36.2,36.68,36.2,36.68,18488,0.0,0.0,0.0,0.0541,0.0132
2016-02-02,九强生物,sz300406,38.23,36.7,36.7,38.2,36.68,38.2,16540,0.0,0.0,0.0,0.0417,0.0408
2016-02-03,九强生物,sz300406,38.49,37.2,37.5,38.19,38.2,38.19,12628,0.0,0.0,0.0,0.0337,0.0183
2016-02-04,九强生物,sz300406,39.0,38.05,38.38,38.3,38.19,38.3,18073,0.0,0.0,0.0,0.0248,-0.002
2016-02-05,九强生物,sz300406,38.1,37.0,38.06,37.11,38.3,37.11,18660,0.0,0.0,0.0,0.0287,-0.0249
2016-02-08,九强生物,sz300406,38.1,37.0,38.06,37.11,37.11,37.11,18660,0.0,0.0,0.0,0.0296,-0.0249
2016-02-09,九强生物,sz300406,38.1,37.0,38.06,37.11,37.11,37.11,18660,0.0,0.0,0.0,0.0296,-0.0249
2016-02-10,九强生物,sz300406,38.1,37.0,38.06,37.11,37.11,37.11,18660,0.0,0.0,0.0,0.0296,-0.0249
2016-02-11,九强生物,sz300406,38.1,37.0,38.06,37.11,37.11,37.11,18660,0.0,0.0,0.0,0.0296,-0.0249
2016-02-12,九强生物,sz300406,38.1,37.0,38.06,37.11,37.11,37.11,18660,0.0,0.0,0.0,0.0296,-0.0249
2016-02-15,九强生物,sz300406,37.0,35.5,35.81,36.65,37.11,36.65,10953,0.0,0.0,0.0,0.0404,0.0234
2016-02-16,九强生物,sz300406,38.38,36.9,36.9,38.11,36.65,38.11,17935,0.0,0.0,0.0,0.0403,0.0327
2016-02-17,九强生物,sz300406,39.65,38.0,38.0,39.65,38.11,39.65,23259,0.0,0.0,0.0,0.0432,0.0434
2016-02-18,九强生物,sz300406,41.15,39.5,39.8,40.11,39.65,40.11,36961,0.0,0.0,0.0,0.0416,0.0077
2016-02-19,九强生物,sz300406,42.11,39.55,39.94,41.8,40.11,41.8,38547,0.0,0.0,0.0,0.0638,0.0465
2016-02-22,九强生物,sz300406,43.6,41.8,41.8,42.0,41.8,42.0,29069,0.0,0.0,0.0,0.043,0.0047
2016-02-23,九强生物,sz300406,42.01,40.58,42.0,41.13,42.0,41.13,27170,0.0,0.0,0.0,0.034,-0.0207
2016-02-24,九强生物,sz300406,41.55,39.8,41.53,41.43,41.13,41.43,22448,0.0,0.0,0.0,0.0425,-0.0024
2016-02-25,九强生物,sz300406,42.3,37.45,41.7,38.01,41.43,38.01,33856,0.0,0.0,0.0,0.117,-0.0884
2016-02-26,九强生物,sz300406,39.95,38.01,38.8,39.6,38.01,39.6,27111,0.0,0.0,0.0,0.051,0.0206
2016-02-29,九强生物,sz300406,39.08,35.64,39.08,35.83,39.6,35.83,31655,0.0,0.0,0.0,0.0868,-0.0831
2016-03-01,九强生物,sz300406,37.17,34.99,36.0,36.9,35.83,36.9,24423,0.0,0.0,0.0,0.0608,0.0249
2016-03-02,九强生物,sz300406,38.58,35.98,36.7,38.44,36.9,38.44,25416,0.0,0.0,0.0,0.0704,0.0474
2016-03-03,九强生物,sz300406,39.3,38.1,38.3,38.4,38.44,38.4,19846,0.0,0.0,0.0,0.0312,0.0026
2016-03-04,九强生物,sz300406,38.58,35.68,38.1,36.63,38.4,36.63,21718,0.0,0.0,0.0,0.0755,-0.0385
2016-03-07,九强生物,sz300406,38.8,36.86,36.86,38.14,36.63,38.14,14759,0.0,0.0,0.0,0.0529,0.0347
2016-03-08,九强生物,sz300406,38.69,35.92,37.5,38.61,38.14,38.61,17938,0.0,0.0,0.0,0.0726,0.0295
2016-03-09,九强生物,sz300406,38.6,37.1,37.66,37.56,38.61,37.56,9734,0.0,0.0,0.0,0.0388,-0.0026
2016-03-10,九强生物,sz300406,38.04,36.56,37.79,36.9,37.56,36.9,8418,0.0,0.0,0.0,0.0394,-0.0235
2016-03-11,九强生物,sz300406,37.79,36.2,36.53,37.49,36.9,37.49,10935,0.0,0.0,0.0,0.043,0.0262
2016-03-14,九强生物,sz300406,41.24,38.11,38.11,41.09,37.49,41.09,39686,0.0,0.0,0.0,0.0834,0.0781
2016-03-15,九强生物,sz300406,41.67,40.75,41.33,41.44,41.09,41.44,33701,0.0,0.0,0.0,0.0223,0.0026
2016-03-16,九强生物,sz300406,42.58,40.01,42.12,41.6,41.44,41.6,29357,0.0,0.0,0.0,0.062,-0.0123
2016-03-17,九强生物,sz300406,44.89,40.95,41.34,44.34,41.6,44.34,45396,0.0,0.0,0.0,0.0947,0.0725
2016-03-18,九强生物,sz300406,45.6,43.72,44.34,44.69,44.34,44.69,44557,0.0,0.0,0.0,0.0423,0.0078
2016-03-21,九强生物,sz300406,44.99,43.8,44.99,44.79,44.69,44.79,35361,0.0,0.0,0.0,0.0266,-0.0044
2016-03-22,九强生物,sz300406,45.3,43.75,44.0,44.6,44.79,44.6,25579,0.0,0.0,0.0,0.0346,0.0136
2016-03-23,九强生物,sz300406,44.66,43.5,44.12,44.38,44.6,44.38,25665,0.0,0.0,0.0,0.026,0.0058
2016-03-24,九强生物,sz300406,45.85,43.81,43.99,44.9,44.38,44.9,40494,0.0,0.0,0.0,0.0459,0.0206
2016-03-25,九强生物,sz300406,45.5,43.67,44.6,44.31,44.9,44.31,21828,0.0,0.0,0.0,0.0407,-0.0065
