2016-03-25
2014-01-29,溢多利,sz300381,44.18,43.1,44.18,44.18,40.16,44.180016,6455719,0.563818,0.0,0.0,0.0268,0.0
2014-01-30,溢多利,sz300381,41.96,40.22,41.8,41.19,44.18,41.190002,3448907,0.301215,0.0,0.0,0.0393,-0.0145
2014-02-07,溢多利,sz300381,42.68,40.21,40.21,41.9,41.19,41.899994,2723312,0.237844,0.0,0.0,0.0599,0.042
2014-02-10,溢多利,sz300381,45.95,42.03,42.13,44.56,41.9,44.55997,4300205,0.375564,0.0,0.0,0.0935,0.0576
2014-02-11,溢多利,sz300381,46.97,42.9,44.01,46.0,44.56,45.999973,3808570,0.332626,0.0,0.0,0.0913,0.0452
2014-02-12,溢多利,sz300381,50.4,45.21,45.6,49.96,46.0,49.959972,3534276,0.30867,0.0,0.0,0.1128,0.0956
2014-02-13,溢多利,sz300381,49.53,47.28,49.43,47.75,49.96,47.749992,2450932,0.214055,0.0,0.0,0.045,-0.0339
2014-02-14,溢多利,sz300381,51.96,47.55,47.68,51.92,47.75,51.92,2603713,0.227399,0.0,0.0,0.0923,0.0889
2014-02-17,溢多利,sz300381,57.11,52.21,52.9,57.11,51.92,57.109974,3129364,0.273307,0.0,0.0,0.0943,0.0795
2014-02-18,溢多利,sz300381,58.88,55.4,58.0,56.45,57.11,56.449955,3458598,0.302061,0.0,0.0,0.0609,-0.0267
2014-02-19,溢多利,sz300381,57.3,51.9,56.96,54.2,56.45,54.19997,2693503,0.23524,0.0,0.0,0.0956,-0.0484
2014-02-20,溢多利,sz300381,57.75,52.16,54.01,54.25,54.2,54.25,2517727,0.219889,0.0,0.0,0.1031,0.0044
2014-02-21,溢多利,sz300381,54.99,52.86,53.5,54.01,54.25,54.01,1543937,0.134842,0.0,0.0,0.0392,0.0095
2014-02-24,溢多利,sz300381,55.29,53.51,54.0,55.0,54.01,55.0,1492974,0.130391,0.0,0.0,0.0329,0.0185
2014-02-25,溢多利,sz300381,57.98,49.5,55.28,50.99,55.0,50.990005,2941951,0.256939,0.0,0.0,0.1541,-0.0776
2014-02-26,溢多利,sz300381,50.48,47.38,50.0,49.28,50.99,49.280003,1707576,0.149133,0.0,0.0,0.0607,-0.0143
2014-02-27,溢多利,sz300381,50.29,46.0,49.25,46.2,49.28,46.200005,1569963,0.137115,0.0,0.0,0.087,-0.0619
2014-02-28,溢多利,sz300381,48.89,45.4,46.07,48.69,46.2,48.69,1687212,0.147355,0.0,0.0,0.0755,0.0568
2014-03-03,溢多利,sz300381,52.5,48.65,48.65,51.74,48.69,51.73999,1876177,0.163858,0.0,0.0,0.079,0.0635
2014-03-04,溢多利,sz300381,53.5,49.27,51.01,51.73,51.74,51.730003,2014650,0.175952,0.0,0.0,0.0817,0.0141
2014-03-05,溢多利,sz300381,51.68,49.6,51.67,50.11,51.73,50.110027,1385300,0.120987,0.0,0.0,0.0402,-0.0301
2014-03-06,溢多利,sz300381,52.93,48.51,50.0,52.2,50.11,52.200016,2111147,0.18438,0.0,0.0,0.0882,0.044
2014-03-07,溢多利,sz300381,52.4,49.32,51.88,49.48,52.2,49.48003,1526567,0.133325,0.0,0.0,0.059,-0.0462
2014-03-10,溢多利,sz300381,49.38,47.55,48.71,48.36,49.48,48.36005,887772,0.077535,0.0,0.0,0.0369,-0.0071
2014-03-11,溢多利,sz300381,50.8,48.3,48.3,50.24,48.36,50.240047,1165101,0.101756,0.0,0.0,0.0516,0.0401
2014-03-12,溢多利,sz300381,54.77,48.48,49.8,54.28,50.24,54.28005,2917406,0.254795,0.0,0.0,0.1251,0.0899
2014-03-13,溢多利,sz300381,53.48,52.31,53.03,53.31,54.28,53.310066,1498965,0.130914,0.0,0.0,0.0215,0.0052
2014-03-14,溢多利,sz300381,55.46,52.08,52.96,54.11,53.31,54.11009,1898493,0.165807,0.0,0.0,0.0634,0.0217
2014-03-17,溢多利,sz300381,54.16,53.0,53.88,53.99,54.11,53.990074,1217220,0.106307,0.0,0.0,0.0214,0.002
2014-03-18,溢多利,sz300381,55.6,53.21,53.98,54.5,53.99,54.50006,1738888,0.151868,0.0,0.0,0.0442,0.0096
2014-03-19,溢多利,sz300381,54.91,52.54,54.29,54.35,54.5,54.35008,1310731,0.114474,0.0,0.0,0.0434,0.0011
2014-03-20,溢多利,sz300381,56.28,53.71,54.0,54.1,54.35,54.100067,1756070,0.153369,0.0,0.0,0.0472,0.0018
2014-03-21,溢多利,sz300381,54.1,51.0,52.8,53.29,54.1,53.29008,1392112,0.121582,0.0,0.0,0.0573,0.0092
2014-03-24,溢多利,sz300381,52.98,47.96,52.9,47.96,53.29,47.96006,1684396,0.147109,0.0,0.0,0.0942,-0.0933
2014-03-25,溢多利,sz300381,48.06,45.8,47.15,47.46,47.96,47.46008,1224498,0.106943,0.0,0.0,0.0471,0.0065
2014-03-26,溢多利,sz300381,48.3,46.81,47.03,47.4,47.46,47.40009,550978,0.04812,0.0,0.0,0.0313,0.0078
2014-03-27,溢多利,sz300381,47.9,44.4,47.47,44.9,47.4,44.900066,860582,0.07516,0.0,0.0,0.0738,-0.0541
2014-03-28,溢多利,sz300381,46.92,42.63,44.88,46.92,44.9,46.920074,1357484,0.118558,0.0,0.0,0.0955,0.0454
2014-03-31,溢多利,sz300381,47.0,45.13,45.99,45.7,46.92,45.700058,617705,0.053948,0.0,0.0,0.0398,-0.0063
2014-04-01,溢多利,sz300381,47.32,45.53,45.6,47.32,45.7,47.32008,546462,0.047726,0.0,0.0,0.0391,0.0377
2014-04-02,溢多利,sz300381,48.3,46.6,47.11,48.29,47.32,48.290092,650253,0.056791,0.0,0.0,0.0359,0.025
2014-04-03,溢多利,sz300381,48.65,47.66,48.29,48.0,48.29,48.00011,505750,0.04417,0.0,0.0,0.0205,-0.006
2014-04-04,溢多利,sz300381,48.65,47.4,47.92,48.64,48.0,48.6401,388274,0.03391,0.0,0.0,0.026,0.015
2014-04-08,溢多利,sz300381,49.46,48.01,48.32,48.68,48.64,48.68008,516191,0.045082,0.0,0.0,0.0298,0.0074
2014-04-09,溢多利,sz300381,47.65,46.36,47.0,47.2,48.68,47.200058,1339886,0.117021,29.156662,6.03195,0.0264,0.0042
2014-04-10,溢多利,sz300381,48.15,47.01,47.19,47.05,47.2,47.050056,991538,0.086597,29.064001,6.012781,0.0241,-0.0029
2014-04-11,溢多利,sz300381,46.21,44.88,46.11,45.38,47.05,45.380062,837730,0.073164,28.032406,5.799363,0.0282,-0.0158
2014-04-14,溢多利,sz300381,45.75,44.81,45.4,45.01,45.38,45.01008,323380,0.028243,27.803856,5.752081,0.0207,-0.0085
2014-04-15,溢多利,sz300381,46.22,45.01,45.16,45.88,45.01,45.880077,516606,0.045118,28.341276,5.863263,0.0268,0.0159
2014-04-16,溢多利,sz300381,46.2,45.32,45.65,45.75,45.88,45.7501,257267,0.022469,28.260986,5.846652,0.0191,0.0021
2014-04-17,溢多利,sz300381,46.74,45.4,46.0,46.1,45.75,46.10009,704745,0.06155,28.477182,5.891379,0.0292,0.0021
2014-04-18,溢多利,sz300381,46.57,45.28,45.43,46.22,46.1,46.22009,503006,0.043931,28.55131,5.906715,0.0279,0.0173
2014-04-21,溢多利,sz300381,47.18,45.5,45.9,46.7,46.22,46.700085,772436,0.067462,28.847815,5.968056,0.0363,0.0174
2014-04-22,溢多利,sz300381,46.65,44.81,46.3,46.1,46.7,46.100082,562762,0.04915,28.477177,5.891378,0.0394,-0.0043
2014-04-23,溢多利,sz300381,46.22,45.36,45.83,45.83,46.1,45.83007,332642,0.029052,28.310387,5.856872,0.0186,0.0
2014-04-24,溢多利,sz300381,45.99,44.4,45.99,44.72,45.83,44.72007,464279,0.040548,27.624708,5.715019,0.0346,-0.0276
2014-04-25,溢多利,sz300381,44.4,40.7,42.6,41.01,44.72,41.010048,1107221,0.096701,25.332935,5.240895,0.0827,-0.0373
2014-04-28,溢多利,sz300381,40.92,38.18,40.92,38.21,41.01,38.210045,555162,0.048486,23.603304,4.883068,0.0668,-0.0662
2014-04-29,溢多利,sz300381,38.7,37.5,38.19,38.67,38.21,38.670055,689452,0.060214,23.887465,4.941855,0.0314,0.0125
2014-04-30,溢多利,sz300381,38.97,38.27,38.64,38.6,38.67,38.600063,390240,0.034082,23.844229,4.93291,0.0181,-0.001
2014-05-05,溢多利,sz300381,39.28,38.28,38.58,39.26,38.6,39.260048,503726,0.043994,24.251917,5.017253,0.0259,0.0176
2014-05-06,溢多利,sz300381,40.88,39.0,39.2,40.6,39.26,40.600033,733548,0.064065,25.079659,5.188497,0.0478,0.0357
2014-05-07,溢多利,sz300381,41.12,39.7,40.24,40.4,40.6,40.400036,672862,0.058765,24.956116,5.162939,0.0349,0.0039
2014-05-08,溢多利,sz300381,40.26,39.49,40.26,39.59,40.4,39.590015,380111,0.033197,24.455746,5.059422,0.019,-0.0166
2014-05-09,溢多利,sz300381,39.69,38.3,39.46,39.32,39.59,39.32001,369074,0.032234,24.288958,5.024916,0.0351,-0.0035
2014-05-12,溢多利,sz300381,40.19,39.0,39.55,40.1,39.32,40.100002,339622,0.029661,24.770779,5.124596,0.0302,0.0139
2014-05-13,溢多利,sz300381,40.8,39.8,40.1,39.93,40.1,39.93002,336671,0.029404,24.665775,5.102873,0.0249,-0.0042
2014-05-14,溢多利,sz300381,40.62,39.62,39.62,40.52,39.93,40.520023,310907,0.027153,25.030235,5.178273,0.025,0.0227
2014-05-15,溢多利,sz300381,41.5,40.31,40.31,40.49,40.52,40.49004,552155,0.048223,25.011715,5.174441,0.0293,0.0044
2014-05-16,溢多利,sz300381,40.55,39.1,40.3,39.77,40.49,39.770046,335074,0.029264,24.566956,5.082429,0.0358,-0.0131
2014-05-19,溢多利,sz300381,40.06,39.19,39.58,39.82,39.77,39.820038,211396,0.018463,24.597836,5.088817,0.0218,0.006
2014-05-20,溢多利,sz300381,43.58,40.7,40.7,41.39,39.82,41.390022,965037,0.084283,25.567656,5.289454,0.0723,0.0169
2014-05-21,溢多利,sz300381,42.77,40.81,40.81,42.69,41.39,42.69004,680702,0.05945,26.37071,5.455591,0.0473,0.046
2014-08-18,溢多利,sz300381,46.41,46.41,46.41,46.41,42.69,46.910034,33466,0.002923,28.977507,5.994887,0.0,0.0
2014-08-19,溢多利,sz300381,51.05,50.02,51.05,51.05,46.41,51.600006,1713986,0.149693,31.87462,6.594243,0.0221,0.0
2014-08-20,溢多利,sz300381,55.5,50.2,51.9,53.27,51.05,53.843937,2426486,0.21192,33.260754,6.881007,0.1038,0.0263
2014-08-21,溢多利,sz300381,53.19,51.68,53.0,52.2,53.27,52.76243,1060204,0.092594,32.592674,6.742795,0.0283,-0.015
2014-08-22,溢多利,sz300381,55.0,51.5,51.95,54.2,52.2,54.783966,1341638,0.117174,33.84143,7.001139,0.067,0.0433
2014-08-25,溢多利,sz300381,56.97,53.71,54.0,55.28,54.2,55.87559,1334876,0.116583,34.51576,7.140644,0.0601,0.0237
2014-08-26,溢多利,sz300381,55.2,52.26,54.99,52.79,55.28,53.358788,1190794,0.103999,32.961063,6.819008,0.0531,-0.04
2014-08-27,溢多利,sz300381,54.95,52.31,52.4,53.3,52.79,53.874287,610629,0.05333,33.2795,6.884886,0.05,0.0171
2014-08-28,溢多利,sz300381,53.68,52.6,53.09,52.95,53.3,53.520496,559878,0.048898,33.060955,6.839673,0.0202,-0.0026
2014-08-29,溢多利,sz300381,55.25,52.61,52.95,54.99,52.95,55.582478,815689,0.071239,34.334694,7.103185,0.0498,0.0385
2014-09-01,溢多利,sz300381,56.5,54.81,54.81,55.72,54.99,56.320335,919581,0.080313,34.790485,7.19748,0.0307,0.0166
2014-09-02,溢多利,sz300381,56.9,55.5,56.0,56.89,55.72,57.50295,1130354,0.098721,35.521015,7.348613,0.0251,0.0158
2014-09-03,溢多利,sz300381,62.58,58.59,58.7,61.95,56.89,62.617493,2896601,0.252978,38.680397,8.002227,0.0701,0.0553
2014-09-04,溢多利,sz300381,60.99,59.23,60.7,60.31,61.95,60.95982,1827308,0.15959,37.65641,7.790385,0.0284,-0.0064
2014-09-05,溢多利,sz300381,64.38,60.02,60.23,64.1,60.31,64.79066,2155384,0.188243,40.022816,8.279948,0.0722,0.0642
2014-09-09,溢多利,sz300381,64.6,61.88,64.6,62.9,64.1,63.577713,1732968,0.151351,39.27355,8.124939,0.0424,-0.0263
2014-09-10,溢多利,sz300381,32.8,30.77,31.19,32.47,62.9,65.63966,4848619,0.21173,40.547268,8.388447,0.0322,0.041
2014-09-11,溢多利,sz300381,32.98,31.8,32.0,32.11,32.47,64.91192,4124266,0.180099,40.09772,8.295444,0.0363,0.0034
2014-09-12,溢多利,sz300381,35.3,32.6,32.6,34.42,32.11,69.58168,6060819,0.264665,42.98235,8.892219,0.084,0.0558
2014-09-15,溢多利,sz300381,34.5,33.1,34.5,34.22,34.42,69.17734,3563261,0.155601,42.732582,8.840546,0.0406,-0.0081
2014-09-16,溢多利,sz300381,34.09,32.09,34.06,32.17,34.22,65.0332,3475847,0.151784,40.17264,8.310944,0.0584,-0.0554
2014-09-17,溢多利,sz300381,32.49,31.4,32.19,32.05,32.17,64.79063,1715374,0.074907,40.0228,8.279944,0.0338,-0.0043
2014-09-18,溢多利,sz300381,32.7,31.49,31.99,32.46,32.05,65.6195,1444274,0.063069,40.53481,8.38587,0.0377,0.0146
2014-09-19,溢多利,sz300381,32.4,31.9,32.4,32.15,32.46,64.99283,1037559,0.045308,40.1477,8.305785,0.0154,-0.0077
2014-09-22,溢多利,sz300381,32.87,32.03,32.34,32.14,32.15,64.97262,1283552,0.05605,40.135216,8.303201,0.0261,-0.0061
2014-09-23,溢多利,sz300381,32.23,31.6,31.88,32.08,32.14,64.85131,1046891,0.045716,40.060284,8.287699,0.0196,0.0062
2014-09-24,溢多利,sz300381,32.23,31.8,32.13,32.09,32.08,64.871544,1246301,0.054424,40.072784,8.290285,0.0134,-0.0012
2014-09-25,溢多利,sz300381,32.19,31.5,32.17,31.67,32.09,64.02251,1700552,0.07426,39.54831,8.181782,0.0215,-0.0155
2014-09-26,溢多利,sz300381,31.7,30.8,31.42,31.34,31.67,63.355392,1714436,0.074866,39.136215,8.096528,0.0284,-0.0025
2014-09-29,溢多利,sz300381,31.9,31.3,31.33,31.53,31.34,63.739517,1115355,0.048705,39.3735,8.145617,0.0191,0.0063
2014-09-30,溢多利,sz300381,31.8,31.5,31.54,31.58,31.53,63.840607,1173032,0.051224,39.435947,8.158536,0.0095,0.0012
2014-10-08,溢多利,sz300381,33.2,31.5,31.5,32.5,31.58,65.70041,1951575,0.085222,40.584797,8.39621,0.0538,0.0317
2014-10-09,溢多利,sz300381,32.49,31.82,32.49,32.2,32.5,65.09393,1504574,0.065702,40.210155,8.318705,0.0206,-0.0089
2014-10-10,溢多利,sz300381,32.54,31.9,32.21,32.52,32.2,65.74084,1709665,0.074658,40.609764,8.401376,0.0198,0.0096
2014-10-13,溢多利,sz300381,32.5,31.69,32.5,32.1,32.52,64.89179,1014107,0.044284,40.08529,8.292872,0.0249,-0.0123
2014-10-14,溢多利,sz300381,32.4,31.73,32.12,31.85,32.1,64.38641,1082754,0.047282,39.773106,8.228288,0.0208,-0.0084
2014-10-15,溢多利,sz300381,31.98,31.12,31.83,31.36,31.85,63.39583,1378357,0.06019,39.161198,8.101695,0.027,-0.0147
2014-10-16,溢多利,sz300381,31.68,30.81,31.16,31.06,31.36,62.789387,1222258,0.053374,38.78658,8.024195,0.0277,-0.0032
2014-10-17,溢多利,sz300381,31.54,29.96,30.9,31.52,31.06,63.719296,1928881,0.084231,39.36101,8.143033,0.0508,0.02
2014-10-20,溢多利,sz300381,31.78,31.15,31.45,31.35,31.52,63.37566,1138524,0.049717,39.148735,8.099118,0.0199,-0.0031
2014-10-21,溢多利,sz300381,31.78,31.25,31.58,31.78,31.35,64.24492,1387420,0.060586,39.6857,8.210205,0.0169,0.0063
2014-10-22,溢多利,sz300381,32.28,31.41,31.79,31.5,31.78,63.678856,1559896,0.068118,39.33603,8.137865,0.0273,-0.0091
2014-10-23,溢多利,sz300381,31.1,30.0,31.05,30.02,31.5,60.68697,1541680,0.067322,37.487865,7.755515,0.0349,-0.0331
2014-10-24,溢多利,sz300381,30.28,28.6,29.99,28.71,30.02,58.03871,1278741,0.05584,35.85197,7.41708,0.0559,-0.0426
2014-10-27,溢多利,sz300381,29.15,28.41,28.63,28.95,28.71,58.523857,698386,0.030497,36.151657,7.47908,0.0257,0.0111
2014-10-28,溢多利,sz300381,30.19,29.0,29.0,29.96,28.95,60.565636,938724,0.040992,37.412914,7.74001,0.0411,0.0331
2014-10-29,溢多利,sz300381,30.29,29.8,29.85,30.0,29.96,60.646492,1218603,0.053214,37.46286,7.750343,0.0163,0.005
2014-10-30,溢多利,sz300381,30.38,29.33,30.0,29.58,30.0,59.797443,1261538,0.055089,36.93838,7.641838,0.035,-0.014
2014-10-31,溢多利,sz300381,29.88,28.98,29.59,29.4,29.58,59.433575,884850,0.03864,36.71361,7.595337,0.0304,-0.0064
2014-11-03,溢多利,sz300381,30.2,29.45,29.45,30.1,29.4,60.848686,967403,0.042245,37.58776,7.776182,0.0255,0.022
2014-11-04,溢多利,sz300381,30.26,29.62,29.93,29.91,30.1,60.46461,709609,0.030987,37.35051,7.727099,0.0212,-6.0E-4
2014-11-05,溢多利,sz300381,29.83,29.29,29.82,29.35,29.91,59.33253,730551,0.031902,36.651196,7.582425,0.018,-0.0157
2014-11-06,溢多利,sz300381,30.6,29.22,29.4,30.54,29.35,61.73817,1621758,0.070819,38.13722,7.889854,0.047,0.0387
2014-11-07,溢多利,sz300381,32.35,30.35,30.66,32.0,30.54,64.68962,3507040,0.153146,39.960403,8.267036,0.0654,0.0437
2014-11-10,溢多利,sz300381,32.97,31.3,31.94,31.9,32.0,64.48747,2802688,0.122388,39.83553,8.241202,0.0521,-0.0012
2014-11-11,溢多利,sz300381,31.57,29.67,31.55,29.94,31.9,60.52523,2187247,0.095513,37.387955,7.734846,0.0595,-0.051
2014-11-12,溢多利,sz300381,32.26,29.55,29.73,32.26,29.94,65.21521,2836386,0.12386,40.285072,8.334204,0.0905,0.085
2014-11-13,溢多利,sz300381,32.9,31.1,31.95,32.6,32.26,65.90251,3200351,0.139753,40.709637,8.422038,0.0557,0.0203
2014-11-14,溢多利,sz300381,32.5,30.62,32.02,30.95,32.6,62.56699,2039387,0.089056,38.6492,7.995773,0.0576,-0.0334
2014-11-17,溢多利,sz300381,32.3,29.61,30.9,31.37,30.95,63.416023,1057739,0.046189,39.17367,8.104276,0.0869,0.0152
2014-11-18,溢多利,sz300381,31.32,30.62,31.0,30.8,31.37,62.263752,897942,0.039211,38.461884,7.957021,0.0223,-0.0064
2014-11-19,溢多利,sz300381,30.91,30.01,30.57,30.4,30.8,61.455135,1080088,0.047165,37.96238,7.853683,0.0292,-0.0055
2014-11-20,溢多利,sz300381,30.43,29.89,30.3,30.07,30.4,60.78804,1078107,0.047079,37.550297,7.768432,0.0177,-0.0075
2014-11-21,溢多利,sz300381,30.73,29.91,30.05,30.53,30.07,61.717976,923062,0.040308,38.12474,7.887273,0.0272,0.0159
2014-11-24,溢多利,sz300381,31.1,30.3,30.92,30.58,30.53,61.81907,1073919,0.046896,38.18719,7.900192,0.0262,-0.0109
2014-11-25,溢多利,sz300381,31.58,30.33,30.42,31.44,30.58,63.557606,1710215,0.074682,39.261127,8.12237,0.0408,0.0335
2014-11-26,溢多利,sz300381,33.0,31.23,31.34,32.32,31.44,65.336586,2983056,0.130264,40.360046,8.349715,0.0562,0.0312
2014-11-27,溢多利,sz300381,32.6,32.01,32.36,32.33,32.32,65.35677,2261282,0.098746,40.37252,8.352295,0.0182,-9.0E-4
2014-11-28,溢多利,sz300381,32.9,31.6,32.18,32.4,32.33,65.49827,2574512,0.112424,40.459927,8.370377,0.0402,0.0068
2014-12-01,溢多利,sz300381,35.64,32.42,32.42,35.64,32.4,72.048096,5861560,0.255963,44.505917,9.207415,0.0993,0.0993
2014-12-02,溢多利,sz300381,39.2,37.1,37.15,39.2,35.64,79.244835,2107556,0.092033,48.951527,10.127125,0.0589,0.0551
2014-12-03,溢多利,sz300381,42.29,37.0,42.29,38.02,39.2,76.859406,9167719,0.400337,47.477985,9.822279,0.1349,-0.1009
2014-12-12,溢多利,sz300381,36.0,34.22,34.82,35.66,38.02,72.08852,5392502,0.23548,44.530888,9.21258,0.0468,0.0241
2014-12-15,溢多利,sz300381,36.7,34.31,34.86,36.57,35.66,73.92814,3916991,0.171048,45.66727,9.447676,0.067,0.049
2014-12-16,溢多利,sz300381,36.1,34.2,36.0,34.24,36.57,69.21796,3409513,0.148887,42.75767,8.845736,0.0519,-0.0488
2014-12-17,溢多利,sz300381,35.98,33.26,34.0,35.57,34.24,71.90659,4097413,0.178926,44.418507,9.189331,0.0794,0.0461
2014-12-18,溢多利,sz300381,36.5,34.0,35.0,35.63,35.57,72.0279,3775930,0.164888,44.493443,9.204834,0.0702,0.018
2014-12-19,溢多利,sz300381,36.17,33.0,35.09,33.98,35.63,68.69236,2723461,0.118928,42.432995,8.778567,0.0889,-0.0316
2014-12-22,溢多利,sz300381,33.47,30.58,33.46,30.58,33.98,61.81907,2230460,0.0974,38.18719,7.900193,0.085,-0.086
2014-12-23,溢多利,sz300381,30.54,28.7,28.88,29.84,30.58,60.32311,1868610,0.081599,37.2631,7.709016,0.0601,0.0332
2014-12-24,溢多利,sz300381,31.3,30.0,30.5,31.21,29.84,63.092663,1569232,0.068525,38.973923,8.062952,0.0435,0.0232
2014-12-25,溢多利,sz300381,32.0,30.32,31.4,31.64,31.21,63.961956,2147831,0.093792,39.510906,8.174043,0.0538,0.0076
2014-12-26,溢多利,sz300381,31.5,30.45,31.5,30.49,31.64,61.63719,1719727,0.075097,38.07484,7.87695,0.0331,-0.032
2014-12-29,溢多利,sz300381,30.05,28.78,30.01,29.49,30.49,59.615616,1830415,0.079931,36.82606,7.618601,0.0416,-0.0173
2014-12-30,溢多利,sz300381,29.88,28.8,29.5,29.45,29.49,59.53478,1879045,0.082054,36.776127,7.608271,0.0366,-0.0016
2014-12-31,溢多利,sz300381,29.99,29.2,29.49,29.46,29.45,59.55502,1880430,0.082115,36.78863,7.610857,0.0268,-0.001
2015-01-01,溢多利,sz300381,29.46,29.46,29.46,29.46,29.46,29.317,0,0.0,0.0,0.0,0.0,0.0
2015-01-02,溢多利,sz300381,29.46,29.46,29.46,29.46,29.46,29.317,0,0.0,0.0,0.0,0.0,0.0
2015-01-05,溢多利,sz300381,30.27,28.55,29.66,30.1,29.46,29.953,26445,0.115483,37.587826,7.776196,0.0583,0.0148
2015-01-06,溢多利,sz300381,31.96,29.52,30.0,31.79,30.1,31.635,33405,0.145875,39.698235,8.212798,0.081,0.0596
2015-01-07,溢多利,sz300381,31.87,30.46,31.6,31.4,31.79,31.247,19169,0.083711,39.211216,8.112043,0.0443,-0.0063
2015-01-08,溢多利,sz300381,32.11,31.01,31.45,31.5,31.4,31.347,33903,0.14805,39.3361,8.13788,0.035,0.0015
2015-01-09,溢多利,sz300381,32.28,31.24,31.8,31.7,31.5,31.546,26678,0.116499,39.58585,8.189548,0.033,-0.0031
2015-01-12,溢多利,sz300381,31.7,30.9,31.7,31.29,31.7,31.138,18018,0.078685,39.073845,8.083624,0.0252,-0.0129
2015-01-13,溢多利,sz300381,31.97,30.14,31.29,31.37,31.29,31.217,22190,0.096904,39.173756,8.104294,0.0584,0.0025
2015-01-14,溢多利,sz300381,32.0,30.88,31.2,31.38,31.37,31.227,23940,0.104543,39.186253,8.106879,0.0357,0.0057
2015-01-15,溢多利,sz300381,31.57,29.41,31.3,29.6,31.38,29.456,22642,0.098878,36.96345,7.647025,0.0688,-0.0543
2015-01-16,溢多利,sz300381,30.04,29.01,29.02,29.92,29.6,29.774,13366,0.058367,37.363064,7.729697,0.0347,0.031
2015-01-19,溢多利,sz300381,30.65,28.65,29.38,29.12,29.92,28.978,20416,0.089157,36.36405,7.52302,0.0668,-0.0088
2015-01-20,溢多利,sz300381,30.32,29.16,29.44,30.32,29.12,30.172,19578,0.085496,37.862576,7.833036,0.0398,0.0298
2015-01-21,溢多利,sz300381,30.95,30.23,30.23,30.84,30.32,30.69,23019,0.100522,38.51192,7.967373,0.0237,0.0201
2015-01-22,溢多利,sz300381,32.5,30.7,30.87,32.49,30.84,32.332,36087,0.157589,40.572384,8.393643,0.0583,0.0524
2015-01-23,溢多利,sz300381,32.88,31.21,32.55,31.3,32.49,31.148,28425,0.124129,39.08634,8.086209,0.0514,-0.0384
2015-01-26,溢多利,sz300381,31.16,30.65,31.16,31.01,31.3,30.859,17076,0.07457,38.724205,8.01129,0.0162,-0.0048
2015-01-27,溢多利,sz300381,31.48,30.7,31.02,31.4,31.01,31.247,19007,0.083001,39.21124,8.112048,0.0251,0.0122
2015-01-28,溢多利,sz300381,32.22,30.88,31.3,31.75,31.4,31.595,19464,0.073912,39.64829,8.202465,0.0426,0.0143
2015-01-29,溢多利,sz300381,31.69,31.0,31.69,31.02,31.75,30.869,14021,0.053241,38.736694,8.013874,0.0217,-0.0211
2015-01-30,溢多利,sz300381,31.16,29.91,30.91,29.98,31.02,29.834,13404,0.050899,37.43797,7.745193,0.0402,-0.03
2015-02-02,溢多利,sz300381,30.45,29.8,29.8,30.42,29.98,30.272,7304,0.027737,37.987408,7.858861,0.0216,0.0208
2015-02-03,溢多利,sz300381,31.09,30.33,30.62,30.83,30.42,30.68,9936,0.037731,38.499405,7.964783,0.0249,0.0068
2015-02-04,溢多利,sz300381,31.2,30.36,30.83,30.4,30.83,30.252,9520,0.036153,37.962452,7.853698,0.0272,-0.0139
2015-02-05,溢多利,sz300381,30.98,30.4,30.55,30.45,30.4,30.302,9852,0.037412,38.0249,7.866618,0.019,-0.0032
2015-02-06,溢多利,sz300381,30.35,29.41,30.35,29.47,30.45,29.327,10525,0.039967,36.801105,7.613438,0.0308,-0.0289
2015-02-09,溢多利,sz300381,30.13,29.08,29.49,29.5,29.47,29.356,4429,0.016821,36.83857,7.621189,0.0356,3.0E-4
2015-02-10,溢多利,sz300381,29.83,29.24,29.78,29.69,29.5,29.545,5360,0.020357,37.075848,7.670277,0.0199,-0.003
2015-02-11,溢多利,sz300381,29.95,29.52,29.63,29.7,29.69,29.555,5149,0.019552,37.08834,7.672862,0.0144,0.0023
2015-02-12,溢多利,sz300381,30.11,29.63,29.7,30.06,29.7,29.914,7245,0.027512,37.53789,7.765865,0.0161,0.0121
2015-02-13,溢多利,sz300381,31.15,30.1,31.15,30.66,30.06,30.511,11943,0.04535,38.287148,7.920871,0.0349,-0.0157
2015-02-16,溢多利,sz300381,31.09,30.52,30.87,30.84,30.66,30.69,10539,0.040022,38.51193,7.967375,0.0185,-9.0E-4
2015-02-17,溢多利,sz300381,31.05,30.62,30.84,30.95,30.84,30.799,10502,0.03988,38.649303,7.995794,0.0139,0.0035
2015-02-18,溢多利,sz300381,30.95,30.95,30.95,30.95,30.95,30.799,0,0.0,0.0,0.0,0.0,0.0
2015-02-19,溢多利,sz300381,30.95,30.95,30.95,30.95,30.95,30.799,0,0.0,0.0,0.0,0.0,0.0
2015-02-20,溢多利,sz300381,30.95,30.95,30.95,30.95,30.95,30.799,0,0.0,0.0,0.0,0.0,0.0
2015-02-23,溢多利,sz300381,30.95,30.95,30.95,30.95,30.95,30.799,0,0.0,0.0,0.0,0.0,0.0
2015-02-24,溢多利,sz300381,30.95,30.95,30.95,30.95,30.95,30.799,0,0.0,0.0,0.0,0.0,0.0
2015-02-25,溢多利,sz300381,31.5,30.92,30.95,31.15,30.95,30.998,11687,0.044379,38.899055,8.047463,0.0187,0.0064
2015-02-26,溢多利,sz300381,31.49,30.5,31.27,30.98,31.15,30.829,8422,0.031982,38.686783,8.003548,0.0317,-0.0092
2015-02-27,溢多利,sz300381,31.18,30.8,31.05,31.09,30.98,30.939,10673,0.040531,38.824158,8.031969,0.0122,0.0012
2015-03-02,溢多利,sz300381,32.13,31.02,31.12,31.99,31.09,31.834,19657,0.074643,39.94804,8.264478,0.0357,0.0279
2015-03-03,溢多利,sz300381,34.15,31.62,31.99,33.37,31.99,33.208,38020,0.144373,41.671318,8.620991,0.079,0.0431
2015-03-04,溢多利,sz300381,36.71,33.01,33.37,35.73,33.37,35.556,49578,0.188263,44.618397,9.230685,0.1108,0.0707
2015-03-05,溢多利,sz300381,35.55,34.22,34.82,34.35,35.73,34.183,30942,0.117495,42.8951,8.874168,0.0372,-0.0134
2015-03-06,溢多利,sz300381,35.2,32.81,34.32,33.39,34.35,33.227,23590,0.089577,41.69627,8.626153,0.0695,-0.027
2015-03-09,溢多利,sz300381,33.83,32.49,33.27,33.48,33.39,33.317,14126,0.053642,41.80864,8.6494,0.0401,0.0063
2015-03-10,溢多利,sz300381,33.86,33.22,33.78,33.79,33.48,33.626,12819,0.048679,42.195747,8.729485,0.0191,2.0E-4
2015-03-11,溢多利,sz300381,33.72,32.31,33.72,32.54,33.79,32.382,16735,0.063547,40.6348,8.406555,0.0417,-0.0349
2015-03-12,溢多利,sz300381,32.85,31.95,32.39,32.83,32.54,32.67,12990,0.049326,40.996937,8.481475,0.0276,0.0135
2015-03-13,溢多利,sz300381,33.6,32.6,32.83,33.43,32.83,33.267,12226,0.046425,41.746197,8.636482,0.0304,0.0182
2015-03-16,溢多利,sz300381,34.56,33.44,33.45,34.2,33.43,34.034,19852,0.075385,42.707737,8.835406,0.0335,0.0224
2015-03-17,溢多利,sz300381,34.65,33.81,34.38,34.14,34.2,33.974,20053,0.076148,42.632828,8.819909,0.0245,-0.0069
2015-03-18,溢多利,sz300381,35.28,33.75,34.14,35.2,34.14,35.029,25782,0.097903,43.956535,9.093758,0.0448,0.031
2015-03-19,溢多利,sz300381,35.26,34.3,35.2,34.77,35.2,34.601,23985,0.091077,43.41956,8.982669,0.0272,-0.0122
2015-03-20,溢多利,sz300381,35.95,34.77,34.77,34.99,34.77,34.82,22855,0.086787,43.69428,9.039502,0.0339,0.0063
2015-03-23,溢多利,sz300381,36.15,35.03,35.03,36.15,34.99,35.974,26150,0.099298,45.14283,9.33918,0.032,0.0319
2015-03-24,溢多利,sz300381,36.15,34.0,36.12,35.39,36.15,35.218,32535,0.123543,44.193745,9.142833,0.0594,-0.0202
2015-03-25,溢多利,sz300381,37.58,34.76,35.4,37.41,35.39,37.228,39560,0.15022,46.716236,9.664687,0.0796,0.0567
2015-03-26,溢多利,sz300381,38.65,36.02,36.8,36.52,37.41,36.342,34339,0.130394,45.60486,9.434765,0.0703,-0.0076
2015-03-27,溢多利,sz300381,36.9,35.9,36.36,36.15,36.52,35.974,18194,0.069089,45.142834,9.339181,0.0273,-0.0057
2015-03-30,溢多利,sz300381,36.73,35.3,36.15,36.06,36.15,35.884,16412,0.062324,45.03043,9.315926,0.0395,-0.0024
2015-03-31,溢多利,sz300381,37.2,35.8,36.15,36.88,36.06,36.7,23708,0.090028,46.05442,9.527771,0.0388,0.0201
2015-04-01,溢多利,sz300381,38.66,36.51,36.88,38.46,36.88,38.273,37159,0.141105,48.027485,9.935959,0.0582,0.0428
2015-04-02,溢多利,sz300381,39.79,37.68,38.4,38.7,38.46,38.512,27822,0.10565,48.327175,9.99796,0.0548,0.0078
2015-04-03,溢多利,sz300381,39.39,37.6,38.44,39.0,38.7,38.81,24453,0.092857,48.70181,10.075464,0.0462,0.0145
2015-04-06,溢多利,sz300381,39.0,39.0,39.0,39.0,39.0,38.81,0,0.0,0.0,0.0,0.0,0.0
2015-04-07,溢多利,sz300381,41.25,38.8,39.0,40.39,39.0,40.193,30703,0.11659,50.43759,10.434563,0.0628,0.0356
2015-04-08,溢多利,sz300381,40.78,36.55,40.39,38.19,40.39,38.004,26941,0.102302,47.690304,9.866203,0.1047,-0.0544
2015-04-09,溢多利,sz300381,38.31,34.37,38.31,36.9,38.19,36.72,24147,0.091693,46.079422,9.532943,0.1031,-0.0368
2015-04-10,溢多利,sz300381,37.75,35.01,36.4,37.23,36.9,37.049,17003,0.064567,46.49151,9.618196,0.0742,0.0228
2015-04-13,溢多利,sz300381,38.5,36.84,37.7,38.18,37.23,37.994,18120,0.068809,47.677834,9.863623,0.0445,0.0127
2015-04-14,溢多利,sz300381,38.16,36.66,38.0,36.9,38.18,36.72,21017,0.079807,46.079433,9.532945,0.0392,-0.0289
2015-04-15,溢多利,sz300381,37.99,35.0,36.9,35.01,36.9,34.84,17196,0.065298,43.719246,9.044668,0.081,-0.0512
2015-04-16,溢多利,sz300381,36.19,34.4,34.4,35.29,35.01,35.118,13108,0.049775,44.068913,9.117007,0.0511,0.0258
2015-04-17,溢多利,sz300381,36.37,35.02,35.29,35.81,35.29,35.636,16571,0.062926,44.71827,9.251346,0.0382,0.0147
2015-04-20,溢多利,sz300381,37.86,35.1,35.51,37.35,35.81,37.168,27277,0.103579,46.641376,9.6492,0.077,0.0518
2015-04-21,溢多利,sz300381,41.09,37.57,37.57,41.09,37.35,40.89,44427,0.1687,51.311764,10.615413,0.0942,0.0936
2015-04-22,溢多利,sz300381,41.09,41.09,41.09,41.09,41.09,40.89,0,0.0,0.0,0.0,0.0,0.0
2015-04-23,溢多利,sz300381,41.09,41.09,41.09,41.09,41.09,40.89,0,0.0,0.0,0.0,0.0,0.0
2015-04-24,溢多利,sz300381,41.09,41.09,41.09,41.09,41.09,40.89,0,0.0,0.0,0.0,0.0,0.0
2015-04-27,溢多利,sz300381,41.09,41.09,41.09,41.09,41.09,40.89,0,0.0,0.0,0.0,0.0,0.0
2015-04-28,溢多利,sz300381,41.09,41.09,41.09,41.09,41.09,40.89,0,0.0,0.0,0.0,0.0,0.0
2015-04-29,溢多利,sz300381,41.09,41.09,41.09,41.09,41.09,40.89,0,0.0,0.0,0.0,0.0,0.0
2015-04-30,溢多利,sz300381,41.09,41.09,41.09,41.09,41.09,40.89,0,0.0,0.0,0.0,0.0,0.0
2015-05-01,溢多利,sz300381,41.09,41.09,41.09,41.09,41.09,40.89,0,0.0,0.0,0.0,0.0,0.0
2015-05-04,溢多利,sz300381,41.09,41.09,41.09,41.09,41.09,40.89,0,0.0,0.0,0.0,0.0,0.0
2015-05-05,溢多利,sz300381,41.09,41.09,41.09,41.09,41.09,40.89,0,0.0,0.0,0.0,0.0,0.0
2015-05-06,溢多利,sz300381,41.09,41.09,41.09,41.09,41.09,40.89,0,0.0,0.0,0.0,0.0,0.0
2015-05-07,溢多利,sz300381,41.09,41.09,41.09,41.09,41.09,40.89,0,0.0,0.0,0.0,0.0,0.0
2015-05-08,溢多利,sz300381,41.09,41.09,41.09,41.09,41.09,40.89,0,0.0,0.0,0.0,0.0,0.0
2015-05-11,溢多利,sz300381,41.09,41.09,41.09,41.09,41.09,40.89,0,0.0,0.0,0.0,0.0,0.0
2015-05-12,溢多利,sz300381,41.09,41.09,41.09,41.09,41.09,40.89,0,0.0,0.0,0.0,0.0,0.0
2015-05-13,溢多利,sz300381,41.09,41.09,41.09,41.09,41.09,40.89,0,0.0,0.0,0.0,0.0,0.0
2015-05-14,溢多利,sz300381,41.09,41.09,41.09,41.09,41.09,40.89,0,0.0,0.0,0.0,0.0,0.0
2015-05-15,溢多利,sz300381,41.09,41.09,41.09,41.09,41.09,40.89,0,0.0,0.0,0.0,0.0,0.0
2015-05-18,溢多利,sz300381,41.09,41.09,41.09,41.09,41.09,40.89,0,0.0,0.0,0.0,0.0,0.0
2015-05-19,溢多利,sz300381,41.09,41.09,41.09,41.09,41.09,40.89,0,0.0,0.0,0.0,0.0,0.0
2015-05-20,溢多利,sz300381,41.09,41.09,41.09,41.09,41.09,40.89,0,0.0,0.0,0.0,0.0,0.0
2015-05-21,溢多利,sz300381,41.09,41.09,41.09,41.09,41.09,40.89,0,0.0,0.0,0.0,0.0,0.0
2015-05-22,溢多利,sz300381,41.09,41.09,41.09,41.09,41.09,40.89,0,0.0,0.0,0.0,0.0,0.0
2015-05-25,溢多利,sz300381,41.09,41.09,41.09,41.09,41.09,40.89,0,0.0,0.0,0.0,0.0,0.0
2015-05-26,溢多利,sz300381,41.09,41.09,41.09,41.09,41.09,40.89,0,0.0,0.0,0.0,0.0,0.0
2015-05-27,溢多利,sz300381,41.09,41.09,41.09,41.09,41.09,40.89,0,0.0,0.0,0.0,0.0,0.0
2015-05-28,溢多利,sz300381,41.09,41.09,41.09,41.09,41.09,40.89,0,0.0,0.0,0.0,0.0,0.0
2015-05-29,溢多利,sz300381,41.09,41.09,41.09,41.09,41.09,40.89,0,0.0,0.0,0.0,0.0,0.0
2015-06-01,溢多利,sz300381,41.09,41.09,41.09,41.09,41.09,40.89,0,0.0,0.0,0.0,0.0,0.0
2015-06-02,溢多利,sz300381,41.09,41.09,41.09,41.09,41.09,40.89,0,0.0,0.0,0.0,0.0,0.0
2015-06-03,溢多利,sz300381,41.09,41.09,41.09,41.09,41.09,40.89,0,0.0,0.0,0.0,0.0,0.0
2015-06-04,溢多利,sz300381,41.09,41.09,41.09,41.09,41.09,40.89,0,0.0,0.0,0.0,0.0,0.0
2015-06-05,溢多利,sz300381,41.09,41.09,41.09,41.09,41.09,40.89,0,0.0,0.0,0.0,0.0,0.0
2015-06-08,溢多利,sz300381,41.09,41.09,41.09,41.09,41.09,40.89,0,0.0,0.0,0.0,0.0,0.0
2015-06-09,溢多利,sz300381,41.09,41.09,41.09,41.09,41.09,40.89,0,0.0,0.0,0.0,0.0,0.0
2015-06-10,溢多利,sz300381,41.09,41.09,41.09,41.09,41.09,40.89,0,0.0,0.0,0.0,0.0,0.0
2015-06-11,溢多利,sz300381,41.09,41.09,41.09,41.09,41.09,40.89,0,0.0,0.0,0.0,0.0,0.0
2015-06-12,溢多利,sz300381,41.09,41.09,41.09,41.09,41.09,40.89,0,0.0,0.0,0.0,0.0,0.0
2015-06-15,溢多利,sz300381,41.09,41.09,41.09,41.09,41.09,40.89,0,0.0,0.0,0.0,0.0,0.0
2015-06-16,溢多利,sz300381,41.09,41.09,41.09,41.09,41.09,40.89,0,0.0,0.0,0.0,0.0,0.0
2015-06-17,溢多利,sz300381,41.09,41.09,41.09,41.09,41.09,40.89,0,0.0,0.0,0.0,0.0,0.0
2015-06-18,溢多利,sz300381,41.09,41.09,41.09,41.09,41.09,41.09,0,0.0,0.0,0.0,0.0,0.0
2015-06-19,溢多利,sz300381,41.09,41.09,41.09,41.09,41.09,41.09,0,0.0,0.0,0.0,0.0,0.0
2015-06-22,溢多利,sz300381,41.09,41.09,41.09,41.09,41.09,41.09,0,0.0,0.0,0.0,0.0,0.0
2015-06-23,溢多利,sz300381,41.09,41.09,41.09,41.09,41.09,41.09,0,0.0,0.0,0.0,0.0,0.0
2015-06-24,溢多利,sz300381,41.09,41.09,41.09,41.09,41.09,41.09,0,0.0,0.0,0.0,0.0,0.0
2015-06-25,溢多利,sz300381,41.09,41.09,41.09,41.09,41.09,41.09,0,0.0,0.0,0.0,0.0,0.0
2015-06-26,溢多利,sz300381,41.09,41.09,41.09,41.09,41.09,41.09,0,0.0,0.0,0.0,0.0,0.0
2015-06-29,溢多利,sz300381,41.09,41.09,41.09,41.09,41.09,41.09,0,0.0,0.0,0.0,0.0,0.0
2015-06-30,溢多利,sz300381,41.09,41.09,41.09,41.09,41.09,41.09,0,0.0,0.0,0.0,0.0,0.0
2015-07-01,溢多利,sz300381,41.09,41.09,41.09,41.09,41.09,41.09,0,0.0,0.0,0.0,0.0,0.0
2015-07-02,溢多利,sz300381,41.09,41.09,41.09,41.09,41.09,41.09,0,0.0,0.0,0.0,0.0,0.0
2015-07-03,溢多利,sz300381,41.09,41.09,41.09,41.09,41.09,41.09,0,0.0,0.0,0.0,0.0,0.0
2015-07-06,溢多利,sz300381,41.09,41.09,41.09,41.09,41.09,41.09,0,0.0,0.0,0.0,0.0,0.0
2015-07-07,溢多利,sz300381,41.09,41.09,41.09,41.09,41.09,41.09,0,0.0,0.0,0.0,0.0,0.0
2015-07-08,溢多利,sz300381,41.09,41.09,41.09,41.09,41.09,41.09,0,0.0,0.0,0.0,0.0,0.0
2015-07-09,溢多利,sz300381,41.09,41.09,41.09,41.09,41.09,41.09,0,0.0,0.0,0.0,0.0,0.0
2015-07-10,溢多利,sz300381,41.09,41.09,41.09,41.09,41.09,41.09,0,0.0,0.0,0.0,0.0,0.0
2015-07-13,溢多利,sz300381,41.09,41.09,41.09,41.09,41.09,41.09,0,0.0,0.0,0.0,0.0,0.0
2015-07-14,溢多利,sz300381,41.09,41.09,41.09,41.09,41.09,41.09,0,0.0,0.0,0.0,0.0,0.0
2015-07-15,溢多利,sz300381,41.09,41.09,41.09,41.09,41.09,41.09,0,0.0,0.0,0.0,0.0,0.0
2015-07-16,溢多利,sz300381,41.09,41.09,41.09,41.09,41.09,41.09,0,0.0,0.0,0.0,0.0,0.0
2015-07-17,溢多利,sz300381,41.09,41.09,41.09,41.09,41.09,41.09,0,0.0,0.0,0.0,0.0,0.0
2015-07-20,溢多利,sz300381,41.09,41.09,41.09,41.09,41.09,41.09,0,0.0,0.0,0.0,0.0,0.0
2015-07-21,溢多利,sz300381,41.09,41.09,41.09,41.09,41.09,41.09,0,0.0,0.0,0.0,0.0,0.0
2015-07-22,溢多利,sz300381,41.09,41.09,41.09,41.09,41.09,41.09,0,0.0,0.0,0.0,0.0,0.0
2015-07-23,溢多利,sz300381,41.09,41.09,41.09,41.09,41.09,41.09,0,0.0,0.0,0.0,0.0,0.0
2015-07-24,溢多利,sz300381,41.09,41.09,41.09,41.09,41.09,41.09,0,0.0,0.0,0.0,0.0,0.0
2015-07-27,溢多利,sz300381,41.09,41.09,41.09,41.09,41.09,41.09,0,0.0,0.0,0.0,0.0,0.0
2015-07-28,溢多利,sz300381,41.09,41.09,41.09,41.09,41.09,41.09,0,0.0,0.0,0.0,0.0,0.0
2015-07-29,溢多利,sz300381,41.09,41.09,41.09,41.09,41.09,41.09,0,0.0,0.0,0.0,0.0,0.0
2015-07-30,溢多利,sz300381,41.09,41.09,41.09,41.09,41.09,41.09,0,0.0,0.0,0.0,0.0,0.0
2015-07-31,溢多利,sz300381,41.09,41.09,41.09,41.09,41.09,41.09,0,0.0,0.0,0.0,0.0,0.0
2015-08-03,溢多利,sz300381,41.09,41.09,41.09,41.09,41.09,41.09,0,0.0,0.0,0.0,0.0,0.0
2015-08-04,溢多利,sz300381,41.09,41.09,41.09,41.09,41.09,41.09,0,0.0,0.0,0.0,0.0,0.0
2015-08-05,溢多利,sz300381,41.09,41.09,41.09,41.09,41.09,41.09,0,0.0,0.0,0.0,0.0,0.0
2015-08-06,溢多利,sz300381,41.09,41.09,41.09,41.09,41.09,41.09,0,0.0,0.0,0.0,0.0,0.0
2015-08-07,溢多利,sz300381,41.09,41.09,41.09,41.09,41.09,41.09,0,0.0,0.0,0.0,0.0,0.0
2015-08-10,溢多利,sz300381,41.09,41.09,41.09,41.09,41.09,41.09,0,0.0,0.0,0.0,0.0,0.0
2015-08-11,溢多利,sz300381,41.09,41.09,41.09,41.09,41.09,41.09,0,0.0,0.0,0.0,0.0,0.0
2015-08-12,溢多利,sz300381,41.09,41.09,41.09,41.09,41.09,41.09,0,0.0,0.0,0.0,0.0,0.0
2015-08-13,溢多利,sz300381,44.98,41.0,44.96,44.98,41.09,44.98,21326,0.080949,87.73685,6.376187,0.0968,4.0E-4
2015-08-14,溢多利,sz300381,49.03,42.0,49.03,42.05,44.98,42.05,92341,0.350762,82.02166,5.960842,0.1562,-0.1423
2015-08-17,溢多利,sz300381,46.26,40.95,42.0,46.26,42.05,46.26,43967,0.166988,90.23358,6.557635,0.1262,0.1014
2015-08-18,溢多利,sz300381,50.88,45.0,48.55,45.66,46.26,45.66,73483,0.279138,89.06323,6.472581,0.1271,-0.0595
2015-08-19,溢多利,sz300381,48.88,41.15,43.12,47.91,45.66,47.91,54896,0.208405,93.45203,6.791532,0.1692,0.111
2015-08-20,溢多利,sz300381,47.68,43.8,46.51,45.9,47.91,45.9,39121,0.148524,89.53137,6.506602,0.0809,-0.0131
2015-08-21,溢多利,sz300381,45.88,41.31,44.18,41.31,45.9,41.31,25298,0.096053,80.57824,5.855942,0.0995,-0.0649
2015-08-24,溢多利,sz300381,39.76,37.18,38.9,37.18,41.31,37.18,9287,0.03527,72.52236,5.27049,0.0624,-0.0442
2015-08-25,溢多利,sz300381,34.4,33.46,33.46,33.46,37.18,33.46,21087,0.080088,65.26623,4.743157,0.0252,0.0
2015-08-26,溢多利,sz300381,34.1,30.11,33.8,30.11,33.46,30.11,43015,0.163327,49.925964,4.261272,0.1192,-0.1091
2015-08-27,溢多利,sz300381,32.77,28.51,29.4,31.65,30.11,31.65,37468,0.14219,52.47947,4.479218,0.1414,0.0765
2015-08-28,溢多利,sz300381,33.5,31.01,33.02,32.9,31.65,32.9,35771,0.135897,54.552116,4.656123,0.0786,-0.0036
2015-08-31,溢多利,sz300381,32.0,29.7,32.0,29.7,32.9,29.7,19387,0.073631,49.246136,4.203248,0.0699,-0.0718
2015-09-01,溢多利,sz300381,28.88,26.73,28.6,26.73,29.7,26.73,15554,0.059057,44.32152,3.782923,0.0723,-0.0653
2015-09-02,溢多利,sz300381,27.69,24.07,24.6,26.79,26.73,26.79,24062,0.091306,44.42101,3.791414,0.1354,0.089
2015-09-03,溢多利,sz300381,26.79,26.79,26.79,26.79,26.79,26.79,0,0.0,0.0,0.0,0.0,0.0
2015-09-04,溢多利,sz300381,26.79,26.79,26.79,26.79,26.79,26.79,0,0.0,0.0,0.0,0.0,0.0
2015-09-07,溢多利,sz300381,28.0,25.68,26.0,27.0,26.79,27.0,21530,0.081759,44.769215,3.821134,0.0865,0.0384
2015-09-08,溢多利,sz300381,28.5,25.27,26.6,27.91,27.0,27.91,16287,0.061846,46.278103,3.94992,0.1196,0.0492
2015-09-09,溢多利,sz300381,29.29,27.71,28.4,28.5,27.91,28.5,27498,0.104353,47.256393,4.033419,0.0566,0.0035
2015-09-10,溢多利,sz300381,28.5,27.27,28.1,27.95,28.5,27.95,13452,0.051085,46.34443,3.955581,0.0431,-0.0053
2015-09-11,溢多利,sz300381,30.4,27.95,27.95,29.94,27.95,29.94,25311,0.096169,49.644085,4.237213,0.0876,0.0711
2015-09-14,溢多利,sz300381,30.65,26.95,29.96,27.2,29.94,27.2,22226,0.084434,45.100838,3.849439,0.1235,-0.0921
2015-09-15,溢多利,sz300381,27.37,24.6,26.61,25.18,27.2,25.18,11986,0.045521,41.75144,3.563561,0.1018,-0.0537
2015-09-16,溢多利,sz300381,27.7,25.41,25.45,27.69,25.18,27.69,13686,0.051984,45.91332,3.918785,0.0909,0.088
2015-09-17,溢多利,sz300381,28.95,26.5,27.35,27.3,27.69,27.3,16999,0.064544,45.26665,3.863591,0.0884,-0.0018
2015-09-18,溢多利,sz300381,27.95,26.5,27.65,27.38,27.3,27.38,11676,0.04434,45.3993,3.874913,0.0531,-0.0097
2015-09-21,溢多利,sz300381,29.28,26.91,27.0,28.8,27.38,28.8,15199,0.057748,47.75383,4.075876,0.0865,0.0666
2015-09-22,溢多利,sz300381,29.68,28.3,28.81,29.0,28.8,29.0,13219,0.050177,48.085453,4.104181,0.0479,0.0065
2015-09-23,溢多利,sz300381,29.39,28.23,28.36,29.04,29.0,29.04,11876,0.045082,48.15178,4.109842,0.04,0.0239
2015-09-24,溢多利,sz300381,31.0,29.06,29.44,30.76,29.04,30.76,15008,0.056993,51.003742,4.353262,0.0668,0.0448
2015-09-25,溢多利,sz300381,31.39,29.0,30.75,29.36,30.76,29.36,13372,0.050789,48.682377,4.15513,0.0776,-0.0452
2015-09-28,溢多利,sz300381,29.36,29.36,29.36,29.36,29.36,29.36,0,0.04791,52.247334,4.459405,0.0,0.0
2015-09-29,溢多利,sz300381,31.5,30.21,31.05,30.4,29.36,30.4,8390,0.031842,50.40682,4.302314,0.0439,-0.0209
2015-09-30,溢多利,sz300381,30.9,29.8,30.55,30.25,30.4,30.25,6148,0.023335,50.1581,4.281085,0.0361,-0.0098
2015-10-01,溢多利,sz300381,30.25,30.25,30.25,30.25,30.25,30.25,0,0.0,0.0,0.0,0.0,0.0
2015-10-02,溢多利,sz300381,30.25,30.25,30.25,30.25,30.25,30.25,0,0.0,0.0,0.0,0.0,0.0
2015-10-05,溢多利,sz300381,30.25,30.25,30.25,30.25,30.25,30.25,0,0.0,0.0,0.0,0.0,0.0
2015-10-06,溢多利,sz300381,30.25,30.25,30.25,30.25,30.25,30.25,0,0.0,0.0,0.0,0.0,0.0
2015-10-07,溢多利,sz300381,30.25,30.25,30.25,30.25,30.25,30.25,0,0.0,0.0,0.0,0.0,0.0
2015-10-08,溢多利,sz300381,31.98,30.5,31.55,31.58,30.25,31.58,8491,0.032229,52.3634,4.469312,0.0489,9.0E-4
2015-10-09,溢多利,sz300381,34.74,31.05,31.58,34.74,31.58,34.74,8774,0.033312,57.603058,4.916526,0.1168,0.1
2015-10-12,溢多利,sz300381,37.5,35.52,35.86,36.28,34.74,36.28,22256,0.084549,60.15656,5.134472,0.0569,0.0117
2015-10-13,溢多利,sz300381,36.39,34.89,36.38,35.78,36.28,35.78,13818,0.052485,59.3275,5.06371,0.0413,-0.0164
2015-10-14,溢多利,sz300381,36.0,34.64,35.2,34.79,35.78,34.79,13550,0.051463,57.685963,4.923602,0.038,-0.0116
2015-10-15,溢多利,sz300381,38.27,34.64,34.64,38.0,34.79,38.0,27220,0.103333,63.008526,5.377892,0.1043,0.0969
2015-10-16,溢多利,sz300381,38.54,36.42,38.0,37.6,38.0,37.6,19177,0.072834,62.345276,5.321283,0.0557,-0.0105
2015-10-19,溢多利,sz300381,37.62,36.3,37.62,36.81,37.6,36.81,13148,0.049946,61.035362,5.20948,0.0351,-0.0215
2015-10-20,溢多利,sz300381,38.49,36.85,36.85,37.59,36.81,37.59,15489,0.058811,62.328697,5.319868,0.0445,0.02
2015-10-21,溢多利,sz300381,37.9,33.83,37.7,33.83,37.59,33.83,17907,0.06799,56.09417,4.78774,0.1082,-0.1026
2015-10-22,溢多利,sz300381,35.96,33.86,33.86,35.96,33.83,35.96,15034,0.057088,59.62596,5.089185,0.062,0.062
2015-10-23,溢多利,sz300381,37.4,35.36,35.86,37.12,35.96,37.12,13438,0.051004,61.54938,5.253352,0.0567,0.0351
2015-10-26,溢多利,sz300381,38.48,36.22,37.88,37.9,37.12,37.9,18655,0.070844,62.842712,5.36374,0.0608,5.0E-4
2015-10-27,溢多利,sz300381,37.9,37.9,37.9,37.9,37.9,37.9,0,0.0,0.0,0.0,0.0,0.0
2015-10-28,溢多利,sz300381,37.9,37.9,37.9,37.9,37.9,37.9,0,0.0,0.0,0.0,0.0,0.0
2015-10-29,溢多利,sz300381,37.9,37.9,37.9,37.9,37.9,37.9,0,0.0,0.0,0.0,0.0,0.0
2015-10-30,溢多利,sz300381,37.9,37.9,37.9,37.9,37.9,37.9,0,0.0,0.0,0.0,0.0,0.0
2015-11-02,溢多利,sz300381,37.9,37.9,37.9,37.9,37.9,37.9,0,0.0,0.0,0.0,0.0,0.0
2015-11-03,溢多利,sz300381,41.56,38.23,39.0,39.35,37.9,39.35,29554,0.0,0.0,0.0,0.0878,0.0089
2015-11-04,溢多利,sz300381,42.38,38.6,39.05,42.38,39.35,42.38,26029,0.0,0.0,0.0,0.096,0.0852
2015-11-05,溢多利,sz300381,44.0,40.65,44.0,41.33,42.38,41.33,19077,0.0,0.0,0.0,0.079,-0.0606
2015-11-06,溢多利,sz300381,43.08,41.0,41.0,42.64,41.33,42.64,14343,0.0,0.0,0.0,0.0503,0.04
2015-11-09,溢多利,sz300381,46.9,42.9,42.9,46.4,42.64,46.4,29546,0.0,0.0,0.0,0.0938,0.0815
2015-11-10,溢多利,sz300381,47.48,45.03,45.47,46.4,46.4,46.4,20154,0.0,0.0,0.0,0.0528,0.0204
2015-11-11,溢多利,sz300381,49.9,45.8,46.54,49.48,46.4,49.48,19367,0.0,0.0,0.0,0.0883,0.0631
2015-11-12,溢多利,sz300381,52.5,48.6,49.7,52.5,49.48,52.5,18322,0.0,0.0,0.0,0.0788,0.0563
2015-11-13,溢多利,sz300381,54.49,50.0,51.5,52.39,52.5,52.39,24690,0.0,0.0,0.0,0.0855,0.0172
2015-11-16,溢多利,sz300381,54.15,50.0,50.2,53.01,52.39,53.01,12279,0.0,0.0,0.0,0.0792,0.0559
2015-11-17,溢多利,sz300381,53.77,49.61,53.77,49.61,53.01,49.61,16366,0.0,0.0,0.0,0.0784,-0.0773
2015-11-18,溢多利,sz300381,50.38,48.2,50.0,48.5,49.61,48.5,13815,0.0,0.0,0.0,0.0439,-0.03
2015-11-19,溢多利,sz300381,52.7,48.5,49.6,52.23,48.5,52.23,13046,0.0,0.0,0.0,0.0865,0.053
2015-11-20,溢多利,sz300381,52.62,50.51,52.23,51.26,52.23,51.26,12560,0.0,0.0,0.0,0.0403,-0.0185
2015-11-23,溢多利,sz300381,52.2,50.05,51.26,51.35,51.26,51.35,9645,0.0,0.0,0.0,0.0419,0.0017
2015-11-24,溢多利,sz300381,56.49,50.52,51.9,56.49,51.35,56.49,22223,0.0,0.0,0.0,0.1162,0.0884
2015-11-25,溢多利,sz300381,62.14,56.55,56.55,62.14,56.49,62.14,32650,0.0,0.0,0.0,0.0989,0.0988
2015-11-26,溢多利,sz300381,63.0,59.52,63.0,59.99,62.14,59.99,20646,0.0,0.0,0.0,0.056,-0.0477
2015-11-27,溢多利,sz300381,64.99,54.5,59.25,56.5,59.99,56.5,27137,0.0,0.0,0.0,0.1748,-0.0464
2015-11-30,溢多利,sz300381,62.15,55.0,57.1,61.95,56.5,61.95,23875,0.0,0.0,0.0,0.1265,0.0849
2015-12-01,溢多利,sz300381,64.35,56.5,61.0,58.89,61.95,58.89,18255,0.0,0.0,0.0,0.1267,-0.0345
2015-12-02,溢多利,sz300381,58.9,53.0,58.81,54.68,58.89,54.68,16649,0.0,0.0,0.0,0.1001,-0.0702
2015-12-03,溢多利,sz300381,58.78,55.01,55.51,57.58,54.68,57.58,15138,0.0,0.0,0.0,0.0689,0.0372
2015-12-04,溢多利,sz300381,59.48,55.61,57.48,56.56,57.58,56.56,12781,0.0,0.0,0.0,0.0672,-0.016
2015-12-07,溢多利,sz300381,59.95,56.3,57.55,57.85,56.56,57.85,11368,0.0,0.0,0.0,0.0645,0.0052
2015-12-08,溢多利,sz300381,59.99,55.5,58.39,58.6,57.85,58.6,14148,0.0,0.0,0.0,0.0776,0.0035
2015-12-09,溢多利,sz300381,61.88,57.1,58.12,59.73,58.6,59.73,12264,0.0,0.0,0.0,0.0815,0.0277
2015-12-10,溢多利,sz300381,61.3,56.8,61.0,57.84,59.73,57.84,8012,0.0,0.0,0.0,0.0753,-0.0518
2015-12-11,溢多利,sz300381,57.79,54.04,57.2,54.11,57.84,54.11,11790,0.0,0.0,0.0,0.0648,-0.054
2015-12-14,溢多利,sz300381,56.79,53.0,54.0,56.79,54.11,56.79,8607,0.0,0.0,0.0,0.07,0.0516
2015-12-15,溢多利,sz300381,58.58,56.1,56.25,57.1,56.79,57.1,8033,0.0,0.0,0.0,0.0436,0.0151
2015-12-16,溢多利,sz300381,59.94,56.65,57.1,58.6,57.1,58.6,9697,0.0,0.0,0.0,0.0576,0.0262
2015-12-17,溢多利,sz300381,60.5,57.03,58.99,59.8,58.6,59.8,15424,0.0,0.0,0.0,0.0592,0.0137
2015-12-18,溢多利,sz300381,59.95,57.8,59.5,58.21,59.8,58.21,8141,0.0,0.0,0.0,0.0359,-0.0216
2015-12-21,溢多利,sz300381,58.94,57.1,58.21,58.2,58.21,58.2,7876,0.0,0.0,0.0,0.0316,-1.0E-4
2015-12-22,溢多利,sz300381,58.9,57.13,58.2,57.74,58.2,57.74,9570,0.0,0.0,0.0,0.0304,-0.0079
2015-12-23,溢多利,sz300381,59.46,57.52,57.53,58.25,57.74,58.25,9431,0.0,0.0,0.0,0.0335,0.0125
2015-12-24,溢多利,sz300381,59.8,58.0,58.25,59.13,58.25,59.13,9146,0.0,0.0,0.0,0.0309,0.0151
2015-12-25,溢多利,sz300381,63.46,58.83,58.83,60.75,59.13,60.75,13267,0.0,0.0,0.0,0.0783,0.0326
2015-12-28,溢多利,sz300381,61.5,57.02,60.98,57.02,60.75,57.02,11398,0.0,0.0,0.0,0.0737,-0.0649
2015-12-29,溢多利,sz300381,57.7,54.3,57.0,56.41,57.02,56.41,15560,0.0,0.0,0.0,0.0596,-0.0103
2015-12-30,溢多利,sz300381,57.18,55.6,56.45,56.81,56.41,56.81,5848,0.0,0.0,0.0,0.028,0.0063
2015-12-31,溢多利,sz300381,57.4,55.05,57.1,56.04,56.81,56.04,7627,0.0,0.0,0.0,0.0413,-0.0185
2016-01-01,溢多利,sz300381,57.4,55.05,57.1,56.04,56.04,56.04,7627,0.0,0.0,0.0,0.0419,-0.0185
2016-01-04,溢多利,sz300381,56.2,50.44,55.11,50.44,56.04,50.44,7899,0.0,0.0,0.0,0.1027,-0.0847
2016-01-05,溢多利,sz300381,49.88,45.4,46.8,45.53,50.44,45.53,16231,0.0,0.0,0.0,0.0888,-0.0271
2016-01-06,溢多利,sz300381,48.5,45.5,45.97,48.1,45.53,48.1,11736,0.0,0.0,0.0,0.0658,0.0463
2016-01-07,溢多利,sz300381,48.0,43.29,48.0,43.37,48.1,43.37,2466,0.0,0.0,0.0,0.0979,-0.0964
2016-01-08,溢多利,sz300381,45.94,40.03,45.02,44.6,43.37,44.6,13810,0.0,0.0,0.0,0.1362,-0.0093
2016-01-11,溢多利,sz300381,43.49,40.14,43.25,40.14,44.6,40.14,9406,0.0,0.0,0.0,0.0751,-0.0719
2016-01-12,溢多利,sz300381,42.47,37.5,39.45,41.63,40.14,41.63,19823,0.0,0.0,0.0,0.1238,0.0552
2016-01-13,溢多利,sz300381,43.56,40.51,42.0,41.3,41.63,41.3,11487,0.0,0.0,0.0,0.0732,-0.0166
2016-01-14,溢多利,sz300381,43.76,38.0,39.0,43.66,41.3,43.66,9075,0.0,0.0,0.0,0.1394,0.1194
2016-01-15,溢多利,sz300381,44.09,40.5,43.01,42.0,43.66,42.0,7264,0.0,0.0,0.0,0.0822,-0.0234
2016-01-18,溢多利,sz300381,43.42,40.71,41.9,42.8,42.0,42.8,6538,0.0,0.0,0.0,0.0645,0.0214
2016-01-19,溢多利,sz300381,45.8,41.55,42.57,45.06,42.8,45.06,15790,0.0,0.0,0.0,0.0992,0.0584
2016-01-20,溢多利,sz300381,45.4,43.51,44.5,44.38,45.06,44.38,6780,0.0,0.0,0.0,0.0419,-0.0026
2016-01-21,溢多利,sz300381,46.8,43.0,43.74,43.0,44.38,43.0,15587,0.0,0.0,0.0,0.0856,-0.0169
2016-01-22,溢多利,sz300381,44.79,41.5,43.5,43.98,43.0,43.98,8801,0.0,0.0,0.0,0.0765,0.011
2016-01-25,溢多利,sz300381,44.7,43.11,43.98,43.85,43.98,43.85,5986,0.0,0.0,0.0,0.0361,-0.0029
2016-01-26,溢多利,sz300381,43.75,39.52,43.1,40.5,43.85,40.5,10160,0.0,0.0,0.0,0.0964,-0.0603
2016-01-27,溢多利,sz300381,41.3,38.35,40.6,41.17,40.5,41.17,9342,0.0,0.0,0.0,0.0728,0.014
2016-01-28,溢多利,sz300381,41.2,38.52,40.02,39.0,41.17,39.0,5945,0.0,0.0,0.0,0.065,-0.0254
2016-01-29,溢多利,sz300381,41.18,36.6,40.0,40.74,39.0,40.74,7671,0.0,0.0,0.0,0.1174,0.0185
2016-02-01,溢多利,sz300381,41.0,39.0,41.0,40.2,40.74,40.2,3738,0.0,0.0,0.0,0.049,-0.0195
2016-02-02,溢多利,sz300381,42.39,39.9,40.5,41.93,40.2,41.93,4316,0.0,0.0,0.0,0.0619,0.0353
2016-02-03,溢多利,sz300381,41.83,40.68,41.5,41.5,41.93,41.5,4260,0.0,0.0,0.0,0.0274,0.0
2016-02-04,溢多利,sz300381,42.93,41.71,41.9,42.06,41.5,42.06,5028,0.0,0.0,0.0,0.0293,0.0038
2016-02-05,溢多利,sz300381,42.6,41.11,42.06,41.8,42.06,41.8,4760,0.0,0.0,0.0,0.0354,-0.0061
2016-02-08,溢多利,sz300381,42.6,41.11,42.06,41.8,41.8,41.8,4760,0.0,0.0,0.0,0.0356,-0.0061
2016-02-09,溢多利,sz300381,42.6,41.11,42.06,41.8,41.8,41.8,4760,0.0,0.0,0.0,0.0356,-0.0061
2016-02-10,溢多利,sz300381,42.6,41.11,42.06,41.8,41.8,41.8,4760,0.0,0.0,0.0,0.0356,-0.0061
2016-02-11,溢多利,sz300381,42.6,41.11,42.06,41.8,41.8,41.8,4760,0.0,0.0,0.0,0.0356,-0.0061
2016-02-12,溢多利,sz300381,42.6,41.11,42.06,41.8,41.8,41.8,4760,0.0,0.0,0.0,0.0356,-0.0061
2016-02-15,溢多利,sz300381,42.81,39.8,39.8,42.5,41.8,42.5,6441,0.0,0.0,0.0,0.072,0.0678
2016-02-16,溢多利,sz300381,44.28,42.03,42.8,44.03,42.5,44.03,7747,0.0,0.0,0.0,0.0529,0.0287
2016-02-17,溢多利,sz300381,44.5,43.55,44.03,44.45,44.03,44.45,7510,0.0,0.0,0.0,0.0215,0.0095
2016-02-18,溢多利,sz300381,45.5,43.57,44.85,43.67,44.45,43.67,6181,0.0,0.0,0.0,0.0434,-0.0263
2016-02-19,溢多利,sz300381,45.5,43.7,43.7,45.1,43.67,45.1,9258,0.0,0.0,0.0,0.0412,0.032
2016-02-22,溢多利,sz300381,45.88,44.69,45.11,45.78,45.1,45.78,10123,0.0,0.0,0.0,0.0263,0.0148
2016-02-23,溢多利,sz300381,47.68,44.9,45.5,46.62,45.78,46.62,13047,0.0,0.0,0.0,0.0607,0.0246
2016-02-24,溢多利,sz300381,47.28,43.98,46.52,46.88,46.62,46.88,12684,0.0,0.0,0.0,0.0707,0.0077
2016-02-25,溢多利,sz300381,47.5,42.19,46.91,42.19,46.88,42.19,13363,0.0,0.0,0.0,0.1132,-0.1006
2016-02-26,溢多利,sz300381,43.03,40.0,42.5,40.05,42.19,40.05,13041,0.0,0.0,0.0,0.0718,-0.0576
2016-02-29,溢多利,sz300381,40.74,36.05,40.1,36.93,40.05,36.93,21085,0.0,0.0,0.0,0.1171,-0.079
2016-03-01,溢多利,sz300381,38.17,36.31,36.8,38.02,36.93,38.02,10250,0.0,0.0,0.0,0.0503,0.0331
2016-03-02,溢多利,sz300381,41.8,37.6,38.25,40.28,38.02,40.28,12763,0.0,0.0,0.0,0.1104,0.053
2016-03-03,溢多利,sz300381,40.6,39.3,40.6,39.88,40.28,39.88,7592,0.0,0.0,0.0,0.0322,-0.0177
2016-03-04,溢多利,sz300381,39.88,36.53,39.4,37.42,39.88,37.42,6931,0.0,0.0,0.0,0.084,-0.0502
2016-03-07,溢多利,sz300381,38.99,37.0,38.15,37.6,37.42,37.6,7385,0.0,0.0,0.0,0.0531,-0.0144
2016-03-08,溢多利,sz300381,38.28,35.6,37.11,38.28,37.6,38.28,8241,0.0,0.0,0.0,0.0712,0.0315
2016-03-09,溢多利,sz300381,38.6,37.17,37.17,37.68,38.28,37.68,4613,0.0,0.0,0.0,0.0373,0.0137
2016-03-10,溢多利,sz300381,38.28,36.61,38.28,37.02,37.68,37.02,8577,0.0,0.0,0.0,0.0443,-0.0329
2016-03-11,溢多利,sz300381,38.88,36.15,36.15,38.38,37.02,38.38,7589,0.0,0.0,0.0,0.0737,0.0616
2016-03-14,溢多利,sz300381,42.1,38.59,38.59,40.73,38.38,40.73,10701,0.0,0.0,0.0,0.0914,0.0554
2016-03-15,溢多利,sz300381,41.75,40.31,40.73,40.75,40.73,40.75,5314,0.0,0.0,0.0,0.0353,4.0E-4
2016-03-16,溢多利,sz300381,42.99,39.63,41.28,40.4,40.75,40.4,6079,0.0,0.0,0.0,0.0824,-0.0213
2016-03-17,溢多利,sz300381,42.4,40.5,40.97,41.65,40.4,41.65,6633,0.0,0.0,0.0,0.047,0.0165
2016-03-18,溢多利,sz300381,44.0,41.74,41.74,43.93,41.65,43.93,10915,0.0,0.0,0.0,0.0542,0.0524
2016-03-21,溢多利,sz300381,44.8,43.35,44.8,43.8,43.93,43.8,9111,0.0,0.0,0.0,0.033,-0.0223
2016-03-22,溢多利,sz300381,45.0,43.41,43.85,45.0,43.8,45.0,8296,0.0,0.0,0.0,0.0363,0.0262
2016-03-23,溢多利,sz300381,45.1,44.07,44.31,44.97,45.0,44.97,4468,0.0,0.0,0.0,0.0228,0.0148
2016-03-24,溢多利,sz300381,45.49,44.25,44.6,44.71,44.97,44.71,7047,0.0,0.0,0.0,0.0275,0.0024
2016-03-25,溢多利,sz300381,45.19,44.23,45.19,44.82,44.71,44.82,4541,0.0,0.0,0.0,0.0214,-0.0081
