2016-03-25
2011-05-26,天晟新材,sz300169,28.55,27.11,28.29,27.3,28.18,13.273,2305900,0.0,0.0,0.0,0.0511,-0.0349
2011-05-27,天晟新材,sz300169,27.59,26.2,27.0,26.7,27.3,12.981,2220300,0.0,0.0,0.0,0.0509,-0.0111
2011-05-30,天晟新材,sz300169,27.65,26.32,26.4,27.14,26.7,13.195,2178400,0.0,0.0,0.0,0.0498,0.028
2011-05-31,天晟新材,sz300169,27.91,26.57,27.37,27.87,27.14,13.55,2340900,0.0,0.0,0.0,0.0493,0.0182
2011-06-01,天晟新材,sz300169,27.87,27.22,27.53,27.51,27.87,13.375,1585600,0.0,0.0,0.0,0.0233,-7.0E-4
2011-06-02,天晟新材,sz300169,27.2,26.38,27.0,26.85,27.51,13.054,2051000,0.0,0.0,0.0,0.0298,-0.0055
2011-06-03,天晟新材,sz300169,27.5,26.68,26.68,27.15,26.85,13.2,1300600,0.0,0.0,0.0,0.0305,0.0176
2011-06-07,天晟新材,sz300169,28.5,27.0,27.15,28.27,27.15,13.744,2880000,0.0,0.0,0.0,0.0552,0.0412
2011-06-08,天晟新材,sz300169,28.48,27.89,28.27,28.34,28.27,13.778,1653900,0.0,0.0,0.0,0.0208,0.0024
2011-06-09,天晟新材,sz300169,28.36,26.85,28.36,27.1,28.34,13.175,1950900,0.0,0.0,0.0,0.0532,-0.0444
2011-06-10,天晟新材,sz300169,27.99,26.73,26.98,27.95,27.1,13.589,1637000,0.0,0.0,0.0,0.0464,0.0359
2011-06-13,天晟新材,sz300169,29.6,27.5,27.88,29.09,27.95,14.143,3913300,0.0,0.0,0.0,0.0751,0.0434
2011-06-14,天晟新材,sz300169,29.5,28.82,29.1,29.24,29.09,14.216,2290900,0.0,0.0,0.0,0.0233,0.0048
2011-06-15,天晟新材,sz300169,29.3,28.73,29.22,28.73,29.24,13.968,2066400,0.0,0.0,0.0,0.0194,-0.0167
2011-06-16,天晟新材,sz300169,28.62,28.0,28.45,28.26,28.73,13.739,1680900,0.0,0.0,0.0,0.0215,-0.0066
2011-06-17,天晟新材,sz300169,28.76,27.8,28.02,27.88,28.26,13.554,2084700,0.0,0.0,0.0,0.0339,-0.0049
2011-06-20,天晟新材,sz300169,28.36,27.7,27.72,28.3,27.88,13.759,1950000,0.0,0.0,0.0,0.0236,0.0209
2011-06-21,天晟新材,sz300169,29.5,28.28,28.48,29.15,28.3,14.172,3084500,0.0,0.0,0.0,0.0431,0.0235
2011-06-22,天晟新材,sz300169,29.66,28.69,29.19,28.8,29.15,14.002,2699500,0.0,0.0,0.0,0.0332,-0.0133
2011-06-23,天晟新材,sz300169,31.68,28.67,28.73,31.16,28.8,15.149,11888700,0.0,0.0,0.0,0.1045,0.0845
2011-06-24,天晟新材,sz300169,31.66,30.5,30.51,31.48,31.16,15.305,7537100,0.0,0.0,0.0,0.0372,0.0317
2011-06-27,天晟新材,sz300169,32.37,31.0,31.4,31.7,31.48,15.412,5183100,0.0,0.0,0.0,0.0435,0.0095
2011-06-28,天晟新材,sz300169,31.8,31.11,31.45,31.68,31.7,15.402,2783900,0.0,0.0,0.0,0.0217,0.0073
2011-06-29,天晟新材,sz300169,32.0,30.5,31.7,30.77,31.68,14.96,4747200,0.0,0.0,0.0,0.0473,-0.0293
2011-06-30,天晟新材,sz300169,31.28,30.46,30.65,30.86,30.77,15.003,2910200,0.0,0.0,0.0,0.0266,0.0068
2011-07-01,天晟新材,sz300169,33.0,30.8,30.82,32.4,30.86,15.752,5057700,0.0,0.0,0.0,0.0712,0.0512
2011-07-04,天晟新材,sz300169,33.69,32.2,32.53,32.6,32.4,15.849,5449000,0.0,0.0,0.0,0.0459,0.0021
2011-07-06,天晟新材,sz300169,34.5,32.4,32.49,33.87,32.6,16.467,6884700,0.0,0.0,0.0,0.0644,0.0424
2011-07-07,天晟新材,sz300169,34.72,33.21,33.9,33.8,33.87,16.433,3900700,0.0,0.0,0.0,0.0445,-0.0029
2011-07-08,天晟新材,sz300169,34.16,33.12,33.88,34.02,33.8,16.54,3642700,0.0,0.0,0.0,0.0307,0.0041
2011-07-11,天晟新材,sz300169,34.29,33.37,34.0,33.67,34.02,16.369,2684500,0.0,0.0,0.0,0.027,-0.0097
2011-07-12,天晟新材,sz300169,33.4,32.78,33.4,32.96,33.67,16.024,3511500,0.0,0.0,0.0,0.0184,-0.0131
2011-07-13,天晟新材,sz300169,33.78,32.8,32.98,33.59,32.96,16.331,2491500,0.0,0.0,0.0,0.0297,0.0184
2011-07-14,天晟新材,sz300169,34.62,33.42,33.6,34.1,33.59,16.578,2676800,0.0,0.0,0.0,0.0357,0.0148
2011-07-15,天晟新材,sz300169,34.9,33.68,33.8,34.16,34.1,16.608,3474000,0.0,0.0,0.0,0.0357,0.0106
2011-07-18,天晟新材,sz300169,34.3,32.0,34.25,32.14,34.16,15.626,6815100,0.0,0.0,0.0,0.0673,-0.0616
2011-07-19,天晟新材,sz300169,31.9,31.21,31.9,31.48,32.14,15.305,2857700,0.0,0.0,0.0,0.0214,-0.0131
2011-07-20,天晟新材,sz300169,32.5,31.35,31.66,32.0,31.48,15.558,3143800,0.0,0.0,0.0,0.0365,0.0107
2011-07-21,天晟新材,sz300169,32.2,30.11,32.0,30.41,32.0,14.785,5652200,0.0,0.0,0.0,0.0653,-0.0496
2011-07-22,天晟新材,sz300169,30.99,30.23,30.5,30.5,30.41,14.828,2198600,0.0,0.0,0.0,0.0249,0.0
2011-07-25,天晟新材,sz300169,30.96,29.9,30.39,30.6,30.5,14.877,4194600,0.0,0.0,0.0,0.0347,0.0069
2011-07-26,天晟新材,sz300169,31.57,30.04,30.59,31.41,30.6,15.271,3306800,0.0,0.0,0.0,0.05,0.0268
2011-07-27,天晟新材,sz300169,31.93,30.86,31.0,31.45,31.41,15.29,3781100,0.0,0.0,0.0,0.034,0.0145
2011-07-28,天晟新材,sz300169,31.5,29.9,31.3,30.38,31.45,14.77,4061700,0.0,0.0,0.0,0.0508,-0.0293
2011-07-29,天晟新材,sz300169,30.45,28.03,30.39,28.39,30.38,13.802,6480800,0.0,0.0,0.0,0.0796,-0.0658
2011-08-01,天晟新材,sz300169,29.59,28.1,28.18,29.15,28.39,14.172,3252000,0.0,0.0,0.0,0.0524,0.0344
2011-08-02,天晟新材,sz300169,29.0,28.05,28.99,28.94,29.15,14.07,2560000,0.0,0.0,0.0,0.0325,-0.0017
2011-08-03,天晟新材,sz300169,29.6,28.35,28.67,29.26,28.94,14.225,2504200,0.0,0.0,0.0,0.0431,0.0205
2011-08-04,天晟新材,sz300169,29.86,29.0,29.31,29.21,29.26,14.201,1980500,0.0,0.0,0.0,0.0293,-0.0034
2011-08-05,天晟新材,sz300169,28.84,27.82,28.0,28.3,29.21,13.759,2995200,0.0,0.0,0.0,0.0349,0.0107
2011-08-08,天晟新材,sz300169,28.25,26.08,27.88,27.01,28.3,13.132,3177300,0.0,0.0,0.0,0.0766,-0.0312
2011-08-09,天晟新材,sz300169,27.69,25.81,26.2,27.36,27.01,13.302,2555400,0.0,0.0,0.0,0.0696,0.0442
2011-08-10,天晟新材,sz300169,28.27,27.36,27.8,27.47,27.36,13.355,1883900,0.0,0.0,0.0,0.0332,-0.0118
2011-08-11,天晟新材,sz300169,27.99,26.58,26.78,27.99,27.47,13.608,1687300,0.0,0.0,0.0,0.0513,0.0451
2011-08-12,天晟新材,sz300169,29.17,27.99,28.3,29.02,27.99,14.109,2644300,0.0,0.0,0.0,0.0421,0.0254
2011-08-15,天晟新材,sz300169,29.5,28.76,29.1,29.16,29.02,14.177,2663800,0.0,0.0,0.0,0.0254,0.002
2011-08-16,天晟新材,sz300169,28.76,27.8,28.76,27.95,29.16,13.589,5521900,0.0,0.0,0.0,0.0329,-0.0281
2011-08-17,天晟新材,sz300169,28.08,27.14,27.7,27.35,27.95,13.297,2601500,0.0,0.0,0.0,0.0336,-0.0126
2011-08-18,天晟新材,sz300169,27.6,26.82,27.35,26.87,27.35,13.063,1798800,0.0,0.0,0.0,0.0285,-0.0175
2011-08-19,天晟新材,sz300169,27.37,26.11,26.26,27.35,26.87,13.297,2005400,0.0,0.0,0.0,0.0468,0.0415
2011-08-22,天晟新材,sz300169,27.46,26.83,27.01,26.98,27.35,13.117,1290400,0.0,0.0,0.0,0.023,-0.0011
2011-08-23,天晟新材,sz300169,28.08,26.77,26.77,28.0,26.98,13.613,2491800,0.0,0.0,0.0,0.0485,0.0459
2011-08-24,天晟新材,sz300169,29.3,28.0,28.37,28.02,28.0,13.623,3809200,0.0,0.0,0.0,0.0464,-0.0123
2011-08-25,天晟新材,sz300169,28.3,27.4,27.9,28.16,28.02,13.691,2344500,0.0,0.0,0.0,0.0321,0.0093
2011-08-26,天晟新材,sz300169,28.73,27.98,28.03,28.66,28.16,13.934,2306700,0.0,0.0,0.0,0.0266,0.0224
2011-08-29,天晟新材,sz300169,28.95,28.43,28.49,28.46,28.66,13.836,2006900,0.0,0.0,0.0,0.0181,-0.001
2011-08-30,天晟新材,sz300169,28.68,27.5,28.68,27.52,28.46,13.379,1787400,0.0,0.0,0.0,0.0414,-0.0404
2011-08-31,天晟新材,sz300169,27.65,26.49,27.65,27.26,27.52,13.253,1528400,0.0,0.0,0.0,0.0421,-0.0141
2011-09-01,天晟新材,sz300169,27.54,26.8,27.2,26.88,27.26,13.068,2322900,0.0,0.0,0.0,0.0271,-0.0117
2011-09-02,天晟新材,sz300169,27.36,26.86,26.9,27.18,26.88,13.214,1160500,0.0,0.0,0.0,0.0186,0.0104
2011-09-05,天晟新材,sz300169,26.8,25.8,26.8,25.8,27.18,12.543,2166500,0.0,0.0,0.0,0.0367,-0.0373
2011-09-06,天晟新材,sz300169,26.15,24.88,25.6,25.52,25.8,12.407,1292200,0.0,0.0,0.0,0.0492,-0.0031
2011-09-07,天晟新材,sz300169,26.15,25.52,25.52,26.1,25.52,12.689,1002200,0.0,0.0,0.0,0.0246,0.0227
2011-09-08,天晟新材,sz300169,26.74,25.91,26.18,26.0,26.1,12.64,1228200,0.0,0.0,0.0,0.0318,-0.0068
2011-09-09,天晟新材,sz300169,26.2,25.48,26.01,25.72,26.0,12.504,660500,0.0,0.0,0.0,0.0276,-0.0111
2011-09-13,天晟新材,sz300169,25.55,24.86,25.55,24.94,25.72,12.125,682800,0.0,0.0,0.0,0.0268,-0.0238
2011-09-14,天晟新材,sz300169,25.44,24.94,24.94,25.29,24.94,12.295,836700,0.0,0.0,0.0,0.02,0.014
2011-09-15,天晟新材,sz300169,25.93,25.3,25.3,25.41,25.29,12.354,838400,0.0,0.0,0.0,0.0249,0.0043
2011-09-16,天晟新材,sz300169,25.7,25.35,25.41,25.55,25.41,12.422,1034000,0.0,0.0,0.0,0.0137,0.0055
2011-09-19,天晟新材,sz300169,26.3,25.35,25.55,26.0,25.55,12.64,1634500,0.0,0.0,0.0,0.0371,0.0176
2011-09-20,天晟新材,sz300169,26.1,25.6,26.0,25.97,26.0,12.626,849800,0.0,0.0,0.0,0.0192,-0.0011
2011-09-21,天晟新材,sz300169,26.77,25.8,25.97,26.65,25.97,12.956,1654000,0.0,0.0,0.0,0.0373,0.0261
2011-09-22,天晟新材,sz300169,26.55,25.25,26.49,25.3,26.65,12.3,1213200,0.0,0.0,0.0,0.0487,-0.0449
2011-09-23,天晟新材,sz300169,25.56,24.9,25.0,25.28,25.3,12.29,937300,0.0,0.0,0.0,0.026,0.0112
2011-09-26,天晟新材,sz300169,25.54,25.02,25.25,25.1,25.28,12.203,510200,0.0,0.0,0.0,0.0205,-0.0059
2011-09-27,天晟新材,sz300169,25.53,25.08,25.15,25.35,25.1,12.324,541800,0.0,0.0,0.0,0.0179,0.0079
2011-09-28,天晟新材,sz300169,25.6,24.42,25.5,24.42,25.35,11.872,818500,0.0,0.0,0.0,0.0465,-0.0423
2011-09-29,天晟新材,sz300169,24.64,23.6,24.64,24.0,24.42,11.668,1286100,0.0,0.0,0.0,0.0425,-0.0259
2011-09-30,天晟新材,sz300169,24.5,23.7,24.0,23.86,24.0,11.6,258200,0.0,0.0,0.0,0.0333,-0.0058
2011-10-11,天晟新材,sz300169,24.81,22.08,24.53,22.65,23.86,11.012,1037000,0.0,0.0,0.0,0.1144,-0.0766
2011-10-12,天晟新材,sz300169,23.39,21.9,22.31,23.2,22.65,11.279,1354800,0.0,0.0,0.0,0.0657,0.0398
2011-10-13,天晟新材,sz300169,24.03,23.06,23.25,23.7,23.2,11.522,1115600,0.0,0.0,0.0,0.0418,0.0193
2011-10-14,天晟新材,sz300169,23.76,22.61,23.7,23.06,23.7,11.211,879300,0.0,0.0,0.0,0.0485,-0.027
2011-10-17,天晟新材,sz300169,23.53,22.88,23.0,23.52,23.06,11.435,580800,0.0,0.0,0.0,0.0281,0.0226
2011-10-18,天晟新材,sz300169,23.5,22.89,23.5,22.91,23.52,11.138,639300,0.0,0.0,0.0,0.0259,-0.0251
2011-10-19,天晟新材,sz300169,23.14,22.56,23.0,22.6,22.91,10.987,557900,0.0,0.0,0.0,0.0253,-0.0173
2011-10-20,天晟新材,sz300169,22.7,21.01,22.7,21.49,22.6,10.448,1360100,0.0,0.0,0.0,0.0747,-0.0533
2011-10-21,天晟新材,sz300169,21.5,21.05,21.49,21.05,21.49,10.234,438000,0.0,0.0,0.0,0.0209,-0.0204
2011-10-24,天晟新材,sz300169,21.28,19.9,20.85,21.22,21.05,10.317,1531500,0.0,0.0,0.0,0.0655,0.0177
2011-10-25,天晟新材,sz300169,21.95,20.81,21.29,21.72,21.22,10.56,1022400,0.0,0.0,0.0,0.0537,0.0201
2011-10-26,天晟新材,sz300169,23.2,21.7,21.74,22.89,21.72,11.128,2049700,0.0,0.0,0.0,0.069,0.0528
2011-10-27,天晟新材,sz300169,23.0,22.57,22.92,22.88,22.89,11.124,2141900,0.0,0.0,0.0,0.0187,-0.0017
2011-10-28,天晟新材,sz300169,23.4,22.72,23.2,23.07,22.88,11.216,2146200,0.0,0.0,0.0,0.0297,-0.0056
2011-10-31,天晟新材,sz300169,23.5,22.86,22.86,23.45,23.07,11.401,1656300,0.0,0.0,0.0,0.0277,0.0258
2011-11-01,天晟新材,sz300169,23.67,23.01,23.3,23.54,23.45,11.445,1210800,0.0,0.0,0.0,0.0281,0.0103
2011-11-02,天晟新材,sz300169,24.5,22.85,23.12,24.2,23.54,11.765,1754400,0.0,0.0,0.0,0.07,0.0467
2011-11-03,天晟新材,sz300169,24.63,23.87,24.2,23.88,24.2,11.61,1907800,0.0,0.0,0.0,0.0314,-0.0132
2011-11-04,天晟新材,sz300169,25.0,23.77,24.0,24.78,23.88,12.047,2327900,0.0,0.0,0.0,0.0515,0.0325
2011-11-07,天晟新材,sz300169,26.18,24.78,24.8,25.67,24.78,12.48,3185900,0.0,0.0,0.0,0.0564,0.035
2011-11-08,天晟新材,sz300169,25.82,25.06,25.67,25.44,25.67,12.368,1445500,0.0,0.0,0.0,0.0296,-0.0089
2011-11-09,天晟新材,sz300169,25.9,24.88,25.57,25.74,25.44,12.514,1403100,0.0,0.0,0.0,0.04,0.0066
2011-11-10,天晟新材,sz300169,26.08,25.21,25.35,25.65,25.74,12.47,1935900,0.0,0.0,0.0,0.0337,0.0118
2011-11-11,天晟新材,sz300169,25.6,24.6,25.38,24.64,25.65,11.979,1475800,0.0,0.0,0.0,0.0389,-0.0291
2011-11-14,天晟新材,sz300169,25.3,24.61,24.61,24.94,24.64,12.125,2808500,0.0,0.0,0.0,0.028,0.0134
2011-11-15,天晟新材,sz300169,25.2,24.55,24.92,24.79,24.94,12.052,1348100,0.0,0.0,0.0,0.026,-0.0052
2011-11-16,天晟新材,sz300169,24.98,23.8,24.82,23.89,24.79,11.615,1466700,0.0,0.0,0.0,0.0475,-0.0374
2011-11-17,天晟新材,sz300169,24.8,23.97,23.99,24.43,23.89,11.877,1287100,0.0,0.0,0.0,0.0347,0.0183
2011-11-18,天晟新材,sz300169,25.43,24.24,24.29,24.56,24.43,11.94,2842200,0.0,0.0,0.0,0.0487,0.0111
2011-11-21,天晟新材,sz300169,25.72,24.29,24.39,25.72,24.56,12.504,4841300,0.0,0.0,0.0,0.0582,0.0545
2011-11-22,天晟新材,sz300169,26.4,25.35,25.65,26.15,25.72,12.713,5125900,0.0,0.0,0.0,0.0408,0.0194
2011-11-23,天晟新材,sz300169,26.55,25.63,26.01,25.97,26.15,12.626,2914000,0.0,0.0,0.0,0.0351,-0.0015
2011-11-24,天晟新材,sz300169,26.62,25.5,25.51,26.32,25.97,12.796,3248200,0.0,0.0,0.0,0.0431,0.0317
2011-11-25,天晟新材,sz300169,26.68,25.5,26.03,25.85,26.32,12.568,2600300,0.0,0.0,0.0,0.0448,-0.0069
2011-11-28,天晟新材,sz300169,26.0,24.8,26.0,24.9,25.85,12.106,1936500,0.0,0.0,0.0,0.0464,-0.0423
2011-11-29,天晟新材,sz300169,25.48,24.8,25.3,25.21,24.9,12.256,1778400,0.0,0.0,0.0,0.0273,-0.0035
2011-11-30,天晟新材,sz300169,25.21,22.69,25.21,22.96,25.21,11.163,2853100,0.0,0.0,0.0,0.0999,-0.0892
2011-12-01,天晟新材,sz300169,24.18,23.02,23.7,23.35,22.96,11.352,2315700,0.0,0.0,0.0,0.0505,-0.0147
2011-12-02,天晟新材,sz300169,23.99,23.03,23.35,23.64,23.35,11.493,1538400,0.0,0.0,0.0,0.0411,0.0124
2011-12-05,天晟新材,sz300169,23.88,23.06,23.35,23.45,23.64,11.401,1340800,0.0,0.0,0.0,0.0346,0.0042
2011-12-06,天晟新材,sz300169,23.57,23.03,23.38,23.3,23.45,11.328,847000,0.0,0.0,0.0,0.023,-0.0034
2011-12-07,天晟新材,sz300169,23.39,22.6,23.15,23.24,23.3,11.299,1180900,0.0,0.0,0.0,0.0339,0.0038
2011-12-08,天晟新材,sz300169,23.73,22.38,22.77,23.55,23.24,11.449,1739700,0.0,0.0,0.0,0.058,0.0342
2011-12-09,天晟新材,sz300169,25.1,23.3,23.3,24.77,23.55,12.042,3729300,0.0,0.0,0.0,0.0764,0.063
2011-12-12,天晟新材,sz300169,25.1,24.22,24.9,24.22,24.77,11.775,1336500,0.0,0.0,0.0,0.0355,-0.0273
2011-12-13,天晟新材,sz300169,24.25,23.2,24.02,23.4,24.22,11.376,1042100,0.0,0.0,0.0,0.0433,-0.0258
2011-12-14,天晟新材,sz300169,23.69,23.02,23.35,23.18,23.4,11.269,588300,0.0,0.0,0.0,0.0286,-0.0072
2011-12-15,天晟新材,sz300169,23.39,22.01,22.79,23.26,23.18,11.308,1567400,0.0,0.0,0.0,0.0595,0.0206
2011-12-16,天晟新材,sz300169,23.8,22.52,23.08,23.78,23.26,11.561,944900,0.0,0.0,0.0,0.055,0.0303
2011-12-19,天晟新材,sz300169,23.65,22.82,23.5,23.51,23.78,11.43,940200,0.0,0.0,0.0,0.0349,4.0E-4
2011-12-20,天晟新材,sz300169,23.85,22.83,23.6,22.98,23.51,11.172,845000,0.0,0.0,0.0,0.0433,-0.0262
2011-12-21,天晟新材,sz300169,23.2,22.1,23.07,22.1,22.98,10.744,768600,0.0,0.0,0.0,0.0478,-0.042
2011-12-22,天晟新材,sz300169,22.1,21.18,22.05,21.53,22.1,10.467,1014700,0.0,0.0,0.0,0.0416,-0.0235
2011-12-23,天晟新材,sz300169,21.99,21.3,21.45,21.69,21.53,10.545,622600,0.0,0.0,0.0,0.032,0.0111
2011-12-26,天晟新材,sz300169,22.09,21.35,21.69,21.35,21.69,10.38,430400,0.0,0.0,0.0,0.0341,-0.0156
2011-12-27,天晟新材,sz300169,21.37,20.5,21.13,20.67,21.35,10.049,441200,0.0,0.0,0.0,0.0407,-0.0217
2011-12-28,天晟新材,sz300169,20.82,19.8,20.48,20.18,20.67,9.811,689900,0.0,0.0,0.0,0.0493,-0.0146
2011-12-29,天晟新材,sz300169,20.44,19.85,20.43,20.13,20.18,9.787,315600,0.0,0.0,0.0,0.0292,-0.0146
2011-12-30,天晟新材,sz300169,20.5,20.12,20.3,20.38,20.13,9.908,366600,0.0,0.0,0.0,0.0188,0.0039
2012-01-02,天晟新材,sz300169,20.5,20.12,20.3,20.38,20.38,9.908,366600,0.0,0.0,0.0,0.0186,0.0039
2012-01-03,天晟新材,sz300169,20.5,20.12,20.3,20.38,20.38,9.908,366600,0.0,0.0,0.0,0.0186,0.0039
2012-01-04,天晟新材,sz300169,21.39,20.0,20.98,20.0,20.38,9.723,706200,0.0,0.0,0.0,0.0682,-0.0467
2012-01-05,天晟新材,sz300169,20.18,18.9,19.7,18.9,20.0,9.189,1145500,0.0,0.0,0.0,0.064,-0.0406
2012-01-06,天晟新材,sz300169,18.99,17.01,18.99,17.55,18.9,8.532,3118200,0.0,0.0,0.0,0.1047,-0.0758
2012-01-09,天晟新材,sz300169,18.2,16.85,17.86,18.03,17.55,8.766,1376500,0.0,0.0,0.0,0.0769,0.0095
2012-01-10,天晟新材,sz300169,19.36,17.82,17.82,19.14,18.03,9.305,1973800,0.0,0.0,0.0,0.0854,0.074
2012-01-11,天晟新材,sz300169,19.4,18.7,19.1,18.87,19.14,9.174,1190400,0.0,0.0,0.0,0.0365,-0.012
2012-01-12,天晟新材,sz300169,19.09,18.51,18.71,18.51,18.87,8.999,754300,0.0,0.0,0.0,0.0307,-0.0106
2012-01-13,天晟新材,sz300169,18.5,16.66,18.4,16.79,18.51,8.163,1891000,0.0,0.0,0.0,0.0994,-0.0874
2012-01-16,天晟新材,sz300169,16.79,16.79,16.79,16.79,16.79,8.163,0,0.0,0.0,0.0,0.0,0.0
2012-01-17,天晟新材,sz300169,17.48,15.31,16.18,17.24,16.79,8.382,1381200,0.0,0.0,0.0,0.1292,0.0655
2012-01-18,天晟新材,sz300169,17.3,15.52,17.16,15.52,17.24,7.545,2941200,0.0,0.0,0.0,0.1032,-0.0955
2012-01-19,天晟新材,sz300169,15.27,14.67,15.05,15.1,15.52,7.341,3497000,0.0,0.0,0.0,0.0386,0.0033
2012-01-20,天晟新材,sz300169,15.38,14.9,14.96,15.26,15.1,7.419,1558700,0.0,0.0,0.0,0.0317,0.02
2012-01-23,天晟新材,sz300169,15.26,15.26,15.26,15.26,15.26,7.419,0,0.0,0.0,0.0,0.0,0.0
2012-01-24,天晟新材,sz300169,15.26,15.26,15.26,15.26,15.26,7.419,0,0.0,0.0,0.0,0.0,0.0
2012-01-25,天晟新材,sz300169,15.26,15.26,15.26,15.26,15.26,7.419,0,0.0,0.0,0.0,0.0,0.0
2012-01-26,天晟新材,sz300169,15.26,15.26,15.26,15.26,15.26,7.419,0,0.0,0.0,0.0,0.0,0.0
2012-01-27,天晟新材,sz300169,15.26,15.26,15.26,15.26,15.26,7.419,0,0.0,0.0,0.0,0.0,0.0
2012-01-30,天晟新材,sz300169,16.78,15.36,15.36,16.6,15.26,8.07,4811300,0.0,0.0,0.0,0.093,0.0807
2012-01-31,天晟新材,sz300169,16.5,16.02,16.5,16.36,16.6,7.954,3971000,0.0,0.0,0.0,0.0289,-0.0084
2012-02-01,天晟新材,sz300169,16.88,16.16,16.16,16.47,16.36,8.007,2639600,0.0,0.0,0.0,0.044,0.0191
2012-02-02,天晟新材,sz300169,16.79,16.11,16.48,16.79,16.47,8.163,2479000,0.0,0.0,0.0,0.0412,0.0188
2012-02-03,天晟新材,sz300169,17.47,16.6,16.6,17.17,16.79,8.348,4169400,0.0,0.0,0.0,0.0518,0.0343
2012-02-06,天晟新材,sz300169,17.55,16.91,17.1,17.18,17.17,8.352,2501600,0.0,0.0,0.0,0.0372,0.0046
2012-02-07,天晟新材,sz300169,17.15,16.38,16.93,16.56,17.18,8.051,1724900,0.0,0.0,0.0,0.0448,-0.0218
2012-02-08,天晟新材,sz300169,17.1,16.51,16.6,17.1,16.56,8.314,2264100,0.0,0.0,0.0,0.0356,0.0301
2012-02-09,天晟新材,sz300169,17.28,16.87,17.1,16.9,17.1,8.216,4882300,0.0,0.0,0.0,0.0239,-0.0116
2012-02-10,天晟新材,sz300169,17.1,16.67,16.92,17.0,16.9,8.265,2999100,0.0,0.0,0.0,0.0254,0.0047
2012-02-13,天晟新材,sz300169,17.47,17.0,17.1,17.38,17.0,8.45,5080100,0.0,0.0,0.0,0.0276,0.0163
2012-02-14,天晟新材,sz300169,17.34,16.85,17.17,16.91,17.38,8.221,4388100,0.0,0.0,0.0,0.0281,-0.0151
2012-02-15,天晟新材,sz300169,17.38,16.81,16.87,17.37,16.91,8.445,6051400,0.0,0.0,0.0,0.0337,0.0296
2012-02-16,天晟新材,sz300169,17.74,17.28,17.3,17.6,17.37,8.557,7203200,0.0,0.0,0.0,0.0264,0.0173
2012-02-17,天晟新材,sz300169,18.24,17.15,17.69,18.14,17.6,8.819,9718000,0.0,0.0,0.0,0.0619,0.0254
2012-02-20,天晟新材,sz300169,18.21,17.89,18.2,17.92,18.14,8.712,6972900,0.0,0.0,0.0,0.0176,-0.0153
2012-02-21,天晟新材,sz300169,17.96,17.39,17.8,17.94,17.92,8.722,5219600,0.0,0.0,0.0,0.0318,0.0078
2012-02-22,天晟新材,sz300169,18.77,17.94,18.0,18.48,17.94,8.984,7751100,0.0,0.0,0.0,0.0462,0.0266
2012-02-23,天晟新材,sz300169,19.29,18.4,18.47,18.68,18.48,9.082,6887000,0.0,0.0,0.0,0.0481,0.0113
2012-02-24,天晟新材,sz300169,19.25,18.68,18.76,18.99,18.68,9.232,5514100,0.0,0.0,0.0,0.0305,0.0122
2012-02-27,天晟新材,sz300169,19.55,18.62,19.0,18.97,18.99,9.223,7044700,0.0,0.0,0.0,0.0489,-0.0015
2012-02-28,天晟新材,sz300169,18.93,18.36,18.81,18.51,18.97,8.999,4209500,0.0,0.0,0.0,0.03,-0.0159
2012-02-29,天晟新材,sz300169,18.9,18.3,18.38,18.32,18.51,8.907,3031800,0.0,0.0,0.0,0.0324,-0.0032
2012-03-01,天晟新材,sz300169,18.65,18.21,18.32,18.5,18.32,8.994,2692100,0.0,0.0,0.0,0.024,0.0098
2012-03-02,天晟新材,sz300169,18.84,18.4,18.49,18.77,18.5,9.125,2401300,0.0,0.0,0.0,0.0237,0.0151
2012-03-05,天晟新材,sz300169,18.93,18.46,18.93,18.49,18.77,8.989,3324800,0.0,0.0,0.0,0.025,-0.0232
2012-03-06,天晟新材,sz300169,18.5,17.89,18.5,18.0,18.49,8.751,2948200,0.0,0.0,0.0,0.0329,-0.027
2012-03-07,天晟新材,sz300169,18.21,17.56,17.7,17.91,18.0,8.707,2440000,0.0,0.0,0.0,0.0361,0.0118
2012-03-08,天晟新材,sz300169,18.34,17.87,17.91,18.19,17.91,8.843,2252700,0.0,0.0,0.0,0.0262,0.0156
2012-03-09,天晟新材,sz300169,18.74,18.2,18.25,18.69,18.19,9.087,2417100,0.0,0.0,0.0,0.0296,0.0241
2012-03-12,天晟新材,sz300169,19.01,18.55,18.88,18.98,18.69,9.228,3798100,0.0,0.0,0.0,0.0246,0.0052
2012-03-13,天晟新材,sz300169,20.38,18.81,18.89,20.26,18.98,9.85,8045800,0.0,0.0,0.0,0.0827,0.0725
2012-03-14,天晟新材,sz300169,20.15,18.5,20.15,19.13,20.26,9.3,7155000,0.0,0.0,0.0,0.0814,-0.0506
2012-03-15,天晟新材,sz300169,19.47,18.48,19.29,19.27,19.13,9.369,4957800,0.0,0.0,0.0,0.0517,-0.001
2012-03-16,天晟新材,sz300169,20.63,19.32,19.32,20.19,19.27,9.816,10551800,0.0,0.0,0.0,0.0679,0.045
2012-03-19,天晟新材,sz300169,21.5,20.12,20.69,20.88,20.19,10.151,15867200,0.0,0.0,0.0,0.0683,0.0091
2012-03-20,天晟新材,sz300169,20.64,20.0,20.55,20.03,20.88,9.738,6402100,0.0,0.0,0.0,0.0306,-0.0253
2012-03-21,天晟新材,sz300169,20.34,19.3,20.0,19.78,20.03,9.616,4589000,0.0,0.0,0.0,0.0519,-0.0109
2012-03-22,天晟新材,sz300169,20.02,19.52,19.76,19.85,19.78,9.651,2410400,0.0,0.0,0.0,0.0252,0.0045
2012-03-23,天晟新材,sz300169,19.88,19.15,19.88,19.19,19.85,9.33,2888000,0.0,0.0,0.0,0.0367,-0.0347
2012-03-26,天晟新材,sz300169,19.4,19.09,19.19,19.25,19.19,9.359,1612400,0.0,0.0,0.0,0.0161,0.0031
2012-03-27,天晟新材,sz300169,19.44,18.72,19.39,18.72,19.25,9.101,2631600,0.0,0.0,0.0,0.0374,-0.0345
2012-03-28,天晟新材,sz300169,18.62,17.0,18.62,17.12,18.72,8.323,4298900,0.0,0.0,0.0,0.0865,-0.0805
2012-03-29,天晟新材,sz300169,17.28,16.4,17.02,16.68,17.12,8.109,2413400,0.0,0.0,0.0,0.0514,-0.0199
2012-03-30,天晟新材,sz300169,16.85,16.49,16.78,16.64,16.68,8.09,1279900,0.0,0.0,0.0,0.0215,-0.0083
2012-04-02,天晟新材,sz300169,16.64,16.64,16.64,16.64,16.64,8.09,0,0.0,0.0,0.0,0.0,0.0
2012-04-03,天晟新材,sz300169,16.64,16.64,16.64,16.64,16.64,8.09,0,0.0,0.0,0.0,0.0,0.0
2012-04-04,天晟新材,sz300169,16.64,16.64,16.64,16.64,16.64,8.09,0,0.0,0.0,0.0,0.0,0.0
2012-04-05,天晟新材,sz300169,17.24,16.6,16.6,17.17,16.64,8.348,2042100,0.0,0.0,0.0,0.0384,0.0343
2012-04-06,天晟新材,sz300169,17.65,17.0,17.2,17.5,17.17,8.508,2438900,0.0,0.0,0.0,0.0378,0.0174
2012-04-09,天晟新材,sz300169,17.65,17.24,17.39,17.29,17.5,8.406,1138800,0.0,0.0,0.0,0.0234,-0.0057
2012-04-10,天晟新材,sz300169,17.29,17.29,17.29,17.29,17.29,8.406,0,0.0,0.0,0.0,0.0,0.0
2012-04-11,天晟新材,sz300169,17.93,17.27,17.43,17.8,17.29,8.654,2466400,0.0,0.0,0.0,0.0381,0.0212
2012-04-12,天晟新材,sz300169,18.18,17.5,17.82,18.05,17.8,8.775,2192100,0.0,0.0,0.0,0.0382,0.0129
2012-04-13,天晟新材,sz300169,18.24,17.88,18.08,17.9,18.05,8.702,1751800,0.0,0.0,0.0,0.0199,-0.0099
2012-04-16,天晟新材,sz300169,17.92,17.56,17.85,17.66,17.9,8.586,1847500,0.0,0.0,0.0,0.0201,-0.0106
2012-04-17,天晟新材,sz300169,17.72,17.4,17.66,17.59,17.66,8.552,1350800,0.0,0.0,0.0,0.0181,-0.0039
2012-04-18,天晟新材,sz300169,18.18,17.58,17.7,18.1,17.59,8.8,1934000,0.0,0.0,0.0,0.0341,0.0225
2012-04-19,天晟新材,sz300169,18.18,17.91,18.08,18.1,18.1,8.8,1351400,0.0,0.0,0.0,0.0149,0.0011
2012-04-20,天晟新材,sz300169,18.29,17.91,17.91,18.13,18.1,8.814,1848600,0.0,0.0,0.0,0.0209,0.0122
2012-04-23,天晟新材,sz300169,18.14,16.5,17.92,16.7,18.13,8.119,4442800,0.0,0.0,0.0,0.0904,-0.068
2012-04-24,天晟新材,sz300169,16.88,15.8,16.5,16.45,16.7,7.998,2079400,0.0,0.0,0.0,0.0646,-0.003
2012-04-25,天晟新材,sz300169,16.57,16.18,16.57,16.4,16.45,7.973,1647700,0.0,0.0,0.0,0.0237,-0.0102
2012-04-26,天晟新材,sz300169,16.68,16.18,16.68,16.2,16.4,7.876,1425400,0.0,0.0,0.0,0.0304,-0.0287
2012-04-27,天晟新材,sz300169,16.44,16.1,16.3,16.3,16.2,7.925,1122700,0.0,0.0,0.0,0.0209,0.0
2012-04-30,天晟新材,sz300169,16.3,16.3,16.3,16.3,16.3,7.925,0,0.0,0.0,0.0,0.0,0.0
2012-05-01,天晟新材,sz300169,16.3,16.3,16.3,16.3,16.3,7.925,0,0.0,0.0,0.0,0.0,0.0
2012-05-02,天晟新材,sz300169,16.97,16.4,16.57,16.74,16.3,8.139,2115000,0.0,0.0,0.0,0.0349,0.0102
2012-05-03,天晟新材,sz300169,16.94,16.5,16.79,16.88,16.74,8.207,1558000,0.0,0.0,0.0,0.0262,0.0053
2012-05-04,天晟新材,sz300169,17.36,16.75,16.75,17.34,16.88,8.43,1982000,0.0,0.0,0.0,0.0361,0.0352
2012-05-07,天晟新材,sz300169,18.08,17.17,17.31,18.08,17.34,8.79,3198000,0.0,0.0,0.0,0.0524,0.0444
2012-05-08,天晟新材,sz300169,18.17,17.8,18.1,17.88,18.08,8.693,1898600,0.0,0.0,0.0,0.0204,-0.0121
2012-05-09,天晟新材,sz300169,17.89,17.43,17.89,17.5,17.88,8.508,1710900,0.0,0.0,0.0,0.0257,-0.0217
2012-05-10,天晟新材,sz300169,17.93,17.4,17.53,17.92,17.5,8.712,1473200,0.0,0.0,0.0,0.0302,0.0222
2012-05-11,天晟新材,sz300169,18.17,17.63,17.95,17.63,17.92,8.571,1565700,0.0,0.0,0.0,0.0301,-0.0178
2012-05-14,天晟新材,sz300169,17.8,17.11,17.8,17.19,17.63,8.357,1500100,0.0,0.0,0.0,0.0391,-0.0342
2012-05-15,天晟新材,sz300169,16.95,16.52,16.91,16.9,17.19,8.216,1407200,0.0,0.0,0.0,0.025,-5.0E-4
2012-05-16,天晟新材,sz300169,17.8,16.75,16.84,17.29,16.9,8.406,2505200,0.0,0.0,0.0,0.0621,0.0267
2012-05-17,天晟新材,sz300169,17.71,17.01,17.11,17.67,17.29,8.591,2075400,0.0,0.0,0.0,0.0404,0.0327
2012-05-18,天晟新材,sz300169,17.7,17.09,17.57,17.35,17.67,8.435,1350800,0.0,0.0,0.0,0.0345,-0.0125
2012-05-21,天晟新材,sz300169,17.73,17.2,17.29,17.54,17.35,8.527,979200,0.0,0.0,0.0,0.0305,0.0144
2012-05-22,天晟新材,sz300169,17.96,17.59,17.59,17.95,17.54,8.727,1955300,0.0,0.0,0.0,0.021,0.0204
2012-05-23,天晟新材,sz300169,17.99,17.4,17.85,17.89,17.95,8.698,1891600,0.0,0.0,0.0,0.0328,0.0022
2012-05-24,天晟新材,sz300169,17.94,17.7,17.83,17.9,17.89,8.702,2358700,0.0,0.0,0.0,0.0134,0.0039
2012-05-25,天晟新材,sz300169,18.47,17.35,18.37,17.43,17.9,8.474,3668900,0.0,0.0,0.0,0.0625,-0.0511
2012-05-28,天晟新材,sz300169,17.31,16.31,17.02,17.22,17.43,8.372,2143100,0.0,0.0,0.0,0.0573,0.0117
2012-05-29,天晟新材,sz300169,17.7,17.05,17.09,17.55,17.22,8.532,1892200,0.0,0.0,0.0,0.0377,0.0269
2012-05-30,天晟新材,sz300169,17.7,17.38,17.6,17.66,17.55,8.586,1488800,0.0,0.0,0.0,0.0182,0.0034
2012-05-31,天晟新材,sz300169,18.15,17.61,17.68,18.08,17.66,8.79,4835500,0.0,0.0,0.0,0.0305,0.0226
2012-06-01,天晟新材,sz300169,8.95,8.56,8.95,8.57,18.08,8.57,2664500,0.0,0.0,0.0,0.0215,-0.0424
2012-06-04,天晟新材,sz300169,8.55,7.98,8.55,8.03,8.57,8.03,2727700,0.0,0.0,0.0,0.0665,-0.0608
2012-06-05,天晟新材,sz300169,8.17,8.0,8.09,8.09,8.03,8.09,1443400,0.0,0.0,0.0,0.0211,0.0
2012-06-06,天晟新材,sz300169,8.15,7.88,8.06,7.91,8.09,7.91,931700,0.0,0.0,0.0,0.0333,-0.0186
2012-06-07,天晟新材,sz300169,8.06,7.91,8.06,7.93,7.91,7.93,906700,0.0,0.0,0.0,0.0189,-0.0161
2012-06-08,天晟新材,sz300169,8.09,7.91,8.01,8.03,7.93,8.03,864500,0.0,0.0,0.0,0.0226,0.0024
2012-06-11,天晟新材,sz300169,8.18,7.92,8.05,8.16,8.03,8.16,958500,0.0,0.0,0.0,0.0323,0.0136
2012-06-12,天晟新材,sz300169,8.14,7.98,8.08,7.98,8.16,7.98,687500,0.0,0.0,0.0,0.0196,-0.0123
2012-06-13,天晟新材,sz300169,8.14,7.98,8.0,8.14,7.98,8.14,1358700,0.0,0.0,0.0,0.02,0.0175
2012-06-14,天晟新材,sz300169,8.13,7.98,8.11,7.99,8.14,7.99,1088300,0.0,0.0,0.0,0.0184,-0.0147
2012-06-15,天晟新材,sz300169,8.13,7.92,7.99,8.07,7.99,8.07,864500,0.0,0.0,0.0,0.0262,0.01
2012-06-18,天晟新材,sz300169,8.22,8.0,8.08,8.16,8.07,8.16,1157700,0.0,0.0,0.0,0.0272,0.0099
2012-06-19,天晟新材,sz300169,8.16,8.06,8.15,8.1,8.16,8.1,969500,0.0,0.0,0.0,0.0122,-0.0061
2012-06-20,天晟新材,sz300169,8.47,8.07,8.11,8.38,8.1,8.38,2704500,0.0,0.0,0.0,0.0493,0.0332
2012-06-21,天晟新材,sz300169,8.35,8.03,8.35,8.1,8.38,8.1,1648500,0.0,0.0,0.0,0.0381,-0.0299
2012-06-22,天晟新材,sz300169,8.1,8.1,8.1,8.1,8.1,8.1,0,0.0,0.0,0.0,0.0,0.0
2012-06-25,天晟新材,sz300169,8.07,7.65,8.07,7.83,8.1,7.83,1159600,0.0,0.0,0.0,0.0518,-0.0297
2012-06-26,天晟新材,sz300169,7.85,7.52,7.71,7.77,7.83,7.77,877400,0.0,0.0,0.0,0.0421,0.0077
2012-06-27,天晟新材,sz300169,7.93,7.68,7.7,7.77,7.77,7.77,1126100,0.0,0.0,0.0,0.0321,0.009
2012-06-28,天晟新材,sz300169,7.88,7.66,7.78,7.66,7.77,7.66,711600,0.0,0.0,0.0,0.0283,-0.0154
2012-06-29,天晟新材,sz300169,7.77,7.56,7.56,7.75,7.66,7.75,1013400,0.0,0.0,0.0,0.0274,0.0251
2012-07-02,天晟新材,sz300169,7.92,7.65,7.86,7.89,7.75,7.89,1487700,0.0,0.0,0.0,0.0348,0.0038
2012-07-03,天晟新材,sz300169,8.01,7.81,7.9,8.0,7.89,8.0,1165100,0.0,0.0,0.0,0.0253,0.0126
2012-07-04,天晟新材,sz300169,8.0,7.75,8.0,7.8,8.0,7.8,1532300,0.0,0.0,0.0,0.0312,-0.025
2012-07-05,天晟新材,sz300169,7.76,7.53,7.75,7.54,7.8,7.54,765400,0.0,0.0,0.0,0.0294,-0.027
2012-07-06,天晟新材,sz300169,7.64,7.36,7.6,7.59,7.54,7.59,1205000,0.0,0.0,0.0,0.0371,-0.0013
2012-07-09,天晟新材,sz300169,7.56,7.22,7.56,7.22,7.59,7.22,1310500,0.0,0.0,0.0,0.0447,-0.0449
2012-07-10,天晟新材,sz300169,7.23,6.99,7.21,7.03,7.22,7.03,1041200,0.0,0.0,0.0,0.0332,-0.0249
2012-07-11,天晟新材,sz300169,7.1,6.93,7.03,7.1,7.03,7.1,803300,0.0,0.0,0.0,0.0241,0.0099
2012-07-12,天晟新材,sz300169,7.26,6.93,7.12,7.17,7.1,7.17,1034200,0.0,0.0,0.0,0.0464,0.007
2012-07-13,天晟新材,sz300169,7.21,7.03,7.17,7.03,7.17,7.03,603400,0.0,0.0,0.0,0.0251,-0.0195
2012-07-16,天晟新材,sz300169,7.54,7.06,7.27,7.07,7.03,7.07,2240700,0.0,0.0,0.0,0.0682,-0.0275
2012-07-17,天晟新材,sz300169,7.21,6.95,6.95,7.21,7.07,7.21,877000,0.0,0.0,0.0,0.0367,0.0374
2012-07-18,天晟新材,sz300169,7.21,7.05,7.19,7.17,7.21,7.17,701600,0.0,0.0,0.0,0.0221,-0.0027
2012-07-19,天晟新材,sz300169,7.36,7.11,7.17,7.25,7.17,7.25,1040700,0.0,0.0,0.0,0.0348,0.0111
2012-07-20,天晟新材,sz300169,7.65,7.17,7.28,7.39,7.25,7.39,2516200,0.0,0.0,0.0,0.0662,0.0151
2012-07-23,天晟新材,sz300169,7.35,7.17,7.29,7.24,7.39,7.24,924600,0.0,0.0,0.0,0.0243,-0.0068
2012-07-24,天晟新材,sz300169,7.44,7.2,7.2,7.31,7.24,7.31,1033700,0.0,0.0,0.0,0.0331,0.0152
2012-07-25,天晟新材,sz300169,7.44,7.23,7.38,7.31,7.31,7.31,875300,0.0,0.0,0.0,0.0287,-0.0094
2012-07-26,天晟新材,sz300169,7.59,7.25,7.26,7.39,7.31,7.39,1805300,0.0,0.0,0.0,0.0465,0.0179
2012-07-27,天晟新材,sz300169,7.5,7.29,7.48,7.35,7.39,7.35,1040100,0.0,0.0,0.0,0.0284,-0.0173
2012-07-30,天晟新材,sz300169,7.39,7.29,7.36,7.32,7.35,7.32,925900,0.0,0.0,0.0,0.0136,-0.0054
2012-07-31,天晟新材,sz300169,7.46,7.08,7.28,7.33,7.32,7.33,1434800,0.0,0.0,0.0,0.0519,0.0068
2012-08-01,天晟新材,sz300169,7.49,7.27,7.27,7.46,7.33,7.46,1008000,0.0,0.0,0.0,0.03,0.0261
2012-08-02,天晟新材,sz300169,7.73,7.39,7.46,7.67,7.46,7.67,2536400,0.0,0.0,0.0,0.0455,0.0281
2012-08-03,天晟新材,sz300169,7.78,7.6,7.61,7.73,7.67,7.73,1400100,0.0,0.0,0.0,0.0234,0.0157
2012-08-06,天晟新材,sz300169,7.86,7.66,7.73,7.74,7.73,7.74,4550800,0.0,0.0,0.0,0.0258,0.0012
2012-08-07,天晟新材,sz300169,7.9,7.7,7.74,7.84,7.74,7.84,2895700,0.0,0.0,0.0,0.0258,0.0129
2012-08-08,天晟新材,sz300169,7.96,7.62,7.9,7.71,7.84,7.71,1617100,0.0,0.0,0.0,0.0433,-0.024
2012-08-09,天晟新材,sz300169,7.81,7.61,7.73,7.79,7.71,7.79,1535900,0.0,0.0,0.0,0.0259,0.0077
2012-08-10,天晟新材,sz300169,7.84,7.63,7.83,7.72,7.79,7.72,1088600,0.0,0.0,0.0,0.0269,-0.014
2012-08-13,天晟新材,sz300169,7.77,7.3,7.69,7.33,7.72,7.33,1581300,0.0,0.0,0.0,0.0608,-0.0468
2012-08-14,天晟新材,sz300169,7.49,7.25,7.34,7.44,7.33,7.44,1331500,0.0,0.0,0.0,0.0327,0.0136
2012-08-15,天晟新材,sz300169,7.52,7.35,7.42,7.4,7.44,7.4,985800,0.0,0.0,0.0,0.0228,-0.0026
2012-08-16,天晟新材,sz300169,7.51,7.36,7.36,7.45,7.4,7.45,617200,0.0,0.0,0.0,0.0202,0.0122
2012-08-17,天晟新材,sz300169,7.55,7.4,7.44,7.5,7.45,7.5,777000,0.0,0.0,0.0,0.0201,0.008
2012-08-20,天晟新材,sz300169,7.58,7.36,7.48,7.57,7.5,7.57,1418600,0.0,0.0,0.0,0.0293,0.012
2012-08-21,天晟新材,sz300169,7.84,7.49,7.54,7.8,7.57,7.8,2554200,0.0,0.0,0.0,0.0462,0.0344
2012-08-22,天晟新材,sz300169,7.85,7.66,7.72,7.79,7.8,7.79,2238000,0.0,0.0,0.0,0.0243,0.009
2012-08-23,天晟新材,sz300169,7.93,7.71,7.81,7.92,7.79,7.92,2079800,0.0,0.0,0.0,0.0282,0.014
2012-08-24,天晟新材,sz300169,8.09,7.66,7.9,7.69,7.92,7.69,2461600,0.0,0.0,0.0,0.0542,-0.0265
2012-08-27,天晟新材,sz300169,7.72,7.42,7.55,7.47,7.69,7.47,2018000,0.0,0.0,0.0,0.039,-0.0105
2012-08-28,天晟新材,sz300169,7.59,7.31,7.47,7.5,7.47,7.5,733600,0.0,0.0,0.0,0.0374,0.004
2012-08-29,天晟新材,sz300169,7.82,7.37,7.45,7.58,7.5,7.58,1272200,0.0,0.0,0.0,0.06,0.0174
2012-08-30,天晟新材,sz300169,7.59,7.15,7.5,7.25,7.58,7.25,1855200,0.0,0.0,0.0,0.058,-0.0333
2012-08-31,天晟新材,sz300169,7.4,7.17,7.17,7.31,7.25,7.31,732800,0.0,0.0,0.0,0.0317,0.0195
2012-09-03,天晟新材,sz300169,7.51,7.16,7.28,7.44,7.31,7.44,1035900,0.0,0.0,0.0,0.0478,0.0219
2012-09-04,天晟新材,sz300169,7.53,7.31,7.43,7.33,7.44,7.33,825800,0.0,0.0,0.0,0.0295,-0.0134
2012-09-05,天晟新材,sz300169,7.48,7.25,7.33,7.44,7.33,7.44,941300,0.0,0.0,0.0,0.0313,0.015
2012-09-06,天晟新材,sz300169,7.89,7.5,7.69,7.63,7.44,7.63,4530600,0.0,0.0,0.0,0.0524,-0.0078
2012-09-07,天晟新材,sz300169,8.1,7.62,7.74,7.98,7.63,7.98,5980500,0.0,0.0,0.0,0.0629,0.031
2012-09-10,天晟新材,sz300169,8.15,7.93,7.95,8.06,7.98,8.06,4232400,0.0,0.0,0.0,0.0275,0.0138
2012-09-11,天晟新材,sz300169,8.09,7.84,7.99,8.08,8.06,8.08,2745400,0.0,0.0,0.0,0.031,0.0112
2012-09-12,天晟新材,sz300169,8.24,8.02,8.07,8.18,8.08,8.18,3469200,0.0,0.0,0.0,0.0272,0.0136
2012-09-13,天晟新材,sz300169,8.23,7.79,8.2,7.8,8.18,7.8,3209700,0.0,0.0,0.0,0.0537,-0.0487
2012-09-14,天晟新材,sz300169,7.97,7.69,7.88,7.84,7.8,7.84,2405100,0.0,0.0,0.0,0.0358,-0.005
2012-09-17,天晟新材,sz300169,7.89,7.6,7.88,7.62,7.84,7.62,1402500,0.0,0.0,0.0,0.0369,-0.0329
2012-09-18,天晟新材,sz300169,7.98,7.55,7.67,7.81,7.62,7.81,2420600,0.0,0.0,0.0,0.0564,0.0182
2012-09-19,天晟新材,sz300169,7.85,7.71,7.75,7.83,7.81,7.83,1213200,0.0,0.0,0.0,0.0179,0.0103
2012-09-20,天晟新材,sz300169,7.86,7.58,7.8,7.63,7.83,7.63,1449700,0.0,0.0,0.0,0.0357,-0.0217
2012-09-21,天晟新材,sz300169,7.74,7.15,7.57,7.25,7.63,7.25,1660800,0.0,0.0,0.0,0.0773,-0.0422
2012-09-24,天晟新材,sz300169,7.33,6.98,7.2,7.25,7.25,7.25,1533300,0.0,0.0,0.0,0.0482,0.0069
2012-09-25,天晟新材,sz300169,7.24,7.04,7.23,7.04,7.25,7.04,894800,0.0,0.0,0.0,0.0275,-0.0262
2012-09-26,天晟新材,sz300169,7.08,6.82,7.04,6.83,7.04,6.83,859100,0.0,0.0,0.0,0.0369,-0.0298
2012-09-27,天晟新材,sz300169,7.03,6.71,6.85,6.99,6.83,6.99,1270500,0.0,0.0,0.0,0.0468,0.0204
2012-09-28,天晟新材,sz300169,7.14,6.9,6.9,7.11,6.99,7.11,951000,0.0,0.0,0.0,0.0343,0.0304
2012-10-01,天晟新材,sz300169,7.11,7.11,7.11,7.11,7.11,7.11,0,0.0,0.0,0.0,0.0,0.0
2012-10-02,天晟新材,sz300169,7.11,7.11,7.11,7.11,7.11,7.11,0,0.0,0.0,0.0,0.0,0.0
2012-10-03,天晟新材,sz300169,7.11,7.11,7.11,7.11,7.11,7.11,0,0.0,0.0,0.0,0.0,0.0
2012-10-04,天晟新材,sz300169,7.11,7.11,7.11,7.11,7.11,7.11,0,0.0,0.0,0.0,0.0,0.0
2012-10-05,天晟新材,sz300169,7.11,7.11,7.11,7.11,7.11,7.11,0,0.0,0.0,0.0,0.0,0.0
2012-10-08,天晟新材,sz300169,7.15,6.98,7.14,7.03,7.11,7.03,726700,0.0,0.0,0.0,0.0239,-0.0154
2012-10-09,天晟新材,sz300169,7.34,7.06,7.15,7.3,7.03,7.3,1466400,0.0,0.0,0.0,0.0398,0.0209
2012-10-10,天晟新材,sz300169,7.46,7.21,7.37,7.42,7.3,7.42,1687100,0.0,0.0,0.0,0.0342,0.0067
2012-10-11,天晟新材,sz300169,7.56,7.2,7.35,7.33,7.42,7.33,2008800,0.0,0.0,0.0,0.0485,-0.0027
2012-10-12,天晟新材,sz300169,7.44,7.19,7.44,7.28,7.33,7.28,1293400,0.0,0.0,0.0,0.0341,-0.0215
2012-10-15,天晟新材,sz300169,7.19,6.95,7.19,7.11,7.28,7.11,1487500,0.0,0.0,0.0,0.0329,-0.0111
2012-10-16,天晟新材,sz300169,7.17,7.01,7.09,7.05,7.11,7.05,647900,0.0,0.0,0.0,0.0225,-0.0056
2012-10-17,天晟新材,sz300169,7.1,6.98,7.05,7.09,7.05,7.09,1699200,0.0,0.0,0.0,0.017,0.0056
2012-10-18,天晟新材,sz300169,7.2,7.04,7.09,7.14,7.09,7.14,1538300,0.0,0.0,0.0,0.0225,0.007
2012-10-19,天晟新材,sz300169,7.18,7.07,7.15,7.09,7.14,7.09,578000,0.0,0.0,0.0,0.0154,-0.0083
2012-10-22,天晟新材,sz300169,7.12,7.02,7.05,7.1,7.09,7.1,767700,0.0,0.0,0.0,0.0141,0.007
2012-10-23,天晟新材,sz300169,7.13,6.94,7.1,6.97,7.1,6.97,1626600,0.0,0.0,0.0,0.0267,-0.0183
2012-10-24,天晟新材,sz300169,6.97,6.86,6.94,6.87,6.97,6.87,941100,0.0,0.0,0.0,0.0157,-0.01
2012-10-25,天晟新材,sz300169,6.99,6.86,6.93,6.87,6.87,6.87,763400,0.0,0.0,0.0,0.0189,-0.0086
2012-10-26,天晟新材,sz300169,6.87,6.55,6.77,6.58,6.87,6.58,1250500,0.0,0.0,0.0,0.0465,-0.028
2012-10-29,天晟新材,sz300169,6.59,6.32,6.59,6.38,6.58,6.38,1290200,0.0,0.0,0.0,0.041,-0.0318
2012-10-30,天晟新材,sz300169,6.44,6.25,6.36,6.38,6.38,6.38,1026800,0.0,0.0,0.0,0.0297,0.0031
2012-10-31,天晟新材,sz300169,6.5,6.32,6.4,6.41,6.38,6.41,1043500,0.0,0.0,0.0,0.0282,0.0015
2012-11-01,天晟新材,sz300169,6.53,6.37,6.44,6.48,6.41,6.48,1411100,0.0,0.0,0.0,0.0249,0.0062
2012-11-02,天晟新材,sz300169,6.51,6.42,6.5,6.46,6.48,6.46,711900,0.0,0.0,0.0,0.0138,-0.0061
2012-11-05,天晟新材,sz300169,6.48,6.0,6.48,6.14,6.46,6.14,3507300,0.0,0.0,0.0,0.0743,-0.0524
2012-11-06,天晟新材,sz300169,6.13,5.92,6.13,6.05,6.14,6.05,2044600,0.0,0.0,0.0,0.0342,-0.013
2012-11-07,天晟新材,sz300169,6.09,6.0,6.05,6.07,6.05,6.07,1003100,0.0,0.0,0.0,0.0148,0.0033
2012-11-08,天晟新材,sz300169,6.07,5.9,5.98,5.9,6.07,5.9,809800,0.0,0.0,0.0,0.028,-0.0133
2012-11-09,天晟新材,sz300169,5.95,5.82,5.93,5.94,5.9,5.94,720700,0.0,0.0,0.0,0.022,0.0016
2012-11-12,天晟新材,sz300169,6.01,5.93,5.97,5.98,5.94,5.98,536000,0.0,0.0,0.0,0.0134,0.0016
2012-11-13,天晟新材,sz300169,6.11,5.98,6.04,6.01,5.98,6.01,1802200,0.0,0.0,0.0,0.0217,-0.0049
2012-11-14,天晟新材,sz300169,6.01,5.71,6.01,5.85,6.01,5.85,1322200,0.0,0.0,0.0,0.0499,-0.0266
2012-11-15,天晟新材,sz300169,5.82,5.68,5.82,5.7,5.85,5.7,1072900,0.0,0.0,0.0,0.0239,-0.0206
2012-11-16,天晟新材,sz300169,5.75,5.6,5.68,5.64,5.7,5.64,699600,0.0,0.0,0.0,0.0263,-0.007
2012-11-19,天晟新材,sz300169,5.7,5.57,5.61,5.69,5.64,5.69,702100,0.0,0.0,0.0,0.023,0.0142
2012-11-20,天晟新材,sz300169,5.78,5.66,5.72,5.7,5.69,5.7,662200,0.0,0.0,0.0,0.021,-0.0034
2012-11-21,天晟新材,sz300169,5.91,5.65,5.68,5.9,5.7,5.9,1508100,0.0,0.0,0.0,0.0456,0.0387
2012-11-22,天晟新材,sz300169,5.88,5.76,5.87,5.81,5.9,5.81,861000,0.0,0.0,0.0,0.0203,-0.0102
2012-11-23,天晟新材,sz300169,5.85,5.77,5.8,5.82,5.81,5.82,745200,0.0,0.0,0.0,0.0137,0.0034
2012-11-26,天晟新材,sz300169,5.82,5.66,5.82,5.66,5.82,5.66,722000,0.0,0.0,0.0,0.0274,-0.0274
2012-11-27,天晟新材,sz300169,5.66,5.36,5.6,5.36,5.66,5.36,1121400,0.0,0.0,0.0,0.053,-0.0428
2012-11-28,天晟新材,sz300169,5.35,5.14,5.3,5.18,5.36,5.18,987600,0.0,0.0,0.0,0.0391,-0.0226
2012-11-29,天晟新材,sz300169,5.27,5.01,5.24,5.07,5.18,5.07,745700,0.0,0.0,0.0,0.0501,-0.0324
2012-11-30,天晟新材,sz300169,5.15,5.07,5.07,5.11,5.07,5.11,707000,0.0,0.0,0.0,0.0157,0.0078
2012-12-03,天晟新材,sz300169,5.15,4.96,5.06,4.98,5.11,4.98,698600,0.0,0.0,0.0,0.0371,-0.0158
2012-12-04,天晟新材,sz300169,5.17,4.93,4.95,5.11,4.98,5.11,980400,0.0,0.0,0.0,0.0481,0.0323
2012-12-05,天晟新材,sz300169,5.35,5.07,5.13,5.25,5.11,5.25,2492800,0.0,0.0,0.0,0.0547,0.0233
2012-12-06,天晟新材,sz300169,5.78,5.26,5.27,5.78,5.25,5.78,4368100,0.0,0.0,0.0,0.099,0.0967
2012-12-07,天晟新材,sz300169,6.36,5.86,5.9,6.36,5.78,6.36,13898500,0.0,0.0,0.0,0.0865,0.0779
2012-12-10,天晟新材,sz300169,6.83,6.17,6.4,6.63,6.36,6.63,13734300,0.0,0.0,0.0,0.1037,0.0359
2012-12-11,天晟新材,sz300169,6.68,6.36,6.6,6.39,6.63,6.39,9059900,0.0,0.0,0.0,0.0482,-0.0318
2012-12-12,天晟新材,sz300169,6.49,6.19,6.33,6.39,6.39,6.39,6916400,0.0,0.0,0.0,0.0469,0.0094
2012-12-13,天晟新材,sz300169,6.41,6.19,6.31,6.24,6.39,6.24,6135100,0.0,0.0,0.0,0.0344,-0.011
2012-12-14,天晟新材,sz300169,6.74,6.15,6.2,6.54,6.24,6.54,9813300,0.0,0.0,0.0,0.0945,0.0548
2012-12-17,天晟新材,sz300169,6.64,6.35,6.5,6.64,6.54,6.64,7558000,0.0,0.0,0.0,0.0443,0.0215
2012-12-18,天晟新材,sz300169,6.78,6.41,6.61,6.44,6.64,6.44,7095400,0.0,0.0,0.0,0.0557,-0.0257
2012-12-19,天晟新材,sz300169,6.57,6.33,6.39,6.42,6.44,6.42,4039800,0.0,0.0,0.0,0.0372,0.0046
2012-12-20,天晟新材,sz300169,7.06,6.37,6.42,7.06,6.42,7.06,9874100,0.0,0.0,0.0,0.1074,0.0996
2012-12-21,天晟新材,sz300169,7.59,6.95,7.42,7.08,7.06,7.08,17421800,0.0,0.0,0.0,0.0906,-0.0458
2012-12-24,天晟新材,sz300169,7.15,6.73,6.92,6.93,7.08,6.93,10106600,0.0,0.0,0.0,0.0593,0.0014
2012-12-25,天晟新材,sz300169,7.0,6.71,6.79,6.93,6.93,6.93,10273500,0.0,0.0,0.0,0.0418,0.0206
2012-12-26,天晟新材,sz300169,6.98,6.79,6.91,6.98,6.93,6.98,9570300,0.0,0.0,0.0,0.0274,0.0101
2012-12-27,天晟新材,sz300169,7.07,6.69,7.0,6.7,6.98,6.7,6533400,0.0,0.0,0.0,0.0544,-0.0428
2012-12-28,天晟新材,sz300169,6.85,6.54,6.69,6.73,6.7,6.73,4599700,0.0,0.0,0.0,0.0462,0.0059
2012-12-31,天晟新材,sz300169,6.79,6.61,6.72,6.78,6.73,6.78,4179400,0.0,0.0,0.0,0.0267,0.0089
2013-01-04,天晟新材,sz300169,7.46,6.81,6.82,7.05,6.78,21.704203,14302747,0.0,0.0,0.0,0.0958,0.0337
2013-01-07,天晟新材,sz300169,7.76,6.85,6.93,7.76,7.05,23.89001,24526551,0.0,0.0,0.0,0.129,0.1197
2013-01-08,天晟新材,sz300169,8.2,7.46,7.71,7.95,7.76,24.474957,30451287,0.0,0.0,0.0,0.0953,0.0311
2013-01-09,天晟新材,sz300169,7.84,7.45,7.65,7.65,7.95,23.55137,13794648,0.0,0.0,0.0,0.049,0.0
2013-01-10,天晟新材,sz300169,7.68,7.5,7.59,7.58,7.65,23.335875,9314223,0.0,0.0,0.0,0.0235,-0.0013
2013-01-11,天晟新材,sz300169,7.97,7.52,7.6,7.58,7.58,23.335875,13365979,0.0,0.0,0.0,0.0593,-0.0026
2013-01-14,天晟新材,sz300169,7.78,7.38,7.48,7.75,7.58,23.859228,9883272,0.0,0.0,0.0,0.0527,0.036
2013-01-15,天晟新材,sz300169,7.95,7.6,7.7,7.82,7.75,24.074726,12785813,0.0,0.0,0.0,0.0451,0.0155
2013-01-16,天晟新材,sz300169,7.79,7.24,7.76,7.53,7.82,23.181938,10891820,0.0,0.0,0.0,0.0703,-0.0296
2013-01-17,天晟新材,sz300169,7.76,7.45,7.56,7.6,7.53,23.397438,5710762,0.0,0.0,0.0,0.0411,0.0052
2013-01-18,天晟新材,sz300169,7.66,7.4,7.59,7.62,7.6,23.459019,5188672,0.0,0.0,0.0,0.0342,0.0039
2013-01-21,天晟新材,sz300169,7.69,7.5,7.64,7.68,7.62,23.643736,5647349,0.0,0.0,0.0,0.0249,0.0052
2013-01-22,天晟新材,sz300169,7.74,7.25,7.74,7.29,7.68,22.443083,6287189,0.0,0.0,0.0,0.0638,-0.0581
2013-01-23,天晟新材,sz300169,7.28,6.9,7.25,7.15,7.29,22.012087,6029945,0.0,0.0,0.0,0.0521,-0.0137
2013-01-24,天晟新材,sz300169,7.27,6.7,7.14,6.76,7.15,20.811438,5482006,0.0,0.0,0.0,0.0797,-0.0532
2013-01-25,天晟新材,sz300169,6.95,6.76,6.79,6.85,6.76,21.08852,2912207,0.0,0.0,0.0,0.0281,0.0088
2013-01-28,天晟新材,sz300169,7.13,6.85,6.85,7.13,6.85,21.950535,3645848,0.0,0.0,0.0,0.0408,0.0408
2013-01-29,天晟新材,sz300169,7.23,7.08,7.23,7.11,7.13,21.888964,2765240,0.0,0.0,0.0,0.021,-0.0165
2013-01-30,天晟新材,sz300169,7.17,6.98,7.1,7.02,7.11,21.611893,3071425,0.0,0.0,0.0,0.0267,-0.0112
2013-01-31,天晟新材,sz300169,6.85,6.44,6.85,6.66,7.02,20.503592,8834358,0.0,0.0,0.0,0.0584,-0.0277
2013-02-01,天晟新材,sz300169,6.7,6.52,6.56,6.6,6.66,20.318874,4137144,0.0,0.0,0.0,0.027,0.006
2013-02-04,天晟新材,sz300169,6.75,6.55,6.65,6.71,6.6,20.65753,3830351,0.0,0.0,0.0,0.0303,0.009
2013-02-05,天晟新材,sz300169,6.73,6.55,6.71,6.71,6.71,20.65753,3194110,0.0,0.0,0.0,0.0268,0.0
2013-02-06,天晟新材,sz300169,6.79,6.66,6.71,6.74,6.71,20.74989,2692090,0.0,0.0,0.0,0.0193,0.0044
2013-02-07,天晟新材,sz300169,6.95,6.66,6.76,6.9,6.74,21.242472,3117450,0.0,0.0,0.0,0.043,0.0207
2013-02-08,天晟新材,sz300169,7.04,6.86,6.88,6.97,6.9,21.457975,3123260,0.0,0.0,0.0,0.026,0.013
2013-02-18,天晟新材,sz300169,7.04,6.86,7.0,7.02,6.97,21.611916,3332877,0.0,0.0,0.0,0.0258,0.0028
2013-02-19,天晟新材,sz300169,7.01,6.81,7.0,6.83,7.02,21.026968,2602136,0.0,0.0,0.0,0.0284,-0.0242
2013-02-20,天晟新材,sz300169,7.08,6.78,6.83,7.08,6.83,21.796618,3791257,0.0,0.0,0.0,0.0439,0.0366
2013-02-21,天晟新材,sz300169,7.19,6.9,7.04,6.99,7.08,21.519539,5067606,0.0,0.0,0.0,0.0409,-0.0071
2013-02-22,天晟新材,sz300169,7.16,6.88,6.96,7.11,6.99,21.888966,3939438,0.0,0.0,0.0,0.04,0.0215
2013-02-25,天晟新材,sz300169,7.19,7.04,7.12,7.16,7.11,22.042889,3312741,0.0,0.0,0.0,0.021,0.0056
2013-02-26,天晟新材,sz300169,7.2,6.89,7.12,6.91,7.16,21.27324,3989621,0.0,0.0,0.0,0.0432,-0.0294
2013-02-27,天晟新材,sz300169,7.04,6.69,6.91,6.71,6.91,20.657507,3313149,0.0,0.0,0.0,0.0506,-0.0289
2013-02-28,天晟新材,sz300169,6.82,6.6,6.71,6.82,6.71,20.996145,3590124,0.0,0.0,0.0,0.0327,0.0163
2013-03-01,天晟新材,sz300169,7.15,6.79,6.85,7.11,6.82,21.888943,6111845,0.0,0.0,0.0,0.0527,0.0379
2013-03-04,天晟新材,sz300169,7.05,6.66,7.04,6.74,7.11,20.749865,4858884,0.0,0.0,0.0,0.0548,-0.0426
2013-03-05,天晟新材,sz300169,6.96,6.66,6.7,6.96,6.74,21.42716,2842525,0.0,0.0,0.0,0.0445,0.0388
2013-03-06,天晟新材,sz300169,7.14,6.91,6.91,7.09,6.96,21.827377,7207443,0.0,0.0,0.0,0.033,0.026
2013-03-07,天晟新材,sz300169,7.16,6.91,7.1,7.03,7.09,21.642653,4863317,0.0,0.0,0.0,0.0352,-0.0098
2013-03-08,天晟新材,sz300169,7.2,7.0,7.03,7.2,7.03,22.166014,5501493,0.0,0.0,0.0,0.0284,0.0241
2013-03-11,天晟新材,sz300169,7.28,7.07,7.25,7.09,7.2,21.827362,4674824,0.0,0.0,0.0,0.0291,-0.022
2013-03-12,天晟新材,sz300169,7.06,6.55,7.04,6.64,7.09,20.441978,5070030,0.0,0.0,0.0,0.0719,-0.0568
2013-03-13,天晟新材,sz300169,6.65,6.34,6.59,6.48,6.64,19.94941,3115898,0.0,0.0,0.0,0.0466,-0.0166
2013-03-14,天晟新材,sz300169,6.57,6.42,6.42,6.47,6.48,19.918627,1800176,0.0,0.0,0.0,0.0231,0.0077
2013-03-15,天晟新材,sz300169,6.58,6.3,6.45,6.48,6.47,19.94942,2749817,0.0,0.0,0.0,0.0432,0.0046
2013-03-18,天晟新材,sz300169,6.48,6.21,6.48,6.21,6.48,19.118189,2261436,0.0,0.0,0.0,0.0416,-0.0416
2013-03-19,天晟新材,sz300169,6.25,5.94,6.2,6.09,6.21,18.748749,2790086,0.0,0.0,0.0,0.0499,-0.0177
2013-03-20,天晟新材,sz300169,6.34,6.06,6.09,6.3,6.09,19.395262,2457693,0.0,0.0,0.0,0.0459,0.0344
2013-03-21,天晟新材,sz300169,6.41,6.26,6.32,6.38,6.3,19.641542,2781031,0.0,0.0,0.0,0.0238,0.0094
2013-03-22,天晟新材,sz300169,6.45,6.31,6.33,6.4,6.38,19.70312,2875928,0.0,0.0,0.0,0.0219,0.011
2013-03-25,天晟新材,sz300169,6.45,6.28,6.45,6.3,6.4,19.395258,2308613,0.0,0.0,0.0,0.0265,-0.0232
2013-03-26,天晟新材,sz300169,6.32,6.12,6.32,6.14,6.3,18.902678,2380230,0.0,0.0,0.0,0.0317,-0.0284
2013-03-27,天晟新材,sz300169,6.23,6.1,6.15,6.15,6.14,18.93347,1513681,0.0,0.0,0.0,0.0211,0.0
2013-03-28,天晟新材,sz300169,6.13,5.94,6.13,5.96,6.15,18.34854,2454480,0.0,0.0,0.0,0.0308,-0.0277
2013-03-29,天晟新材,sz300169,6.16,5.98,6.02,6.01,5.96,18.502464,1353706,0.0,0.0,0.0,0.0302,-0.0016
2013-04-01,天晟新材,sz300169,6.15,5.95,5.96,6.08,6.01,18.717962,1134252,0.0,0.0,0.0,0.0332,0.0201
2013-04-02,天晟新材,sz300169,6.2,6.08,6.09,6.14,6.08,18.902672,1332881,0.0,0.0,0.0,0.0197,0.0082
2013-04-03,天晟新材,sz300169,6.08,5.78,6.03,5.85,6.14,18.00988,4579876,0.0,0.0,0.0,0.0488,-0.0298
2013-04-08,天晟新材,sz300169,5.9,5.62,5.7,5.86,5.85,18.040659,1875889,0.0,0.0,0.0,0.0478,0.028
2013-04-09,天晟新材,sz300169,6.34,5.98,5.98,6.11,5.86,18.810308,5446422,0.0,0.0,0.0,0.0614,0.0217
2013-04-10,天晟新材,sz300169,6.05,5.9,6.01,5.92,6.11,18.225365,2599418,0.0,0.0,0.0,0.0245,-0.0149
2013-04-11,天晟新材,sz300169,5.96,5.79,5.93,5.82,5.92,17.917501,1719857,0.0,0.0,0.0,0.0287,-0.0185
2013-04-12,天晟新材,sz300169,5.9,5.79,5.79,5.81,5.82,17.88672,1108802,0.0,0.0,0.0,0.0189,0.0034
2013-04-15,天晟新材,sz300169,5.88,5.75,5.78,5.79,5.81,17.825153,1245471,0.0,0.0,0.0,0.0223,0.0017
2013-04-16,天晟新材,sz300169,5.9,5.67,5.73,5.9,5.79,18.163795,913007,0.0,0.0,0.0,0.0397,0.0296
2013-04-17,天晟新材,sz300169,5.97,5.82,5.82,5.96,5.9,18.348503,956676,0.0,0.0,0.0,0.0254,0.024
2013-04-18,天晟新材,sz300169,6.03,5.9,5.94,5.97,5.96,18.379292,1375723,0.0,0.0,0.0,0.0218,0.005
2013-04-19,天晟新材,sz300169,6.21,6.03,6.04,6.09,5.97,18.748735,3341418,0.0,0.0,0.0,0.0301,0.0082
2013-04-22,天晟新材,sz300169,6.19,5.95,6.0,6.16,6.09,18.964233,2200378,0.0,0.0,0.0,0.0394,0.0266
2013-04-23,天晟新材,sz300169,6.15,5.88,6.15,5.9,6.16,18.16379,2085877,0.0,0.0,0.0,0.0438,-0.0406
2013-04-24,天晟新材,sz300169,5.97,5.78,5.89,5.93,5.9,18.256153,2232387,0.0,0.0,0.0,0.0322,0.0067
2013-04-25,天晟新材,sz300169,5.93,5.64,5.93,5.64,5.93,17.363354,2675080,0.0,0.0,0.0,0.0489,-0.0489
2013-04-26,天晟新材,sz300169,5.68,5.41,5.68,5.41,5.64,16.655277,1557174,0.0,0.0,0.0,0.0478,-0.0475
2013-05-02,天晟新材,sz300169,5.45,5.29,5.39,5.4,5.41,16.624498,1205277,0.0,0.0,0.0,0.0295,0.0018
2013-05-03,天晟新材,sz300169,5.58,5.4,5.4,5.5,5.4,16.932367,1567762,0.0,0.0,0.0,0.0333,0.0185
2013-05-06,天晟新材,sz300169,5.64,5.47,5.5,5.56,5.5,17.117083,1695079,0.0,0.0,0.0,0.0309,0.0109
2013-05-07,天晟新材,sz300169,5.69,5.48,5.56,5.65,5.56,17.394156,2988863,0.0,0.0,0.0,0.0377,0.0161
2013-05-08,天晟新材,sz300169,5.7,5.55,5.68,5.66,5.65,17.424944,2510123,0.0,0.0,0.0,0.0265,-0.0035
2013-05-09,天晟新材,sz300169,5.93,5.58,5.65,5.86,5.66,18.040672,4137649,0.0,0.0,0.0,0.0618,0.0371
2013-05-10,天晟新材,sz300169,6.16,5.59,5.76,5.97,5.86,18.379313,8836716,0.0,0.0,0.0,0.0972,0.0364
2013-05-13,天晟新材,sz300169,6.04,5.81,5.9,5.88,5.97,18.102245,6016871,0.0,0.0,0.0,0.0385,-0.0033
2013-05-14,天晟新材,sz300169,5.97,5.73,5.97,5.8,5.88,17.855965,2448617,0.0,0.0,0.0,0.0408,-0.0284
2013-05-15,天晟新材,sz300169,5.95,5.78,5.81,5.92,5.8,18.225403,4017978,0.0,0.0,0.0,0.0293,0.0189
2013-05-16,天晟新材,sz300169,5.95,5.85,5.92,5.86,5.92,18.04069,4075152,0.0,0.0,0.0,0.0168,-0.0101
2013-05-17,天晟新材,sz300169,5.95,5.79,5.86,5.94,5.86,18.286982,3775951,0.0,0.0,0.0,0.0273,0.0136
2013-05-20,天晟新材,sz300169,6.14,5.93,6.0,6.08,5.94,18.717987,3880312,0.0,0.0,0.0,0.0353,0.0133
2013-05-21,天晟新材,sz300169,6.15,6.03,6.15,6.11,6.08,18.81034,4081206,0.0,0.0,0.0,0.0197,-0.0065
2013-05-22,天晟新材,sz300169,6.13,5.95,6.09,6.04,6.11,18.594831,4386258,0.0,0.0,0.0,0.0294,-0.0082
2013-05-23,天晟新材,sz300169,6.12,5.95,6.06,6.12,6.04,18.84112,5195260,0.0,0.0,0.0,0.0281,0.0099
2013-05-24,天晟新材,sz300169,6.29,6.06,6.15,6.22,6.12,19.148983,6146063,0.0,0.0,0.0,0.0375,0.0113
2013-05-27,天晟新材,sz300169,6.28,6.11,6.24,6.19,6.22,19.056627,3534267,0.0,0.0,0.0,0.0273,-0.008
2013-05-28,天晟新材,sz300169,6.26,5.98,6.19,6.06,6.19,18.6564,4120105,0.0,0.0,0.0,0.0452,-0.021
2013-05-29,天晟新材,sz300169,6.18,6.05,6.1,6.1,6.06,18.779552,3018824,0.0,0.0,0.0,0.0214,0.0
2013-05-30,天晟新材,sz300169,6.21,6.11,6.13,6.16,6.1,18.964268,3357737,0.0,0.0,0.0,0.0163,0.0048
2013-05-31,天晟新材,sz300169,6.18,6.02,6.18,6.03,6.16,18.564045,3087075,0.0,0.0,0.0,0.0259,-0.0242
2013-06-03,天晟新材,sz300169,6.06,5.9,5.96,5.91,6.03,18.19462,3266451,0.0,0.0,0.0,0.0265,-0.0083
2013-06-04,天晟新材,sz300169,5.92,5.67,5.89,5.72,5.91,17.609682,3183791,0.0,0.0,0.0,0.0423,-0.0288
2013-06-05,天晟新材,sz300169,5.83,5.69,5.7,5.75,5.72,17.702045,1764733,0.0,0.0,0.0,0.0244,0.0087
2013-06-06,天晟新材,sz300169,5.81,5.69,5.76,5.7,5.75,17.548107,1948529,0.0,0.0,0.0,0.0208,-0.0104
2013-06-07,天晟新材,sz300169,5.77,5.58,5.67,5.7,5.7,17.548107,1990028,0.0,0.0,0.0,0.0333,0.0052
2013-06-13,天晟新材,sz300169,5.62,5.3,5.55,5.51,5.7,16.963177,2072848,0.0,0.0,0.0,0.0561,-0.0072
2013-06-14,天晟新材,sz300169,5.7,5.37,5.45,5.65,5.51,17.394176,1726260,0.0,0.0,0.0,0.0598,0.0366
2013-06-17,天晟新材,sz300169,5.95,5.65,5.85,5.66,5.65,17.424965,2251519,0.0,0.0,0.0,0.053,-0.0324
2013-06-18,天晟新材,sz300169,5.74,5.53,5.69,5.66,5.66,17.424965,2168932,0.0,0.0,0.0,0.0371,-0.0052
2013-06-19,天晟新材,sz300169,5.68,5.55,5.63,5.67,5.66,17.455755,922468,0.0,0.0,0.0,0.0229,0.0071
2013-06-20,天晟新材,sz300169,5.72,5.54,5.65,5.56,5.67,17.117113,1744518,0.0,0.0,0.0,0.0317,-0.0159
2013-06-21,天晟新材,sz300169,5.66,5.41,5.53,5.57,5.56,17.147907,1315839,0.0,0.0,0.0,0.0449,0.0072
2013-06-24,天晟新材,sz300169,5.8,5.13,5.63,5.33,5.57,16.409039,1935962,0.0,0.0,0.0,0.1202,-0.0532
2013-06-25,天晟新材,sz300169,5.34,4.96,5.27,5.21,5.33,16.039604,2575165,0.0,0.0,0.0,0.0712,-0.0113
2013-06-26,天晟新材,sz300169,5.73,5.4,5.4,5.55,5.21,17.086332,11331008,0.0,0.0,0.0,0.0633,0.0277
2013-06-27,天晟新材,sz300169,5.42,5.2,5.3,5.23,5.55,16.10117,6945496,0.0,0.0,0.0,0.0396,-0.0132
2013-06-28,天晟新材,sz300169,5.23,4.96,5.1,5.08,5.23,15.639372,3263618,0.0,0.0,0.0,0.0516,-0.0039
2013-07-01,天晟新材,sz300169,5.18,4.99,5.09,5.16,5.08,15.88566,1995735,0.0,0.0,0.0,0.0374,0.0137
2013-07-02,天晟新材,sz300169,5.27,5.05,5.13,5.24,5.16,16.131952,2915287,0.0,0.0,0.0,0.0426,0.0214
2013-07-03,天晟新材,sz300169,5.32,5.05,5.16,5.14,5.24,15.82409,1913877,0.0,0.0,0.0,0.0515,-0.0038
2013-07-04,天晟新材,sz300169,5.23,5.08,5.12,5.17,5.14,15.916455,1458538,0.0,0.0,0.0,0.0291,0.0097
2013-07-05,天晟新材,sz300169,5.33,5.15,5.24,5.15,5.17,15.85489,2326615,0.0,0.0,0.0,0.0348,-0.0171
2013-07-08,天晟新材,sz300169,5.11,4.88,5.11,5.02,5.15,15.454665,1757530,0.0,0.0,0.0,0.0446,-0.0176
2013-07-09,天晟新材,sz300169,5.14,4.95,5.06,5.14,5.02,15.824094,1452340,0.0,0.0,0.0,0.0378,0.0158
2013-07-10,天晟新材,sz300169,5.26,5.1,5.11,5.24,5.14,16.13195,1466013,0.0,0.0,0.0,0.0311,0.0254
2013-07-11,天晟新材,sz300169,5.37,5.25,5.25,5.33,5.24,16.409033,2730128,0.0,0.0,0.0,0.0229,0.0152
2013-07-12,天晟新材,sz300169,5.45,5.2,5.33,5.21,5.33,16.0396,2475066,0.0,0.0,0.0,0.0469,-0.0225
2013-07-15,天晟新材,sz300169,5.3,5.16,5.18,5.25,5.21,16.162752,2188938,0.0,0.0,0.0,0.0268,0.0135
2013-07-16,天晟新材,sz300169,5.42,5.24,5.26,5.4,5.25,16.624538,3343408,0.0,0.0,0.0,0.0342,0.0266
2013-07-17,天晟新材,sz300169,5.46,5.31,5.46,5.34,5.4,16.439823,2252941,0.0,0.0,0.0,0.0277,-0.0219
2013-07-18,天晟新材,sz300169,5.42,5.24,5.34,5.35,5.34,16.470615,1821977,0.0,0.0,0.0,0.0337,0.0018
2013-07-19,天晟新材,sz300169,5.51,5.16,5.36,5.18,5.35,15.947245,2615501,0.0,0.0,0.0,0.0654,-0.0335
2013-07-22,天晟新材,sz300169,5.32,5.01,5.22,5.3,5.18,16.316679,1657079,0.0,0.0,0.0,0.0598,0.0153
2013-07-23,天晟新材,sz300169,5.68,5.33,5.49,5.6,5.3,17.240269,6501189,0.0,0.0,0.0,0.066,0.02
2013-07-24,天晟新材,sz300169,5.63,5.47,5.52,5.62,5.6,17.301832,5529682,0.0,0.0,0.0,0.0285,0.0181
2013-07-25,天晟新材,sz300169,6.15,5.54,6.0,5.61,5.62,17.271053,11246461,0.0,0.0,0.0,0.1085,-0.0649
2013-07-26,天晟新材,sz300169,5.59,5.3,5.44,5.42,5.61,16.686117,3696835,0.0,0.0,0.0,0.0516,-0.0036
2013-07-29,天晟新材,sz300169,5.96,5.26,5.36,5.96,5.42,18.348572,11394697,0.0,0.0,0.0,0.1291,0.1119
2013-07-30,天晟新材,sz300169,5.98,5.65,5.95,5.75,5.96,17.702059,12207422,0.0,0.0,0.0,0.0553,-0.0336
2013-07-31,天晟新材,sz300169,5.87,5.63,5.74,5.75,5.75,17.702059,5927294,0.0,0.0,0.0,0.0417,0.0017
2013-08-01,天晟新材,sz300169,5.96,5.68,5.77,5.89,5.75,18.13307,6584790,0.0,0.0,0.0,0.0486,0.0207
2013-08-02,天晟新材,sz300169,6.2,5.78,5.89,6.05,5.89,18.625654,8994538,0.0,0.0,0.0,0.0713,0.0271
2013-08-05,天晟新材,sz300169,6.05,5.85,6.02,5.99,6.05,18.440943,5243182,0.0,0.0,0.0,0.033,-0.0049
2013-08-06,天晟新材,sz300169,6.07,5.93,5.99,5.98,5.99,18.410166,3556029,0.0,0.0,0.0,0.0233,-0.0016
2013-08-07,天晟新材,sz300169,6.01,5.7,5.97,5.72,5.98,17.609728,4683869,0.0,0.0,0.0,0.0518,-0.0418
2013-08-08,天晟新材,sz300169,5.83,5.68,5.76,5.76,5.72,17.732874,2725352,0.0,0.0,0.0,0.0262,0.0
2013-08-09,天晟新材,sz300169,6.09,5.63,5.81,5.99,5.76,18.440964,6137123,0.0,0.0,0.0,0.0798,0.0309
2013-08-12,天晟新材,sz300169,5.97,5.85,5.95,5.91,5.99,18.194668,3878982,0.0,0.0,0.0,0.02,-0.0067
2013-08-13,天晟新材,sz300169,5.99,5.88,5.88,5.93,5.91,18.256237,2792693,0.0,0.0,0.0,0.0186,0.0085
2013-08-14,天晟新材,sz300169,6.33,6.0,6.02,6.02,5.93,18.533314,8662311,0.0,0.0,0.0,0.0556,0.0
2013-08-15,天晟新材,sz300169,6.04,5.83,5.96,5.86,6.02,18.040735,4775727,0.0,0.0,0.0,0.0348,-0.0167
2013-08-16,天晟新材,sz300169,6.04,5.66,5.8,5.67,5.86,17.4558,3466670,0.0,0.0,0.0,0.0648,-0.0224
2013-08-19,天晟新材,sz300169,5.85,5.62,5.64,5.84,5.67,17.97916,2567443,0.0,0.0,0.0,0.0405,0.0354
2013-08-20,天晟新材,sz300169,6.0,5.78,5.78,5.87,5.84,18.071518,2758099,0.0,0.0,0.0,0.0376,0.0155
2013-08-21,天晟新材,sz300169,5.95,5.84,5.95,5.9,5.87,18.163881,1595163,0.0,0.0,0.0,0.0187,-0.0084
2013-08-22,天晟新材,sz300169,5.96,5.83,5.88,5.9,5.9,18.163881,2709063,0.0,0.0,0.0,0.022,0.0034
2013-08-23,天晟新材,sz300169,5.95,5.76,5.9,5.85,5.9,18.009943,2643552,0.0,0.0,0.0,0.0322,-0.0084
2013-08-26,天晟新材,sz300169,5.96,5.82,5.85,5.94,5.85,18.287025,2192332,0.0,0.0,0.0,0.0239,0.0153
2013-08-27,天晟新材,sz300169,6.1,5.88,5.91,6.1,5.94,18.779606,3956463,0.0,0.0,0.0,0.037,0.0321
2013-08-28,天晟新材,sz300169,6.13,5.95,6.04,5.96,6.1,18.348595,2403095,0.0,0.0,0.0,0.0295,-0.0132
2013-08-29,天晟新材,sz300169,6.06,5.89,5.94,5.95,5.96,18.317806,1793696,0.0,0.0,0.0,0.0285,0.0016
2013-08-30,天晟新材,sz300169,6.13,5.89,5.95,6.09,5.95,18.748806,5045851,0.0,0.0,0.0,0.0403,0.0235
2013-09-02,天晟新材,sz300169,6.58,6.06,6.15,6.4,6.09,19.703176,10752894,0.0,0.0,0.0,0.0853,0.0406
2013-09-03,天晟新材,sz300169,6.92,6.35,6.78,6.39,6.4,19.67238,14689345,0.0,0.0,0.0,0.089,-0.0575
2013-09-04,天晟新材,sz300169,6.36,6.19,6.28,6.28,6.39,19.33374,5884374,0.0,0.0,0.0,0.0266,0.0
2013-09-05,天晟新材,sz300169,6.43,6.24,6.27,6.26,6.28,19.272161,4725719,0.0,0.0,0.0,0.0302,-0.0015
2013-09-06,天晟新材,sz300169,6.27,6.11,6.19,6.23,6.26,19.17981,3848404,0.0,0.0,0.0,0.0255,0.0064
2013-09-09,天晟新材,sz300169,6.26,6.15,6.23,6.22,6.23,19.149025,3246833,0.0,0.0,0.0,0.0176,-0.0016
2013-09-10,天晟新材,sz300169,6.25,6.1,6.23,6.16,6.22,18.964314,3736538,0.0,0.0,0.0,0.0241,-0.0112
2013-09-11,天晟新材,sz300169,6.35,6.09,6.16,6.11,6.16,18.81038,3905285,0.0,0.0,0.0,0.0422,-0.0081
2013-09-12,天晟新材,sz300169,6.17,6.05,6.08,6.12,6.11,18.841173,2630769,0.0,0.0,0.0,0.0196,0.0065
2013-09-13,天晟新材,sz300169,6.15,6.05,6.15,6.12,6.12,18.841173,2107127,0.0,0.0,0.0,0.0163,-0.0048
2013-09-16,天晟新材,sz300169,6.18,6.09,6.12,6.14,6.12,18.902746,2005437,0.0,0.0,0.0,0.0147,0.0032
2013-09-17,天晟新材,sz300169,6.16,5.86,6.12,5.89,6.14,18.133083,2728400,0.0,0.0,0.0,0.0488,-0.0375
2013-09-18,天晟新材,sz300169,5.94,5.87,5.9,5.93,5.89,18.256226,1249972,0.0,0.0,0.0,0.0118,0.005
2013-09-23,天晟新材,sz300169,6.23,5.94,5.95,6.16,5.93,18.964312,3114881,0.0,0.0,0.0,0.0489,0.0352
2013-09-24,天晟新材,sz300169,6.17,6.09,6.15,6.14,6.16,18.902735,2443936,0.0,0.0,0.0,0.0129,-0.0016
2013-09-25,天晟新材,sz300169,6.24,6.07,6.12,6.2,6.14,19.087452,3246497,0.0,0.0,0.0,0.0276,0.013
2013-09-26,天晟新材,sz300169,6.24,6.01,6.15,6.09,6.2,18.748802,1924493,0.0,0.0,0.0,0.037,-0.0097
2013-09-27,天晟新材,sz300169,6.14,6.01,6.01,6.05,6.09,18.62566,1370839,0.0,0.0,0.0,0.0213,0.0066
2013-09-30,天晟新材,sz300169,6.07,5.99,6.04,6.07,6.05,18.687237,1512420,0.0,0.0,0.0,0.0132,0.0049
2013-10-08,天晟新材,sz300169,6.13,6.02,6.08,6.09,6.07,18.74881,3127157,0.0,0.0,0.0,0.0181,0.0016
2013-10-09,天晟新材,sz300169,6.18,6.06,6.07,6.16,6.09,18.96431,2357864,0.0,0.0,0.0,0.0197,0.0148
2013-10-10,天晟新材,sz300169,6.27,6.08,6.15,6.11,6.16,18.810375,2228850,0.0,0.0,0.0,0.0308,-0.0065
2013-10-11,天晟新材,sz300169,6.38,6.1,6.1,6.26,6.11,19.272171,4026683,0.0,0.0,0.0,0.0458,0.0262
2013-10-14,天晟新材,sz300169,6.46,6.22,6.22,6.36,6.26,19.580025,4519124,0.0,0.0,0.0,0.0383,0.0225
2013-10-15,天晟新材,sz300169,6.22,5.96,6.17,6.02,6.36,18.533297,6691885,0.0,0.0,0.0,0.0408,-0.0243
2013-10-16,天晟新材,sz300169,6.03,5.8,6.03,5.83,6.02,17.948366,2911703,0.0,0.0,0.0,0.0382,-0.0331
2013-10-17,天晟新材,sz300169,5.97,5.84,5.9,5.94,5.83,18.287016,1794072,0.0,0.0,0.0,0.0222,0.0067
2013-10-18,天晟新材,sz300169,5.98,5.72,5.97,5.8,5.94,17.85601,2942050,0.0,0.0,0.0,0.0437,-0.0284
2013-10-21,天晟新材,sz300169,6.14,5.74,5.84,6.14,5.8,18.902746,4293262,0.0,0.0,0.0,0.0689,0.0513
2013-10-22,天晟新材,sz300169,6.63,6.09,6.16,6.49,6.14,19.98026,14377393,0.0,0.0,0.0,0.0879,0.0535
2013-10-23,天晟新材,sz300169,6.65,6.25,6.48,6.41,6.49,19.733963,10562341,0.0,0.0,0.0,0.0616,-0.0108
2013-10-24,天晟新材,sz300169,6.51,6.25,6.4,6.43,6.41,19.795534,4841838,0.0,0.0,0.0,0.0405,0.0046
2013-10-25,天晟新材,sz300169,6.51,6.25,6.5,6.36,6.43,19.58004,4073580,0.0,0.0,0.0,0.0404,-0.0215
2013-10-28,天晟新材,sz300169,6.41,6.23,6.34,6.35,6.36,19.54926,1699277,0.0,0.0,0.0,0.0283,0.0015
2014-01-22,天晟新材,sz300169,6.99,6.99,6.99,6.99,6.35,21.519571,402313,0.0,0.0,0.0,0.0,0.0
2014-01-23,天晟新材,sz300169,7.69,7.69,7.69,7.69,6.99,23.674604,264291,0.0,0.0,0.0,0.0,0.0
2014-01-24,天晟新材,sz300169,8.3,7.5,8.3,7.96,7.69,24.505844,37537557,0.0,0.0,0.0,0.104,-0.0409
2014-01-27,天晟新材,sz300169,7.86,7.4,7.58,7.4,7.96,22.781809,17481741,0.0,0.0,0.0,0.0577,-0.0237
2014-01-28,天晟新材,sz300169,7.59,7.3,7.34,7.36,7.4,22.658672,9792943,0.0,0.0,0.0,0.0391,0.0027
2014-01-29,天晟新材,sz300169,7.48,7.21,7.37,7.46,7.36,22.966537,7395036,0.0,0.0,0.0,0.0366,0.0122
2014-01-30,天晟新材,sz300169,7.4,6.97,7.25,7.06,7.46,21.735094,8262581,0.0,0.0,0.0,0.0576,-0.0262
2014-02-07,天晟新材,sz300169,7.15,6.98,7.06,7.12,7.06,21.91982,7027975,0.0,0.0,0.0,0.024,0.0084
2014-02-10,天晟新材,sz300169,7.56,7.11,7.12,7.52,7.12,23.151276,13164325,0.0,0.0,0.0,0.0632,0.0561
2014-02-11,天晟新材,sz300169,7.55,7.29,7.41,7.41,7.52,22.812618,8490529,0.0,0.0,0.0,0.0345,0.0
2014-02-12,天晟新材,sz300169,7.83,7.38,7.45,7.73,7.41,23.797783,11165500,0.0,0.0,0.0,0.0607,0.0375
2014-02-13,天晟新材,sz300169,7.99,7.6,7.66,7.67,7.73,23.613064,11354895,0.0,0.0,0.0,0.0504,0.0013
2014-02-14,天晟新材,sz300169,7.8,7.52,7.67,7.61,7.67,23.428339,6714452,0.0,0.0,0.0,0.0365,-0.0078
2014-02-17,天晟新材,sz300169,7.91,7.56,7.63,7.81,7.61,24.04406,7963464,0.0,0.0,0.0,0.0459,0.0235
2014-02-18,天晟新材,sz300169,8.59,7.72,7.81,8.59,7.81,26.445387,19847976,0.0,0.0,0.0,0.1113,0.0998
2014-02-19,天晟新材,sz300169,9.01,8.2,8.87,8.38,8.59,25.798876,19633550,0.0,0.0,0.0,0.0942,-0.0552
2014-02-20,天晟新材,sz300169,8.49,7.83,8.29,7.89,8.38,24.290339,14592936,0.0,0.0,0.0,0.0787,-0.0482
2014-02-21,天晟新材,sz300169,7.99,7.68,7.72,7.85,7.89,24.167187,8383557,0.0,0.0,0.0,0.0392,0.0168
2014-02-24,天晟新材,sz300169,8.45,7.7,7.8,8.35,7.85,25.706491,10293047,0.0,0.0,0.0,0.0955,0.0705
2014-02-25,天晟新材,sz300169,8.4,7.52,8.21,7.76,8.35,23.890097,12138660,0.0,0.0,0.0,0.1053,-0.0548
2014-02-26,天晟新材,sz300169,7.79,7.3,7.6,7.7,7.76,23.705378,4161617,0.0,0.0,0.0,0.0631,0.0131
2014-02-27,天晟新材,sz300169,8.0,7.4,7.7,7.46,7.7,22.966505,6119075,0.0,0.0,0.0,0.0779,-0.0311
2014-02-28,天晟新材,sz300169,7.55,7.23,7.47,7.4,7.46,22.781786,4866421,0.0,0.0,0.0,0.0428,-0.0093
2014-03-03,天晟新材,sz300169,7.74,7.12,7.33,7.7,7.4,23.705383,6596433,0.0,0.0,0.0,0.0837,0.0504
2014-03-04,天晟新材,sz300169,7.98,7.63,7.8,7.86,7.7,24.197956,5194373,0.0,0.0,0.0,0.0454,0.0076
2014-03-05,天晟新材,sz300169,8.15,7.8,7.8,7.9,7.86,24.3211,5403987,0.0,0.0,0.0,0.0445,0.0128
2014-03-06,天晟新材,sz300169,8.05,7.78,7.83,8.05,7.9,24.782885,3781125,0.0,0.0,0.0,0.0341,0.028
2014-03-07,天晟新材,sz300169,8.12,7.95,8.12,8.03,8.05,24.721323,4417067,0.0,0.0,0.0,0.0211,-0.011
2014-03-10,天晟新材,sz300169,8.0,7.57,7.94,7.64,8.03,23.520658,4545607,0.0,0.0,0.0,0.0535,-0.0377
2014-03-11,天晟新材,sz300169,7.86,7.43,7.6,7.68,7.64,23.643812,3483868,0.0,0.0,0.0,0.0562,0.0105
2014-03-12,天晟新材,sz300169,7.83,7.33,7.78,7.49,7.68,23.058865,2701192,0.0,0.0,0.0,0.0651,-0.0372
2014-03-13,天晟新材,sz300169,7.72,7.37,7.5,7.43,7.49,22.87414,4006320,0.0,0.0,0.0,0.0467,-0.0093
2014-03-14,天晟新材,sz300169,7.63,7.37,7.45,7.52,7.43,23.151215,2089160,0.0,0.0,0.0,0.0349,0.0093
2014-03-17,天晟新材,sz300169,7.92,7.52,7.54,7.91,7.52,24.351883,4481261,0.0,0.0,0.0,0.0531,0.049
2014-03-18,天晟新材,sz300169,8.31,7.83,7.95,8.13,7.91,25.029182,6472172,0.0,0.0,0.0,0.0606,0.0226
2014-03-19,天晟新材,sz300169,8.44,8.04,8.13,8.3,8.13,25.552542,6021482,0.0,0.0,0.0,0.0492,0.0209
2014-03-20,天晟新材,sz300169,8.33,7.85,8.3,7.86,8.3,24.19795,4459546,0.0,0.0,0.0,0.0578,-0.053
2014-03-21,天晟新材,sz300169,8.22,7.72,7.85,8.05,7.86,24.782888,3778285,0.0,0.0,0.0,0.0636,0.0254
2014-03-24,天晟新材,sz300169,8.18,7.84,8.04,7.9,8.05,24.321083,3459511,0.0,0.0,0.0,0.0422,-0.0174
2014-03-25,天晟新材,sz300169,8.17,7.81,7.9,8.07,7.9,24.844448,5650507,0.0,0.0,0.0,0.0455,0.0215
2014-03-26,天晟新材,sz300169,8.3,8.03,8.23,8.09,8.07,24.906013,4064262,0.0,0.0,0.0,0.0334,-0.017
2014-03-27,天晟新材,sz300169,8.23,8.02,8.03,8.07,8.09,24.844446,4932369,0.0,0.0,0.0,0.0259,0.0049
2014-03-28,天晟新材,sz300169,8.13,7.36,8.04,7.44,8.07,22.904915,5335831,0.0,0.0,0.0,0.0954,-0.0746
2014-03-31,天晟新材,sz300169,7.49,7.11,7.44,7.22,7.44,22.227615,3851281,0.0,0.0,0.0,0.051,-0.0295
2014-04-01,天晟新材,sz300169,7.52,7.25,7.3,7.49,7.22,23.05884,1656425,0.0,0.0,0.0,0.0373,0.026
2014-04-02,天晟新材,sz300169,7.58,7.25,7.51,7.31,7.49,22.50469,2146441,0.0,0.0,0.0,0.044,-0.0266
2014-04-03,天晟新材,sz300169,7.53,7.32,7.42,7.33,7.31,22.566263,2051908,0.0,0.0,0.0,0.0287,-0.0121
2014-04-04,天晟新材,sz300169,7.43,7.2,7.33,7.4,7.33,22.78177,1049551,0.0,0.0,0.0,0.0313,0.0095
2014-04-08,天晟新材,sz300169,7.64,7.29,7.32,7.58,7.4,23.335915,1902730,0.0,0.0,0.0,0.0472,0.0355
2014-04-09,天晟新材,sz300169,7.84,7.6,7.6,7.73,7.58,23.797709,1800356,0.0,0.0,0.0,0.0316,0.0171
2014-04-10,天晟新材,sz300169,7.93,7.68,7.7,7.73,7.73,23.797709,2723381,0.0,0.0,0.0,0.0323,0.0038
2014-04-11,天晟新材,sz300169,8.14,7.61,7.73,7.75,7.73,23.859274,3723362,0.0,0.0,0.0,0.0685,0.0025
2014-04-14,天晟新材,sz300169,7.95,7.77,7.81,7.85,7.75,24.16713,2369947,0.0,0.0,0.0,0.0232,0.0051
2014-04-15,天晟新材,sz300169,7.92,7.77,7.82,7.87,7.85,24.228708,1670568,0.0,0.0,0.0,0.0191,0.0063
2014-04-16,天晟新材,sz300169,8.05,7.8,7.8,7.99,7.87,24.598146,2603954,0.0,0.0,0.0,0.0317,0.0243
2014-04-17,天晟新材,sz300169,8.15,7.92,8.0,8.07,7.99,24.844448,3210758,0.0,0.0,0.0,0.0287,0.0087
2014-04-18,天晟新材,sz300169,8.39,8.02,8.08,8.28,8.07,25.49095,4698106,0.0,0.0,0.0,0.0458,0.0247
2014-04-21,天晟新材,sz300169,8.85,8.1,8.16,8.38,8.28,25.798805,7630635,0.0,0.0,0.0,0.0905,0.0269
2014-04-22,天晟新材,sz300169,8.75,8.22,8.23,8.63,8.38,26.56846,7822164,0.0,0.0,0.0,0.0632,0.0486
2014-04-23,天晟新材,sz300169,8.92,8.38,8.58,8.45,8.63,26.014322,7504545,0.0,0.0,0.0,0.0625,-0.0151
2014-04-24,天晟新材,sz300169,8.45,8.07,8.45,8.12,8.45,24.998384,5907170,0.0,0.0,0.0,0.0449,-0.039
2014-04-25,天晟新材,sz300169,8.85,8.01,8.03,8.41,8.12,25.891176,10034933,0.0,0.0,0.0,0.1034,0.0473
2014-04-28,天晟新材,sz300169,8.91,8.08,8.16,8.65,8.41,26.630033,11929589,0.0,0.0,0.0,0.0986,0.06
2014-04-29,天晟新材,sz300169,8.63,8.0,8.55,8.41,8.65,25.891157,7808698,0.0,0.0,0.0,0.0728,-0.0163
2014-04-30,天晟新材,sz300169,9.25,8.26,8.34,9.14,8.41,28.138535,17191618,0.0,0.0,0.0,0.1177,0.0959
2014-05-05,天晟新材,sz300169,9.38,8.82,8.95,9.3,9.14,28.6311,14466434,0.0,0.0,0.0,0.0612,0.0391
2014-05-06,天晟新材,sz300169,9.3,8.96,9.2,9.1,9.3,28.015388,11388817,0.0,0.0,0.0,0.0365,-0.0108
2014-05-07,天晟新材,sz300169,9.23,8.75,9.14,9.2,9.1,28.32325,11309355,0.0,0.0,0.0,0.0527,0.0065
2014-05-08,天晟新材,sz300169,9.15,8.61,9.0,8.65,9.2,26.630001,10108514,0.0,0.0,0.0,0.0586,-0.0388
2014-05-09,天晟新材,sz300169,8.74,8.13,8.59,8.22,8.65,25.306196,8387647,0.0,0.0,0.0,0.0705,-0.043
2014-05-12,天晟新材,sz300169,8.57,8.07,8.29,8.36,8.22,25.737211,6450436,0.0,0.0,0.0,0.0608,0.0084
2014-05-13,天晟新材,sz300169,8.6,8.31,8.32,8.45,8.36,26.0143,4132979,0.0,0.0,0.0,0.0346,0.0156
2014-05-14,天晟新材,sz300169,8.58,8.25,8.42,8.25,8.45,25.398565,4002012,0.0,0.0,0.0,0.039,-0.0201
2014-05-15,天晟新材,sz300169,8.4,8.09,8.2,8.09,8.25,24.905987,3892690,0.0,0.0,0.0,0.0375,-0.0134
2014-05-16,天晟新材,sz300169,8.18,7.68,8.08,7.81,8.09,24.043964,5336001,0.0,0.0,0.0,0.0618,-0.0334
2014-05-19,天晟新材,sz300169,7.99,7.73,7.8,7.97,7.81,24.536554,2432388,0.0,0.0,0.0,0.0332,0.0217
2014-05-20,天晟新材,sz300169,8.16,7.91,7.98,7.94,7.97,24.444199,3415515,0.0,0.0,0.0,0.0313,-0.005
2014-05-21,天晟新材,sz300169,8.09,7.75,7.91,8.05,7.94,24.782848,2114403,0.0,0.0,0.0,0.0428,0.0176
2014-05-22,天晟新材,sz300169,8.3,8.05,8.05,8.19,8.05,25.213846,4459730,0.0,0.0,0.0,0.031,0.0173
2014-05-23,天晟新材,sz300169,8.42,8.1,8.19,8.38,8.19,25.798782,3339074,0.0,0.0,0.0,0.039,0.0231
2014-05-26,天晟新材,sz300169,8.81,8.34,8.37,8.74,8.38,26.907072,6695022,0.0,0.0,0.0,0.056,0.0442
2014-05-27,天晟新材,sz300169,8.8,8.59,8.74,8.71,8.74,26.814728,3344116,0.0,0.0,0.0,0.024,-0.0034
2014-05-28,天晟新材,sz300169,8.85,8.6,8.8,8.79,8.71,27.061022,4040109,0.0,0.0,0.0,0.0287,-0.0011
2014-05-29,天晟新材,sz300169,8.95,8.6,8.83,8.61,8.79,26.506865,4380992,0.0,0.0,0.0,0.0398,-0.0249
2014-05-30,天晟新材,sz300169,8.6,8.39,8.55,8.48,8.61,26.106638,2410187,0.0,0.0,0.0,0.0243,-0.0081
2014-06-03,天晟新材,sz300169,8.59,8.45,8.48,8.53,8.48,26.260563,1979237,0.0,0.0,0.0,0.0165,0.0058
2014-06-04,天晟新材,sz300169,8.62,8.16,8.55,8.22,8.53,25.306202,3021962,0.0,0.0,0.0,0.0539,-0.0385
2014-06-05,天晟新材,sz300169,8.49,8.15,8.17,8.48,8.22,26.106636,2079548,0.0,0.0,0.0,0.0413,0.0379
2014-06-06,天晟新材,sz300169,8.68,8.45,8.49,8.67,8.48,26.691582,2493505,0.0,0.0,0.0,0.0271,0.0212
2014-06-09,天晟新材,sz300169,8.83,8.58,8.67,8.71,8.67,26.814737,3266218,0.0,0.0,0.0,0.0288,0.0046
2014-06-10,天晟新材,sz300169,9.07,8.58,8.64,8.87,8.71,27.307323,5071408,0.0,0.0,0.0,0.0562,0.0266
2014-06-18,天晟新材,sz300169,9.3,8.45,9.04,8.45,8.87,26.014294,7062161,0.0,0.0,0.0,0.0958,-0.0652
2014-06-19,天晟新材,sz300169,9.2,8.51,8.51,8.75,8.45,26.93788,7800825,0.0,0.0,0.0,0.0816,0.0282
2014-06-20,天晟新材,sz300169,8.65,8.3,8.65,8.55,8.75,26.32216,4793974,0.0,0.0,0.0,0.0399,-0.0115
2014-06-23,天晟新材,sz300169,8.67,8.42,8.56,8.51,8.55,26.199026,3539956,0.0,0.0,0.0,0.0292,-0.0058
2014-06-24,天晟新材,sz300169,8.61,8.37,8.57,8.47,8.51,26.07589,3234141,0.0,0.0,0.0,0.0282,-0.0116
2014-06-25,天晟新材,sz300169,8.47,8.28,8.47,8.36,8.47,25.737244,2995982,0.0,0.0,0.0,0.0224,-0.0129
2014-06-26,天晟新材,sz300169,8.68,8.31,8.31,8.6,8.36,26.476107,5121132,0.0,0.0,0.0,0.0442,0.0348
2014-06-27,天晟新材,sz300169,8.56,8.4,8.55,8.5,8.6,26.168243,4142830,0.0,0.0,0.0,0.0186,-0.0058
2014-06-30,天晟新材,sz300169,8.9,8.42,8.45,8.81,8.5,27.122625,4773736,0.0,0.0,0.0,0.0564,0.0426
2014-07-01,天晟新材,sz300169,8.81,8.56,8.81,8.7,8.81,26.783972,5368701,0.0,0.0,0.0,0.0283,-0.0124
2014-07-02,天晟新材,sz300169,9.51,8.63,8.7,9.32,8.7,28.692705,16929076,0.0,0.0,0.0,0.1011,0.0712
2014-07-03,天晟新材,sz300169,9.48,9.1,9.23,9.36,9.32,28.815855,13385279,0.0,0.0,0.0,0.0407,0.014
2014-07-04,天晟新材,sz300169,9.73,9.29,9.34,9.52,9.36,29.308434,11373079,0.0,0.0,0.0,0.047,0.0192
2014-07-07,天晟新材,sz300169,9.61,9.28,9.5,9.51,9.52,29.277658,5990145,0.0,0.0,0.0,0.0346,0.001
2014-07-08,天晟新材,sz300169,9.51,9.14,9.43,9.4,9.51,28.939005,6697471,0.0,0.0,0.0,0.0389,-0.0031
2014-07-09,天晟新材,sz300169,9.88,9.2,9.32,9.52,9.4,29.30844,10151920,0.0,0.0,0.0,0.0723,0.0214
2014-07-10,天晟新材,sz300169,9.73,9.42,9.51,9.55,9.52,29.400791,5928602,0.0,0.0,0.0,0.0325,0.0042
2014-07-11,天晟新材,sz300169,10.3,9.42,9.5,10.1,9.55,31.09404,12724356,0.0,0.0,0.0,0.0921,0.0631
2014-07-14,天晟新材,sz300169,10.65,10.02,10.25,10.25,10.1,31.555819,10461704,0.0,0.0,0.0,0.0623,0.0
2014-07-15,天晟新材,sz300169,10.45,9.88,10.45,10.1,10.25,31.09403,8877968,0.0,0.0,0.0,0.0556,-0.0334
2014-07-16,天晟新材,sz300169,10.32,9.73,10.0,9.93,10.1,30.570656,5188617,0.0,0.0,0.0,0.0584,-0.007
2014-07-17,天晟新材,sz300169,10.89,9.8,9.98,10.66,9.93,32.818058,8924020,0.0,0.0,0.0,0.1097,0.0681
2014-07-18,天晟新材,sz300169,10.8,10.26,10.6,10.3,10.66,31.709759,7209889,0.0,0.0,0.0,0.0506,-0.0283
2014-07-21,天晟新材,sz300169,10.63,10.11,10.3,10.32,10.3,31.77134,4646373,0.0,0.0,0.0,0.0504,0.0019
2014-07-22,天晟新材,sz300169,10.82,10.18,10.45,10.56,10.32,32.510212,7719067,0.0,0.0,0.0,0.062,0.0105
2014-07-23,天晟新材,sz300169,10.58,9.85,10.42,9.9,10.56,30.478325,7093029,0.0,0.0,0.0,0.0691,-0.0499
2014-07-24,天晟新材,sz300169,9.99,9.5,9.87,9.81,9.9,30.201246,3881369,0.0,0.0,0.0,0.0494,-0.006
2014-07-25,天晟新材,sz300169,10.11,9.74,9.81,9.95,9.81,30.632248,1809245,0.0,0.0,0.0,0.0377,0.0142
2014-07-28,天晟新材,sz300169,10.4,9.9,9.96,10.38,9.95,31.956053,3837106,0.0,0.0,0.0,0.0502,0.0421
2014-07-29,天晟新材,sz300169,10.53,10.22,10.5,10.49,10.38,32.29469,3488940,0.0,0.0,0.0,0.0298,-9.0E-4
2014-07-30,天晟新材,sz300169,10.49,10.24,10.48,10.38,10.49,31.956049,2316309,0.0,0.0,0.0,0.0238,-0.0095
2014-07-31,天晟新材,sz300169,10.54,10.22,10.41,10.54,10.38,32.44862,4114090,0.0,0.0,0.0,0.0308,0.0124
2014-08-01,天晟新材,sz300169,10.49,10.12,10.49,10.23,10.54,31.49424,3629566,0.0,0.0,0.0,0.0351,-0.0247
2014-08-04,天晟新材,sz300169,10.46,9.93,10.18,10.32,10.23,31.771326,2973032,0.0,0.0,0.0,0.0518,0.0137
2014-08-05,天晟新材,sz300169,10.44,10.0,10.24,10.35,10.32,31.863686,3615080,0.0,0.0,0.0,0.0426,0.0107
2014-08-06,天晟新材,sz300169,10.43,10.0,10.3,10.37,10.35,31.925245,3536276,0.0,0.0,0.0,0.0415,0.0067
2014-08-07,天晟新材,sz300169,10.85,10.24,10.33,10.65,10.37,32.78726,6265882,0.0,0.0,0.0,0.0588,0.0309
2014-08-08,天晟新材,sz300169,11.4,10.65,10.65,10.96,10.65,33.74163,5740494,0.0,0.0,0.0,0.0704,0.0291
2014-08-11,天晟新材,sz300169,11.25,10.71,10.9,11.08,10.96,34.11107,4607904,0.0,0.0,0.0,0.0492,0.0165
2014-08-12,天晟新材,sz300169,11.29,10.98,10.98,11.13,11.08,34.26501,3410888,0.0,0.0,0.0,0.0279,0.0136
2014-08-13,天晟新材,sz300169,11.15,10.8,11.09,11.1,11.13,34.17267,2862546,0.0,0.0,0.0,0.0314,9.0E-4
2014-08-14,天晟新材,sz300169,11.75,11.0,11.13,11.0,11.1,33.864807,5724747,0.0,0.0,0.0,0.0675,-0.0116
2014-08-15,天晟新材,sz300169,11.0,10.61,10.91,10.68,11.0,32.879646,6412144,0.0,0.0,0.0,0.0354,-0.021
2014-08-18,天晟新材,sz300169,11.21,10.67,10.68,11.15,10.68,34.32658,3500044,0.0,0.0,0.0,0.0505,0.044
2014-08-19,天晟新材,sz300169,11.42,11.0,11.15,11.2,11.15,34.4805,3598229,0.0,0.0,0.0,0.0376,0.0044
2014-08-20,天晟新材,sz300169,11.4,10.93,11.29,11.0,11.2,33.86478,2638515,0.0,0.0,0.0,0.0419,-0.0256
2014-08-21,天晟新材,sz300169,11.33,10.86,10.93,11.3,11.0,34.788376,2697602,0.0,0.0,0.0,0.0427,0.0338
2014-08-22,天晟新材,sz300169,11.49,11.1,11.21,11.28,11.3,34.7268,3265301,0.0,0.0,0.0,0.0345,0.0062
2014-08-25,天晟新材,sz300169,11.32,11.0,11.3,11.07,11.28,34.08029,2221514,0.0,0.0,0.0,0.0283,-0.0203
2014-08-26,天晟新材,sz300169,11.14,10.77,11.14,10.95,11.07,33.71086,3987587,0.0,0.0,0.0,0.0334,-0.017
2014-08-27,天晟新材,sz300169,11.24,10.75,10.75,10.91,10.95,33.587715,3217026,0.0,0.0,0.0,0.0447,0.0148
2014-08-28,天晟新材,sz300169,11.12,10.81,10.88,10.91,10.91,33.587715,2096610,0.0,0.0,0.0,0.0284,0.0027
2014-08-29,天晟新材,sz300169,11.05,10.81,10.91,10.98,10.91,33.803215,1578278,0.0,0.0,0.0,0.0219,0.0064
2014-09-01,天晟新材,sz300169,11.42,10.89,11.0,11.37,10.98,35.003872,3676837,0.0,0.0,0.0,0.0482,0.0336
2014-09-02,天晟新材,sz300169,11.8,11.1,11.2,11.54,11.37,35.52725,9181036,0.0,0.0,0.0,0.0615,0.0303
2014-09-03,天晟新材,sz300169,11.95,11.41,11.48,11.78,11.54,36.26611,6778789,0.0,0.0,0.0,0.0467,0.0261
2014-09-04,天晟新材,sz300169,12.25,11.7,11.78,12.18,11.78,37.49756,5670309,0.0,0.0,0.0,0.0466,0.0339
2014-09-05,天晟新材,sz300169,12.38,11.9,12.22,12.0,12.18,36.94342,7030668,0.0,0.0,0.0,0.0394,-0.018
2014-12-18,天晟新材,sz300169,11.5,10.8,10.8,10.8,12.0,33.24908,10602174,0.0,0.0,0.0,0.0583,0.0
2014-12-19,天晟新材,sz300169,10.68,9.73,10.31,9.9,10.8,30.478334,19518580,0.0,0.0,0.0,0.0879,-0.0397
2014-12-22,天晟新材,sz300169,9.74,8.91,9.74,8.91,9.9,27.4305,10850276,0.0,0.0,0.0,0.0838,-0.0852
2014-12-23,天晟新材,sz300169,8.94,8.37,8.63,8.48,8.91,26.106705,9848843,0.0,0.0,0.0,0.0639,-0.0173
2014-12-24,天晟新材,sz300169,8.82,8.51,8.58,8.77,8.48,26.999502,7130480,0.0,0.0,0.0,0.0365,0.0221
2014-12-25,天晟新材,sz300169,8.87,8.58,8.73,8.71,8.77,26.814772,7045562,0.0,0.0,0.0,0.033,-0.0022
2014-12-26,天晟新材,sz300169,8.7,8.42,8.65,8.48,8.71,26.1067,8908821,0.0,0.0,0.0,0.0321,-0.0196
2014-12-29,天晟新材,sz300169,8.44,7.99,8.44,8.19,8.48,25.213903,9578285,0.0,0.0,0.0,0.053,-0.0296
2014-12-30,天晟新材,sz300169,8.38,7.98,8.19,8.06,8.19,24.813683,6373945,0.0,0.0,0.0,0.0488,-0.0158
2014-12-31,天晟新材,sz300169,8.37,8.08,8.15,8.24,8.06,25.367847,5664785,0.0,0.0,0.0,0.0359,0.011
2015-01-01,天晟新材,sz300169,8.24,8.24,8.24,8.24,8.24,8.24,0,0.0,0.0,0.0,0.0,0.0
2015-01-02,天晟新材,sz300169,8.24,8.24,8.24,8.24,8.24,8.24,0,0.0,0.0,0.0,0.0,0.0
2015-01-05,天晟新材,sz300169,8.25,7.98,8.15,8.19,8.24,8.19,66214,0.0,0.0,0.0,0.0327,0.0049
2015-01-06,天晟新材,sz300169,8.65,8.09,8.14,8.58,8.19,8.58,109239,0.0,0.0,0.0,0.0683,0.054
2015-01-07,天晟新材,sz300169,8.57,8.31,8.54,8.41,8.58,8.41,56288,0.0,0.0,0.0,0.0303,-0.0152
2015-01-08,天晟新材,sz300169,8.66,8.34,8.42,8.48,8.41,8.48,79677,0.0,0.0,0.0,0.038,0.0071
2015-01-09,天晟新材,sz300169,8.74,8.3,8.4,8.3,8.48,8.3,67207,0.0,0.0,0.0,0.0518,-0.0119
2015-01-12,天晟新材,sz300169,8.3,8.0,8.23,8.03,8.3,8.03,46807,0.0,0.0,0.0,0.0361,-0.0243
2015-01-13,天晟新材,sz300169,8.34,8.01,8.04,8.34,8.03,8.34,65273,0.0,0.0,0.0,0.041,0.0373
2015-01-14,天晟新材,sz300169,8.44,8.18,8.29,8.3,8.34,8.3,41509,0.0,0.0,0.0,0.0311,0.0012
2015-01-15,天晟新材,sz300169,8.41,8.18,8.37,8.21,8.3,8.21,42267,0.0,0.0,0.0,0.0277,-0.0191
2015-01-16,天晟新材,sz300169,8.42,8.18,8.24,8.35,8.21,8.35,55818,0.0,0.0,0.0,0.0292,0.0133
2015-01-19,天晟新材,sz300169,8.55,8.08,8.18,8.17,8.35,8.17,88033,0.0,0.0,0.0,0.0562,-0.0012
2015-01-20,天晟新材,sz300169,8.53,8.17,8.23,8.52,8.17,8.52,80560,0.0,0.0,0.0,0.044,0.0352
2015-01-21,天晟新材,sz300169,9.14,8.41,8.52,9.02,8.52,9.02,142846,0.0,0.0,0.0,0.0856,0.0586
2015-01-22,天晟新材,sz300169,9.07,8.78,8.91,8.98,9.02,8.98,99102,0.0,0.0,0.0,0.0321,0.0078
2015-01-23,天晟新材,sz300169,8.99,8.75,8.98,8.86,8.98,8.86,72360,0.0,0.0,0.0,0.0267,-0.0133
2015-01-26,天晟新材,sz300169,9.23,8.86,8.86,9.04,8.86,9.04,102570,0.0,0.0,0.0,0.0417,0.0203
2015-01-27,天晟新材,sz300169,9.18,8.91,9.03,9.1,9.04,9.1,74539,0.0,0.0,0.0,0.0298,0.0077
2015-01-28,天晟新材,sz300169,9.38,8.9,9.09,9.24,9.1,9.24,88856,0.0,0.0,0.0,0.0527,0.0165
2015-01-29,天晟新材,sz300169,9.53,9.14,9.22,9.32,9.24,9.32,82083,0.0,0.0,0.0,0.0422,0.0108
2015-01-30,天晟新材,sz300169,9.37,8.95,9.35,8.97,9.32,8.97,57442,0.0,0.0,0.0,0.045,-0.0406
2015-02-02,天晟新材,sz300169,9.09,8.78,8.82,8.96,8.97,8.96,51624,0.0,0.0,0.0,0.0345,0.0158
2015-02-03,天晟新材,sz300169,9.28,8.96,9.0,9.15,8.96,9.15,50179,0.0,0.0,0.0,0.0357,0.0166
2015-02-04,天晟新材,sz300169,9.25,9.06,9.1,9.09,9.15,9.09,33543,0.0,0.0,0.0,0.0207,-0.001
2015-02-05,天晟新材,sz300169,9.26,9.07,9.1,9.13,9.09,9.13,42726,0.0,0.0,0.0,0.0209,0.0032
2015-02-06,天晟新材,sz300169,9.15,8.87,9.1,8.9,9.13,8.9,72854,0.0,0.0,0.0,0.0306,-0.0219
2015-02-09,天晟新材,sz300169,9.02,8.5,8.9,8.7,8.9,8.7,41630,0.0,0.0,0.0,0.0584,-0.0224
2015-02-10,天晟新材,sz300169,8.93,8.62,8.66,8.89,8.7,8.89,26944,0.0,0.0,0.0,0.0356,0.0265
2015-02-11,天晟新材,sz300169,9.2,8.88,8.89,9.06,8.89,9.06,29035,0.0,0.0,0.0,0.0359,0.0191
2015-02-12,天晟新材,sz300169,9.15,8.94,9.1,9.12,9.06,9.12,40374,0.0,0.0,0.0,0.0231,0.0021
2015-02-13,天晟新材,sz300169,9.34,9.12,9.12,9.28,9.12,9.28,55804,0.0,0.0,0.0,0.0241,0.0175
2015-02-16,天晟新材,sz300169,9.43,9.25,9.32,9.38,9.28,9.38,49425,0.0,0.0,0.0,0.0193,0.0064
2015-02-17,天晟新材,sz300169,9.4,9.18,9.39,9.34,9.38,9.34,70011,0.0,0.0,0.0,0.0234,-0.0053
2015-02-18,天晟新材,sz300169,9.34,9.34,9.34,9.34,9.34,9.34,0,0.0,0.0,0.0,0.0,0.0
2015-02-19,天晟新材,sz300169,9.34,9.34,9.34,9.34,9.34,9.34,0,0.0,0.0,0.0,0.0,0.0
2015-02-20,天晟新材,sz300169,9.34,9.34,9.34,9.34,9.34,9.34,0,0.0,0.0,0.0,0.0,0.0
2015-02-23,天晟新材,sz300169,9.34,9.34,9.34,9.34,9.34,9.34,0,0.0,0.0,0.0,0.0,0.0
2015-02-24,天晟新材,sz300169,9.34,9.34,9.34,9.34,9.34,9.34,0,0.0,0.0,0.0,0.0,0.0
2015-02-25,天晟新材,sz300169,9.35,9.18,9.34,9.22,9.34,9.22,37753,0.0,0.0,0.0,0.0182,-0.0128
2015-02-26,天晟新材,sz300169,9.56,9.22,9.26,9.46,9.22,9.46,55217,0.0,0.0,0.0,0.0368,0.0215
2015-02-27,天晟新材,sz300169,9.97,9.41,9.46,9.88,9.46,9.88,82960,0.0,0.0,0.0,0.0591,0.0443
2015-03-02,天晟新材,sz300169,10.5,9.9,10.05,10.2,9.88,10.2,90977,0.0,0.0,0.0,0.0607,0.0149
2015-03-03,天晟新材,sz300169,10.6,9.97,10.2,10.29,10.2,10.29,84293,0.0,0.0,0.0,0.0617,0.0088
2015-03-04,天晟新材,sz300169,10.5,10.2,10.25,10.47,10.29,10.47,61992,0.0,0.0,0.0,0.0291,0.0214
2015-03-05,天晟新材,sz300169,10.72,10.3,10.45,10.52,10.47,10.52,52843,0.0,0.0,0.0,0.0401,0.0066
2015-03-06,天晟新材,sz300169,10.68,10.14,10.52,10.16,10.52,10.16,54365,0.0,0.0,0.0,0.0513,-0.0342
2015-03-09,天晟新材,sz300169,10.35,9.92,10.1,10.32,10.16,10.32,56691,0.0,0.0,0.0,0.0423,0.0217
2015-03-10,天晟新材,sz300169,11.35,10.3,10.32,11.22,10.32,11.22,149552,0.0,0.0,0.0,0.1017,0.0872
2015-03-11,天晟新材,sz300169,11.47,10.9,11.0,11.19,11.22,11.19,92936,0.0,0.0,0.0,0.0508,0.0172
2015-03-12,天晟新材,sz300169,11.9,10.9,11.17,11.26,11.19,11.26,85502,0.0,0.0,0.0,0.0893,0.008
2015-03-13,天晟新材,sz300169,11.55,11.08,11.13,11.5,11.26,11.5,60230,0.0,0.0,0.0,0.0417,0.0332
2015-03-16,天晟新材,sz300169,11.78,11.4,11.45,11.62,11.5,11.62,72669,0.0,0.0,0.0,0.033,0.0148
2015-03-17,天晟新材,sz300169,11.73,11.4,11.6,11.62,11.62,11.62,58273,0.0,0.0,0.0,0.0283,0.0017
2015-03-18,天晟新材,sz300169,11.85,11.41,11.61,11.73,11.62,11.73,58348,0.0,0.0,0.0,0.0378,0.0103
2015-03-19,天晟新材,sz300169,12.14,11.5,11.91,11.81,11.73,11.81,61318,0.0,0.0,0.0,0.0545,-0.0083
2015-03-20,天晟新材,sz300169,12.06,11.6,11.8,11.95,11.81,11.95,67618,0.0,0.0,0.0,0.0389,0.0127
2015-03-23,天晟新材,sz300169,12.21,11.88,11.99,12.17,11.95,12.17,50111,0.0,0.0,0.0,0.0276,0.015
2015-03-24,天晟新材,sz300169,12.18,11.25,12.15,11.8,12.17,11.8,95743,0.0,0.0,0.0,0.0764,-0.0288
2015-03-25,天晟新材,sz300169,11.88,11.5,11.78,11.78,11.8,11.78,49415,0.0,0.0,0.0,0.0322,0.0
2015-03-26,天晟新材,sz300169,11.85,11.33,11.73,11.45,11.78,11.45,59705,0.0,0.0,0.0,0.0441,-0.0238
2015-03-27,天晟新材,sz300169,11.55,11.13,11.45,11.4,11.45,11.4,78429,0.0,0.0,0.0,0.0366,-0.0043
2015-03-30,天晟新材,sz300169,11.59,11.3,11.39,11.54,11.4,11.54,61148,0.0,0.0,0.0,0.0254,0.0131
2015-03-31,天晟新材,sz300169,11.71,11.2,11.46,11.55,11.54,11.55,87068,0.0,0.0,0.0,0.0441,0.0078
2015-04-01,天晟新材,sz300169,12.71,11.44,11.52,12.71,11.55,12.71,109652,0.0,0.0,0.0,0.1099,0.1032
2015-04-02,天晟新材,sz300169,13.98,12.96,13.0,13.57,12.71,13.57,183617,0.0,0.0,0.0,0.0802,0.0438
2015-04-03,天晟新材,sz300169,13.79,13.1,13.5,13.7,13.57,13.7,89469,0.0,0.0,0.0,0.0508,0.0148
2015-04-06,天晟新材,sz300169,13.7,13.7,13.7,13.7,13.7,13.7,0,0.0,0.0,0.0,0.0,0.0
2015-04-07,天晟新材,sz300169,13.92,13.3,13.6,13.79,13.7,13.79,97071,0.0,0.0,0.0,0.0452,0.0139
2015-04-08,天晟新材,sz300169,13.79,13.05,13.79,13.22,13.79,13.22,84165,0.0,0.0,0.0,0.0536,-0.0413
2015-04-09,天晟新材,sz300169,13.29,12.17,13.11,12.7,13.22,12.7,89384,0.0,0.0,0.0,0.0847,-0.0312
2015-04-10,天晟新材,sz300169,13.11,12.27,12.5,12.84,12.7,12.84,92650,0.0,0.0,0.0,0.0661,0.0271
2015-04-13,天晟新材,sz300169,13.33,12.4,12.86,13.28,12.84,13.28,122638,0.0,0.0,0.0,0.0724,0.0326
2015-04-14,天晟新材,sz300169,13.39,12.68,13.29,12.82,13.28,12.82,81840,0.0,0.0,0.0,0.0534,-0.0353
2015-04-15,天晟新材,sz300169,12.73,11.56,12.72,11.83,12.82,11.83,112548,0.0,0.0,0.0,0.0912,-0.0699
2015-04-16,天晟新材,sz300169,12.22,11.55,11.66,11.94,11.83,11.94,63116,0.0,0.0,0.0,0.0566,0.024
2015-04-17,天晟新材,sz300169,12.24,11.97,12.02,12.02,11.94,12.02,77698,0.0,0.0,0.0,0.0226,0.0
2015-04-20,天晟新材,sz300169,12.07,11.66,12.03,11.67,12.02,11.67,66839,0.0,0.0,0.0,0.0341,-0.0299
2015-04-21,天晟新材,sz300169,12.19,11.62,11.62,12.13,11.67,12.13,51510,0.0,0.0,0.0,0.0488,0.0438
2015-04-22,天晟新材,sz300169,12.65,12.19,12.19,12.53,12.13,12.53,68123,0.0,0.0,0.0,0.0379,0.0278
2015-04-23,天晟新材,sz300169,12.69,12.28,12.54,12.56,12.53,12.56,88251,0.0,0.0,0.0,0.0327,0.0015
2015-04-24,天晟新材,sz300169,12.52,11.88,12.41,12.2,12.56,12.2,83945,0.0,0.0,0.0,0.0509,-0.0169
2015-04-27,天晟新材,sz300169,12.98,12.17,12.31,12.88,12.2,12.88,146045,0.0,0.0,0.0,0.0663,0.0463
2015-04-28,天晟新材,sz300169,13.28,12.1,12.8,12.16,12.88,12.16,118667,0.0,0.0,0.0,0.0916,-0.05
2015-04-29,天晟新材,sz300169,12.53,12.04,12.04,12.45,12.16,12.45,54582,0.0,0.0,0.0,0.0402,0.034
2015-04-30,天晟新材,sz300169,12.77,12.39,12.46,12.67,12.45,12.67,72324,0.0,0.0,0.0,0.0305,0.0168
2015-05-01,天晟新材,sz300169,12.67,12.67,12.67,12.67,12.67,12.67,0,0.0,0.0,0.0,0.0,0.0
2015-05-04,天晟新材,sz300169,12.78,12.0,12.67,12.55,12.67,12.55,59999,0.0,0.0,0.0,0.0615,-0.0094
2015-05-05,天晟新材,sz300169,12.7,11.91,12.53,12.13,12.55,12.13,66873,0.0,0.0,0.0,0.0629,-0.0319
2015-05-06,天晟新材,sz300169,12.42,11.6,12.12,12.0,12.13,12.0,62782,0.0,0.0,0.0,0.0676,-0.0099
2015-05-07,天晟新材,sz300169,12.1,11.65,12.02,11.7,12.0,11.7,49123,0.0,0.0,0.0,0.0374,-0.0266
2015-05-08,天晟新材,sz300169,12.67,11.8,11.8,12.54,11.7,12.54,95861,0.0,0.0,0.0,0.0743,0.0627
2015-05-11,天晟新材,sz300169,13.28,12.52,12.68,13.1,12.54,13.1,129013,0.0,0.0,0.0,0.0606,0.0331
2015-05-12,天晟新材,sz300169,13.33,12.85,13.04,13.08,13.1,13.08,104897,0.0,0.0,0.0,0.0366,0.003
2015-05-13,天晟新材,sz300169,13.93,12.68,12.98,13.58,13.08,13.58,139319,0.0,0.0,0.0,0.0955,0.0462
2015-05-14,天晟新材,sz300169,14.94,13.4,13.48,14.94,13.58,14.94,189435,0.0,0.0,0.0,0.1134,0.1083
2015-05-15,天晟新材,sz300169,15.38,14.5,15.11,14.7,14.94,14.7,163862,0.0,0.0,0.0,0.0589,-0.0271
2015-05-18,天晟新材,sz300169,15.33,14.6,14.7,14.81,14.7,14.81,122682,0.0,0.0,0.0,0.0496,0.0074
2015-05-19,天晟新材,sz300169,15.15,14.37,14.82,14.8,14.81,14.8,94245,0.0,0.0,0.0,0.0526,-0.0013
2015-05-20,天晟新材,sz300169,16.28,14.86,15.0,16.0,14.8,16.0,183270,0.0,0.0,0.0,0.0959,0.0666
2015-05-21,天晟新材,sz300169,17.0,15.81,16.0,16.27,16.0,16.27,162337,0.0,0.0,0.0,0.0743,0.0168
2015-05-22,天晟新材,sz300169,16.63,15.45,16.32,16.0,16.27,16.0,111957,0.0,0.0,0.0,0.0725,-0.0196
2015-05-25,天晟新材,sz300169,16.76,15.65,16.14,16.55,16.0,16.55,100230,0.0,0.0,0.0,0.0693,0.0254
2015-05-26,天晟新材,sz300169,17.85,16.82,16.82,17.6,16.55,17.6,101153,0.0,0.0,0.0,0.0622,0.0463
2015-05-27,天晟新材,sz300169,17.8,16.82,17.8,17.49,17.6,17.49,86168,0.0,0.0,0.0,0.0556,-0.0174
2015-05-28,天晟新材,sz300169,17.77,16.01,17.49,16.01,17.49,16.01,111620,0.0,0.0,0.0,0.1006,-0.0846
2015-05-29,天晟新材,sz300169,16.23,15.0,16.0,15.76,16.01,15.76,132276,0.0,0.0,0.0,0.0768,-0.015
2015-06-01,天晟新材,sz300169,17.34,15.87,15.87,17.26,15.76,17.26,119205,0.0,0.0,0.0,0.0932,0.0875
2015-06-02,天晟新材,sz300169,18.58,17.2,17.26,18.24,17.26,18.24,130139,0.0,0.0,0.0,0.0799,0.0567
2015-06-03,天晟新材,sz300169,19.5,18.01,18.49,18.68,18.24,18.68,134133,0.0,0.0,0.0,0.0816,0.0102
2015-06-04,天晟新材,sz300169,18.8,16.81,18.8,17.7,18.68,17.7,155944,0.0,0.0,0.0,0.1065,-0.0585
2015-06-05,天晟新材,sz300169,18.21,17.23,17.99,17.83,17.7,17.83,106653,0.0,0.0,0.0,0.0553,-0.0088
2015-06-08,天晟新材,sz300169,18.44,17.63,17.65,18.35,17.83,18.35,128386,0.0,0.0,0.0,0.0454,0.0396
2015-06-09,天晟新材,sz300169,18.35,17.56,18.35,17.77,18.35,17.77,68531,0.0,0.0,0.0,0.043,-0.0316
2015-06-10,天晟新材,sz300169,18.05,17.18,17.42,17.75,17.77,17.75,94220,0.0,0.0,0.0,0.0489,0.0189
2015-06-11,天晟新材,sz300169,18.65,17.6,17.75,18.5,17.75,18.5,103010,0.0,0.0,0.0,0.0591,0.0422
2015-06-12,天晟新材,sz300169,19.0,18.38,18.5,18.38,18.5,18.38,90280,0.0,0.0,0.0,0.0335,-0.0064
2015-06-15,天晟新材,sz300169,19.68,18.07,18.38,18.9,18.38,18.9,146751,0.0,0.0,0.0,0.0875,0.0282
2015-06-16,天晟新材,sz300169,18.58,17.2,18.12,17.28,18.9,17.28,91483,0.0,0.0,0.0,0.073,-0.0463
2015-06-17,天晟新材,sz300169,18.75,16.48,17.41,18.5,17.28,18.5,89179,0.0,0.0,0.0,0.1313,0.0626
2015-06-18,天晟新材,sz300169,19.77,18.4,19.36,18.5,18.5,18.5,141018,0.0,0.0,0.0,0.074,-0.0444
2015-06-19,天晟新材,sz300169,19.35,17.49,17.81,17.66,18.5,17.66,147140,0.0,0.0,0.0,0.1005,-0.0084
2015-06-22,天晟新材,sz300169,17.66,17.66,17.66,17.66,17.66,17.66,0,0.0,0.0,0.0,0.0,0.0
2015-06-23,天晟新材,sz300169,18.44,15.89,17.85,17.0,17.66,17.0,124994,0.0,0.0,0.0,0.1443,-0.0476
2015-06-24,天晟新材,sz300169,17.5,16.68,16.85,16.97,17.0,16.97,75723,0.0,0.0,0.0,0.0482,0.0071
2015-06-25,天晟新材,sz300169,17.35,15.51,17.12,15.66,16.97,15.66,73550,0.0,0.0,0.0,0.1084,-0.0852
2015-06-26,天晟新材,sz300169,15.57,14.09,15.0,14.09,15.66,14.09,83236,0.0,0.0,0.0,0.0945,-0.0606
2015-06-29,天晟新材,sz300169,14.69,12.68,14.48,12.68,14.09,12.68,133459,0.0,0.0,0.0,0.1426,-0.1243
2015-06-30,天晟新材,sz300169,13.65,11.41,12.68,13.5,12.68,13.5,135175,0.0,0.0,0.0,0.1766,0.0646
2015-07-01,天晟新材,sz300169,14.27,12.15,13.12,12.57,13.5,12.57,89554,0.0,0.0,0.0,0.157,-0.0419
2015-07-02,天晟新材,sz300169,12.93,11.32,12.67,11.41,12.57,11.41,79028,0.0,0.0,0.0,0.128,-0.0994
2015-07-03,天晟新材,sz300169,11.42,10.27,10.99,10.27,11.41,10.27,117474,0.0,0.0,0.0,0.1007,-0.0655
2015-07-06,天晟新材,sz300169,11.3,9.24,11.29,9.25,10.27,9.25,149594,0.0,0.0,0.0,0.2005,-0.1806
2015-07-07,天晟新材,sz300169,9.0,8.33,8.8,8.33,9.25,8.33,102903,0.0,0.0,0.0,0.0724,-0.0534
2015-07-08,天晟新材,sz300169,8.33,8.33,8.33,8.33,8.33,8.33,0,0.0,0.0,0.0,0.0,0.0
2015-07-09,天晟新材,sz300169,8.33,8.33,8.33,8.33,8.33,8.33,0,0.0,0.0,0.0,0.0,0.0
2015-07-10,天晟新材,sz300169,8.33,8.33,8.33,8.33,8.33,8.33,0,0.0,0.0,0.0,0.0,0.0
2015-07-13,天晟新材,sz300169,8.33,8.33,8.33,8.33,8.33,8.33,0,0.0,0.0,0.0,0.0,0.0
2015-07-14,天晟新材,sz300169,8.33,8.33,8.33,8.33,8.33,8.33,0,0.0,0.0,0.0,0.0,0.0
2015-07-15,天晟新材,sz300169,8.33,8.33,8.33,8.33,8.33,8.33,0,0.0,0.0,0.0,0.0,0.0
2015-07-16,天晟新材,sz300169,8.33,8.33,8.33,8.33,8.33,8.33,0,0.0,0.0,0.0,0.0,0.0
2015-07-17,天晟新材,sz300169,8.33,8.33,8.33,8.33,8.33,8.33,0,0.0,0.0,0.0,0.0,0.0
2015-07-20,天晟新材,sz300169,8.33,8.33,8.33,8.33,8.33,8.33,0,0.0,0.0,0.0,0.0,0.0
2015-07-21,天晟新材,sz300169,8.33,8.33,8.33,8.33,8.33,8.33,0,0.0,0.0,0.0,0.0,0.0
2015-07-22,天晟新材,sz300169,8.33,8.33,8.33,8.33,8.33,8.33,0,0.0,0.0,0.0,0.0,0.0
2015-07-23,天晟新材,sz300169,8.33,8.33,8.33,8.33,8.33,8.33,0,0.0,0.0,0.0,0.0,0.0
2015-07-24,天晟新材,sz300169,8.33,8.33,8.33,8.33,8.33,8.33,0,0.0,0.0,0.0,0.0,0.0
2015-07-27,天晟新材,sz300169,8.33,8.33,8.33,8.33,8.33,8.33,0,0.0,0.0,0.0,0.0,0.0
2015-07-28,天晟新材,sz300169,8.33,8.33,8.33,8.33,8.33,8.33,0,0.0,0.0,0.0,0.0,0.0
2015-07-29,天晟新材,sz300169,8.33,8.33,8.33,8.33,8.33,8.33,0,0.0,0.0,0.0,0.0,0.0
2015-07-30,天晟新材,sz300169,8.33,8.33,8.33,8.33,8.33,8.33,0,0.0,0.0,0.0,0.0,0.0
2015-07-31,天晟新材,sz300169,8.33,8.33,8.33,8.33,8.33,8.33,0,0.0,0.0,0.0,0.0,0.0
2015-08-03,天晟新材,sz300169,8.33,8.33,8.33,8.33,8.33,8.33,0,0.0,0.0,0.0,0.0,0.0
2015-08-04,天晟新材,sz300169,8.33,8.33,8.33,8.33,8.33,8.33,0,0.0,0.0,0.0,0.0,0.0
2015-08-05,天晟新材,sz300169,8.33,8.33,8.33,8.33,8.33,8.33,0,0.0,0.0,0.0,0.0,0.0
2015-08-06,天晟新材,sz300169,8.33,8.33,8.33,8.33,8.33,8.33,0,0.0,0.0,0.0,0.0,0.0
2015-08-07,天晟新材,sz300169,8.33,8.33,8.33,8.33,8.33,8.33,0,0.0,0.0,0.0,0.0,0.0
2015-08-10,天晟新材,sz300169,8.33,8.33,8.33,8.33,8.33,8.33,0,0.0,0.0,0.0,0.0,0.0
2015-08-11,天晟新材,sz300169,8.33,8.33,8.33,8.33,8.33,8.33,0,0.0,0.0,0.0,0.0,0.0
2015-08-12,天晟新材,sz300169,8.33,8.33,8.33,8.33,8.33,8.33,0,0.0,0.0,0.0,0.0,0.0
2015-08-13,天晟新材,sz300169,8.33,8.33,8.33,8.33,8.33,8.33,0,0.0,0.0,0.0,0.0,0.0
2015-08-14,天晟新材,sz300169,8.33,8.33,8.33,8.33,8.33,8.33,0,0.0,0.0,0.0,0.0,0.0
2015-08-17,天晟新材,sz300169,8.33,8.33,8.33,8.33,8.33,8.33,0,0.0,0.0,0.0,0.0,0.0
2015-08-18,天晟新材,sz300169,8.33,8.33,8.33,8.33,8.33,8.33,0,0.0,0.0,0.0,0.0,0.0
2015-08-19,天晟新材,sz300169,8.33,8.33,8.33,8.33,8.33,8.33,0,0.0,0.0,0.0,0.0,0.0
2015-08-20,天晟新材,sz300169,8.33,8.33,8.33,8.33,8.33,8.33,0,0.0,0.0,0.0,0.0,0.0
2015-08-21,天晟新材,sz300169,8.33,8.33,8.33,8.33,8.33,8.33,0,0.0,0.0,0.0,0.0,0.0
2015-08-24,天晟新材,sz300169,8.33,8.33,8.33,8.33,8.33,8.33,0,0.0,0.0,0.0,0.0,0.0
2015-08-25,天晟新材,sz300169,8.33,8.33,8.33,8.33,8.33,8.33,0,0.0,0.0,0.0,0.0,0.0
2015-08-26,天晟新材,sz300169,8.33,8.33,8.33,8.33,8.33,8.33,0,0.0,0.0,0.0,0.0,0.0
2015-08-27,天晟新材,sz300169,8.33,8.33,8.33,8.33,8.33,8.33,0,0.0,0.0,0.0,0.0,0.0
2015-08-28,天晟新材,sz300169,8.33,8.33,8.33,8.33,8.33,8.33,0,0.0,0.0,0.0,0.0,0.0
2015-08-31,天晟新材,sz300169,8.33,8.33,8.33,8.33,8.33,8.33,0,0.0,0.0,0.0,0.0,0.0
2015-09-01,天晟新材,sz300169,8.33,8.33,8.33,8.33,8.33,8.33,0,0.0,0.0,0.0,0.0,0.0
2015-09-02,天晟新材,sz300169,8.33,8.33,8.33,8.33,8.33,8.33,0,0.0,0.0,0.0,0.0,0.0
2015-09-03,天晟新材,sz300169,8.33,8.33,8.33,8.33,8.33,8.33,0,0.0,0.0,0.0,0.0,0.0
2015-09-04,天晟新材,sz300169,8.33,8.33,8.33,8.33,8.33,8.33,0,0.0,0.0,0.0,0.0,0.0
2015-09-07,天晟新材,sz300169,8.33,8.33,8.33,8.33,8.33,8.33,0,0.0,0.0,0.0,0.0,0.0
2015-09-08,天晟新材,sz300169,8.33,8.33,8.33,8.33,8.33,8.33,0,0.0,0.0,0.0,0.0,0.0
2015-09-09,天晟新材,sz300169,8.33,8.33,8.33,8.33,8.33,8.33,0,0.0,0.0,0.0,0.0,0.0
2015-09-10,天晟新材,sz300169,8.33,8.33,8.33,8.33,8.33,8.33,0,0.0,0.0,0.0,0.0,0.0
2015-09-11,天晟新材,sz300169,8.33,8.33,8.33,8.33,8.33,8.33,0,0.0,0.0,0.0,0.0,0.0
2015-09-14,天晟新材,sz300169,8.33,8.33,8.33,8.33,8.33,8.33,0,0.0,0.0,0.0,0.0,0.0
2015-09-15,天晟新材,sz300169,8.33,8.33,8.33,8.33,8.33,8.33,0,0.0,0.0,0.0,0.0,0.0
2015-09-16,天晟新材,sz300169,8.33,8.33,8.33,8.33,8.33,8.33,0,0.0,0.0,0.0,0.0,0.0
2015-09-17,天晟新材,sz300169,8.33,8.33,8.33,8.33,8.33,8.33,0,0.0,0.0,0.0,0.0,0.0
2015-09-18,天晟新材,sz300169,8.33,8.33,8.33,8.33,8.33,8.33,0,0.0,0.0,0.0,0.0,0.0
2015-09-21,天晟新材,sz300169,8.33,8.33,8.33,8.33,8.33,8.33,0,0.0,0.0,0.0,0.0,0.0
2015-09-22,天晟新材,sz300169,8.33,8.33,8.33,8.33,8.33,8.33,0,0.0,0.0,0.0,0.0,0.0
2015-09-23,天晟新材,sz300169,8.33,8.33,8.33,8.33,8.33,8.33,0,0.0,0.0,0.0,0.0,0.0
2015-09-24,天晟新材,sz300169,8.33,8.33,8.33,8.33,8.33,8.33,0,0.0,0.0,0.0,0.0,0.0
2015-09-25,天晟新材,sz300169,8.33,8.33,8.33,8.33,8.33,8.33,0,0.0,0.0,0.0,0.0,0.0
2015-09-28,天晟新材,sz300169,8.33,8.33,8.33,8.33,8.33,8.33,0,0.0,0.0,0.0,0.0,0.0
2015-09-29,天晟新材,sz300169,8.33,8.33,8.33,8.33,8.33,8.33,0,0.0,0.0,0.0,0.0,0.0
2015-09-30,天晟新材,sz300169,8.33,8.33,8.33,8.33,8.33,8.33,0,0.0,0.0,0.0,0.0,0.0
2015-10-01,天晟新材,sz300169,8.33,8.33,8.33,8.33,8.33,8.33,0,0.0,0.0,0.0,0.0,0.0
2015-10-02,天晟新材,sz300169,8.33,8.33,8.33,8.33,8.33,8.33,0,0.0,0.0,0.0,0.0,0.0
2015-10-05,天晟新材,sz300169,8.33,8.33,8.33,8.33,8.33,8.33,0,0.0,0.0,0.0,0.0,0.0
2015-10-06,天晟新材,sz300169,8.33,8.33,8.33,8.33,8.33,8.33,0,0.0,0.0,0.0,0.0,0.0
2015-10-07,天晟新材,sz300169,8.33,8.33,8.33,8.33,8.33,8.33,0,0.0,0.0,0.0,0.0,0.0
2015-10-08,天晟新材,sz300169,8.33,8.33,8.33,8.33,8.33,8.33,0,0.0,0.0,0.0,0.0,0.0
2015-10-09,天晟新材,sz300169,8.33,8.33,8.33,8.33,8.33,8.33,0,0.0,0.0,0.0,0.0,0.0
2015-10-12,天晟新材,sz300169,8.33,8.33,8.33,8.33,8.33,8.33,0,0.0,0.0,0.0,0.0,0.0
2015-10-13,天晟新材,sz300169,8.33,8.33,8.33,8.33,8.33,8.33,0,0.0,0.0,0.0,0.0,0.0
2015-10-14,天晟新材,sz300169,8.33,8.33,8.33,8.33,8.33,8.33,0,0.0,0.0,0.0,0.0,0.0
2015-10-15,天晟新材,sz300169,8.33,8.33,8.33,8.33,8.33,8.33,0,0.0,0.0,0.0,0.0,0.0
2015-10-16,天晟新材,sz300169,8.33,8.33,8.33,8.33,8.33,8.33,0,0.0,0.0,0.0,0.0,0.0
2015-10-19,天晟新材,sz300169,8.33,8.33,8.33,8.33,8.33,8.33,0,0.0,0.0,0.0,0.0,0.0
2015-10-20,天晟新材,sz300169,8.33,8.33,8.33,8.33,8.33,8.33,0,0.0,0.0,0.0,0.0,0.0
2015-10-21,天晟新材,sz300169,8.33,8.33,8.33,8.33,8.33,8.33,0,0.0,0.0,0.0,0.0,0.0
2015-10-22,天晟新材,sz300169,8.33,8.33,8.33,8.33,8.33,8.33,0,0.0,0.0,0.0,0.0,0.0
2015-10-23,天晟新材,sz300169,8.33,8.33,8.33,8.33,8.33,8.33,0,0.0,0.0,0.0,0.0,0.0
2015-10-26,天晟新材,sz300169,8.33,8.33,8.33,8.33,8.33,8.33,0,0.0,0.0,0.0,0.0,0.0
2015-10-27,天晟新材,sz300169,8.33,8.33,8.33,8.33,8.33,8.33,0,0.0,0.0,0.0,0.0,0.0
2015-10-28,天晟新材,sz300169,8.33,8.33,8.33,8.33,8.33,8.33,0,0.0,0.0,0.0,0.0,0.0
2015-10-29,天晟新材,sz300169,8.33,8.33,8.33,8.33,8.33,8.33,0,0.0,0.0,0.0,0.0,0.0
2015-10-30,天晟新材,sz300169,8.33,8.33,8.33,8.33,8.33,8.33,0,0.0,0.0,0.0,0.0,0.0
2015-11-02,天晟新材,sz300169,8.33,8.33,8.33,8.33,8.33,8.33,0,0.0,0.0,0.0,0.0,0.0
2015-11-03,天晟新材,sz300169,0.0,0.0,0.0,0.0,8.33,0.0,0,0.0,0.0,0.0,0.0,0.0
2015-11-04,天晟新材,sz300169,0.0,0.0,0.0,0.0,0.0,0.0,0,0.0,0.0,0.0,0.0,0.0
2015-11-05,天晟新材,sz300169,0.0,0.0,0.0,0.0,0.0,0.0,0,0.0,0.0,0.0,0.0,0.0
2015-11-06,天晟新材,sz300169,0.0,0.0,0.0,0.0,0.0,0.0,0,0.0,0.0,0.0,0.0,0.0
2015-11-09,天晟新材,sz300169,0.0,0.0,0.0,0.0,0.0,0.0,0,0.0,0.0,0.0,0.0,0.0
2015-11-10,天晟新材,sz300169,0.0,0.0,0.0,0.0,0.0,0.0,0,0.0,0.0,0.0,0.0,0.0
2015-11-11,天晟新材,sz300169,0.0,0.0,0.0,0.0,0.0,0.0,0,0.0,0.0,0.0,0.0,0.0
2015-11-12,天晟新材,sz300169,0.0,0.0,0.0,0.0,0.0,0.0,0,0.0,0.0,0.0,0.0,0.0
2015-11-13,天晟新材,sz300169,0.0,0.0,0.0,0.0,0.0,0.0,0,0.0,0.0,0.0,0.0,0.0
2015-11-16,天晟新材,sz300169,0.0,0.0,0.0,0.0,0.0,0.0,0,0.0,0.0,0.0,0.0,0.0
2015-11-17,天晟新材,sz300169,0.0,0.0,0.0,0.0,0.0,0.0,0,0.0,0.0,0.0,0.0,0.0
2015-11-18,天晟新材,sz300169,0.0,0.0,0.0,0.0,0.0,0.0,0,0.0,0.0,0.0,0.0,0.0
2015-11-19,天晟新材,sz300169,0.0,0.0,0.0,0.0,0.0,0.0,0,0.0,0.0,0.0,0.0,0.0
2015-11-20,天晟新材,sz300169,0.0,0.0,0.0,0.0,0.0,0.0,0,0.0,0.0,0.0,0.0,0.0
2015-11-23,天晟新材,sz300169,0.0,0.0,0.0,0.0,0.0,0.0,0,0.0,0.0,0.0,0.0,0.0
2015-11-24,天晟新材,sz300169,0.0,0.0,0.0,0.0,0.0,0.0,0,0.0,0.0,0.0,0.0,0.0
2015-11-25,天晟新材,sz300169,0.0,0.0,0.0,0.0,0.0,0.0,0,0.0,0.0,0.0,0.0,0.0
2015-11-26,天晟新材,sz300169,0.0,0.0,0.0,0.0,0.0,0.0,0,0.0,0.0,0.0,0.0,0.0
2015-11-27,天晟新材,sz300169,0.0,0.0,0.0,0.0,0.0,0.0,0,0.0,0.0,0.0,0.0,0.0
2015-11-30,天晟新材,sz300169,0.0,0.0,0.0,0.0,0.0,0.0,0,0.0,0.0,0.0,0.0,0.0
2015-12-01,天晟新材,sz300169,0.0,0.0,0.0,0.0,0.0,0.0,0,0.0,0.0,0.0,0.0,0.0
2015-12-02,天晟新材,sz300169,0.0,0.0,0.0,0.0,0.0,0.0,0,0.0,0.0,0.0,0.0,0.0
2015-12-03,天晟新材,sz300169,0.0,0.0,0.0,0.0,0.0,0.0,0,0.0,0.0,0.0,0.0,0.0
2015-12-04,天晟新材,sz300169,0.0,0.0,0.0,0.0,0.0,0.0,0,0.0,0.0,0.0,0.0,0.0
2015-12-07,天晟新材,sz300169,0.0,0.0,0.0,0.0,0.0,0.0,0,0.0,0.0,0.0,0.0,0.0
2015-12-08,天晟新材,sz300169,0.0,0.0,0.0,0.0,0.0,0.0,0,0.0,0.0,0.0,0.0,0.0
2015-12-09,天晟新材,sz300169,0.0,0.0,0.0,0.0,0.0,0.0,0,0.0,0.0,0.0,0.0,0.0
2015-12-10,天晟新材,sz300169,0.0,0.0,0.0,0.0,0.0,0.0,0,0.0,0.0,0.0,0.0,0.0
2015-12-11,天晟新材,sz300169,0.0,0.0,0.0,0.0,0.0,0.0,0,0.0,0.0,0.0,0.0,0.0
2015-12-14,天晟新材,sz300169,0.0,0.0,0.0,0.0,0.0,0.0,0,0.0,0.0,0.0,0.0,0.0
2015-12-15,天晟新材,sz300169,0.0,0.0,0.0,0.0,0.0,0.0,0,0.0,0.0,0.0,0.0,0.0
2015-12-16,天晟新材,sz300169,0.0,0.0,0.0,0.0,0.0,0.0,0,0.0,0.0,0.0,0.0,0.0
2015-12-17,天晟新材,sz300169,0.0,0.0,0.0,0.0,0.0,0.0,0,0.0,0.0,0.0,0.0,0.0
2015-12-18,天晟新材,sz300169,0.0,0.0,0.0,0.0,0.0,0.0,0,0.0,0.0,0.0,0.0,0.0
2015-12-21,天晟新材,sz300169,9.16,9.16,9.16,9.16,0.0,9.16,54,0.0,0.0,0.0,0.0,0.0
2015-12-22,天晟新材,sz300169,10.08,10.08,10.08,10.08,9.16,10.08,119,0.0,0.0,0.0,0.0,0.0
2015-12-23,天晟新材,sz300169,11.09,11.09,11.09,11.09,10.08,11.09,208,0.0,0.0,0.0,0.0,0.0
2015-12-24,天晟新材,sz300169,12.2,12.2,12.2,12.2,11.09,12.2,250,0.0,0.0,0.0,0.0,0.0
2015-12-25,天晟新材,sz300169,13.42,13.42,13.42,13.42,12.2,13.42,11529,0.0,0.0,0.0,0.0,0.0
2015-12-28,天晟新材,sz300169,14.76,14.76,14.76,14.76,13.42,14.76,3474,0.0,0.0,0.0,0.0,0.0
2015-12-29,天晟新材,sz300169,16.24,16.01,16.24,16.24,14.76,16.24,153284,0.0,0.0,0.0,0.0155,0.0
2015-12-30,天晟新材,sz300169,17.86,15.73,16.9,17.8,16.24,17.8,433405,0.0,0.0,0.0,0.1311,0.0532
2015-12-31,天晟新材,sz300169,18.3,16.58,17.29,17.3,17.8,17.3,209487,0.0,0.0,0.0,0.0966,5.0E-4
2016-01-01,天晟新材,sz300169,18.3,16.58,17.29,17.3,17.3,17.3,209487,0.0,0.0,0.0,0.0994,5.0E-4
2016-01-04,天晟新材,sz300169,17.28,15.86,17.0,15.89,17.3,15.89,87121,0.0,0.0,0.0,0.082,-0.0652
2016-01-05,天晟新材,sz300169,17.07,15.05,15.05,16.85,15.89,16.85,127705,0.0,0.0,0.0,0.1271,0.1196
2016-01-06,天晟新材,sz300169,18.54,16.6,16.9,18.1,16.85,18.1,128265,0.0,0.0,0.0,0.1151,0.071
2016-01-07,天晟新材,sz300169,17.88,16.29,17.5,16.3,18.1,16.3,36362,0.0,0.0,0.0,0.0878,-0.0685
2016-01-08,天晟新材,sz300169,17.35,15.0,17.0,16.64,16.3,16.64,83630,0.0,0.0,0.0,0.1441,-0.0211
2016-01-11,天晟新材,sz300169,16.82,15.13,16.31,15.18,16.64,15.18,82306,0.0,0.0,0.0,0.1015,-0.0692
2016-01-12,天晟新材,sz300169,15.8,13.84,15.5,13.84,15.18,13.84,89444,0.0,0.0,0.0,0.1291,-0.107
2016-01-13,天晟新材,sz300169,14.2,12.8,14.0,12.95,13.84,12.95,62417,0.0,0.0,0.0,0.1011,-0.075
2016-01-14,天晟新材,sz300169,13.62,12.01,12.51,13.16,12.95,13.16,58115,0.0,0.0,0.0,0.1243,0.0519
2016-01-15,天晟新材,sz300169,13.55,12.8,13.1,12.95,13.16,12.95,50376,0.0,0.0,0.0,0.0569,-0.0114
2016-01-18,天晟新材,sz300169,13.88,12.8,13.08,13.55,12.95,13.55,41998,0.0,0.0,0.0,0.0833,0.0359
2016-01-19,天晟新材,sz300169,14.5,13.56,13.77,14.39,13.55,14.39,61079,0.0,0.0,0.0,0.0693,0.045
2016-01-20,天晟新材,sz300169,14.67,13.88,14.25,13.91,14.39,13.91,54914,0.0,0.0,0.0,0.0548,-0.0238
2016-01-21,天晟新材,sz300169,14.9,13.8,13.8,13.97,13.91,13.97,68377,0.0,0.0,0.0,0.079,0.0123
2016-01-22,天晟新材,sz300169,14.18,12.8,14.1,13.64,13.97,13.64,55615,0.0,0.0,0.0,0.0987,-0.0326
2016-01-25,天晟新材,sz300169,13.78,13.18,13.69,13.42,13.64,13.42,44704,0.0,0.0,0.0,0.0439,-0.0197
2016-01-26,天晟新材,sz300169,13.32,12.08,13.18,12.08,13.42,12.08,47190,0.0,0.0,0.0,0.0923,-0.0834
2016-01-27,天晟新材,sz300169,12.25,11.25,12.18,11.6,12.08,11.6,51292,0.0,0.0,0.0,0.0827,-0.0476
2016-01-28,天晟新材,sz300169,11.98,11.32,11.59,11.55,11.6,11.55,28178,0.0,0.0,0.0,0.0568,-0.0034
2016-01-29,天晟新材,sz300169,12.33,11.16,11.48,12.12,11.55,12.12,33381,0.0,0.0,0.0,0.1012,0.0557
2016-02-01,天晟新材,sz300169,12.3,11.6,12.13,11.78,12.12,11.78,22277,0.0,0.0,0.0,0.0577,-0.0288
2016-02-02,天晟新材,sz300169,12.6,11.8,11.96,12.41,11.78,12.41,25325,0.0,0.0,0.0,0.0679,0.0376
2016-02-03,天晟新材,sz300169,12.41,11.91,12.1,12.26,12.41,12.26,29305,0.0,0.0,0.0,0.0402,0.0132
2016-02-04,天晟新材,sz300169,12.58,12.2,12.22,12.42,12.26,12.42,37456,0.0,0.0,0.0,0.0309,0.0163
2016-02-05,天晟新材,sz300169,12.58,12.12,12.42,12.12,12.42,12.12,30641,0.0,0.0,0.0,0.037,-0.0241
2016-02-08,天晟新材,sz300169,12.58,12.12,12.42,12.12,12.12,12.12,30641,0.0,0.0,0.0,0.0379,-0.0241
2016-02-09,天晟新材,sz300169,12.58,12.12,12.42,12.12,12.12,12.12,30641,0.0,0.0,0.0,0.0379,-0.0241
2016-02-10,天晟新材,sz300169,12.58,12.12,12.42,12.12,12.12,12.12,30641,0.0,0.0,0.0,0.0379,-0.0241
2016-02-11,天晟新材,sz300169,12.58,12.12,12.42,12.12,12.12,12.12,30641,0.0,0.0,0.0,0.0379,-0.0241
2016-02-12,天晟新材,sz300169,12.58,12.12,12.42,12.12,12.12,12.12,30641,0.0,0.0,0.0,0.0379,-0.0241
2016-02-15,天晟新材,sz300169,12.3,11.63,11.63,12.13,12.12,12.13,22598,0.0,0.0,0.0,0.0552,0.0429
2016-02-16,天晟新材,sz300169,12.84,12.05,12.05,12.62,12.13,12.62,42154,0.0,0.0,0.0,0.0651,0.0473
2016-02-17,天晟新材,sz300169,13.15,12.46,12.56,13.01,12.62,13.01,46021,0.0,0.0,0.0,0.0546,0.0358
2016-02-18,天晟新材,sz300169,13.69,12.8,13.1,13.26,13.01,13.26,46410,0.0,0.0,0.0,0.0684,0.0122
2016-02-19,天晟新材,sz300169,13.65,13.08,13.16,13.6,13.26,13.6,37548,0.0,0.0,0.0,0.0429,0.0334
2016-02-22,天晟新材,sz300169,14.0,13.49,14.0,13.71,13.6,13.71,37128,0.0,0.0,0.0,0.0374,-0.0207
2016-02-23,天晟新材,sz300169,13.98,13.5,13.69,13.63,13.71,13.63,27630,0.0,0.0,0.0,0.035,-0.0043
2016-02-24,天晟新材,sz300169,13.73,13.0,13.54,13.35,13.63,13.35,32880,0.0,0.0,0.0,0.0535,-0.014
2016-02-25,天晟新材,sz300169,13.35,12.02,13.28,12.02,13.35,12.02,53540,0.0,0.0,0.0,0.0996,-0.0948
2016-02-26,天晟新材,sz300169,12.29,11.0,12.08,11.51,12.02,11.51,58010,0.0,0.0,0.0,0.1073,-0.0471
2016-02-29,天晟新材,sz300169,11.5,10.36,11.3,10.39,11.51,10.39,39217,0.0,0.0,0.0,0.099,-0.0805
2016-03-01,天晟新材,sz300169,10.97,10.22,10.4,10.91,10.39,10.91,27378,0.0,0.0,0.0,0.0721,0.049
2016-03-02,天晟新材,sz300169,11.8,10.71,10.71,11.5,10.91,11.5,31703,0.0,0.0,0.0,0.0999,0.0737
2016-03-03,天晟新材,sz300169,11.98,11.27,11.5,11.68,11.5,11.68,32422,0.0,0.0,0.0,0.0617,0.0156
2016-03-04,天晟新材,sz300169,12.19,11.2,11.6,11.28,11.68,11.28,38626,0.0,0.0,0.0,0.0847,-0.0275
2016-03-07,天晟新材,sz300169,11.9,11.25,11.4,11.4,11.28,11.4,30784,0.0,0.0,0.0,0.0576,0.0
2016-03-08,天晟新材,sz300169,11.75,10.9,11.58,11.69,11.4,11.69,30910,0.0,0.0,0.0,0.0745,0.0094
2016-03-09,天晟新材,sz300169,12.0,11.13,11.3,11.73,11.69,11.73,26581,0.0,0.0,0.0,0.0744,0.038
2016-03-10,天晟新材,sz300169,11.9,11.35,11.8,11.35,11.73,11.35,15022,0.0,0.0,0.0,0.0468,-0.0381
2016-03-11,天晟新材,sz300169,11.53,11.12,11.36,11.36,11.35,11.36,12985,0.0,0.0,0.0,0.0361,0.0
2016-03-14,天晟新材,sz300169,11.95,11.51,11.6,11.72,11.36,11.72,32726,0.0,0.0,0.0,0.0387,0.0103
2016-03-15,天晟新材,sz300169,12.17,11.56,11.61,11.68,11.72,11.68,38808,0.0,0.0,0.0,0.052,0.006
2016-03-16,天晟新材,sz300169,11.99,11.42,11.83,11.53,11.68,11.53,23428,0.0,0.0,0.0,0.0488,-0.0253
2016-03-17,天晟新材,sz300169,12.02,11.52,11.78,12.0,11.53,12.0,48426,0.0,0.0,0.0,0.0433,0.0186
2016-03-18,天晟新材,sz300169,12.88,11.93,12.09,12.72,12.0,12.72,92072,0.0,0.0,0.0,0.0791,0.0521
2016-03-21,天晟新材,sz300169,12.9,12.51,12.85,12.66,12.72,12.66,74666,0.0,0.0,0.0,0.0306,-0.0147
2016-03-22,天晟新材,sz300169,13.0,12.5,12.63,12.65,12.66,12.65,49344,0.0,0.0,0.0,0.0394,0.0015
2016-03-23,天晟新材,sz300169,12.8,12.5,12.74,12.7,12.65,12.7,37754,0.0,0.0,0.0,0.0237,-0.0031
2016-03-24,天晟新材,sz300169,12.7,12.16,12.7,12.18,12.7,12.18,76442,0.0,0.0,0.0,0.0425,-0.0409
2016-03-25,天晟新材,sz300169,12.5,12.16,12.16,12.39,12.18,12.39,30397,0.0,0.0,0.0,0.0279,0.0189
