2016-03-25
2014-01-24,扬杰科技,sz300373,31.14,31.14,31.14,31.14,28.31,31.140009,1318038,0.063982,0.0,0.0,0.0,0.0
2014-01-27,扬杰科技,sz300373,34.25,34.25,34.25,34.25,31.14,34.250023,874140,0.042434,0.0,0.0,0.0,0.0
2014-01-28,扬杰科技,sz300373,37.68,36.58,37.0,37.68,34.25,37.680027,12323077,0.598208,0.0,0.0,0.0321,0.0183
2014-01-30,扬杰科技,sz300373,38.7,35.84,36.3,37.21,37.68,37.210045,8353841,0.405526,0.0,0.0,0.0759,0.025
2014-02-07,扬杰科技,sz300373,39.7,37.08,37.08,39.44,37.21,39.44004,6685895,0.324558,0.0,0.0,0.0704,0.0636
2014-02-10,扬杰科技,sz300373,43.38,39.63,39.63,43.38,39.44,43.380062,3820430,0.185458,0.0,0.0,0.095,0.0946
2014-02-11,扬杰科技,sz300373,47.28,43.8,45.67,45.05,43.38,45.050064,7544210,0.366224,0.0,0.0,0.0802,-0.0135
2014-02-12,扬杰科技,sz300373,49.56,45.15,45.15,48.98,45.05,48.980053,6295690,0.305616,0.0,0.0,0.0978,0.0848
2014-02-17,扬杰科技,sz300373,53.88,49.5,51.0,53.78,48.98,53.78005,7304443,0.354585,0.0,0.0,0.0894,0.0545
2014-02-18,扬杰科技,sz300373,54.45,50.79,52.81,51.7,53.78,51.70005,6757650,0.328041,0.0,0.0,0.068,-0.021
2014-02-19,扬杰科技,sz300373,52.51,48.01,51.4,50.0,51.7,50.00005,5208088,0.25282,0.0,0.0,0.087,-0.0272
2014-02-20,扬杰科技,sz300373,52.39,48.11,49.5,49.9,50.0,49.90005,4679241,0.227148,0.0,0.0,0.0856,0.008
2014-02-21,扬杰科技,sz300373,50.95,48.4,49.11,50.63,49.9,50.63004,3490808,0.169457,0.0,0.0,0.0511,0.0309
2014-02-24,扬杰科技,sz300373,51.69,49.94,50.63,51.6,50.63,51.60006,3494324,0.169627,0.0,0.0,0.0345,0.0191
2014-02-25,扬杰科技,sz300373,54.1,46.44,51.9,46.44,51.6,46.440052,6257152,0.303745,0.0,0.0,0.1484,-0.1052
2014-02-26,扬杰科技,sz300373,45.41,42.8,44.21,44.78,46.44,44.780052,3762079,0.182625,0.0,0.0,0.0562,0.0128
2014-02-27,扬杰科技,sz300373,45.62,41.52,45.0,42.16,44.78,42.16006,3852842,0.187031,0.0,0.0,0.0915,-0.0631
2014-02-28,扬杰科技,sz300373,44.38,41.52,42.33,43.97,42.16,43.970078,3112155,0.151075,0.0,0.0,0.0678,0.0387
2014-03-03,扬杰科技,sz300373,48.37,48.37,48.37,48.37,43.97,48.370075,505050,0.024517,0.0,0.0,0.0,0.0
2014-03-04,扬杰科技,sz300373,53.21,51.13,53.21,53.21,48.37,53.210083,8326986,0.404223,0.0,0.0,0.043,0.0
2014-03-05,扬杰科技,sz300373,55.23,50.75,54.25,51.66,53.21,51.660072,6687914,0.324656,0.0,0.0,0.0841,-0.0477
2014-03-06,扬杰科技,sz300373,56.83,49.69,50.4,56.83,51.66,56.83006,5745564,0.278911,0.0,0.0,0.1382,0.1275
2014-03-07,扬杰科技,sz300373,62.3,54.6,59.3,56.73,56.83,56.730038,9060657,0.439838,0.0,0.0,0.1354,-0.0433
2014-03-10,扬杰科技,sz300373,58.84,52.31,54.96,56.71,56.73,56.71001,5992097,0.290878,0.0,0.0,0.1151,0.0318
2014-03-11,扬杰科技,sz300373,56.8,52.4,56.0,55.1,56.71,55.100014,4975763,0.241542,0.0,0.0,0.0775,-0.016
2014-03-12,扬杰科技,sz300373,54.66,50.02,54.01,52.16,55.1,52.15999,4646513,0.225559,0.0,0.0,0.0842,-0.0342
2014-03-13,扬杰科技,sz300373,52.55,50.59,51.8,52.2,52.16,52.199993,2877207,0.13967,0.0,0.0,0.0375,0.0077
2014-03-14,扬杰科技,sz300373,56.29,51.02,51.52,53.51,52.2,53.510006,5333340,0.2589,0.0,0.0,0.1009,0.0386
2014-03-17,扬杰科技,sz300373,54.19,52.31,52.7,53.66,53.51,53.659992,3413302,0.165694,0.0,0.0,0.0351,0.0182
2014-03-18,扬杰科技,sz300373,56.0,52.66,53.4,53.18,53.66,53.180004,4425995,0.214854,0.0,0.0,0.0622,-0.0041
2014-03-19,扬杰科技,sz300373,56.0,51.5,52.5,55.25,53.18,55.249985,5288649,0.256731,0.0,0.0,0.0846,0.0523
2014-03-20,扬杰科技,sz300373,56.7,52.28,54.63,52.35,55.25,52.349968,4332096,0.210296,0.0,0.0,0.08,-0.0417
2014-03-21,扬杰科技,sz300373,53.5,50.23,51.48,52.4,52.35,52.39996,3068100,0.148937,0.0,0.0,0.0624,0.0178
2014-03-24,扬杰科技,sz300373,52.33,47.16,51.31,47.3,52.4,47.299976,4770968,0.2316,0.0,0.0,0.0986,-0.0781
2014-03-25,扬杰科技,sz300373,47.85,45.72,46.85,46.77,47.3,46.76998,2141360,0.10395,0.0,0.0,0.045,-0.0017
2014-03-26,扬杰科技,sz300373,47.65,45.92,46.78,46.18,46.77,46.179977,1609078,0.078111,0.0,0.0,0.0369,-0.0128
2014-03-27,扬杰科技,sz300373,46.6,43.3,46.2,43.3,46.18,43.299965,2200123,0.106802,0.0,0.0,0.0714,-0.0627
2014-03-28,扬杰科技,sz300373,44.96,41.8,43.4,43.3,43.3,43.299965,2528631,0.122749,0.0,0.0,0.0729,-0.0023
2014-03-31,扬杰科技,sz300373,44.6,42.26,43.4,43.96,43.3,43.95994,1944910,0.094413,0.0,0.0,0.054,0.0129
2014-04-01,扬杰科技,sz300373,46.08,43.56,43.8,45.85,43.96,45.849957,2503740,0.121541,0.0,0.0,0.0573,0.0468
2014-04-02,扬杰科技,sz300373,46.02,44.05,46.0,45.7,45.85,45.699936,2134768,0.10363,0.0,0.0,0.0429,-0.0065
2014-04-03,扬杰科技,sz300373,46.25,44.5,45.16,45.0,45.7,44.99995,2040523,0.099055,0.0,0.0,0.0382,-0.0035
2014-04-04,扬杰科技,sz300373,46.07,44.1,44.51,45.78,45.0,45.779934,1572614,0.07634,0.0,0.0,0.0437,0.0285
2014-04-08,扬杰科技,sz300373,50.36,47.11,47.48,50.36,45.78,50.35994,4422465,0.214683,34.855938,9.0243,0.0709,0.0606
2014-04-09,扬杰科技,sz300373,53.5,51.4,52.0,52.38,50.36,52.37993,5052926,0.245288,36.254047,9.386274,0.0416,0.0073
2014-04-10,扬杰科技,sz300373,53.33,50.7,52.0,50.7,52.38,50.699947,4290556,0.208279,35.09127,9.085228,0.0502,-0.0249
2014-04-11,扬杰科技,sz300373,50.77,48.65,49.88,48.78,50.7,48.779938,3470801,0.168485,33.762363,8.741171,0.0418,-0.022
2014-04-14,扬杰科技,sz300373,50.7,49.02,49.23,49.9,48.78,49.899925,2186462,0.106139,34.537548,8.941868,0.0344,0.0136
2014-04-15,扬杰科技,sz300373,50.43,48.87,49.51,50.12,49.9,50.119934,1670390,0.081087,34.689823,8.981293,0.0312,0.0123
2014-04-16,扬杰科技,sz300373,49.87,48.22,49.45,48.63,50.12,48.62992,1772270,0.086033,33.658527,8.714288,0.0329,-0.0165
2014-04-17,扬杰科技,sz300373,49.87,48.7,48.7,48.83,48.63,48.829933,1418555,0.068862,33.796967,8.75013,0.024,0.0026
2014-04-18,扬杰科技,sz300373,49.5,48.06,48.72,48.77,48.83,48.769924,1206874,0.058586,33.75543,8.739376,0.0294,0.001
2014-04-21,扬杰科技,sz300373,53.5,48.11,48.77,51.0,48.77,50.999928,4159017,0.201894,35.298897,9.138984,0.1105,0.0457
2014-04-22,扬杰科技,sz300373,52.65,50.11,51.0,52.29,51.0,52.28992,3685610,0.178913,36.19175,9.370145,0.0498,0.0252
2014-04-23,扬杰科技,sz300373,53.3,51.32,51.58,51.67,52.29,51.669918,2759493,0.133956,35.762623,9.259043,0.0378,0.0017
2014-04-24,扬杰科技,sz300373,54.57,50.9,51.4,54.15,51.67,54.149918,4513828,0.219118,37.479122,9.70345,0.071,0.0535
2014-04-25,扬杰科技,sz300373,54.09,51.28,53.28,51.45,54.15,51.44995,3224212,0.156515,35.610374,9.219626,0.0518,-0.0343
2014-04-28,扬杰科技,sz300373,51.12,46.31,50.6,46.31,51.45,46.309944,3266221,0.158554,32.05279,8.298558,0.0934,-0.0847
2014-04-29,扬杰科技,sz300373,48.25,45.28,45.47,48.17,46.31,48.169937,2576077,0.125052,33.34016,8.631861,0.0641,0.0593
2014-04-30,扬杰科技,sz300373,48.68,47.69,47.69,48.41,48.17,48.40992,1760274,0.08545,33.50626,8.674865,0.0205,0.015
2014-05-05,扬杰科技,sz300373,52.87,47.78,48.04,52.8,48.41,52.799927,3132983,0.152087,36.544743,9.461536,0.1051,0.099
2014-05-06,扬杰科技,sz300373,54.28,51.9,52.31,53.2,52.8,53.19994,3020668,0.146634,36.821606,9.533217,0.045,0.017
2014-05-07,扬杰科技,sz300373,55.49,52.1,52.7,53.86,53.2,53.859936,4180173,0.202921,37.278416,9.651486,0.0637,0.022
2014-05-08,扬杰科技,sz300373,54.2,52.41,53.2,53.08,53.86,53.079937,2428711,0.117899,36.73855,9.511713,0.0332,-0.0022
2014-05-09,扬杰科技,sz300373,58.0,53.18,54.2,53.62,53.08,53.61992,4313759,0.209406,37.11229,9.608476,0.0908,-0.0107
2014-05-12,扬杰科技,sz300373,54.34,51.61,53.0,54.17,53.62,54.1699,2777597,0.134835,37.49295,9.70703,0.0509,0.022
2014-05-13,扬杰科技,sz300373,57.58,53.81,53.98,56.83,54.17,56.829914,3832463,0.186042,39.33404,10.183694,0.0695,0.0527
2014-05-14,扬杰科技,sz300373,61.98,56.3,56.8,60.58,56.83,60.57989,5804049,0.28175,41.92954,10.855675,0.0999,0.0665
2014-05-15,扬杰科技,sz300373,66.64,59.37,60.42,66.64,60.58,66.63988,8092932,0.392861,46.123875,11.9416,0.12,0.1029
2014-05-16,扬杰科技,sz300373,32.5,29.9,32.49,29.9,66.64,60.009876,9317910,0.226163,41.53501,10.753531,0.039,-0.0797
2014-05-19,扬杰科技,sz300373,29.3,27.0,28.5,27.55,29.9,55.2934,12624913,0.30643,38.270565,9.908357,0.0769,-0.0333
2014-05-20,扬杰科技,sz300373,29.66,27.67,28.4,28.18,27.55,56.55785,11224976,0.272451,39.145737,10.134941,0.0722,-0.0077
2014-05-21,扬杰科技,sz300373,28.08,26.78,27.68,28.04,28.18,56.27687,7860238,0.190782,38.95126,10.084591,0.0461,0.013
2014-05-22,扬杰科技,sz300373,28.41,27.15,28.0,27.29,28.04,54.771576,7259347,0.176198,37.909393,9.814848,0.0449,-0.0253
2014-05-23,扬杰科技,sz300373,27.93,26.91,27.0,27.77,27.29,55.734955,6595997,0.160097,38.57618,9.987482,0.0373,0.0285
2014-05-26,扬杰科技,sz300373,28.36,27.45,28.25,27.81,27.77,55.815212,6167131,0.149688,38.63173,10.001863,0.0327,-0.0155
2014-05-27,扬杰科技,sz300373,29.96,27.38,27.86,29.59,27.81,59.387722,11359600,0.275718,41.104393,10.642043,0.0927,0.062
2014-05-28,扬杰科技,sz300373,30.28,28.83,29.1,29.85,29.59,59.90956,10259494,0.249017,41.465576,10.735554,0.049,0.0257
2014-05-29,扬杰科技,sz300373,29.98,27.86,29.5,28.11,29.85,56.417374,7769817,0.188588,39.048508,10.109768,0.071,-0.0471
2014-05-30,扬杰科技,sz300373,28.6,27.7,27.9,28.13,28.11,56.457485,4005601,0.097223,39.07627,10.116956,0.032,0.0082
2014-06-03,扬杰科技,sz300373,28.59,27.88,28.12,28.08,28.13,56.357162,3406484,0.082682,39.006832,10.098978,0.0252,-0.0014
2014-06-04,扬杰科技,sz300373,28.48,26.82,28.08,27.49,28.08,55.173042,4988697,0.121085,38.18726,9.886789,0.0591,-0.021
2014-06-05,扬杰科技,sz300373,27.5,26.9,27.25,27.45,27.49,55.092766,4720394,0.114573,38.1317,9.872403,0.0218,0.0073
2014-06-06,扬杰科技,sz300373,28.1,27.1,27.66,27.3,27.45,54.791737,4371887,0.106114,37.923347,9.818461,0.0364,-0.013
2014-06-09,扬杰科技,sz300373,27.48,26.27,27.3,26.33,27.3,52.844933,4342442,0.105399,36.575893,9.469601,0.0443,-0.0355
2014-06-10,扬杰科技,sz300373,27.2,26.31,26.5,27.14,26.33,54.4706,3874144,0.094033,37.701077,9.760914,0.0338,0.0241
2014-06-11,扬杰科技,sz300373,27.06,26.45,26.99,26.62,27.14,53.426945,4015433,0.097462,36.97872,9.573895,0.0224,-0.0137
2014-06-12,扬杰科技,sz300373,26.84,26.34,26.6,26.38,26.62,52.945248,2775099,0.067357,36.645325,9.487577,0.0187,-0.0082
2014-06-13,扬杰科技,sz300373,26.98,26.33,26.45,26.73,26.38,53.647724,3611384,0.087655,37.131535,9.613458,0.0246,0.0105
2014-06-16,扬杰科技,sz300373,28.16,26.61,26.71,27.83,26.73,55.855434,6891034,0.167258,38.65957,10.009071,0.0579,0.0419
2014-06-17,扬杰科技,sz300373,27.79,26.8,27.62,26.83,27.83,53.84844,4748266,0.115249,37.270454,9.649425,0.0355,-0.0286
2014-06-18,扬杰科技,sz300373,27.05,26.3,26.78,26.36,26.83,52.90512,4161425,0.101005,36.61755,9.480387,0.0279,-0.0156
2014-06-19,扬杰科技,sz300373,26.69,24.01,26.62,24.54,26.36,49.25234,5092781,0.123611,34.08933,8.825823,0.1016,-0.0781
2014-06-20,扬杰科技,sz300373,25.0,24.33,24.5,24.66,24.54,49.493183,2346320,0.05695,34.256023,8.868981,0.0273,0.0065
2014-06-23,扬杰科技,sz300373,25.8,24.7,24.8,25.39,24.66,50.958332,4278430,0.103845,35.270107,9.131529,0.0446,0.0237
2014-06-24,扬杰科技,sz300373,25.97,25.29,25.5,25.54,25.39,51.25939,3132353,0.076028,35.47848,9.185479,0.0267,0.0015
2014-06-25,扬杰科技,sz300373,26.98,25.63,25.79,26.78,25.54,53.748085,7318955,0.177645,37.200996,9.631443,0.0528,0.0383
2014-06-26,扬杰科技,sz300373,29.46,26.58,26.78,29.46,26.78,59.126926,14232920,0.345459,40.92389,10.595309,0.1075,0.1
2014-06-27,扬杰科技,sz300373,31.0,28.92,30.99,29.15,29.46,58.504734,16644183,0.403985,40.493244,10.483815,0.0706,-0.0593
2014-06-30,扬杰科技,sz300373,30.15,28.1,28.3,29.45,29.15,59.106865,11145755,0.270528,40.910004,10.591714,0.0703,0.0406
2014-07-01,扬杰科技,sz300373,29.8,28.3,29.04,28.9,29.45,58.002983,7955575,0.193096,40.145966,10.393903,0.0509,-0.0048
2014-07-02,扬杰科技,sz300373,28.85,27.55,28.61,28.21,28.9,56.618164,5898865,0.143176,39.18748,10.145749,0.0449,-0.0139
2014-07-03,扬杰科技,sz300373,28.82,27.88,28.0,28.64,28.21,57.481194,4716662,0.114482,39.784817,10.300401,0.0333,0.0228
2014-07-04,扬杰科技,sz300373,29.16,28.34,28.45,28.6,28.64,57.400894,5118492,0.124235,39.729237,10.286011,0.0286,0.0052
2014-07-07,扬杰科技,sz300373,28.48,27.63,28.48,27.86,28.6,55.915703,4370369,0.106077,38.701283,10.019871,0.0297,-0.0217
2014-07-08,扬杰科技,sz300373,28.24,27.33,27.84,28.18,27.86,56.55795,3663298,0.088915,39.145805,10.134959,0.0326,0.0122
2014-07-09,扬杰科技,sz300373,28.28,26.2,27.93,26.95,28.18,54.08931,4118856,0.099972,37.43717,9.692588,0.0738,-0.035
2014-07-10,扬杰科技,sz300373,27.55,26.7,26.88,26.95,26.95,54.08931,2517455,0.061103,37.43717,9.692588,0.0315,0.0026
2014-07-11,扬杰科技,sz300373,27.29,26.51,26.77,26.63,26.95,53.447052,2700323,0.065542,36.99264,9.577499,0.0289,-0.0052
2014-07-14,扬杰科技,sz300373,27.19,26.4,26.6,27.11,26.63,54.410435,2280993,0.055364,37.65943,9.750133,0.0296,0.0191
2014-07-15,扬杰科技,sz300373,27.18,26.17,27.13,26.33,27.11,52.84494,2787611,0.06766,36.575897,9.469602,0.0372,-0.0294
2014-07-16,扬杰科技,sz300373,26.45,25.45,26.13,25.56,26.33,51.29954,2334514,0.056663,35.50627,9.192673,0.0379,-0.0218
2014-07-17,扬杰科技,sz300373,25.97,25.5,25.66,25.86,25.56,51.90164,1450132,0.035197,35.923008,9.300567,0.0183,0.0077
2014-07-18,扬杰科技,sz300373,26.15,25.62,25.8,25.67,25.86,51.52032,1277827,0.031015,35.65908,9.232236,0.0204,-0.005
2014-07-21,扬杰科技,sz300373,25.75,25.03,25.67,25.35,25.67,50.87807,1405607,0.034117,35.214554,9.117147,0.028,-0.0124
2014-07-22,扬杰科技,sz300373,26.02,25.35,25.43,25.93,25.35,52.04216,1772332,0.043018,36.020264,9.325747,0.0264,0.0196
2014-07-23,扬杰科技,sz300373,26.08,24.56,25.97,24.81,25.93,49.794304,2638119,0.064032,34.46444,8.92294,0.0586,-0.0446
2014-07-24,扬杰科技,sz300373,25.44,24.22,24.81,25.3,24.81,50.77774,2321186,0.056339,35.145115,9.099169,0.0491,0.0197
2014-07-25,扬杰科技,sz300373,25.34,24.58,25.0,24.95,25.3,50.075283,1650624,0.040064,34.658916,8.973291,0.03,-0.002
2014-07-28,扬杰科技,sz300373,25.55,24.87,25.1,25.46,24.95,51.09887,2553729,0.061984,35.36738,9.156714,0.0272,0.0143
2014-07-29,扬杰科技,sz300373,26.08,25.51,25.51,25.83,25.46,51.84149,2638562,0.064043,35.881374,9.289788,0.0223,0.0125
2014-07-30,扬杰科技,sz300373,25.82,25.33,25.81,25.74,25.83,51.660873,2281239,0.05537,35.756363,9.257423,0.0189,-0.0027
2014-07-31,扬杰科技,sz300373,25.97,25.57,25.78,25.8,25.74,51.781296,1715141,0.04163,35.83971,9.279002,0.0155,7.0E-4
2014-08-01,扬杰科技,sz300373,25.66,24.81,25.65,24.93,25.8,50.03518,2337018,0.056724,34.63116,8.966104,0.0329,-0.028
2014-08-04,扬杰科技,sz300373,25.25,24.79,24.79,25.16,24.93,50.496803,954659,0.023171,34.95067,9.048826,0.0184,0.0149
2014-08-05,扬杰科技,sz300373,25.77,24.91,25.14,25.71,25.16,51.600662,2247884,0.05456,35.714687,9.246633,0.0341,0.0226
2014-08-06,扬杰科技,sz300373,26.1,25.53,25.64,25.8,25.71,51.78132,2468991,0.059927,35.839725,9.279005,0.0221,0.0062
2014-08-07,扬杰科技,sz300373,26.1,25.8,25.8,25.92,25.8,52.022152,1948621,0.047297,36.006416,9.322162,0.0116,0.0046
2014-08-08,扬杰科技,sz300373,26.18,25.72,26.1,25.97,25.92,52.1225,2111105,0.05124,36.07587,9.340145,0.0177,-0.0049
2014-08-11,扬杰科技,sz300373,26.25,25.86,25.91,26.25,25.97,52.684486,2450756,0.059484,36.464844,9.44085,0.015,0.0131
2014-08-12,扬杰科技,sz300373,27.43,26.4,26.4,27.23,26.25,54.65136,5409719,0.131304,37.826183,9.793305,0.0392,0.0314
2014-08-13,扬杰科技,sz300373,27.1,26.25,27.1,26.67,27.23,53.527397,3615459,0.087754,37.048252,9.591896,0.0312,-0.0158
2014-08-14,扬杰科技,sz300373,26.85,26.25,26.7,26.26,26.67,52.70452,2161212,0.052457,36.478706,9.44444,0.0224,-0.0164
2014-08-15,扬杰科技,sz300373,26.45,26.0,26.26,26.4,26.26,52.98549,1939299,0.04707,36.673176,9.494788,0.0171,0.0053
2014-08-18,扬杰科技,sz300373,27.09,26.37,26.38,27.02,26.4,54.229855,2650880,0.064342,37.534447,9.717773,0.0272,0.0242
2014-08-19,扬杰科技,sz300373,27.58,26.88,27.06,27.26,27.02,54.71152,3937082,0.09556,37.86783,9.804087,0.0259,0.0073
2014-08-20,扬杰科技,sz300373,27.8,26.92,27.26,27.45,27.26,55.09286,4024270,0.097676,38.131767,9.872421,0.0322,0.0069
2014-08-21,扬杰科技,sz300373,27.75,26.91,27.5,27.27,27.45,54.731617,3121324,0.07576,37.881737,9.807688,0.0306,-0.0083
2014-08-22,扬杰科技,sz300373,27.96,27.09,27.34,27.95,27.27,56.096405,4186249,0.101608,38.826355,10.052252,0.0319,0.0223
2014-08-25,扬杰科技,sz300373,28.28,27.27,28.1,27.38,27.95,54.952377,3115908,0.075629,38.03453,9.847246,0.0361,-0.0256
2014-08-26,扬杰科技,sz300373,27.45,26.43,27.39,26.6,27.38,53.386894,2706716,0.065697,36.951,9.566718,0.0372,-0.0288
2014-08-27,扬杰科技,sz300373,26.94,26.49,26.49,26.62,26.6,53.42704,1400594,0.033995,36.97879,9.573912,0.0169,0.0049
2014-08-28,扬杰科技,sz300373,26.95,26.02,26.69,26.23,26.62,52.64428,1969373,0.0478,36.43701,9.433645,0.0349,-0.0172
2014-08-29,扬杰科技,sz300373,26.64,26.23,26.3,26.55,26.23,53.28654,1222557,0.029674,36.881546,9.548735,0.0156,0.0095
2014-09-01,扬杰科技,sz300373,27.2,26.45,26.55,27.17,26.55,54.530888,1985210,0.048185,37.7428,9.771717,0.0282,0.0233
2014-09-02,扬杰科技,sz300373,28.25,27.23,27.23,27.93,27.17,56.056225,4873649,0.118292,38.798546,10.045052,0.0375,0.0257
2014-09-03,扬杰科技,sz300373,28.13,27.46,27.84,28.13,27.93,56.457645,4055806,0.098442,39.07638,10.116985,0.0239,0.0104
2014-09-04,扬杰科技,sz300373,29.48,27.91,28.13,28.94,28.13,58.083344,6455181,0.156679,40.201584,10.408303,0.0558,0.0287
2014-09-05,扬杰科技,sz300373,28.96,28.39,28.86,28.63,28.94,57.461155,3392334,0.082338,39.770947,10.296809,0.0196,-0.0079
2014-09-09,扬杰科技,sz300373,29.15,28.45,28.7,28.95,28.63,58.103397,3287169,0.079786,40.215466,10.411897,0.0244,0.0087
2014-09-10,扬杰科技,sz300373,29.46,28.52,28.71,29.38,28.95,58.966408,3959867,0.096113,40.812786,10.566545,0.0324,0.0233
2014-09-11,扬杰科技,sz300373,29.98,28.91,29.38,29.2,29.38,58.605118,6001804,0.145675,40.562725,10.501803,0.0364,-0.0061
2014-09-12,扬杰科技,sz300373,29.55,28.98,29.14,29.32,29.2,58.845985,2703013,0.065607,40.72944,10.544966,0.0195,0.0061
2014-09-15,扬杰科技,sz300373,29.96,29.13,29.18,29.67,29.32,59.54843,3456084,0.083886,41.215626,10.670841,0.0283,0.0167
2014-09-16,扬杰科技,sz300373,29.95,27.97,29.55,28.02,29.67,56.236824,4493761,0.109072,38.923542,10.077414,0.0667,-0.0517
2014-09-17,扬杰科技,sz300373,28.48,27.55,28.02,28.31,28.02,56.818874,2317667,0.056254,39.3264,10.181716,0.0331,0.0103
2014-09-18,扬杰科技,sz300373,28.58,28.0,28.1,28.27,28.31,56.73859,1781638,0.043244,39.270832,10.167329,0.0204,0.006
2014-09-19,扬杰科技,sz300373,28.46,27.96,28.36,28.36,28.27,56.919247,1652756,0.040115,39.39587,10.199702,0.0176,0.0
2014-09-22,扬杰科技,sz300373,28.3,27.58,28.2,27.58,28.36,55.353737,2126150,0.051606,38.31233,9.919169,0.0253,-0.0219
2014-09-23,扬杰科技,sz300373,28.12,27.36,27.45,28.09,27.58,56.37734,1646585,0.039966,39.020798,10.102594,0.0275,0.0233
2014-09-24,扬杰科技,sz300373,28.37,27.87,27.91,28.34,28.09,56.879097,2313159,0.056145,39.368084,10.192507,0.0177,0.0154
2014-09-25,扬杰科技,sz300373,28.67,28.04,28.37,28.22,28.34,56.63827,2215066,0.053764,39.2014,10.149352,0.0222,-0.0052
2014-09-26,扬杰科技,sz300373,28.3,27.06,28.27,28.14,28.22,56.477703,1803421,0.043772,39.090263,10.120579,0.0439,-0.0045
2014-09-29,扬杰科技,sz300373,28.84,28.01,28.01,28.75,28.14,57.70197,3417790,0.082956,39.937622,10.339963,0.0294,0.0264
2014-09-30,扬杰科技,sz300373,28.96,28.6,28.76,28.8,28.75,57.802315,3261694,0.079167,40.007076,10.357944,0.0125,0.0013
2014-10-08,扬杰科技,sz300373,29.49,28.8,28.83,29.4,28.8,59.006508,3462821,0.084049,40.84054,10.573731,0.0239,0.0197
2014-10-09,扬杰科技,sz300373,29.57,28.7,29.41,29.16,29.4,58.524837,3684275,0.089424,40.50716,10.487418,0.0295,-0.0085
2014-10-10,扬杰科技,sz300373,29.1,28.68,29.1,28.77,29.16,57.742126,2027384,0.049208,39.96542,10.347159,0.0144,-0.0113
2014-10-13,扬杰科技,sz300373,29.78,28.15,28.65,29.78,28.77,59.769222,5063966,0.122912,41.368443,10.710406,0.0566,0.0394
2014-10-14,扬杰科技,sz300373,30.45,29.21,29.68,29.49,29.78,59.18719,5021186,0.121873,40.9656,10.606108,0.0416,-0.0064
2014-10-15,扬杰科技,sz300373,30.79,29.19,29.3,30.47,29.49,61.1541,6504285,0.157871,42.326965,10.95857,0.0542,0.0399
2014-10-16,扬杰科技,sz300373,31.86,29.85,30.15,30.71,30.47,61.63581,6758191,0.164034,42.660378,11.044891,0.0659,0.0185
2014-10-17,扬杰科技,sz300373,32.57,29.8,30.65,32.29,30.71,64.80691,10467088,0.254056,44.85521,11.61314,0.0901,0.0535
2014-10-20,扬杰科技,sz300373,32.31,31.4,32.3,32.19,32.29,64.6062,5192790,0.126039,44.716293,11.577174,0.0281,-0.0034
2014-10-21,扬杰科技,sz300373,32.79,31.66,31.96,31.78,32.19,63.783314,4646318,0.112775,44.146744,11.429715,0.0351,-0.0056
2014-10-22,扬杰科技,sz300373,31.9,30.19,31.72,30.2,31.78,60.612198,5020691,0.121861,41.951897,10.861464,0.0538,-0.0479
2014-10-23,扬杰科技,sz300373,30.17,28.85,30.17,29.0,30.2,58.203773,3443775,0.083587,40.28494,10.429884,0.0437,-0.0387
2014-10-24,扬杰科技,sz300373,29.58,28.82,28.98,29.2,29.0,58.605206,2619438,0.063579,40.562786,10.501819,0.0262,0.0075
2014-10-27,扬杰科技,sz300373,29.78,28.66,29.15,29.62,29.2,59.44818,1952851,0.047399,41.14624,10.652877,0.0383,0.0161
2014-10-28,扬杰科技,sz300373,30.53,29.62,29.62,30.53,29.62,61.274548,2639673,0.06407,42.410336,10.980155,0.0307,0.0307
2014-10-29,扬杰科技,sz300373,31.0,30.19,30.53,30.41,30.53,61.03368,3196315,0.07758,42.24362,10.936992,0.0265,-0.0039
2014-10-30,扬杰科技,sz300373,31.51,30.24,30.3,31.13,30.41,62.47871,4022109,0.097624,43.24378,11.195936,0.0417,0.0273
2014-10-31,扬杰科技,sz300373,31.37,30.21,31.3,30.82,31.13,61.85655,3102242,0.075297,42.813156,11.084447,0.0372,-0.0153
2014-11-03,扬杰科技,sz300373,31.48,30.8,31.08,31.23,30.82,62.67943,2569761,0.062373,43.3827,11.231903,0.022,0.0048
2014-11-04,扬杰科技,sz300373,31.33,29.94,31.2,30.23,31.23,60.672432,3356940,0.081479,41.993587,10.872258,0.0445,-0.031
2014-11-05,扬杰科技,sz300373,30.25,29.41,30.2,29.55,30.23,59.307667,2495345,0.060567,41.048985,10.627697,0.0277,-0.0215
2014-11-06,扬杰科技,sz300373,30.28,29.61,29.7,30.28,29.55,60.7728,1886930,0.045799,42.063057,10.890244,0.0226,0.0195
2014-11-07,扬杰科技,sz300373,30.87,29.77,30.44,30.04,30.28,60.29112,2839243,0.068914,41.729668,10.803928,0.0363,-0.0131
2014-11-10,扬杰科技,sz300373,30.4,29.6,29.9,30.2,30.04,60.61223,1915580,0.046495,41.95192,10.861469,0.0266,0.01
2014-11-11,扬杰科技,sz300373,30.1,28.33,30.1,28.62,30.2,57.441116,3208071,0.077866,39.757076,10.293219,0.0586,-0.0491
2014-11-12,扬杰科技,sz300373,29.42,28.4,28.45,29.26,28.62,58.725616,2096543,0.050887,40.646126,10.523396,0.0356,0.0284
2014-11-13,扬杰科技,sz300373,28.99,27.7,28.99,27.95,29.26,56.09641,3196982,0.077597,38.82636,10.052253,0.044,-0.0358
2014-11-14,扬杰科技,sz300373,27.9,27.25,27.5,27.66,27.95,55.514355,1920762,0.04662,38.423496,9.947951,0.0232,0.0058
2014-11-17,扬杰科技,sz300373,28.25,27.5,27.5,27.98,27.66,56.1566,1450503,0.035206,38.868015,10.063039,0.0271,0.0174
2014-11-18,扬杰科技,sz300373,28.19,27.82,28.0,28.01,27.98,56.2168,950751,0.023076,38.909683,10.073826,0.0132,3.0E-4
2014-11-19,扬杰科技,sz300373,28.57,27.98,28.01,28.45,28.01,57.09991,1658037,0.040244,39.520916,10.232076,0.021,0.0157
2014-11-20,扬杰科技,sz300373,28.39,27.91,28.3,28.03,28.45,56.256943,1217116,0.029542,38.93747,10.08102,0.0168,-0.0095
2014-11-21,扬杰科技,sz300373,28.47,28.11,28.11,28.42,28.03,57.039703,1636872,0.03973,39.479244,10.221287,0.0128,0.011
2014-11-24,扬杰科技,sz300373,28.79,28.23,28.7,28.33,28.42,56.85906,1762848,0.042788,39.354214,10.188916,0.0197,-0.0128
2014-11-25,扬杰科技,sz300373,28.76,28.0,28.33,28.58,28.33,57.36084,2881362,0.069936,39.701515,10.278833,0.0268,0.0088
2014-11-26,扬杰科技,sz300373,29.97,28.35,28.5,29.49,28.58,59.18721,3916094,0.095051,40.96561,10.606112,0.0566,0.0347
2014-11-27,扬杰科技,sz300373,30.15,29.35,29.5,29.95,29.49,60.11047,3688893,0.089536,41.604633,10.771556,0.0271,0.0152
2014-11-28,扬杰科技,sz300373,29.96,29.29,29.75,29.68,29.95,59.568573,2836600,0.06885,41.22957,10.674451,0.0223,-0.0023
2014-12-01,扬杰科技,sz300373,30.97,29.52,29.68,30.71,29.68,61.63584,4912834,0.119244,42.660397,11.044897,0.0488,0.0347
2014-12-02,扬杰科技,sz300373,31.88,30.42,30.74,31.09,30.71,62.39852,4939179,0.119883,43.18828,11.181566,0.0475,0.0113
2014-12-03,扬杰科技,sz300373,31.69,29.83,30.97,30.58,31.09,61.37494,4609784,0.111888,42.479816,10.998144,0.0598,-0.0125
2014-12-04,扬杰科技,sz300373,30.86,29.98,30.66,30.33,30.58,60.8732,3620440,0.087875,42.132545,10.908234,0.0287,-0.0107
2014-12-05,扬杰科技,sz300373,30.23,28.2,30.21,28.61,30.33,57.421078,4105834,0.099656,39.74321,10.289628,0.0669,-0.0529
2014-12-08,扬杰科技,sz300373,28.92,27.91,28.45,28.29,28.61,56.778824,2663576,0.06465,39.29868,10.174539,0.0353,-0.0056
2014-12-09,扬杰科技,sz300373,28.57,27.21,28.27,27.28,28.29,54.751705,3024988,0.073422,37.895638,9.811287,0.048,-0.035
2014-12-10,扬杰科技,sz300373,28.3,27.15,27.28,28.09,27.28,56.377396,1848081,0.044856,39.020836,10.102604,0.0421,0.0296
2014-12-11,扬杰科技,sz300373,28.43,27.78,27.89,28.3,28.09,56.79887,1663788,0.040383,39.312557,10.178131,0.0231,0.0147
2014-12-12,扬杰科技,sz300373,28.76,28.16,28.3,28.65,28.3,57.501305,1591584,0.038631,39.798737,10.304004,0.0212,0.0123
2014-12-15,扬杰科技,sz300373,29.09,28.36,28.4,29.09,28.65,58.384407,1906963,0.046286,40.409966,10.462253,0.0254,0.0242
2014-12-16,扬杰科技,sz300373,29.45,28.61,29.2,28.7,29.09,57.60165,1663256,0.04037,39.868187,10.321986,0.0288,-0.0171
2014-12-17,扬杰科技,sz300373,28.65,27.65,28.61,27.85,28.7,55.89566,2095479,0.050861,38.687412,10.016279,0.0348,-0.0265
2014-12-18,扬杰科技,sz300373,28.29,27.46,27.73,27.6,27.85,55.393887,1134130,0.027527,38.340115,9.926363,0.0298,-0.0046
2014-12-19,扬杰科技,sz300373,27.82,26.2,27.49,26.57,27.6,53.32664,2146307,0.052095,36.9093,9.555921,0.0586,-0.0334
2014-12-22,扬杰科技,sz300373,26.57,24.06,26.57,24.46,26.57,49.091812,1921687,0.046643,33.97822,8.797057,0.0944,-0.0794
2014-12-23,扬杰科技,sz300373,25.34,24.5,24.99,25.15,24.46,50.476643,1367387,0.033189,34.936714,9.045213,0.0343,0.0064
2014-12-24,扬杰科技,sz300373,25.83,25.28,25.28,25.77,25.15,51.720993,1168721,0.028367,35.797974,9.268196,0.0218,0.0193
2014-12-25,扬杰科技,sz300373,25.8,25.16,25.75,25.58,25.77,51.339653,1064745,0.025843,35.534035,9.199861,0.0248,-0.0066
2014-12-26,扬杰科技,sz300373,25.65,25.1,25.58,25.21,25.58,50.597076,945657,0.022953,35.02007,9.066794,0.0215,-0.0144
2014-12-29,扬杰科技,sz300373,25.21,23.76,25.21,24.11,25.21,48.389374,1804398,0.043796,33.49204,8.671183,0.0575,-0.0436
2014-12-30,扬杰科技,sz300373,24.4,24.0,24.11,24.17,24.11,48.509815,924609,0.022442,33.5754,8.692766,0.0165,0.0024
2014-12-31,扬杰科技,sz300373,24.8,24.19,24.21,24.58,24.17,49.332687,1077754,0.026159,34.14494,8.840221,0.0252,0.0152
2015-01-01,扬杰科技,sz300373,61.45,61.45,61.45,61.45,24.58,24.52,0,0.0,0.0,0.0,0.0,0.0
2015-01-02,扬杰科技,sz300373,61.45,61.45,61.45,61.45,61.45,24.52,0,0.0,0.0,0.0,0.0,0.0
2015-01-05,扬杰科技,sz300373,60.85,59.5,60.3,60.6,61.45,24.181,13130,0.03187,33.67265,8.717943,0.0219,0.0049
2015-01-06,扬杰科技,sz300373,63.05,59.75,60.0,63.0,60.6,25.139,16066,0.038997,35.006218,9.063208,0.0544,0.05
2015-01-07,扬杰科技,sz300373,63.15,61.65,62.95,62.125,63.0,24.79,14171,0.034397,34.52002,8.93733,0.0238,-0.0131
2015-01-08,扬杰科技,sz300373,62.125,62.125,62.125,62.125,62.125,24.79,0,0.0,0.0,0.0,0.0,0.0
2015-01-09,扬杰科技,sz300373,63.85,62.0,63.5,62.725,62.125,25.029,18371,0.044591,34.853413,9.023646,0.0297,-0.0122
2015-01-12,扬杰科技,sz300373,63.4,61.5,62.775,61.9,62.725,24.7,9277,0.022517,34.394985,8.904958,0.0302,-0.0139
2015-01-13,扬杰科技,sz300373,64.15,61.175,62.3,64.125,61.9,25.588,16923,0.041076,35.631313,9.225047,0.048,0.0292
2015-01-14,扬杰科技,sz300373,64.1,62.325,63.95,62.6,64.125,24.979,12312,0.029884,34.783928,9.005657,0.0276,-0.0211
2015-01-15,扬杰科技,sz300373,63.15,62.25,63.075,62.4,62.6,24.899,9722,0.023599,34.672794,8.976884,0.0143,-0.0107
2015-01-16,扬杰科技,sz300373,63.475,62.275,62.275,62.975,62.4,25.129,14061,0.03413,34.992306,9.059606,0.0192,0.0112
2015-01-19,扬杰科技,sz300373,64.8,61.0,62.375,62.825,62.975,25.069,23792,0.05775,34.908955,9.038026,0.0603,0.0072
2015-01-20,扬杰科技,sz300373,67.475,62.8,62.95,67.1,62.825,26.775,38254,0.09285,37.284367,9.653027,0.0744,0.0659
2015-01-21,扬杰科技,sz300373,67.25,65.725,66.675,67.025,67.1,26.745,28000,0.067963,37.242683,9.642235,0.0227,0.0052
2015-01-22,扬杰科技,sz300373,68.0,66.675,67.0,67.75,67.025,27.034,20221,0.049082,37.64554,9.746535,0.0197,0.0111
2015-01-23,扬杰科技,sz300373,68.25,66.25,67.75,66.375,67.75,26.486,17081,0.033626,36.88152,9.548729,0.0295,-0.0202
2015-01-26,扬杰科技,sz300373,67.5,66.225,67.0,67.375,66.375,26.885,12159,0.023936,37.43718,9.692591,0.0192,0.0055
2015-01-27,扬杰科技,sz300373,68.05,66.525,67.35,67.825,67.375,27.064,14604,0.02875,37.68722,9.757327,0.0226,0.007
2015-01-28,扬杰科技,sz300373,69.2,67.25,67.425,68.325,67.825,27.264,19131,0.037661,37.96505,9.829258,0.0287,0.0133
2015-01-29,扬杰科技,sz300373,69.225,67.55,67.975,67.65,68.325,26.994,11836,0.0233,37.589996,9.732155,0.0245,-0.0047
2015-01-30,扬杰科技,sz300373,68.25,65.25,67.725,65.25,67.65,26.037,15815,0.031133,36.256413,9.386887,0.0443,-0.0365
2015-02-02,扬杰科技,sz300373,65.9,64.15,65.0,65.125,65.25,25.987,7682,0.015123,36.186947,9.368902,0.0268,0.0019
2015-02-03,扬杰科技,sz300373,68.775,65.15,65.2,68.1,65.125,27.174,21946,0.043202,37.840004,9.796883,0.0556,0.0444
2015-02-04,扬杰科技,sz300373,68.75,67.325,68.5,68.25,68.1,27.234,16049,0.031593,37.923367,9.818466,0.0209,-0.0036
2015-02-05,扬杰科技,sz300373,73.275,67.65,68.4,69.825,68.25,27.862,46892,0.092308,38.798523,10.045046,0.0824,0.0208
2015-02-06,扬杰科技,sz300373,70.925,67.85,69.5,67.975,69.825,27.124,23560,0.046379,37.770554,9.778903,0.044,-0.0219
2015-02-09,扬杰科技,sz300373,68.25,65.65,67.925,65.875,67.975,26.286,13556,0.026686,36.603672,9.476793,0.0382,-0.0301
2015-02-10,扬杰科技,sz300373,67.125,65.3,65.3,67.0,65.875,26.735,10398,0.02047,37.22879,9.638638,0.0277,0.026
2015-02-11,扬杰科技,sz300373,68.675,66.75,66.75,67.7,67.0,27.014,10464,0.020599,37.617756,9.739342,0.0287,0.0142
2015-02-12,扬杰科技,sz300373,68.9,67.725,67.725,68.35,67.7,27.274,9152,0.018016,37.978924,9.83285,0.0173,0.0092
2015-02-13,扬杰科技,sz300373,70.475,68.15,68.475,69.825,68.35,27.862,16144,0.03178,38.798508,10.045043,0.034,0.0197
2015-02-16,扬杰科技,sz300373,71.125,69.5,69.825,71.0,69.825,28.331,18446,0.036312,39.45141,10.214081,0.0232,0.0168
2015-02-17,扬杰科技,sz300373,71.475,69.5,71.075,70.625,71.0,28.181,15989,0.031476,39.243027,10.16013,0.0278,-0.0063
2015-02-18,扬杰科技,sz300373,70.625,70.625,70.625,70.625,70.625,28.181,0,0.0,0.0,0.0,0.0,0.0
2015-02-19,扬杰科技,sz300373,70.625,70.625,70.625,70.625,70.625,28.181,0,0.0,0.0,0.0,0.0,0.0
2015-02-20,扬杰科技,sz300373,70.625,70.625,70.625,70.625,70.625,28.181,0,0.0,0.0,0.0,0.0,0.0
2015-02-23,扬杰科技,sz300373,70.625,70.625,70.625,70.625,70.625,28.181,0,0.0,0.0,0.0,0.0,0.0
2015-02-24,扬杰科技,sz300373,70.625,70.625,70.625,70.625,70.625,28.181,0,0.0,0.0,0.0,0.0,0.0
2015-02-25,扬杰科技,sz300373,71.7,70.05,70.625,70.575,70.625,28.161,19438,0.038264,39.215244,10.152937,0.0233,-7.0E-4
2015-02-26,扬杰科技,sz300373,70.975,68.9,70.575,69.925,70.575,27.902,18712,0.036836,38.854073,10.059428,0.0294,-0.0092
2015-02-27,扬杰科技,sz300373,73.125,69.55,69.975,72.425,69.925,28.9,41804,0.082293,40.24322,10.419083,0.0511,0.035
2015-03-02,扬杰科技,sz300373,76.25,72.125,72.5,75.55,72.425,30.147,65670,0.129273,41.979633,10.868645,0.0569,0.042
2015-03-03,扬杰科技,sz300373,78.725,74.325,75.65,77.0,75.55,30.725,70319,0.138424,42.78535,11.077247,0.0582,0.0178
2015-03-04,扬杰科技,sz300373,84.7,75.925,76.0,82.375,77.0,32.87,73953,0.145578,45.77198,11.850495,0.1139,0.0838
2015-03-05,扬杰科技,sz300373,82.5,80.075,81.75,81.575,82.375,32.551,27184,0.053512,45.327446,11.735403,0.0294,-0.0021
2015-03-06,扬杰科技,sz300373,84.45,80.25,81.55,83.7,81.575,33.399,41000,0.08071,46.508224,12.04111,0.0514,0.0263
2015-03-09,扬杰科技,sz300373,83.0,79.05,83.0,81.5,83.7,32.521,31374,0.06176,45.2858,11.724621,0.0471,-0.018
2015-03-10,扬杰科技,sz300373,82.0,79.7,81.375,80.9,81.5,32.281,23668,0.046592,44.952408,11.638305,0.0282,-0.0058
2015-03-11,扬杰科技,sz300373,88.75,78.925,80.875,87.75,80.9,35.015,67657,0.133184,48.758617,12.623743,0.1214,0.085
2015-03-12,扬杰科技,sz300373,87.2,80.0,87.2,84.0,87.75,33.518,41764,0.082213,46.67492,12.084267,0.082,-0.0366
2015-03-13,扬杰科技,sz300373,84.825,80.875,83.525,83.0,84.0,33.119,21116,0.041569,46.119255,11.940404,0.047,-0.0062
2015-03-16,扬杰科技,sz300373,85.75,82.625,83.05,84.95,83.0,33.898,47939,0.094368,47.20278,12.220932,0.0376,0.0228
2015-03-17,扬杰科技,sz300373,87.425,82.525,84.625,83.375,84.95,33.269,43364,0.085363,46.32764,11.994356,0.0576,-0.0147
2015-03-18,扬杰科技,sz300373,83.875,81.3,83.35,83.825,83.375,33.449,34788,0.068481,46.57767,12.05909,0.0308,0.0056
2015-03-19,扬杰科技,sz300373,83.625,81.5,83.625,82.175,83.825,32.79,34734,0.068376,45.660835,11.821718,0.0253,-0.0173
2015-03-20,扬杰科技,sz300373,84.5,81.9,82.0,82.975,82.175,33.109,45159,0.088897,46.105343,11.936803,0.0316,0.0118
2015-03-23,扬杰科技,sz300373,86.475,83.375,83.375,85.825,82.975,34.247,75338,0.148305,47.68897,12.346808,0.0373,0.0293
2015-03-24,扬杰科技,sz300373,94.2,84.375,85.675,93.7,85.825,37.389,126522,0.249059,52.06472,13.479702,0.1144,0.0936
2015-03-25,扬杰科技,sz300373,93.45,89.0,92.125,91.875,93.7,36.661,62906,0.123832,51.050655,13.217158,0.0474,-0.0027
2015-03-26,扬杰科技,sz300373,91.0,84.025,91.0,85.1,91.875,33.957,60672,0.119434,47.28613,12.242511,0.0759,-0.0648
2015-03-27,扬杰科技,sz300373,87.2,84.025,84.75,86.075,85.1,34.346,31194,0.061406,47.827885,12.382774,0.0373,0.0156
2015-03-30,扬杰科技,sz300373,87.475,83.725,86.25,84.325,86.075,33.648,34017,0.066964,46.855495,12.13102,0.0435,-0.0223
2015-03-31,扬杰科技,sz300373,85.375,83.75,84.225,84.6,84.325,33.758,31578,0.062162,47.008293,12.170579,0.0192,0.0044
2015-04-01,扬杰科技,sz300373,88.25,83.9,84.625,87.4,84.6,34.875,42919,0.084487,48.564125,12.573389,0.0514,0.0327
2015-04-02,扬杰科技,sz300373,90.925,86.95,89.15,88.95,87.4,35.494,56687,0.111589,49.42541,12.796378,0.0454,-0.0022
2015-04-03,扬杰科技,sz300373,97.85,90.0,90.0,97.85,88.95,39.045,110391,0.217306,54.37072,14.076732,0.0882,0.0872
2015-04-06,扬杰科技,sz300373,97.85,97.85,97.85,97.85,97.85,39.045,0,0.0,0.0,0.0,0.0,0.0
2015-04-07,扬杰科技,sz300373,101.225,96.5,100.0,98.125,97.85,39.155,75528,0.148678,54.523502,14.116288,0.0482,-0.0187
2015-04-08,扬杰科技,sz300373,98.05,91.05,98.05,93.825,98.125,37.439,53334,0.10499,52.134174,13.497684,0.0713,-0.043
2015-04-09,扬杰科技,sz300373,93.4,85.3,93.25,91.175,93.825,36.381,40792,0.080299,50.661694,13.116455,0.0863,-0.0222
2015-04-10,扬杰科技,sz300373,95.95,89.525,90.75,94.675,91.175,37.778,49112,0.096677,52.606495,13.619969,0.0704,0.0432
2015-04-13,扬杰科技,sz300373,96.25,91.425,94.725,95.0,94.675,37.908,41509,0.081712,52.787094,13.666727,0.0509,0.0029
2015-04-14,扬杰科技,sz300373,96.0,89.8,93.775,91.25,95.0,36.411,44757,0.088106,50.703377,13.127246,0.0652,-0.0269
2015-04-15,扬杰科技,sz300373,96.65,89.5,91.275,94.65,91.25,37.768,75614,0.148848,52.592583,13.616368,0.0783,0.0369
2015-04-16,扬杰科技,sz300373,104.125,90.925,93.0,102.175,94.65,40.771,94145,0.185325,56.773853,14.69891,0.1394,0.0986
2015-04-17,扬杰科技,sz300373,109.75,100.0,104.275,106.25,102.175,42.397,78855,0.155227,59.038162,15.285146,0.0954,0.0189
2015-04-20,扬杰科技,sz300373,116.875,102.65,104.0,113.475,106.25,45.28,63519,0.125038,63.052757,16.324535,0.1338,0.0911
2015-04-21,扬杰科技,sz300373,124.75,111.25,111.75,124.75,113.475,49.779,57540,0.113268,69.31774,17.94656,0.1189,0.1163
2015-04-22,扬杰科技,sz300373,127.475,118.675,126.5,121.925,124.75,48.652,47596,0.093693,67.74805,17.54016,0.0705,-0.0361
2015-04-23,扬杰科技,sz300373,132.0,117.5,117.5,128.2,121.925,51.156,70523,0.138827,75.29981,11.722008,0.1189,0.091
2015-04-24,扬杰科技,sz300373,141.025,123.75,123.75,141.025,128.2,56.273,55845,0.109932,82.832726,12.894666,0.1347,0.1395
2015-04-27,扬杰科技,sz300373,155.0,135.05,143.875,143.75,141.025,57.36,43411,0.085455,83.293495,12.798773,0.1414,-8.0E-4
2015-04-28,扬杰科技,sz300373,146.225,130.1,141.0,141.0,143.75,56.263,42287,0.083242,81.700096,12.553933,0.1121,0.0
2015-04-29,扬杰科技,sz300373,154.925,138.5,144.5,139.925,141.0,55.834,61969,0.121988,81.07721,12.458222,0.1164,-0.0316
2015-04-30,扬杰科技,sz300373,143.75,130.75,137.0,137.725,139.925,54.956,45499,0.089566,79.80244,12.262341,0.0929,0.0052
2015-05-01,扬杰科技,sz300373,137.725,137.725,137.725,137.725,137.725,54.956,0,0.0,0.0,0.0,0.0,0.0
2015-05-04,扬杰科技,sz300373,137.3,127.775,136.25,132.45,137.725,52.851,23870,0.04699,76.74592,11.792681,0.0691,-0.0278
2015-05-05,扬杰科技,sz300373,136.25,125.0,131.075,125.0,132.45,49.879,23955,0.047157,72.429115,11.129366,0.0849,-0.0463
2015-05-06,扬杰科技,sz300373,137.0,122.5,125.55,129.8,125.0,51.794,38216,0.075229,75.210396,11.556734,0.116,0.0338
2015-05-07,扬杰科技,sz300373,141.25,125.0,127.025,137.25,129.8,54.767,32029,0.06305,79.52717,12.220044,0.1251,0.0804
2015-05-08,扬杰科技,sz300373,150.0,137.25,137.25,149.95,137.25,59.834,38795,0.076369,86.88598,13.35079,0.0928,0.0925
2015-05-11,扬杰科技,sz300373,159.45,147.55,148.375,155.5,149.95,62.049,28970,0.057028,90.1018,13.844929,0.0793,0.048
2015-05-12,扬杰科技,sz300373,156.25,145.025,155.0,147.8,155.5,58.976,39178,0.077124,85.640144,13.159356,0.0721,-0.0464
2015-05-13,扬杰科技,sz300373,150.0,140.775,142.525,147.0,147.8,58.657,33734,0.066407,85.176575,13.088124,0.0624,0.0313
2015-05-14,扬杰科技,sz300373,151.5,142.5,146.5,147.25,147.0,58.757,17502,0.034454,85.32146,13.110387,0.0612,0.0051
2015-05-15,扬杰科技,sz300373,146.525,139.5,145.45,141.25,147.25,56.363,27766,0.054659,81.844864,12.576178,0.0477,-0.0288
2015-05-18,扬杰科技,sz300373,145.95,139.425,140.25,141.5,141.25,56.463,34206,0.067335,81.98973,12.598438,0.0461,0.0089
2015-05-19,扬杰科技,sz300373,144.4,135.0,141.575,138.675,141.5,55.335,30199,0.059447,80.352806,12.34691,0.0664,-0.0204
2015-05-20,扬杰科技,sz300373,152.55,139.775,139.775,152.55,138.675,60.872,45679,0.08992,88.392426,13.582268,0.0921,0.0913
2015-05-21,扬杰科技,sz300373,167.8,152.525,157.125,167.8,152.55,66.957,44384,0.087362,97.22877,14.94005,0.1001,0.0679
2015-05-22,扬杰科技,sz300373,170.125,152.575,170.025,155.8,167.8,62.169,55214,0.108684,90.27558,13.871631,0.1045,-0.0836
2015-05-25,扬杰科技,sz300373,153.225,145.3,150.3,150.475,155.8,60.044,32630,0.064225,87.1901,13.397521,0.0508,0.0011
2015-05-26,扬杰科技,sz300373,165.525,151.025,151.875,165.525,150.475,66.049,21715,0.042752,95.91056,14.737495,0.0963,0.0898
2015-05-27,扬杰科技,sz300373,182.075,170.525,173.75,173.0,165.525,69.032,50897,0.100201,100.24181,15.403031,0.0697,-0.0043
2015-05-28,扬杰科技,sz300373,187.5,166.425,171.0,167.5,173.0,67.0,47776,0.094036,97.29395,14.950066,0.1218,-0.0204
2015-05-29,扬杰科技,sz300373,177.5,156.4,167.525,173.425,167.5,69.37,34281,0.067482,100.73555,15.478897,0.1259,0.0352
2015-06-01,扬杰科技,sz300373,190.775,173.9,177.5,190.775,173.425,76.31,51709,0.101778,110.81346,17.027456,0.0973,0.0747
2015-06-02,扬杰科技,sz300373,200.0,185.0,197.25,194.95,190.775,77.98,36969,0.072781,113.23855,17.400091,0.0786,-0.0116
2015-06-03,扬杰科技,sz300373,214.45,195.25,200.0,214.45,194.95,85.78,42922,0.084485,124.56531,19.140547,0.0984,0.0722
2015-06-04,扬杰科技,sz300373,235.0,193.0,216.95,221.125,214.45,88.45,36962,0.072764,128.44254,19.736319,0.1958,0.0192
2015-06-05,扬杰科技,sz300373,239.775,215.5,221.725,219.45,221.125,87.78,42080,0.082839,127.469604,19.586819,0.1097,-0.0102
2015-06-08,扬杰科技,sz300373,217.05,197.5,217.05,206.25,219.45,82.5,38964,0.076701,119.80226,18.408665,0.089,-0.0497
2015-06-09,扬杰科技,sz300373,206.25,206.25,206.25,206.25,206.25,82.5,0,0.0,0.0,0.0,0.0,0.0
2015-06-10,扬杰科技,sz300373,206.25,206.25,206.25,206.25,206.25,82.5,0,0.0,0.0,0.0,0.0,0.0
2015-06-11,扬杰科技,sz300373,206.25,206.25,206.25,206.25,206.25,82.5,0,0.0,0.0,0.0,0.0,0.0
2015-06-12,扬杰科技,sz300373,206.25,206.25,206.25,206.25,206.25,82.5,0,0.0,0.0,0.0,0.0,0.0
2015-06-15,扬杰科技,sz300373,206.25,206.25,206.25,206.25,206.25,82.5,0,0.0,0.0,0.0,0.0,0.0
2015-06-16,扬杰科技,sz300373,206.25,206.25,206.25,206.25,206.25,82.5,0,0.0,0.0,0.0,0.0,0.0
2015-06-17,扬杰科技,sz300373,206.25,206.25,206.25,206.25,206.25,82.5,0,0.0,0.0,0.0,0.0,0.0
2015-06-18,扬杰科技,sz300373,206.25,206.25,206.25,206.25,206.25,82.5,0,0.0,0.0,0.0,0.0,0.0
2015-06-19,扬杰科技,sz300373,206.25,206.25,206.25,206.25,206.25,82.5,0,0.0,0.0,0.0,0.0,0.0
2015-06-22,扬杰科技,sz300373,206.25,206.25,206.25,206.25,206.25,82.5,0,0.0,0.0,0.0,0.0,0.0
2015-06-23,扬杰科技,sz300373,206.25,206.25,206.25,206.25,206.25,82.5,0,0.0,0.0,0.0,0.0,0.0
2015-06-24,扬杰科技,sz300373,206.25,206.25,206.25,206.25,206.25,82.5,0,0.0,0.0,0.0,0.0,0.0
2015-06-25,扬杰科技,sz300373,206.25,206.25,206.25,206.25,206.25,82.5,0,0.0,0.0,0.0,0.0,0.0
2015-06-26,扬杰科技,sz300373,206.25,206.25,206.25,206.25,206.25,82.5,0,0.0,0.0,0.0,0.0,0.0
2015-06-29,扬杰科技,sz300373,206.25,206.25,206.25,206.25,206.25,82.5,0,0.0,0.0,0.0,0.0,0.0
2015-06-30,扬杰科技,sz300373,206.25,206.25,206.25,206.25,206.25,82.5,0,0.0,0.0,0.0,0.0,0.0
2015-07-01,扬杰科技,sz300373,206.25,206.25,206.25,206.25,206.25,82.5,0,0.0,0.0,0.0,0.0,0.0
2015-07-02,扬杰科技,sz300373,206.25,206.25,206.25,206.25,206.25,82.5,0,0.0,0.0,0.0,0.0,0.0
2015-07-03,扬杰科技,sz300373,206.25,206.25,206.25,206.25,206.25,82.5,0,0.0,0.0,0.0,0.0,0.0
2015-07-06,扬杰科技,sz300373,206.25,206.25,206.25,206.25,206.25,82.5,0,0.0,0.0,0.0,0.0,0.0
2015-07-07,扬杰科技,sz300373,206.25,206.25,206.25,206.25,206.25,82.5,0,0.0,0.0,0.0,0.0,0.0
2015-07-08,扬杰科技,sz300373,206.25,206.25,206.25,206.25,206.25,82.5,0,0.0,0.0,0.0,0.0,0.0
2015-07-09,扬杰科技,sz300373,206.25,206.25,206.25,206.25,206.25,82.5,0,0.0,0.0,0.0,0.0,0.0
2015-07-10,扬杰科技,sz300373,206.25,206.25,206.25,206.25,206.25,82.5,0,0.0,0.0,0.0,0.0,0.0
2015-07-13,扬杰科技,sz300373,206.25,206.25,206.25,206.25,206.25,82.5,0,0.0,0.0,0.0,0.0,0.0
2015-07-14,扬杰科技,sz300373,185.625,185.625,185.625,185.625,206.25,74.25,4186,0.00824,107.82204,16.567797,0.0,0.0
2015-07-15,扬杰科技,sz300373,167.075,167.075,167.075,167.075,185.625,66.83,121,2.38E-4,97.04709,14.912133,0.0,0.0
2015-07-16,扬杰科技,sz300373,161.75,150.375,150.375,150.375,167.075,60.15,118979,0.234182,87.34674,13.421589,0.068,0.0
2015-07-17,扬杰科技,sz300373,160.125,142.25,150.375,156.0,150.375,62.4,106130,0.208912,90.614075,13.923644,0.1188,0.0374
2015-07-20,扬杰科技,sz300373,155.75,145.375,150.0,147.5,156.0,59.0,68668,0.135182,85.676765,13.164984,0.0665,-0.0166
2015-07-21,扬杰科技,sz300373,157.425,140.8,144.7,155.5,147.5,62.2,72870,0.143434,90.32364,13.879017,0.1127,0.0746
2015-07-22,扬杰科技,sz300373,157.5,147.2,156.0,150.0,155.5,60.0,56901,0.11201,87.128914,13.388119,0.0662,-0.0384
2015-07-23,扬杰科技,sz300373,158.2,148.25,152.25,156.825,150.0,62.73,55491,0.109223,91.093285,13.997278,0.0663,0.03
2015-07-24,扬杰科技,sz300373,172.5,155.75,158.875,169.25,156.825,67.7,92855,0.182794,98.31046,15.106261,0.1068,0.0653
2015-07-27,扬杰科技,sz300373,172.5,152.325,163.75,152.325,169.25,60.93,83355,0.164098,88.479416,13.595635,0.1192,-0.0697
2015-07-28,扬杰科技,sz300373,150.0,137.1,137.1,137.1,152.325,54.84,71209,0.140169,79.635826,12.236741,0.0846,0.0
2015-07-29,扬杰科技,sz300373,145.8,125.0,145.0,138.025,137.1,55.21,50575,0.099545,80.17313,12.319301,0.1517,-0.0481
2015-07-30,扬杰科技,sz300373,139.45,124.375,135.0,124.425,138.025,49.77,39388,0.077545,72.27344,11.105445,0.1092,-0.0783
2015-07-31,扬杰科技,sz300373,123.25,111.975,123.25,113.75,124.425,45.5,37547,0.073924,66.07276,10.152657,0.0906,-0.077
2015-08-03,扬杰科技,sz300373,112.5,102.375,112.5,102.4,113.75,40.96,33441,0.065821,59.480007,9.139623,0.089,-0.0897
2015-08-04,扬杰科技,sz300373,112.65,101.775,101.775,112.65,102.4,45.06,24591,0.048408,65.433815,10.054477,0.1062,0.1068
2015-08-05,扬杰科技,sz300373,121.25,112.65,117.5,113.275,112.65,45.31,43305,0.085237,65.79685,10.110261,0.0763,-0.0359
2015-08-06,扬杰科技,sz300373,113.75,106.175,108.325,110.75,113.275,44.3,30055,0.059175,64.330185,9.884894,0.0668,0.0223
2015-08-07,扬杰科技,sz300373,120.0,112.5,112.75,118.65,110.75,47.46,36410,0.071672,68.91897,10.590002,0.0677,0.0523
2015-08-10,扬杰科技,sz300373,129.7,120.0,121.175,127.4,118.65,50.96,36991,0.07281,74.001495,11.370976,0.0817,0.0513
2015-08-11,扬杰科技,sz300373,127.125,122.5,127.025,124.275,127.4,49.71,47678,0.093864,72.18631,11.092057,0.0363,-0.0216
2015-08-12,扬杰科技,sz300373,124.25,118.2,122.65,118.375,124.275,47.35,28898,0.056895,68.75924,10.565457,0.0486,-0.0348
2015-08-13,扬杰科技,sz300373,123.525,116.45,118.175,123.325,118.375,49.33,32927,0.064816,71.63449,11.007265,0.0597,0.0435
2015-08-14,扬杰科技,sz300373,128.475,122.5,122.85,125.075,123.325,50.03,48297,0.095055,72.65099,11.16346,0.0484,0.0181
2015-08-17,扬杰科技,sz300373,124.125,120.0,123.125,122.8,125.075,49.12,29735,0.05854,71.32954,10.960407,0.0329,-0.0026
2015-08-18,扬杰科技,sz300373,125.275,110.525,122.9,110.525,122.8,44.21,44051,0.086709,64.199486,9.864812,0.1201,-0.1006
2015-08-19,扬杰科技,sz300373,112.3,100.75,105.0,111.625,110.525,44.65,43691,0.086014,62.666313,9.802572,0.1045,0.063
2015-08-20,扬杰科技,sz300373,113.6,106.275,109.925,106.4,111.625,42.56,29818,0.058698,59.732998,9.343728,0.0656,-0.032
2015-08-21,扬杰科技,sz300373,108.625,102.275,102.775,103.0,106.4,41.2,30675,0.060383,57.824238,9.04515,0.0596,0.0021
2015-08-24,扬杰科技,sz300373,99.5,92.7,97.0,92.7,103.0,37.08,19796,0.038962,52.041813,8.140635,0.066,-0.0443
2015-08-25,扬杰科技,sz300373,87.5,83.425,83.45,83.425,92.7,33.37,23204,0.045682,46.834824,7.326133,0.0439,-2.0E-4
2015-08-26,扬杰科技,sz300373,89.4,78.65,84.1,81.25,83.425,32.5,43491,0.085612,45.613777,7.135131,0.1288,-0.0338
2015-08-27,扬杰科技,sz300373,86.25,78.575,83.775,85.5,81.25,34.2,35058,0.069026,47.99973,7.508353,0.0944,0.0205
2015-08-28,扬杰科技,sz300373,94.05,86.5,86.5,94.05,85.5,37.62,45886,0.090331,52.799706,8.259188,0.0883,0.0872
2015-08-31,扬杰科技,sz300373,93.375,85.0,92.75,85.05,94.05,34.02,31373,0.061766,47.7471,7.468835,0.089,-0.083
2015-09-01,扬杰科技,sz300373,85.2,76.55,85.05,76.55,85.05,30.62,28991,0.057087,42.975197,6.722391,0.1017,-0.0999
2015-09-02,扬杰科技,sz300373,80.25,70.625,72.0,72.475,76.55,28.99,24984,0.049171,40.687492,6.364537,0.1257,0.0065
2015-09-03,扬杰科技,sz300373,72.475,72.475,72.475,72.475,72.475,28.99,0,0.0,0.0,0.0,0.0,0.0
2015-09-04,扬杰科技,sz300373,72.475,72.475,72.475,72.475,72.475,28.99,0,0.0,0.0,0.0,0.0,0.0
2015-09-07,扬杰科技,sz300373,79.375,75.0,75.175,75.525,72.475,30.21,24067,0.047366,42.39976,6.632379,0.0603,0.0046
2015-09-08,扬杰科技,sz300373,82.6,75.375,75.375,82.5,75.525,33.0,27440,0.054029,46.31553,7.244902,0.0956,0.0945
2015-09-09,扬杰科技,sz300373,90.75,83.375,83.625,90.75,82.5,36.3,49368,0.097183,50.947083,7.969392,0.0893,0.0852
2015-09-10,扬杰科技,sz300373,94.0,88.075,89.6,92.55,90.75,37.02,46699,0.091908,51.957603,8.127463,0.0652,0.0329
2015-09-11,扬杰科技,sz300373,99.575,92.175,92.75,94.75,92.55,37.9,44374,0.087365,53.192684,8.32066,0.0799,0.0215
2015-09-14,扬杰科技,sz300373,94.5,85.275,94.5,85.275,94.75,34.11,30744,0.060512,47.873417,7.488594,0.0973,-0.0976
2015-09-15,扬杰科技,sz300373,81.7,76.75,79.75,76.75,85.275,30.7,33590,0.066103,43.08748,6.739954,0.058,-0.0376
2015-09-16,扬杰科技,sz300373,84.425,76.525,77.625,84.425,76.75,33.77,42254,0.083154,47.396225,7.41395,0.1029,0.0876
2015-09-17,扬杰科技,sz300373,92.875,82.825,84.25,86.45,84.425,34.58,68398,0.134616,48.533062,7.591779,0.119,0.0261
2015-09-18,扬杰科技,sz300373,89.45,82.875,88.25,88.425,86.45,35.37,58318,0.114786,49.641827,7.765218,0.076,0.0019
2015-09-21,扬杰科技,sz300373,97.275,85.2,86.5,97.225,88.425,38.89,65732,0.129368,54.58215,8.538007,0.1365,0.1239
2015-09-22,扬杰科技,sz300373,99.875,92.675,95.65,97.025,97.225,38.81,72382,0.142452,54.46987,8.520444,0.074,0.0143
2015-09-23,扬杰科技,sz300373,104.6,94.925,94.95,101.6,97.025,40.64,61386,0.12081,57.038277,8.922207,0.0997,0.07
2015-09-24,扬杰科技,sz300373,107.45,99.15,102.5,101.55,101.6,40.62,59226,0.116615,57.010204,8.917816,0.0816,-0.0092
2015-09-25,扬杰科技,sz300373,102.0,92.05,100.025,93.5,101.55,37.4,51575,0.101521,52.490932,8.210889,0.0979,-0.0652
2015-09-28,扬杰科技,sz300373,102.5,92.525,95.025,101.675,93.5,40.67,44086,0.086785,57.08038,8.928793,0.1066,0.0699
2015-09-29,扬杰科技,sz300373,102.0,96.5,99.0,99.375,101.675,39.75,38044,0.074901,55.78916,8.726814,0.054,0.0037
2015-09-30,扬杰科技,sz300373,101.0,95.025,100.0,96.7,99.375,38.68,29615,0.058296,54.287415,8.491903,0.0601,-0.0329
2015-10-01,扬杰科技,sz300373,96.7,96.7,96.7,96.7,96.7,38.68,0,0.0,0.0,0.0,0.0,0.0
2015-10-02,扬杰科技,sz300373,96.7,96.7,96.7,96.7,96.7,38.68,0,0.0,0.0,0.0,0.0,0.0
2015-10-05,扬杰科技,sz300373,96.7,96.7,96.7,96.7,96.7,38.68,0,0.0,0.0,0.0,0.0,0.0
2015-10-06,扬杰科技,sz300373,96.7,96.7,96.7,96.7,96.7,38.68,0,0.0,0.0,0.0,0.0,0.0
2015-10-07,扬杰科技,sz300373,96.7,96.7,96.7,96.7,96.7,38.68,0,0.0,0.0,0.0,0.0,0.0
2015-10-08,扬杰科技,sz300373,103.75,99.0,101.25,102.6,96.7,41.04,38868,0.076506,57.599678,9.010024,0.0491,0.0133
2015-10-09,扬杰科技,sz300373,104.975,101.6,102.125,104.525,102.6,41.81,37709,0.074228,58.68037,9.179071,0.0328,0.0235
2015-10-12,扬杰科技,sz300373,111.575,104.975,105.0,111.2,104.525,44.48,47221,0.092938,62.42772,9.76525,0.0631,0.059
2015-10-13,扬杰科技,sz300373,119.275,109.0,110.025,116.2,111.2,46.48,60745,0.119586,65.23472,10.204335,0.0924,0.0561
2015-10-14,扬杰科技,sz300373,116.2,111.5,114.2,112.8,116.2,45.12,45474,0.089519,63.32596,9.905757,0.0404,-0.0122
2015-10-15,扬杰科技,sz300373,118.325,112.8,113.7,117.425,112.8,46.97,59602,0.117331,65.92244,10.311911,0.0489,0.0327
2015-10-16,扬杰科技,sz300373,121.125,115.025,117.575,121.0,117.425,48.4,52366,0.103071,67.92944,10.625856,0.0519,0.0291
2015-10-19,扬杰科技,sz300373,125.025,114.55,125.025,117.25,121.0,46.9,52322,0.102975,65.82419,10.296543,0.0865,-0.0621
2015-10-20,扬杰科技,sz300373,120.825,116.25,116.25,120.125,117.25,48.05,38747,0.076272,67.43822,10.549016,0.039,0.0333
2015-10-21,扬杰科技,sz300373,124.475,108.125,123.45,108.375,120.125,43.35,85008,0.167352,60.841763,9.517167,0.1361,-0.1221
2015-10-22,扬杰科技,sz300373,114.2,107.5,108.45,113.45,108.375,45.38,52099,0.102571,63.690872,9.962838,0.0618,0.0461
2015-10-23,扬杰科技,sz300373,47.58,45.13,45.6,47.4,113.45,18.96,57238,0.112669,66.52594,10.406314,0.0215,0.0394
2015-10-26,扬杰科技,sz300373,48.68,46.6,47.95,47.55,47.4,19.02,59289,0.116688,66.736465,10.439245,0.0438,-0.0083
2015-10-27,扬杰科技,sz300373,18.98,17.27,18.89,18.47,47.55,18.47,125583,0.098871,64.806656,10.137374,0.0359,-0.0222
2015-10-28,扬杰科技,sz300373,18.96,17.84,18.06,17.97,18.47,17.97,97669,0.076911,63.052277,9.862946,0.0606,-0.0049
2015-10-29,扬杰科技,sz300373,18.66,17.75,18.29,18.3,17.97,18.3,88076,0.069354,64.21017,10.044069,0.0506,5.0E-4
2015-10-30,扬杰科技,sz300373,18.26,17.5,18.25,17.62,18.3,17.62,92324,0.072688,61.824215,9.670847,0.0415,-0.0345
2015-11-02,扬杰科技,sz300373,17.58,16.7,16.88,16.9,17.62,16.9,100926,0.07948,59.297913,9.27567,0.0499,0.0011
2015-11-03,扬杰科技,sz300373,17.38,16.82,17.03,17.12,16.9,17.12,66025,0.0,0.0,0.0,0.0331,0.0052
2015-11-04,扬杰科技,sz300373,18.07,17.2,17.2,18.05,17.12,18.05,94674,0.0,0.0,0.0,0.0508,0.0494
2015-11-05,扬杰科技,sz300373,18.27,17.45,18.04,17.8,18.05,17.8,107110,0.0,0.0,0.0,0.0454,-0.0133
2015-11-06,扬杰科技,sz300373,19.53,17.82,17.82,19.11,17.8,19.11,182525,0.0,0.0,0.0,0.096,0.0723
2015-11-09,扬杰科技,sz300373,19.68,18.49,19.23,19.45,19.11,19.45,180558,0.0,0.0,0.0,0.0622,0.0114
2015-11-10,扬杰科技,sz300373,21.4,19.05,19.15,21.18,19.45,21.18,261869,0.0,0.0,0.0,0.1208,0.106
2015-11-11,扬杰科技,sz300373,21.98,20.62,20.95,21.52,21.18,21.52,213790,0.0,0.0,0.0,0.0642,0.0272
2015-11-12,扬杰科技,sz300373,23.55,21.25,21.52,22.84,21.52,22.84,205746,0.0,0.0,0.0,0.1068,0.0613
2015-11-13,扬杰科技,sz300373,22.75,21.03,22.01,21.11,22.84,21.11,174445,0.0,0.0,0.0,0.0753,-0.0408
2015-11-16,扬杰科技,sz300373,21.85,20.22,20.5,21.75,21.11,21.75,135644,0.0,0.0,0.0,0.0772,0.0609
2015-11-17,扬杰科技,sz300373,22.15,20.7,22.0,20.82,21.75,20.82,155223,0.0,0.0,0.0,0.0666,-0.0536
2015-11-18,扬杰科技,sz300373,21.12,20.16,20.9,20.25,20.82,20.25,73245,0.0,0.0,0.0,0.0461,-0.0311
2015-11-19,扬杰科技,sz300373,22.28,20.31,20.31,22.28,20.25,22.28,200205,0.0,0.0,0.0,0.0972,0.0969
2015-11-20,扬杰科技,sz300373,24.51,22.86,23.31,24.51,22.28,24.51,327070,0.0,0.0,0.0,0.074,0.0514
2015-11-23,扬杰科技,sz300373,26.0,23.21,25.6,24.2,24.51,24.2,352471,0.0,0.0,0.0,0.1138,-0.0546
2015-11-24,扬杰科技,sz300373,25.98,23.0,23.6,25.87,24.2,25.87,242246,0.0,0.0,0.0,0.1231,0.0961
2015-11-25,扬杰科技,sz300373,27.44,25.09,25.8,25.4,25.87,25.4,274008,0.0,0.0,0.0,0.0908,-0.0155
2015-11-26,扬杰科技,sz300373,25.7,24.33,25.7,24.4,25.4,24.4,208837,0.0,0.0,0.0,0.0539,-0.0505
2015-11-27,扬杰科技,sz300373,24.97,22.15,24.4,22.44,24.4,22.44,164325,0.0,0.0,0.0,0.1155,-0.0803
2015-11-30,扬杰科技,sz300373,23.25,20.57,22.45,23.1,22.44,23.1,151841,0.0,0.0,0.0,0.1194,0.0289
2015-12-01,扬杰科技,sz300373,23.69,22.5,22.98,23.22,23.1,23.22,114578,0.0,0.0,0.0,0.0515,0.0104
2015-12-02,扬杰科技,sz300373,23.2,21.0,23.19,22.02,23.22,22.02,93244,0.0,0.0,0.0,0.0947,-0.0504
2015-12-03,扬杰科技,sz300373,22.9,22.0,22.1,22.75,22.02,22.75,79701,0.0,0.0,0.0,0.0408,0.0294
2015-12-04,扬杰科技,sz300373,23.29,22.37,22.77,22.77,22.75,22.77,94222,0.0,0.0,0.0,0.0404,0.0
2015-12-07,扬杰科技,sz300373,23.0,22.08,22.6,23.0,22.77,23.0,85788,0.0,0.0,0.0,0.0404,0.0176
2015-12-08,扬杰科技,sz300373,22.88,21.79,22.73,21.8,23.0,21.8,90550,0.0,0.0,0.0,0.0473,-0.0409
2015-12-09,扬杰科技,sz300373,21.98,20.75,21.5,21.05,21.8,21.05,75199,0.0,0.0,0.0,0.0564,-0.0209
2015-12-10,扬杰科技,sz300373,21.88,20.8,20.81,21.47,21.05,21.47,72040,0.0,0.0,0.0,0.0513,0.0317
2015-12-11,扬杰科技,sz300373,21.37,20.7,21.19,20.74,21.47,20.74,51511,0.0,0.0,0.0,0.0312,-0.0212
2015-12-14,扬杰科技,sz300373,21.2,20.2,20.3,21.18,20.74,21.18,52461,0.0,0.0,0.0,0.0482,0.0433
2015-12-15,扬杰科技,sz300373,21.75,21.16,21.2,21.41,21.18,21.41,50931,0.0,0.0,0.0,0.0278,0.0099
2015-12-16,扬杰科技,sz300373,22.22,21.4,21.61,21.88,21.41,21.88,70254,0.0,0.0,0.0,0.0382,0.0124
2015-12-17,扬杰科技,sz300373,22.97,21.82,21.82,22.72,21.88,22.72,96876,0.0,0.0,0.0,0.0525,0.0412
2015-12-18,扬杰科技,sz300373,22.65,21.9,22.59,22.14,22.72,22.14,92474,0.0,0.0,0.0,0.033,-0.0199
2015-12-21,扬杰科技,sz300373,22.26,21.51,22.08,21.85,22.14,21.85,56496,0.0,0.0,0.0,0.0338,-0.0104
2015-12-22,扬杰科技,sz300373,22.15,21.76,21.95,22.05,21.85,22.05,49493,0.0,0.0,0.0,0.0178,0.0045
2015-12-23,扬杰科技,sz300373,22.24,21.01,22.18,21.15,22.05,21.15,72050,0.0,0.0,0.0,0.0557,-0.0464
2015-12-24,扬杰科技,sz300373,21.44,20.4,21.06,21.25,21.15,21.25,54810,0.0,0.0,0.0,0.0491,0.009
2015-12-25,扬杰科技,sz300373,21.45,20.96,21.23,21.2,21.25,21.2,42679,0.0,0.0,0.0,0.023,-0.0014
2015-12-28,扬杰科技,sz300373,21.46,20.52,21.32,20.57,21.2,20.57,65798,0.0,0.0,0.0,0.0443,-0.0351
2015-12-29,扬杰科技,sz300373,20.75,20.11,20.67,20.63,20.57,20.63,49375,0.0,0.0,0.0,0.0311,-0.0019
2015-12-30,扬杰科技,sz300373,21.5,20.6,20.72,21.46,20.63,21.46,62030,0.0,0.0,0.0,0.0436,0.0357
2015-12-31,扬杰科技,sz300373,22.16,21.15,21.44,21.45,21.46,21.45,99760,0.0,0.0,0.0,0.047,4.0E-4
2016-01-01,扬杰科技,sz300373,22.16,21.15,21.44,21.45,21.45,21.45,99760,0.0,0.0,0.0,0.047,4.0E-4
2016-01-04,扬杰科技,sz300373,21.48,19.31,21.3,19.32,21.45,19.32,54009,0.0,0.0,0.0,0.1011,-0.0929
2016-01-05,扬杰科技,sz300373,19.32,17.42,17.8,18.05,19.32,18.05,69480,0.0,0.0,0.0,0.0983,0.014
2016-01-06,扬杰科技,sz300373,18.74,17.8,18.3,18.56,18.05,18.56,50638,0.0,0.0,0.0,0.052,0.0142
2016-01-07,扬杰科技,sz300373,18.19,16.7,18.19,16.7,18.56,16.7,19217,0.0,0.0,0.0,0.0802,-0.0819
2016-01-08,扬杰科技,sz300373,17.56,15.1,17.31,16.45,16.7,16.45,70435,0.0,0.0,0.0,0.1473,-0.0496
2016-01-11,扬杰科技,sz300373,16.4,14.81,16.4,14.81,16.45,14.81,58402,0.0,0.0,0.0,0.0966,-0.0969
2016-01-12,扬杰科技,sz300373,15.13,14.08,14.48,14.7,14.81,14.7,54649,0.0,0.0,0.0,0.0708,0.0151
2016-01-13,扬杰科技,sz300373,15.16,13.9,14.8,13.94,14.7,13.94,47770,0.0,0.0,0.0,0.0857,-0.0581
2016-01-14,扬杰科技,sz300373,15.09,13.44,13.65,14.76,13.94,14.76,59378,0.0,0.0,0.0,0.1183,0.0813
2016-01-15,扬杰科技,sz300373,15.0,14.01,14.7,14.17,14.76,14.17,57973,0.0,0.0,0.0,0.067,-0.036
2016-01-18,扬杰科技,sz300373,14.97,13.72,13.99,14.72,14.17,14.72,58083,0.0,0.0,0.0,0.0882,0.0521
2016-01-19,扬杰科技,sz300373,15.48,14.5,14.75,15.45,14.72,15.45,65253,0.0,0.0,0.0,0.0665,0.0474
2016-01-20,扬杰科技,sz300373,15.75,15.1,15.35,15.29,15.45,15.29,64900,0.0,0.0,0.0,0.042,-0.0039
2016-01-21,扬杰科技,sz300373,15.72,14.9,15.03,14.91,15.29,14.91,66365,0.0,0.0,0.0,0.0536,-0.0079
2016-01-22,扬杰科技,sz300373,15.3,14.56,15.02,15.16,14.91,15.16,44490,0.0,0.0,0.0,0.0496,0.0093
2016-01-25,扬杰科技,sz300373,15.5,14.91,15.35,15.08,15.16,15.08,35501,0.0,0.0,0.0,0.0389,-0.0175
2016-01-26,扬杰科技,sz300373,15.06,13.57,15.06,13.57,15.08,13.57,50965,0.0,0.0,0.0,0.0988,-0.0989
2016-01-27,扬杰科技,sz300373,13.8,12.5,13.61,13.38,13.57,13.38,44004,0.0,0.0,0.0,0.0957,-0.0168
2016-01-28,扬杰科技,sz300373,13.35,12.5,13.21,12.53,13.38,12.53,30069,0.0,0.0,0.0,0.0635,-0.0514
2016-01-29,扬杰科技,sz300373,13.38,12.42,12.65,13.29,12.53,13.29,36588,0.0,0.0,0.0,0.0766,0.0505
2016-02-01,扬杰科技,sz300373,13.58,12.82,13.25,13.16,13.29,13.16,34073,0.0,0.0,0.0,0.0571,-0.0067
2016-02-02,扬杰科技,sz300373,13.85,13.25,13.25,13.75,13.16,13.75,38675,0.0,0.0,0.0,0.0455,0.0377
2016-02-03,扬杰科技,sz300373,13.99,13.25,13.6,13.91,13.75,13.91,33893,0.0,0.0,0.0,0.0538,0.0227
2016-02-04,扬杰科技,sz300373,14.44,13.92,13.93,14.37,13.91,14.37,44924,0.0,0.0,0.0,0.0373,0.0315
2016-02-05,扬杰科技,sz300373,14.49,13.89,14.3,13.94,14.37,13.94,32978,0.0,0.0,0.0,0.0417,-0.0251
2016-02-08,扬杰科技,sz300373,14.49,13.89,14.3,13.94,13.94,13.94,32978,0.0,0.0,0.0,0.043,-0.0251
2016-02-09,扬杰科技,sz300373,14.49,13.89,14.3,13.94,13.94,13.94,32978,0.0,0.0,0.0,0.043,-0.0251
2016-02-10,扬杰科技,sz300373,14.49,13.89,14.3,13.94,13.94,13.94,32978,0.0,0.0,0.0,0.043,-0.0251
2016-02-11,扬杰科技,sz300373,14.49,13.89,14.3,13.94,13.94,13.94,32978,0.0,0.0,0.0,0.043,-0.0251
2016-02-12,扬杰科技,sz300373,14.49,13.89,14.3,13.94,13.94,13.94,32978,0.0,0.0,0.0,0.043,-0.0251
2016-02-15,扬杰科技,sz300373,13.98,13.01,13.01,13.81,13.94,13.81,30509,0.0,0.0,0.0,0.0695,0.0614
2016-02-16,扬杰科技,sz300373,14.72,13.93,14.02,14.61,13.81,14.61,48104,0.0,0.0,0.0,0.0572,0.042
2016-02-17,扬杰科技,sz300373,15.05,14.38,14.63,14.88,14.61,14.88,56000,0.0,0.0,0.0,0.0458,0.017
2016-02-18,扬杰科技,sz300373,16.37,15.0,15.25,16.3,14.88,16.3,174126,0.0,0.0,0.0,0.092,0.0688
2016-02-19,扬杰科技,sz300373,16.89,15.91,15.91,16.51,16.3,16.51,121393,0.0,0.0,0.0,0.0601,0.0377
2016-02-22,扬杰科技,sz300373,17.73,16.6,16.88,17.29,16.51,17.29,129505,0.0,0.0,0.0,0.0684,0.0242
2016-02-23,扬杰科技,sz300373,17.15,16.58,16.91,16.95,17.29,16.95,75467,0.0,0.0,0.0,0.0329,0.0023
2016-02-24,扬杰科技,sz300373,17.64,16.81,16.97,17.51,16.95,17.51,97209,0.0,0.0,0.0,0.0489,0.0318
2016-02-25,扬杰科技,sz300373,17.52,15.76,17.51,15.76,17.51,15.76,101881,0.0,0.0,0.0,0.1005,-0.0999
2016-02-26,扬杰科技,sz300373,16.19,15.1,15.92,15.68,15.76,15.68,73554,0.0,0.0,0.0,0.0691,-0.015
2016-02-29,扬杰科技,sz300373,15.62,14.11,15.62,14.11,15.68,14.11,45825,0.0,0.0,0.0,0.0963,-0.0966
2016-03-01,扬杰科技,sz300373,14.55,13.49,14.2,14.17,14.11,14.17,59614,0.0,0.0,0.0,0.0751,-0.0021
2016-03-02,扬杰科技,sz300373,15.17,14.05,14.16,15.1,14.17,15.1,77360,0.0,0.0,0.0,0.079,0.0663
2016-03-03,扬杰科技,sz300373,15.55,15.02,15.05,15.1,15.1,15.1,60504,0.0,0.0,0.0,0.035,0.0033
2016-03-04,扬杰科技,sz300373,15.02,13.65,15.01,13.85,15.1,13.85,64435,0.0,0.0,0.0,0.0907,-0.0772
2016-03-07,扬杰科技,sz300373,14.63,14.03,14.05,14.25,13.85,14.25,37217,0.0,0.0,0.0,0.0433,0.0142
2016-03-08,扬杰科技,sz300373,14.35,13.0,14.16,14.35,14.25,14.35,54817,0.0,0.0,0.0,0.0947,0.0134
2016-03-09,扬杰科技,sz300373,14.18,13.66,13.91,13.86,14.35,13.86,36094,0.0,0.0,0.0,0.0362,-0.0035
2016-03-10,扬杰科技,sz300373,14.15,13.6,14.15,13.64,13.86,13.64,27075,0.0,0.0,0.0,0.0396,-0.036
2016-03-11,扬杰科技,sz300373,13.69,13.28,13.5,13.52,13.64,13.52,28044,0.0,0.0,0.0,0.03,0.0014
2016-03-14,扬杰科技,sz300373,14.54,13.75,13.75,14.21,13.52,14.21,54540,0.0,0.0,0.0,0.0584,0.0334
2016-03-15,扬杰科技,sz300373,14.37,13.85,14.17,13.9,14.21,13.9,40233,0.0,0.0,0.0,0.0365,-0.019
2016-03-16,扬杰科技,sz300373,14.4,13.6,14.1,13.81,13.9,13.81,40063,0.0,0.0,0.0,0.0575,-0.0205
2016-03-17,扬杰科技,sz300373,15.03,13.91,13.93,14.95,13.81,14.95,83071,0.0,0.0,0.0,0.0811,0.0732
2016-03-18,扬杰科技,sz300373,15.75,14.9,14.9,15.5,14.95,15.5,85555,0.0,0.0,0.0,0.0568,0.0402
2016-03-21,扬杰科技,sz300373,15.98,15.4,15.61,15.83,15.5,15.83,89956,0.0,0.0,0.0,0.0374,0.014
2016-03-22,扬杰科技,sz300373,16.23,15.41,15.53,15.83,15.83,15.83,67505,0.0,0.0,0.0,0.0518,0.0193
2016-03-23,扬杰科技,sz300373,16.15,15.56,15.7,16.08,15.83,16.08,57734,0.0,0.0,0.0,0.0372,0.0242
2016-03-24,扬杰科技,sz300373,15.95,15.2,15.8,15.28,16.08,15.28,65265,0.0,0.0,0.0,0.0466,-0.0329
2016-03-25,扬杰科技,sz300373,15.78,15.27,15.27,15.75,15.28,15.75,57135,0.0,0.0,0.0,0.0333,0.0314
