2016-03-25
2012-07-02,兆日科技,sz300333,85.14,78.96,79.5,83.7,80.13,25.84,8932200,0.0,0.0,0.0,0.0771,0.0528
2012-07-03,兆日科技,sz300333,86.55,81.96,82.5,83.76,83.7,25.86,8560400,0.0,0.0,0.0,0.0548,0.0152
2012-07-04,兆日科技,sz300333,85.77,81.0,82.89,81.33,83.76,25.11,7372200,0.0,0.0,0.0,0.0569,-0.0188
2012-07-05,兆日科技,sz300333,83.04,78.93,80.19,79.71,81.33,24.61,6440500,0.0,0.0,0.0,0.0505,-0.0059
2012-07-06,兆日科技,sz300333,80.85,75.39,80.4,78.36,79.71,24.19,5381700,0.0,0.0,0.0,0.0684,-0.0253
2012-07-09,兆日科技,sz300333,79.62,76.2,77.34,77.37,78.36,23.88,3482500,0.0,0.0,0.0,0.0436,3.0E-4
2012-07-10,兆日科技,sz300333,79.35,71.19,76.74,71.94,77.37,22.21,4349900,0.0,0.0,0.0,0.1054,-0.0625
2012-07-11,兆日科技,sz300333,70.68,67.83,70.17,68.91,71.94,21.27,3807000,0.0,0.0,0.0,0.0396,-0.0179
2012-07-12,兆日科技,sz300333,71.64,68.43,69.0,70.65,68.91,21.81,3325400,0.0,0.0,0.0,0.0465,0.0239
2012-07-13,兆日科技,sz300333,73.44,69.69,70.2,70.8,70.65,21.86,3582500,0.0,0.0,0.0,0.053,0.0085
2012-07-16,兆日科技,sz300333,70.2,65.1,69.9,65.7,70.8,20.28,3187800,0.0,0.0,0.0,0.072,-0.06
2012-07-17,兆日科技,sz300333,67.08,64.8,64.95,66.63,65.7,20.57,1548200,0.0,0.0,0.0,0.0347,0.0258
2012-07-18,兆日科技,sz300333,67.71,65.34,66.24,67.53,66.63,20.85,1859600,0.0,0.0,0.0,0.0355,0.0194
2012-07-19,兆日科技,sz300333,69.96,66.96,67.17,68.28,67.53,21.08,2438400,0.0,0.0,0.0,0.0444,0.0165
2012-07-20,兆日科技,sz300333,68.64,67.23,67.53,68.43,68.28,21.13,1796800,0.0,0.0,0.0,0.0206,0.0133
2012-07-23,兆日科技,sz300333,69.96,66.48,67.83,69.57,68.43,21.48,2167700,0.0,0.0,0.0,0.0508,0.0256
2012-07-24,兆日科技,sz300333,71.07,68.64,68.64,69.96,69.57,21.6,1955900,0.0,0.0,0.0,0.0349,0.0192
2012-07-25,兆日科技,sz300333,74.4,69.69,69.78,71.1,69.96,21.95,3393500,0.0,0.0,0.0,0.0673,0.0189
2012-07-26,兆日科技,sz300333,72.27,69.84,70.8,71.73,71.1,22.14,2463000,0.0,0.0,0.0,0.0341,0.0131
2012-07-27,兆日科技,sz300333,72.33,69.18,72.0,69.87,71.73,21.57,2603400,0.0,0.0,0.0,0.0439,-0.0295
2012-07-30,兆日科技,sz300333,70.14,65.7,69.63,66.12,69.87,20.41,2580400,0.0,0.0,0.0,0.0635,-0.0504
2012-07-31,兆日科技,sz300333,66.6,64.53,65.97,64.83,66.12,20.01,1539400,0.0,0.0,0.0,0.0313,-0.0172
2012-08-01,兆日科技,sz300333,66.87,64.83,64.83,66.48,64.83,20.52,1659400,0.0,0.0,0.0,0.0314,0.0254
2012-08-02,兆日科技,sz300333,66.57,65.25,65.82,66.33,66.48,20.48,1349000,0.0,0.0,0.0,0.0198,0.0077
2012-08-03,兆日科技,sz300333,69.39,66.12,66.54,69.3,66.33,21.39,2340400,0.0,0.0,0.0,0.0492,0.0414
2012-08-06,兆日科技,sz300333,72.18,68.04,68.85,71.34,69.3,22.02,2810600,0.0,0.0,0.0,0.0597,0.0361
2012-08-07,兆日科技,sz300333,71.88,70.2,70.8,71.04,71.34,21.93,2147800,0.0,0.0,0.0,0.0235,0.0033
2012-08-08,兆日科技,sz300333,73.44,70.44,70.98,71.58,71.04,22.1,2172600,0.0,0.0,0.0,0.0422,0.0084
2012-08-09,兆日科技,sz300333,72.9,70.95,71.13,72.15,71.58,22.27,2682000,0.0,0.0,0.0,0.0272,0.0143
2012-08-10,兆日科技,sz300333,72.24,70.56,72.21,70.95,72.15,21.9,1831800,0.0,0.0,0.0,0.0232,-0.0174
2012-08-13,兆日科技,sz300333,74.34,70.95,71.04,71.85,70.95,22.18,3402400,0.0,0.0,0.0,0.0477,0.0114
2012-08-14,兆日科技,sz300333,74.91,70.89,71.25,74.61,71.85,23.03,3240500,0.0,0.0,0.0,0.0559,0.0471
2012-08-15,兆日科技,sz300333,75.24,72.9,74.1,73.5,74.61,22.69,2773000,0.0,0.0,0.0,0.0313,-0.008
2012-08-16,兆日科技,sz300333,74.91,71.7,73.95,71.7,73.5,22.13,2281200,0.0,0.0,0.0,0.0436,-0.0304
2012-08-17,兆日科技,sz300333,74.97,71.04,71.7,74.73,71.7,23.07,2467500,0.0,0.0,0.0,0.0548,0.0422
2012-08-20,兆日科技,sz300333,75.84,73.95,74.25,75.48,74.73,23.3,2839200,0.0,0.0,0.0,0.0252,0.0165
2012-08-21,兆日科技,sz300333,78.48,74.7,75.51,77.4,75.48,23.89,4390300,0.0,0.0,0.0,0.05,0.025
2012-08-22,兆日科技,sz300333,77.91,75.51,77.31,76.44,77.4,23.6,3148300,0.0,0.0,0.0,0.031,-0.0112
2012-08-23,兆日科技,sz300333,79.35,76.14,76.44,78.93,76.44,24.37,3165700,0.0,0.0,0.0,0.0419,0.0325
2012-08-24,兆日科技,sz300333,78.6,75.9,78.06,76.2,78.93,23.52,2703900,0.0,0.0,0.0,0.0342,-0.0238
2012-08-27,兆日科技,sz300333,75.45,72.99,75.45,73.74,76.2,22.76,2028400,0.0,0.0,0.0,0.0322,-0.0226
2012-08-28,兆日科技,sz300333,78.84,73.8,73.8,77.31,73.74,23.87,2634800,0.0,0.0,0.0,0.0683,0.0475
2012-08-29,兆日科技,sz300333,80.49,76.77,76.77,78.84,77.31,24.34,3639300,0.0,0.0,0.0,0.0481,0.0269
2012-08-30,兆日科技,sz300333,78.87,70.95,77.97,74.07,78.84,22.87,4578000,0.0,0.0,0.0,0.1004,-0.05
2012-08-31,兆日科技,sz300333,77.94,73.2,73.56,77.7,74.07,23.99,3120800,0.0,0.0,0.0,0.0639,0.0562
2012-09-03,兆日科技,sz300333,79.17,76.89,77.13,78.75,77.7,24.31,3181300,0.0,0.0,0.0,0.0293,0.021
2012-09-04,兆日科技,sz300333,81.99,78.03,78.75,78.09,78.75,24.11,4465600,0.0,0.0,0.0,0.0502,-0.0083
2012-09-05,兆日科技,sz300333,80.61,77.64,77.7,78.93,78.09,24.37,3172100,0.0,0.0,0.0,0.038,0.0158
2012-09-06,兆日科技,sz300333,80.58,78.33,78.9,80.1,78.93,24.73,2594100,0.0,0.0,0.0,0.0285,0.0152
2012-09-07,兆日科技,sz300333,81.51,79.53,80.85,80.31,80.1,24.79,3500800,0.0,0.0,0.0,0.0247,-0.0066
2012-09-10,兆日科技,sz300333,81.57,78.93,80.1,81.57,80.31,25.18,3217900,0.0,0.0,0.0,0.0328,0.0183
2012-09-11,兆日科技,sz300333,83.97,80.7,80.76,82.05,81.57,25.33,3154400,0.0,0.0,0.0,0.04,0.0159
2012-09-12,兆日科技,sz300333,82.5,79.8,82.08,81.21,82.05,25.07,2450400,0.0,0.0,0.0,0.0329,-0.0105
2012-09-13,兆日科技,sz300333,81.51,79.41,80.79,79.41,81.21,24.51,1447100,0.0,0.0,0.0,0.0258,-0.017
2012-09-14,兆日科技,sz300333,80.4,78.45,80.4,78.63,79.41,24.27,1894400,0.0,0.0,0.0,0.0245,-0.022
2012-09-17,兆日科技,sz300333,78.57,74.94,78.3,75.12,78.63,23.19,2298200,0.0,0.0,0.0,0.0461,-0.0406
2012-09-18,兆日科技,sz300333,76.5,74.55,74.76,75.3,75.12,23.25,1543200,0.0,0.0,0.0,0.0259,0.0072
2012-09-19,兆日科技,sz300333,76.35,75.03,75.69,75.6,75.3,23.34,1259900,0.0,0.0,0.0,0.0175,-0.0011
2012-09-20,兆日科技,sz300333,75.84,70.98,75.78,70.98,75.6,21.91,2749200,0.0,0.0,0.0,0.0642,-0.0633
2012-09-21,兆日科技,sz300333,72.18,69.69,70.95,71.13,70.98,21.96,1526600,0.0,0.0,0.0,0.035,0.0025
2012-09-24,兆日科技,sz300333,72.12,69.93,70.74,71.97,71.13,22.22,1385600,0.0,0.0,0.0,0.0307,0.0173
2012-09-25,兆日科技,sz300333,69.36,65.94,68.73,65.97,71.97,21.02,2059300,0.0,0.0,0.0,0.0475,-0.0401
2012-09-26,兆日科技,sz300333,66.3,64.2,65.7,64.47,65.97,20.54,1476000,0.0,0.0,0.0,0.0318,-0.0187
2012-09-27,兆日科技,sz300333,67.68,64.74,64.74,66.99,64.47,21.35,1901500,0.0,0.0,0.0,0.0456,0.0347
2012-09-28,兆日科技,sz300333,68.4,65.7,66.75,68.1,66.99,21.7,1499000,0.0,0.0,0.0,0.0403,0.0202
2012-10-01,兆日科技,sz300333,68.1,68.1,68.1,68.1,68.1,21.7,0,0.0,0.0,0.0,0.0,0.0
2012-10-02,兆日科技,sz300333,68.1,68.1,68.1,68.1,68.1,21.7,0,0.0,0.0,0.0,0.0,0.0
2012-10-03,兆日科技,sz300333,68.1,68.1,68.1,68.1,68.1,21.7,0,0.0,0.0,0.0,0.0,0.0
2012-10-04,兆日科技,sz300333,68.1,68.1,68.1,68.1,68.1,21.7,0,0.0,0.0,0.0,0.0,0.0
2012-10-05,兆日科技,sz300333,68.1,68.1,68.1,68.1,68.1,21.7,0,0.0,0.0,0.0,0.0,0.0
2012-10-08,兆日科技,sz300333,68.34,66.57,68.16,67.98,68.1,21.66,1255600,0.0,0.0,0.0,0.0259,-0.0026
2012-10-09,兆日科技,sz300333,70.11,67.68,67.68,69.96,67.98,22.29,1822100,0.0,0.0,0.0,0.0357,0.0336
2012-10-10,兆日科技,sz300333,71.22,69.24,69.63,70.59,69.96,22.5,1497600,0.0,0.0,0.0,0.0283,0.0137
2012-10-11,兆日科技,sz300333,70.38,67.32,70.38,67.5,70.59,21.51,1706200,0.0,0.0,0.0,0.0433,-0.0409
2012-10-12,兆日科技,sz300333,68.64,65.79,67.95,67.05,67.5,21.37,1468000,0.0,0.0,0.0,0.0422,-0.0132
2012-10-15,兆日科技,sz300333,65.1,60.36,64.8,60.36,67.05,19.24,1667400,0.0,0.0,0.0,0.0706,-0.0685
2012-10-16,兆日科技,sz300333,59.88,58.41,58.5,59.46,60.36,18.95,4196100,0.0,0.0,0.0,0.0243,0.0164
2012-10-17,兆日科技,sz300333,59.79,57.45,59.55,58.2,59.46,18.55,3050700,0.0,0.0,0.0,0.0393,-0.0226
2012-10-18,兆日科技,sz300333,59.67,58.14,58.14,59.4,58.2,18.93,2470000,0.0,0.0,0.0,0.0262,0.0216
2012-10-19,兆日科技,sz300333,61.08,59.16,59.34,60.36,59.4,19.24,3058600,0.0,0.0,0.0,0.0323,0.0171
2012-10-22,兆日科技,sz300333,61.8,59.97,59.97,61.56,60.36,19.62,1833000,0.0,0.0,0.0,0.0303,0.0265
2012-10-23,兆日科技,sz300333,61.62,59.43,61.5,59.55,61.56,18.98,2081500,0.0,0.0,0.0,0.0355,-0.0317
2012-10-24,兆日科技,sz300333,59.61,58.44,59.1,58.83,59.55,18.75,1178700,0.0,0.0,0.0,0.0196,-0.0045
2012-10-25,兆日科技,sz300333,59.22,57.45,58.68,57.69,58.83,18.38,1679900,0.0,0.0,0.0,0.03,-0.0168
2012-10-26,兆日科技,sz300333,57.9,54.63,57.69,55.26,57.69,17.61,2173200,0.0,0.0,0.0,0.0566,-0.0421
2012-10-29,兆日科技,sz300333,55.74,54.36,55.2,55.74,55.26,17.76,1071500,0.0,0.0,0.0,0.0249,0.0097
2012-10-30,兆日科技,sz300333,55.98,55.08,55.98,55.29,55.74,17.62,853900,0.0,0.0,0.0,0.0161,-0.0123
2012-10-31,兆日科技,sz300333,55.47,54.15,55.08,54.69,55.29,17.43,1239500,0.0,0.0,0.0,0.0238,-0.007
2012-11-01,兆日科技,sz300333,56.25,54.78,54.78,56.22,54.69,17.92,1604300,0.0,0.0,0.0,0.0268,0.0262
2012-11-02,兆日科技,sz300333,56.55,55.5,56.19,56.1,56.22,17.88,1192400,0.0,0.0,0.0,0.0186,-0.0016
2012-11-05,兆日科技,sz300333,56.55,55.98,56.25,56.28,56.1,17.93,1101100,0.0,0.0,0.0,0.0101,5.0E-4
2012-11-06,兆日科技,sz300333,56.49,52.2,56.49,53.31,56.28,16.99,2413100,0.0,0.0,0.0,0.0762,-0.0562
2012-11-07,兆日科技,sz300333,53.73,52.8,53.31,53.1,53.31,16.92,911900,0.0,0.0,0.0,0.0174,-0.0039
2012-11-08,兆日科技,sz300333,53.01,51.03,52.32,51.24,53.1,16.33,1243500,0.0,0.0,0.0,0.0372,-0.0206
2012-11-09,兆日科技,sz300333,51.54,50.43,51.45,50.79,51.24,16.19,1003400,0.0,0.0,0.0,0.0216,-0.0128
2012-11-12,兆日科技,sz300333,51.69,50.64,50.64,51.69,50.79,16.47,807200,0.0,0.0,0.0,0.0206,0.0207
2012-11-13,兆日科技,sz300333,53.25,50.76,51.69,52.59,51.69,16.76,1739700,0.0,0.0,0.0,0.0481,0.0174
2012-11-14,兆日科技,sz300333,52.98,51.33,52.23,52.71,52.59,16.8,1022100,0.0,0.0,0.0,0.0313,0.0091
2012-11-15,兆日科技,sz300333,52.59,50.91,52.59,51.0,52.71,16.25,788400,0.0,0.0,0.0,0.0318,-0.0302
2012-11-16,兆日科技,sz300333,51.81,50.25,51.12,51.72,51.0,16.48,929500,0.0,0.0,0.0,0.0305,0.0117
2012-11-19,兆日科技,sz300333,51.96,50.67,51.72,51.72,51.72,16.48,645800,0.0,0.0,0.0,0.0249,0.0
2012-11-20,兆日科技,sz300333,52.98,51.9,52.11,52.23,51.72,16.64,1245600,0.0,0.0,0.0,0.0208,0.0023
2012-11-21,兆日科技,sz300333,52.53,50.85,52.2,52.44,52.23,16.71,1132500,0.0,0.0,0.0,0.0321,0.0045
2012-11-22,兆日科技,sz300333,52.35,51.27,52.17,51.66,52.44,16.46,707500,0.0,0.0,0.0,0.0205,-0.0097
2012-11-23,兆日科技,sz300333,52.14,51.18,51.54,51.39,51.66,16.38,675900,0.0,0.0,0.0,0.0185,-0.0029
2012-11-26,兆日科技,sz300333,51.54,48.03,51.27,48.03,51.39,15.31,1708200,0.0,0.0,0.0,0.0683,-0.0631
2012-11-27,兆日科技,sz300333,47.88,45.54,47.88,45.57,48.03,14.52,1590000,0.0,0.0,0.0,0.0487,-0.0482
2012-11-28,兆日科技,sz300333,46.14,45.24,45.54,45.39,45.57,14.46,796400,0.0,0.0,0.0,0.0197,-0.0032
2012-11-29,兆日科技,sz300333,45.78,44.1,45.42,44.16,45.39,14.07,788900,0.0,0.0,0.0,0.037,-0.0277
2012-11-30,兆日科技,sz300333,44.82,43.65,44.19,44.37,44.16,14.14,776900,0.0,0.0,0.0,0.0264,0.004
2012-12-03,兆日科技,sz300333,44.7,41.34,44.7,41.52,44.37,13.23,1351100,0.0,0.0,0.0,0.0757,-0.0711
2012-12-04,兆日科技,sz300333,42.9,40.5,41.25,42.15,41.52,13.43,1457600,0.0,0.0,0.0,0.0578,0.0218
2012-12-05,兆日科技,sz300333,44.76,41.88,41.88,44.04,42.15,14.03,2028200,0.0,0.0,0.0,0.0683,0.0515
2012-12-06,兆日科技,sz300333,44.67,43.11,44.01,43.59,44.04,13.89,1385800,0.0,0.0,0.0,0.0354,-0.0095
2012-12-07,兆日科技,sz300333,45.18,43.17,43.5,45.18,43.59,14.4,1994000,0.0,0.0,0.0,0.0461,0.0386
2012-12-10,兆日科技,sz300333,46.44,45.0,45.27,46.05,45.18,14.67,2029300,0.0,0.0,0.0,0.0318,0.0172
2012-12-11,兆日科技,sz300333,45.84,44.91,45.84,44.94,46.05,14.32,1489400,0.0,0.0,0.0,0.0201,-0.0196
2012-12-12,兆日科技,sz300333,47.01,44.1,44.94,46.8,44.94,14.91,3140300,0.0,0.0,0.0,0.0647,0.0413
2012-12-13,兆日科技,sz300333,46.35,44.85,46.2,45.03,46.8,14.35,1943000,0.0,0.0,0.0,0.032,-0.0253
2012-12-14,兆日科技,sz300333,47.46,44.34,44.4,46.98,45.03,14.97,2630300,0.0,0.0,0.0,0.0692,0.0581
2012-12-17,兆日科技,sz300333,47.55,46.47,47.28,47.25,46.98,15.06,2089300,0.0,0.0,0.0,0.0229,-6.0E-4
2012-12-18,兆日科技,sz300333,50.43,47.1,47.55,48.81,47.25,15.55,3770000,0.0,0.0,0.0,0.0704,0.0264
2012-12-19,兆日科技,sz300333,49.14,48.3,48.75,48.9,48.81,15.58,1512800,0.0,0.0,0.0,0.0172,0.003
2012-12-20,兆日科技,sz300333,51.84,48.24,48.84,50.76,48.9,16.18,3786200,0.0,0.0,0.0,0.0736,0.0393
2012-12-21,兆日科技,sz300333,55.74,50.7,50.7,54.33,50.76,17.31,5643100,0.0,0.0,0.0,0.0992,0.0715
2012-12-24,兆日科技,sz300333,56.94,53.25,54.54,56.61,54.33,18.04,5105800,0.0,0.0,0.0,0.0679,0.0379
2012-12-25,兆日科技,sz300333,59.4,55.98,56.4,58.8,56.61,18.74,5443700,0.0,0.0,0.0,0.0604,0.0425
2012-12-26,兆日科技,sz300333,63.57,58.29,58.53,63.12,58.8,20.11,5163900,0.0,0.0,0.0,0.0897,0.0784
2012-12-27,兆日科技,sz300333,65.04,59.4,63.54,59.58,63.12,18.99,6038500,0.0,0.0,0.0,0.0893,-0.0623
2012-12-28,兆日科技,sz300333,61.32,56.7,58.53,59.1,59.58,18.83,5717300,0.0,0.0,0.0,0.0775,0.0097
2012-12-31,兆日科技,sz300333,59.34,56.64,59.25,57.06,59.1,18.18,3863400,0.0,0.0,0.0,0.0456,-0.0369
2013-01-04,兆日科技,sz300333,19.76,18.91,19.2,19.53,57.06,20.19609,3777991,0.0,0.0,0.0,0.0148,0.0171
2013-01-07,兆日科技,sz300333,19.92,19.2,19.37,19.92,19.53,20.599386,2957139,0.0,0.0,0.0,0.0368,0.0283
2013-01-08,兆日科技,sz300333,20.49,19.75,19.94,20.03,19.92,20.713137,3930172,0.0,0.0,0.0,0.0371,0.0045
2013-01-09,兆日科技,sz300333,19.91,18.88,19.9,19.13,20.03,19.782433,3686231,0.0,0.0,0.0,0.0514,-0.0386
2013-01-10,兆日科技,sz300333,19.44,18.55,19.0,18.81,19.13,19.451511,3111205,0.0,0.0,0.0,0.0465,-0.01
2013-01-11,兆日科技,sz300333,20.3,19.1,19.2,19.68,18.81,20.351183,6258108,0.0,0.0,0.0,0.0637,0.025
2013-01-14,兆日科技,sz300333,21.25,19.7,19.75,21.0,19.68,21.716198,5587875,0.0,0.0,0.0,0.0787,0.0632
2013-01-15,兆日科技,sz300333,21.48,20.64,21.0,21.02,21.0,21.736872,4318165,0.0,0.0,0.0,0.0399,9.0E-4
2013-01-16,兆日科技,sz300333,21.15,19.98,21.05,20.49,21.02,21.188799,3367963,0.0,0.0,0.0,0.0556,-0.0266
2013-01-17,兆日科技,sz300333,20.53,19.92,20.44,19.96,20.49,20.64073,1882420,0.0,0.0,0.0,0.0297,-0.0234
2013-01-18,兆日科技,sz300333,20.29,19.6,19.88,20.06,19.96,20.744139,2202326,0.0,0.0,0.0,0.0345,0.009
2013-01-21,兆日科技,sz300333,20.45,19.96,20.28,20.35,20.06,21.044037,2008240,0.0,0.0,0.0,0.0244,0.0034
2013-01-22,兆日科技,sz300333,20.4,18.56,20.4,18.9,20.35,19.544586,3219788,0.0,0.0,0.0,0.0904,-0.0735
2013-01-23,兆日科技,sz300333,18.95,18.43,18.73,18.85,18.9,19.492872,1785204,0.0,0.0,0.0,0.0275,0.0064
2013-01-24,兆日科技,sz300333,19.22,17.71,18.83,17.94,18.85,18.551834,2194465,0.0,0.0,0.0,0.0801,-0.0472
2013-01-25,兆日科技,sz300333,18.09,17.61,17.83,17.87,17.94,18.479445,1651637,0.0,0.0,0.0,0.0267,0.0022
2013-01-28,兆日科技,sz300333,18.33,17.87,17.99,18.31,17.87,18.934446,1597262,0.0,0.0,0.0,0.0257,0.0177
2013-01-29,兆日科技,sz300333,18.72,18.25,18.32,18.55,18.31,19.182638,1542875,0.0,0.0,0.0,0.0256,0.0125
2013-01-30,兆日科技,sz300333,18.62,18.08,18.52,18.18,18.55,18.800022,1423594,0.0,0.0,0.0,0.0291,-0.0183
2013-01-31,兆日科技,sz300333,18.28,17.8,18.0,18.1,18.18,18.7173,1071338,0.0,0.0,0.0,0.0264,0.0055
2013-02-01,兆日科技,sz300333,18.44,17.7,17.96,18.28,18.1,18.903444,1321680,0.0,0.0,0.0,0.0408,0.0178
2013-02-04,兆日科技,sz300333,18.45,17.88,18.29,17.95,18.28,18.562181,995363,0.0,0.0,0.0,0.0311,-0.0185
2013-02-05,兆日科技,sz300333,18.56,17.85,18.0,18.55,17.95,19.18264,1231326,0.0,0.0,0.0,0.0395,0.0305
2013-02-06,兆日科技,sz300333,18.74,18.41,18.6,18.58,18.55,19.21366,1148113,0.0,0.0,0.0,0.0177,-0.001
2013-02-07,兆日科技,sz300333,18.92,18.42,18.55,18.92,18.58,19.565248,1274494,0.0,0.0,0.0,0.0269,0.0199
2013-02-08,兆日科技,sz300333,19.27,18.87,18.92,19.15,18.92,19.803085,1355529,0.0,0.0,0.0,0.0211,0.0121
2013-02-18,兆日科技,sz300333,19.45,18.92,19.15,19.37,19.15,20.030582,1526038,0.0,0.0,0.0,0.0276,0.0114
2013-02-19,兆日科技,sz300333,19.48,18.58,19.37,18.7,19.37,19.337725,1420535,0.0,0.0,0.0,0.0464,-0.0345
2013-02-20,兆日科技,sz300333,19.26,18.62,18.85,19.2,18.7,19.854776,1525632,0.0,0.0,0.0,0.0342,0.0185
2013-02-21,兆日科技,sz300333,19.1,18.37,19.05,18.55,19.2,19.182613,1791963,0.0,0.0,0.0,0.038,-0.0262
2013-02-22,兆日科技,sz300333,18.71,18.37,18.41,18.41,18.55,19.037842,1151096,0.0,0.0,0.0,0.0183,0.0
2013-02-25,兆日科技,sz300333,18.65,18.38,18.41,18.57,18.41,19.2033,981089,0.0,0.0,0.0,0.0146,0.0086
2013-02-26,兆日科技,sz300333,18.78,18.38,18.45,18.41,18.57,19.037844,1072791,0.0,0.0,0.0,0.0215,-0.0021
2013-02-27,兆日科技,sz300333,18.73,17.96,18.41,18.12,18.41,18.73796,1161627,0.0,0.0,0.0,0.0418,-0.0157
2013-02-28,兆日科技,sz300333,18.45,18.01,18.14,18.44,18.12,19.068872,1103730,0.0,0.0,0.0,0.0242,0.0165
2013-03-01,兆日科技,sz300333,18.98,18.45,18.5,18.97,18.44,19.61695,2233258,0.0,0.0,0.0,0.0287,0.0254
2013-03-04,兆日科技,sz300333,19.19,18.28,18.81,18.5,18.97,19.13092,2209470,0.0,0.0,0.0,0.0479,-0.0164
2013-03-05,兆日科技,sz300333,19.33,18.35,18.35,19.31,18.5,19.968548,2025106,0.0,0.0,0.0,0.0529,0.0523
2013-03-06,兆日科技,sz300333,20.18,19.49,19.49,19.9,19.31,20.578667,3576084,0.0,0.0,0.0,0.0357,0.021
2013-03-07,兆日科技,sz300333,20.09,19.18,19.9,19.4,19.9,20.061607,2207154,0.0,0.0,0.0,0.0457,-0.0251
2013-03-08,兆日科技,sz300333,19.55,18.87,19.55,19.02,19.4,19.668642,1389736,0.0,0.0,0.0,0.035,-0.0271
2013-03-11,兆日科技,sz300333,19.0,18.65,18.96,18.71,19.02,19.348063,850841,0.0,0.0,0.0,0.0184,-0.0131
2013-03-12,兆日科技,sz300333,19.08,17.22,18.71,17.5,18.71,18.096804,2274412,0.0,0.0,0.0,0.0994,-0.0646
2013-03-13,兆日科技,sz300333,17.41,16.82,17.41,17.29,17.5,17.879642,1250515,0.0,0.0,0.0,0.0337,-0.0068
2013-03-14,兆日科技,sz300333,17.39,17.07,17.07,17.16,17.29,17.745205,689848,0.0,0.0,0.0,0.0185,0.0052
2013-03-15,兆日科技,sz300333,17.58,16.91,17.18,17.29,17.16,17.879642,1037649,0.0,0.0,0.0,0.039,0.0064
2013-03-18,兆日科技,sz300333,17.26,16.85,17.26,16.87,17.29,17.445328,712540,0.0,0.0,0.0,0.0237,-0.0225
2013-03-19,兆日科技,sz300333,17.1,16.66,16.9,17.0,16.87,17.579762,512938,0.0,0.0,0.0,0.026,0.0059
2013-03-20,兆日科技,sz300333,17.7,16.89,17.23,17.7,17.0,18.303627,1045622,0.0,0.0,0.0,0.0476,0.0272
2013-03-21,兆日科技,sz300333,17.95,17.51,17.7,17.69,17.7,18.293285,1188159,0.0,0.0,0.0,0.0248,-5.0E-4
2013-03-22,兆日科技,sz300333,17.9,17.6,17.6,17.82,17.69,18.427721,870708,0.0,0.0,0.0,0.0169,0.0124
2013-03-25,兆日科技,sz300333,17.96,17.71,17.71,17.79,17.82,18.39669,732803,0.0,0.0,0.0,0.014,0.0045
2013-03-26,兆日科技,sz300333,17.75,17.05,17.75,17.25,17.79,17.838276,1170302,0.0,0.0,0.0,0.0393,-0.0281
2013-03-27,兆日科技,sz300333,17.48,17.19,17.25,17.31,17.25,17.900318,591980,0.0,0.0,0.0,0.0168,0.0034
2013-03-28,兆日科技,sz300333,17.18,16.42,17.18,16.42,17.31,16.979973,1046277,0.0,0.0,0.0,0.0439,-0.0442
2013-03-29,兆日科技,sz300333,16.58,16.34,16.42,16.38,16.42,16.93861,402557,0.0,0.0,0.0,0.0146,-0.0024
2013-04-01,兆日科技,sz300333,16.75,16.42,16.48,16.6,16.38,17.166113,421610,0.0,0.0,0.0,0.0201,0.0072
2013-04-02,兆日科技,sz300333,16.93,16.6,16.6,16.77,16.6,17.341911,862133,0.0,0.0,0.0,0.0198,0.0102
2013-04-03,兆日科技,sz300333,17.15,16.0,16.88,17.1,16.77,17.683165,1055115,0.0,0.0,0.0,0.0685,0.013
2013-04-08,兆日科技,sz300333,16.04,15.39,16.04,15.6,17.1,16.132015,1860707,0.0,0.0,0.0,0.038,-0.0274
2013-04-09,兆日科技,sz300333,16.36,15.46,15.46,16.17,15.6,16.721447,1164417,0.0,0.0,0.0,0.0576,0.0459
2013-04-10,兆日科技,sz300333,16.46,15.94,16.13,16.08,16.17,16.628376,781896,0.0,0.0,0.0,0.0321,-0.003
2013-04-11,兆日科技,sz300333,16.44,15.95,16.21,16.08,16.08,16.628376,548101,0.0,0.0,0.0,0.0304,-0.008
2013-04-12,兆日科技,sz300333,16.25,15.99,16.08,16.11,16.08,16.659403,413469,0.0,0.0,0.0,0.0161,0.0018
2013-04-15,兆日科技,sz300333,16.19,15.8,16.06,15.98,16.11,16.524961,419357,0.0,0.0,0.0,0.0242,-0.0049
2013-04-16,兆日科技,sz300333,16.41,15.83,15.84,16.31,15.98,16.866219,947455,0.0,0.0,0.0,0.0362,0.0296
2013-04-17,兆日科技,sz300333,16.58,16.27,16.3,16.35,16.31,16.907576,1732925,0.0,0.0,0.0,0.019,0.003
2013-04-18,兆日科技,sz300333,16.43,15.47,16.27,15.52,16.35,16.049263,1996959,0.0,0.0,0.0,0.0587,-0.046
2013-04-19,兆日科技,sz300333,16.46,15.58,15.77,16.05,15.52,16.597328,2179775,0.0,0.0,0.0,0.0567,0.0177
2013-04-22,兆日科技,sz300333,16.46,16.01,16.15,16.35,16.05,16.907566,2294941,0.0,0.0,0.0,0.028,0.0123
2013-04-23,兆日科技,sz300333,16.44,15.05,16.43,15.2,16.35,15.718355,1985849,0.0,0.0,0.0,0.085,-0.0748
2013-04-24,兆日科技,sz300333,15.59,15.13,15.2,15.39,15.2,15.914835,1022403,0.0,0.0,0.0,0.0302,0.0125
2013-04-25,兆日科技,sz300333,15.38,14.78,15.22,14.79,15.39,15.294379,1429473,0.0,0.0,0.0,0.0389,-0.0282
2013-04-26,兆日科技,sz300333,14.85,14.02,14.8,14.07,14.79,14.549818,1530194,0.0,0.0,0.0,0.0561,-0.0493
2013-05-02,兆日科技,sz300333,14.2,13.86,14.01,14.09,14.07,14.570494,572191,0.0,0.0,0.0,0.0241,0.0057
2013-05-03,兆日科技,sz300333,14.42,14.09,14.12,14.38,14.09,14.870383,986784,0.0,0.0,0.0,0.0234,0.0184
2013-05-06,兆日科技,sz300333,14.8,14.38,14.38,14.72,14.38,15.221978,1065942,0.0,0.0,0.0,0.0292,0.0236
2013-05-07,兆日科技,sz300333,14.79,14.61,14.71,14.77,14.72,15.273687,754082,0.0,0.0,0.0,0.0122,0.004
2013-05-08,兆日科技,sz300333,15.2,14.72,14.72,15.2,14.77,15.71835,1440146,0.0,0.0,0.0,0.0324,0.0326
2013-05-09,兆日科技,sz300333,15.8,15.25,15.25,15.49,15.2,16.01824,2454936,0.0,0.0,0.0,0.0361,0.0157
2013-05-10,兆日科技,sz300333,15.85,15.31,15.31,15.65,15.49,16.183693,1695404,0.0,0.0,0.0,0.0348,0.0222
2013-05-13,兆日科技,sz300333,15.98,15.66,15.8,15.93,15.65,16.473236,1487435,0.0,0.0,0.0,0.0204,0.0082
2013-05-14,兆日科技,sz300333,15.95,15.29,15.94,15.45,15.93,15.976864,1291001,0.0,0.0,0.0,0.0414,-0.0307
2013-05-15,兆日科技,sz300333,15.97,15.31,15.45,15.97,15.45,16.514597,1653374,0.0,0.0,0.0,0.0427,0.0336
2013-05-16,兆日科技,sz300333,16.48,15.63,16.15,15.82,15.97,16.359476,2341843,0.0,0.0,0.0,0.0532,-0.0204
2013-05-17,兆日科技,sz300333,16.14,15.46,15.74,15.92,15.82,16.462885,1685619,0.0,0.0,0.0,0.0429,0.0114
2013-05-20,兆日科技,sz300333,16.65,15.95,15.95,16.45,15.92,17.01095,2068310,0.0,0.0,0.0,0.0439,0.0313
2013-05-21,兆日科技,sz300333,17.43,16.3,16.41,17.42,16.45,18.014034,3189042,0.0,0.0,0.0,0.0686,0.0615
2013-05-22,兆日科技,sz300333,17.98,16.8,17.4,16.91,17.42,17.486637,3534516,0.0,0.0,0.0,0.0677,-0.0281
2013-05-23,兆日科技,sz300333,17.77,16.64,16.85,17.18,16.91,17.765846,2796700,0.0,0.0,0.0,0.0668,0.0195
2013-05-24,兆日科技,sz300333,18.05,17.07,17.07,18.04,17.18,18.65517,3394948,0.0,0.0,0.0,0.057,0.0568
2013-05-27,兆日科技,sz300333,18.18,17.76,18.08,18.02,18.04,18.634481,2219767,0.0,0.0,0.0,0.0232,-0.0033
2013-05-28,兆日科技,sz300333,17.97,17.06,17.86,17.13,18.02,17.714125,2627344,0.0,0.0,0.0,0.0504,-0.0408
2013-05-29,兆日科技,sz300333,17.38,17.05,17.22,17.31,17.13,17.900265,1645677,0.0,0.0,0.0,0.0192,0.0052
2013-05-30,兆日科技,sz300333,17.66,17.2,17.66,17.32,17.31,17.91061,1312759,0.0,0.0,0.0,0.0265,-0.0192
2013-05-31,兆日科技,sz300333,17.4,16.85,17.4,16.9,17.32,17.476295,1788193,0.0,0.0,0.0,0.0317,-0.0287
2013-06-03,兆日科技,sz300333,17.06,16.65,16.9,16.74,16.9,17.310848,1012848,0.0,0.0,0.0,0.0242,-0.0094
2013-06-04,兆日科技,sz300333,16.8,15.45,16.7,15.78,16.74,16.318106,1754107,0.0,0.0,0.0,0.0806,-0.055
2013-06-05,兆日科技,sz300333,15.99,15.7,15.78,15.91,15.78,16.452534,720324,0.0,0.0,0.0,0.0183,0.0082
2013-06-06,兆日科技,sz300333,15.9,15.33,15.73,15.36,15.91,15.883786,796733,0.0,0.0,0.0,0.0358,-0.0235
2013-06-07,兆日科技,sz300333,15.73,15.3,15.3,15.46,15.36,15.98719,726119,0.0,0.0,0.0,0.0279,0.0104
2013-06-13,兆日科技,sz300333,15.44,14.61,15.44,15.21,15.46,15.728661,752858,0.0,0.0,0.0,0.0536,-0.0148
2013-06-14,兆日科技,sz300333,15.94,15.2,15.2,15.76,15.21,16.29741,998143,0.0,0.0,0.0,0.0486,0.0368
2013-06-17,兆日科技,sz300333,16.48,15.61,15.76,16.02,15.76,16.566267,1475232,0.0,0.0,0.0,0.0552,0.0164
2013-06-18,兆日科技,sz300333,17.62,15.65,15.96,17.62,16.02,18.220823,4409330,0.0,0.0,0.0,0.1229,0.104
2013-06-19,兆日科技,sz300333,18.07,17.38,17.58,17.95,17.62,18.562082,6203090,0.0,0.0,0.0,0.0391,0.021
2013-06-20,兆日科技,sz300333,17.93,16.91,17.7,16.92,17.95,17.496952,3157698,0.0,0.0,0.0,0.0568,-0.044
2013-06-21,兆日科技,sz300333,18.28,15.8,16.45,17.75,16.92,18.355247,5080559,0.0,0.0,0.0,0.1465,0.079
2013-06-24,兆日科技,sz300333,18.66,17.2,18.0,17.79,17.75,18.39662,6864104,0.0,0.0,0.0,0.0822,-0.0116
2013-06-25,兆日科技,sz300333,17.77,16.01,17.0,17.51,17.79,18.107077,5205481,0.0,0.0,0.0,0.0989,0.03
2013-06-26,兆日科技,sz300333,18.8,16.76,16.93,18.46,17.51,19.089476,7903434,0.0,0.0,0.0,0.1165,0.0903
2013-06-27,兆日科技,sz300333,18.72,17.56,18.25,17.56,18.46,18.158787,6290045,0.0,0.0,0.0,0.0628,-0.0378
2013-06-28,兆日科技,sz300333,17.42,15.8,17.01,16.08,17.56,16.628328,4073120,0.0,0.0,0.0,0.0922,-0.0546
2013-07-01,兆日科技,sz300333,15.89,14.95,15.88,15.45,16.08,15.976847,6784803,0.0,0.0,0.0,0.0584,-0.027
2013-07-02,兆日科技,sz300333,16.4,15.38,15.52,16.06,15.45,16.607645,7504623,0.0,0.0,0.0,0.066,0.0347
2013-07-03,兆日科技,sz300333,15.98,15.03,15.81,15.88,16.06,16.421507,6678064,0.0,0.0,0.0,0.0591,0.0044
2013-07-04,兆日科技,sz300333,16.13,15.31,15.69,15.65,15.88,16.183657,5079923,0.0,0.0,0.0,0.0516,-0.0025
2013-07-05,兆日科技,sz300333,16.12,15.35,15.5,15.35,15.65,15.873433,4736064,0.0,0.0,0.0,0.0492,-0.0096
2013-07-08,兆日科技,sz300333,14.88,13.82,14.88,13.82,15.35,14.291265,5747761,0.0,0.0,0.0,0.069,-0.0712
2013-07-09,兆日科技,sz300333,13.95,13.5,13.6,13.67,13.82,14.136147,2568528,0.0,0.0,0.0,0.0325,0.0051
2013-07-10,兆日科技,sz300333,14.15,13.73,13.77,14.12,13.67,14.601495,2362947,0.0,0.0,0.0,0.0307,0.0254
2013-07-11,兆日科技,sz300333,14.46,14.01,14.01,14.29,14.12,14.777297,2969876,0.0,0.0,0.0,0.0318,0.0199
2013-07-12,兆日科技,sz300333,14.86,14.26,14.36,14.33,14.29,14.818658,3643279,0.0,0.0,0.0,0.0419,-0.002
2013-07-15,兆日科技,sz300333,15.1,14.2,14.36,15.06,14.33,15.57355,4157689,0.0,0.0,0.0,0.0628,0.0487
2013-07-16,兆日科技,sz300333,15.28,14.6,15.06,15.11,15.06,15.625255,5193751,0.0,0.0,0.0,0.0451,0.0033
2013-07-17,兆日科技,sz300333,15.86,14.93,15.01,15.51,15.11,16.038902,8788339,0.0,0.0,0.0,0.0615,0.0333
2013-07-18,兆日科技,sz300333,16.38,15.22,15.4,16.19,15.51,16.742096,9848762,0.0,0.0,0.0,0.0747,0.0512
2013-07-19,兆日科技,sz300333,16.62,15.35,16.16,15.38,16.19,15.904471,7645730,0.0,0.0,0.0,0.0784,-0.0482
2013-07-22,兆日科技,sz300333,16.26,15.1,15.2,16.21,15.38,16.762772,5637161,0.0,0.0,0.0,0.0754,0.0664
2013-07-23,兆日科技,sz300333,16.5,15.93,16.29,16.38,16.21,16.938564,6255005,0.0,0.0,0.0,0.0351,0.0055
2013-07-24,兆日科技,sz300333,16.78,16.06,16.3,16.56,16.38,17.1247,5738440,0.0,0.0,0.0,0.0439,0.0159
2013-07-25,兆日科技,sz300333,16.57,15.3,16.57,15.55,16.56,16.080265,5606910,0.0,0.0,0.0,0.0766,-0.0615
2013-07-26,兆日科技,sz300333,15.35,14.49,15.09,15.07,15.55,16.100945,3876216,0.0,0.0,0.0,0.0553,-0.0013
2013-07-29,兆日科技,sz300333,16.58,14.75,15.07,15.86,15.07,16.944988,9554760,0.0,0.0,0.0,0.1214,0.0524
2013-07-30,兆日科技,sz300333,15.96,14.7,15.8,15.4,15.86,16.453516,7193097,0.0,0.0,0.0,0.0794,-0.0253
2013-07-31,兆日科技,sz300333,15.84,15.11,15.41,15.42,15.4,16.47489,4438669,0.0,0.0,0.0,0.0474,6.0E-4
2013-08-01,兆日科技,sz300333,16.45,15.31,15.38,16.26,15.42,17.372358,8482052,0.0,0.0,0.0,0.0739,0.0572
2013-08-02,兆日科技,sz300333,17.32,16.08,16.4,16.77,16.26,17.917244,13762008,0.0,0.0,0.0,0.0762,0.0225
2013-08-05,兆日科技,sz300333,17.09,16.5,16.85,16.94,16.77,18.09887,8134397,0.0,0.0,0.0,0.0351,0.0053
2013-08-06,兆日科技,sz300333,16.98,16.65,16.85,16.82,16.94,17.970657,5386967,0.0,0.0,0.0,0.0194,-0.0017
2013-08-07,兆日科技,sz300333,16.82,15.79,16.82,15.98,16.82,17.073185,8539679,0.0,0.0,0.0,0.0612,-0.0499
2013-08-08,兆日科技,sz300333,16.7,15.8,15.8,16.35,15.98,17.468498,5455478,0.0,0.0,0.0,0.0563,0.0348
2013-08-09,兆日科技,sz300333,16.44,15.5,16.27,15.87,16.35,16.955658,6037606,0.0,0.0,0.0,0.0574,-0.0245
2013-08-12,兆日科技,sz300333,16.25,15.6,15.86,16.0,15.87,17.094559,4591946,0.0,0.0,0.0,0.0409,0.0088
2013-08-13,兆日科技,sz300333,16.5,15.9,16.01,16.4,16.0,17.521923,4816652,0.0,0.0,0.0,0.0374,0.0243
2013-08-14,兆日科技,sz300333,16.62,16.03,16.5,16.27,16.4,17.383026,4344381,0.0,0.0,0.0,0.0359,-0.0139
2013-08-15,兆日科技,sz300333,16.95,16.26,16.27,16.58,16.27,17.714226,7575935,0.0,0.0,0.0,0.0424,0.019
2013-08-16,兆日科技,sz300333,17.31,16.36,16.46,16.95,16.58,18.109535,12833471,0.0,0.0,0.0,0.0572,0.0297
2013-08-19,兆日科技,sz300333,17.56,16.8,17.18,17.39,16.95,18.579641,11535501,0.0,0.0,0.0,0.0448,0.0122
2013-08-20,兆日科技,sz300333,18.09,17.05,17.62,17.3,17.39,18.483492,10052658,0.0,0.0,0.0,0.0598,-0.0181
2013-08-21,兆日科技,sz300333,17.68,17.07,17.19,17.63,17.3,18.836063,7070940,0.0,0.0,0.0,0.0352,0.0255
2013-08-22,兆日科技,sz300333,17.68,16.92,17.5,17.0,17.63,18.162956,7622235,0.0,0.0,0.0,0.0431,-0.0285
2013-08-23,兆日科技,sz300333,18.0,16.89,17.19,17.8,17.0,19.017687,10232889,0.0,0.0,0.0,0.0652,0.0354
2013-08-26,兆日科技,sz300333,18.37,17.6,17.62,17.83,17.8,19.049732,8262588,0.0,0.0,0.0,0.0432,0.0119
2013-08-27,兆日科技,sz300333,19.13,17.33,17.75,18.69,17.83,19.968557,10421666,0.0,0.0,0.0,0.1009,0.0529
2013-08-28,兆日科技,sz300333,18.72,17.95,18.45,17.97,18.69,19.19931,8036907,0.0,0.0,0.0,0.0411,-0.026
2013-08-29,兆日科技,sz300333,18.45,17.71,18.0,18.23,17.97,19.477104,5414876,0.0,0.0,0.0,0.0411,0.0127
2013-08-30,兆日科技,sz300333,18.23,16.58,18.18,16.61,18.23,17.746271,7457049,0.0,0.0,0.0,0.0905,-0.0863
2013-09-02,兆日科技,sz300333,16.89,16.28,16.61,16.74,16.61,17.885172,3905205,0.0,0.0,0.0,0.0367,0.0078
2013-09-03,兆日科技,sz300333,17.18,16.7,16.72,17.05,16.74,18.216387,3384152,0.0,0.0,0.0,0.0286,0.0197
2013-09-04,兆日科技,sz300333,17.14,16.41,17.0,16.67,17.05,17.810398,3262634,0.0,0.0,0.0,0.0428,-0.0194
2013-09-05,兆日科技,sz300333,17.1,16.51,16.6,16.83,16.67,17.981342,3868452,0.0,0.0,0.0,0.0353,0.0138
2013-09-06,兆日科技,sz300333,16.95,16.5,16.77,16.8,16.83,17.949282,3307619,0.0,0.0,0.0,0.0267,0.0017
2013-09-09,兆日科技,sz300333,16.97,16.54,16.82,16.96,16.8,18.120232,4389762,0.0,0.0,0.0,0.0255,0.0083
2013-09-10,兆日科技,sz300333,16.98,16.62,16.9,16.76,16.96,17.906557,3515722,0.0,0.0,0.0,0.0212,-0.0082
2013-09-11,兆日科技,sz300333,16.76,15.68,16.7,15.85,16.76,16.934303,5717186,0.0,0.0,0.0,0.0644,-0.0508
2013-09-12,兆日科技,sz300333,16.13,15.75,15.84,15.87,15.85,16.955673,2569196,0.0,0.0,0.0,0.0239,0.0018
2013-09-13,兆日科技,sz300333,16.13,15.7,15.88,16.04,15.87,17.137302,2480405,0.0,0.0,0.0,0.027,0.01
2013-09-16,兆日科技,sz300333,16.41,15.97,16.0,16.23,16.04,17.340294,3141797,0.0,0.0,0.0,0.0274,0.0143
2013-09-17,兆日科技,sz300333,16.3,15.69,16.22,15.7,16.23,16.774029,2685976,0.0,0.0,0.0,0.0375,-0.032
2013-09-18,兆日科技,sz300333,16.18,15.64,15.65,16.1,15.7,17.201399,1999180,0.0,0.0,0.0,0.0343,0.0287
2013-09-23,兆日科技,sz300333,16.96,16.14,16.14,16.79,16.1,17.938599,4309967,0.0,0.0,0.0,0.0509,0.0402
2013-09-24,兆日科技,sz300333,17.11,16.63,16.8,16.86,16.79,18.013384,3857592,0.0,0.0,0.0,0.0285,0.0035
2013-09-25,兆日科技,sz300333,17.21,16.6,16.86,16.97,16.86,18.130903,3687820,0.0,0.0,0.0,0.0361,0.0065
2013-09-26,兆日科技,sz300333,17.63,16.82,16.86,17.06,16.97,18.227053,4313574,0.0,0.0,0.0,0.0477,0.0118
2013-09-27,兆日科技,sz300333,17.48,17.01,17.07,17.15,17.06,18.3232,2728105,0.0,0.0,0.0,0.0275,0.0046
2013-09-30,兆日科技,sz300333,17.95,17.25,17.25,17.89,17.15,19.113827,4950200,0.0,0.0,0.0,0.0408,0.0371
2013-10-08,兆日科技,sz300333,18.18,17.47,17.75,17.96,17.89,19.18862,5034992,0.0,0.0,0.0,0.0396,0.0118
2013-10-09,兆日科技,sz300333,18.23,17.65,17.8,17.85,17.96,19.07109,4016233,0.0,0.0,0.0,0.0322,0.0028
2013-10-10,兆日科技,sz300333,18.05,17.25,17.9,17.34,17.85,18.526209,4771824,0.0,0.0,0.0,0.0448,-0.0312
2013-10-11,兆日科技,sz300333,18.93,17.49,17.49,18.14,17.34,19.380936,7565181,0.0,0.0,0.0,0.083,0.0371
2013-10-14,兆日科技,sz300333,18.42,17.72,18.01,18.3,18.14,19.551874,4924711,0.0,0.0,0.0,0.0385,0.0161
2013-10-15,兆日科技,sz300333,18.11,17.25,18.1,17.53,18.3,18.72919,6295433,0.0,0.0,0.0,0.0469,-0.0314
2013-10-16,兆日科技,sz300333,17.64,16.72,17.5,16.9,17.53,18.0561,4376648,0.0,0.0,0.0,0.0524,-0.0342
2013-10-17,兆日科技,sz300333,17.42,16.91,17.1,17.09,16.9,18.259106,2844460,0.0,0.0,0.0,0.0301,-5.0E-4
2013-10-18,兆日科技,sz300333,17.88,17.11,17.25,17.65,17.09,18.85742,3644910,0.0,0.0,0.0,0.045,0.0231
2013-10-21,兆日科技,sz300333,18.29,17.6,17.6,18.11,17.65,19.348883,4326060,0.0,0.0,0.0,0.039,0.0289
2013-10-22,兆日科技,sz300333,18.49,17.5,18.16,17.72,18.11,18.932203,4842142,0.0,0.0,0.0,0.0546,-0.0242
2013-10-23,兆日科技,sz300333,17.8,16.89,17.7,17.3,17.72,18.483473,3525692,0.0,0.0,0.0,0.0513,-0.0225
2013-10-24,兆日科技,sz300333,17.78,17.11,17.37,17.78,17.3,18.996315,3150067,0.0,0.0,0.0,0.0387,0.0236
2013-10-25,兆日科技,sz300333,17.67,16.8,17.54,16.82,17.78,17.970648,4244361,0.0,0.0,0.0,0.0489,-0.041
2013-10-28,兆日科技,sz300333,16.94,16.35,16.82,16.42,16.82,17.543287,3033769,0.0,0.0,0.0,0.035,-0.0237
2013-10-29,兆日科技,sz300333,16.67,14.88,16.67,15.33,16.42,16.378729,4286179,0.0,0.0,0.0,0.109,-0.0803
2013-10-30,兆日科技,sz300333,15.9,15.15,15.48,15.8,15.33,16.880884,2691676,0.0,0.0,0.0,0.0489,0.0206
2013-10-31,兆日科技,sz300333,16.07,15.61,15.8,15.76,15.8,16.838142,2647754,0.0,0.0,0.0,0.0291,-0.0025
2013-11-01,兆日科技,sz300333,15.87,15.26,15.7,15.71,15.76,16.784714,1339557,0.0,0.0,0.0,0.0387,6.0E-4
2013-11-04,兆日科技,sz300333,16.08,15.65,15.65,15.85,15.71,16.9343,1506599,0.0,0.0,0.0,0.0273,0.0127
2013-11-05,兆日科技,sz300333,16.2,15.59,15.79,16.14,15.85,17.244146,1602653,0.0,0.0,0.0,0.0384,0.0221
2013-11-06,兆日科技,sz300333,16.55,15.96,16.13,16.1,16.14,17.201416,2802453,0.0,0.0,0.0,0.0365,-0.0018
2013-11-07,兆日科技,sz300333,16.37,15.66,16.02,15.69,16.1,16.763365,2188962,0.0,0.0,0.0,0.044,-0.0205
2013-11-08,兆日科技,sz300333,15.8,15.36,15.65,15.37,15.69,16.421476,1473366,0.0,0.0,0.0,0.028,-0.0178
2013-11-11,兆日科技,sz300333,16.37,15.35,15.43,16.22,15.37,17.329632,2597923,0.0,0.0,0.0,0.0663,0.0511
2013-11-12,兆日科技,sz300333,16.96,16.15,16.22,16.61,16.22,17.746305,4204719,0.0,0.0,0.0,0.0499,0.024
2013-11-13,兆日科技,sz300333,17.16,16.48,16.52,16.56,16.61,17.69289,3686469,0.0,0.0,0.0,0.0409,0.0024
2013-11-14,兆日科技,sz300333,18.18,16.47,16.47,17.73,16.56,18.942928,7290583,0.0,0.0,0.0,0.1032,0.0765
2013-11-15,兆日科技,sz300333,18.66,17.75,17.75,18.15,17.73,19.391666,9120304,0.0,0.0,0.0,0.0513,0.0225
2013-11-18,兆日科技,sz300333,18.68,17.94,18.33,18.2,18.15,19.445091,7635239,0.0,0.0,0.0,0.0407,-0.007
2013-11-19,兆日科技,sz300333,19.87,17.95,18.0,18.87,18.2,20.160923,11385668,0.0,0.0,0.0,0.1054,0.0483
2013-11-20,兆日科技,sz300333,19.35,18.51,18.65,18.78,18.87,20.064775,6816483,0.0,0.0,0.0,0.0445,0.0069
2013-11-21,兆日科技,sz300333,19.18,18.32,18.71,19.0,18.78,20.299835,6601664,0.0,0.0,0.0,0.0457,0.0154
2013-11-22,兆日科技,sz300333,19.33,18.45,19.07,18.45,19.0,19.712215,5659022,0.0,0.0,0.0,0.0463,-0.0325
2013-11-25,兆日科技,sz300333,19.29,18.32,18.4,18.88,18.45,20.171627,5789288,0.0,0.0,0.0,0.0525,0.026
2013-11-26,兆日科技,sz300333,19.72,18.81,18.88,19.18,18.88,20.492155,6897160,0.0,0.0,0.0,0.0481,0.0158
2013-11-27,兆日科技,sz300333,20.24,19.08,19.24,19.76,19.18,21.111837,7901962,0.0,0.0,0.0,0.0604,0.027
2013-11-28,兆日科技,sz300333,20.2,19.5,19.7,20.1,19.76,21.475088,8023257,0.0,0.0,0.0,0.0354,0.0203
2013-11-29,兆日科技,sz300333,21.0,19.98,20.05,20.59,20.1,21.998608,8050829,0.0,0.0,0.0,0.0507,0.0269
2013-12-02,兆日科技,sz300333,19.4,18.53,19.0,18.53,20.59,19.797668,6112090,0.0,0.0,0.0,0.0422,-0.0247
2013-12-03,兆日科技,sz300333,18.05,16.71,17.59,17.74,18.53,18.953615,8239864,0.0,0.0,0.0,0.0723,0.0085
2013-12-04,兆日科技,sz300333,18.25,17.4,17.42,17.4,17.74,18.590351,6047109,0.0,0.0,0.0,0.0479,-0.0011
2013-12-05,兆日科技,sz300333,17.85,17.15,17.4,17.47,17.4,18.66514,3984006,0.0,0.0,0.0,0.0402,0.004
2013-12-06,兆日科技,sz300333,17.73,17.17,17.4,17.52,17.47,18.71856,2846071,0.0,0.0,0.0,0.032,0.0068
2013-12-09,兆日科技,sz300333,18.13,17.56,17.56,18.08,17.52,19.31686,3036493,0.0,0.0,0.0,0.0325,0.0296
2013-12-10,兆日科技,sz300333,18.16,17.65,18.15,17.82,18.08,19.039064,2844598,0.0,0.0,0.0,0.0282,-0.0181
2013-12-11,兆日科技,sz300333,18.08,17.47,17.71,17.92,17.82,19.145912,3043654,0.0,0.0,0.0,0.0342,0.0118
2013-12-12,兆日科技,sz300333,18.38,17.72,17.79,18.13,17.92,19.370283,3810797,0.0,0.0,0.0,0.0368,0.0191
2013-12-13,兆日科技,sz300333,18.45,17.92,18.02,18.17,18.13,19.413013,3170739,0.0,0.0,0.0,0.0292,0.0083
2013-12-16,兆日科技,sz300333,18.45,17.9,18.23,18.03,18.17,19.263435,3150533,0.0,0.0,0.0,0.0302,-0.0109
2013-12-17,兆日科技,sz300333,18.16,17.58,18.1,17.78,18.03,18.99633,2286206,0.0,0.0,0.0,0.0321,-0.0176
2013-12-18,兆日科技,sz300333,17.72,17.0,17.56,17.09,17.78,18.259119,3713002,0.0,0.0,0.0,0.0404,-0.0267
2013-12-19,兆日科技,sz300333,17.46,17.09,17.11,17.13,17.09,18.301865,1927496,0.0,0.0,0.0,0.0216,0.0011
2013-12-20,兆日科技,sz300333,17.37,17.1,17.13,17.25,17.13,18.430069,1739546,0.0,0.0,0.0,0.0157,0.007
2013-12-23,兆日科技,sz300333,17.22,16.2,17.22,16.7,17.25,17.842445,2454969,0.0,0.0,0.0,0.0591,-0.0301
2013-12-24,兆日科技,sz300333,17.35,16.7,16.7,17.2,16.7,18.376648,2325916,0.0,0.0,0.0,0.0389,0.0299
2013-12-25,兆日科技,sz300333,18.46,17.3,17.3,18.21,17.2,19.455742,4919873,0.0,0.0,0.0,0.0674,0.0526
2013-12-26,兆日科技,sz300333,18.72,18.06,18.16,18.19,18.21,19.43438,5445511,0.0,0.0,0.0,0.0362,0.0016
2013-12-27,兆日科技,sz300333,18.98,18.15,18.16,18.92,18.19,20.214321,4734967,0.0,0.0,0.0,0.0456,0.0418
2013-12-30,兆日科技,sz300333,19.3,18.7,18.84,18.89,18.92,20.18226,3828631,0.0,0.0,0.0,0.0317,0.0026
2013-12-31,兆日科技,sz300333,18.95,18.13,18.87,18.41,18.89,19.66943,3552077,0.0,0.0,0.0,0.0434,-0.0243
2014-01-02,兆日科技,sz300333,19.47,18.18,18.25,19.42,18.41,20.748514,4973297,0.0,0.0,0.0,0.07,0.0641
2014-01-03,兆日科技,sz300333,19.63,18.95,19.26,19.14,19.42,20.449362,4644767,0.0,0.0,0.0,0.035,-0.0062
2014-01-06,兆日科技,sz300333,19.14,18.11,19.09,18.23,19.14,19.477118,3764967,0.0,0.0,0.0,0.0538,-0.045
2014-01-07,兆日科技,sz300333,18.9,18.0,18.2,18.88,18.23,20.171593,3661866,0.0,0.0,0.0,0.0493,0.0373
2014-01-08,兆日科技,sz300333,19.75,18.88,18.96,19.42,18.88,20.74854,5951451,0.0,0.0,0.0,0.046,0.0242
2014-01-09,兆日科技,sz300333,19.5,18.46,19.36,18.47,19.42,19.733543,4938558,0.0,0.0,0.0,0.0535,-0.0459
2014-01-10,兆日科技,sz300333,20.0,18.2,18.42,19.1,18.47,20.406635,6185424,0.0,0.0,0.0,0.0974,0.0369
2014-01-13,兆日科技,sz300333,20.2,19.14,19.15,19.96,19.1,21.325464,8076402,0.0,0.0,0.0,0.0554,0.0422
2014-01-14,兆日科技,sz300333,20.38,19.52,19.88,20.3,19.96,21.688723,6201282,0.0,0.0,0.0,0.043,0.0211
2014-01-15,兆日科技,sz300333,20.24,19.76,20.13,20.23,20.3,21.61394,5413684,0.0,0.0,0.0,0.0236,0.0049
2014-01-16,兆日科技,sz300333,20.59,19.64,20.1,19.83,20.23,21.186567,5269202,0.0,0.0,0.0,0.0469,-0.0134
2014-01-17,兆日科技,sz300333,20.37,19.54,19.65,19.73,19.83,21.079723,4117777,0.0,0.0,0.0,0.0418,0.004
2014-01-20,兆日科技,sz300333,19.84,18.93,19.72,19.24,19.73,20.556208,3684550,0.0,0.0,0.0,0.0461,-0.0243
2014-01-21,兆日科技,sz300333,20.11,19.18,19.24,20.1,19.24,21.47505,4536295,0.0,0.0,0.0,0.0483,0.0446
2014-01-22,兆日科技,sz300333,20.46,19.73,19.99,20.22,20.1,21.603256,5800307,0.0,0.0,0.0,0.0363,0.0115
2014-01-23,兆日科技,sz300333,21.03,20.01,20.22,20.7,20.22,22.116096,7261067,0.0,0.0,0.0,0.0504,0.0237
2014-01-24,兆日科技,sz300333,21.13,20.5,20.7,20.72,20.7,22.13746,5638109,0.0,0.0,0.0,0.0304,9.0E-4
2014-01-27,兆日科技,sz300333,21.67,20.62,20.8,20.71,20.72,22.126768,6328295,0.0,0.0,0.0,0.0506,-0.0043
2014-01-28,兆日科技,sz300333,20.47,19.26,20.0,19.79,20.71,21.143831,6432514,0.0,0.0,0.0,0.0584,-0.0105
2014-01-29,兆日科技,sz300333,20.39,19.53,19.75,20.22,19.79,21.603243,4160563,0.0,0.0,0.0,0.0434,0.0237
2014-01-30,兆日科技,sz300333,20.68,19.75,20.18,19.83,20.22,21.18656,3577977,0.0,0.0,0.0,0.0459,-0.0173
2014-02-07,兆日科技,sz300333,20.98,19.42,19.7,20.89,19.83,22.319067,4616770,0.0,0.0,0.0,0.0786,0.0604
2014-02-10,兆日科技,sz300333,21.85,20.81,20.91,21.58,20.89,23.056265,6254299,0.0,0.0,0.0,0.0497,0.032
2014-02-11,兆日科技,sz300333,22.2,20.84,21.4,22.2,21.58,23.718672,6907825,0.0,0.0,0.0,0.063,0.0373
2014-02-12,兆日科技,sz300333,22.98,21.79,22.08,22.2,22.2,23.718672,6084983,0.0,0.0,0.0,0.0536,0.0054
2014-02-13,兆日科技,sz300333,22.48,21.43,22.19,21.77,22.2,23.259264,4469660,0.0,0.0,0.0,0.0472,-0.0189
2014-02-14,兆日科技,sz300333,23.23,22.01,22.22,22.84,21.77,24.402458,6694677,0.0,0.0,0.0,0.056,0.0279
2014-02-17,兆日科技,sz300333,23.72,22.5,22.89,23.3,22.84,24.893923,5639850,0.0,0.0,0.0,0.0534,0.0179
2014-02-18,兆日科技,sz300333,23.49,22.81,23.49,23.03,23.3,24.605452,3856492,0.0,0.0,0.0,0.0291,-0.0195
2014-02-19,兆日科技,sz300333,23.25,22.25,23.03,22.8,23.03,24.359718,3933405,0.0,0.0,0.0,0.0434,-0.0099
2014-02-20,兆日科技,sz300333,23.07,21.65,22.85,21.65,22.8,23.131039,4149497,0.0,0.0,0.0,0.0622,-0.0525
2014-02-21,兆日科技,sz300333,22.1,21.33,21.7,21.9,21.65,23.398132,3144750,0.0,0.0,0.0,0.0355,0.0092
2014-02-24,兆日科技,sz300333,22.53,21.76,21.82,22.32,21.9,23.84686,3277348,0.0,0.0,0.0,0.0351,0.0229
2014-02-25,兆日科技,sz300333,23.38,20.11,22.7,20.3,22.32,21.688673,7399983,0.0,0.0,0.0,0.1465,-0.1057
2014-02-26,兆日科技,sz300333,20.66,19.61,20.28,20.55,20.3,21.955769,3678215,0.0,0.0,0.0,0.0517,0.0133
2014-02-27,兆日科技,sz300333,22.22,20.5,20.66,21.9,20.55,23.39811,7351789,0.0,0.0,0.0,0.0836,0.06
2014-02-28,兆日科技,sz300333,22.8,21.41,22.55,22.05,21.9,23.558363,7098445,0.0,0.0,0.0,0.0634,-0.0221
2014-03-03,兆日科技,sz300333,22.97,21.7,22.01,22.72,22.05,24.274183,7383195,0.0,0.0,0.0,0.0575,0.0322
2014-03-04,兆日科技,sz300333,22.9,22.0,22.9,22.68,22.72,24.231438,5110434,0.0,0.0,0.0,0.0396,-0.0096
2014-03-05,兆日科技,sz300333,23.22,22.42,22.62,22.68,22.68,24.231438,4448326,0.0,0.0,0.0,0.0352,0.0026
2014-03-06,兆日科技,sz300333,23.88,22.6,23.88,22.7,22.68,24.25281,4266319,0.0,0.0,0.0,0.0564,-0.0494
2014-03-07,兆日科技,sz300333,22.97,21.92,22.75,22.11,22.7,23.622454,3893370,0.0,0.0,0.0,0.0462,-0.0281
2014-03-10,兆日科技,sz300333,23.08,21.93,22.39,22.42,22.11,23.953665,7241804,0.0,0.0,0.0,0.052,0.0013
2014-03-11,兆日科技,sz300333,22.7,20.89,22.5,21.09,22.42,22.532684,4204180,0.0,0.0,0.0,0.0807,-0.0626
2014-03-12,兆日科技,sz300333,21.32,20.21,21.25,20.93,21.09,22.36173,2585425,0.0,0.0,0.0,0.0526,-0.015
2014-03-13,兆日科技,sz300333,21.5,20.55,20.9,21.5,20.93,22.97073,1772262,0.0,0.0,0.0,0.0453,0.0287
2014-03-14,兆日科技,sz300333,21.47,20.78,21.2,21.44,21.5,22.906618,1409277,0.0,0.0,0.0,0.032,0.0113
2014-03-17,兆日科技,sz300333,23.28,21.32,21.5,23.0,21.44,24.573326,6274191,0.0,0.0,0.0,0.0914,0.0697
2014-03-18,兆日科技,sz300333,24.15,22.8,23.0,22.96,23.0,24.530594,8150169,0.0,0.0,0.0,0.0586,-0.0017
2014-03-19,兆日科技,sz300333,23.49,22.56,23.0,23.0,22.96,24.573326,2935017,0.0,0.0,0.0,0.0405,0.0
2014-03-20,兆日科技,sz300333,24.09,22.39,22.98,22.39,23.0,23.921593,6045130,0.0,0.0,0.0,0.0739,-0.0256
2014-03-21,兆日科技,sz300333,22.9,21.3,22.55,22.58,22.39,24.12459,3210653,0.0,0.0,0.0,0.0714,0.0013
2014-03-24,兆日科技,sz300333,23.53,21.75,22.41,23.33,22.58,24.925888,4132336,0.0,0.0,0.0,0.0788,0.041
2014-03-25,兆日科技,sz300333,24.5,23.07,23.33,23.57,23.33,25.1823,5139717,0.0,0.0,0.0,0.0612,0.0102
2014-03-26,兆日科技,sz300333,24.11,21.21,23.82,21.21,23.57,22.660873,17007687,0.0,0.0,0.0,0.123,-0.1095
2014-03-27,兆日科技,sz300333,20.77,19.5,20.77,19.54,21.21,20.876646,7279441,0.0,0.0,0.0,0.0598,-0.0592
2014-03-28,兆日科技,sz300333,19.55,19.0,19.1,19.35,19.54,20.673641,3629327,0.0,0.0,0.0,0.0281,0.013
2014-03-31,兆日科技,sz300333,19.45,18.51,19.34,19.03,19.35,20.331762,2800061,0.0,0.0,0.0,0.0485,-0.016
2014-04-01,兆日科技,sz300333,19.25,18.88,18.95,19.18,19.03,20.492018,2229882,0.0,0.0,0.0,0.0194,0.0121
2014-04-02,兆日科技,sz300333,19.22,18.21,19.2,18.54,19.18,19.808239,3389414,0.0,0.0,0.0,0.0526,-0.0343
2014-04-03,兆日科技,sz300333,18.8,18.29,18.48,18.58,18.54,19.850965,1908644,0.0,0.0,0.0,0.0275,0.0054
2014-04-04,兆日科技,sz300333,18.74,18.33,18.45,18.66,18.58,19.936443,1485802,0.0,0.0,0.0,0.022,0.0113
2014-04-08,兆日科技,sz300333,18.64,18.25,18.5,18.53,18.66,19.797546,2227417,0.0,0.0,0.0,0.0209,0.0016
2014-04-09,兆日科技,sz300333,19.43,18.5,18.5,18.84,18.53,20.12876,4829686,0.0,0.0,0.0,0.0501,0.0183
2014-04-10,兆日科技,sz300333,19.15,18.71,18.85,18.93,18.84,20.224915,3113555,0.0,0.0,0.0,0.0233,0.0042
2014-04-11,兆日科技,sz300333,18.7,18.29,18.7,18.31,18.93,19.562508,2943435,0.0,0.0,0.0,0.0216,-0.0208
2014-04-14,兆日科技,sz300333,18.55,18.31,18.31,18.45,18.31,19.712084,1703798,0.0,0.0,0.0,0.0131,0.0076
2014-04-15,兆日科技,sz300333,18.78,18.44,18.44,18.54,18.45,19.808239,1636551,0.0,0.0,0.0,0.0184,0.0054
2014-04-16,兆日科技,sz300333,18.64,18.06,18.64,18.22,18.54,19.466349,2085181,0.0,0.0,0.0,0.0312,-0.0225
2014-04-17,兆日科技,sz300333,18.39,18.2,18.2,18.31,18.22,19.562513,1234716,0.0,0.0,0.0,0.0104,0.006
2014-04-18,兆日科技,sz300333,18.47,18.11,18.17,18.38,18.31,19.6373,1454669,0.0,0.0,0.0,0.0196,0.0115
2014-04-21,兆日科技,sz300333,18.49,17.8,18.21,17.9,18.38,19.124472,1930960,0.0,0.0,0.0,0.0375,-0.017
2014-04-22,兆日科技,sz300333,18.1,17.12,18.1,17.38,17.9,18.568907,2400538,0.0,0.0,0.0,0.0547,-0.0397
2014-04-23,兆日科技,sz300333,17.65,17.19,17.5,17.3,17.38,18.483433,1254661,0.0,0.0,0.0,0.0264,-0.0114
2014-04-24,兆日科技,sz300333,17.53,17.19,17.29,17.2,17.3,18.376598,1772838,0.0,0.0,0.0,0.0196,-0.0052
2014-04-25,兆日科技,sz300333,17.47,17.15,17.23,17.17,17.2,18.344551,1839844,0.0,0.0,0.0,0.0186,-0.0034
2014-04-28,兆日科技,sz300333,17.06,16.03,17.01,16.05,17.17,17.147936,2588688,0.0,0.0,0.0,0.0599,-0.0564
2014-04-29,兆日科技,sz300333,16.56,15.7,16.09,16.21,16.05,17.318884,2363911,0.0,0.0,0.0,0.0535,0.0074
2014-04-30,兆日科技,sz300333,16.86,16.27,16.36,16.81,16.21,17.959925,2215329,0.0,0.0,0.0,0.0363,0.0275
2014-05-05,兆日科技,sz300333,17.08,16.62,16.62,17.08,16.81,18.248396,1220131,0.0,0.0,0.0,0.0273,0.0276
2014-05-06,兆日科技,sz300333,17.47,17.0,17.09,17.22,17.08,18.397978,1310199,0.0,0.0,0.0,0.0275,0.0076
2014-05-07,兆日科技,sz300333,17.25,16.7,17.11,16.76,17.22,17.906513,972292,0.0,0.0,0.0,0.0319,-0.0204
2014-05-08,兆日科技,sz300333,17.36,16.67,16.7,17.01,16.76,18.173607,1293935,0.0,0.0,0.0,0.0411,0.0185
2014-05-09,兆日科技,sz300333,17.76,17.07,17.48,17.27,17.01,18.451391,1956627,0.0,0.0,0.0,0.0405,-0.012
2014-05-12,兆日科技,sz300333,17.74,17.11,17.27,17.57,17.27,18.77191,1509707,0.0,0.0,0.0,0.0364,0.0173
2014-05-13,兆日科技,sz300333,17.75,17.36,17.67,17.59,17.57,18.793272,1244707,0.0,0.0,0.0,0.0221,-0.0045
2014-05-14,兆日科技,sz300333,17.57,17.37,17.51,17.42,17.59,18.611635,759524,0.0,0.0,0.0,0.0113,-0.0051
2014-05-15,兆日科技,sz300333,17.54,16.8,17.39,16.82,17.42,17.970594,1071434,0.0,0.0,0.0,0.0424,-0.0327
2014-05-16,兆日科技,sz300333,17.15,16.72,16.83,17.02,16.82,18.184282,1029378,0.0,0.0,0.0,0.0255,0.0112
2014-05-19,兆日科技,sz300333,17.27,16.92,16.95,17.07,17.02,18.237709,946111,0.0,0.0,0.0,0.0205,0.007
2014-05-20,兆日科技,sz300333,17.59,17.12,17.22,17.29,17.07,18.472755,1062843,0.0,0.0,0.0,0.0275,0.004
2014-05-21,兆日科技,sz300333,17.5,17.11,17.17,17.5,17.29,18.697126,988795,0.0,0.0,0.0,0.0225,0.0192
2014-05-22,兆日科技,sz300333,17.84,17.45,17.55,17.48,17.5,18.675755,1526963,0.0,0.0,0.0,0.0222,-0.0039
2014-05-23,兆日科技,sz300333,17.73,17.21,17.35,17.73,17.48,19.156525,1469682,0.0,0.0,0.0,0.0297,0.0219
2014-05-26,兆日科技,sz300333,17.96,17.6,17.73,17.96,17.73,19.405024,1844460,0.0,0.0,0.0,0.0203,0.0129
2014-05-27,兆日科技,sz300333,18.08,17.79,18.01,17.9,17.96,19.34019,1275572,0.0,0.0,0.0,0.0161,-0.0061
2014-05-28,兆日科技,sz300333,18.66,17.84,17.89,18.47,17.9,19.95606,3872937,0.0,0.0,0.0,0.0458,0.0324
2014-05-29,兆日科技,sz300333,18.56,18.17,18.4,18.26,18.47,19.72916,2493297,0.0,0.0,0.0,0.0211,-0.0076
2014-05-30,兆日科技,sz300333,18.58,18.16,18.16,18.38,18.26,19.85882,1852097,0.0,0.0,0.0,0.023,0.0121
2014-06-03,兆日科技,sz300333,18.47,18.08,18.37,18.15,18.38,19.610306,1327450,0.0,0.0,0.0,0.0212,-0.0119
2014-06-04,兆日科技,sz300333,18.27,17.55,18.1,17.91,18.15,19.351,1619297,0.0,0.0,0.0,0.0396,-0.0104
2014-06-05,兆日科技,sz300333,18.38,17.73,17.9,18.38,17.91,19.858809,1411849,0.0,0.0,0.0,0.0362,0.0268
2014-06-06,兆日科技,sz300333,18.56,18.15,18.42,18.25,18.38,19.718348,1413393,0.0,0.0,0.0,0.0223,-0.0092
2014-06-09,兆日科技,sz300333,18.37,17.88,18.1,17.93,18.25,19.372606,1151973,0.0,0.0,0.0,0.0268,-0.0093
2014-06-10,兆日科技,sz300333,18.38,17.83,18.09,18.37,17.93,19.84801,1709826,0.0,0.0,0.0,0.0306,0.0154
2014-06-11,兆日科技,sz300333,18.85,18.21,18.38,18.74,18.37,20.247787,3323629,0.0,0.0,0.0,0.0348,0.0195
2014-06-12,兆日科技,sz300333,18.87,18.41,18.7,18.74,18.74,20.247787,2080832,0.0,0.0,0.0,0.0245,0.0021
2014-06-13,兆日科技,sz300333,19.1,18.52,18.67,19.0,18.74,20.528706,2340731,0.0,0.0,0.0,0.0309,0.0176
2014-06-16,兆日科技,sz300333,19.55,18.9,19.09,19.45,19.0,21.014908,3145094,0.0,0.0,0.0,0.0342,0.0188
2014-06-17,兆日科技,sz300333,19.5,19.18,19.3,19.28,19.45,20.831238,2061845,0.0,0.0,0.0,0.0164,-0.001
2014-06-18,兆日科技,sz300333,19.9,18.8,19.53,18.99,19.28,20.517916,2773798,0.0,0.0,0.0,0.057,-0.0276
2014-06-19,兆日科技,sz300333,19.27,18.16,18.91,18.41,18.99,19.891256,2395308,0.0,0.0,0.0,0.0584,-0.0264
2014-06-20,兆日科技,sz300333,19.35,18.36,18.4,19.3,18.41,20.85286,2585870,0.0,0.0,0.0,0.0537,0.0489
2014-06-23,兆日科技,sz300333,21.23,20.1,20.1,21.23,19.3,22.938145,2094539,0.0,0.0,0.0,0.0585,0.0562
2014-06-24,兆日科技,sz300333,23.35,22.59,23.35,23.35,21.23,25.228725,21454594,0.0,0.0,0.0,0.0357,0.0
2014-06-25,兆日科技,sz300333,24.17,23.05,23.56,23.46,23.35,25.347578,15678803,0.0,0.0,0.0,0.0479,-0.0042
2014-06-26,兆日科技,sz300333,24.38,23.03,24.1,23.56,23.46,25.455635,17435766,0.0,0.0,0.0,0.0575,-0.0224
2014-06-27,兆日科技,sz300333,25.92,23.8,23.8,25.3,23.56,27.335636,23211308,0.0,0.0,0.0,0.0899,0.063
2014-06-30,兆日科技,sz300333,27.83,25.07,25.08,27.83,25.3,30.069199,12568207,0.0,0.0,0.0,0.109,0.1096
2014-07-01,兆日科技,sz300333,30.04,27.13,29.5,28.06,27.83,30.317692,18463737,0.0,0.0,0.0,0.1045,-0.0488
2014-07-02,兆日科技,sz300333,29.33,27.43,28.22,28.65,28.06,30.95515,13715127,0.0,0.0,0.0,0.0677,0.0152
2014-07-03,兆日科技,sz300333,29.06,26.31,28.5,26.46,28.65,28.58894,16497602,0.0,0.0,0.0,0.0959,-0.0715
2014-07-04,兆日科技,sz300333,29.11,26.58,26.6,27.5,26.46,29.712627,21077606,0.0,0.0,0.0,0.0956,0.0338
2014-07-07,兆日科技,sz300333,28.28,26.36,27.2,27.96,27.5,30.209631,12763507,0.0,0.0,0.0,0.0698,0.0279
2014-07-08,兆日科技,sz300333,29.6,27.32,27.83,29.53,27.96,31.905962,16001428,0.0,0.0,0.0,0.0815,0.061
2014-07-09,兆日科技,sz300333,29.3,27.01,29.0,27.27,29.53,29.464134,15645269,0.0,0.0,0.0,0.0775,-0.0596
2014-07-10,兆日科技,sz300333,27.59,25.9,27.0,26.01,27.27,28.102745,11572649,0.0,0.0,0.0,0.0619,-0.0366
2014-07-11,兆日科技,sz300333,26.48,25.62,26.13,26.15,26.01,28.25402,7561597,0.0,0.0,0.0,0.033,7.0E-4
2014-07-14,兆日科技,sz300333,26.33,25.2,26.25,25.83,26.15,27.908278,6405943,0.0,0.0,0.0,0.0432,-0.016
2014-07-15,兆日科技,sz300333,25.94,24.79,25.78,25.32,25.83,27.357256,7109663,0.0,0.0,0.0,0.0445,-0.0178
2014-07-16,兆日科技,sz300333,25.88,24.93,25.27,25.49,25.32,27.540932,5452161,0.0,0.0,0.0,0.0375,0.0087
2014-07-17,兆日科技,sz300333,25.84,24.2,25.42,24.41,25.49,26.374023,7064475,0.0,0.0,0.0,0.0643,-0.0397
2014-07-18,兆日科技,sz300333,24.78,24.01,24.52,24.43,24.41,26.395624,4399691,0.0,0.0,0.0,0.0315,-0.0036
2014-07-21,兆日科技,sz300333,24.73,23.78,24.45,24.49,24.43,26.460451,4572417,0.0,0.0,0.0,0.0388,0.0016
2014-07-22,兆日科技,sz300333,24.75,24.2,24.3,24.57,24.49,26.546898,4584142,0.0,0.0,0.0,0.0224,0.0111
2014-07-23,兆日科技,sz300333,24.78,22.56,24.46,22.7,24.57,24.52644,7575947,0.0,0.0,0.0,0.0903,-0.0719
2014-07-24,兆日科技,sz300333,22.78,21.92,22.46,22.7,22.7,24.52644,4783427,0.0,0.0,0.0,0.0378,0.0106
2014-07-25,兆日科技,sz300333,22.87,22.18,22.87,22.65,22.7,24.472408,3275516,0.0,0.0,0.0,0.0303,-0.0096
2014-07-28,兆日科技,sz300333,23.29,22.48,22.62,23.16,22.65,25.023453,4724858,0.0,0.0,0.0,0.0357,0.0238
2014-07-29,兆日科技,sz300333,23.62,23.01,23.17,23.1,23.16,24.958618,5082549,0.0,0.0,0.0,0.0263,-0.003
2014-07-30,兆日科技,sz300333,23.83,22.68,23.11,23.59,23.1,25.488039,6964374,0.0,0.0,0.0,0.0497,0.0207
2014-07-31,兆日科技,sz300333,23.7,23.14,23.43,23.45,23.59,25.336767,4045284,0.0,0.0,0.0,0.0237,8.0E-4
2014-08-01,兆日科技,sz300333,23.66,22.75,23.15,22.78,23.45,24.612871,4490533,0.0,0.0,0.0,0.0388,-0.0159
2014-08-04,兆日科技,sz300333,23.09,22.61,22.77,22.99,22.78,24.839777,2913035,0.0,0.0,0.0,0.021,0.0096
2014-08-05,兆日科技,sz300333,23.94,22.83,23.03,23.74,22.99,25.650126,6753627,0.0,0.0,0.0,0.0482,0.0308
2014-08-06,兆日科技,sz300333,23.82,23.31,23.66,23.66,23.74,25.563684,4243240,0.0,0.0,0.0,0.0214,0.0
2014-08-07,兆日科技,sz300333,23.81,23.25,23.58,23.27,23.66,25.142292,3844080,0.0,0.0,0.0,0.0236,-0.0131
2014-08-08,兆日科技,sz300333,23.75,23.32,23.35,23.58,23.27,25.477238,3025808,0.0,0.0,0.0,0.0184,0.0098
2014-08-11,兆日科技,sz300333,24.15,23.42,23.56,24.0,23.58,25.931038,4000024,0.0,0.0,0.0,0.0309,0.0186
2014-08-12,兆日科技,sz300333,24.69,23.96,24.04,24.63,24.0,26.611729,6281019,0.0,0.0,0.0,0.0304,0.0245
2014-08-13,兆日科技,sz300333,24.54,23.72,24.5,24.08,24.63,26.017488,4217653,0.0,0.0,0.0,0.0332,-0.0171
2014-08-14,兆日科技,sz300333,24.4,23.8,24.13,23.8,24.08,25.714958,3529554,0.0,0.0,0.0,0.0249,-0.0136
2014-08-15,兆日科技,sz300333,24.17,23.77,23.81,24.08,23.8,26.017494,2665526,0.0,0.0,0.0,0.0168,0.0113
2014-08-18,兆日科技,sz300333,24.65,23.95,24.1,24.65,24.08,26.633354,4624176,0.0,0.0,0.0,0.029,0.0228
2014-08-19,兆日科技,sz300333,24.78,24.15,24.7,24.39,24.65,26.352425,3975903,0.0,0.0,0.0,0.0255,-0.0125
2014-08-20,兆日科技,sz300333,24.59,24.08,24.3,24.39,24.39,26.352425,3192490,0.0,0.0,0.0,0.0209,0.0037
2014-08-21,兆日科技,sz300333,24.47,24.05,24.39,24.31,24.39,26.26599,2368114,0.0,0.0,0.0,0.0172,-0.0032
2014-08-22,兆日科技,sz300333,24.98,24.32,24.4,24.91,24.31,26.91426,5549053,0.0,0.0,0.0,0.0271,0.0209
2014-08-25,兆日科技,sz300333,24.91,24.37,24.91,24.45,24.91,26.417261,3343713,0.0,0.0,0.0,0.0216,-0.0184
2014-08-26,兆日科技,sz300333,24.56,23.29,24.4,23.36,24.45,25.239553,4284743,0.0,0.0,0.0,0.0519,-0.0426
2014-08-27,兆日科技,sz300333,23.59,22.95,23.3,23.25,23.36,25.1207,3239984,0.0,0.0,0.0,0.0273,-0.0021
2014-08-28,兆日科技,sz300333,23.19,22.39,23.1,22.7,23.25,24.526445,2951598,0.0,0.0,0.0,0.0344,-0.0173
2014-08-29,兆日科技,sz300333,23.02,22.49,22.69,22.97,22.7,24.818163,2228362,0.0,0.0,0.0,0.0233,0.0123
2014-09-01,兆日科技,sz300333,23.69,22.8,22.8,23.5,22.97,25.390818,2982870,0.0,0.0,0.0,0.0387,0.0307
2014-09-02,兆日科技,sz300333,25.85,23.56,23.77,25.85,23.5,27.9299,13066733,0.0,0.0,0.0,0.0974,0.0875
2014-09-03,兆日科技,sz300333,26.3,25.45,26.02,26.16,25.85,28.264833,13748920,0.0,0.0,0.0,0.0328,0.0053
2014-09-04,兆日科技,sz300333,26.36,25.68,26.16,26.08,26.16,28.1784,7221317,0.0,0.0,0.0,0.0259,-0.003
2014-09-05,兆日科技,sz300333,26.3,25.55,26.23,25.83,26.08,27.908281,4655271,0.0,0.0,0.0,0.0287,-0.0152
2014-09-09,兆日科技,sz300333,25.8,25.12,25.8,25.49,25.83,27.540926,3811407,0.0,0.0,0.0,0.0263,-0.012
2014-09-10,兆日科技,sz300333,26.25,25.3,25.47,25.87,25.49,27.951506,4756859,0.0,0.0,0.0,0.0372,0.0157
2014-09-11,兆日科技,sz300333,26.19,25.26,25.79,25.51,25.87,27.562532,4844968,0.0,0.0,0.0,0.0359,-0.0108
2014-09-12,兆日科技,sz300333,26.14,25.35,25.49,26.07,25.51,28.167585,4727814,0.0,0.0,0.0,0.0309,0.0227
2014-09-15,兆日科技,sz300333,27.12,26.09,26.19,26.2,26.07,28.308056,5763909,0.0,0.0,0.0,0.0395,3.0E-4
2014-09-16,兆日科技,sz300333,26.49,24.88,26.28,24.95,26.2,26.95748,4757230,0.0,0.0,0.0,0.0614,-0.0506
2014-09-17,兆日科技,sz300333,25.19,24.57,24.94,25.09,24.95,27.108738,2613931,0.0,0.0,0.0,0.0248,0.006
2014-09-18,兆日科技,sz300333,25.05,24.68,24.95,24.9,25.09,26.903442,2328354,0.0,0.0,0.0,0.0147,-0.002
2014-09-19,兆日科技,sz300333,25.42,24.86,25.05,25.37,24.9,27.411272,2414803,0.0,0.0,0.0,0.0224,0.0127
2014-09-22,兆日科技,sz300333,25.2,24.48,25.2,24.53,25.37,26.503685,2634832,0.0,0.0,0.0,0.0283,-0.0265
2014-09-23,兆日科技,sz300333,24.95,24.42,24.65,24.81,24.53,26.806225,2483014,0.0,0.0,0.0,0.0216,0.0064
2014-09-24,兆日科技,sz300333,25.39,24.61,24.77,25.39,24.81,27.432901,2923765,0.0,0.0,0.0,0.0314,0.025
2014-09-25,兆日科技,sz300333,26.11,25.29,25.55,25.53,25.39,27.584166,4528315,0.0,0.0,0.0,0.0322,-7.0E-4
2014-09-26,兆日科技,sz300333,25.88,25.38,25.52,25.71,25.53,27.778662,2932500,0.0,0.0,0.0,0.0195,0.0074
2014-09-29,兆日科技,sz300333,26.57,25.68,26.08,26.39,25.71,28.51338,4867566,0.0,0.0,0.0,0.0346,0.0118
2014-09-30,兆日科技,sz300333,26.98,26.38,26.63,26.6,26.39,28.74029,5276120,0.0,0.0,0.0,0.0227,-0.0011
2014-10-08,兆日科技,sz300333,26.98,26.5,26.74,26.63,26.6,28.772709,3628964,0.0,0.0,0.0,0.018,-0.0041
2014-10-09,兆日科技,sz300333,26.59,25.89,26.59,26.23,26.63,28.340513,4594170,0.0,0.0,0.0,0.0262,-0.0135
2014-10-10,兆日科技,sz300333,26.47,26.0,26.29,26.09,26.23,28.18926,2668497,0.0,0.0,0.0,0.0179,-0.0076
2014-10-13,兆日科技,sz300333,26.09,25.3,26.07,25.83,26.09,27.908325,2782595,0.0,0.0,0.0,0.0302,-0.0092
2014-10-14,兆日科技,sz300333,26.49,25.67,25.83,26.05,25.83,28.14602,3376268,0.0,0.0,0.0,0.0317,0.0085
2014-10-15,兆日科技,sz300333,26.06,25.6,26.02,26.0,26.05,28.092009,2218656,0.0,0.0,0.0,0.0176,-7.0E-4
2014-10-16,兆日科技,sz300333,26.61,25.71,26.05,26.13,26.0,28.23247,4299767,0.0,0.0,0.0,0.0346,0.003
2014-10-17,兆日科技,sz300333,26.25,24.56,26.2,25.1,26.13,27.119602,5433338,0.0,0.0,0.0,0.0646,-0.0419
2014-10-20,兆日科技,sz300333,25.35,24.75,24.99,25.35,25.1,27.389713,2648945,0.0,0.0,0.0,0.0239,0.0144
2014-10-21,兆日科技,sz300333,25.47,25.0,25.19,25.3,25.35,27.335701,1974002,0.0,0.0,0.0,0.0185,0.0043
2014-10-22,兆日科技,sz300333,25.95,25.15,25.2,25.29,25.3,27.324903,3586258,0.0,0.0,0.0,0.0316,0.0035
2014-10-23,兆日科技,sz300333,25.48,24.2,25.45,24.49,25.29,26.460533,3160123,0.0,0.0,0.0,0.0506,-0.0377
2014-10-24,兆日科技,sz300333,24.85,24.22,24.4,24.69,24.49,26.676638,1730607,0.0,0.0,0.0,0.0257,0.0118
2014-10-27,兆日科技,sz300333,25.24,24.35,24.5,25.13,24.69,27.152042,1960589,0.0,0.0,0.0,0.036,0.0257
2014-10-28,兆日科技,sz300333,26.15,25.2,25.2,26.12,25.13,28.221697,4555107,0.0,0.0,0.0,0.0378,0.0365
2014-10-29,兆日科技,sz300333,26.42,25.92,26.1,26.13,26.12,28.232506,4445355,0.0,0.0,0.0,0.0191,0.0011
2014-10-30,兆日科技,sz300333,26.42,25.89,26.15,25.97,26.13,28.059637,3448969,0.0,0.0,0.0,0.0202,-0.0068
2014-10-31,兆日科技,sz300333,26.12,25.3,26.0,25.73,25.97,27.800339,3249593,0.0,0.0,0.0,0.0315,-0.0103
2014-11-03,兆日科技,sz300333,27.14,25.48,25.78,26.96,25.73,29.129305,7444603,0.0,0.0,0.0,0.0645,0.0457
2014-11-04,兆日科技,sz300333,27.48,26.55,26.86,26.96,26.96,29.129305,6382707,0.0,0.0,0.0,0.0344,0.0037
2014-11-05,兆日科技,sz300333,27.47,26.5,26.8,27.25,26.96,29.44265,4192864,0.0,0.0,0.0,0.0359,0.0167
2014-11-06,兆日科技,sz300333,28.93,27.09,27.15,28.7,27.25,31.009323,8283285,0.0,0.0,0.0,0.0675,0.057
2014-11-07,兆日科技,sz300333,29.22,27.77,28.7,28.15,28.7,30.41506,5171186,0.0,0.0,0.0,0.0505,-0.0191
2014-11-10,兆日科技,sz300333,29.59,28.07,28.28,28.85,28.15,31.17139,5320439,0.0,0.0,0.0,0.0539,0.0201
2014-11-11,兆日科技,sz300333,28.9,26.7,28.5,27.01,28.85,29.183342,6579176,0.0,0.0,0.0,0.0762,-0.0522
2014-11-12,兆日科技,sz300333,27.68,26.77,27.0,27.68,27.01,29.907265,4844082,0.0,0.0,0.0,0.0336,0.0251
2014-11-13,兆日科技,sz300333,27.38,26.7,27.38,26.71,27.68,28.859224,3873179,0.0,0.0,0.0,0.0245,-0.0244
2014-11-14,兆日科技,sz300333,26.58,25.73,26.51,26.25,26.71,28.362211,3542088,0.0,0.0,0.0,0.0318,-0.0098
2014-11-17,兆日科技,sz300333,27.45,25.82,26.1,27.1,26.25,29.280607,3761027,0.0,0.0,0.0,0.062,0.0383
2014-11-18,兆日科技,sz300333,28.04,26.81,27.21,27.85,27.1,30.090948,4516079,0.0,0.0,0.0,0.0453,0.0235
2014-11-19,兆日科技,sz300333,28.44,27.37,27.87,28.15,27.85,30.415087,3988642,0.0,0.0,0.0,0.0384,0.01
2014-11-20,兆日科技,sz300333,28.4,27.33,27.9,28.15,28.15,30.415087,3458385,0.0,0.0,0.0,0.038,0.0089
2014-11-21,兆日科技,sz300333,30.97,28.51,28.51,30.97,28.15,33.46201,3214624,0.0,0.0,0.0,0.0873,0.0862
2014-11-24,兆日科技,sz300333,33.5,31.55,33.5,32.97,30.97,35.62295,12144632,0.0,0.0,0.0,0.0629,-0.0158
2014-11-25,兆日科技,sz300333,34.53,32.3,32.57,32.96,32.97,35.61216,7788974,0.0,0.0,0.0,0.0676,0.0119
2014-11-26,兆日科技,sz300333,34.5,32.97,32.97,34.05,32.96,36.789852,7013176,0.0,0.0,0.0,0.0464,0.0327
2014-11-27,兆日科技,sz300333,34.7,32.5,34.22,33.04,34.05,35.698593,5653607,0.0,0.0,0.0,0.0646,-0.0344
2014-11-28,兆日科技,sz300333,33.64,31.89,33.05,32.47,33.04,35.08272,6450524,0.0,0.0,0.0,0.0529,-0.0175
2014-12-01,兆日科技,sz300333,35.72,32.58,32.58,35.72,32.47,38.59422,10924574,0.0,0.0,0.0,0.0967,0.0963
2014-12-02,兆日科技,sz300333,37.55,35.88,35.89,36.66,35.72,39.609867,11729145,0.0,0.0,0.0,0.0467,0.0214
2014-12-03,兆日科技,sz300333,36.68,34.71,36.68,35.95,36.66,38.842743,7893268,0.0,0.0,0.0,0.0537,-0.0199
2014-12-04,兆日科技,sz300333,38.29,35.95,35.98,37.07,35.95,40.05285,7902258,0.0,0.0,0.0,0.065,0.0302
2014-12-05,兆日科技,sz300333,38.13,35.2,37.05,37.28,37.07,40.279747,6451201,0.0,0.0,0.0,0.079,0.0062
2014-12-08,兆日科技,sz300333,36.7,33.55,36.5,33.55,37.28,36.2496,10017419,0.0,0.0,0.0,0.0844,-0.0808
2014-12-09,兆日科技,sz300333,33.0,30.2,32.5,30.2,33.55,32.63004,8645458,0.0,0.0,0.0,0.0834,-0.0707
2014-12-10,兆日科技,sz300333,31.53,29.21,30.2,30.52,30.2,32.97579,4292130,0.0,0.0,0.0,0.0768,0.0105
2014-12-11,兆日科技,sz300333,30.81,28.88,30.0,29.53,30.52,31.906118,7387719,0.0,0.0,0.0,0.0632,-0.0156
2014-12-12,兆日科技,sz300333,31.47,29.55,29.69,31.05,29.53,33.548424,5228172,0.0,0.0,0.0,0.065,0.0458
2014-12-15,兆日科技,sz300333,32.48,30.71,31.0,32.07,31.05,34.65049,6214698,0.0,0.0,0.0,0.057,0.0345
2014-12-16,兆日科技,sz300333,32.26,30.93,32.07,30.95,32.07,33.440353,3880095,0.0,0.0,0.0,0.0414,-0.0349
2014-12-17,兆日科技,sz300333,30.95,29.8,30.94,30.11,30.95,32.53275,3267625,0.0,0.0,0.0,0.0371,-0.0268
2014-12-18,兆日科技,sz300333,31.16,29.5,30.1,30.19,30.11,32.61919,3758226,0.0,0.0,0.0,0.0551,0.0029
2014-12-19,兆日科技,sz300333,30.3,28.5,29.95,28.88,30.19,31.203777,3581073,0.0,0.0,0.0,0.0596,-0.0357
2014-12-22,兆日科技,sz300333,28.43,25.99,28.43,25.99,28.88,28.081247,5260663,0.0,0.0,0.0,0.0844,-0.0858
2014-12-23,兆日科技,sz300333,26.97,25.51,26.27,26.44,25.99,28.567446,2592323,0.0,0.0,0.0,0.0561,0.0064
2014-12-24,兆日科技,sz300333,27.69,26.5,26.5,27.69,26.44,29.918028,3328850,0.0,0.0,0.0,0.045,0.0449
2014-12-25,兆日科技,sz300333,28.1,27.14,27.72,27.78,27.69,30.015263,2998197,0.0,0.0,0.0,0.0346,0.0021
2014-12-26,兆日科技,sz300333,27.78,27.01,27.59,27.22,27.78,29.410215,2074146,0.0,0.0,0.0,0.0277,-0.0134
2014-12-29,兆日科技,sz300333,27.24,25.55,27.1,26.13,27.22,28.232512,2361060,0.0,0.0,0.0,0.062,-0.0357
2014-12-30,兆日科技,sz300333,26.38,25.48,25.91,25.73,26.13,27.80033,2191055,0.0,0.0,0.0,0.0344,-0.0069
2014-12-31,兆日科技,sz300333,26.5,25.8,25.98,26.3,25.73,28.41619,1729809,0.0,0.0,0.0,0.0272,0.0123
2015-01-01,兆日科技,sz300333,78.9,78.9,78.9,78.9,26.3,26.28,0,0.0,0.0,0.0,0.0,0.0
2015-01-02,兆日科技,sz300333,78.9,78.9,78.9,78.9,78.9,26.28,0,0.0,0.0,0.0,0.0,0.0
2015-01-05,兆日科技,sz300333,77.37,74.7,77.04,75.99,78.9,25.31,27554,0.0,0.0,0.0,0.0338,-0.0136
2015-01-06,兆日科技,sz300333,80.4,74.94,75.9,80.31,75.99,26.75,41829,0.0,0.0,0.0,0.0718,0.0581
2015-01-07,兆日科技,sz300333,80.01,77.13,79.44,79.05,80.31,26.33,26591,0.0,0.0,0.0,0.0358,-0.0049
2015-01-08,兆日科技,sz300333,81.39,78.0,78.6,79.74,79.05,26.56,36081,0.0,0.0,0.0,0.0428,0.0145
2015-01-09,兆日科技,sz300333,81.9,78.54,79.5,78.81,79.74,26.25,30306,0.0,0.0,0.0,0.0421,-0.0086
2015-01-12,兆日科技,sz300333,78.87,74.7,78.03,74.97,78.81,24.97,31123,0.0,0.0,0.0,0.0529,-0.0392
2015-01-13,兆日科技,sz300333,79.92,73.5,75.0,78.99,74.97,26.31,38002,0.0,0.0,0.0,0.0856,0.0531
2015-01-14,兆日科技,sz300333,79.05,77.13,78.9,77.43,78.99,25.79,22246,0.0,0.0,0.0,0.0243,-0.0186
2015-01-15,兆日科技,sz300333,80.91,77.31,77.91,78.9,77.43,26.28,27552,0.0,0.0,0.0,0.0464,0.0127
2015-01-16,兆日科技,sz300333,84.9,78.69,78.72,83.4,78.9,27.78,45067,0.0,0.0,0.0,0.0787,0.0594
2015-01-19,兆日科技,sz300333,88.8,80.79,81.3,85.68,83.4,28.54,70354,0.0,0.0,0.0,0.096,0.0538
2015-01-20,兆日科技,sz300333,93.36,85.68,85.68,93.27,85.68,31.07,58692,0.0,0.0,0.0,0.0896,0.0885
2015-01-21,兆日科技,sz300333,94.74,90.45,92.4,93.09,93.27,31.01,48899,0.0,0.0,0.0,0.0459,0.0074
2015-01-22,兆日科技,sz300333,95.97,91.5,92.64,94.11,93.09,31.35,29762,0.0,0.0,0.0,0.048,0.0158
2015-01-23,兆日科技,sz300333,95.55,90.9,94.32,91.86,94.11,30.6,28986,0.0,0.0,0.0,0.0494,-0.026
2015-01-26,兆日科技,sz300333,93.81,92.1,92.94,92.31,91.86,30.75,22754,0.0,0.0,0.0,0.0186,-0.0067
2015-01-27,兆日科技,sz300333,97.59,91.44,91.47,96.9,92.31,32.27,31411,0.0,0.0,0.0,0.0666,0.0593
2015-01-28,兆日科技,sz300333,101.94,96.3,97.2,97.53,96.9,32.48,35130,0.0,0.0,0.0,0.0582,0.0033
2015-01-29,兆日科技,sz300333,99.51,95.94,96.6,97.5,97.53,32.47,20325,0.0,0.0,0.0,0.0366,0.0093
2015-01-30,兆日科技,sz300333,96.9,87.75,96.9,88.08,97.5,29.34,53397,0.0,0.0,0.0,0.0938,-0.091
2015-02-02,兆日科技,sz300333,92.1,85.98,87.03,92.01,88.08,30.65,23616,0.0,0.0,0.0,0.0694,0.0572
2015-02-03,兆日科技,sz300333,99.0,91.14,92.16,98.49,92.01,32.8,24561,0.0,0.0,0.0,0.0854,0.0686
2015-02-04,兆日科技,sz300333,101.4,97.5,97.95,98.4,98.49,32.77,20848,0.0,0.0,0.0,0.0395,0.0045
2015-02-05,兆日科技,sz300333,105.0,97.5,98.7,104.7,98.4,34.87,29882,0.0,0.0,0.0,0.0762,0.0607
2015-02-06,兆日科技,sz300333,107.07,101.64,104.4,103.41,104.7,34.44,27677,0.0,0.0,0.0,0.0518,-0.0094
2015-02-09,兆日科技,sz300333,105.27,97.56,102.0,98.7,103.41,32.87,15624,0.0,0.0,0.0,0.0745,-0.0323
2015-02-10,兆日科技,sz300333,100.32,96.0,98.04,100.2,98.7,33.37,16602,0.0,0.0,0.0,0.0437,0.022
2015-02-11,兆日科技,sz300333,106.56,99.0,99.0,105.54,100.2,35.15,20364,0.0,0.0,0.0,0.0754,0.066
2015-02-12,兆日科技,sz300333,106.44,102.9,104.94,104.7,105.54,34.87,11390,0.0,0.0,0.0,0.0335,-0.0022
2015-02-13,兆日科技,sz300333,108.6,103.74,104.7,107.67,104.7,35.86,18482,0.0,0.0,0.0,0.0464,0.0283
2015-02-16,兆日科技,sz300333,109.77,106.59,108.0,109.05,107.67,36.32,13441,0.0,0.0,0.0,0.0295,0.0097
2015-02-17,兆日科技,sz300333,116.4,111.3,111.3,114.15,109.05,38.02,26078,0.0,0.0,0.0,0.0467,0.0256
2015-02-18,兆日科技,sz300333,114.15,114.15,114.15,114.15,114.15,38.02,0,0.0,0.0,0.0,0.0,0.0
2015-02-19,兆日科技,sz300333,114.15,114.15,114.15,114.15,114.15,38.02,0,0.0,0.0,0.0,0.0,0.0
2015-02-20,兆日科技,sz300333,114.15,114.15,114.15,114.15,114.15,38.02,0,0.0,0.0,0.0,0.0,0.0
2015-02-23,兆日科技,sz300333,114.15,114.15,114.15,114.15,114.15,38.02,0,0.0,0.0,0.0,0.0,0.0
2015-02-24,兆日科技,sz300333,114.15,114.15,114.15,114.15,114.15,38.02,0,0.0,0.0,0.0,0.0,0.0
2015-02-25,兆日科技,sz300333,125.58,117.0,117.3,125.58,114.15,41.83,15497,0.0,0.0,0.0,0.0751,0.0705
2015-02-26,兆日科技,sz300333,132.36,125.61,131.7,128.04,125.58,42.65,38434,0.0,0.0,0.0,0.0537,-0.0277
2015-02-27,兆日科技,sz300333,140.37,124.59,126.3,139.5,128.04,46.46,31887,0.0,0.0,0.0,0.1232,0.1045
2015-03-02,兆日科技,sz300333,145.38,135.45,138.24,138.9,139.5,46.26,27658,0.0,0.0,0.0,0.0711,0.0047
2015-03-03,兆日科技,sz300333,143.4,134.7,137.37,136.89,138.9,45.59,25906,0.0,0.0,0.0,0.0626,-0.0034
2015-03-04,兆日科技,sz300333,138.99,131.7,135.66,134.1,136.89,44.66,22322,0.0,0.0,0.0,0.0532,-0.0114
2015-03-05,兆日科技,sz300333,141.81,130.2,134.1,141.0,134.1,46.96,22510,0.0,0.0,0.0,0.0865,0.0514
2015-03-06,兆日科技,sz300333,142.47,134.7,139.53,138.3,141.0,46.06,21559,0.0,0.0,0.0,0.0551,-0.0088
2015-03-09,兆日科技,sz300333,142.8,134.1,135.3,138.81,138.3,46.23,13514,0.0,0.0,0.0,0.0629,0.0259
2015-03-10,兆日科技,sz300333,144.81,135.06,138.81,144.3,138.81,48.06,17210,0.0,0.0,0.0,0.0702,0.0395
2015-03-11,兆日科技,sz300333,144.0,134.7,142.5,135.51,144.3,45.13,20048,0.0,0.0,0.0,0.0644,-0.049
2015-03-12,兆日科技,sz300333,142.38,133.74,133.95,138.0,135.51,45.96,20908,0.0,0.0,0.0,0.0637,0.0302
2015-03-13,兆日科技,sz300333,139.38,136.2,137.97,138.0,138.0,45.96,16692,0.0,0.0,0.0,0.023,2.0E-4
2015-03-16,兆日科技,sz300333,145.47,137.79,138.0,142.23,138.0,47.37,18850,0.0,0.0,0.0,0.0556,0.0306
2015-03-17,兆日科技,sz300333,150.0,139.5,142.23,148.47,142.23,49.45,22513,0.0,0.0,0.0,0.0738,0.0438
2015-03-18,兆日科技,sz300333,149.67,142.8,147.0,146.91,148.47,48.93,21340,0.0,0.0,0.0,0.0462,-6.0E-4
2015-03-19,兆日科技,sz300333,148.32,141.9,146.7,143.91,146.91,47.93,14230,0.0,0.0,0.0,0.0437,-0.019
2015-03-20,兆日科技,sz300333,149.61,142.59,143.13,146.16,143.91,48.68,13020,0.0,0.0,0.0,0.0487,0.0211
2015-03-23,兆日科技,sz300333,160.77,142.68,145.98,160.77,146.16,53.55,34186,0.0,0.0,0.0,0.1237,0.1013
2015-03-24,兆日科技,sz300333,176.85,161.28,161.28,176.85,160.77,58.9,51874,0.0,0.0,0.0,0.0968,0.0965
2015-03-25,兆日科技,sz300333,184.74,168.03,183.84,176.7,176.85,58.85,46248,0.0,0.0,0.0,0.0944,-0.0388
2015-03-26,兆日科技,sz300333,175.77,159.03,174.0,159.03,176.7,52.97,36152,0.0,0.0,0.0,0.0947,-0.086
2015-03-27,兆日科技,sz300333,167.88,148.5,157.2,165.3,159.03,55.06,46282,0.0,0.0,0.0,0.1218,0.0515
2015-03-30,兆日科技,sz300333,163.8,153.0,158.7,155.31,165.3,51.73,25442,0.0,0.0,0.0,0.0653,-0.0213
2015-03-31,兆日科技,sz300333,165.0,151.83,154.98,161.37,155.31,53.75,27740,0.0,0.0,0.0,0.0847,0.0412
2015-04-01,兆日科技,sz300333,166.8,158.58,160.8,161.64,161.37,53.84,17250,0.0,0.0,0.0,0.0509,0.0052
2015-04-02,兆日科技,sz300333,167.25,160.29,160.29,164.64,161.64,54.84,19910,0.0,0.0,0.0,0.043,0.0271
2015-04-03,兆日科技,sz300333,164.28,159.0,164.28,160.11,164.64,53.33,20625,0.0,0.0,0.0,0.032,-0.0253
2015-04-06,兆日科技,sz300333,160.11,160.11,160.11,160.11,160.11,53.33,0,0.0,0.0,0.0,0.0,0.0
2015-04-07,兆日科技,sz300333,163.59,159.0,159.9,161.34,160.11,53.74,24309,0.0,0.0,0.0,0.0286,0.009
2015-04-08,兆日科技,sz300333,177.48,161.34,161.37,174.06,161.34,57.97,44551,0.0,0.0,0.0,0.1,0.0786
2015-04-09,兆日科技,sz300333,173.34,159.0,172.5,166.56,174.06,55.48,23169,0.0,0.0,0.0,0.0823,-0.0344
2015-04-10,兆日科技,sz300333,181.65,164.7,164.7,177.6,166.56,59.15,19311,0.0,0.0,0.0,0.1017,0.0783
2015-04-13,兆日科技,sz300333,194.34,171.0,176.94,190.35,177.6,63.4,17669,0.0,0.0,0.0,0.1314,0.0757
2015-04-14,兆日科技,sz300333,193.44,183.0,186.54,185.37,190.35,61.74,12945,0.0,0.0,0.0,0.0548,-0.0062
2015-04-15,兆日科技,sz300333,188.7,168.0,185.37,171.3,185.37,57.06,15730,0.0,0.0,0.0,0.1116,-0.0759
2015-04-16,兆日科技,sz300333,179.49,166.65,166.89,171.75,171.3,57.2,8796,0.0,0.0,0.0,0.0749,0.0291
2015-04-17,兆日科技,sz300333,176.19,163.56,175.17,170.55,171.75,56.81,12753,0.0,0.0,0.0,0.0735,-0.0263
2015-04-20,兆日科技,sz300333,174.81,154.5,170.4,157.5,170.55,52.46,18888,0.0,0.0,0.0,0.119,-0.0757
2015-04-21,兆日科技,sz300333,166.29,157.56,157.59,164.88,157.5,54.92,18108,0.0,0.0,0.0,0.0554,0.0462
2015-04-22,兆日科技,sz300333,174.06,160.53,161.37,165.75,164.88,55.21,15998,0.0,0.0,0.0,0.082,0.0271
2015-04-23,兆日科技,sz300333,172.8,163.89,165.75,166.71,165.75,55.53,12776,0.0,0.0,0.0,0.0537,0.0057
2015-04-24,兆日科技,sz300333,172.5,164.16,165.27,168.51,166.71,56.13,19708,0.0,0.0,0.0,0.05,0.0196
2015-04-27,兆日科技,sz300333,185.37,171.3,171.3,178.2,168.51,59.35,25095,0.0,0.0,0.0,0.0834,0.0402
2015-04-28,兆日科技,sz300333,179.94,165.54,176.64,166.32,178.2,55.4,21039,0.0,0.0,0.0,0.0808,-0.0584
2015-04-29,兆日科技,sz300333,176.97,162.63,168.57,173.25,166.32,57.7,16784,0.0,0.0,0.0,0.0862,0.0277
2015-04-30,兆日科技,sz300333,185.97,171.24,174.3,183.3,173.25,61.05,23067,0.0,0.0,0.0,0.085,0.0516
2015-05-01,兆日科技,sz300333,183.3,183.3,183.3,183.3,183.3,61.05,0,0.0,0.0,0.0,0.0,0.0
2015-05-04,兆日科技,sz300333,201.63,183.48,187.83,201.63,183.3,67.16,22805,0.0,0.0,0.0,0.099,0.0734
2015-05-05,兆日科技,sz300333,221.79,210.75,218.64,221.79,201.63,73.87,29238,0.0,0.0,0.0,0.0547,0.0144
2015-05-06,兆日科技,sz300333,243.96,221.88,222.0,233.25,221.79,77.69,28648,0.0,0.0,0.0,0.0995,0.0506
2015-05-07,兆日科技,sz300333,256.59,222.0,230.94,256.59,233.25,85.46,19922,0.0,0.0,0.0,0.1482,0.111
2015-05-08,兆日科技,sz300333,282.24,261.72,261.72,282.24,256.59,94.01,26524,0.0,0.0,0.0,0.0799,0.0784
2015-05-11,兆日科技,sz300333,310.44,273.0,282.24,300.54,282.24,100.1,26126,0.0,0.0,0.0,0.1326,0.0648
2015-05-12,兆日科技,sz300333,322.5,287.85,301.41,320.97,300.54,106.91,18995,0.0,0.0,0.0,0.1152,0.0648
2015-05-13,兆日科技,sz300333,321.0,294.0,306.0,298.5,320.97,99.42,15606,0.0,0.0,0.0,0.0841,-0.0245
2015-05-14,兆日科技,sz300333,298.5,273.0,288.39,274.2,298.5,91.33,20265,0.0,0.0,0.0,0.0854,-0.0492
2015-05-15,兆日科技,sz300333,295.47,268.68,272.64,285.0,274.2,94.93,16510,0.0,0.0,0.0,0.0977,0.0453
2015-05-18,兆日科技,sz300333,313.5,280.62,280.65,313.5,285.0,104.42,23236,0.0,0.0,0.0,0.1153,0.117
2015-05-19,兆日科技,sz300333,344.85,300.0,324.0,344.85,313.5,114.86,18722,0.0,0.0,0.0,0.143,0.0643
2015-05-20,兆日科技,sz300333,379.35,321.0,344.85,367.74,344.85,122.48,14832,0.0,0.0,0.0,0.1692,0.0663
2015-05-21,兆日科技,sz300333,397.17,354.0,357.84,360.45,367.74,120.06,10900,0.0,0.0,0.0,0.1173,0.0072
2015-05-22,兆日科技,sz300333,369.0,335.4,369.0,348.09,360.45,115.94,14247,0.0,0.0,0.0,0.0932,-0.0566
2015-05-25,兆日科技,sz300333,352.41,325.32,332.94,340.35,348.09,113.36,8898,0.0,0.0,0.0,0.0778,0.0222
2015-05-26,兆日科技,sz300333,374.4,339.0,339.12,374.4,340.35,124.7,9028,0.0,0.0,0.0,0.104,0.104
2015-05-27,兆日科技,sz300333,401.97,353.79,393.54,380.73,374.4,126.81,13275,0.0,0.0,0.0,0.1286,-0.0325
2015-05-28,兆日科技,sz300333,388.2,351.0,375.0,366.0,380.73,122.0,17761,0.0,0.0,0.0,0.0977,-0.024
2015-05-29,兆日科技,sz300333,384.0,329.55,366.0,384.0,366.0,128.0,19397,0.0,0.0,0.0,0.1487,0.0491
2015-06-01,兆日科技,sz300333,422.4,384.0,396.0,422.4,384.0,140.8,10762,0.0,0.0,0.0,0.0999,0.0666
2015-06-02,兆日科技,sz300333,464.64,431.73,431.73,464.64,422.4,154.88,15182,0.0,0.0,0.0,0.0779,0.0762
2015-06-03,兆日科技,sz300333,511.11,476.64,479.37,511.11,464.64,170.37,13379,0.0,0.0,0.0,0.0741,0.0662
2015-06-04,兆日科技,sz300333,545.16,459.99,535.14,511.5,511.11,170.5,19651,0.0,0.0,0.0,0.1666,-0.0441
2015-06-05,兆日科技,sz300333,537.0,478.2,510.0,483.27,511.5,161.09,9634,0.0,0.0,0.0,0.1149,-0.0524
2015-06-08,兆日科技,sz300333,478.95,434.94,478.95,453.45,483.27,151.15,14811,0.0,0.0,0.0,0.091,-0.0532
2015-06-09,兆日科技,sz300333,490.47,435.03,456.0,487.5,453.45,162.5,9048,0.0,0.0,0.0,0.1222,0.069
2015-06-10,兆日科技,sz300333,510.54,474.03,474.03,495.0,487.5,165.0,7991,0.0,0.0,0.0,0.0748,0.0442
2015-06-11,兆日科技,sz300333,508.95,477.12,488.25,486.33,495.0,162.11,7446,0.0,0.0,0.0,0.0643,-0.0039
2015-06-12,兆日科技,sz300333,489.0,457.65,487.5,480.09,486.33,160.03,6737,0.0,0.0,0.0,0.0644,-0.0152
2015-06-15,兆日科技,sz300333,480.0,432.09,479.97,432.09,480.09,144.03,10573,0.0,0.0,0.0,0.0997,-0.0997
2015-06-16,兆日科技,sz300333,431.91,390.87,390.87,429.0,432.09,143.0,13771,0.0,0.0,0.0,0.0949,0.0975
2015-06-17,兆日科技,sz300333,453.9,392.55,418.74,443.46,429.0,147.82,18270,0.0,0.0,0.0,0.143,0.059
2015-06-18,兆日科技,sz300333,444.0,403.05,431.31,423.0,443.46,141.0,9549,0.0,0.0,0.0,0.0923,-0.0192
2015-06-19,兆日科技,sz300333,420.9,393.15,408.0,405.0,423.0,135.0,6084,0.0,0.0,0.0,0.0656,-0.0073
2015-06-22,兆日科技,sz300333,405.0,405.0,405.0,405.0,405.0,135.0,0,0.0,0.0,0.0,0.0,0.0
2015-06-23,兆日科技,sz300333,417.0,364.56,406.5,410.61,405.0,136.87,10807,0.0,0.0,0.0,0.1294,0.0101
2015-06-24,兆日科技,sz300333,417.0,390.33,402.0,399.9,410.61,133.3,6956,0.0,0.0,0.0,0.0649,-0.0052
2015-06-25,兆日科技,sz300333,405.0,359.91,399.33,363.0,399.9,121.0,15004,0.0,0.0,0.0,0.1127,-0.0909
2015-06-26,兆日科技,sz300333,345.0,326.7,345.0,326.7,363.0,108.9,4380,0.0,0.0,0.0,0.0504,-0.053
2015-06-29,兆日科技,sz300333,315.0,294.03,303.0,294.03,326.7,98.01,2820,0.0,0.0,0.0,0.0641,-0.0296
2015-06-30,兆日科技,sz300333,323.43,264.63,264.63,323.4,294.03,107.8,36597,0.0,0.0,0.0,0.1999,0.222
2015-07-01,兆日科技,sz300333,336.0,291.06,318.0,291.06,323.4,97.02,25192,0.0,0.0,0.0,0.1389,-0.0847
2015-07-02,兆日科技,sz300333,282.0,261.96,261.96,261.96,291.06,87.32,18371,0.0,0.0,0.0,0.0688,0.0
2015-07-03,兆日科技,sz300333,247.5,235.77,235.77,235.77,261.96,78.59,18996,0.0,0.0,0.0,0.0447,0.0
2015-07-06,兆日科技,sz300333,254.7,212.19,248.7,212.19,235.77,70.73,17345,0.0,0.0,0.0,0.1803,-0.1468
2015-07-07,兆日科技,sz300333,190.98,190.98,190.98,190.98,212.19,63.66,242,0.0,0.0,0.0,0.0,0.0
2015-07-08,兆日科技,sz300333,201.42,171.87,171.87,171.87,190.98,57.29,130007,0.0,0.0,0.0,0.1547,0.0
2015-07-09,兆日科技,sz300333,189.06,154.68,154.68,189.06,171.87,63.02,24337,0.0,0.0,0.0,0.2,0.2222
2015-07-10,兆日科技,sz300333,207.96,195.0,198.33,207.96,189.06,69.32,6881,0.0,0.0,0.0,0.0685,0.0485
2015-07-13,兆日科技,sz300333,228.75,219.0,228.75,228.75,207.96,76.25,13910,0.0,0.0,0.0,0.0468,0.0
2015-07-14,兆日科技,sz300333,251.64,237.0,251.4,251.64,228.75,83.88,17971,0.0,0.0,0.0,0.0639,9.0E-4
2015-07-15,兆日科技,sz300333,261.0,226.47,249.6,226.47,251.64,75.49,14751,0.0,0.0,0.0,0.1372,-0.0926
2015-07-16,兆日科技,sz300333,249.12,203.82,203.82,249.12,226.47,83.04,77282,0.0,0.0,0.0,0.2,0.2222
2015-07-17,兆日科技,sz300333,274.02,249.99,258.0,274.02,249.12,91.34,74032,0.0,0.0,0.0,0.0964,0.062
2015-07-20,兆日科技,sz300333,283.8,259.53,270.0,268.2,274.02,89.4,76573,0.0,0.0,0.0,0.0885,-0.0066
2015-07-21,兆日科技,sz300333,287.4,250.5,264.66,276.54,268.2,92.18,64468,0.0,0.0,0.0,0.1375,0.0448
2015-07-22,兆日科技,sz300333,281.79,255.96,274.5,269.55,276.54,89.85,48223,0.0,0.0,0.0,0.0934,-0.018
2015-07-23,兆日科技,sz300333,290.64,264.0,269.1,284.85,269.55,94.95,48415,0.0,0.0,0.0,0.0988,0.0585
2015-07-24,兆日科技,sz300333,305.31,274.98,283.5,283.95,284.85,94.65,57332,0.0,0.0,0.0,0.1064,0.0015
2015-07-27,兆日科技,sz300333,296.7,255.57,277.65,255.57,283.95,85.19,51018,0.0,0.0,0.0,0.1448,-0.0795
2015-07-28,兆日科技,sz300333,254.52,230.01,230.94,230.01,255.57,76.67,56461,0.0,0.0,0.0,0.0959,-0.004
2015-07-29,兆日科技,sz300333,241.17,207.0,235.8,238.98,230.01,79.66,60720,0.0,0.0,0.0,0.1485,0.0134
2015-07-30,兆日科技,sz300333,236.97,215.07,236.97,215.07,238.98,71.69,48219,0.0,0.0,0.0,0.0916,-0.0924
2015-07-31,兆日科技,sz300333,212.34,193.56,203.97,195.0,215.07,65.0,42130,0.0,0.0,0.0,0.0873,-0.0439
2015-08-03,兆日科技,sz300333,188.76,175.5,186.09,175.5,195.0,58.5,36757,0.0,0.0,0.0,0.0679,-0.0569
2015-08-04,兆日科技,sz300333,193.05,176.43,177.3,193.05,175.5,64.35,50929,0.0,0.0,0.0,0.0947,0.0888
2015-08-05,兆日科技,sz300333,201.0,180.0,199.17,190.2,193.05,63.4,56763,0.0,0.0,0.0,0.1087,-0.045
2015-08-06,兆日科技,sz300333,188.85,176.85,180.0,182.7,190.2,60.9,29510,0.0,0.0,0.0,0.063,0.0149
2015-08-07,兆日科技,sz300333,200.97,185.55,186.0,200.97,182.7,66.99,29245,0.0,0.0,0.0,0.0844,0.0804
2015-08-10,兆日科技,sz300333,221.07,212.46,212.94,221.07,200.97,73.69,35082,0.0,0.0,0.0,0.0428,0.0381
2015-08-11,兆日科技,sz300333,242.88,228.0,231.0,232.23,221.07,77.41,71875,0.0,0.0,0.0,0.0673,0.0053
2015-08-12,兆日科技,sz300333,235.8,224.1,227.4,225.66,232.23,75.22,48298,0.0,0.0,0.0,0.0503,-0.0076
2015-08-13,兆日科技,sz300333,248.22,223.2,223.29,248.22,225.66,82.74,62141,0.0,0.0,0.0,0.1108,0.1116
2015-08-14,兆日科技,sz300333,270.0,249.06,261.0,250.32,248.22,83.44,66106,0.0,0.0,0.0,0.0843,-0.0409
2015-08-17,兆日科技,sz300333,244.8,231.3,243.0,240.27,250.32,80.09,44939,0.0,0.0,0.0,0.0539,-0.0112
2015-08-18,兆日科技,sz300333,258.0,216.24,235.53,216.24,240.27,72.08,49593,0.0,0.0,0.0,0.1738,-0.0819
2015-08-19,兆日科技,sz300333,237.87,201.99,201.99,237.87,216.24,79.29,47606,0.0,0.0,0.0,0.1659,0.1776
2015-08-20,兆日科技,sz300333,246.81,226.5,235.5,227.7,237.87,75.9,47639,0.0,0.0,0.0,0.0853,-0.0331
2015-08-21,兆日科技,sz300333,227.61,208.5,219.24,210.33,227.7,70.11,38114,0.0,0.0,0.0,0.0839,-0.0406
2015-08-24,兆日科技,sz300333,200.4,189.3,200.4,189.3,210.33,63.1,23681,0.0,0.0,0.0,0.0527,-0.0553
2015-08-25,兆日科技,sz300333,183.0,170.37,170.37,170.37,189.3,56.79,28544,0.0,0.0,0.0,0.0667,0.0
2015-08-26,兆日科技,sz300333,179.7,153.99,170.4,154.83,170.37,51.61,46826,0.0,0.0,0.0,0.1509,-0.0913
2015-08-27,兆日科技,sz300333,170.31,156.6,163.5,170.31,154.83,56.77,54217,0.0,0.0,0.0,0.0885,0.0416
2015-08-28,兆日科技,sz300333,187.35,165.3,173.97,187.35,170.31,62.45,57248,0.0,0.0,0.0,0.1294,0.0769
2015-08-31,兆日科技,sz300333,185.34,168.63,180.0,168.63,187.35,56.21,43391,0.0,0.0,0.0,0.0891,-0.0631
2015-09-01,兆日科技,sz300333,167.61,152.07,162.75,152.07,168.63,50.69,35497,0.0,0.0,0.0,0.0921,-0.0656
2015-09-02,兆日科技,sz300333,166.44,140.55,141.0,154.98,152.07,51.66,41763,0.0,0.0,0.0,0.1702,0.0991
2015-09-03,兆日科技,sz300333,154.98,154.98,154.98,154.98,154.98,51.66,0,0.0,0.0,0.0,0.0,0.0
2015-09-04,兆日科技,sz300333,154.98,154.98,154.98,154.98,154.98,51.66,0,0.0,0.0,0.0,0.0,0.0
2015-09-07,兆日科技,sz300333,170.49,156.0,157.5,167.31,154.98,55.77,43149,0.0,0.0,0.0,0.0934,0.0622
2015-09-08,兆日科技,sz300333,182.64,156.54,167.7,180.78,167.31,60.26,42189,0.0,0.0,0.0,0.1559,0.0779
2015-09-09,兆日科技,sz300333,65.8,58.7,60.0,65.51,180.78,21.84,51468,0.0,0.0,0.0,0.0392,0.0918
2015-09-10,兆日科技,sz300333,64.3,61.3,63.35,63.44,65.51,21.15,50240,0.0,0.0,0.0,0.0457,0.0014
2015-09-11,兆日科技,sz300333,64.94,62.15,63.45,63.01,63.44,21.0,40241,0.0,0.0,0.0,0.0439,-0.0069
2015-09-14,兆日科技,sz300333,21.4,18.9,20.74,19.5,63.01,19.5,154538,0.0,0.0,0.0,0.0396,-0.0597
2015-09-15,兆日科技,sz300333,21.43,19.17,19.3,20.09,19.5,20.09,230649,0.0,0.0,0.0,0.1158,0.0409
2015-09-16,兆日科技,sz300333,22.1,18.35,20.0,22.1,20.09,22.1,292953,0.0,0.0,0.0,0.1866,0.105
2015-09-17,兆日科技,sz300333,23.8,21.18,21.49,22.09,22.1,22.09,301189,0.0,0.0,0.0,0.1185,0.0279
2015-09-18,兆日科技,sz300333,22.61,20.41,22.49,22.06,22.09,22.06,195725,0.0,0.0,0.0,0.0995,-0.0191
2015-09-21,兆日科技,sz300333,22.99,20.87,21.4,22.82,22.06,22.82,214821,0.0,0.0,0.0,0.0961,0.0663
2015-09-22,兆日科技,sz300333,23.56,22.0,22.99,22.22,22.82,22.22,167298,0.0,0.0,0.0,0.0683,-0.0334
2015-09-23,兆日科技,sz300333,22.62,21.28,21.44,21.9,22.22,21.9,140882,0.0,0.0,0.0,0.0603,0.0214
2015-09-24,兆日科技,sz300333,22.85,21.5,22.11,21.83,21.9,21.83,118229,0.0,0.0,0.0,0.0616,-0.0126
2015-09-25,兆日科技,sz300333,21.69,19.65,21.51,19.65,21.83,19.65,148863,0.0,0.0,0.0,0.0934,-0.0864
2015-09-28,兆日科技,sz300333,19.65,19.65,19.65,19.65,19.65,19.65,0,0.0,0.0,0.0,0.0,0.0
2015-09-29,兆日科技,sz300333,20.05,19.0,19.75,19.91,19.65,19.91,88359,0.0,0.0,0.0,0.0534,0.0081
2015-09-30,兆日科技,sz300333,21.9,19.46,19.93,21.53,19.91,21.53,207005,0.0,0.0,0.0,0.1225,0.0802
2015-10-01,兆日科技,sz300333,21.53,21.53,21.53,21.53,21.53,21.53,0,0.0,0.0,0.0,0.0,0.0
2015-10-02,兆日科技,sz300333,21.53,21.53,21.53,21.53,21.53,21.53,0,0.0,0.0,0.0,0.0,0.0
2015-10-05,兆日科技,sz300333,21.53,21.53,21.53,21.53,21.53,21.53,0,0.0,0.0,0.0,0.0,0.0
2015-10-06,兆日科技,sz300333,21.53,21.53,21.53,21.53,21.53,21.53,0,0.0,0.0,0.0,0.0,0.0
2015-10-07,兆日科技,sz300333,21.53,21.53,21.53,21.53,21.53,21.53,0,0.0,0.0,0.0,0.0,0.0
2015-10-08,兆日科技,sz300333,23.2,21.6,21.68,22.72,21.53,22.72,180458,0.0,0.0,0.0,0.0743,0.0479
2015-10-09,兆日科技,sz300333,23.02,22.15,22.5,22.84,22.72,22.84,127971,0.0,0.0,0.0,0.0382,0.0151
2015-10-12,兆日科技,sz300333,24.48,22.66,22.75,24.17,22.84,24.17,177447,0.0,0.0,0.0,0.0796,0.0624
2015-10-13,兆日科技,sz300333,25.39,23.98,24.12,25.27,24.17,25.27,197445,0.0,0.0,0.0,0.0583,0.0476
2015-10-14,兆日科技,sz300333,25.0,24.02,24.88,24.5,25.27,24.5,150712,0.0,0.0,0.0,0.0387,-0.0152
2015-10-15,兆日科技,sz300333,26.95,24.2,24.27,26.95,24.5,26.95,181358,0.0,0.0,0.0,0.1122,0.1104
2015-10-16,兆日科技,sz300333,28.75,27.11,27.9,28.01,26.95,28.01,240208,0.0,0.0,0.0,0.0608,0.0039
2015-10-19,兆日科技,sz300333,28.02,25.9,28.02,26.81,28.01,26.81,204776,0.0,0.0,0.0,0.0756,-0.0431
2015-10-20,兆日科技,sz300333,28.17,26.02,26.25,27.42,26.81,27.42,177864,0.0,0.0,0.0,0.0801,0.0445
2015-10-21,兆日科技,sz300333,28.58,26.05,27.46,26.9,27.42,26.9,317272,0.0,0.0,0.0,0.0922,-0.0203
2015-10-22,兆日科技,sz300333,29.0,25.98,26.16,28.06,26.9,28.06,268412,0.0,0.0,0.0,0.1122,0.0726
2015-10-23,兆日科技,sz300333,30.1,27.56,28.3,28.98,28.06,28.98,339424,0.0,0.0,0.0,0.0905,0.024
2015-10-26,兆日科技,sz300333,29.2,27.13,29.1,27.7,28.98,27.7,241572,0.0,0.0,0.0,0.0714,-0.0481
2015-10-27,兆日科技,sz300333,27.88,25.0,27.43,27.28,27.7,27.28,179591,0.0,0.0,0.0,0.1039,-0.0054
2015-10-28,兆日科技,sz300333,27.68,25.5,27.27,25.71,27.28,25.71,132925,0.0,0.0,0.0,0.0799,-0.0572
2015-10-29,兆日科技,sz300333,26.54,25.11,26.51,25.6,25.71,25.6,145784,0.0,0.0,0.0,0.0556,-0.0343
2015-10-30,兆日科技,sz300333,26.78,24.75,25.51,25.85,25.6,25.85,186279,0.0,0.0,0.0,0.0792,0.0133
2015-11-02,兆日科技,sz300333,26.14,24.35,24.8,24.52,25.85,24.52,120126,0.0,0.0,0.0,0.0692,-0.0112
2015-11-03,兆日科技,sz300333,25.4,24.48,24.58,24.8,24.52,24.8,90831,0.0,0.0,0.0,0.0375,0.0089
2015-11-04,兆日科技,sz300333,27.0,24.84,24.84,26.6,24.8,26.6,155111,0.0,0.0,0.0,0.087,0.0708
2015-11-05,兆日科技,sz300333,27.33,25.6,26.71,25.87,26.6,25.87,162763,0.0,0.0,0.0,0.065,-0.0314
2015-11-06,兆日科技,sz300333,26.88,26.04,26.04,26.7,25.87,26.7,148289,0.0,0.0,0.0,0.0324,0.0253
2015-11-09,兆日科技,sz300333,27.49,25.6,26.09,27.3,26.7,27.3,192044,0.0,0.0,0.0,0.0707,0.0463
2015-11-10,兆日科技,sz300333,28.47,26.82,26.97,27.61,27.3,27.61,204408,0.0,0.0,0.0,0.0604,0.0237
2015-11-11,兆日科技,sz300333,28.56,27.2,27.5,28.55,27.61,28.55,250326,0.0,0.0,0.0,0.0492,0.0381
2015-11-12,兆日科技,sz300333,29.5,27.28,28.88,27.81,28.55,27.81,266156,0.0,0.0,0.0,0.0777,-0.037
2015-11-13,兆日科技,sz300333,27.5,26.0,27.0,26.33,27.81,26.33,157076,0.0,0.0,0.0,0.0539,-0.0248
2015-11-16,兆日科技,sz300333,27.58,25.0,25.49,27.39,26.33,27.39,165852,0.0,0.0,0.0,0.0979,0.0745
2015-11-17,兆日科技,sz300333,28.05,26.0,27.89,26.1,27.39,26.1,255830,0.0,0.0,0.0,0.0748,-0.0641
2015-11-18,兆日科技,sz300333,26.82,25.41,26.39,25.43,26.1,25.43,126218,0.0,0.0,0.0,0.054,-0.0363
2015-11-19,兆日科技,sz300333,27.97,25.55,25.55,27.97,25.43,27.97,348308,0.0,0.0,0.0,0.0951,0.0947
2015-11-20,兆日科技,sz300333,30.77,28.71,28.95,30.77,27.97,30.77,422672,0.0,0.0,0.0,0.0736,0.0628
2015-11-23,兆日科技,sz300333,33.85,32.02,33.0,32.26,30.77,32.26,592481,0.0,0.0,0.0,0.0594,-0.0224
2015-11-24,兆日科技,sz300333,32.65,30.3,31.59,32.57,32.26,32.57,300218,0.0,0.0,0.0,0.0728,0.031
2015-11-25,兆日科技,sz300333,35.69,32.02,32.22,33.16,32.57,33.16,363152,0.0,0.0,0.0,0.1126,0.0291
2015-11-26,兆日科技,sz300333,35.0,32.54,32.9,34.65,33.16,34.65,345487,0.0,0.0,0.0,0.0741,0.0531
2015-11-27,兆日科技,sz300333,34.6,31.19,34.0,31.19,34.65,31.19,266561,0.0,0.0,0.0,0.0984,-0.0826
2015-11-30,兆日科技,sz300333,31.96,28.22,31.15,31.47,31.19,31.47,235673,0.0,0.0,0.0,0.1199,0.0102
2015-12-01,兆日科技,sz300333,31.3,29.56,31.3,29.95,31.47,29.95,171466,0.0,0.0,0.0,0.0552,-0.0431
2015-12-02,兆日科技,sz300333,30.29,27.25,29.46,28.25,29.95,28.25,131067,0.0,0.0,0.0,0.1015,-0.041
2015-12-03,兆日科技,sz300333,31.08,29.3,29.99,31.08,28.25,31.08,48582,0.0,0.0,0.0,0.063,0.0363
2015-12-04,兆日科技,sz300333,34.19,34.19,34.19,34.19,31.08,34.19,29735,0.0,0.0,0.0,0.0,0.0
2015-12-07,兆日科技,sz300333,37.61,34.23,37.0,37.61,34.19,37.61,544390,0.0,0.0,0.0,0.0988,0.0164
2015-12-08,兆日科技,sz300333,41.37,37.01,37.6,41.37,37.61,41.37,528389,0.0,0.0,0.0,0.1159,0.1002
2015-12-09,兆日科技,sz300333,42.96,39.0,41.0,41.2,41.37,41.2,476338,0.0,0.0,0.0,0.0957,0.0048
2015-12-10,兆日科技,sz300333,45.14,39.48,40.37,42.23,41.2,42.23,431859,0.0,0.0,0.0,0.1373,0.046
2015-12-11,兆日科技,sz300333,44.08,40.33,40.82,40.79,42.23,40.79,286840,0.0,0.0,0.0,0.0887,-7.0E-4
2015-12-14,兆日科技,sz300333,44.38,39.11,39.68,42.74,40.79,42.74,292129,0.0,0.0,0.0,0.1291,0.0771
2015-12-15,兆日科技,sz300333,47.01,42.1,42.1,47.01,42.74,47.01,213381,0.0,0.0,0.0,0.1148,0.1166
2015-12-16,兆日科技,sz300333,51.71,48.4,49.5,48.9,47.01,48.9,338821,0.0,0.0,0.0,0.0704,-0.0121
2015-12-17,兆日科技,sz300333,53.34,47.8,48.9,52.99,48.9,52.99,355642,0.0,0.0,0.0,0.1132,0.0836
2015-12-18,兆日科技,sz300333,52.61,48.96,51.65,49.55,52.99,49.55,286242,0.0,0.0,0.0,0.0688,-0.0406
2015-12-21,兆日科技,sz300333,51.16,47.22,48.5,48.75,49.55,48.75,192121,0.0,0.0,0.0,0.0795,0.0051
2015-12-22,兆日科技,sz300333,51.16,47.8,48.4,50.22,48.75,50.22,171168,0.0,0.0,0.0,0.0689,0.0376
2015-12-23,兆日科技,sz300333,51.1,47.2,50.2,47.3,50.22,47.3,174834,0.0,0.0,0.0,0.0776,-0.0577
2015-12-24,兆日科技,sz300333,48.2,44.46,46.3,47.05,47.3,47.05,166896,0.0,0.0,0.0,0.079,0.0161
2015-12-25,兆日科技,sz300333,47.7,45.0,46.8,45.44,47.05,45.44,108652,0.0,0.0,0.0,0.0573,-0.029
2015-12-28,兆日科技,sz300333,47.66,45.45,45.45,45.6,45.44,45.6,151093,0.0,0.0,0.0,0.0486,0.0033
2015-12-29,兆日科技,sz300333,47.36,43.7,45.45,46.85,45.6,46.85,156560,0.0,0.0,0.0,0.0802,0.0308
2015-12-30,兆日科技,sz300333,50.85,46.26,46.8,50.27,46.85,50.27,269066,0.0,0.0,0.0,0.0979,0.0741
2015-12-31,兆日科技,sz300333,51.62,47.6,50.09,48.0,50.27,48.0,184168,0.0,0.0,0.0,0.0799,-0.0417
2016-01-01,兆日科技,sz300333,51.62,47.6,50.09,48.0,48.0,48.0,184168,0.0,0.0,0.0,0.0837,-0.0417
2016-01-04,兆日科技,sz300333,47.95,43.2,47.16,43.2,48.0,43.2,113360,0.0,0.0,0.0,0.0989,-0.0839
2016-01-05,兆日科技,sz300333,41.88,38.88,38.9,38.88,43.2,38.88,174578,0.0,0.0,0.0,0.0694,-5.0E-4
2016-01-06,兆日科技,sz300333,41.88,37.9,39.99,40.5,38.88,40.5,161824,0.0,0.0,0.0,0.1023,0.0127
2016-01-07,兆日科技,sz300333,39.0,36.45,38.9,36.45,40.5,36.45,31864,0.0,0.0,0.0,0.0629,-0.0629
2016-01-08,兆日科技,sz300333,38.27,33.0,36.98,37.15,36.45,37.15,144328,0.0,0.0,0.0,0.1445,0.0045
2016-01-11,兆日科技,sz300333,35.72,33.44,35.3,33.44,37.15,33.44,108086,0.0,0.0,0.0,0.0613,-0.0526
2016-01-12,兆日科技,sz300333,31.05,30.1,30.1,30.1,33.44,30.1,200554,0.0,0.0,0.0,0.0284,0.0
2016-01-13,兆日科技,sz300333,30.2,27.09,29.7,27.1,30.1,27.1,207943,0.0,0.0,0.0,0.1033,-0.0875
2016-01-14,兆日科技,sz300333,28.81,24.6,25.0,28.04,27.1,28.04,242656,0.0,0.0,0.0,0.1553,0.1215
2016-01-15,兆日科技,sz300333,27.46,25.24,27.2,26.2,28.04,26.2,249183,0.0,0.0,0.0,0.0791,-0.0367
2016-01-18,兆日科技,sz300333,28.0,24.8,25.21,27.13,26.2,27.13,269911,0.0,0.0,0.0,0.1221,0.0761
2016-01-19,兆日科技,sz300333,29.75,26.16,27.13,28.99,27.13,28.99,294523,0.0,0.0,0.0,0.1323,0.0685
2016-01-20,兆日科技,sz300333,29.99,28.02,28.41,28.71,28.99,28.71,252130,0.0,0.0,0.0,0.0679,0.0105
2016-01-21,兆日科技,sz300333,29.98,26.5,28.12,27.13,28.71,27.13,252437,0.0,0.0,0.0,0.1212,-0.0352
2016-01-22,兆日科技,sz300333,27.98,25.99,27.8,26.99,27.13,26.99,204232,0.0,0.0,0.0,0.0733,-0.0291
2016-01-25,兆日科技,sz300333,27.92,26.38,27.07,27.25,26.99,27.25,184120,0.0,0.0,0.0,0.057,0.0066
2016-01-26,兆日科技,sz300333,26.77,24.53,26.59,24.53,27.25,24.53,161487,0.0,0.0,0.0,0.0822,-0.0774
2016-01-27,兆日科技,sz300333,24.47,22.08,23.9,24.47,24.53,24.47,238265,0.0,0.0,0.0,0.0974,0.0238
2016-01-28,兆日科技,sz300333,24.0,22.3,23.48,23.1,24.47,23.1,165710,0.0,0.0,0.0,0.0694,-0.0161
2016-01-29,兆日科技,sz300333,25.2,22.53,23.18,24.5,23.1,24.5,201175,0.0,0.0,0.0,0.1155,0.0569
2016-02-01,兆日科技,sz300333,24.2,22.25,24.0,23.1,24.5,23.1,192374,0.0,0.0,0.0,0.0795,-0.0374
2016-02-02,兆日科技,sz300333,25.41,23.11,23.12,25.41,23.1,25.41,235410,0.0,0.0,0.0,0.0995,0.099
2016-02-03,兆日科技,sz300333,25.85,24.41,25.1,25.5,25.41,25.5,241449,0.0,0.0,0.0,0.0566,0.0159
2016-02-04,兆日科技,sz300333,26.37,25.37,25.5,25.94,25.5,25.94,236094,0.0,0.0,0.0,0.0392,0.0172
2016-02-05,兆日科技,sz300333,26.1,25.01,26.0,25.07,25.94,25.07,141912,0.0,0.0,0.0,0.042,-0.0357
2016-02-08,兆日科技,sz300333,26.1,25.01,26.0,25.07,25.07,25.07,141912,0.0,0.0,0.0,0.0434,-0.0357
2016-02-09,兆日科技,sz300333,26.1,25.01,26.0,25.07,25.07,25.07,141912,0.0,0.0,0.0,0.0434,-0.0357
2016-02-10,兆日科技,sz300333,26.1,25.01,26.0,25.07,25.07,25.07,141912,0.0,0.0,0.0,0.0434,-0.0357
2016-02-11,兆日科技,sz300333,26.1,25.01,26.0,25.07,25.07,25.07,141912,0.0,0.0,0.0,0.0434,-0.0357
2016-02-12,兆日科技,sz300333,26.1,25.01,26.0,25.07,25.07,25.07,141912,0.0,0.0,0.0,0.0434,-0.0357
2016-02-15,兆日科技,sz300333,24.95,23.41,23.41,24.66,25.07,24.66,130463,0.0,0.0,0.0,0.0614,0.0533
2016-02-16,兆日科技,sz300333,27.13,24.92,24.92,27.13,24.66,27.13,134314,0.0,0.0,0.0,0.0896,0.0886
2016-02-17,兆日科技,sz300333,28.48,27.05,28.1,27.76,27.13,27.76,319610,0.0,0.0,0.0,0.0527,-0.012
2016-02-18,兆日科技,sz300333,28.62,27.12,27.8,27.64,27.76,27.64,310718,0.0,0.0,0.0,0.054,-0.0057
2016-02-19,兆日科技,sz300333,29.99,27.1,27.4,28.8,27.64,28.8,370720,0.0,0.0,0.0,0.1045,0.051
2016-02-22,兆日科技,sz300333,29.5,28.32,29.2,29.32,28.8,29.32,301661,0.0,0.0,0.0,0.0409,0.0041
2016-02-23,兆日科技,sz300333,29.35,27.82,29.35,28.81,29.32,28.81,251583,0.0,0.0,0.0,0.0521,-0.0183
2016-02-24,兆日科技,sz300333,29.1,27.65,28.4,28.55,28.81,28.55,193664,0.0,0.0,0.0,0.0503,0.0052
2016-02-25,兆日科技,sz300333,28.5,25.7,28.48,25.7,28.55,25.7,199943,0.0,0.0,0.0,0.098,-0.0976
2016-02-26,兆日科技,sz300333,25.98,23.8,25.5,24.85,25.7,24.85,189870,0.0,0.0,0.0,0.0848,-0.0254
2016-02-29,兆日科技,sz300333,24.47,22.37,24.0,22.37,24.85,22.37,157846,0.0,0.0,0.0,0.0845,-0.0679
2016-03-01,兆日科技,sz300333,23.35,20.83,22.37,22.8,22.37,22.8,197196,0.0,0.0,0.0,0.1126,0.0192
2016-03-02,兆日科技,sz300333,24.0,21.92,22.5,23.77,22.8,23.77,232549,0.0,0.0,0.0,0.0912,0.0564
2016-03-03,兆日科技,sz300333,25.3,23.4,23.73,23.65,23.77,23.65,239017,0.0,0.0,0.0,0.0799,-0.0033
2016-03-04,兆日科技,sz300333,23.48,21.38,23.2,21.59,23.65,21.59,198424,0.0,0.0,0.0,0.0887,-0.0693
2016-03-07,兆日科技,sz300333,23.19,21.93,22.0,22.41,21.59,22.41,153225,0.0,0.0,0.0,0.0583,0.0186
2016-03-08,兆日科技,sz300333,22.8,20.6,22.05,22.6,22.41,22.6,184514,0.0,0.0,0.0,0.0981,0.0249
2016-03-09,兆日科技,sz300333,22.75,21.5,21.63,21.9,22.6,21.9,134181,0.0,0.0,0.0,0.0553,0.0124
2016-03-10,兆日科技,sz300333,22.38,21.51,21.85,21.65,21.9,21.65,111907,0.0,0.0,0.0,0.0397,-0.0091
2016-03-11,兆日科技,sz300333,21.74,21.05,21.14,21.45,21.65,21.45,90998,0.0,0.0,0.0,0.0318,0.0146
2016-03-14,兆日科技,sz300333,23.3,21.84,22.03,22.72,21.45,22.72,186002,0.0,0.0,0.0,0.068,0.0313
2016-03-15,兆日科技,sz300333,22.98,22.16,22.8,22.4,22.72,22.4,142677,0.0,0.0,0.0,0.036,-0.0175
2016-03-16,兆日科技,sz300333,23.3,21.93,22.95,22.4,22.4,22.4,143312,0.0,0.0,0.0,0.0611,-0.0239
2016-03-17,兆日科技,sz300333,24.4,22.31,22.51,23.89,22.4,23.89,274464,0.0,0.0,0.0,0.0933,0.0613
2016-03-18,兆日科技,sz300333,26.28,23.65,23.8,26.28,23.89,26.28,355400,0.0,0.0,0.0,0.11,0.1042
2016-03-21,兆日科技,sz300333,27.38,25.91,26.28,27.08,26.28,27.08,450119,0.0,0.0,0.0,0.0559,0.0304
2016-03-22,兆日科技,sz300333,26.94,26.1,26.51,26.28,27.08,26.28,235240,0.0,0.0,0.0,0.031,-0.0086
2016-03-23,兆日科技,sz300333,27.26,26.02,26.2,27.15,26.28,27.15,273821,0.0,0.0,0.0,0.0471,0.0362
2016-03-24,兆日科技,sz300333,26.99,25.91,26.8,25.95,27.15,25.95,262187,0.0,0.0,0.0,0.0397,-0.0317
2016-03-25,兆日科技,sz300333,28.16,25.52,25.64,26.85,25.95,26.85,221048,0.0,0.0,0.0,0.1017,0.0471
