2016-03-25
2012-08-20,泰格医药,sz300347,54.0,49.88,51.0,51.95,50.0,5.91158,45706200,0.426365,0.0,0.0,0.0823,0.0186
2012-08-21,泰格医药,sz300347,55.94,51.88,53.5,54.9,51.95,6.24727,38031800,0.354775,0.0,0.0,0.0781,0.0261
2012-08-22,泰格医药,sz300347,56.94,53.02,53.02,54.4,54.9,6.19037,31562200,0.294424,0.0,0.0,0.0714,0.026
2012-08-23,泰格医药,sz300347,55.17,52.2,54.0,52.22,54.4,5.9423,23182300,0.216253,0.0,0.0,0.0545,-0.0329
2012-08-24,泰格医药,sz300347,57.44,51.8,52.3,56.8,52.22,6.46348,33570400,0.313157,0.0,0.0,0.108,0.086
2012-08-27,泰格医药,sz300347,58.45,54.75,55.99,56.11,56.8,6.38496,27017100,0.252026,0.0,0.0,0.0651,0.0021
2012-08-28,泰格医药,sz300347,61.72,56.6,57.0,59.88,56.11,6.81396,25929900,0.241884,0.0,0.0,0.0912,0.0505
2012-08-29,泰格医药,sz300347,62.48,58.8,59.13,59.6,59.88,6.7821,27266600,0.254353,0.0,0.0,0.0614,0.0079
2012-08-30,泰格医药,sz300347,59.86,54.5,58.85,57.3,59.6,6.52038,24055700,0.224401,0.0,0.0,0.0899,-0.0263
2012-08-31,泰格医药,sz300347,62.44,56.0,56.68,60.71,57.3,6.90841,18646000,0.173937,0.0,0.0,0.1123,0.0711
2012-09-03,泰格医药,sz300347,63.57,60.26,61.7,62.0,60.71,7.05521,20278800,0.189168,0.0,0.0,0.0545,0.0048
2012-09-04,泰格医药,sz300347,62.58,60.38,61.69,60.59,62.0,6.89476,11964800,0.111612,0.0,0.0,0.0354,-0.0178
2012-09-05,泰格医药,sz300347,62.77,60.28,60.31,61.95,60.59,7.04952,9804400,0.091459,0.0,0.0,0.041,0.0271
2012-09-06,泰格医药,sz300347,63.66,61.51,62.0,62.21,61.95,7.0791,9483900,0.08847,0.0,0.0,0.0347,0.0033
2012-09-07,泰格医药,sz300347,62.97,61.0,62.6,62.01,62.21,7.05634,11754600,0.109652,0.0,0.0,0.0316,-0.0094
2012-09-10,泰格医药,sz300347,62.45,60.76,62.15,61.86,62.01,7.03928,11339900,0.105783,0.0,0.0,0.0272,-0.0046
2012-09-11,泰格医药,sz300347,62.92,59.6,61.81,60.12,61.86,6.84127,15262900,0.142378,0.0,0.0,0.0536,-0.0273
2012-09-12,泰格医药,sz300347,60.98,59.55,60.0,60.0,60.12,6.82762,8786100,0.081961,0.0,0.0,0.0237,0.0
2012-09-13,泰格医药,sz300347,65.35,59.8,60.11,63.59,60.0,7.23614,19915800,0.185782,0.0,0.0,0.0924,0.0578
2012-09-14,泰格医药,sz300347,65.78,63.31,63.5,63.4,63.59,7.21452,16275300,0.151822,0.0,0.0,0.0388,-0.0015
2012-09-17,泰格医药,sz300347,63.0,60.11,62.9,60.12,63.4,6.84127,7629700,0.071173,0.0,0.0,0.0455,-0.0441
2012-09-18,泰格医药,sz300347,60.4,58.1,59.6,58.9,60.12,6.70245,8507300,0.07936,0.0,0.0,0.0382,-0.0117
2012-09-19,泰格医药,sz300347,59.78,58.12,59.31,59.2,58.9,6.73658,5211400,0.048615,0.0,0.0,0.0281,-0.0018
2012-09-20,泰格医药,sz300347,59.77,57.31,59.03,57.5,59.2,6.54313,7585300,0.070759,0.0,0.0,0.0415,-0.0259
2012-09-21,泰格医药,sz300347,57.8,55.5,57.55,56.48,57.5,6.42707,9310500,0.086853,0.0,0.0,0.0399,-0.0185
2012-09-24,泰格医药,sz300347,57.36,55.75,55.8,56.57,56.48,6.43731,5275000,0.049207,0.0,0.0,0.0285,0.0137
2012-09-25,泰格医药,sz300347,57.08,53.65,56.38,54.22,56.57,6.16989,6313900,0.058899,0.0,0.0,0.0606,-0.0383
2012-09-26,泰格医药,sz300347,54.4,52.62,54.0,53.01,54.22,6.0322,6498400,0.06062,0.0,0.0,0.0328,-0.0183
2012-09-27,泰格医药,sz300347,54.81,53.1,53.78,54.57,53.01,6.20972,4323900,0.040336,0.0,0.0,0.0322,0.0146
2012-09-28,泰格医药,sz300347,56.36,53.77,54.47,56.0,54.57,6.37244,4600100,0.042912,0.0,0.0,0.0474,0.028
2012-10-01,泰格医药,sz300347,56.0,56.0,56.0,56.0,56.0,6.37244,0,0.0,0.0,0.0,0.0,0.0
2012-10-02,泰格医药,sz300347,56.0,56.0,56.0,56.0,56.0,6.37244,0,0.0,0.0,0.0,0.0,0.0
2012-10-03,泰格医药,sz300347,56.0,56.0,56.0,56.0,56.0,6.37244,0,0.0,0.0,0.0,0.0,0.0
2012-10-04,泰格医药,sz300347,56.0,56.0,56.0,56.0,56.0,6.37244,0,0.0,0.0,0.0,0.0,0.0
2012-10-05,泰格医药,sz300347,56.0,56.0,56.0,56.0,56.0,6.37244,0,0.0,0.0,0.0,0.0,0.0
2012-10-08,泰格医药,sz300347,55.97,54.9,55.97,55.38,56.0,6.30189,3038600,0.028346,0.0,0.0,0.0191,-0.0105
2012-10-09,泰格医药,sz300347,57.52,55.43,55.5,57.2,55.38,6.509,4484000,0.041828,0.0,0.0,0.0377,0.0306
2012-10-10,泰格医药,sz300347,57.68,56.65,57.3,57.22,57.2,6.51127,2961000,0.027622,0.0,0.0,0.018,-0.0013
2012-10-11,泰格医药,sz300347,57.08,55.41,56.88,55.6,57.22,6.32693,2849200,0.026579,0.0,0.0,0.0291,-0.0225
2012-10-12,泰格医药,sz300347,56.79,53.53,55.7,54.7,55.6,6.22451,5780400,0.053922,0.0,0.0,0.0586,-0.0179
2012-10-15,泰格医药,sz300347,54.6,52.06,54.05,54.13,54.7,6.15965,5149400,0.048035,0.0,0.0,0.0464,0.0014
2012-10-16,泰格医药,sz300347,56.98,53.51,53.6,56.01,54.13,6.37358,4058200,0.037857,0.0,0.0,0.0641,0.0449
2012-10-17,泰格医药,sz300347,56.94,55.5,55.81,56.13,56.01,6.38724,2549000,0.023778,0.0,0.0,0.0257,0.0057
2012-10-18,泰格医药,sz300347,57.16,56.09,56.09,56.85,56.13,6.46917,2430700,0.022675,0.0,0.0,0.019,0.0135
2012-10-19,泰格医药,sz300347,58.78,56.74,56.95,58.2,56.85,6.62279,3804700,0.035492,0.0,0.0,0.0358,0.0219
2012-10-22,泰格医药,sz300347,59.3,57.9,57.9,58.99,58.2,6.71269,2416800,0.022545,0.0,0.0,0.024,0.0188
2012-10-23,泰格医药,sz300347,58.88,57.35,58.8,57.49,58.99,6.542,4072400,0.037989,0.0,0.0,0.0259,-0.0222
2012-10-24,泰格医药,sz300347,57.67,56.32,57.67,56.45,57.49,6.42365,4512200,0.042091,0.0,0.0,0.0234,-0.0211
2012-10-25,泰格医药,sz300347,57.48,55.5,56.12,55.5,56.45,6.31555,2474100,0.02308,0.0,0.0,0.035,-0.011
2012-10-26,泰格医药,sz300347,56.1,54.16,55.32,56.0,55.5,6.37244,2858400,0.026664,0.0,0.0,0.0349,0.0122
2012-10-29,泰格医药,sz300347,58.95,55.52,55.8,58.95,56.0,6.70814,4899700,0.045707,0.0,0.0,0.0612,0.0564
2012-10-30,泰格医药,sz300347,60.9,58.7,58.7,59.56,58.95,6.77755,3887600,0.036265,0.0,0.0,0.0373,0.0146
2012-10-31,泰格医药,sz300347,59.49,58.0,59.01,59.33,59.56,6.75138,2463000,0.022976,0.0,0.0,0.025,0.0054
2012-11-01,泰格医药,sz300347,60.3,59.0,59.0,59.8,59.33,6.80486,2102300,0.019611,0.0,0.0,0.0219,0.0135
2012-11-02,泰格医药,sz300347,61.27,59.5,59.79,60.41,59.8,6.87427,3421900,0.031921,0.0,0.0,0.0295,0.0103
2012-11-05,泰格医药,sz300347,60.5,57.5,60.03,57.9,60.41,6.58865,3493800,0.032592,0.0,0.0,0.0496,-0.0354
2012-11-06,泰格医药,sz300347,59.5,57.12,57.12,58.55,57.9,6.66262,4952900,0.046203,0.0,0.0,0.0411,0.025
2012-11-07,泰格医药,sz300347,58.49,55.88,58.49,56.62,58.55,6.443,6294900,0.058721,0.0,0.0,0.0445,-0.0319
2012-11-08,泰格医药,sz300347,55.99,54.3,55.99,55.51,56.62,6.31669,4334100,0.04043,0.0,0.0,0.0298,-0.0085
2012-11-09,泰格医药,sz300347,55.95,55.0,55.01,55.18,55.51,6.27913,1999400,0.018651,0.0,0.0,0.0171,0.003
2012-11-12,泰格医药,sz300347,56.14,54.5,55.36,55.0,55.18,6.25865,3278400,0.030582,0.0,0.0,0.0297,-0.0065
2012-11-13,泰格医药,sz300347,55.18,53.6,55.18,53.72,55.0,6.11299,3197000,0.029824,0.0,0.0,0.0287,-0.0264
2012-11-14,泰格医药,sz300347,54.59,53.53,53.55,54.12,53.72,6.15851,2266400,0.021142,0.0,0.0,0.0197,0.0106
2012-11-15,泰格医药,sz300347,54.15,52.52,54.0,52.92,54.12,6.02196,2108800,0.019672,0.0,0.0,0.0301,-0.0199
2012-11-16,泰格医药,sz300347,53.74,52.22,52.6,52.9,52.92,6.01968,1905500,0.017776,0.0,0.0,0.0287,0.0057
2012-11-19,泰格医药,sz300347,53.18,51.21,53.18,52.3,52.9,5.95141,3153400,0.029417,0.0,0.0,0.0372,-0.0165
2012-11-20,泰格医药,sz300347,52.5,51.0,52.47,51.52,52.3,5.86265,2471400,0.023055,0.0,0.0,0.0286,-0.0181
2012-11-21,泰格医药,sz300347,52.2,50.7,51.45,52.2,51.52,5.94003,2057200,0.01919,0.0,0.0,0.0291,0.0145
2012-11-22,泰格医药,sz300347,51.99,51.26,51.9,51.58,52.2,5.86948,1505200,0.014041,0.0,0.0,0.0139,-0.0061
2012-11-23,泰格医药,sz300347,52.35,51.3,51.7,52.0,51.58,5.91727,1473200,0.013743,0.0,0.0,0.0203,0.0058
2012-11-26,泰格医药,sz300347,51.88,50.3,51.61,50.51,52.0,5.74772,2237400,0.020872,0.0,0.0,0.0303,-0.0213
2012-11-27,泰格医药,sz300347,50.49,48.31,50.07,48.41,50.51,5.50875,4784000,0.044627,0.0,0.0,0.0431,-0.0331
2012-11-28,泰格医药,sz300347,49.8,48.15,48.39,49.0,48.41,5.57589,3446200,0.032148,0.0,0.0,0.034,0.0126
2012-11-29,泰格医药,sz300347,49.48,48.43,49.15,48.51,49.0,5.52013,1602600,0.01495,0.0,0.0,0.0214,-0.013
2012-11-30,泰格医药,sz300347,49.68,48.51,48.53,49.68,48.51,5.65327,2222900,0.020736,0.0,0.0,0.0241,0.0236
2012-12-03,泰格医药,sz300347,50.65,48.2,49.68,48.98,49.68,5.57361,2621200,0.024452,0.0,0.0,0.0493,-0.014
2012-12-04,泰格医药,sz300347,49.3,47.48,48.5,49.0,48.98,5.57589,6688200,0.062391,0.0,0.0,0.0371,0.0103
2012-12-05,泰格医药,sz300347,51.45,48.59,48.67,51.0,49.0,5.80348,5255800,0.049029,0.0,0.0,0.0583,0.0478
2012-12-06,泰格医药,sz300347,51.5,49.85,50.7,50.22,51.0,5.71472,3622200,0.03379,0.0,0.0,0.0323,-0.0094
2012-12-07,泰格医药,sz300347,51.16,50.01,50.1,51.1,50.22,5.81486,2971000,0.027715,0.0,0.0,0.0228,0.0199
2012-12-10,泰格医药,sz300347,51.45,50.33,51.2,51.39,51.1,5.84786,2754000,0.025691,0.0,0.0,0.0219,0.0037
2012-12-11,泰格医药,sz300347,52.3,50.8,50.9,51.01,51.39,5.80461,1996700,0.018626,0.0,0.0,0.0291,0.0021
2012-12-12,泰格医药,sz300347,51.98,50.22,51.2,51.8,51.01,5.89451,4771700,0.044513,0.0,0.0,0.0345,0.0117
2012-12-13,泰格医药,sz300347,51.71,50.5,51.71,50.81,51.8,5.78186,2533700,0.023636,0.0,0.0,0.0233,-0.0174
2012-12-14,泰格医药,sz300347,52.6,50.61,51.11,52.49,50.81,5.97303,3445200,0.032139,0.0,0.0,0.0391,0.027
2012-12-17,泰格医药,sz300347,52.49,51.23,52.23,51.8,52.49,5.89451,2554700,0.023832,0.0,0.0,0.024,-0.0082
2012-12-18,泰格医药,sz300347,52.09,50.9,51.51,51.27,51.8,5.8342,2078900,0.019394,0.0,0.0,0.0229,-0.0046
2012-12-19,泰格医药,sz300347,52.74,51.03,51.28,52.49,51.27,5.97303,2753500,0.025686,0.0,0.0,0.0333,0.0235
2012-12-20,泰格医药,sz300347,55.75,52.58,52.58,54.45,52.49,6.19606,5984800,0.055829,0.0,0.0,0.0603,0.0355
2012-12-21,泰格医药,sz300347,57.0,54.0,54.0,57.0,54.45,6.48624,7695600,0.071787,0.0,0.0,0.055,0.0555
2012-12-24,泰格医药,sz300347,58.8,56.0,56.99,57.09,57.0,6.49648,9153500,0.085387,0.0,0.0,0.0491,0.0017
2012-12-25,泰格医药,sz300347,57.09,57.09,57.09,57.09,57.09,6.49648,0,0.0,0.0,0.0,0.0,0.0
2012-12-26,泰格医药,sz300347,61.0,58.0,58.2,60.82,57.09,6.92093,16612700,0.15497,0.0,0.0,0.0525,0.045
2012-12-27,泰格医药,sz300347,60.6,58.06,60.5,58.5,60.82,6.65693,11758900,0.109692,0.0,0.0,0.0417,-0.033
2012-12-28,泰格医药,sz300347,60.7,57.81,57.81,59.0,58.5,6.71383,8262000,0.077071,0.0,0.0,0.0494,0.0205
2012-12-31,泰格医药,sz300347,59.58,56.9,59.0,56.95,59.0,6.48055,13631600,0.127161,0.0,0.0,0.0454,-0.0347
2013-01-04,泰格医药,sz300347,61.25,56.96,57.66,59.98,56.95,59.9801,2188615,0.163329,0.0,0.0,0.0753,0.0402
2013-01-07,泰格医药,sz300347,60.83,58.51,60.01,60.29,59.98,60.290077,1235045,0.092168,0.0,0.0,0.0386,0.0046
2013-01-08,泰格医药,sz300347,62.5,59.0,59.0,59.7,60.29,59.700077,1081460,0.080706,0.0,0.0,0.058,0.0118
2013-01-09,泰格医药,sz300347,58.69,56.5,58.4,57.31,59.7,57.310043,1354500,0.101082,0.0,0.0,0.0366,-0.0186
2013-01-10,泰格医药,sz300347,58.54,57.23,57.23,58.4,57.31,58.400024,1288851,0.096183,0.0,0.0,0.0228,0.0204
2013-01-11,泰格医药,sz300347,60.48,58.75,59.5,58.83,58.4,58.830025,1555802,0.116105,0.0,0.0,0.0296,-0.0112
2013-01-14,泰格医药,sz300347,62.42,58.8,59.0,62.0,58.83,62.00002,1486759,0.110952,0.0,0.0,0.0615,0.0508
2013-01-15,泰格医药,sz300347,62.99,60.55,62.99,61.4,62.0,61.400047,1335678,0.099677,0.0,0.0,0.0393,-0.0252
2013-01-16,泰格医药,sz300347,62.58,59.88,61.4,60.89,61.4,60.890057,1190833,0.088868,0.0,0.0,0.0439,-0.0083
2013-01-17,泰格医药,sz300347,61.43,59.52,60.88,59.7,60.89,59.700085,628597,0.04691,0.0,0.0,0.0313,-0.0193
2013-01-18,泰格医药,sz300347,60.69,58.78,59.99,60.3,59.7,60.300068,713108,0.053217,0.0,0.0,0.0319,0.0051
2013-01-21,泰格医药,sz300347,63.99,61.0,62.5,61.7,60.3,61.700058,2066217,0.154195,0.0,0.0,0.0495,-0.0127
2013-01-22,泰格医药,sz300347,61.9,58.0,61.06,58.71,61.7,58.71007,1270487,0.094812,0.0,0.0,0.0632,-0.0384
2013-01-23,泰格医药,sz300347,59.88,57.58,58.18,59.78,58.71,59.780064,859980,0.064178,0.0,0.0,0.0391,0.0275
2013-01-24,泰格医药,sz300347,60.2,57.01,59.6,57.59,59.78,57.59008,946573,0.07064,0.0,0.0,0.0533,-0.0337
2013-01-25,泰格医药,sz300347,59.17,56.6,57.45,58.58,57.59,58.58005,647080,0.04829,0.0,0.0,0.0446,0.0196
2013-01-28,泰格医药,sz300347,60.29,58.21,58.56,59.87,58.58,59.870045,766687,0.057215,0.0,0.0,0.0355,0.0223
2013-01-29,泰格医药,sz300347,60.85,59.24,60.0,59.86,59.87,59.860046,700418,0.05227,0.0,0.0,0.0268,-0.0023
2013-01-30,泰格医药,sz300347,60.1,57.53,59.61,57.96,59.86,57.96003,980755,0.073191,0.0,0.0,0.0429,-0.0276
2013-01-31,泰格医药,sz300347,58.45,57.0,57.96,58.26,57.96,58.26003,462637,0.034525,0.0,0.0,0.025,0.0051
2013-02-01,泰格医药,sz300347,59.5,57.71,58.0,59.0,58.26,59.00005,660941,0.049324,0.0,0.0,0.0307,0.0172
2013-02-04,泰格医药,sz300347,60.3,59.2,59.2,60.0,59.0,60.000042,992635,0.074077,0.0,0.0,0.0186,0.0135
2013-02-05,泰格医药,sz300347,61.0,59.5,59.51,59.71,60.0,59.71006,974895,0.072753,0.0,0.0,0.025,0.0033
2013-02-06,泰格医药,sz300347,60.6,59.48,59.49,60.0,59.71,60.000072,685749,0.051175,0.0,0.0,0.0187,0.0085
2013-02-07,泰格医药,sz300347,60.65,59.03,60.25,60.58,60.0,60.580093,727032,0.054256,0.0,0.0,0.0269,0.0054
2013-02-08,泰格医药,sz300347,62.99,60.32,60.45,62.35,60.58,62.35012,1001714,0.074755,0.0,0.0,0.044,0.0314
2013-02-18,泰格医药,sz300347,63.78,62.33,62.83,62.38,62.35,62.38011,1005222,0.075017,0.0,0.0,0.0232,-0.0071
2013-02-19,泰格医药,sz300347,62.35,60.15,62.1,60.51,62.38,60.510082,768994,0.057388,0.0,0.0,0.0352,-0.0256
2013-02-20,泰格医药,sz300347,63.24,60.32,60.58,62.89,60.51,62.890064,899235,0.067107,0.0,0.0,0.0482,0.0381
2013-02-21,泰格医药,sz300347,65.36,62.18,62.77,64.67,62.89,64.670044,1474404,0.11003,0.0,0.0,0.0505,0.0302
2013-02-22,泰格医药,sz300347,64.45,63.11,64.1,63.55,64.67,63.550022,685549,0.05116,0.0,0.0,0.0207,-0.0085
2013-02-25,泰格医药,sz300347,64.96,63.06,63.1,64.22,63.55,64.22003,663918,0.049546,0.0,0.0,0.0298,0.0177
2013-02-26,泰格医药,sz300347,66.84,63.73,63.9,65.03,64.22,65.03004,1405173,0.104864,0.0,0.0,0.0484,0.0176
2013-02-27,泰格医药,sz300347,66.4,63.1,65.3,63.95,65.03,63.950016,656159,0.048967,0.0,0.0,0.0507,-0.0206
2013-02-28,泰格医药,sz300347,65.0,63.03,64.08,64.9,63.95,64.899994,615455,0.045929,0.0,0.0,0.0308,0.0127
2013-03-01,泰格医药,sz300347,66.79,64.52,64.82,65.84,64.9,65.840004,735863,0.054915,0.0,0.0,0.0349,0.0157
2013-03-04,泰格医药,sz300347,67.49,65.01,65.97,65.22,65.84,65.21999,834396,0.062268,0.0,0.0,0.0376,-0.0113
2013-03-05,泰格医药,sz300347,69.49,64.75,65.5,69.0,65.22,69.00001,913875,0.0682,0.0,0.0,0.0726,0.0534
2013-03-06,泰格医药,sz300347,71.48,68.82,68.82,69.26,69.0,69.26,915202,0.068299,0.0,0.0,0.0385,0.0063
2013-03-07,泰格医药,sz300347,71.6,68.33,69.26,69.4,69.26,69.39998,1066302,0.079575,0.0,0.0,0.0472,0.002
2013-03-11,泰格医药,sz300347,72.49,69.5,69.6,70.39,69.4,70.38997,1103239,0.082331,54.701706,5.3705,0.043,0.0113
2013-03-12,泰格医药,sz300347,70.93,66.59,70.4,68.3,70.39,68.29995,1263826,0.094315,53.077503,5.211039,0.0616,-0.0298
2013-03-13,泰格医药,sz300347,69.24,66.4,68.04,68.9,68.3,68.89996,756884,0.056484,53.54379,5.256818,0.0415,0.0126
2013-03-14,泰格医药,sz300347,72.01,68.5,68.8,72.01,68.9,72.00997,1095724,0.08177,55.960648,5.494101,0.0509,0.0466
2013-03-15,泰格医药,sz300347,73.88,70.69,72.88,70.69,72.01,70.68996,1210841,0.090361,54.934834,5.393388,0.0442,-0.03
2013-03-18,泰格医药,sz300347,71.88,68.83,70.5,70.8,70.69,70.79995,799995,0.059701,55.020313,5.40178,0.0431,0.0042
2013-03-19,泰格医药,sz300347,75.3,70.52,70.88,75.3,70.8,75.29993,1288254,0.096138,58.51735,5.745112,0.0675,0.0623
2013-03-20,泰格医药,sz300347,76.38,74.01,74.02,76.0,75.3,75.99991,1031413,0.076971,59.061325,5.798519,0.0314,0.0267
2013-03-21,泰格医药,sz300347,76.59,75.21,75.99,76.3,76.0,76.29988,659545,0.04922,59.29444,5.821405,0.0181,0.004
2013-03-22,泰格医药,sz300347,79.75,75.35,75.96,79.0,76.3,78.99991,860051,0.064183,61.392693,6.027408,0.0576,0.04
2013-03-25,泰格医药,sz300347,83.3,78.67,79.22,81.92,79.0,81.9199,1385045,0.103362,63.66189,6.250193,0.0586,0.034
2013-03-26,泰格医药,sz300347,84.1,79.7,81.43,83.38,81.92,83.379875,1065262,0.079497,64.79647,6.361584,0.0537,0.0239
2013-03-27,泰格医药,sz300347,83.78,81.69,82.78,82.8,83.38,82.79989,639567,0.047729,64.34575,6.317332,0.025,2.0E-4
2013-03-28,泰格医药,sz300347,82.85,78.7,82.85,78.8,82.8,78.79991,1399489,0.104439,61.23727,6.012148,0.0501,-0.0488
2013-03-29,泰格医药,sz300347,82.6,79.02,79.02,82.6,78.8,82.59988,995511,0.074292,64.190315,6.302072,0.0454,0.0453
2013-04-01,泰格医药,sz300347,89.68,83.0,83.37,85.68,82.6,85.67986,1081272,0.080692,66.58384,6.537064,0.0808,0.0277
2013-04-02,泰格医药,sz300347,86.66,79.5,85.7,79.95,85.68,79.949844,1403116,0.10471,62.130917,6.099885,0.0835,-0.067
2013-04-03,泰格医药,sz300347,80.98,78.05,79.9,78.72,79.95,78.71982,895280,0.066812,61.17503,6.006038,0.0366,-0.0147
2013-04-08,泰格医药,sz300347,84.8,77.2,77.99,84.1,78.72,84.09977,939217,0.070091,65.35592,6.416509,0.0965,0.0783
2013-04-09,泰格医药,sz300347,85.35,82.7,83.52,84.96,84.1,84.95977,573164,0.042773,66.02425,6.482124,0.0315,0.0172
2013-04-10,泰格医药,sz300347,88.05,79.9,84.4,82.2,84.96,82.19977,1171619,0.087434,63.879383,6.271545,0.0959,-0.026
2013-04-11,泰格医药,sz300347,83.78,80.1,82.38,80.19,82.2,80.189735,755484,0.056379,62.31734,6.118187,0.0447,-0.0265
2013-04-12,泰格医药,sz300347,82.0,79.51,80.19,80.55,80.19,80.54971,479578,0.035789,62.59708,6.145652,0.031,0.0044
2013-04-15,泰格医药,sz300347,81.27,77.5,80.1,78.5,80.55,78.49972,588860,0.043945,61.003986,5.989245,0.0468,-0.0199
2013-04-16,泰格医药,sz300347,80.95,77.01,77.5,80.89,78.5,80.889725,608329,0.045398,62.861313,6.171594,0.0501,0.0437
2013-04-17,泰格医药,sz300347,85.4,80.26,80.88,85.18,80.89,85.17971,770398,0.057492,66.19516,6.498904,0.0635,0.0531
2013-04-18,泰格医药,sz300347,86.53,84.05,84.44,85.2,85.18,85.19973,630995,0.047089,66.21072,6.500431,0.0291,0.009
2013-04-19,泰格医药,sz300347,89.3,84.55,84.55,87.03,85.2,87.02973,926591,0.069149,67.63286,6.640054,0.0557,0.0293
2013-04-22,泰格医药,sz300347,90.47,85.52,87.0,90.21,87.03,90.20971,1225601,0.091463,70.104095,6.882675,0.0568,0.0368
2013-04-23,泰格医药,sz300347,99.23,91.78,92.79,97.5,90.21,97.49965,2458940,0.183503,75.76928,7.438871,0.0825,0.0507
2013-04-24,泰格医药,sz300347,107.25,96.98,97.23,107.25,97.5,107.24961,3001024,0.223957,83.34621,8.182758,0.1053,0.103
2013-04-25,泰格医药,sz300347,109.7,99.23,107.25,100.8,107.25,100.79962,2979390,0.222343,78.33376,7.690647,0.0976,-0.0601
2013-04-26,泰格医药,sz300347,103.99,97.0,101.9,101.3,100.8,101.29958,2161391,0.161298,78.7223,7.728793,0.0693,-0.0058
2013-05-02,泰格医药,sz300347,54.77,50.13,51.2,53.19,101.3,107.17952,4621741,0.172453,83.29174,8.17741,0.0458,0.0388
2013-05-03,泰格医药,sz300347,58.0,51.3,52.48,57.6,53.19,116.06577,5462015,0.203807,90.19746,8.855399,0.1259,0.0975
2013-05-06,泰格医药,sz300347,60.38,55.5,57.0,56.01,57.6,112.86189,5377863,0.200667,87.70764,8.610955,0.0847,-0.0173
2013-05-07,泰格医药,sz300347,58.5,55.4,55.55,57.62,56.01,116.10611,3553737,0.132602,90.2288,8.858477,0.0553,0.0372
2013-05-08,泰格医药,sz300347,59.44,55.6,57.45,58.14,57.62,117.15397,4178911,0.15593,91.04311,8.938425,0.0666,0.012
2013-05-09,泰格医药,sz300347,57.56,55.25,57.5,55.62,58.14,112.07605,3589687,0.133944,87.09694,8.550998,0.0397,-0.0326
2013-05-10,泰格医药,sz300347,55.96,51.0,55.61,51.68,55.62,104.1368,4604472,0.171809,80.92717,7.945262,0.0891,-0.0706
2013-05-13,泰格医药,sz300347,53.48,51.94,51.94,52.5,51.68,105.78914,2200658,0.082114,82.21124,8.071329,0.0297,0.0107
2013-05-14,泰格医药,sz300347,53.32,50.61,52.74,51.96,52.5,104.701,2052325,0.076579,81.365616,7.988308,0.0516,-0.0147
2013-05-15,泰格医药,sz300347,53.21,51.22,51.7,53.17,51.96,107.13917,2377679,0.088719,83.260376,8.174331,0.0382,0.0284
2013-05-16,泰格医药,sz300347,54.71,51.68,53.01,52.15,53.17,105.08381,3231237,0.120569,81.66311,8.017515,0.0569,-0.0162
2013-05-17,泰格医药,sz300347,51.97,49.9,51.6,51.33,52.15,103.43147,2834133,0.105751,80.379036,7.891448,0.0396,-0.0052
2013-05-20,泰格医药,sz300347,53.32,49.96,51.22,53.15,51.33,107.09884,2979107,0.111161,83.22904,8.171255,0.0654,0.0376
2013-05-21,泰格医药,sz300347,53.77,52.32,52.8,53.16,53.15,107.11897,2206613,0.082336,83.24468,8.172791,0.0272,0.0068
2013-05-22,泰格医药,sz300347,53.05,50.42,53.05,50.58,53.16,101.92017,2433907,0.090817,79.204575,7.776141,0.0494,-0.0465
2013-05-23,泰格医药,sz300347,52.05,49.8,50.0,50.65,50.58,102.061226,1832743,0.068386,79.31419,7.786903,0.0444,0.0129
2013-05-24,泰格医药,sz300347,51.8,50.3,50.5,51.4,50.65,103.57255,1393327,0.05199,80.48868,7.902212,0.0296,0.0178
2013-05-27,泰格医药,sz300347,53.88,51.29,51.29,53.66,51.4,108.12653,3123134,0.116535,84.02768,8.249664,0.0503,0.0462
2013-05-28,泰格医药,sz300347,53.77,50.81,53.62,51.17,53.66,103.10914,2546514,0.095019,80.12855,7.866855,0.0551,-0.0456
2013-05-29,泰格医药,sz300347,51.5,50.14,51.0,50.94,51.17,102.64566,1564979,0.058395,79.768364,7.831493,0.0265,-0.0011
2013-05-30,泰格医药,sz300347,52.9,50.24,50.9,52.0,50.94,104.78162,1992141,0.074334,81.42827,7.994459,0.0522,0.0216
2013-05-31,泰格医药,sz300347,52.4,50.82,51.99,51.0,52.0,102.76656,1406728,0.05249,79.86232,7.840717,0.0303,-0.019
2013-06-03,泰格医药,sz300347,51.1,48.51,50.99,48.97,51.0,98.67604,1931663,0.072077,76.68348,7.528625,0.0507,-0.0396
2013-06-04,泰格医药,sz300347,48.8,45.9,48.8,46.6,48.97,93.90041,2334475,0.087107,72.97223,7.164262,0.0592,-0.045
2013-06-05,泰格医药,sz300347,47.22,45.99,46.5,46.86,46.6,94.424286,1248725,0.046594,73.37934,7.204232,0.0263,0.0077
2013-06-06,泰格医药,sz300347,46.89,46.1,46.47,46.45,46.86,93.59817,868743,0.032416,72.73734,7.141202,0.0168,-4.0E-4
2013-06-07,泰格医药,sz300347,47.37,46.25,46.57,47.22,46.45,95.14974,1343734,0.050139,73.943115,7.259582,0.0241,0.0139
2013-06-13,泰格医药,sz300347,46.61,44.0,46.61,45.01,47.22,90.69655,1281933,0.047833,70.48243,6.919819,0.0552,-0.0343
2013-06-14,泰格医药,sz300347,47.3,45.2,45.36,47.13,45.01,94.968445,1384099,0.051645,73.80222,7.245749,0.0466,0.039
2013-06-17,泰格医药,sz300347,51.8,47.07,47.14,51.1,47.13,102.96811,3214165,0.119932,80.01895,7.856095,0.1003,0.084
2013-06-18,泰格医药,sz300347,51.38,49.01,51.2,50.24,51.1,101.23516,1460072,0.05448,78.67223,7.723877,0.0463,-0.0187
2013-06-19,泰格医药,sz300347,49.73,47.8,49.52,48.55,50.24,97.82971,1384891,0.051675,76.02578,7.464053,0.0384,-0.0195
2013-06-20,泰格医药,sz300347,51.79,47.98,48.0,48.77,48.55,98.27297,2295218,0.085642,76.37025,7.497873,0.0784,0.016
2013-06-21,泰格医药,sz300347,51.5,45.0,47.59,50.89,48.77,102.5448,2570207,0.095903,79.68999,7.823798,0.1332,0.0693
2013-06-24,泰格医药,sz300347,52.5,49.37,51.23,52.11,50.89,105.00311,3384460,0.126286,81.600395,8.011358,0.0615,0.0171
2013-06-25,泰格医药,sz300347,55.49,50.7,51.5,54.84,52.11,110.50412,5040578,0.188081,85.87536,8.431065,0.0919,0.0648
2013-06-26,泰格医药,sz300347,56.56,53.81,54.84,55.61,54.84,112.0557,4264567,0.159126,87.08114,8.549446,0.0501,0.014
2013-06-27,泰格医药,sz300347,56.58,51.7,55.3,51.8,55.61,104.37843,3787038,0.141307,81.114944,7.963697,0.0877,-0.0632
2013-06-28,泰格医药,sz300347,52.5,49.88,51.5,50.41,51.8,101.577545,2989608,0.111553,78.93831,7.75,0.0505,-0.0211
2013-07-01,泰格医药,sz300347,53.28,50.0,50.4,53.1,50.41,106.997925,2192063,0.081793,83.15061,8.163555,0.065,0.0535
2013-07-02,泰格医药,sz300347,55.23,52.2,53.1,54.9,53.1,110.62494,2737365,0.10214,85.96925,8.440283,0.057,0.0338
2013-07-03,泰格医药,sz300347,56.44,52.85,54.01,54.8,54.9,110.42349,2563522,0.095654,85.8127,8.424913,0.0653,0.0146
2013-07-04,泰格医药,sz300347,59.5,53.83,54.49,56.1,54.8,113.04307,3784803,0.141224,87.848434,8.624778,0.1034,0.0295
2013-07-05,泰格医药,sz300347,57.17,53.7,55.75,53.7,56.1,108.20697,2027367,0.075648,84.090195,8.255801,0.0618,-0.0367
2013-07-08,泰格医药,sz300347,55.33,51.25,52.0,54.39,53.7,109.59732,1303866,0.048652,85.17067,8.36188,0.0759,0.0459
2013-07-09,泰格医药,sz300347,56.69,52.75,54.45,56.66,54.39,114.17148,2079788,0.077604,88.72535,8.710871,0.0724,0.0405
2013-07-10,泰格医药,sz300347,58.35,55.77,56.0,56.49,56.66,113.828964,1814409,0.067702,88.459175,8.684739,0.0455,0.0087
2013-07-11,泰格医药,sz300347,57.24,55.01,56.9,55.92,56.49,112.68043,1725291,0.064377,87.56662,8.59711,0.0394,-0.0172
2013-07-12,泰格医药,sz300347,58.65,55.55,55.8,57.6,55.92,116.06569,2325708,0.08678,90.19739,8.855393,0.0554,0.0322
2013-07-15,泰格医药,sz300347,62.4,57.26,57.6,62.4,57.6,125.737785,3056691,0.114056,97.713806,9.593339,0.0892,0.0833
2013-07-16,泰格医药,sz300347,62.95,60.68,62.3,61.97,62.4,124.87133,1538074,0.057391,97.04046,9.527231,0.0363,-0.0052
2013-07-17,泰格医药,sz300347,64.96,61.27,61.97,61.69,61.97,124.30716,2105091,0.078548,96.60203,9.484187,0.0595,-0.0045
2013-07-18,泰格医药,sz300347,64.54,60.51,61.29,62.99,61.69,126.92668,1636831,0.061076,98.637726,9.684048,0.0653,0.0277
2013-07-19,泰格医药,sz300347,65.23,62.0,62.99,62.0,62.99,124.93178,2255167,0.084148,97.08743,9.531843,0.0512,-0.0157
2013-07-22,泰格医药,sz300347,63.97,60.04,61.01,63.82,62.0,128.59915,1348387,0.050313,99.93744,9.811651,0.0633,0.046
2013-07-23,泰格医药,sz300347,65.8,63.4,63.4,65.21,63.82,131.40004,1456934,0.054363,102.114075,10.025348,0.0376,0.0285
2013-07-24,泰格医药,sz300347,67.25,64.77,65.2,67.25,65.21,135.51076,1249546,0.046625,105.30861,10.338981,0.038,0.0314
2013-07-25,泰格医药,sz300347,67.88,62.0,67.48,63.9,67.25,128.76042,1903551,0.071028,100.06277,9.823955,0.0874,-0.053
2013-07-26,泰格医药,sz300347,64.99,61.8,63.02,63.5,63.9,127.954384,1581642,0.059016,99.43637,9.762457,0.0499,0.0076
2013-07-29,泰格医药,sz300347,62.89,59.8,62.87,59.98,63.5,120.86149,1480827,0.055255,93.92432,9.221295,0.0486,-0.0459
2013-07-30,泰格医药,sz300347,60.96,57.4,59.96,57.86,59.98,116.58964,1422044,0.053061,90.60456,8.895368,0.0593,-0.035
2013-07-31,泰格医药,sz300347,59.7,57.88,58.0,59.18,57.86,119.24952,891573,0.033268,92.671616,9.098307,0.0314,0.0203
2013-08-01,泰格医药,sz300347,62.5,58.0,58.9,61.94,59.18,124.81096,1185932,0.044251,96.993546,9.522625,0.076,0.0516
2013-08-02,泰格医药,sz300347,63.65,60.81,61.9,61.38,61.94,123.68254,1142738,0.042639,96.11662,9.436531,0.0458,-0.0084
2013-08-05,泰格医药,sz300347,63.35,60.38,60.82,63.15,61.38,127.249176,1118548,0.041737,98.888336,9.708652,0.0483,0.0383
2013-08-06,泰格医药,sz300347,63.0,60.01,62.63,61.31,63.15,123.54151,2097918,0.078281,96.00703,9.425771,0.0473,-0.021
2013-08-07,泰格医药,sz300347,60.6,56.0,60.35,56.67,61.31,114.19177,3651264,0.136241,88.74112,8.71242,0.075,-0.0609
2013-08-08,泰格医药,sz300347,58.47,55.61,56.49,57.98,56.67,116.83143,1607759,0.059991,90.79246,8.913816,0.0504,0.0263
2013-08-09,泰格医药,sz300347,58.28,55.82,57.81,56.86,57.98,114.57459,1379983,0.051492,89.03862,8.741628,0.0424,-0.0164
2013-08-12,泰格医药,sz300347,57.48,56.08,56.7,57.31,56.86,115.48134,1142017,0.042613,89.74327,8.810809,0.0246,0.0107
2013-08-13,泰格医药,sz300347,58.43,56.5,57.31,57.45,57.31,115.76346,938041,0.035002,89.96252,8.832334,0.0336,0.0024
2013-08-14,泰格医药,sz300347,57.89,56.6,57.7,56.8,57.45,114.45371,763062,0.028472,88.94468,8.732405,0.0224,-0.0155
2013-08-15,泰格医药,sz300347,57.5,55.6,57.45,55.75,56.8,112.33792,790759,0.029506,87.30045,8.570977,0.0334,-0.0295
2013-08-16,泰格医药,sz300347,56.39,54.01,55.5,54.1,55.75,109.01317,1230938,0.045931,84.716705,8.317311,0.0426,-0.0252
2013-08-19,泰格医药,sz300347,57.58,53.5,53.91,57.37,54.1,115.602356,1576334,0.027967,89.83732,8.820042,0.0754,0.0641
2013-08-20,泰格医药,sz300347,57.95,56.43,56.95,57.61,57.37,116.08592,1502734,0.026662,90.21311,8.856937,0.0264,0.0115
2013-08-21,泰格医药,sz300347,57.3,54.89,57.11,54.9,57.61,110.625244,2047627,0.036329,85.96949,8.440306,0.0418,-0.0386
2013-08-22,泰格医药,sz300347,55.22,53.85,54.19,53.99,54.9,108.79152,1927842,0.034204,84.54446,8.3004,0.0249,-0.0036
2013-08-23,泰格医药,sz300347,54.8,53.36,54.48,53.67,53.99,108.146706,2142894,0.038019,84.043365,8.251203,0.0266,-0.0148
2013-08-26,泰格医药,sz300347,55.36,53.7,54.01,54.7,53.67,110.22215,1791261,0.031781,85.656235,8.409552,0.0309,0.0127
2013-08-27,泰格医药,sz300347,55.01,54.0,54.5,54.14,54.7,109.0937,1060549,0.018816,84.77929,8.323455,0.0184,-0.0066
2013-08-28,泰格医药,sz300347,54.53,53.2,54.14,53.24,54.14,107.28013,1643453,0.029158,83.36992,8.185086,0.0245,-0.0166
2013-08-29,泰格医药,sz300347,53.43,51.5,53.24,51.69,53.24,104.156876,1739244,0.030858,80.94277,7.946794,0.0362,-0.0291
2013-08-30,泰格医药,sz300347,51.52,49.91,51.47,50.87,51.69,102.50453,1700447,0.030169,79.65869,7.820726,0.0311,-0.0116
2013-09-02,泰格医药,sz300347,53.3,50.5,50.5,53.27,50.87,107.34059,1453325,0.025785,83.41691,8.1897,0.055,0.0548
2013-09-03,泰格医药,sz300347,54.44,52.78,53.34,53.0,53.27,106.796486,1363611,0.024193,82.99407,8.148186,0.0311,-0.0063
2013-09-04,泰格医药,sz300347,52.8,51.45,52.79,51.89,53.0,104.559845,1619513,0.028733,81.25593,7.977539,0.0254,-0.017
2013-09-05,泰格医药,sz300347,54.23,51.7,51.93,53.42,51.89,107.64279,1602365,0.028429,83.65176,8.212756,0.0487,0.0286
2013-09-06,泰格医药,sz300347,55.57,53.1,53.2,55.29,53.42,111.410934,1933295,0.034301,86.58007,8.500252,0.0462,0.0392
2013-09-09,泰格医药,sz300347,55.56,52.95,55.31,53.4,55.29,107.60258,1318022,0.023384,83.62051,8.209688,0.0472,-0.0345
2013-09-10,泰格医药,sz300347,53.8,51.8,53.4,52.13,53.4,105.043465,1056323,0.018741,81.63176,8.014437,0.0374,-0.0237
2013-09-11,泰格医药,sz300347,52.49,49.91,51.68,50.88,52.13,102.52463,1359934,0.024128,79.67431,7.822259,0.0494,-0.0154
2013-09-12,泰格医药,sz300347,52.5,50.75,51.0,51.15,50.88,103.068726,693749,0.012309,80.09714,7.863772,0.0343,0.0029
2013-09-13,泰格医药,sz300347,51.87,50.2,51.14,51.8,51.15,104.378525,947937,0.016818,81.11501,7.963704,0.0326,0.0129
2013-09-16,泰格医药,sz300347,54.6,51.6,51.8,54.45,51.8,109.71832,1952169,0.034635,85.264694,8.371112,0.0579,0.0511
2013-09-18,泰格医药,sz300347,59.9,55.1,56.0,57.82,54.45,116.50901,3601582,0.063899,90.5419,8.889216,0.0881,0.0325
2013-09-23,泰格医药,sz300347,59.49,55.98,56.9,59.03,57.82,118.94719,2805079,0.049768,92.43667,9.075241,0.0607,0.0374
2013-09-24,泰格医药,sz300347,61.9,57.8,58.8,60.62,59.03,122.15103,1967391,0.034905,94.92645,9.319683,0.0694,0.0309
2013-09-25,泰格医药,sz300347,62.0,59.02,60.66,61.8,60.62,124.528824,1732187,0.030733,96.77429,9.5011,0.0491,0.0187
2013-09-26,泰格医药,sz300347,65.48,60.62,61.8,62.3,61.8,125.536385,1928271,0.034211,97.55729,9.577973,0.0786,0.008
2013-09-27,泰格医药,sz300347,63.44,60.88,61.8,61.59,62.3,124.105774,1771098,0.031423,96.445526,9.468822,0.041,-0.0033
2013-09-30,泰格医药,sz300347,64.6,61.35,61.5,63.75,61.59,128.45828,1013653,0.017984,99.82797,9.800903,0.0527,0.0365
2013-10-08,泰格医药,sz300347,63.66,61.03,63.0,61.4,63.75,123.72293,1111474,0.01972,96.14801,9.439613,0.0412,-0.0253
2013-10-09,泰格医药,sz300347,62.06,60.9,61.13,61.3,61.4,123.521385,976918,0.017333,95.99139,9.424236,0.0188,0.0027
2013-10-10,泰格医药,sz300347,62.0,58.92,61.97,60.06,61.3,121.0228,1387847,0.024623,94.049675,9.233602,0.0502,-0.0308
2013-10-11,泰格医药,sz300347,61.19,59.15,60.12,60.47,60.06,121.84902,790985,0.014034,94.69175,9.29664,0.0339,0.0058
2013-10-14,泰格医药,sz300347,62.96,60.65,61.0,62.4,60.47,125.738075,853242,0.015138,97.71403,9.593361,0.0382,0.0229
2013-10-15,泰格医药,sz300347,66.8,62.98,63.6,63.11,62.4,127.168724,1684554,0.029887,98.82581,9.702514,0.0612,-0.0077
2013-10-16,泰格医药,sz300347,64.88,60.82,63.1,63.45,63.11,127.85378,1657624,0.02941,99.35819,9.754782,0.0643,0.0055
2013-10-17,泰格医药,sz300347,64.39,61.9,63.2,62.04,63.45,125.01261,815408,0.014467,97.15025,9.538011,0.0392,-0.0183
2013-10-18,泰格医药,sz300347,62.75,60.98,61.8,61.0,62.04,122.91702,748354,0.013277,95.52172,9.378125,0.0285,-0.0129
2013-10-21,泰格医药,sz300347,63.63,60.52,61.2,63.09,61.0,127.12841,1030202,0.018278,98.79449,9.699438,0.0509,0.0308
2013-10-22,泰格医药,sz300347,64.85,61.2,63.0,61.39,63.09,123.702805,1110730,0.019707,96.13237,9.438077,0.0578,-0.0255
2013-10-23,泰格医药,sz300347,61.22,58.6,61.03,58.87,61.39,118.62493,1310901,0.023258,92.18623,9.050654,0.0426,-0.0353
2013-10-24,泰格医药,sz300347,60.52,58.6,58.6,59.52,58.87,119.93467,597620,0.010603,93.20406,9.150582,0.0326,0.0156
2013-10-25,泰格医药,sz300347,60.19,57.16,59.6,57.85,59.52,116.56954,883989,0.015684,69.65826,8.645357,0.0509,-0.0293
2013-10-28,泰格医药,sz300347,58.5,56.6,57.75,57.84,57.85,116.54938,652452,0.011576,69.64621,8.643861,0.0328,0.0015
2013-10-29,泰格医药,sz300347,58.88,54.75,58.1,57.16,57.84,115.17911,815951,0.014477,68.82738,8.542235,0.0714,-0.0161
2013-10-30,泰格医药,sz300347,58.35,56.5,57.18,57.55,57.16,115.96497,485306,0.00861,69.29699,8.600519,0.0323,0.0064
2013-10-31,泰格医药,sz300347,58.2,57.02,57.56,57.3,57.55,115.46122,365187,0.006479,68.995964,8.563158,0.0205,-0.0045
2013-11-01,泰格医药,sz300347,59.57,56.45,56.5,59.49,57.3,119.874146,835024,0.014815,71.63299,8.890442,0.0544,0.0529
2013-11-04,泰格医药,sz300347,60.6,58.51,59.0,60.6,59.49,122.11088,725995,0.012881,72.96959,9.056329,0.0351,0.0271
2013-11-05,泰格医药,sz300347,60.75,59.62,60.13,60.0,60.6,120.901855,413563,0.007337,72.247116,8.966662,0.0186,-0.0021
2013-11-06,泰格医药,sz300347,59.98,57.2,59.9,57.7,60.0,116.26733,1034817,0.01836,69.47767,8.622943,0.0463,-0.0367
2013-11-07,泰格医药,sz300347,58.59,57.25,57.5,57.71,57.7,116.287445,357750,0.006347,69.489685,8.624435,0.0232,0.0036
2013-11-08,泰格医药,sz300347,58.29,57.0,57.5,57.73,57.71,116.3278,303796,0.00539,69.5138,8.627428,0.0223,0.0039
2013-11-11,泰格医药,sz300347,58.2,56.6,57.58,57.7,57.73,116.2673,414648,0.007357,69.47765,8.622942,0.0277,0.002
2013-11-12,泰格医药,sz300347,59.09,57.65,57.93,58.34,57.7,117.55694,767701,0.013621,70.2483,8.718587,0.0249,0.007
2013-11-13,泰格医药,sz300347,58.58,56.98,58.35,57.26,58.34,115.38073,454480,0.008063,68.94786,8.557189,0.0274,-0.0186
2013-11-14,泰格医药,sz300347,59.45,57.1,57.1,58.6,57.26,118.080864,732733,0.013,70.56138,8.757444,0.041,0.0262
2013-11-15,泰格医药,sz300347,60.5,58.65,58.65,59.95,58.6,120.801216,617795,0.010961,72.18697,8.959198,0.0315,0.0221
2013-11-18,泰格医药,sz300347,63.88,60.1,60.1,62.99,59.95,126.92692,1594834,0.028296,75.8475,9.41351,0.063,0.048
2013-11-19,泰格医药,sz300347,64.9,62.3,62.85,62.6,62.99,126.14111,824730,0.014632,75.37793,9.355231,0.0412,-0.0039
2013-11-20,泰格医药,sz300347,62.98,61.62,62.3,62.0,62.6,124.93205,659435,0.0117,74.65543,9.265561,0.0217,-0.0048
2013-11-21,泰格医药,sz300347,62.98,60.66,62.11,61.14,62.0,123.19912,586884,0.010413,73.61989,9.137039,0.0374,-0.0156
2013-11-22,泰格医药,sz300347,61.66,60.67,61.15,61.46,61.14,123.84395,434825,0.007715,74.00521,9.184862,0.0161,0.005
2013-11-25,泰格医药,sz300347,62.69,60.34,61.3,62.2,61.46,125.33503,633126,0.011233,74.89623,9.295448,0.0382,0.0146
2013-11-26,泰格医药,sz300347,63.55,61.72,62.07,62.31,62.2,125.55662,923723,0.016389,75.02865,9.311882,0.0294,0.0038
2013-11-27,泰格医药,sz300347,64.01,61.82,62.02,63.2,62.31,127.349945,1164307,0.020657,76.10029,9.444883,0.0351,0.019
2013-11-28,泰格医药,sz300347,65.9,63.3,63.35,65.65,63.2,132.28679,1309608,0.023235,79.05039,9.811024,0.0411,0.0363
2013-11-29,泰格医药,sz300347,66.75,64.51,65.68,66.35,65.65,133.69737,1217462,0.0216,79.8933,9.915639,0.0341,0.0102
2013-12-02,泰格医药,sz300347,64.1,59.72,62.0,59.72,66.35,120.337654,2150759,0.038159,71.909966,8.924819,0.066,-0.0367
2013-12-03,泰格医药,sz300347,62.27,57.51,58.61,62.2,59.72,125.33492,1474173,0.026155,74.89617,9.29544,0.0797,0.0612
2013-12-04,泰格医药,sz300347,63.19,59.5,61.91,59.6,62.2,120.095795,1182143,0.020974,71.765434,8.906881,0.0593,-0.0373
2013-12-05,泰格医药,sz300347,59.1,56.07,59.1,56.09,59.6,113.022995,1658117,0.029418,67.538956,8.382328,0.0508,-0.0509
2013-12-06,泰格医药,sz300347,56.0,54.5,56.0,55.01,56.09,110.84673,1384620,0.024566,66.238495,8.220926,0.0267,-0.0176
2013-12-09,泰格医药,sz300347,56.69,55.01,55.01,56.6,55.01,114.05065,742669,0.013176,68.153046,8.458544,0.0305,0.0289
2013-12-10,泰格医药,sz300347,58.17,56.6,56.92,57.0,56.6,114.85664,663105,0.011765,68.63469,8.51832,0.0277,0.0014
2013-12-11,泰格医药,sz300347,57.37,55.53,57.0,56.18,57.0,113.204315,468410,0.008311,67.64731,8.395776,0.0322,-0.0143
2013-12-12,泰格医药,sz300347,57.71,55.08,56.12,57.1,56.18,115.05815,521766,0.009257,68.7551,8.533265,0.0468,0.0174
2013-12-13,泰格医药,sz300347,57.47,56.63,56.77,57.28,57.1,115.420815,336232,0.005965,68.97182,8.560162,0.0147,0.0089
2013-12-16,泰格医药,sz300347,58.1,56.9,57.28,57.3,57.28,115.4611,365544,0.006485,68.99589,8.563149,0.0209,3.0E-4
2013-12-17,泰格医药,sz300347,60.5,57.11,57.11,60.0,57.3,120.90163,1003130,0.017798,72.24697,8.966645,0.0591,0.0506
2013-12-18,泰格医药,sz300347,60.38,58.6,59.8,59.09,60.0,119.06791,366952,0.00651,71.15121,8.830648,0.0296,-0.0118
2013-12-19,泰格医药,sz300347,60.8,58.83,59.5,59.98,59.09,120.86131,645513,0.011453,72.222885,8.963655,0.0333,0.008
2013-12-20,泰格医药,sz300347,61.45,59.25,59.99,59.6,59.98,120.09565,641672,0.011385,71.76535,8.90687,0.0366,-0.0065
2013-12-23,泰格医药,sz300347,61.18,59.49,59.49,60.71,59.6,122.33231,783740,0.013905,73.101906,9.072752,0.0283,0.0205
2013-12-24,泰格医药,sz300347,63.0,60.58,60.58,61.2,60.71,123.31966,869166,0.015421,73.69192,9.145978,0.0398,0.0102
2013-12-25,泰格医药,sz300347,62.77,61.53,62.2,62.5,61.2,125.93922,704099,0.012492,75.25728,9.340257,0.0202,0.0048
2013-12-26,泰格医药,sz300347,62.9,60.8,62.49,61.39,62.5,123.70254,642815,0.011405,73.92071,9.174374,0.0336,-0.0176
2013-12-27,泰格医药,sz300347,63.31,60.68,61.12,62.97,61.39,126.88627,613138,0.010878,75.823204,9.410495,0.0428,0.0302
2013-12-30,泰格医药,sz300347,64.3,62.72,62.72,63.0,62.97,126.94666,658196,0.011678,75.8593,9.414974,0.025,0.0044
2013-12-31,泰格医药,sz300347,64.2,61.13,62.78,63.6,63.0,128.1557,763620,0.013549,76.58178,9.504642,0.0487,0.013
2014-01-02,泰格医药,sz300347,64.18,63.22,63.61,63.7,63.6,128.35716,470391,0.008346,76.70217,9.519584,0.015,0.0014
2014-01-03,泰格医药,sz300347,63.67,62.15,63.59,62.41,63.7,125.757805,441013,0.007825,75.14887,9.326803,0.0238,-0.0185
2014-01-06,泰格医药,sz300347,63.97,61.64,62.29,63.0,62.41,126.94672,701032,0.012438,75.85933,9.414978,0.0373,0.0113
2014-01-07,泰格医药,sz300347,66.0,61.8,62.82,65.61,63.0,132.206,1445457,0.025646,79.002106,9.805031,0.0666,0.0444
2014-01-08,泰格医药,sz300347,69.33,65.92,65.92,68.22,65.61,137.46529,1972760,0.035002,82.14489,10.195085,0.0519,0.0348
2014-01-09,泰格医药,sz300347,69.17,67.5,68.4,68.08,68.22,137.1832,1065672,0.018908,81.976326,10.174165,0.0244,-0.0046
2014-01-10,泰格医药,sz300347,70.19,65.7,67.38,65.99,68.08,132.97182,1212958,0.021521,79.45974,9.861828,0.0659,-0.0206
2014-05-07,泰格医药,sz300347,36.07,32.0,34.1,33.0,65.99,133.79797,7467063,0.064128,71.71184,9.156522,0.0616,-0.0322
2014-05-08,泰格医药,sz300347,34.29,31.06,33.1,33.35,33.0,135.21703,3913945,0.033613,72.47241,9.253636,0.0978,0.0075
2014-05-09,泰格医药,sz300347,33.15,30.02,33.02,30.02,33.35,121.71561,4513520,0.038762,65.23604,8.329661,0.0938,-0.0908
2014-05-12,泰格医药,sz300347,29.94,28.0,29.25,29.0,30.02,117.58008,4994012,0.042889,63.019516,8.046644,0.0646,-0.0085
2014-05-13,泰格医药,sz300347,29.35,28.55,28.75,28.65,29.0,116.161,2079552,0.017859,62.258934,7.949529,0.0275,-0.0034
2014-05-14,泰格医药,sz300347,29.85,28.42,28.67,29.54,28.65,119.76955,2160853,0.018558,64.19301,8.196481,0.0499,0.0303
2014-05-15,泰格医药,sz300347,30.65,29.14,29.54,29.87,29.54,121.10749,2399559,0.020608,64.91011,8.288044,0.0511,0.0111
2014-05-16,泰格医药,sz300347,29.95,27.03,29.85,27.81,29.87,112.755196,3202900,0.027507,60.433517,7.716451,0.0977,-0.0683
2014-05-19,泰格医药,sz300347,28.48,26.55,27.6,28.3,27.81,114.741936,1304181,0.0112,61.498356,7.852415,0.0693,0.0253
2014-05-20,泰格医药,sz300347,29.4,28.35,28.68,28.55,28.3,115.75557,1177384,0.010111,62.04163,7.921783,0.0371,-0.0045
2014-05-21,泰格医药,sz300347,29.05,28.07,28.4,28.54,28.55,115.71506,1189348,0.010214,62.019917,7.91901,0.0343,0.0049
2014-05-22,泰格医药,sz300347,30.34,28.55,28.55,29.41,28.54,119.242516,2840126,0.024391,63.910534,8.160413,0.0627,0.0301
2014-05-23,泰格医药,sz300347,30.18,28.88,29.15,30.1,29.41,122.04006,2467217,0.021189,65.409935,8.351865,0.0442,0.0325
2014-05-26,泰格医药,sz300347,32.5,29.85,29.85,32.03,30.1,129.86526,2558235,0.02197,69.60402,8.887386,0.088,0.073
2014-05-27,泰格医药,sz300347,32.39,31.0,32.39,31.75,32.03,128.72998,2537515,0.021792,68.995544,8.809693,0.0433,-0.0197
2014-05-28,泰格医药,sz300347,32.8,31.22,31.65,32.79,31.75,132.94667,2574966,0.022114,71.25556,9.098263,0.0497,0.036
2014-05-29,泰格医药,sz300347,33.98,32.18,32.6,32.77,32.79,132.86557,2867829,0.024629,71.2121,9.092713,0.0548,0.0052
2014-05-30,泰格医药,sz300347,33.25,31.68,32.93,31.88,32.77,129.25708,1807933,0.015527,69.278046,8.845764,0.0479,-0.0318
2014-06-03,泰格医药,sz300347,32.25,31.13,32.04,31.3,31.88,126.9055,1237004,0.010623,68.01767,8.684833,0.0351,-0.023
2014-06-04,泰格医药,sz300347,31.58,30.7,31.32,31.0,31.3,125.68911,1118558,0.009606,67.36572,8.601589,0.0281,-0.0102
2014-06-05,泰格医药,sz300347,31.36,30.33,31.11,31.05,31.0,125.891846,1476734,0.012682,67.47438,8.615463,0.0332,-0.0019
2014-06-06,泰格医药,sz300347,31.49,30.81,31.19,31.39,31.05,127.27036,1226391,0.010532,68.21323,8.709803,0.0219,0.0064
2014-06-09,泰格医药,sz300347,31.22,29.85,31.22,29.98,31.39,121.553505,2772725,0.023812,65.149155,8.318567,0.0436,-0.0397
2014-06-10,泰格医药,sz300347,30.68,29.68,30.11,30.58,29.98,123.98615,1257515,0.0108,66.45299,8.485047,0.0333,0.0156
2014-06-11,泰格医药,sz300347,31.38,30.25,30.6,30.83,30.58,124.99974,1256545,0.010791,66.99624,8.554412,0.0369,0.0075
2014-06-12,泰格医药,sz300347,32.27,31.06,31.28,31.87,30.83,129.21635,2548937,0.02189,69.256226,8.842978,0.0392,0.0188
2014-06-13,泰格医药,sz300347,32.59,31.65,31.65,32.38,31.87,131.28421,1864648,0.016014,70.36453,8.984492,0.0294,0.023
2014-06-16,泰格医药,sz300347,33.1,32.08,32.36,32.33,32.38,131.0815,1012952,0.008699,70.25589,8.97062,0.0315,-9.0E-4
2014-06-17,泰格医药,sz300347,32.56,31.75,32.35,31.8,32.33,128.93268,889339,0.007638,69.10419,8.823565,0.025,-0.017
2014-06-18,泰格医药,sz300347,32.35,31.41,31.8,31.45,31.8,127.51365,785428,0.006745,68.34362,8.726452,0.0295,-0.011
2014-06-19,泰格医药,sz300347,32.1,30.6,31.3,30.7,31.45,124.47283,994868,0.008544,66.71384,8.518353,0.0476,-0.0191
2014-06-20,泰格医药,sz300347,31.38,30.2,30.68,31.22,30.7,126.581154,853792,0.007332,67.843834,8.662637,0.0384,0.0176
2014-06-23,泰格医药,sz300347,32.77,31.27,31.27,32.4,31.22,131.36542,1511303,0.012979,70.40806,8.99005,0.048,0.0361
2014-06-24,泰格医药,sz300347,33.8,32.3,32.3,33.56,32.4,136.06856,2097349,0.018012,72.92881,9.311911,0.0462,0.039
2014-06-25,泰格医药,sz300347,33.65,32.72,33.0,33.42,33.56,135.50089,1427344,0.012258,72.62455,9.273062,0.0277,0.0127
2014-06-26,泰格医药,sz300347,34.68,33.49,33.5,34.0,33.42,137.85251,1967780,0.016899,73.88495,9.433996,0.0356,0.0149
2014-06-27,泰格医药,sz300347,34.27,33.29,33.93,33.32,34.0,135.09544,1678515,0.014415,72.40725,9.245316,0.0288,-0.0179
2014-06-30,泰格医药,sz300347,34.15,33.14,33.14,33.5,33.32,135.82524,1659867,0.014255,72.79839,9.295259,0.0303,0.0108
2014-07-01,泰格医药,sz300347,34.95,32.9,33.35,34.95,33.5,141.7043,1970985,0.016927,75.949394,9.697595,0.0611,0.0479
2014-07-02,泰格医药,sz300347,35.5,34.05,35.0,34.75,34.95,140.89346,1782650,0.01531,75.51482,9.642106,0.0414,-0.0071
2014-07-03,泰格医药,sz300347,37.21,34.2,34.65,36.82,34.75,149.28621,3050060,0.026194,80.013084,10.216467,0.0866,0.0626
2014-07-04,泰格医药,sz300347,37.18,35.8,36.66,36.5,36.82,147.98875,2539745,0.021811,79.31769,10.127675,0.0374,-0.0043
2014-07-07,泰格医药,sz300347,36.81,34.9,36.81,35.01,36.5,141.94756,2120026,0.018207,76.07978,9.714243,0.0523,-0.0488
2014-07-08,泰格医药,sz300347,35.37,34.03,34.98,35.2,35.01,142.71791,2057268,0.017668,76.49267,9.766963,0.0382,0.0062
2014-07-09,泰格医药,sz300347,35.47,34.19,35.1,34.2,35.2,138.66344,1254357,0.010772,74.31959,9.489493,0.0363,-0.0256
2014-07-10,泰格医药,sz300347,34.74,33.35,34.25,33.4,34.2,135.41983,2008892,0.017252,72.5811,9.267515,0.0406,-0.0248
2014-07-11,泰格医药,sz300347,34.64,33.22,33.62,33.78,33.4,136.9605,1671623,0.014356,73.40686,9.372951,0.0425,0.0047
2014-07-14,泰格医药,sz300347,32.96,30.55,32.51,31.7,33.78,128.52715,5538713,0.047567,68.88683,8.795812,0.0713,-0.0249
2014-07-15,泰格医药,sz300347,32.15,31.1,31.16,31.22,31.7,126.58099,1847868,0.01587,67.84374,8.662626,0.0331,0.0019
2014-07-16,泰格医药,sz300347,31.65,29.8,31.0,29.95,31.22,121.43181,2636583,0.022643,65.08393,8.310239,0.0592,-0.0338
2014-07-17,泰格医药,sz300347,30.6,29.9,30.17,30.48,29.95,123.580666,1361156,0.01169,66.23566,8.457297,0.0233,0.0102
2014-07-18,泰格医药,sz300347,31.29,30.03,30.22,31.05,30.48,125.89175,1547249,0.013288,67.47433,8.615457,0.0413,0.0274
2014-07-21,泰格医药,sz300347,31.38,30.7,30.98,31.28,31.05,126.82423,823001,0.007068,67.97411,8.679271,0.0219,0.0096
2014-07-22,泰格医药,sz300347,31.45,30.8,31.27,31.0,31.28,125.68902,1183360,0.010163,67.36568,8.601583,0.0207,-0.0086
2014-07-23,泰格医药,sz300347,31.22,28.68,31.0,28.87,31.0,117.05293,3806721,0.032692,62.73698,8.010568,0.0819,-0.0687
2014-07-24,泰格医药,sz300347,29.5,28.41,28.7,29.2,28.87,118.39096,1625432,0.013959,63.454124,8.102137,0.0377,0.0174
2014-07-25,泰格医药,sz300347,30.0,29.0,29.0,29.89,29.2,121.18854,1065173,0.009148,64.953545,8.293591,0.0342,0.0306
2014-07-28,泰格医药,sz300347,31.48,29.75,30.1,31.2,29.89,126.49987,1729399,0.014852,67.80026,8.657074,0.0578,0.0365
2014-07-29,泰格医药,sz300347,31.5,30.83,31.2,31.04,31.2,125.85118,1124079,0.009654,67.45258,8.61268,0.0214,-0.0051
2014-07-30,泰格医药,sz300347,31.15,30.53,31.04,30.69,31.04,124.43208,1572998,0.013509,66.69199,8.515564,0.0199,-0.0112
2014-07-31,泰格医药,sz300347,31.04,30.15,30.96,31.01,30.69,125.72953,946104,0.008125,67.38739,8.604355,0.0289,0.0016
2014-08-01,泰格医药,sz300347,31.47,30.7,31.05,30.77,31.01,124.756516,1527422,0.013118,66.865875,8.537766,0.0248,-0.009
2014-08-04,泰格医药,sz300347,30.92,30.3,30.77,30.5,30.77,123.66177,1298239,0.011149,66.27913,8.462847,0.0201,-0.0087
2014-08-05,泰格医药,sz300347,30.5,29.28,30.5,30.19,30.5,122.40488,2045454,0.017566,65.60547,8.376831,0.0399,-0.0101
2014-08-06,泰格医药,sz300347,30.33,29.84,30.12,30.31,30.19,122.89143,1593522,0.013685,65.86625,8.410129,0.0162,0.0063
2014-08-07,泰格医药,sz300347,30.44,29.8,30.27,29.83,30.31,120.94533,1216120,0.010444,64.82319,8.276946,0.0211,-0.0145
2014-08-08,泰格医药,sz300347,30.24,29.6,29.89,30.0,29.83,121.6346,1571130,0.013493,62.811966,8.397316,0.0214,0.0036
2014-08-11,泰格医药,sz300347,30.96,30.03,30.14,30.95,30.0,125.4864,2592084,0.022261,64.80103,8.663234,0.0309,0.0268
2014-08-12,泰格医药,sz300347,31.37,30.7,31.1,30.81,30.95,124.91882,1791181,0.015383,64.507935,8.62405,0.0216,-0.0093
2014-08-13,泰格医药,sz300347,31.0,29.61,30.8,30.03,30.81,121.75638,2625178,0.022545,62.874855,8.405724,0.0451,-0.0249
2014-08-14,泰格医药,sz300347,30.6,29.8,30.08,30.03,30.03,121.75638,3711487,0.031874,62.874855,8.405724,0.0266,-0.0016
2014-08-15,泰格医药,sz300347,30.23,29.8,29.83,30.0,30.03,121.63474,2447521,0.021019,62.812042,8.397326,0.0143,0.0056
2014-08-18,泰格医药,sz300347,30.9,29.85,30.02,30.71,30.0,124.51347,4062387,0.034888,64.298615,8.596066,0.0349,0.0229
2014-08-19,泰格医药,sz300347,31.62,30.74,31.0,31.28,30.71,126.82457,4387425,0.037679,65.492065,8.755618,0.0286,0.009
2014-08-20,泰格医药,sz300347,31.55,31.0,31.55,31.42,31.28,127.392235,2735718,0.023495,65.7852,8.794808,0.0175,-0.0041
2014-08-21,泰格医药,sz300347,31.62,31.11,31.47,31.55,31.42,127.91926,2462393,0.021147,66.05736,8.831192,0.0162,0.0025
2014-08-22,泰格医药,sz300347,32.36,31.7,31.7,32.36,31.55,131.20346,3207143,0.027543,67.75331,9.057924,0.0209,0.0208
2014-08-25,泰格医药,sz300347,33.36,32.07,32.36,32.63,32.36,132.29822,4551979,0.039093,68.31865,9.133503,0.0398,0.0083
2014-08-26,泰格医药,sz300347,32.59,31.28,32.57,31.61,32.63,128.16257,2472443,0.021233,66.18301,8.84799,0.0401,-0.0294
2014-08-27,泰格医药,sz300347,31.86,31.25,31.39,31.45,31.61,127.51382,1275821,0.010957,65.84799,8.803201,0.0192,0.0019
2014-08-28,泰格医药,sz300347,31.58,30.12,31.45,30.45,31.45,123.45926,1775038,0.015244,63.75422,8.523286,0.0464,-0.0317
2014-08-29,泰格医药,sz300347,32.45,30.45,30.48,32.05,30.45,129.94643,2005206,0.017221,67.10419,8.971142,0.0656,0.0515
2014-09-01,泰格医药,sz300347,32.56,31.81,32.05,32.35,32.05,131.16272,2096981,0.018009,67.732285,9.055112,0.0234,0.0093
2014-09-02,泰格医药,sz300347,32.66,32.12,32.54,32.34,32.35,131.1222,1934416,0.016613,67.71135,9.052314,0.0166,-0.0061
2014-09-03,泰格医药,sz300347,32.96,32.12,32.48,32.89,32.34,133.35219,2379683,0.020437,68.86292,9.206267,0.0259,0.0126
2014-09-04,泰格医药,sz300347,32.92,32.4,32.92,32.8,32.89,132.98734,1758761,0.015104,68.67451,9.181078,0.0158,-0.0036
2014-09-05,泰格医药,sz300347,32.84,32.01,32.84,32.29,32.8,130.91951,2462991,0.021152,67.60669,9.038322,0.0253,-0.0167
2014-09-09,泰格医药,sz300347,32.93,32.1,32.2,32.5,32.29,131.77101,2802894,0.024071,68.0464,9.097107,0.0257,0.0093
2014-09-10,泰格医药,sz300347,33.38,32.4,32.4,33.2,32.5,134.6091,2936972,0.025223,69.511986,9.29304,0.0301,0.0246
2014-09-11,泰格医药,sz300347,33.34,32.5,33.22,32.68,33.2,132.50072,3112126,0.026727,68.42322,9.147483,0.0253,-0.0162
2014-09-12,泰格医药,sz300347,33.44,32.41,32.68,33.39,32.68,135.37943,2728489,0.023432,69.90978,9.346222,0.0315,0.0217
2014-09-15,泰格医药,sz300347,35.14,33.45,33.5,34.78,33.39,141.01514,4849179,0.041645,72.82006,9.735296,0.0506,0.0382
2014-09-16,泰格医药,sz300347,34.7,32.78,34.7,32.84,34.78,133.14946,3817823,0.032788,68.758224,9.19227,0.0552,-0.0536
2014-09-17,泰格医药,sz300347,33.85,32.32,32.81,33.76,32.84,136.87964,3209152,0.02756,70.68449,9.449792,0.0465,0.0289
2014-09-18,泰格医药,sz300347,34.6,33.14,33.76,34.1,33.76,138.25815,2695799,0.023152,71.396355,9.544961,0.0432,0.01
2014-09-19,泰格医药,sz300347,34.65,34.0,34.15,34.22,34.1,138.74469,1845942,0.015853,71.6476,9.57855,0.019,0.002
2014-09-22,泰格医药,sz300347,34.18,32.91,34.18,33.02,34.22,133.87932,2599097,0.022321,69.13513,9.242659,0.0371,-0.0339
2014-09-23,泰格医药,sz300347,33.47,32.65,33.0,33.17,33.02,134.48753,2020149,0.017349,69.44921,9.284648,0.0248,0.0051
2014-09-24,泰格医药,sz300347,33.52,32.6,33.1,33.48,33.17,135.74446,2691433,0.023114,70.09828,9.371422,0.0277,0.0114
2014-09-25,泰格医药,sz300347,34.1,33.25,33.3,33.33,33.48,135.13632,2176975,0.018696,69.78424,9.329438,0.0253,9.0E-4
2014-09-26,泰格医药,sz300347,33.3,32.68,33.2,32.88,33.33,133.31184,1632617,0.014021,68.84209,9.203482,0.0186,-0.0096
2014-09-29,泰格医药,sz300347,33.32,32.9,33.01,33.18,32.88,134.52818,1281275,0.011004,69.4702,9.287454,0.0127,0.0051
2014-09-30,泰格医药,sz300347,34.1,33.06,33.18,34.09,33.18,138.21776,2325620,0.019973,71.37549,9.542172,0.0313,0.0274
2014-10-08,泰格医药,sz300347,34.89,34.01,34.02,34.66,34.09,140.52876,2477804,0.02128,72.56889,9.701717,0.0258,0.0188
2014-10-09,泰格医药,sz300347,35.44,34.03,34.7,35.02,34.66,141.98843,3656273,0.0314,73.32266,9.802489,0.0406,0.0092
2014-10-10,泰格医药,sz300347,35.01,34.39,35.01,34.65,35.02,140.48833,2078082,0.017847,72.54801,9.698925,0.0177,-0.0102
2014-10-13,泰格医药,sz300347,35.93,34.11,34.65,35.73,34.65,144.8672,2778098,0.023858,74.80926,10.001231,0.0525,0.0311
2014-10-14,泰格医药,sz300347,36.48,35.35,35.69,35.41,35.73,143.56976,2743767,0.023564,74.13927,9.91166,0.0316,-0.0078
2014-10-15,泰格医药,sz300347,36.63,34.6,35.35,36.53,35.41,148.11073,3206145,0.027535,76.484215,10.225156,0.0573,0.0333
2014-10-16,泰格医药,sz300347,37.85,35.8,36.4,36.75,36.53,149.00266,4990595,0.04286,76.9448,10.286732,0.0561,0.0096
2014-10-17,泰格医药,sz300347,36.98,35.18,36.67,35.5,36.75,143.93448,2961867,0.025437,74.32761,9.936839,0.0489,-0.0319
2014-10-20,泰格医药,sz300347,38.06,35.4,35.41,38.0,35.5,154.07079,3879944,0.033321,79.56197,10.636621,0.0749,0.0731
2014-10-21,泰格医药,sz300347,39.23,37.17,37.76,38.8,38.0,157.31444,4606729,0.039563,81.23699,10.860554,0.0542,0.0275
2014-10-22,泰格医药,sz300347,39.5,38.01,38.28,38.61,38.8,156.54407,2901449,0.024918,80.83918,10.80737,0.0384,0.0086
2014-10-23,泰格医药,sz300347,38.55,36.9,38.12,37.53,38.61,152.16522,2872506,0.024669,78.57794,10.505066,0.0427,-0.0154
2014-10-24,泰格医药,sz300347,37.99,36.02,37.66,36.6,37.53,148.39456,1988117,0.017074,76.63078,10.24475,0.0524,-0.0281
2014-10-27,泰格医药,sz300347,38.93,36.24,36.4,38.93,36.6,157.8415,2782443,0.023896,70.08379,9.802021,0.0734,0.0695
2014-10-28,泰格医药,sz300347,39.28,38.6,38.91,39.12,38.93,158.61194,2699167,0.023181,70.42587,9.849864,0.0174,0.0053
2014-10-29,泰格医药,sz300347,39.58,38.68,39.14,39.03,39.12,158.24696,2424296,0.02082,70.263824,9.8272,0.023,-0.0028
2014-10-30,泰格医药,sz300347,39.4,36.95,39.35,37.48,39.03,151.96251,3429809,0.029455,67.473434,9.436932,0.0627,-0.0475
2014-10-31,泰格医药,sz300347,37.98,37.3,37.31,37.97,37.48,153.94926,1545201,0.01327,68.35558,9.560311,0.0181,0.0176
2014-11-03,泰格医药,sz300347,38.36,36.15,37.97,36.47,37.97,147.8675,3801586,0.032648,65.6552,9.182631,0.0582,-0.0395
2014-11-04,泰格医药,sz300347,36.69,35.37,36.47,35.65,36.47,144.54285,2679424,0.023011,64.17901,8.976168,0.0361,-0.0224
2014-11-05,泰格医药,sz300347,36.3,35.56,35.64,35.99,35.65,145.92136,2519298,0.021636,64.79108,9.061774,0.0207,0.0098
2014-11-06,泰格医药,sz300347,36.21,34.64,36.05,35.36,35.99,143.36699,3040746,0.026114,63.656914,8.903148,0.0436,-0.0191
2014-11-07,泰格医药,sz300347,35.96,34.96,35.48,35.45,35.36,143.73186,2385168,0.020484,63.81892,8.925806,0.0282,-8.0E-4
2014-11-10,泰格医药,sz300347,35.37,34.12,35.37,34.68,35.45,140.60986,2234087,0.019186,62.43271,8.731929,0.0352,-0.0195
2014-11-11,泰格医药,sz300347,34.98,32.78,34.88,33.03,34.68,133.91992,2974695,0.025547,59.462284,8.316481,0.0634,-0.053
2014-11-12,泰格医药,sz300347,33.64,32.7,33.02,33.64,33.03,136.39316,2207499,0.018958,60.560432,8.47007,0.0284,0.0187
2014-11-13,泰格医药,sz300347,33.8,32.73,33.69,33.8,33.64,137.04185,1779371,0.015281,60.84846,8.510353,0.0318,0.0032
2014-11-14,泰格医药,sz300347,34.18,33.3,33.45,33.65,33.8,136.43365,1348551,0.011581,60.578415,8.472584,0.026,0.0059
2014-11-17,泰格医药,sz300347,34.7,33.1,33.65,34.54,33.65,140.04219,1705602,0.014648,62.180653,8.696676,0.0475,0.0264
2014-11-18,泰格医药,sz300347,34.87,34.14,34.51,34.3,34.54,139.06918,1228903,0.010554,61.748623,8.636251,0.0211,-0.006
2014-11-19,泰格医药,sz300347,34.44,33.5,34.3,33.95,34.3,137.65012,1719607,0.014768,61.118538,8.548127,0.0274,-0.0102
2014-11-20,泰格医药,sz300347,34.05,33.33,33.98,33.77,33.95,136.92029,1081539,0.009288,60.794487,8.502805,0.0212,-0.0061
2014-11-21,泰格医药,sz300347,34.89,33.78,33.95,34.43,33.77,139.59627,1812759,0.015568,61.982655,8.668984,0.0328,0.0141
2014-11-24,泰格医药,sz300347,34.8,33.34,34.6,33.59,34.43,136.19054,2162195,0.018569,60.470467,8.457487,0.0424,-0.0291
2014-11-25,泰格医药,sz300347,34.48,32.92,33.53,34.17,33.59,138.54213,2570860,0.022079,61.514606,8.603522,0.0464,0.019
2014-11-26,泰格医药,sz300347,35.5,34.1,34.16,34.79,34.17,141.05598,2609069,0.022407,62.63079,8.759633,0.0409,0.0184
2014-11-27,泰格医药,sz300347,36.65,34.6,35.33,35.15,34.79,142.51562,3279949,0.028168,63.278893,8.850278,0.0589,-0.005
2014-11-28,泰格医药,sz300347,35.34,34.6,34.7,34.7,35.15,140.69115,2539088,0.021805,62.4688,8.736976,0.021,0.0
2014-12-01,泰格医药,sz300347,34.75,32.67,34.7,33.15,34.7,134.40662,4932313,0.041848,59.67838,8.346704,0.0599,-0.0446
2014-12-02,泰格医药,sz300347,33.82,32.91,33.15,33.53,33.15,135.94731,2341601,0.019867,60.362473,8.442383,0.0274,0.0114
2014-12-03,泰格医药,sz300347,33.38,31.0,33.38,33.12,33.53,134.28496,3571598,0.030303,59.62436,8.339149,0.0709,-0.0077
2014-12-04,泰格医药,sz300347,34.06,32.61,33.02,33.6,33.12,136.23114,3231345,0.027416,60.488495,8.460008,0.0437,0.0175
2014-12-05,泰格医药,sz300347,33.45,31.58,33.4,31.85,33.6,129.13582,4522417,0.03837,57.338074,8.019386,0.0556,-0.0464
2014-12-08,泰格医药,sz300347,32.3,31.6,32.1,31.64,31.85,128.28442,2213206,0.018778,56.960045,7.966514,0.0219,-0.0143
2014-12-09,泰格医药,sz300347,32.0,29.05,31.68,29.1,31.64,117.98601,5428439,0.046057,52.387405,7.326978,0.0932,-0.0814
2014-12-10,泰格医药,sz300347,30.3,29.2,29.5,30.22,29.1,122.527054,1984070,0.016834,54.40369,7.608979,0.0378,0.0244
2015-01-01,泰格医药,sz300347,30.22,30.22,30.22,30.22,30.22,15.04788,0,0.0,0.0,0.0,0.0,0.0
2015-01-02,泰格医药,sz300347,30.22,30.22,30.22,30.22,30.22,15.04788,0,0.0,0.0,0.0,0.0,0.0
2015-01-05,泰格医药,sz300347,30.22,30.22,30.22,30.22,30.22,15.04788,0,0.0,0.0,0.0,0.0,0.0
2015-01-06,泰格医药,sz300347,30.22,30.22,30.22,30.22,30.22,15.04788,0,0.0,0.0,0.0,0.0,0.0
2015-01-07,泰格医药,sz300347,30.22,30.22,30.22,30.22,30.22,15.04788,0,0.0,0.0,0.0,0.0,0.0
2015-01-08,泰格医药,sz300347,30.22,30.22,30.22,30.22,30.22,15.04788,0,0.0,0.0,0.0,0.0,0.0
2015-01-09,泰格医药,sz300347,30.22,30.22,30.22,30.22,30.22,15.04788,0,0.0,0.0,0.0,0.0,0.0
2015-01-12,泰格医药,sz300347,30.22,30.22,30.22,30.22,30.22,15.04788,0,0.0,0.0,0.0,0.0,0.0
2015-01-13,泰格医药,sz300347,30.22,30.22,30.22,30.22,30.22,15.04788,0,0.0,0.0,0.0,0.0,0.0
2015-01-14,泰格医药,sz300347,30.22,30.22,30.22,30.22,30.22,15.04788,0,0.0,0.0,0.0,0.0,0.0
2015-01-15,泰格医药,sz300347,30.22,30.22,30.22,30.22,30.22,15.04788,0,0.0,0.0,0.0,0.0,0.0
2015-01-16,泰格医药,sz300347,30.22,30.22,30.22,30.22,30.22,15.04788,0,0.0,0.0,0.0,0.0,0.0
2015-01-19,泰格医药,sz300347,30.22,30.22,30.22,30.22,30.22,15.04788,0,0.0,0.0,0.0,0.0,0.0
2015-01-20,泰格医药,sz300347,30.22,30.22,30.22,30.22,30.22,15.04788,0,0.0,0.0,0.0,0.0,0.0
2015-01-21,泰格医药,sz300347,30.22,30.22,30.22,30.22,30.22,15.04788,0,0.0,0.0,0.0,0.0,0.0
2015-01-22,泰格医药,sz300347,33.24,33.24,33.24,33.24,30.22,16.55168,2531,0.001074,59.84047,8.369375,0.0,0.0
2015-01-23,泰格医药,sz300347,36.56,36.56,36.56,36.56,33.24,18.20485,21212,0.008999,65.81734,9.205308,0.0,0.0
2015-01-26,泰格医药,sz300347,38.59,35.18,36.58,38.38,36.56,19.11111,292295,0.123998,69.09379,9.663557,0.0932,0.0492
2015-01-27,泰格医药,sz300347,38.5,37.02,38.5,38.02,38.38,18.93185,108238,0.045917,68.44569,9.572913,0.0385,-0.0124
2015-01-28,泰格医药,sz300347,40.0,37.64,37.88,38.16,38.02,19.00156,125929,0.053422,68.69771,9.60816,0.062,0.0073
2015-01-29,泰格医药,sz300347,39.91,37.83,38.01,38.37,38.16,19.10613,75135,0.031874,69.07575,9.661034,0.0545,0.0094
2015-01-30,泰格医药,sz300347,39.49,38.13,38.29,38.53,38.37,19.1858,62421,0.02648,69.36379,9.701321,0.0354,0.0062
2015-02-02,泰格医药,sz300347,41.0,38.0,38.4,39.98,38.53,19.90782,107525,0.045615,71.97417,10.06641,0.0778,0.0411
2015-02-03,泰格医药,sz300347,40.5,39.55,40.19,39.92,39.98,19.87794,75926,0.03221,71.866135,10.051301,0.0237,-0.0067
2015-02-04,泰格医药,sz300347,39.98,38.47,39.72,38.85,39.92,19.34514,67430,0.028605,69.939835,9.781886,0.0378,-0.0219
2015-02-05,泰格医药,sz300347,39.99,37.6,38.86,39.77,38.85,19.80325,85077,0.036092,71.59608,10.013531,0.0615,0.0234
2015-02-06,泰格医药,sz300347,39.95,37.6,39.58,38.97,39.77,19.4049,55766,0.023657,70.155846,9.812098,0.059,-0.0154
2015-02-09,泰格医药,sz300347,40.25,38.21,38.54,39.19,38.97,19.51444,50898,0.021592,70.55188,9.867488,0.0523,0.0168
2015-02-10,泰格医药,sz300347,41.1,38.21,39.43,41.01,39.19,20.4207,78319,0.033225,73.82831,10.325734,0.0737,0.04
2015-02-11,泰格医药,sz300347,41.2,40.23,41.01,40.31,41.01,20.07214,47762,0.020262,72.56813,10.149484,0.0236,-0.017
2015-02-12,泰格医药,sz300347,40.99,40.01,40.05,40.48,40.31,20.15679,21289,0.009031,72.87415,10.192284,0.0243,0.0107
2015-02-13,泰格医药,sz300347,43.0,40.28,40.48,42.8,40.48,21.31202,72038,0.03056,77.05071,10.776424,0.0671,0.0573
2015-02-16,泰格医药,sz300347,46.98,42.5,43.0,45.58,42.8,22.69631,78594,0.033341,82.05539,11.476385,0.1046,0.0599
2015-02-17,泰格医药,sz300347,45.8,44.38,45.6,44.97,45.58,22.39256,58072,0.024636,80.957245,11.322797,0.0311,-0.0138
2015-02-18,泰格医药,sz300347,44.97,44.97,44.97,44.97,44.97,22.39256,0,0.0,0.0,0.0,0.0,0.0
2015-02-19,泰格医药,sz300347,44.97,44.97,44.97,44.97,44.97,22.39256,0,0.0,0.0,0.0,0.0,0.0
2015-02-20,泰格医药,sz300347,44.97,44.97,44.97,44.97,44.97,22.39256,0,0.0,0.0,0.0,0.0,0.0
2015-02-23,泰格医药,sz300347,44.97,44.97,44.97,44.97,44.97,22.39256,0,0.0,0.0,0.0,0.0,0.0
2015-02-24,泰格医药,sz300347,44.97,44.97,44.97,44.97,44.97,22.39256,0,0.0,0.0,0.0,0.0,0.0
2015-02-25,泰格医药,sz300347,46.86,44.35,44.7,45.14,44.97,22.47721,36200,0.015357,81.26326,11.365597,0.0558,0.0098
2015-02-26,泰格医药,sz300347,45.38,42.49,45.05,43.04,45.14,21.43153,70017,0.029703,77.482735,10.836847,0.064,-0.0446
2015-02-27,泰格医药,sz300347,43.71,42.53,43.3,43.71,43.04,21.76515,39576,0.016789,78.6889,11.005544,0.0274,0.0094
2015-03-02,泰格医药,sz300347,43.8,42.15,43.71,43.72,43.71,21.77013,63865,0.027093,78.706924,11.008064,0.0377,2.0E-4
2015-03-03,泰格医药,sz300347,45.03,43.2,43.38,43.74,43.72,21.78009,61259,0.025988,78.7429,11.013095,0.0418,0.0082
2015-03-04,泰格医药,sz300347,48.11,43.76,44.55,48.11,43.74,23.95611,114972,0.048774,86.610016,12.113402,0.0994,0.0799
2015-03-05,泰格医药,sz300347,50.8,47.0,48.94,49.21,48.11,24.50385,116075,0.049242,88.59027,12.390363,0.0789,0.0055
2015-03-06,泰格医药,sz300347,49.3,46.03,49.3,46.25,49.21,23.02993,66613,0.028259,83.261566,11.645083,0.0664,-0.0618
2015-03-09,泰格医药,sz300347,50.28,45.11,46.0,49.17,46.25,24.48393,78350,0.033238,88.51829,12.380295,0.1117,0.0689
2015-03-10,泰格医药,sz300347,50.0,48.08,49.17,49.53,49.17,24.66319,62025,0.026313,89.16641,12.470944,0.039,0.0073
2015-03-11,泰格医药,sz300347,52.98,48.9,49.53,51.05,49.53,25.42007,73982,0.031385,91.902756,12.853652,0.0823,0.0306
2015-03-12,泰格医药,sz300347,51.38,46.52,51.12,50.25,51.05,25.02171,65868,0.027943,90.46255,12.652222,0.0952,-0.017
2015-03-13,泰格医药,sz300347,51.46,48.08,50.07,49.86,50.25,24.82751,46843,0.019872,89.76047,12.554028,0.0672,-0.0041
2015-03-16,泰格医药,sz300347,54.85,50.0,50.0,53.93,49.86,26.85415,105591,0.044794,97.087524,13.578801,0.0972,0.0785
2015-03-17,泰格医药,sz300347,58.51,52.68,54.47,55.91,53.93,27.84008,82627,0.035052,100.65199,14.077333,0.1081,0.0264
2015-03-18,泰格医药,sz300347,55.9,54.01,55.9,55.4,55.91,27.58613,52817,0.022406,99.73385,13.94892,0.0338,-0.0089
2015-03-19,泰格医药,sz300347,55.91,53.0,55.18,54.0,55.4,26.889,56065,0.023784,97.21347,13.596417,0.0525,-0.0213
2015-03-20,泰格医药,sz300347,55.0,52.9,54.02,54.77,54.0,27.27242,47573,0.020182,98.59964,13.790288,0.0388,0.0138
2015-03-23,泰格医药,sz300347,58.0,53.36,54.5,57.13,54.77,28.44757,70093,0.029735,102.8482,14.384498,0.0847,0.0482
2015-03-24,泰格医药,sz300347,57.13,52.02,56.68,55.5,57.13,27.63592,100386,0.042586,99.91384,13.974094,0.0894,-0.0208
2015-03-25,泰格医药,sz300347,54.89,52.34,54.89,54.11,55.5,26.94378,95226,0.040397,97.4115,13.624113,0.0459,-0.0142
2015-03-26,泰格医药,sz300347,53.2,50.68,52.85,50.78,54.11,25.28562,70756,0.030016,91.416695,12.785671,0.0465,-0.0391
2015-03-27,泰格医药,sz300347,52.29,50.36,50.36,51.13,50.78,25.4599,49402,0.020957,92.04674,12.87379,0.038,0.0152
2015-03-30,泰格医药,sz300347,52.0,48.7,51.28,49.53,51.13,24.66319,64683,0.02744,89.16632,12.47093,0.0645,-0.0341
2015-03-31,泰格医药,sz300347,54.48,49.6,49.97,54.48,49.53,27.12802,110780,0.046995,98.077515,13.717263,0.0985,0.0902
2015-04-01,泰格医药,sz300347,56.95,53.68,54.38,55.7,54.48,27.73551,69425,0.029452,100.273865,14.024447,0.06,0.0242
2015-04-02,泰格医药,sz300347,57.5,53.75,55.68,57.09,55.7,28.42765,71214,0.030211,102.7762,14.374427,0.0673,0.0253
2015-04-03,泰格医药,sz300347,58.83,55.0,56.4,56.6,57.09,28.18366,58562,0.024844,101.894066,14.251051,0.067,0.0035
2015-04-06,泰格医药,sz300347,56.6,56.6,56.6,56.6,56.6,28.18366,0,0.0,0.0,0.0,0.0,0.0
2015-04-07,泰格医药,sz300347,62.26,56.55,56.55,62.26,56.6,31.00202,67887,0.028799,112.08347,15.676157,0.1008,0.1009
2015-04-08,泰格医药,sz300347,65.0,60.0,62.3,63.38,62.26,31.55972,87905,0.037291,114.09975,15.958155,0.0803,0.0173
2015-04-09,泰格医药,sz300347,69.72,58.0,63.37,67.81,63.38,33.76562,99040,0.042015,122.07486,17.073566,0.1849,0.07
2015-04-10,泰格医药,sz300347,74.59,66.0,67.1,74.59,67.81,37.14168,45499,0.019302,134.28052,18.780666,0.1266,0.1116
2015-04-13,泰格医药,sz300347,82.05,80.0,82.04,82.05,74.59,40.85635,15289,0.006486,127.79876,18.572676,0.0274,1.0E-4
2015-04-14,泰格医药,sz300347,90.26,85.0,87.85,88.61,82.05,44.12286,169187,0.071773,138.01639,20.057579,0.0641,0.0086
2015-04-15,泰格医药,sz300347,91.3,81.02,85.37,86.56,88.61,43.10208,149031,0.063222,134.82338,19.593548,0.116,0.0139
2015-04-16,泰格医药,sz300347,95.22,83.01,84.0,89.85,86.56,44.74031,112619,0.047776,139.94775,20.338259,0.141,0.0696
2015-04-17,泰格医药,sz300347,89.0,81.18,86.61,81.83,89.85,40.7468,121422,0.05151,127.45602,18.522865,0.087,-0.0551
2015-04-20,泰格医药,sz300347,83.0,73.65,81.0,73.65,81.83,36.67361,88275,0.037448,114.71513,16.671265,0.1142,-0.0907
2015-04-21,泰格医药,sz300347,81.02,73.5,73.71,81.02,73.65,40.34346,61426,0.026058,126.19444,18.339525,0.1021,0.0991
2015-04-22,泰格医药,sz300347,89.1,82.0,82.0,88.05,81.02,43.84402,69634,0.02954,137.14421,19.930826,0.0876,0.0737
2015-04-23,泰格医药,sz300347,95.5,86.0,88.1,93.5,88.05,46.55781,76848,0.032601,145.63303,21.164486,0.1078,0.0612
2015-04-24,泰格医药,sz300347,93.38,84.82,91.0,87.0,93.5,43.32117,61412,0.026053,135.50876,19.693151,0.0915,-0.0439
2015-04-27,泰格医药,sz300347,87.8,81.0,87.03,82.2,87.0,40.93104,75826,0.032167,138.95921,21.163754,0.0781,-0.0554
2015-04-28,泰格医药,sz300347,82.95,75.37,82.74,78.19,82.2,38.93428,103483,0.0439,132.18036,20.131323,0.0922,-0.0549
2015-04-29,泰格医药,sz300347,82.88,77.14,77.32,80.65,78.19,40.15923,112331,0.047654,136.33902,20.764694,0.0734,0.043
2015-04-30,泰格医药,sz300347,86.86,78.8,80.0,84.26,80.65,41.9568,93030,0.039466,142.4417,21.694141,0.0999,0.0532
2015-05-01,泰格医药,sz300347,84.26,84.26,84.26,84.26,84.26,41.9568,0,0.0,0.0,0.0,0.0,0.0
2015-05-04,泰格医药,sz300347,83.7,78.02,83.04,81.83,84.26,40.7468,60619,0.025716,138.33382,21.068504,0.0674,-0.0145
2015-05-05,泰格医药,sz300347,82.5,75.61,80.18,77.81,81.83,38.74506,80180,0.034014,131.53802,20.033493,0.0841,-0.0295
2015-05-06,泰格医药,sz300347,85.59,77.88,78.2,81.95,77.81,40.80655,75930,0.032211,138.53677,21.099417,0.099,0.0479
2015-05-07,泰格医药,sz300347,85.55,81.0,82.5,83.13,81.95,41.39413,49411,0.020961,140.53157,21.403227,0.0555,0.0076
2015-05-08,泰格医药,sz300347,91.05,83.47,83.47,90.91,83.13,45.26814,108900,0.046198,153.68364,23.406311,0.0911,0.0891
2015-05-11,泰格医药,sz300347,100.0,89.02,90.6,100.0,90.91,49.79445,89102,0.037799,169.05031,25.746685,0.1207,0.1037
2015-05-12,泰格医药,sz300347,109.87,95.98,100.02,107.1,100.0,53.32986,118488,0.050265,181.05287,27.5747,0.1389,0.0707
2015-05-13,泰格医药,sz300347,106.0,97.88,100.0,101.0,107.1,50.29239,91579,0.038037,170.74083,26.004154,0.0758,0.01
2015-05-14,泰格医药,sz300347,100.0,92.66,99.68,95.5,101.0,47.5537,85043,0.035323,161.44315,24.588099,0.0726,-0.0419
2015-05-15,泰格医药,sz300347,94.8,89.0,94.65,92.5,95.5,46.05987,49600,0.020601,156.37157,23.815687,0.0607,-0.0227
2015-05-18,泰格医药,sz300347,49.995,46.425,46.425,47.655,92.5,23.72954,66432,0.027592,161.12183,24.539162,0.0385,0.0264
2015-05-19,泰格医药,sz300347,50.0,44.5,47.505,48.65,47.655,24.225,86543,0.035945,164.48589,25.051514,0.1154,0.0241
2015-05-20,泰格医药,sz300347,53.41,46.88,47.3,52.6,48.65,52.6,163882,0.068068,178.17883,27.136978,0.1342,0.112
2015-05-21,泰格医药,sz300347,55.0,49.51,52.72,52.28,52.6,52.28,150642,0.062569,177.09486,26.971886,0.1043,-0.0083
2015-05-22,泰格医药,sz300347,53.26,48.5,52.0,49.67,52.28,49.67,130599,0.054242,168.25366,25.625355,0.091,-0.0448
2015-05-25,泰格医药,sz300347,49.88,47.01,49.68,48.87,49.67,48.87,81661,0.033918,165.54372,25.212626,0.0577,-0.0163
2015-05-26,泰格医药,sz300347,52.15,48.86,48.86,52.15,48.87,52.15,128048,0.053183,176.6545,26.904818,0.0673,0.0673
2015-05-27,泰格医药,sz300347,53.78,50.0,52.45,51.0,52.15,51.0,104576,0.043435,172.75896,26.311518,0.0724,-0.0276
2015-05-28,泰格医药,sz300347,52.0,47.51,49.96,47.51,51.0,47.51,108077,0.044888,160.93681,24.510984,0.088,-0.049
2015-05-29,泰格医药,sz300347,49.68,45.8,47.39,48.38,47.51,48.38,94032,0.039056,163.88388,24.959827,0.0816,0.0208
2015-06-01,泰格医药,sz300347,52.2,48.41,49.23,51.4,48.38,51.4,91226,0.037891,174.11392,26.517883,0.0783,0.044
2015-06-02,泰格医药,sz300347,54.56,51.01,51.99,53.68,51.4,53.68,148165,0.061541,181.83727,27.694162,0.069,0.0325
2015-06-03,泰格医药,sz300347,58.68,52.12,53.6,57.79,53.68,57.79,152011,0.063136,195.7596,29.814562,0.1222,0.0781
2015-06-04,泰格医药,sz300347,59.6,52.4,55.9,57.5,57.79,57.5,104753,0.043508,194.77725,29.664948,0.1245,0.0286
2015-06-05,泰格医药,sz300347,62.0,56.0,59.15,56.3,57.5,56.3,92206,0.038297,190.71233,29.045853,0.1043,-0.0481
2015-06-08,泰格医药,sz300347,55.3,50.8,55.3,51.7,56.3,51.7,103052,0.042804,175.13016,26.672657,0.0799,-0.065
2015-06-09,泰格医药,sz300347,54.0,50.01,51.7,51.99,51.7,51.99,71145,0.02955,176.1125,26.822271,0.0771,0.0056
2015-06-10,泰格医药,sz300347,54.06,50.02,51.2,52.39,51.99,52.39,96112,0.039918,177.46748,27.028637,0.0777,0.0232
2015-06-11,泰格医药,sz300347,53.33,51.4,52.2,51.85,52.39,51.85,97651,0.040558,175.63826,26.750044,0.0368,-0.0067
2015-06-12,泰格医药,sz300347,52.3,48.81,51.85,50.37,51.85,50.37,129075,0.053612,170.62486,25.986494,0.0673,-0.0285
2015-06-15,泰格医药,sz300347,50.5,45.8,50.4,46.31,50.37,46.31,138248,0.057419,156.8719,23.89189,0.0933,-0.0811
2015-06-16,泰格医药,sz300347,46.3,42.56,46.3,43.13,46.31,43.13,126966,0.052735,146.09987,22.25129,0.0807,-0.0684
2015-06-17,泰格医药,sz300347,47.15,43.5,43.99,47.0,43.13,47.0,97877,0.040652,159.20923,24.24787,0.0846,0.0684
2015-06-18,泰格医药,sz300347,47.15,43.01,47.0,43.1,47.0,43.1,83648,0.034742,145.99825,22.235811,0.088,-0.0829
2015-06-19,泰格医药,sz300347,44.74,40.08,42.49,40.7,43.1,40.7,67141,0.027887,137.86842,20.997623,0.1081,-0.0421
2015-06-22,泰格医药,sz300347,40.7,40.7,40.7,40.7,40.7,40.7,0,0.0,0.0,0.0,0.0,0.0
2015-06-23,泰格医药,sz300347,42.48,37.51,40.71,42.06,40.7,42.06,55654,0.023115,142.47533,21.699265,0.1221,0.0331
2015-06-24,泰格医药,sz300347,43.0,40.05,42.06,41.94,42.06,41.94,65335,0.027136,142.06883,21.637354,0.0701,-0.0028
2015-06-25,泰格医药,sz300347,42.01,37.75,41.11,38.3,41.94,38.3,67060,0.027787,129.73859,19.759434,0.1015,-0.0683
2015-06-26,泰格医药,sz300347,37.7,34.47,37.7,34.47,38.3,34.47,101777,0.042177,116.764725,17.783491,0.0843,-0.0856
2015-06-29,泰格医药,sz300347,34.99,31.02,34.99,31.02,34.47,31.02,66770,0.027668,105.078094,16.003593,0.1151,-0.1134
2015-06-30,泰格医药,sz300347,34.12,27.92,30.68,34.12,31.02,34.12,140001,0.058014,115.579124,17.602922,0.1998,0.1121
2015-07-01,泰格医药,sz300347,37.53,34.2,35.05,35.9,34.12,35.9,203597,0.084362,121.60875,18.521244,0.0975,0.0242
2015-07-02,泰格医药,sz300347,38.88,32.66,34.7,35.32,35.9,35.32,155052,0.064247,119.64404,18.222015,0.1732,0.0178
2015-07-03,泰格医药,sz300347,38.85,33.33,34.0,38.1,35.32,38.1,194323,0.080528,129.0611,19.656252,0.1562,0.1205
2015-07-06,泰格医药,sz300347,41.91,34.29,41.91,37.2,38.1,37.2,203872,0.084483,126.01241,19.19193,0.1999,-0.1123
2015-07-07,泰格医药,sz300347,34.8,33.48,34.8,33.48,37.2,33.48,32695,0.013547,113.41117,17.272738,0.0354,-0.0379
2015-07-08,泰格医药,sz300347,36.2,30.13,30.13,36.0,33.48,36.0,479925,0.198864,121.947495,18.572836,0.1813,0.1948
2015-07-09,泰格医药,sz300347,39.6,33.01,36.0,39.6,36.0,39.6,169429,0.070211,134.14224,20.43012,0.183,0.1
2015-07-10,泰格医药,sz300347,43.56,40.01,40.97,43.56,39.6,43.56,103497,0.042887,147.55647,22.473131,0.0896,0.0632
2015-07-13,泰格医药,sz300347,47.92,41.36,44.11,47.92,43.56,47.92,268776,0.111378,162.32567,24.72251,0.1505,0.0863
2015-07-14,泰格医药,sz300347,51.95,45.08,46.25,46.68,47.92,46.68,192346,0.079704,158.12524,24.082779,0.1433,0.0092
2015-07-15,泰格医药,sz300347,46.8,42.01,44.99,42.01,46.68,42.01,115582,0.047895,142.30595,21.673468,0.1026,-0.0662
2015-07-16,泰格医药,sz300347,44.0,37.81,39.49,41.15,42.01,41.15,101480,0.042053,139.39276,21.229784,0.1473,0.042
2015-07-17,泰格医药,sz300347,45.27,41.18,41.58,44.5,41.15,44.5,112058,0.046434,150.74065,22.95809,0.0993,0.0702
2015-07-20,泰格医药,sz300347,46.18,42.5,44.52,43.89,44.5,43.89,124709,0.051676,148.67432,22.643383,0.0826,-0.0141
2015-07-21,泰格医药,sz300347,45.0,41.92,42.5,44.0,43.89,44.0,95446,0.039552,149.04694,22.700132,0.0701,0.0352
2015-07-22,泰格医药,sz300347,44.9,42.01,44.08,43.05,44.0,43.05,77218,0.031998,145.82887,22.210016,0.0656,-0.0233
2015-07-23,泰格医药,sz300347,44.0,42.22,43.06,43.99,43.05,43.99,92940,0.038512,149.01306,22.694975,0.0413,0.0215
2015-07-24,泰格医药,sz300347,48.39,43.6,43.9,46.25,43.99,46.25,197865,0.081993,156.66866,23.860935,0.1088,0.0535
2015-07-27,泰格医药,sz300347,48.48,41.63,45.0,41.63,46.25,41.63,181709,0.075299,141.01872,21.477423,0.1481,-0.0748
2015-07-28,泰格医药,sz300347,42.25,37.47,37.58,38.0,41.63,38.0,128482,0.053242,128.72235,19.604662,0.1148,0.0111
2015-07-29,泰格医药,sz300347,39.89,34.2,39.0,39.0,38.0,39.0,162255,0.067233,132.10979,20.120573,0.1497,0.0
2015-07-30,泰格医药,sz300347,38.87,35.51,38.6,35.66,39.0,35.66,110969,0.045981,120.79577,18.397427,0.0861,-0.0761
2015-07-31,泰格医药,sz300347,35.6,33.5,33.9,34.02,35.66,34.02,88214,0.036553,115.24038,17.55133,0.0588,0.0035
2015-08-03,泰格医药,sz300347,33.68,30.62,33.08,30.63,34.02,30.63,93940,0.038926,103.756996,15.802388,0.0899,-0.074
2015-08-04,泰格医药,sz300347,33.69,30.44,30.71,33.69,30.63,33.69,121188,0.050219,114.12253,17.381079,0.1061,0.097
2015-08-05,泰格医药,sz300347,35.19,32.54,34.2,33.66,33.69,33.66,111004,0.045998,114.020905,17.365602,0.0786,-0.0157
2015-08-06,泰格医药,sz300347,33.7,32.01,32.6,32.61,33.66,32.61,50050,0.020739,110.4641,16.823895,0.0502,3.0E-4
2015-08-07,泰格医药,sz300347,35.87,33.0,33.01,35.87,32.61,35.87,113163,0.046894,121.507126,18.505768,0.088,0.0866
2015-08-10,泰格医药,sz300347,39.38,35.85,36.61,38.3,35.87,38.3,87352,0.036196,129.73859,19.759434,0.0984,0.0461
2015-08-11,泰格医药,sz300347,39.15,37.28,37.88,37.8,38.3,37.8,80017,0.033158,128.04488,19.501478,0.0488,-0.0021
2015-08-12,泰格医药,sz300347,38.13,36.36,36.56,37.0,37.8,37.0,58854,0.024388,125.33492,19.088749,0.0468,0.012
2015-08-13,泰格医药,sz300347,37.25,34.56,36.45,37.05,37.0,37.05,79401,0.032902,125.504295,19.114544,0.0727,0.0164
2015-08-14,泰格医药,sz300347,38.93,36.69,37.2,37.88,37.05,37.88,96430,0.03996,128.31586,19.542751,0.0604,0.0182
2015-08-17,泰格医药,sz300347,41.67,36.48,37.34,41.67,37.88,41.67,122445,0.04207,141.15422,21.498058,0.137,0.1159
2015-08-18,泰格医药,sz300347,40.98,37.5,40.15,37.5,41.67,37.5,112913,0.038793,109.696915,18.132093,0.0835,-0.066
2015-08-19,泰格医药,sz300347,38.18,33.75,36.01,37.39,37.5,37.39,112634,0.038697,109.37514,18.078907,0.1181,0.0383
2015-08-20,泰格医药,sz300347,40.49,37.5,39.5,37.94,37.39,37.94,183535,0.063056,110.984024,18.344845,0.0799,-0.0394
2015-08-21,泰格医药,sz300347,37.0,34.15,36.3,34.15,37.94,34.15,109526,0.037629,99.89732,16.512295,0.0751,-0.0592
2015-08-24,泰格医药,sz300347,31.85,30.74,31.8,30.74,34.15,30.74,86412,0.029689,89.92222,14.863482,0.0325,-0.0333
2015-08-25,泰格医药,sz300347,29.49,27.67,27.8,27.67,30.74,27.67,99362,0.034136,80.941696,13.379068,0.0592,-0.0046
2015-08-26,泰格医药,sz300347,29.7,25.3,27.99,26.3,27.67,26.3,128433,0.044125,76.934105,12.716642,0.159,-0.0603
2015-08-27,泰格医药,sz300347,28.15,26.1,27.31,28.13,26.3,28.13,86433,0.029698,82.287315,13.601488,0.0779,0.03
2015-08-28,泰格医药,sz300347,30.58,28.51,28.83,30.28,28.13,30.28,100418,0.034502,88.5766,14.641062,0.0735,0.0502
2015-08-31,泰格医药,sz300347,29.95,28.16,29.6,28.21,30.28,28.21,62171,0.02136,82.52133,13.64017,0.0591,-0.0469
2015-09-01,泰格医药,sz300347,28.27,25.39,28.01,25.39,28.21,25.39,83926,0.028835,74.272125,12.276637,0.102,-0.0935
2015-09-02,泰格医药,sz300347,26.33,22.9,23.03,22.9,25.39,22.9,101048,0.034719,66.98825,11.072666,0.135,-0.0056
2015-09-03,泰格医药,sz300347,22.9,22.9,22.9,22.9,22.9,22.9,0,0.0,0.0,0.0,0.0,0.0
2015-09-04,泰格医药,sz300347,22.9,22.9,22.9,22.9,22.9,22.9,0,0.0,0.0,0.0,0.0,0.0
2015-09-07,泰格医药,sz300347,24.6,23.38,23.53,23.93,22.9,23.93,71820,0.024676,70.00126,11.570694,0.0532,0.0169
2015-09-08,泰格医药,sz300347,26.18,23.4,23.54,26.08,23.93,26.08,80347,0.027604,76.29055,12.610267,0.1161,0.1079
2015-09-09,泰格医药,sz300347,27.93,26.25,26.41,27.9,26.08,27.9,90563,0.031117,81.6145,13.490278,0.0644,0.0564
2015-09-10,泰格医药,sz300347,28.55,26.9,27.2,27.11,27.9,27.11,77228,0.026532,79.30356,13.108296,0.0591,-0.0033
2015-09-11,泰格医药,sz300347,27.59,26.83,27.0,27.4,27.11,27.4,56538,0.019425,80.15188,13.248517,0.028,0.0148
2015-09-14,泰格医药,sz300347,28.02,24.66,27.62,24.66,27.4,24.66,66357,0.0228,72.13669,11.923665,0.1226,-0.1071
2015-09-15,泰格医药,sz300347,25.18,23.2,24.0,24.1,24.66,24.1,63028,0.021656,70.49855,11.652893,0.0802,0.0041
2015-09-16,泰格医药,sz300347,26.51,24.1,24.2,26.51,24.1,26.51,60407,0.020754,77.54841,12.818182,0.1,0.0954
2015-09-17,泰格医药,sz300347,28.26,26.0,26.51,26.41,26.51,26.41,76511,0.026287,77.25588,12.76983,0.0852,-0.0037
2015-09-18,泰格医药,sz300347,28.6,26.4,26.47,28.2,26.41,28.2,69922,0.024023,82.49208,13.635335,0.0833,0.0653
2015-09-21,泰格医药,sz300347,31.02,27.5,27.89,31.02,28.2,31.02,88641,0.030453,90.74129,14.998869,0.1248,0.1122
2015-09-22,泰格医药,sz300347,32.58,30.33,31.1,30.77,31.02,30.77,80783,0.027754,90.00997,14.877988,0.0725,-0.0106
2015-09-23,泰格医药,sz300347,31.96,30.08,30.73,31.55,30.77,31.55,57050,0.019601,92.29167,15.255135,0.061,0.0266
2015-09-24,泰格医药,sz300347,32.75,31.6,31.6,32.49,31.55,32.49,50575,0.017377,95.041405,15.709647,0.0364,0.0281
2015-09-25,泰格医药,sz300347,32.5,30.0,32.0,30.16,32.49,30.16,51922,0.01784,88.22557,14.583039,0.0769,-0.0575
2015-09-28,泰格医药,sz300347,30.16,30.16,30.16,30.16,30.16,30.16,0,0.022968,97.05983,16.043278,0.0,0.0
2015-09-29,泰格医药,sz300347,34.0,32.18,32.35,32.65,30.16,32.65,70740,0.024305,95.509445,15.78701,0.0603,0.0092
2015-09-30,泰格医药,sz300347,33.5,31.62,32.63,32.35,32.65,32.35,36327,0.012481,94.631874,15.641954,0.0575,-0.0085
2015-10-01,泰格医药,sz300347,32.35,32.35,32.35,32.35,32.35,32.35,0,0.0,0.0,0.0,0.0,0.0
2015-10-02,泰格医药,sz300347,32.35,32.35,32.35,32.35,32.35,32.35,0,0.0,0.0,0.0,0.0,0.0
2015-10-05,泰格医药,sz300347,32.35,32.35,32.35,32.35,32.35,32.35,0,0.0,0.0,0.0,0.0,0.0
2015-10-06,泰格医药,sz300347,32.35,32.35,32.35,32.35,32.35,32.35,0,0.0,0.0,0.0,0.0,0.0
2015-10-07,泰格医药,sz300347,32.35,32.35,32.35,32.35,32.35,32.35,0,0.0,0.0,0.0,0.0,0.0
2015-10-08,泰格医药,sz300347,35.46,32.95,33.8,33.22,32.35,33.22,53744,0.018465,97.17684,16.062618,0.0775,-0.0171
2015-10-09,泰格医药,sz300347,33.79,32.2,33.45,33.21,33.22,33.21,54383,0.018685,97.14759,16.057783,0.0478,-0.0071
2015-10-12,泰格医药,sz300347,34.96,33.38,33.41,34.0,33.21,34.0,78411,0.02694,99.458534,16.439766,0.0475,0.0176
2015-10-13,泰格医药,sz300347,34.91,33.53,34.0,34.84,34.0,34.84,60482,0.020781,101.91575,16.845924,0.0405,0.0247
2015-10-14,泰格医药,sz300347,34.78,33.4,34.7,33.5,34.84,33.5,39527,0.013581,97.99591,16.198004,0.0396,-0.0345
2015-10-15,泰格医药,sz300347,35.48,32.9,33.2,35.0,33.5,35.0,54432,0.018701,102.38379,16.923288,0.077,0.0542
2015-10-16,泰格医药,sz300347,35.85,34.41,35.23,34.77,35.0,34.77,44599,0.015323,101.710976,16.812078,0.0411,-0.013
2015-10-19,泰格医药,sz300347,35.66,34.0,34.79,34.51,34.77,34.51,43958,0.015103,100.95042,16.686361,0.0477,-0.008
2015-10-20,泰格医药,sz300347,36.24,34.02,34.02,35.83,34.51,35.83,58753,0.020185,104.811745,17.324612,0.0643,0.0532
2015-10-21,泰格医药,sz300347,38.75,33.78,35.7,33.84,35.83,33.84,104373,0.035861,98.99049,16.362402,0.1387,-0.0521
2015-10-22,泰格医药,sz300347,37.22,34.26,34.3,37.22,33.84,37.22,125164,0.043004,108.877846,17.996708,0.0874,0.0851
2015-10-23,泰格医药,sz300347,39.0,36.89,38.81,37.5,37.22,37.5,155562,0.053445,109.696915,18.132093,0.0566,-0.0337
2015-10-26,泰格医药,sz300347,38.2,35.1,38.2,36.75,37.5,36.75,134666,0.046269,107.502975,17.769453,0.0826,-0.0379
2015-10-27,泰格医药,sz300347,36.97,34.2,35.7,36.52,36.75,36.52,71580,0.024594,106.83017,17.658241,0.0753,0.0229
2015-10-28,泰格医药,sz300347,36.91,34.85,36.0,35.18,36.52,35.18,59117,0.020312,102.91033,17.010323,0.0564,-0.0227
2015-10-29,泰格医药,sz300347,35.6,34.5,35.5,35.08,35.18,35.08,42572,0.014627,102.617805,16.96197,0.0312,-0.0118
2015-10-30,泰格医药,sz300347,35.0,34.0,35.0,34.17,35.08,34.17,43211,0.014847,99.955826,16.521963,0.0285,-0.0237
2015-11-02,泰格医药,sz300347,34.85,32.77,33.63,33.31,34.17,33.31,38999,0.013399,97.44011,16.106134,0.0608,-0.0095
2015-11-03,泰格医药,sz300347,33.88,33.15,33.33,33.69,33.31,33.69,28050,0.0,0.0,0.0,0.0219,0.0108
2015-11-04,泰格医药,sz300347,35.98,33.81,34.04,35.78,33.69,35.78,68996,0.0,0.0,0.0,0.0644,0.0511
2015-11-05,泰格医药,sz300347,36.48,34.8,35.79,35.05,35.78,35.05,51636,0.0,0.0,0.0,0.0469,-0.0206
2015-11-06,泰格医药,sz300347,36.4,35.0,35.0,35.97,35.05,35.97,58932,0.0,0.0,0.0,0.0399,0.0277
2015-11-09,泰格医药,sz300347,36.89,35.26,35.26,36.67,35.97,36.67,80597,0.0,0.0,0.0,0.0453,0.0399
2015-11-10,泰格医药,sz300347,37.28,35.98,36.33,36.17,36.67,36.17,80413,0.0,0.0,0.0,0.0354,-0.0044
2015-11-11,泰格医药,sz300347,37.18,35.17,35.98,37.06,36.17,37.06,91795,0.0,0.0,0.0,0.0555,0.03
2015-11-12,泰格医药,sz300347,40.77,37.93,37.93,39.78,37.06,39.78,179762,0.0,0.0,0.0,0.0766,0.0487
2015-11-13,泰格医药,sz300347,39.7,36.8,39.0,37.5,39.78,37.5,86900,0.0,0.0,0.0,0.0729,-0.0384
2015-11-16,泰格医药,sz300347,37.7,36.11,36.5,37.66,37.5,37.66,52083,0.0,0.0,0.0,0.0424,0.0317
2015-11-17,泰格医药,sz300347,38.5,35.0,37.8,35.4,37.66,35.4,105821,0.0,0.0,0.0,0.0929,-0.0634
2015-11-18,泰格医药,sz300347,35.79,34.51,35.55,34.59,35.4,34.59,53217,0.0,0.0,0.0,0.0361,-0.027
2015-11-19,泰格医药,sz300347,36.05,34.5,34.69,35.99,34.59,35.99,56256,0.0,0.0,0.0,0.0448,0.0374
2015-11-20,泰格医药,sz300347,35.88,34.76,35.88,35.22,35.99,35.22,65637,0.0,0.0,0.0,0.0311,-0.0183
2015-11-23,泰格医药,sz300347,36.3,34.7,35.0,35.29,35.22,35.29,56378,0.0,0.0,0.0,0.0454,0.0082
2015-11-24,泰格医药,sz300347,35.39,34.6,34.82,35.3,35.29,35.3,46862,0.0,0.0,0.0,0.0223,0.0137
2015-11-25,泰格医药,sz300347,36.62,35.1,35.3,36.59,35.3,36.59,83057,0.0,0.0,0.0,0.043,0.0365
2015-11-26,泰格医药,sz300347,36.8,35.4,36.79,35.5,36.59,35.5,62684,0.0,0.0,0.0,0.0382,-0.035
2015-11-27,泰格医药,sz300347,35.45,32.51,35.45,32.95,35.5,32.95,62510,0.0,0.0,0.0,0.0828,-0.0705
2015-11-30,泰格医药,sz300347,33.8,31.3,33.06,33.0,32.95,33.0,54486,0.0,0.0,0.0,0.0758,-0.0018
2015-12-01,泰格医药,sz300347,34.08,32.0,32.95,33.6,33.0,33.6,38152,0.0,0.0,0.0,0.063,0.0197
2015-12-02,泰格医药,sz300347,33.89,31.5,33.75,32.77,33.6,32.77,32185,0.0,0.0,0.0,0.0711,-0.029
2015-12-03,泰格医药,sz300347,33.64,32.3,32.77,33.27,32.77,33.27,49960,0.0,0.0,0.0,0.0408,0.0152
2015-12-04,泰格医药,sz300347,33.25,31.62,33.25,32.07,33.27,32.07,66912,0.0,0.0,0.0,0.0489,-0.0354
2015-12-07,泰格医药,sz300347,32.7,30.97,31.52,32.09,32.07,32.09,93462,0.0,0.0,0.0,0.0539,0.018
2015-12-08,泰格医药,sz300347,32.19,31.25,31.49,31.6,32.09,31.6,52624,0.0,0.0,0.0,0.0292,0.0034
2015-12-09,泰格医药,sz300347,31.59,28.88,31.3,29.6,31.6,29.6,128660,0.0,0.0,0.0,0.0857,-0.0543
2015-12-10,泰格医药,sz300347,29.59,28.5,29.4,28.65,29.6,28.65,117639,0.0,0.0,0.0,0.0368,-0.0255
2015-12-11,泰格医药,sz300347,29.68,28.13,28.5,29.24,28.65,29.24,91707,0.0,0.0,0.0,0.0541,0.0259
2015-12-14,泰格医药,sz300347,29.97,28.8,29.19,29.84,29.24,29.84,66193,0.0,0.0,0.0,0.04,0.0222
2015-12-15,泰格医药,sz300347,32.14,30.22,30.22,31.18,29.84,31.18,121479,0.0,0.0,0.0,0.0643,0.0317
2015-12-16,泰格医药,sz300347,31.45,30.9,30.95,31.07,31.18,31.07,47435,0.0,0.0,0.0,0.0176,0.0038
2015-12-17,泰格医药,sz300347,31.99,31.1,31.13,31.9,31.07,31.9,68150,0.0,0.0,0.0,0.0286,0.0247
2015-12-18,泰格医药,sz300347,32.2,31.5,32.0,31.87,31.9,31.87,54030,0.0,0.0,0.0,0.0219,-0.004
2015-12-21,泰格医药,sz300347,32.87,31.57,31.87,32.17,31.87,32.17,56079,0.0,0.0,0.0,0.0407,0.0094
2015-12-22,泰格医药,sz300347,32.85,32.09,32.15,32.49,32.17,32.49,58915,0.0,0.0,0.0,0.0236,0.0105
2015-12-23,泰格医药,sz300347,32.64,31.28,32.6,31.46,32.49,31.46,60324,0.0,0.0,0.0,0.0418,-0.0349
2015-12-24,泰格医药,sz300347,31.79,30.11,31.3,31.31,31.46,31.31,48585,0.0,0.0,0.0,0.0534,3.0E-4
2015-12-25,泰格医药,sz300347,31.68,31.0,31.2,31.29,31.31,31.29,31613,0.0,0.0,0.0,0.0217,0.0028
2015-12-28,泰格医药,sz300347,31.75,30.38,31.4,30.4,31.29,30.4,60031,0.0,0.0,0.0,0.0437,-0.0318
2015-12-29,泰格医药,sz300347,31.39,30.18,30.4,31.2,30.4,31.2,56799,0.0,0.0,0.0,0.0398,0.0263
2015-12-30,泰格医药,sz300347,31.75,31.22,31.3,31.69,31.2,31.69,44022,0.0,0.0,0.0,0.0169,0.0124
2015-12-31,泰格医药,sz300347,31.9,30.6,31.7,30.74,31.69,30.74,38814,0.0,0.0,0.0,0.041,-0.0302
2016-01-01,泰格医药,sz300347,31.9,30.6,31.7,30.74,30.74,30.74,38814,0.0,0.0,0.0,0.0422,-0.0302
2016-01-04,泰格医药,sz300347,30.81,27.72,30.74,27.8,30.74,27.8,36715,0.0,0.0,0.0,0.1005,-0.0956
2016-01-05,泰格医药,sz300347,28.55,26.06,26.3,28.12,27.8,28.12,67790,0.0,0.0,0.0,0.0895,0.0692
2016-01-06,泰格医药,sz300347,28.95,27.8,28.2,28.61,28.12,28.61,63741,0.0,0.0,0.0,0.0408,0.0145
2016-01-07,泰格医药,sz300347,28.05,26.0,28.03,26.21,28.61,26.21,13015,0.0,0.0,0.0,0.0716,-0.0649
2016-01-08,泰格医药,sz300347,27.55,24.01,27.34,26.22,26.21,26.22,102573,0.0,0.0,0.0,0.135,-0.0409
2016-01-11,泰格医药,sz300347,25.9,23.6,25.6,23.63,26.22,23.63,70603,0.0,0.0,0.0,0.0877,-0.0769
2016-01-12,泰格医药,sz300347,24.55,23.55,23.9,24.31,23.63,24.31,57450,0.0,0.0,0.0,0.0423,0.0171
2016-01-13,泰格医药,sz300347,24.86,23.6,24.53,23.79,24.31,23.79,39439,0.0,0.0,0.0,0.0518,-0.0301
2016-01-14,泰格医药,sz300347,26.1,22.77,23.28,25.78,23.79,25.78,65555,0.0,0.0,0.0,0.1399,0.1073
2016-01-15,泰格医药,sz300347,25.99,24.86,25.56,25.06,25.78,25.06,56067,0.0,0.0,0.0,0.0438,-0.0195
2016-01-18,泰格医药,sz300347,26.24,24.5,25.06,25.73,25.06,25.73,57795,0.0,0.0,0.0,0.0694,0.0267
2016-01-19,泰格医药,sz300347,26.76,25.39,25.48,26.66,25.73,26.66,51752,0.0,0.0,0.0,0.0532,0.0463
2016-01-20,泰格医药,sz300347,27.0,26.3,26.5,26.35,26.66,26.35,41603,0.0,0.0,0.0,0.0262,-0.0056
2016-01-21,泰格医药,sz300347,26.78,25.02,26.1,25.02,26.35,25.02,38418,0.0,0.0,0.0,0.0667,-0.0413
2016-01-22,泰格医药,sz300347,25.62,24.45,25.17,24.99,25.02,24.99,30007,0.0,0.0,0.0,0.0467,-0.0071
2016-01-25,泰格医药,sz300347,26.18,25.2,25.2,25.98,24.99,25.98,40246,0.0,0.0,0.0,0.0392,0.0309
2016-01-26,泰格医药,sz300347,26.08,23.48,25.5,23.59,25.98,23.59,47415,0.0,0.0,0.0,0.1,-0.0749
2016-01-27,泰格医药,sz300347,24.3,21.9,23.7,24.25,23.59,24.25,64697,0.0,0.0,0.0,0.1017,0.0232
2016-01-28,泰格医药,sz300347,26.02,23.63,23.63,24.39,24.25,24.39,60213,0.0,0.0,0.0,0.0985,0.0321
2016-01-29,泰格医药,sz300347,26.0,24.06,24.51,25.38,24.39,25.38,44854,0.0,0.0,0.0,0.0795,0.0354
2016-02-01,泰格医药,sz300347,26.0,25.02,25.43,25.58,25.38,25.58,36527,0.0,0.0,0.0,0.0386,0.0058
2016-02-02,泰格医药,sz300347,26.96,25.48,25.5,26.85,25.58,26.85,45477,0.0,0.0,0.0,0.0578,0.0529
2016-02-03,泰格医药,sz300347,26.98,25.95,26.61,26.6,26.85,26.6,29849,0.0,0.0,0.0,0.0383,-3.0E-4
2016-02-04,泰格医药,sz300347,27.86,26.8,26.8,27.62,26.6,27.62,41728,0.0,0.0,0.0,0.0398,0.0305
2016-02-05,泰格医药,sz300347,28.0,27.36,27.36,27.92,27.62,27.92,40923,0.0,0.0,0.0,0.0231,0.0204
2016-02-08,泰格医药,sz300347,28.0,27.36,27.36,27.92,27.92,27.92,40923,0.0,0.0,0.0,0.0229,0.0204
2016-02-09,泰格医药,sz300347,28.0,27.36,27.36,27.92,27.92,27.92,40923,0.0,0.0,0.0,0.0229,0.0204
2016-02-10,泰格医药,sz300347,28.0,27.36,27.36,27.92,27.92,27.92,40923,0.0,0.0,0.0,0.0229,0.0204
2016-02-11,泰格医药,sz300347,28.0,27.36,27.36,27.92,27.92,27.92,40923,0.0,0.0,0.0,0.0229,0.0204
2016-02-12,泰格医药,sz300347,28.0,27.36,27.36,27.92,27.92,27.92,40923,0.0,0.0,0.0,0.0229,0.0204
2016-02-15,泰格医药,sz300347,28.75,26.73,26.9,28.6,27.92,28.6,35162,0.0,0.0,0.0,0.0723,0.0631
2016-02-16,泰格医药,sz300347,0.0,0.0,0.0,0.0,28.6,0.0,0,0.0,0.0,0.0,0.0,0.0
2016-02-17,泰格医药,sz300347,0.0,0.0,0.0,0.0,0.0,0.0,0,0.0,0.0,0.0,0.0,0.0
2016-02-18,泰格医药,sz300347,0.0,0.0,0.0,0.0,0.0,0.0,0,0.0,0.0,0.0,0.0,0.0
2016-02-19,泰格医药,sz300347,0.0,0.0,0.0,0.0,0.0,0.0,0,0.0,0.0,0.0,0.0,0.0
2016-02-22,泰格医药,sz300347,0.0,0.0,0.0,0.0,0.0,0.0,0,0.0,0.0,0.0,0.0,0.0
2016-02-23,泰格医药,sz300347,0.0,0.0,0.0,0.0,0.0,0.0,0,0.0,0.0,0.0,0.0,0.0
2016-02-24,泰格医药,sz300347,0.0,0.0,0.0,0.0,0.0,0.0,0,0.0,0.0,0.0,0.0,0.0
2016-02-25,泰格医药,sz300347,0.0,0.0,0.0,0.0,0.0,0.0,0,0.0,0.0,0.0,0.0,0.0
2016-02-26,泰格医药,sz300347,0.0,0.0,0.0,0.0,0.0,0.0,0,0.0,0.0,0.0,0.0,0.0
2016-02-29,泰格医药,sz300347,0.0,0.0,0.0,0.0,0.0,0.0,0,0.0,0.0,0.0,0.0,0.0
2016-03-01,泰格医药,sz300347,0.0,0.0,0.0,0.0,0.0,0.0,0,0.0,0.0,0.0,0.0,0.0
2016-03-02,泰格医药,sz300347,0.0,0.0,0.0,0.0,0.0,0.0,0,0.0,0.0,0.0,0.0,0.0
2016-03-03,泰格医药,sz300347,0.0,0.0,0.0,0.0,0.0,0.0,0,0.0,0.0,0.0,0.0,0.0
2016-03-04,泰格医药,sz300347,0.0,0.0,0.0,0.0,0.0,0.0,0,0.0,0.0,0.0,0.0,0.0
2016-03-07,泰格医药,sz300347,0.0,0.0,0.0,0.0,0.0,0.0,0,0.0,0.0,0.0,0.0,0.0
2016-03-08,泰格医药,sz300347,0.0,0.0,0.0,0.0,0.0,0.0,0,0.0,0.0,0.0,0.0,0.0
2016-03-09,泰格医药,sz300347,0.0,0.0,0.0,0.0,0.0,0.0,0,0.0,0.0,0.0,0.0,0.0
2016-03-10,泰格医药,sz300347,0.0,0.0,0.0,0.0,0.0,0.0,0,0.0,0.0,0.0,0.0,0.0
2016-03-11,泰格医药,sz300347,0.0,0.0,0.0,0.0,0.0,0.0,0,0.0,0.0,0.0,0.0,0.0
2016-03-14,泰格医药,sz300347,0.0,0.0,0.0,0.0,0.0,0.0,0,0.0,0.0,0.0,0.0,0.0
2016-03-15,泰格医药,sz300347,0.0,0.0,0.0,0.0,0.0,0.0,0,0.0,0.0,0.0,0.0,0.0
2016-03-16,泰格医药,sz300347,0.0,0.0,0.0,0.0,0.0,0.0,0,0.0,0.0,0.0,0.0,0.0
2016-03-17,泰格医药,sz300347,0.0,0.0,0.0,0.0,0.0,0.0,0,0.0,0.0,0.0,0.0,0.0
2016-03-18,泰格医药,sz300347,0.0,0.0,0.0,0.0,0.0,0.0,0,0.0,0.0,0.0,0.0,0.0
2016-03-21,泰格医药,sz300347,0.0,0.0,0.0,0.0,0.0,0.0,0,0.0,0.0,0.0,0.0,0.0
2016-03-22,泰格医药,sz300347,0.0,0.0,0.0,0.0,0.0,0.0,0,0.0,0.0,0.0,0.0,0.0
2016-03-23,泰格医药,sz300347,0.0,0.0,0.0,0.0,0.0,0.0,0,0.0,0.0,0.0,0.0,0.0
2016-03-24,泰格医药,sz300347,0.0,0.0,0.0,0.0,0.0,0.0,0,0.0,0.0,0.0,0.0,0.0
2016-03-25,泰格医药,sz300347,30.1,27.68,30.0,28.3,0.0,28.3,140417,0.0,0.0,0.0,0.0,-0.0566
